Model Setup for Atypical Patient 9:
ITERS=2000
LEARNING_RATE=0.001
OPT_RESET=500
ATOL=1e-09
RTOL=1e-07
METHOD=dopri5
Input channels=2
Hidden channels=11
Output channels=2
Runtime=424.23650193214417Optimizer=Adam (
Parameter Group 0
    amsgrad: False
    betas: (0.9, 0.999)
    capturable: False
    differentiable: False
    eps: 1e-08
    foreach: None
    fused: None
    lr: 0.001
    maximize: False
    weight_decay: 0
)Loss over time=[1912.7755218963423, 1889.0502809024272, 1865.4535035701092, 1841.9889034927437, 1818.6590268687435, 1795.4649468198522, 1772.4061416299417, 1749.4806992973397, 1726.6858498888628, 1704.018304562781, 1681.4742264321358, 1659.0489227467658, 1636.7367091614685, 1614.530902295027, 1592.423568785983, 1570.7504677526695, 1550.334391502143, 1529.9215095221787, 1509.5127365468686, 1489.1078972221433, 1468.705670491663, 1448.3042932694264, 1427.9011155773494, 1407.4926535807651, 1387.075070758697, 1366.6441785122033, 1346.1956850701483, 1325.7247419014368, 1305.2266852432017, 1284.6969111983585, 1264.1308319141926, 1243.5243395498753, 1222.8735168068802, 1202.1754968138755, 1181.4270748466552, 1160.6260681947317, 1139.770980586816, 1118.8603471699969, 1097.893619095374, 1076.8704248087108, 1055.7914066706448, 1034.7086132087366, 1013.7201728273412, 992.6944219500091, 971.6347013722451, 950.5438912588047, 929.4276860085133, 908.2901826878104, 887.15911179365, 866.0645600186137, 844.9720821623966, 823.878867253165, 802.793492907517, 781.7218688123139, 760.6691156613033, 739.6408401396943, 718.6452229527108, 697.6883376055922, 676.7754344859204, 655.9163562846953, 635.1155296883375, 614.3816417277419, 593.7211496004591, 573.1479058659, 552.6691908183288, 532.2973177608202, 512.049725229997, 491.941441464559, 471.9949052675789, 452.2319353344949, 432.6784958276397, 413.36497822395506, 394.3228483390623, 375.59128892218035, 357.2071671005558, 339.2133317260886, 321.64098834791855, 304.51061837625815, 287.82511413211853, 271.5423360433793, 255.4750799077359, 239.3440983469318, 222.9219530954746, 206.20434499374184, 189.39932717339752, 172.81498849814386, 156.70126058445078, 141.23418184045025, 126.5017719731879, 112.51234528288172, 99.2367468006882, 86.6521824668173, 74.75864077551459, 63.58599912181341, 53.19788872613805, 43.67727370534255, 35.112943352599274, 27.582333325825633, 21.132202865468717, 15.761412383343151, 11.413477355968611, 7.986995401845626, 5.373619343563589, 3.473152317088233, 2.202466709799937, 1.4994690727155229, 1.2982893013389545, 1.51413051252855, 2.040822420391757, 2.7598074101840164, 3.555099822757538, 4.32826521074955, 5.007768218845985, 5.550488934444538, 5.937372510325286, 6.166327738930639, 6.245053246305647, 6.185802395818541, 6.003019127521778, 5.713337428654587, 5.336567229658642, 4.896174450294986, 4.41838254351654, 3.9299462102729237, 3.4553061782079864, 3.0140443753116126, 2.619385866334142, 2.278086567223534, 1.991573022119537, 1.7576967569266082, 1.5727431014438196, 1.4332015146679795, 1.3353289074496464, 1.2746814153891644, 1.2463461322682, 1.2441475490227583, 1.2611912084164012, 1.2904644355522426, 1.3255527391218218, 1.3614869062711057, 1.3949177421076981, 1.423946373244499, 1.447634818183545, 1.4655438518417534, 1.4771791113229127, 1.4823185975213855, 1.4806928713483876, 1.472622451488703, 1.4588071379136751, 1.4405550744308238, 1.4193595238753347, 1.396702533604009, 1.3739848153422727, 1.3519241032380465, 1.3312400793910983, 1.3123132939492792, 1.2952943269786905, 1.2804667985542022, 1.268027148079247, 1.2581729522168013, 1.250930373726427, 1.2461216904370387, 1.243391168597228, 1.2422867643184066, 1.2423637610522626, 1.2432428211280693, 1.244645854164245, 1.2463706325639992, 1.2482544922789465, 1.2501398387095768, 1.2518520004403533, 1.2532304202346056, 1.2541586821119897, 1.2545886375216733, 1.2545431748919331, 1.2540970285908026, 1.2533461470245975, 1.2523801484473647, 1.2512683881229865, 1.2500615479695483, 1.2488026489831545, 1.2475379941502611, 1.2463207243803451, 1.245205309808415, 1.2442368433661841, 1.2434415304238435, 1.2428234212862415, 1.2423685452569713, 1.242053647692957, 1.2418548969835113, 1.241752743952695, 1.2417318190530897, 1.2417777766517195, 1.241876566180558, 1.2420001143480008, 1.2421340103929026, 1.2422591608678228, 1.2423621528772768, 1.2424362704968124, 1.2424805257795997, 1.2424972759584194, 1.2424897732219193, 1.2424607629367026, 1.242412464311811, 1.2423474508940282, 1.242269544457104, 1.2421839993841808, 1.2420968064805014, 1.2420135070518976, 1.2419381535734777, 1.2418728963448573, 1.2418192201396048, 1.241771833382077, 1.2417369165415566, 1.2417114831341944, 1.2416949458260957, 1.2416865103721115, 1.241684881667373, 1.241688296447692, 1.2416948399949925, 1.2417028483220292, 1.241711244141573, 1.2417190384728334, 1.2417182313351232, 1.2417472165025933, 1.2417215145950034, 1.2417272371500254, 1.2417206810243522, 1.2417137175735784, 1.241705122788131, 1.2416953436395362, 1.2416848876703037, 1.2416759809035205, 1.241665257393745, 1.241654877179226, 1.2416450732412025, 1.2416361079149965, 1.2416247300641479, 1.2416190000763052, 1.2416036611138004, 1.241592557181665, 1.2415813355401661, 1.2415715674371632, 1.2415578931179299, 1.2415259943231043, 1.2415109642569186, 1.2415012130826049, 1.2414903850929913, 1.241475726338232, 1.24145843575819, 1.2414422714707922, 1.241424134359183, 1.241432507760776, 1.2414206800717233, 1.2414167748498615, 1.241413038380404, 1.2414095157016518, 1.2414062541677753, 1.241403310554648, 1.2414007435814198, 1.2414119012932288, 1.2414017830939317, 1.2414101330683747, 1.2414126523596023, 1.2414108427266868, 1.2414049944302468, 1.2413935758274102, 1.2414078874331407, 1.2413911296997073, 1.2413910064526683, 1.241391053711939, 1.2413912168359025, 1.2413914266745385, 1.2413916150368633, 1.2413917251161335, 1.2413917151224778, 1.2413915574046286, 1.241391236371493, 1.2413907471441537, 1.2413900947203909, 1.2413892925192864, 1.2413883597387907, 1.24138731824182, 1.2413861902799315, 1.2413849979099503, 1.241383763603409, 1.2413825106864718, 1.2413812623687335, 1.2413800392352603, 1.2413788563285317, 1.2413777213691701, 1.241376635152988, 1.2413755939363993, 1.2413745926499373, 1.2413736274546183, 1.2413726967632763, 1.2413718007214483, 1.2413709399205244, 1.2413701141765996, 1.2413693218773927, 1.2413685599468705, 1.2413678241281385, 1.2413671092588117, 1.2413664095007713, 1.241365718567736, 1.241365030075679, 1.241364337973048, 1.2413636369275969, 1.2413629225270142, 1.2413621912490784, 1.2413614403178352, 1.241360667606777, 1.2413598717072427, 1.2413590521019946, 1.2413582093357765, 1.241357345040668, 1.2413564617393489, 1.2413555625263764, 1.241354650728404, 1.2413537296720045, 1.2413528025809077, 1.241351872551884, 1.2413509425393838, 1.241350015291799, 1.241349093234186, 1.2413481783463147, 1.241347272075695, 1.2413463752873843, 1.2413454882737243, 1.2413446107919717, 1.2413437421228735, 1.241342881164997, 1.2413420265478234, 1.2413411767541733, 1.241340330233629, 1.241339485503851, 1.2413386411799094, 1.2413377959940575, 1.2413369487900106, 1.2413360985117732, 1.241335244225502, 1.2413343851407965, 1.2413335206342309, 1.2413326502694397, 1.2413317738047653, 1.2413308911914724, 1.241330002572552, 1.2413291082691968, 1.2413282087632944, 1.2413273046742708, 1.2413263967149957, 1.2413254856504476, 1.241324572253121, 1.241323657257615, 1.2413227413294075, 1.241321825036377, 1.2413209088326225, 1.2413199930547607, 1.2413190779239565, 1.2413181635530606, 1.2413172499671818, 1.2413163371171398, 1.2413154248974978, 1.2413145131504653, 1.2413136016789623, 1.2413126902454066, 1.2413117785799914, 1.2413108663868833, 1.2413099533505028, 1.2413090391564239, 1.241308123503149, 1.2413072061184836, 1.241306286769151, 1.2413053652730823, 1.2413044415064194, 1.2413035154025645, 1.2413025869508834, 1.2413016561943182, 1.2413007232155029, 1.2412997881232366, 1.2412988510505096, 1.2412979121347438, 1.2412969715190818, 1.2412960293460225, 1.241295085748167, 1.2412941408510394, 1.2412931947661503, 1.241292247594071, 1.2412912994219498, 1.241290350318579, 1.2412894003386008, 1.2412884495129943, 1.241287497853942, 1.2412865453496924, 1.241285591965609, 1.2412846376531095, 1.2412836823469204, 1.2412827259782793, 1.241281768473246, 1.2412808097567274, 1.2412798497665365, 1.2412788884438297, 1.2412779257419377, 1.241276961626687, 1.2412759960739406, 1.2412750290661296, 1.2412740605963344, 1.2412730906655265, 1.241272119281919, 1.2412711464596358, 1.2412701722177764, 1.2412691965820446, 1.2412682195813391, 1.2412672412455599, 1.241266261608837, 1.2412652807080742, 1.24126429857792, 1.2412633152419619, 1.2412623307244943, 1.2412613450432743, 1.2412603582131516, 1.2412593702387307, 1.2412583811174354, 1.2412573908490137, 1.241256399422272, 1.2412554068264605, 1.241254413049538, 1.241253418079535, 1.2412524219034131, 1.2412514245077106, 1.241250425879497, 1.2412494260131348, 1.2412484248947564, 1.241247422519321, 1.2412464188800414, 1.241245413969583, 1.2412444077879499, 1.241243400333724, 1.2412423916083817, 1.2412413816196823, 1.2412403703737336, 1.2412393578791083, 1.2412383441462518, 1.2412373291860859, 1.241236313009903, 1.2412352956234973, 1.2412342770356952, 1.241233257252104, 1.2412322362811705, 1.2412312141262536, 1.241230190787166, 1.2412291662680686, 1.241228140568068, 1.2412271136864852, 1.2412260856235529, 1.2412250563804867, 1.2412240259548037, 1.241222994346794, 1.241221961548243, 1.241220927557169, 1.2412198923724929, 1.2412188559935102, 1.241217818416635, 1.24121677964082, 1.241215739666367, 1.2412146984965442, 1.2412136561311933, 1.241212612569341, 1.2412115678139959, 1.241210521870883, 1.2412094747428086, 1.2412084264280678, 1.2412073769311143, 1.2412063262565356, 1.2412052744049962, 1.2412042213790897, 1.2412031671826158, 1.241202111821869, 1.2412010552955113, 1.2411999976089136, 1.2411989387643025, 1.2411978787602196, 1.2411968176015291, 1.2411957552847446, 1.2411946918101942, 1.2411936271781967, 1.2411925613920889, 1.241191494448791, 1.2411904263490052, 1.2411893570901908, 1.241188286672744, 1.2411872150973098, 1.2411861423650825, 1.241185068477568, 1.241183993438667, 1.2411829172503546, 1.2411818399140808, 1.2411807614291641, 1.2411796817976692, 1.2411786010203985, 1.241177519102555, 2.0585342048958286, 1.2728399976700964, 1.8714741735025653, 1.7066226740566774, 1.3012788594309241, 1.313648859801225, 1.5656755393918667, 1.5389608841789906, 1.3277194260098286, 1.2501867878835553, 1.3479829361998843, 1.435305888030464, 1.3888255926429154, 1.2843533282182997, 1.2522122390849186, 1.3081396236823992, 1.3530529739062664, 1.3242683328098803, 1.267376499662073, 1.2532498808829453, 1.2846353405065833, 1.306477665717222, 1.2879463132863491, 1.256867480667964, 1.2524947313503754, 1.271653667613305, 1.2799782715695434, 1.2650518296754487, 1.2494505818987245, 1.2525653522193503, 1.2640818120052417, 1.263723209739258, 1.251916687716716, 1.2460178960673476, 1.2523278898508747, 1.257937545898163, 1.2528556263181239, 1.245052044890294, 1.2457783043492954, 1.2517080515594954, 1.2519705246483481, 1.2459744083981823, 1.2430773262465282, 1.2467184449621735, 1.24958428796728, 1.2465945588025222, 1.2427936998257023, 1.2438635896135017, 1.246881116895909, 1.2462809566671114, 1.2432373023037009, 1.2427317279162529, 1.2448314811913048, 1.2453392360495983, 1.2434549181156285, 1.2425173574349986, 1.2436699854117133, 1.244358343514449, 1.2433465832926138, 1.2425475313508034, 1.2431215111178568, 1.2436265056117008, 1.2430723182642418, 1.24256630021285, 1.242886761569513, 1.2431579018830183, 1.2428026365714333, 1.2425390582003433, 1.2427665573349067, 1.2428691599600554, 1.2425981072434882, 1.2424950333335574, 1.2426826760443737, 1.2426809033070592, 1.242465025291372, 1.2424573695741243, 1.2426069169329241, 1.2425474565277699, 1.2423864612817963, 1.2424309856911242, 1.2425336522051063, 1.2424482550540394, 1.2423454356991135, 1.242410261072972, 1.242462669609682, 1.242376104562917, 1.2423269323796513, 1.2423877091517872, 1.242396807881464, 1.2423277275314364, 1.2423183422494146, 1.242358714718227, 1.242340457233626, 1.242298667603388, 1.242309368570775, 1.2423237817868504, 1.2422973415886618, 1.2422816567784523, 1.2422936656151322, 1.2422876636914861, 1.242267926441558, 1.2422680687395422, 1.2422703729932794, 1.2422560646448515, 1.2422482661955987, 1.2422512724795938, 1.2422434122320498, 1.242231822352551, 1.2422318135537618, 1.2422294656773434, 1.242218045422321, 1.2422131620012238, 1.2422132824046543, 1.2422053633048882, 1.2421968747493644, 1.2421956294789844, 1.242191558031452, 1.242182708587028, 1.242178456590975, 1.242176004861048, 1.2421689716533257, 1.2421626923640727, 1.2421596817990894, 1.242154459597777, 1.2421478232621361, 1.2421436060640563, 1.2421391568144202, 1.2421330068006997, 1.2421279894987776, 1.24212354646089, 1.2421178805156812, 1.2421125596914395, 1.2421079222383176, 1.2421025020474992, 1.242097076530669, 1.2420922855017464, 1.2420869902560918, 1.2420814889447804, 1.2420765641413523, 1.2420713702926458, 1.2420658221044718, 1.2420607364249583, 1.2420556111699836, 1.242050076853712, 1.2420448266680124, 1.242039703691332, 1.2420342244044291, 1.2420288490395186, 1.2420236655296213, 1.242018238222685, 1.2420127944547152, 1.2420075236969292, 1.2420021157290897, 1.2419966424892674, 1.2419912897665037, 1.2419858676870548, 1.2419803789396888, 1.2419749636922237, 1.2419695087612732, 1.2419640010753434, 1.2419585388341758, 1.2419530462287218, 1.2419475126539117, 1.2419420114754807, 1.2419364834215274, 1.2419309195343837, 1.2419253810620048, 1.2419198201632913, 1.2419142255177131, 1.2419086500553966, 1.241903057494814, 1.2418974332660817, 1.2418918212685148, 1.2418861967517092, 1.2418805442931118, 1.2418748974643512, 1.2418692406301175, 1.2418635604412502, 1.2418578806424667, 1.241852191537455, 1.2418464836931389, 1.24184077282833, 1.2418350521485322, 1.241829316416875, 1.2418235757546212, 1.2418178245560656, 1.2418120609977472, 1.241806291569663, 1.2418005110229098, 1.2417947197999806, 1.241788922229828, 1.2417831134422515, 1.2417772950854775, 1.2417714700365117, 1.2417656339750138, 1.241759789000129, 1.2417539370185944, 1.2417480745400222, 1.2417422036519161, 1.2417363254289733, 1.2417304372793752, 1.24172454106041, 1.2417186372365447, 1.2417127241369474, 1.2417068032594756, 1.2417008745784743, 1.2416949371832773, 1.2416889922104577, 1.2416830393664833, 1.2416770783457762, 1.2416711099078022, 1.2416651336229427, 1.2416591495903107, 1.2416531582568604, 1.2416471592183527, 1.2416411528017635, 1.2416351391971174, 1.2416291180844985, 1.2416230898731717, 1.2416170545840468, 1.2416110120455464, 1.2416049626440688, 1.2415989062902697, 1.2415928429498462, 1.2415867729226855, 1.2415806961094733, 1.2415746125760776, 1.2415685219581267, 1.2415624245599395, 1.2415563206780427, 1.2415502104196796, 1.241544093764996, 1.241537970845968, 1.2415318416999221, 1.2415257063614826, 1.241519564947859, 1.2415134174796505, 1.2415072640337554, 1.2415011046873305, 1.2414949394593575, 1.2414887684470874, 1.2414825917050971, 1.2414764092743003, 1.2414702212457778, 1.2414640276531062, 1.2414578285553597, 1.2414516240331057, 1.2414454141233333, 1.2414391988954399, 1.2414329784092022, 1.2414267527074534, 1.2414205218620116, 1.2414142859259023, 1.241408044953065, 1.2414017990058903, 1.2413955481318149, 1.2413892923910872, 1.2413830318408718, 1.241376766533126, 1.2413704965268821, 1.2413642218716816, 1.241357942622692, 1.2413516588371438, 1.2413453705654391, 1.2413390778639553, 1.2413327807838501, 1.2413264793760808, 1.241320173696767, 1.2413138637964634, 1.2413075497277006, 1.2413012315424596, 1.2412949092900312, 1.2412885830234666, 1.2412822527936933, 1.2412759186509499, 1.2412695806459597, 1.2412632388274767, 1.2412568932461527, 1.241250543951873, 1.2412441909937406, 1.2412378344209072, 1.241231474281227, 1.2412251106236474, 1.2412187434967867, 1.2412123729484696, 1.2412059990265794, 1.2411996217778816, 1.2411932412498, 1.2411868574896854, 1.2411804705441434, 1.241174080459698, 1.24116768728216, 1.2411612910574772, 1.2411548918317232, 1.2411484896503375, 1.2411420845585568, 1.2411356766010897, 1.2411292658226591, 1.241122852267997, 1.241116435981401, 1.2411100170068983, 1.241103595388042, 1.2410971711683947, 1.2410907443914387, 1.2410843151002886, 1.241077883337795, 1.2410714491464165, 1.2410650125685445, 1.2410585736464788, 1.241052132422184, 1.2410456889373522, 1.2410392432333497, 1.2410327953514388, 1.2410263453327837, 1.2410198932181764, 1.2410134390482235, 1.2410069828631998, 1.2410005247032883, 1.24099406460849, 1.240987602618567, 1.2409811387729701, 1.240974673110931, 1.240968205671549, 1.240961736493773, 1.240955265616227, 1.2409487930773524, 1.2409423189153348, 1.240935843168199, 1.240929365873821, 1.240922887069814, 1.2409164067935414, 1.2409099250821207, 1.2409034419722624, 1.2408969575007809, 1.2408904717042504, 1.240883984619049, 1.2408774962813143, 1.240871006727055, 1.2408645159920824, 1.2408580241119878, 1.2408515311221153, 1.2408450370576505, 1.2408385419536458, 1.2408320458448934, 1.2408255487659938, 1.2408190507513404, 1.2408125518351845, 1.240806052051535, 1.240799551434287, 1.2407930500170794, 1.2407865478333415, 1.2407800449163993, 1.2407735412993013, 1.240767037015, 1.2407605320961934, 1.2407540265754247, 1.2407475204850338, 1.2407410138572315, 1.2407345067239617, 1.240727999117065, 1.2407214910681494, 1.2407149826086656, 1.2407084737699288, 1.2407019645829822, 1.240695455078741, 1.2406889452879555, 1.240682435241197, 1.240675924968876, 1.2406694145011443, 1.2406629038680912, 1.2406563930995806, 1.2406498822252916, 1.2406433712747755, 1.240636860277348, 1.2406303492622333, 1.2406238382584218, 1.2406173272947927, 1.2406108164000191, 1.24060430560258, 1.2405977949308584, 1.240591284413039, 1.2405847740771199, 1.2405782639509624, 1.240571754062271, 1.2405652444385693, 1.2405587351072116, 1.240552226095422, 1.2405457174302337, 1.2405392091385326, 1.2405327012470622, 1.2405261937823886, 1.2405196867708843, 1.240513180238856, 1.2405066742123743, 1.2405001687173898, 1.2404936637797, 1.2404871594248879, 1.2404806556785068, 1.2404741525658218, 1.2404676501120433, 1.2404611483421848, 1.240454647281105, 1.2404481469535262, 1.24044164738403, 1.2404351485970277, 1.2404286506168194, 1.2404221534674968, 1.2404156571730474, 1.2404091617573216, 1.2404026672439796, 1.2403961736565743, 1.2403896810184958, 1.240383189353019, 1.2403766986831941, 1.2403702090320599, 1.2403637204223612, 1.2403572328768504, 1.240350746418023, 1.2403442610683078, 1.2403377768499324, 1.2403312937850357, 1.240324811895588, 1.240318331203453, 1.2403118517303116, 1.2403053734977632, 1.2402988965272017, 1.2402924208399537, 1.2402859464571605, 1.2402794733998679, 1.2402730016889612, 1.2402665313451926, 1.2402600623892004, 1.2402535948414533, 1.2402471287223489, 1.2402406640520967, 1.2402342008508116, 1.2402277391384444, 1.2402212789348468, 1.2402148202597258, 1.2402083631326604, 1.2402019075731288, 1.2401954536004451, 1.2401890012337922, 1.2401825504922723, 1.2401761013948174, 1.240169653960253, 1.2401632082072982, 1.2401567641545157, 1.2401503218203478, 1.240143881223128, 1.2401374423810632, 1.2401310053122434, 1.2401245700346128, 1.2401181365660425, 1.2401117049242327, 1.240105275126786, 1.2400988471912007, 1.2400924211348185, 1.2400859969748925, 1.2400795747285527, 1.240073154412804, 1.2400667360445452, 1.2400603196405529, 1.2400539052174664, 1.240047492791846, 1.240041082380137, 1.2400346739986328, 1.2400282676635344, 1.2400218633909492, 1.2400154611968424, 1.2400090610970786, 1.2400026631073993, 1.2399962672434741, 1.239989873520768, 1.239983481954775, 1.2399770925607614, 1.2399707053539253, 1.2399643203493769, 1.2399579375621022, 1.2399515570069177, 1.2399451786986715, 1.2399388026519644, 1.239932428881369, 1.2399260574013093, 1.239919688226144, 1.2399133213701246, 1.2399069568473549, 1.2399005946718646, 1.2398942348575772, 1.239887877418296, 1.2398815223677602, 1.2398751697195736, 1.2398688194872514, 1.2398624716841895, 1.239856126323697, 1.2398497834189863, 1.2398434429831682, 1.2398371050292234, 1.2398307695700805, 1.2398244366185684, 1.2869912670901245, 1.9341703519176179, 1.269943930595633, 1.5180832650476177, 1.6313724999732238, 1.331264778317256, 1.2620807040640025, 1.4447573364069461, 1.4648038142214403, 1.3106538923638948, 1.243778977646374, 1.3340662945779533, 1.3900235491054973, 1.318839573212028, 1.2447864420705974, 1.2694419518500495, 1.3274847831587837, 1.317319857070425, 1.2598614200471852, 1.2426157648210363, 1.2793240035837574, 1.2989744074105287, 1.2694232015779046, 1.240458674820958, 1.2525639754833227, 1.2763476664828053, 1.2696680366641597, 1.2452059617152085, 1.2416293565227823, 1.2587459571578317, 1.2631701601271352, 1.24787741170429, 1.2394338479482245, 1.2487353425019458, 1.255678183449634, 1.2477474536319149, 1.2396016078429772, 1.2439021980596978, 1.2499479199667034, 1.245910318998134, 1.2397908212562876, 1.2419417571939475, 1.2462601314281063, 1.2439020894356916, 1.2396913648456562, 1.2410829112815174, 1.2439947235139253, 1.2422195800477382, 1.2394579523783096, 1.2407167521919313, 1.2425361225451075, 1.240978151465785, 1.2393095189300374, 1.2405218679363417, 1.2414975269289708, 1.2401087423404873, 1.2392966350273653, 1.24038760208949, 1.2406881966056837, 1.23956697853365, 1.2393956570827802, 1.240218696076374, 1.2400458703132486, 1.2393028606161325, 1.2395314955791343, 1.2399787343652553, 1.2395794941497649, 1.2392578019631033, 1.2396108886780406, 1.2396879676622767, 1.2393138298086368, 1.2393309306484677, 1.2395780571361188, 1.2394208410559147, 1.2392378658379621, 1.2394033083626577, 1.2394471559341163, 1.239257176887545, 1.239274388204546, 1.239395596444782, 1.2392987766346741, 1.239219051672906, 1.2393148665521123, 1.2393132227961223, 1.2392154316313215, 1.2392478764297197, 1.2392945342087172, 1.239227951340967, 1.2392105675767293, 1.2392601267605354, 1.2392336314258203, 1.2391963185178028, 1.2392275419332257, 1.2392279442238496, 1.2391919452209754, 1.239203736031931, 1.239215622970231, 1.239188986806547, 1.2391877581253483, 1.2392015917785484, 1.2391847047219144, 1.2391766440473326, 1.2391881848768913, 1.2391789234909172, 1.2391682484839386, 1.2391760630821869, 1.2391719592024215, 1.239161274032831, 1.2391653741264004, 1.2391641697206461, 1.2391548443220237, 1.239156015013063, 1.2391559630919238, 1.2391483949168514, 1.2391476841704068, 1.2391477277455238, 1.2391416921568474, 1.2391399829632206, 1.2391396733866904, 1.2391347381348352, 1.239132584978842, 1.2391318449527509, 1.239127626623682, 1.2391252947741007, 1.2391241790307845, 1.239120430323864, 1.2391180289633967, 1.2391166060714869, 1.239113182126845, 1.239110755385334, 1.2391090710758188, 1.239105883614835, 1.2391034585277747, 1.2391015487303014, 1.2390985325005468, 1.23909612232023, 1.2390940203597645, 1.23909112644659, 1.2390887342266317, 1.2390864758798232, 1.2390836678828114, 1.2390812840226317, 1.239078902661744, 1.239076157774546, 1.2390737683463073, 1.239071293571532, 1.2390685965895207, 1.2390661852936116, 1.2390636411610976, 1.239060982410367, 1.2390585369476335, 1.2390559430836925, 1.2390533127682886, 1.2390508242338134, 1.2390481966025562, 1.2390455851241713, 1.2390430503506646, 1.2390404014702538, 1.239037797297758, 1.2390352169572751, 1.2390325562158613, 1.2390299484993856, 1.239027327329527, 1.239024660012779, 1.239022038413182, 1.239019383233616, 1.2390167112262709, 1.2390140685034448, 1.2390113870416533, 1.2390087084852797, 1.2390060403347198, 1.2390033395808333, 1.2390006508452442, 1.2389979567160074, 1.2389952414646486, 1.238992537885951, 1.2389898198048115, 1.238987092388747, 1.2389843704474781, 1.2389816318989355, 1.2389788919366884, 1.238976149717002, 1.2389733941712597, 1.2389706400014662, 1.2389678777453432, 1.2389651073528933, 1.238962336828464, 1.238959556143008, 1.2389567716279752, 1.2389539835690613, 1.2389511864253004, 1.2389483871308657, 1.2389455814803136, 1.2389427693763617, 1.2389399544337432, 1.2389371321413991, 1.2389343055149635, 1.2389314743518884, 1.2389286366455734, 1.2389257953196287, 1.2389229481741078, 1.2389200958630802, 1.2389172394058134, 1.2389143770087934, 1.2389115103917474, 1.238908638778286, 1.238905761880249, 1.238902880831879, 1.2388999944420231, 1.2388971035179728, 1.2388942080202832, 1.2388913074289303, 1.2388884025772526, 1.2388854928521644, 1.2388825785408366, 1.2388796598258045, 1.238876736305167, 1.238873808486553, 1.2388708760832468, 1.238867939198419, 1.2388649980127178, 1.2388620522645206, 1.2388591022714683, 1.2388561478952345, 1.2388531891766765, 1.2388502262644574, 1.2388472589949886, 1.2388442875692554, 1.2388413119294, 1.2388383320963963, 1.2388353481769903, 1.2388323600838544, 1.238829367944582, 1.2388263717372774, 1.2388233714885564, 1.2388203672667364, 1.2388173590328437, 1.238814346876302, 1.2388113307882433, 1.23880831080269, 1.2388052869648762, 1.2388022592629866, 1.238799227763752, 1.2387961924675095, 1.2387931534100587, 1.2387901106233068, 1.238787064113325, 1.2387840139299662, 1.2387809600813784, 1.238777902603092, 1.2387748415183062, 1.2387717768451088, 1.2387687086214723, 1.2387656368611877, 1.2387625615981959, 1.2387594828515265, 1.2387564006455511, 1.2387533150105923, 1.2387502259649308, 1.238747133539225, 1.2387440377519356, 1.238740938629831, 1.2387378361983723, 1.2387347304792564, 1.2387316214993824, 1.2387285092784461, 1.2387253938432494, 1.2387222752165665, 1.2387191534219872, 1.2387160284833643, 1.2387129004220334, 1.2387097692635194, 1.2387066350295728, 1.2387034977441804, 1.2387003574293625, 1.2386972141076225, 1.23869406780274, 1.2386909185365285, 1.2386877663321716, 1.2386846112110215, 1.2386814531959338, 1.2386782923092925, 1.2386751285730246, 1.2386719620092508, 1.2386687926392683, 1.2386656204855244, 1.2386624455695432, 1.2386592679131334, 1.2386560875374828, 1.2386529044639651, 1.2386497187142669, 1.2386465303095315, 1.2386433392709542, 1.2386401456192908, 1.2386369493757075, 1.2386337505611815, 1.2386305491964915, 1.2386273453022483, 1.238624138898938, 1.238620930007266, 1.2386177186476814, 1.2386145048405426, 1.2386112886059217, 1.2386080699640714, 1.2386048489351522, 1.2386016255391985, 1.2385983997960024, 1.238595171725388, 1.238591941347133, 1.2385887086809737, 1.238585473746442, 1.238582236562943, 1.2385789971499146, 1.2385757555267427, 1.2385725117126802, 1.2385692657268261, 1.2385660175882358, 1.2385627673159325, 1.2385595149288968, 1.2385562604459233, 1.2385530038857124, 1.2385497452669603, 1.238546484608298, 1.238543221928242, 1.2385399572452118, 1.238536690577524, 1.2385334219435118, 1.2385301513613745, 1.2385268788492254, 1.2385236044250865, 1.2385203281069552, 1.238517049912735, 1.238513769860244, 1.2385104879671944, 1.2385072042512504, 1.2385039187300177, 1.2385006314210565, 1.2384973423417471, 1.238494051509459, 1.2384907589415175, 1.238487464655142, 1.2384841686674577, 1.238480870995532, 1.2384775716563823, 1.2384742706669425, 1.2384709680440766, 1.238467663804528, 1.238464357965053, 1.2384610505422506, 1.2384577415527351, 1.238454431012992, 1.2384511189394267, 1.238447805348421, 1.2384444902562632, 1.2384411736791825, 1.2384378556333102, 1.2384345361347344, 1.238431215199488, 1.2384278928434853, 1.2384245690826214, 1.238421243932693, 1.2384179174094576, 1.2384145895285672, 1.2384112603056494, 1.2384079297562354, 1.2384045978957958, 1.238401264739738, 1.2383979303034047, 1.2383945946020616, 1.2383912576509308, 1.2383879194651666, 1.2383845800598157, 1.2383812394499158, 1.2383778976503992, 1.2383745546761646, 1.2383712105420366, 1.238367865262762, 1.238364518853035, 1.2383611713274905, 1.2383578227006955, 1.238354472987139, 1.2383511222012764, 1.2383477703574797, 1.2383444174700733, 1.2383410635533165, 1.238337708621385, 1.2383343526884207, 1.2383309957684945, 1.2383276378756038, 1.2383242790236972, 1.238320919226683, 1.2383175584983825, 1.2383141968525229, 1.238310834302867, 1.2383074708630097, 1.238304106546577, 1.2383007413670846, 1.238297375338005, 1.2382940084727296, 1.238290640784638, 1.2382872722870066, 1.238283902993066, 1.2382805329159898, 1.238277162068915, 1.238273790464884, 1.2382704181169006, 1.238267045037935, 1.238263671240831, 1.2382602967384573, 1.2382569215435906, 1.2382535456689197, 1.2382501691271353, 1.238246791930822, 1.238243414092552, 1.2382400356248013, 1.2382366565400134, 1.238233276850578, 1.2382298965688319, 1.238226515707027, 1.2382231342773826, 1.2382197522920844, 1.2382163697632365, 1.2382129867028948, 1.2382096031230438, 1.2382062190356402, 1.2382028344525944, 1.2381994493857382, 1.238196063846863, 1.2381926778476782, 1.238189291399883, 1.2381859045151387, 1.2381825172049659, 1.2381791294809215, 1.2381757413544712, 1.2381723528370507, 1.2381689639399962, 1.2381655746746452, 1.2381621850522504, 1.238158795084052, 1.2381554047811827, 1.2381520141547673, 1.2381486232158836, 1.2381452319755026, 1.2381418404446156, 1.2381384486341265, 1.2381350565548868, 1.2381316642177198, 1.2381282716333544, 1.2381248788125405, 1.2381214857659364, 1.2381180925041178, 1.2381146990376797, 1.2381113053771138, 1.2381079115329086, 1.2381045175154457, 1.2381011233351364, 1.2380977290022686, 1.238094334527135, 1.2380909399199451, 1.2380875451908748, 1.2380841503500575, 1.2380807554075668, 1.238077360373438, 1.2380739652576613, 1.2380705700701762, 1.2380671748208716, 1.2380637795195868, 1.2380603841761304, 1.2380569888002462, 1.238053593401657, 1.2380501979900054, 1.2380468025749032, 1.2380434071659487, 1.2380400117726398, 1.2380366164044514, 1.2380332210708018, 1.238029825781107, 1.2380264305447073, 1.23802303537089, 1.2380196402689032, 1.2380162452479615, 1.2380128503172128, 1.238009455485799, 1.238006060762781, 1.2380026661571888, 1.2379992716780188, 1.2379958773342117, 1.2379924831346307, 1.2379890890881875, 1.2379856952036656, 1.2379823014898454, 1.2379789079554362, 1.23797551460913, 1.2379721214595705, 1.2379687285153549, 1.2379653357850395, 1.237961943277133, 1.2379585510001112, 1.2379551589623987, 1.2379517671723794, 1.3044368803602269, 1.863934105491507, 1.276927114194834, 1.4631428703617546, 1.5811276129545915, 1.315456681287595, 1.2622211374033312, 1.4265832088204056, 1.4259902745463358, 1.2843681503846034, 1.2480909718912019, 1.3403071930106447, 1.3660459098368023, 1.2857124955854544, 1.2389217604045513, 1.2838654908673193, 1.3237247727764472, 1.2897703367457658, 1.2417314734834706, 1.2512884394760417, 1.2883408054841916, 1.2836416761632434, 1.2480171620038816, 1.2400787296857696, 1.2638734519921901, 1.2719479190540524, 1.2512456329604495, 1.2380358265046085, 1.2503979827531557, 1.2607305125832917, 1.249706862492254, 1.2381853335393254, 1.2444349978697316, 1.2528719725169208, 1.2468575000712852, 1.2381276435029016, 1.2415446024434886, 1.2478712889142607, 1.2440651023084692, 1.237848323443704, 1.240234383652747, 1.2445893866442892, 1.241783553203617, 1.2376720045820881, 1.2396572862804363, 1.2423396879141209, 1.2399568584218807, 1.23761843937479, 1.2394705858262585, 1.2407169633953494, 1.2386538242890959, 1.2377122462066092, 1.2393234497798473, 1.239476469509477, 1.2378645692322616, 1.2379255320196199, 1.2390554114310937, 1.2385210329063858, 1.2375621092201405, 1.2381344996886108, 1.2386215980241924, 1.2378728975937816, 1.2376051633540244, 1.2382034855727964, 1.2381165629517932, 1.2375789616860617, 1.2377790868025649, 1.2380615387078129, 1.2377136832387754, 1.2375772462854524, 1.2378692122174275, 1.2377944002754167, 1.2375422330655619, 1.237685506848178, 1.2377857753954564, 1.2375804898135327, 1.2375698230874732, 1.2377155914374143, 1.2376209346941414, 1.237527678825373, 1.2376328614799368, 1.2376285126350715, 1.2375270864520942, 1.2375727457901589, 1.2376102383239054, 1.237534614530448, 1.2375382088970264, 1.2375845406603945, 1.2375383650741332, 1.2375194614083567, 1.237559879357139, 1.2375378926543499, 1.2375100061891138, 1.2375385915169757, 1.2375332220652382, 1.2375058751347856, 1.237522316502149, 1.2375253458402014, 1.2375032020158738, 1.2375110424129878, 1.2375165970906516, 1.2374999023529318, 1.2375029724906093, 1.2375085573332045, 1.2374959719343297, 1.2374964556421946, 1.237501371389837, 1.2374918609579018, 1.2374908622059209, 1.2374947368301634, 1.2374876236223562, 1.2374859679348342, 1.2374885995156417, 1.2374831776597768, 1.2374814769571467, 1.2374829757567272, 1.2374785993690471, 1.2374771032404814, 1.2374777608997494, 1.237474033429998, 1.2374727269429266, 1.237472774928842, 1.2374695368930722, 1.2374683487537983, 1.2374679042978298, 1.2374650836908705, 1.2374639765298951, 1.237463109443444, 1.2374606365802974, 1.237459588158349, 1.2374583826844994, 1.2374561848519852, 1.237455152741781, 1.2374537058797677, 1.2374517299301167, 1.2374506579393263, 1.237449058112035, 1.2374472671958476, 1.2374461057274642, 1.2374444216667768, 1.237442782466719, 1.2374415059830404, 1.2374397894780347, 1.2374382593819255, 1.237436865475235, 1.237435156301779, 1.2374336867118316, 1.237432191181597, 1.2374305160735672, 1.2374290593808701, 1.2374274881233356, 1.23742585867988, 1.237424378703019, 1.2374227617949012, 1.2374211728630733, 1.2374196490226355, 1.2374180144231193, 1.2374164490148987, 1.2374148776214173, 1.2374132451467938, 1.2374116811205769, 1.2374100711337, 1.2374084494080237, 1.2374068684666617, 1.2374052350627502, 1.2374036212146668, 1.2374020137930672, 1.2374003711716304, 1.237398755721973, 1.2373971224181994, 1.2373954782935028, 1.2373938507505178, 1.2373921986741534, 1.2373905532231388, 1.2373889076782054, 1.2373872449575791, 1.2373855929988637, 1.23738392949071, 1.2373822608117337, 1.2373805967027935, 1.2373789193346334, 1.2373772444011535, 1.2373755654032386, 1.2373738785348543, 1.2373721942776283, 1.2373705014510479, 1.2373688067647555, 1.2373671103479267, 1.2373654065469748, 1.2373637030547575, 1.2373619940220602, 1.237360281228371, 1.2373585669884897, 1.237356846792405, 1.2373551250933594, 1.237353399327199, 1.237351669537354, 1.2373499378154262, 1.237348201207503, 1.2373464622721273, 1.2373447198460543, 1.237342973514085, 1.2373412248647258, 1.2373394720508357, 1.2373377164812809, 1.2373359576615832, 1.2373341952188686, 1.2373324301403186, 1.2373306613458506, 1.2373288896789347, 1.2373271148280245, 1.2373253365935468, 1.2373235555783852, 1.2373217711190505, 1.2373199837541988, 1.2373181932716093, 1.2373163995935654, 1.237314603050286, 1.2373128032685798, 1.2373110005960781, 1.2373091948537083, 1.2373073860693635, 1.2373055743970562, 1.2373037596317633, 1.2373019420076505, 1.237300121380468, 1.2372982978203677, 1.2372964713828958, 1.237294641978288, 1.2372928097450997, 1.237290974583135, 1.2372891365773029, 1.2372872957237215, 1.2372854520064662, 1.237283605498368, 1.2372817561392486, 1.2372799040041491, 1.2372780490702586, 1.237276191358105, 1.2372743308953595, 1.2372724676616371, 1.2372706017074826, 1.2372687330126997, 1.237266861611562, 1.237264987506389, 1.2372631107040823, 1.237261231232243, 1.2372593490832928, 1.2372574642874397, 1.2372555768410303, 1.237253686763527, 1.2372517940660612, 1.2372498987553002, 1.2372480008501765, 1.2372461003515496, 1.23724419728002, 1.2372422916401626, 1.2372403834462575, 1.2372384727082608, 1.2372365594342505, 1.2372346436393853, 1.2372327253296844, 1.2372308045197018, 1.2372288812159302, 1.2372269554308277, 1.2372250271742515, 1.237223096455637, 1.2372211632863221, 1.2372192276738916, 1.2372172896306248, 1.2372153491645557, 1.237213406286601, 1.2372114610053542, 1.2372095133305019, 1.2372075632720292, 1.237205610838657, 1.23720365604038, 1.2372016988852639, 1.237199739383433, 1.2371977775434155, 1.237195813374528, 1.2371938468853165, 1.237191878084522, 1.2371899069812484, 1.237187933583834, 1.237185957901168, 1.2371839799412578, 1.2371819997129472, 1.2371800172244087, 1.2371780324840833, 1.237176045499962, 1.2371740562801834, 1.2371720648329527, 1.2371700711662064, 1.2371680752878427, 1.2371660772055548, 1.2371640769272914, 1.2371620744606766, 1.237160069813389, 1.2371580629928731, 1.2371560540066102, 1.2371540428620817, 1.237152029566625, 1.23715001412747, 1.237147996551761, 1.2371459768467057, 1.2371439550193222, 1.2371419310766334, 1.2371399050254843, 1.2371378768727697, 1.2371358466252782, 1.2371338142897246, 1.2371317798727217, 1.2371297433808401, 1.237127704820624, 1.2371256641985136, 1.2371236215208548, 1.2371215767939445, 1.2371195300240485, 1.2371174812173356, 1.2371154303799394, 1.2371133775178362, 1.2371113226370378, 1.2371092657434601, 1.2371072068429578, 1.237105145941265, 1.2371030830441259, 1.237101018157184, 1.2370989512860349, 1.2370968824361852, 1.2370948116130827, 1.2370927388221322, 1.2370906640686814, 1.237088587357949, 1.2370865086951623, 1.237084428085464, 1.2370823455339133, 1.237080261045533, 1.237078174625269, 1.2370760862780055, 1.2370739960085788, 1.2370719038217428, 1.2370698097221877, 1.2370677137145492, 1.2370656158034399, 1.237063515993342, 1.2370614142887246, 1.2370593106939543, 1.237057205213407, 1.2370550978513144, 1.2370529886119102, 1.2370508774993414, 1.237048764517698, 1.2370466496710142, 1.2370445329632345, 1.2370424143982994, 1.2370402939800291, 1.2370381717122465, 1.2370360475986657, 1.2370339216429649, 1.2370317938487547, 1.237029664219586, 1.2370275327589537, 1.2370253994702964, 1.2370232643570138, 1.2370211274223832, 1.2370189886696998, 1.2370168481021444, 1.237014705722889, 1.2370125615349805, 1.237010415541504, 1.237008267745386, 1.2370061181495677, 1.2370039667568804, 1.2370018135701353, 1.236999658592098, 1.236997501825433, 1.236995343272769, 1.2369931829366914, 1.236991020819703, 1.236988856924269, 1.236986691252789, 1.2369845238076118, 1.2369823545910372, 1.2369801836052896, 1.236978010852553, 1.236975836334931, 1.2369736600545225, 1.2369714820133104, 1.2369693022132837, 1.2369671206563075, 1.2369649373442584, 1.2369627522788975, 1.2369605654619902, 1.236958376895204, 1.236956186580132, 1.2369539945184032, 1.236951800711477, 1.2369496051608684, 1.236947407867946, 1.2369452088340813, 1.2369430080605672, 1.2369408055486233, 1.2369386012994843, 1.2369363953142396, 1.2369341875940185, 1.236931978139811, 1.2369297669526047, 1.2369275540333116, 1.236925339382812, 1.2369231230019115, 1.2369209048913685, 1.2369186850518992, 1.2369164634841425, 1.236914240188709, 1.2369120151661313, 1.2369097884169078, 1.2369075599414847, 1.236905329740257, 1.2369030978135358, 1.2369008641616248, 1.2368986287847212, 1.2368963916830487, 1.2368941528566941, 1.2368919123057498, 1.2368896700302185, 1.236887426030072, 1.2368851803052185, 1.2368829328555409, 1.2368806836808153, 1.2368784327808282, 1.2368761801552741, 1.2368739258038033, 1.2368716697259996, 1.2368694119214658, 1.2368671523896473, 1.2368648911299998, 1.2368626281419277, 1.2368603634247803, 1.2368580969778427, 1.2368558288003282, 1.236853558891459, 1.236851287250356, 1.2368490138760946, 1.2368467387677133, 1.236844461924212, 1.2368421833444905, 1.2368399030274597, 1.2368376209719245, 1.236835337176659, 1.236833051640412, 1.2368307643618375, 1.236828475339555, 1.2368261845721575, 1.2368238920581511, 1.236821597796016, 1.2368193017841638, 1.2368170040209507, 1.236814704504731, 1.23681240323374, 1.2368101002061906, 1.2368077954202823, 1.236805488874098, 1.236803180565715, 1.2368008704931437, 1.2367985586543455, 1.2367962450472392, 1.2367939296696837, 1.2367916125194867, 1.2367892935944063, 1.2367869728921592, 1.2367846504104032, 1.23678232614675, 1.236780000098766, 1.236777672263946, 1.2367753426397468, 1.236773011223596, 1.2367706780128283, 1.2367683430047656, 1.2367660061966577, 1.236763667585713, 1.2367613271690951, 1.2367589849439105, 1.2367566409072135, 1.2367542950560022, 1.2367519473872433, 1.2367495978978322, 1.2367472465846292, 1.2367448934444327, 1.236742538474021, 1.2367401816700776, 1.2367378230292767, 1.2367354625482065, 1.236733100223435, 1.2367307360514475, 1.2367283700287166, 1.2367260021516502, 1.2367236324165949, 1.2367212608198592]