Model Setup for Atypical Patient 13:
ITERS=1000
LEARNING_RATE=0.001
OPT_RESET=500
ATOL=1e-09
RTOL=1e-07
METHOD=dopri5
Input channels=2
Hidden channels=11
Output channels=2
Runtime=22015.416579008102Optimizer=Adam (
Parameter Group 0
    amsgrad: False
    betas: (0.9, 0.999)
    capturable: False
    differentiable: False
    eps: 1e-08
    foreach: None
    fused: None
    lr: 0.001
    maximize: False
    weight_decay: 0
)Loss over time=[2129.7826846653243, 2119.709320269305, 2109.654549779541, 2099.619419607661, 2089.604730203798, 2079.6111058049323, 2069.640775561898, 2059.6941442815414, 2049.7703120884926, 2039.8694612502031, 2029.9916608240535, 2020.136855643237, 2010.3048546787666, 2000.495316418507, 1990.7077269606862, 1980.9413763558862, 1971.195337259968, 1961.468462055717, 1951.7594050135995, 1942.0666620606585, 1932.3886030524225, 1922.723475708427, 1913.0693863480833, 1903.4214675859992, 1893.774584421843, 1884.1296233605356, 1874.484549138013, 1864.8369910585252, 1855.1845562936503, 1845.5248362668399, 1835.8554510435781, 1826.1740594211117, 1816.4783865661418, 1806.7662828480775, 1797.0356667593833, 1787.2846153226862, 1777.5113445001502, 1767.714252350625, 1757.8917449709459, 1748.0424677815788, 1738.1786219579865, 1728.2940442895103, 1718.3800875642885, 1708.435854449047, 1698.4608596037492, 1688.4541254324106, 1678.4158529883412, 1668.343756013614, 1658.238355148157, 1648.0984690281002, 1637.9232916444498, 1627.7121122226586, 1617.463715884817, 1607.1769474520784, 1596.850985400488, 1586.4840505317138, 1576.074502143875, 1565.6203558286527, 1555.1199925856251, 1544.5704866645676, 1533.968843023481, 1523.3140009014749, 1512.600058706469, 1501.8227080149757, 1490.9778954072942, 1480.0579961597664, 1469.0533898672738, 1457.9544704988004, 1446.7432949186377, 1435.4072379129707, 1423.929454130147, 1412.2927768138618, 1400.4776471900439, 1388.4399632374843, 1376.1512578388963, 1363.5616001908136, 1350.6192417540753, 1337.2101064177948, 1322.8357415072446, 1307.0909555343253, 1289.7121145429157, 1270.7153227295335, 1250.2753104530084, 1228.1942502537868, 1204.3145626339888, 1178.2332690605188, 1149.3875606485765, 1117.195123971336, 1081.4046564125993, 1041.5850520100014, 997.2831400641414, 948.021394595863, 893.4435066925645, 833.2738818876777, 767.3704099713945, 695.875389541534, 619.3548513507421, 539.1234730085921, 457.36331936191783, 376.9145674590665, 300.78384378836944, 232.38703188510144, 175.0951164193871, 132.29789682030844, 105.71507638564857, 93.95717555552586, 93.43110094272498, 99.9879070607845, 110.31258637086034, 122.09656131705093, 133.42164480538278, 142.61813280411437, 148.7304768836281, 151.72498912004232, 152.12027893073036, 150.5653522598874, 147.57958371228867, 143.46336928143475, 138.35173019874264, 132.4038204686337, 125.94079336398305, 119.29989465668982, 112.79680871705818, 106.71554909187162, 101.40573034955202, 97.13550335020454, 93.83439713791536, 91.4838002980162, 90.0189230584849, 89.34753389210813, 89.35220269815498, 89.88717455107363, 90.78004815495507, 91.84305760708611, 92.89292135346183, 93.77386443721376, 94.37677105032532, 94.64899090405147, 94.59220763283594, 94.25103920726757, 93.69669470360601, 93.00949416518566, 92.26563390515528, 91.5289248614133, 90.84769991109371, 90.25598364080177, 89.77595055221207, 89.41949534681612, 89.18910047637499, 89.07732522140381, 89.06685185186991, 89.13222034064792, 89.24357115850894, 89.3716100402847, 89.4922422776142, 89.58925074018927, 89.65439063450505, 89.6855354647662, 89.68420437448708, 89.65359314650942, 89.5977850761906, 89.5218457300276, 89.43223479431772, 89.33670340759734, 89.24349272941186, 89.15997864262744, 89.09142351611807, 89.04030768795312, 89.00644438661894, 88.98771729668466, 88.98104696643689, 88.98318828511408, 88.99114724931559, 89.00224845212237, 89.0140474093454, 89.02429733557715, 89.03107388468574, 89.0330179259372, 89.02956188156709, 89.02100291749335, 89.00836335923344, 88.99308288222247, 88.97666015474245, 88.96036994665127, 88.94512936809619, 88.93150858946572, 88.9198206216032, 88.91020976533899, 88.90268879904005, 88.89712569225874, 88.89321909732884, 88.89050777406725, 88.88843424684632, 88.88644692753364, 88.88410090825272, 88.88111847848376, 88.87739267757276, 88.87294551786769, 88.86787033657772, 88.86228696790118, 88.85632280386172, 88.85011389756863, 88.84380952422818, 88.83756574390797, 88.83152475187768, 88.82578857846607, 88.82040054833871, 88.81534379243074, 88.81055674214181, 88.80595721278723, 88.80146407955976, 88.79700922674003, 88.79253922071463, 88.78801159425423, 88.78339188576125, 88.7786547887711, 88.77378845843144, 88.7687981858355, 88.76370585785016, 88.75854428798608, 88.75334859922465, 88.74814836079373, 88.74296339296063, 88.7378038508977, 88.7326729772292, 88.72757006357375, 88.72249192383525, 88.71743276991303, 88.71238363959887, 88.70733271577802, 88.70226706508056, 88.69717521544413, 88.69204937039945, 88.68688627285356, 88.68168653813127, 88.67645308631975, 88.6711896146031, 88.66589975618699, 88.66058696819503, 88.65525471610044, 88.64990645356454, 88.64454519672144, 88.63917288768728, 88.63378994400645, 88.62839528701913, 88.62298684392027, 88.61756225040757, 88.6121194144573, 88.60665674920571, 88.60117311453214, 88.59566765991376, 88.5901397527821, 88.58458904577047, 88.57901559665414, 88.57341990565598, 88.56780279606949, 88.56216517607729, 88.55650779660162, 88.550831113423, 88.54513528759858, 88.53942027582096, 88.53368592713669, 88.5279320285152, 88.52215829915707, 88.51636437619347, 88.5105498351655, 88.504714254531, 88.49885729522319, 88.49297875283428, 88.48707855798203, 88.48115673308494, 88.47521333652877, 88.46924842418439, 88.46326203844389, 88.45725421354155, 88.4512249781173, 88.44517434449145, 88.43910228941363, 88.43300874031534, 88.42689357811282, 88.4207566562276, 88.41459782520525, 88.40841695042417, 88.40221391698493, 88.39598862496236, 88.38974098299276, 88.38347090619379, 88.37717831854947, 88.37086315534405, 88.36452536125098, 88.35816488349506, 88.35178166354486, 88.34537563186329, 88.33894670789594, 88.33249480390826, 88.32601982926668, 88.31952169249062, 88.31300030083436, 88.30645555914741, 88.29988736992506, 88.29329563502849, 88.28668025795193, 88.28004114505568, 88.27337820505797, 88.26669134740224, 88.25998048078772, 88.25324551275061, 88.2464863501897, 88.23970290000963, 88.2328950691147, 88.22606276364883, 88.21920588801281, 88.21232434431307, 88.20541803249426, 88.19848685088559, 88.19153069668748, 88.18454946612873, 88.17754305439603, 88.17051135564441, 88.16345426327182, 88.15637167036725, 88.14926347004929, 88.14212955546077, 88.13496981941859, 88.12778415392118, 88.12057244975027, 88.11333459627426, 88.1060704814036, 88.09877999159265, 88.09146301183766, 88.0841194257141, 88.07674911552013, 88.06935196253006, 88.06192784727453, 88.05447664972867, 88.04699824933674, 88.03949252488987, 88.03195935433443, 88.02439861459321, 88.0168101814309, 88.00919392936224, 88.00154973158782, 87.99387745996547, 87.98617698503546, 87.97844817610488, 87.97069090136675, 87.96290502800444, 87.95509042224064, 87.9472469493146, 87.93937447340831, 87.93147285755323, 87.9235419635419, 87.9155816518633, 87.90759178165493, 87.89957221068188, 87.89152279534711, 87.88344339072904, 87.87533385063631, 87.86719402765742, 87.85902377318371, 87.8508229373982, 87.84259136923306, 87.8343289163105, 87.82603542488431, 87.81771073978975, 87.80935470441035, 87.80096716066511, 87.79254794901196, 87.78409690846901, 87.77561387664177, 87.76709868974369, 87.75855118260027, 87.74997118863239, 87.74135853981993, 87.73271306665622, 87.72403459809809, 87.7153229615281, 87.70657798272214, 87.69779948583701, 87.68898729340728, 87.6801412263535, 87.67126110399214, 87.6623467440385, 87.65339796260137, 87.64441457416196, 87.63539639154236, 87.62634322586459, 87.61725488651742, 87.60813118112375, 87.59897191551542, 87.58977689372165, 87.58054591796163, 87.57127878864331, 87.56197530435966, 87.5526352618812, 87.54325845613967, 87.53384468020128, 87.52439372523803, 87.51490538049187, 87.50537943324541, 87.49581566879264, 87.48621387056333, 87.4765738199554, 87.46689529629629, 87.45717807677093, 87.44742193646753, 87.4376266483922, 87.42779198344475, 87.41791771058928, 87.40800359663777, 87.39804940595694, 87.38805490068417, 87.37801984070244, 87.36794398361981, 87.35782708474949, 87.34766889709283, 87.33746917134415, 87.32722765582572, 87.31694409646448, 87.30661823677377, 87.29624981782014, 87.2858385781917, 87.27538425396565, 87.26488657867976, 87.2543452833062, 87.24376009622586, 87.23313074320377, 87.22245694736225, 87.21173842915279, 87.20097490632337, 87.19016609388505, 87.17931170407567, 87.16841144632387, 87.15746502721544, 87.14647215045812, 87.13543251685125, 87.12434582425185, 87.11321176754433, 87.1020300386064, 87.09080032627263, 87.0795223162984, 87.06819569131561, 87.05682013079605, 87.04539531099381, 87.03392090481407, 87.02239658198873, 87.01082200895638, 86.99919684879688, 86.98752076119058, 86.97579340237762, 86.96401442511328, 86.95218347861956, 86.94030020854353, 86.92836425690975, 86.91637526207059, 86.90433285865603, 86.89223667753144, 86.8800863457465, 86.86788148648719, 86.85562171902536, 86.84330665866598, 86.83093591669433, 86.8185091003196, 86.80602581262005, 86.79348565248418, 86.7808882145548, 86.76823308916927, 86.75551986230214, 86.74274811550457, 86.7299174258426, 86.71702736583376, 86.70407750338221, 86.69106740171179, 86.67799661930033, 86.66486470980534, 86.65167122199522, 86.63841569967994, 86.62509768163585, 86.6117167015337, 86.59827228786128, 86.58476396384623, 86.57119124737174, 86.55755365089712, 86.54385068137542, 86.5300818401659, 86.51624662294758, 86.5023445196299, 86.48837501426145, 86.47433758493668, 86.46023170357029, 86.44605683571314, 86.43181244101643, 86.41749797280127, 86.40311287793331, 86.3886565967144, 86.37412856277282, 86.35952820295176, 86.34485493719222, 86.33010817841684, 86.31528733240792, 86.30039179768268, 86.45168385825959, 86.591869973419, 86.36343160686478, 86.13068940124928, 86.32905330403854, 86.24059970114992, 86.04367175596727, 86.07827668589452, 86.1460538586704, 86.02510815618757, 85.921095145091, 85.95167967491233, 85.96338712241365, 85.87528599777642, 85.7969966621656, 85.80454723359115, 85.80204297182996, 85.72593949348123, 85.66314187415914, 85.65760885766124, 85.63895314364134, 85.57417854500903, 85.5201520420772, 85.5045266213913, 85.47533088941799, 85.41377036747133, 85.36814370253204, 85.3454906222887, 85.30447566903457, 85.24761273401258, 85.2070141716154, 85.17535264963097, 85.12675252857872, 85.0734591030114, 85.03527545058077, 84.99456569157142, 84.9403246254693, 84.89219505675753, 84.8511970347601, 84.8005243137013, 84.74687348390472, 84.70107806435556, 84.65225094871836, 84.59644562179862, 84.54516571365176, 84.495075819674, 84.43849483105554, 84.38313350509105, 84.33008454632521, 84.27225620083352, 84.2133314413767, 84.15644210591859, 84.09663242742214, 84.0346332232277, 83.97395705912881, 83.91128221908512, 83.8459020774332, 83.78117775220463, 83.71484370349489, 83.64591127354657, 83.57701890208945, 83.50647384223143, 83.43340686712276, 83.35973700275703, 83.28442927433893, 83.20666680556452, 83.12786832921687, 83.04709465020551, 82.9637869289798, 82.87896011319799, 82.7919857891567, 82.70230995304952, 82.61080780910828, 82.51676832313761, 82.41980164256967, 82.32038109430293, 82.2180557355826, 82.112525173549, 82.00410377774426, 81.89225147364567, 81.77674135974596, 81.65749857469805, 81.5343098470682, 81.40682718139855, 81.2750189155315, 81.1384654256421, 80.99669871312825, 80.84964983674521, 80.69686451360162, 80.53805537939147, 80.37271203059343, 80.20035836119382, 80.02038934961348, 79.83260965217086, 79.63615691029749, 79.43052819177723, 79.21474875306198, 78.98831580296532, 78.75015108723936, 78.49935215860688, 78.23478502755852, 77.9553654610991, 77.6596180344231, 77.34625015323508, 77.01327318759198, 76.65892055568531, 76.28146794267373, 75.87798431185799, 75.36036118791012, 74.79691244476436, 74.23814753878277, 73.67700359645701, 73.1067301752363, 73.58531484199494, 73.544005509744, 71.53076748243113, 71.44920002464333, 70.50967976390183, 69.91058834948261, 69.46574877158456, 68.49983136285212, 68.27792066832212, 67.13638588587035, 67.03967988349571, 65.84529864242387, 65.43592506324201, 64.6109012566315, 63.52845039109225, 63.16739391131778, 61.985861590533595, 60.98258222981536, 60.5020638642811, 59.73819791024853, 58.69172322763777, 57.60105720740208, 56.772183464662824, 56.22404574652807, 56.09817991252399, 55.97421109150175, 55.08561556265265, 53.09809048719348, 53.19680493547197, 53.505349939617645, 51.518969177373215, 51.13105604783873, 51.745971898318274, 50.24589593262306, 49.14413404684442, 49.51887045151037, 49.53186544454732, 48.67168349272931, 47.39710836168445, 47.181977265199855, 47.760992463177786, 47.95933379555624, 47.55445050599115, 45.959414095649414, 45.47858253226386, 46.14828229596621, 46.23577709216969, 45.4300806351058, 44.57876820541438, 44.83941031867988, 45.302372562162674, 44.706250587221184, 43.95927550215983, 43.954721464565004, 44.27819895269438, 44.17256339598967, 43.532153801671946, 43.17004019026663, 43.287254547890285, 43.498711592810984, 43.56214803155418, 43.22636188627459, 42.826050736923705, 42.464613159509064, 42.279244235339206, 42.25307194169252, 42.37776012436922, 42.83528183827145, 43.846603530281435, 46.330153705742944, 45.54285927478863, 43.22614009504352, 41.681091378477035, 43.68279388134143, 43.638345557454485, 41.520344232302826, 43.350385693443926, 43.019887936775746, 41.47432042807428, 43.30278207915973, 42.198426848075314, 41.51208236859936, 42.934027592660996, 41.564280700683554, 41.409233780270704, 42.388249377355315, 41.23120492432355, 41.12999125243395, 41.94254018893851, 41.15674785525252, 40.77957292974896, 41.570051836083714, 41.264060320591724, 40.523107513757544, 41.08391696453248, 41.269036973459805, 40.459150244603386, 40.58310951588759, 41.00133326567102, 40.467228720425865, 40.22390293608972, 40.56881995401271, 40.46351496881608, 40.08994644880527, 40.07868466304879, 40.26661353800921, 40.19952055265582, 39.91038435185465, 39.82567124759734, 39.94714354269574, 40.01169609423242, 39.958505197911656, 39.77940251462328, 39.623070388999764, 39.52873862433724, 39.50368803767365, 39.53196103633042, 39.606991337307484, 39.77280667823668, 40.037059031111184, 40.72280403124541, 41.43363304003729, 42.93484912512943, 41.99394244408528, 40.524848408038984, 39.15846605815629, 40.15711792284665, 41.1660324265042, 39.57917917034877, 39.269486791027276, 40.33578844088075, 39.743840437252594, 38.933222693383016, 39.2751878127145, 39.635663925009894, 39.296359015782954, 38.746832985243074, 38.86292330481504, 39.31818045787805, 39.34193885205726, 39.068731884119124, 38.65207308824462, 38.50912252508558, 38.6522571992594, 38.83956196809619, 38.92244748943882, 38.70259139471821, 38.433898233952135, 38.25141734663186, 38.2544964131742, 38.35359887903882, 38.39950431325615, 38.37409279169925, 38.236269788961515, 38.08919573899712, 37.96685810586086, 37.877965657352405, 37.81793830314915, 37.7817799370491, 37.78132773273534, 37.97422900628946, 39.18004434737417, 43.982619118941095, 61.857982976896984, 41.72199429126786, 40.065575337422075, 47.88021897568959, 37.97396477047983, 46.60189066042497, 40.193186423661174, 43.79682927099927, 39.42362788052588, 42.946623385548854, 39.24128590110705, 42.04504929400592, 38.33164935696329, 41.26470383317974, 37.98251338104793, 40.399378995169236, 37.73859776907323, 39.74676779166724, 37.912998939855534, 39.021753196525495, 38.15937381271746, 38.35130940506086, 38.47445569757553, 37.796267093304465, 38.53246348559106, 37.40444570743575, 38.335265113349536, 37.28088918892178, 38.09335887228664, 37.28282220421487, 37.86140203773238, 37.318840293268536, 37.67924602610851, 37.36861925147604, 37.5037829088386, 37.36801658595693, 37.317699995533424, 37.34257128839965, 37.16327818534415, 37.30882302011551, 37.04270930565106, 37.246137253764395, 36.99838419789086, 37.14715800500031, 37.01853965371103, 37.01111134189734, 37.03331818137616, 36.908243499285526, 36.995022246217395, 36.863381037873395, 36.90514460577361, 36.860049342441215, 36.80702010938915, 36.84125788973496, 36.75410200664655, 36.78431083644562, 36.745073811199916, 36.70699361443387, 36.726506606808584, 36.665221976878996, 36.66283397327251, 36.64975699994561, 36.60469135266817, 36.60810283220598, 36.58484858262557, 36.551240775312, 36.551502879318235, 36.53043251949628, 36.5035014222529, 36.501218155953154, 36.4818997275429, 36.45559980701807, 36.44987776930973, 36.43634180433847, 36.40983632912173, 36.39601682353711, 36.385983691129425, 36.36502736373938, 36.348435098421305, 36.33878057690386, 36.322554071534064, 36.30291914233996, 36.289455634684906, 36.27686796465563, 36.25939422560037, 36.24220516671676, 36.22973267123743, 36.21764751157546, 36.20178872107201, 36.19533391225901, 36.17044276593193, 36.15500716385291, 36.14002412466827, 36.12519892306001, 36.11078464336078, 36.09652922320926, 36.082034641559055, 36.067774601684874, 36.05380948404495, 36.039346818963025, 36.02503104813988, 36.010530524999865, 35.997319845462144, 35.983307170282345, 35.96997434467086, 35.95545583053243, 35.94248814320319, 35.927670559877875, 35.915506120711825, 35.90142382270935, 35.88944327122034, 35.88043754368126, 35.87630811996911, 35.88175228465617, 35.90390623663321, 35.96715754810728, 36.11462500257617, 36.49543761217106, 37.209013422344725, 38.79183518281127, 39.89773474996535, 40.85055075671826, 37.30266829526511, 35.9329539508774, 37.75182956924738, 37.229528117335114, 35.991552229244654, 36.91010240586531, 36.758356137195456, 35.957199812244866, 36.51439841886716, 36.39519803039058, 35.82147236012196, 36.11542057627874, 36.20665039521334, 35.79527867127991, 35.74009439536133, 36.04464238553637, 36.105398258605845, 35.79152177291658, 35.61682857841367, 35.721576714490084, 35.94793775983412, 36.15271258070986, 36.148200712655324, 36.05884473443796, 35.83417951108135, 35.64401243674047, 35.538389995633295, 35.549826491937615, 35.62352724799077, 35.675097255880125, 35.66356499857374, 35.56843748497798, 35.47820302234419, 35.45747255552315, 35.49337064206759, 35.52348901597114, 35.4944253830456, 35.4360909349143, 35.399844663490114, 35.399615603345524, 35.41631888338233, 35.416819157210675, 35.39517200264032, 35.36069043308776, 35.330221166159504, 35.31211985161761, 35.307652241628226, 35.317472769766546, 35.3371978270791, 35.37412647203483, 35.45279921496923, 35.63794301447038, 36.025015667237, 36.95771261553402, 38.34635902313029, 40.79656587039056, 39.48325925693294, 36.79568346587113, 35.454909349462305, 37.54515417515162, 37.04379081141099, 35.53643132616118, 37.23874686956902, 36.394897695137594, 35.71909178605739, 36.94535621043067, 35.78232052437913, 35.745255211023, 36.43009611242177, 35.432940973676544, 35.56413653338688, 36.05434219640234, 35.36648436398156, 35.229107715571494, 35.760131351095204, 35.569797747122585, 35.046325385043424, 35.28453619994457, 35.72449094162283, 35.50465100200985, 35.08205169831511, 35.023018739504295, 35.302946343682606, 35.461868759017406, 35.22448516026294, 34.95677617084748, 34.950494054289955, 35.1219400857631, 35.19471890970655, 35.024329082136155, 34.857729509593945, 34.86389719596238, 34.95705345364985, 34.95796632590796, 34.83943814826171, 34.76044145135247, 34.78872464291809, 34.838153328757706, 34.82489345541531, 34.74213692754132, 34.67912963129532]