Model Setup for Atypical Patient 1:
ITERS=1400
LEARNING_RATE=0.0001
OPT_RESET=500
ATOL=1e-09
RTOL=1e-07
METHOD=dopri5
Input channels=2
Hidden channels=11
Output channels=2
Runtime=17743.945703983307Optimizer=Adam (
Parameter Group 0
    amsgrad: False
    betas: (0.9, 0.999)
    capturable: False
    differentiable: False
    eps: 1e-08
    foreach: None
    fused: None
    lr: 0.0001
    maximize: False
    weight_decay: 0
)Loss over time=[2.85640033276229, 2.955796042363916, 2.869606608533088, 2.945665095036443, 2.8904971590862245, 2.853944176630564, 2.889640572541515, 2.9018471725336004, 2.8708106400246183, 2.8533760322306803, 2.8694172977461934, 2.883309362520319, 2.871450099011924, 2.8547710739711523, 2.856215041258854, 2.86805357264991, 2.8695474277491484, 2.859272213147978, 2.8525789106581403, 2.856996402527411, 2.863159206278656, 2.8609489414234512, 2.854221149695402, 2.8523464358848383, 2.85643523166038, 2.858699992643222, 2.8555095903616614, 2.851793429347053, 2.852433505141546, 2.855357824459587, 2.8551112372435195, 2.852203295659759, 2.8508968017705216, 2.85239449636688, 2.8534652008157444, 2.8519604195555184, 2.850365386788859, 2.8506948270478634, 2.8517999117702217, 2.8511123369572053, 2.8498016585450348, 2.8496207429252394, 2.8503434530152605, 2.850165495283719, 2.849112231136119, 2.8487946903240786, 2.8493055150109097, 2.849179735102687, 2.8484929280376217, 2.8480703674782313, 2.8483148926384185, 2.8481826566012005, 2.8476109342557763, 2.847337678905099, 2.8474240605497956, 2.8472631615268393, 2.8467896606084406, 2.8466279441810673, 2.8465869517664126, 2.8463329020110395, 2.845776943727643, 2.845803613273985, 2.8455198477685473, 2.845430799090048, 2.8451586685993586, 2.8450072667412125, 2.8449017488229713, 2.844514264795086, 2.844339075235647, 2.8442545307079223, 2.8440017792327486, 2.843717057607158, 2.8435354503820993, 2.843375802052244, 2.8430914099745994, 2.8428812007085766, 2.8426292517282703, 2.842468879777622, 2.842148788966644, 2.8418972641376183, 2.841831563065672, 2.841543659030437, 2.841327107382847, 2.8411108467381947, 2.8409073981870177, 2.8405843981949794, 2.8403952225922398, 2.8401445823458236, 2.8399303546527754, 2.8396783259837535, 2.8394333394786426, 2.8392262722108756, 2.8388862731835056, 2.8386953957264405, 2.8384662457058196, 2.838239639734408, 2.8380006022712174, 2.837733302600147, 2.837470495874472, 2.8372482823536203, 2.836821439512249, 2.8367462315893537, 2.836483361144563, 2.8362540684867388, 2.8360346735636592, 2.8357231042673576, 2.835439878687457, 2.8350975378744585, 2.834951836880106, 2.8346607415028156, 2.8344304691363864, 2.834059804497807, 2.8338397777676474, 2.833635843165551, 2.8333749791424823, 2.833106818565014, 2.832853014890307, 2.8325079213428594, 2.8322434908208702, 2.8320133189504193, 2.8316527329052827, 2.8314344877701165, 2.8311329467431827, 2.830775577692661, 2.8306663687648417, 2.830373869056275, 2.830001496108432, 2.829811459751681, 2.82953682895576, 2.8291823941565473, 2.8289618290669036, 2.8286761095484425, 2.8283713773416, 2.8280838986337007, 2.8277960675559757, 2.827501206107155, 2.8272199539761576, 2.826930755370878, 2.8265729823705565, 2.8263676315931034, 2.825959098681985, 2.825725851517198, 2.8254790150133116, 2.8251756911560877, 2.824773213801454, 2.8245415149260067, 2.8242790438067327, 2.82392844207708, 2.82370304451787, 2.823267680930447, 2.823079605368935, 2.8227425933479493, 2.8224162991286197, 2.822184553914444, 2.8218599877713677, 2.821526621880058, 2.821201040090802, 2.8208832213478, 2.820609263320297, 2.820282468974213, 2.8199405952801837, 2.8195794342259632, 2.8193712137388003, 2.8190369497480163, 2.8187146690210536, 2.8183727390880495, 2.8181020834030264, 2.817735426206155, 2.817370865241414, 2.8170640928495687, 2.816760630065971, 2.816468513492028, 2.816114411727591, 2.8157944302064135, 2.815450464744626, 2.815132201464706, 2.8148078418526192, 2.814426677905283, 2.8141566662492714, 2.8137700674988997, 2.813508581062467, 2.813204737389185, 2.8128186548840084, 2.812531792786876, 2.812213730584331, 2.811797042353881, 2.8114447974171335, 2.81119251086475, 2.8108355133538363, 2.810509152382176, 2.8100836477604316, 2.809773635908823, 2.8094892174319046, 2.809150084417005, 2.808768845966721, 2.808391848193458, 2.8080597247513763, 2.8077412388134135, 2.8073690555576674, 2.807062821484945, 2.806636711919014, 2.8062953546987104, 2.806013749987629, 2.8056342132615204, 2.8052801585229186, 2.8049456746639745, 2.80458876460493, 2.804243381388903, 2.8038585217857404, 2.803531177586728, 2.803164372959037, 2.8027531960706606, 2.802437329413037, 2.8021481305669154, 2.801701732052472, 2.801397404077996, 2.801046153128513, 2.8006446471328874, 2.8002927047968367, 2.7998893039468875, 2.7995967901258845, 2.7991722006495015, 2.798810871365433, 2.7985332468247113, 2.798124506997333, 2.79772877555947, 2.7973299670550458, 2.7970333865413637, 2.796615075020696, 2.7962903031808635, 2.7958736139738547, 2.7954791002990587, 2.7951665812986652, 2.794826526218875, 2.7943756439266325, 2.793989822063319, 2.79363172248356, 2.793246809331798, 2.7928596847406353, 2.792456143828572, 2.7921223602214513, 2.7917438413893176, 2.7913114756550024, 2.790998823607529, 2.790592046115714, 2.79023423678349, 2.789810321959119, 2.7894408955970333, 2.789036173084433, 2.7886502233712522, 2.788305696311163, 2.787916802096323, 2.787531284323706, 2.7871673721829833, 2.786721668900762, 2.7863935136955873, 2.7859854836581976, 2.7855463962621885, 2.785205517174306, 2.7848213362087146, 2.7843676390494676, 2.7839993330817987, 2.783622625645612, 2.783213261781814, 2.782819486414276, 2.7824666797768605, 2.782021422312355, 2.7816729455469873, 2.781294343476976, 2.780839338301589, 2.780449241599031, 2.780054965093046, 2.7796637904559582, 2.7792794400059533, 2.77886882800715, 2.7784313486482244, 2.778061687776437, 2.777637281840963, 2.7772548403559267, 2.7768274631584378, 2.776419933309191, 2.776064852472217, 2.77561385247203, 2.775213300488216, 2.7747873831857515, 2.774372433877323, 2.7740063676870084, 2.773642850276947, 2.773211072481276, 2.772810059782563, 2.7723749832614217, 2.7719881918658, 2.7715665515214964, 2.7711281498688094, 2.7707260067042387, 2.7703410221565434, 2.7698656221286932, 2.769514650089005, 2.7690561710573407, 2.7685815350049374, 2.76830236777472, 2.767855760618667, 2.7673824002026475, 2.7670402413682833, 2.76656838630952, 2.766200344743342, 2.7657516778557323, 2.7653315225355746, 2.7649884959979705, 2.7644846152661984, 2.7641122059030465, 2.7636844476775364, 2.7632618247002143, 2.762837925022433, 2.76241856927572, 2.7619915610064023, 2.7616150552125096, 2.7611585399319476, 2.7607229281784305, 2.7602961513874282, 2.759882738040644, 2.759502745158336, 2.759087072126539, 2.758458447207186, 2.7581860124203046, 2.757740810469975, 2.757341002420351, 2.7569072223456974, 2.756527363618341, 2.7560236877282303, 2.755662543309009, 2.7551694748333855, 2.7547562991428065, 2.7543144222201965, 2.753912302390237, 2.753536076351299, 2.753075172037427, 2.75265646962873, 2.7522343117743135, 2.751768445206045, 2.7513169084535156, 2.7509246370276683, 2.7505234557975204, 2.7500900144201768, 2.7496205341617785, 2.7491644917102023, 2.748780226267245, 2.7483190342665336, 2.7479167020796087, 2.7474857203190894, 2.747037098817907, 2.746633705632339, 2.7461581074979606, 2.745728970112363, 2.745316472756748, 2.744854958144452, 2.7444478897969895, 2.743998413721721, 2.743567533481307, 2.7431095124433296, 2.7426858982824713, 2.742253011029399, 2.7418822782203662, 2.7414043431963555, 2.740936165773661, 2.7405322239006273, 2.7400592859119004, 2.739630231272875, 2.739182154713356, 2.7387652944814764, 2.738298495523033, 2.7378456232917103, 2.7374373149626603, 2.7370164566815918, 2.7365442270539857, 2.736118162953819, 2.7356931482891453, 2.735257073242984, 2.7348115182350736, 2.734355927206185, 2.733886880211053, 2.7334781016906686, 2.7330353770941955, 2.7325747034751036, 2.7321959207570505, 2.731739106628759, 2.7312932168342514, 2.7308203711681, 2.7303893358362488, 2.7299264016077625, 2.729499923030516, 2.7290624468603144, 2.728611398530023, 2.7281562533236854, 2.7277311591144193, 2.727236781493179, 2.726773041613261, 2.726213858640011, 2.725618145588637, 2.7251784417431164, 2.726224272865147, 2.7486559054058706, 2.783093491296614, 3.213239062318033, 3.1542542321587206, 2.725677792993955, 10173839.433559846, 3.1918219174918194, 4.418855591167846, 5.725664721015517, 7.011881422586413, 8.227236920201301, 9.28909145395881, 10.195509344619799, 10.979443111695906, 11.671485827544219, 12.285680223145983, 12.820464856507073, 13.285794590579657, 13.691480249708775, 14.044967590491968, 14.355312478471074, 14.631340209853306, 14.876012791860411, 15.094114524816074, 15.28519241184569, 15.457011109047814, 15.610500302987468, 15.748293325258187, 15.870709692554396, 15.981302179855014, 16.080393003230107, 16.16981897659271, 16.249073015803052, 16.32125115374687, 16.385681607225777, 16.444339788268213, 16.495085435276224, 16.54146991653199, 16.584483039988847, 16.622671666845566, 16.656743181906606, 16.68767920809856, 16.715577086429732, 16.740003526511217, 16.762522775910224, 16.783289112085722, 16.801453109613988, 16.817767580774156, 16.832291358122824, 16.845848524836107, 16.857758985898876, 16.868535191620392, 16.87850671767345, 16.887403567849574, 16.89519692146968, 16.90270646759915, 16.90905897008291, 16.913922110768336, 16.919640501162686, 16.924788835654336, 16.92888650752258, 16.93226042970878, 16.93612876629216, 16.938672496445232, 16.94213533899548, 16.944762819176745, 16.946877366241896, 16.949033341055927, 16.950511746305775, 16.952047496502363, 16.953658208758494, 16.955094097746358, 16.957112972743833, 16.957414805086735, 16.95822597485647, 16.959336248209805, 16.95930218671306, 16.96063628772741, 16.961278362597966, 16.96183858513722, 16.962490115896234, 16.96262573799659, 16.96337024104993, 16.963746576273582, 16.96371988647313, 16.96452652806296, 16.96459992940269, 16.9653094059061, 16.96551285514643, 16.965976863296124, 16.96551776977894, 16.965772691848336, 16.965839141596952, 16.966030714684987, 16.966292797881476, 16.96651454850579, 16.966645975337652, 16.966460373535355, 16.966558252777364, 16.966365176489628, 16.325737734475375, 15.66904944804703, 14.992131568966302, 14.281275843712296, 13.532552082957313, 12.73801315689176, 11.887337028571938, 11.005877453943066, 10.096873701394482, 9.141475694345367, 8.127033780324002, 7.076396186328295, 6.063673874496786, 5.08783566180222, 4.223848910984029, 3.4597703675448623, 2.7921953927197434, 4.064772742816385, 2.9224568761628364, 2.7349194253958813, 2.7367239623050486, 2.7886106361953975, 2.87309516736233, 2.9602057192143563, 3.029415199595143, 3.0733298640657356, 3.0917509973234925, 3.0857374390124677, 3.0580382095050633, 3.011038945716409, 2.949512001001112, 2.881218454774695, 2.8173374661626607, 2.7699223372851356, 2.74311739043066, 2.734984433660646, 2.7418558630670677, 2.7588698553126276, 2.787638106773777, 2.817259710165747, 2.822069820404754, 2.799052389135533, 2.770369253350633, 2.7509574257318503, 2.7396458591226858, 2.73376241303526, 2.7330225365503495, 2.7362090770247978, 2.7417875064929813, 2.747602337491276, 2.752418412214082, 2.754894522934539, 2.7546135150174633, 2.7519014944405575, 2.7472232218876127, 2.7420040416449356, 2.736956421277284, 2.7330012405915944, 2.730581362414571, 2.729697012184357, 2.730115323405724, 2.7314119601882996, 2.732970137746832, 2.734298464362903, 2.7350885065776684, 2.7351645561408238, 2.7345033440077042, 2.7334479050041107, 2.7320467296439346, 2.7306725796266718, 2.729539816935335, 2.7289276964695666, 2.7287068912449386, 2.728904819830349, 2.7293360936373934, 2.729730265479736, 2.7301129963646917, 2.7303228797342536, 2.730320393578254, 2.7300610801968124, 2.7297114141192025, 2.7293181782393012, 2.728947746774707, 2.728663085873505, 2.7285568186549054, 2.7285794683811475, 2.728673422369024, 2.728767338225606, 2.728912082058885, 2.7289494458884924, 2.7289884428780398, 2.7289255161371972, 2.7287460725226462, 2.7286872520080823, 2.728526194459753, 2.728451938061837, 2.7284283744214464, 2.7283753175049745, 2.7283818251048038, 2.7284571806168043, 2.728484031673712, 2.7284073654079006, 2.7284414321167785, 2.7283792668136813, 2.728349577238026, 2.7282597863119906, 2.72822069343116, 2.7282108807160226, 2.7281918509543557, 2.728137839742517, 2.728068303926382, 2.7281377859957887, 2.7280627226709684, 2.7281316583201116, 2.7280543800069244, 2.7280246630876026, 2.7280359829707685, 2.728015355270651, 2.7279579504706732, 2.7280042338847417, 2.7279060463164813, 2.7279318963606998, 2.7279595651116346, 2.7278972946854294, 2.7278722543370892, 2.727868730606483, 2.7278969519996696, 2.7278231778534927, 2.727814774230295, 2.727763395771993, 2.727749449516146, 2.727726829174045, 2.7276914578617584, 2.7277691371109607, 2.7277079046517945, 2.7276799469860666, 2.727643450731058, 2.7275898749002185, 2.7276358320237253, 2.7276200345292145, 2.727569616666123, 2.72756708491054, 2.72753765070045, 2.727540140222925, 2.727472186650556, 2.727467933262615, 2.727401411286144, 2.7274334323083336, 2.727445078982994, 2.727372045243136, 2.727352320059646, 2.727365027175521, 2.727355874503506, 2.727313028202159, 2.7272784329885056, 2.7272751536149396, 2.727188462098388, 2.727197163556547, 2.7272190703424495, 2.7272193346681477, 2.72716932420926, 2.727185955372463, 2.7270970856728276, 2.7270859914959478, 2.727082044580865, 2.7270997611593546, 2.7270538872160945, 2.7270374396466246, 2.7270136938681473, 2.7269944951309855, 2.7269327494650324, 2.7269754773695016, 2.7268486230965703, 2.7268805309420827, 2.7268936642456554, 2.726867952414638, 2.726865211645975, 2.7268215276783363, 2.726775241686293, 2.726808066020786, 2.726685566227324, 2.726743514605139, 2.7267074605309314, 2.726699796283937, 2.726685976476262, 2.726631207458763, 2.726589532282518, 2.726587949015917, 2.7265845619728823, 2.7265380157535777, 2.7265218113565, 2.7265033450757126, 2.7265017358527204, 2.726462799662158, 2.7263839835174735, 2.726414791775382, 2.7263994262937357, 2.7262698153551885, 2.7263237474625512, 2.7263398631854083, 2.726284775861145, 2.7263073434156206, 2.726255032671309, 2.7262003723440382, 2.7261254096751255, 2.7261553561478404, 2.726149964458791, 2.7260941357741872, 2.7261188757178156, 2.726085834974855, 2.7260683009555113, 2.725983312644416, 2.7260083884461506, 2.7260011684471332, 2.7259344456571823, 2.725904104495483, 2.7259082881702517, 2.7258794371395765, 2.725862123404712, 2.7258068524168455, 2.7257091891549554, 2.72575937835433, 2.725781065205962, 2.725729635146385, 2.725675204306646, 2.7256754160095897, 2.725686860868564, 2.7256436505459276, 2.725623788655115, 2.725600565074055, 2.725545299601661, 2.725526657039465, 2.72544704849967, 2.7254391829766322, 2.7254133959597726, 2.7254451004164326, 2.7253800284395147, 2.725362174471501, 2.7254349779081553, 2.725288966830467, 2.725326255929082, 2.7253231204041204, 2.725291573388203, 2.7252185195197356, 2.725184109713439, 2.725165664935334, 2.7251439005577365, 2.725103283688208, 2.725076159410772, 2.725031201950379, 2.7250124719157984, 2.725044580263723, 2.725014293195011, 2.7249224332327944, 2.7249494703282298, 2.724928280443132, 2.7248231748097136, 2.724868546015204, 2.724840748370271, 2.724773080670536, 2.7247997068444736, 2.7247477519457934, 2.7247198060706816, 2.7246846865010395, 2.7246856478263894, 2.72461956352339, 2.7245735926014008, 2.7247247985521095, 2.724587398144305, 2.7244938524237594, 2.724554036887398, 2.724511167898997, 2.7244405647877503, 2.724445607501249, 2.724382676919793, 2.7243649461982495, 2.7243536958091696, 2.7243140785628372, 2.7242809799636656, 2.724259711536653, 2.724286433657949, 2.7241825809647966, 2.724172081177372, 2.724159761629953, 2.724110309280827, 2.7240644351626857, 2.7240897433207145, 2.7240563159723794, 2.723996117881342, 2.7239844575613263, 2.723927979230036, 2.7239765892336614, 2.723909617178755, 2.723846336364845, 2.723841312501875, 2.723831325449045, 2.7237726879327098, 2.7237620650689376, 2.723694909496967, 2.7237126119479442, 2.7236147560070756, 2.7236433264337463, 2.723618643151859, 2.7235896613553168, 2.723560315861196, 2.723519303378222, 2.723513287713468, 2.7234745500802053, 2.723437993307423, 2.723397007807948, 2.7234158577207697, 2.723403219454822, 2.723325573961987, 2.7232667864334945, 2.7232436625643097, 2.723253081485355, 2.723200551855589, 2.723158531119767, 2.723122833189572, 2.7231350943473127, 2.723083458603554, 2.72305076231076, 2.7229948711097176, 2.7230474467050567, 2.7229398620918843, 2.722956013159703, 2.7229548039960836, 2.7228269600844106, 2.7228858234084985, 2.7228166423762614, 2.7227679628696886, 2.722770573593171, 2.7227513495057383, 2.722735168840072, 2.722689810065762, 2.7226014938532774, 2.72259646787367, 2.722499775417025, 2.7225448644869563, 2.722532132214805, 2.722453011987579, 2.722445322399322, 2.7224423714874773, 2.722383129950429, 2.722344667298172, 2.7223169775280702, 2.722276452126062, 2.7222533600378473, 2.7222391395523284, 2.722173102183174, 2.722163755248842, 2.722132303837523, 2.722088345962507, 2.72215140589076, 2.7220371038740114, 2.72206498132735, 2.7221485874881313, 2.7219709232121456, 2.7219433709748357, 2.721890857501776, 2.721869443936646, 2.721834481234807, 2.72183589243436, 2.7217858570546025, 2.721720858705554, 2.721651198223684, 2.7216869255779144, 2.7216515670001566, 2.7216341615756487, 2.7215298062147375, 2.721572180517981, 2.721556189676282, 2.721495213886681, 2.721426237907922, 2.721423510804753, 2.721389560087063, 2.7213560106916046, 2.721353916025487, 2.7212702032276734, 2.7212782332459877, 2.7212507750296138, 2.7211890992423204, 2.7211640028312614, 2.7211144604482813, 2.721105611222957, 2.72106092660658, 2.721030450198768, 2.7210245128572557, 2.720950985106745, 2.7209155917792684, 2.720871082755295, 2.7209018781674987, 2.7208277298492027, 2.7208194883729906, 2.720771731339573, 2.7207616058605106, 2.720722020930286, 2.720680158939434, 2.7207156288912775, 2.720630634555142, 2.7206153695302793, 2.7205661199145754, 2.7205020215180453, 2.7204273927513363, 2.7203810331368117, 2.720365768756098, 2.720362022044637, 2.720328244482278, 2.7203075724609502, 2.720251592122454, 2.720245517602642, 2.7202060316349033, 2.720148773953613, 2.7201400793001422, 2.7201388324370663, 2.720051120813903, 2.7200078906799656, 2.719997420168639, 2.719982993458309, 2.7199408999742576, 2.7198630538281985, 2.719913351620045, 2.7197962340045763, 2.719784942242404, 2.7197850740451077, 2.719761674029546, 2.7196436415210945, 2.71964655139385, 2.7196101020822394, 2.71960422954338, 2.7195629566078754, 2.7195462638022794, 2.7194448569357537, 2.719460635718728, 2.7194402101247843, 2.7193868336498848, 2.719363869684888, 2.719342786050447, 2.7192781058793547, 2.7192500532555193, 2.7192170327315828, 2.7192034460606886, 2.7191493035941674, 2.7191033708933445, 2.7190538570194263, 2.7190220076785754, 2.7190128890653935, 2.7189575292893617, 2.718945192879074, 2.7189277950434616, 2.7188760730112276, 2.718866790168973, 2.7188388502388174, 2.7187563522468348, 2.718743183813776, 2.7186959796873325, 2.7186761309826433, 2.7185878629530986, 2.7185867304341595, 2.7185890940027835, 2.718531063280824, 2.7184894965755464, 2.7184486504767613, 2.718410577511125, 2.7183623550160663, 2.7183346857117834, 2.7182866545716875, 2.7182553782943355, 2.718311076347319, 2.718199853757332, 2.718156293591443, 2.718140591669116, 2.7180906743548223, 2.7180807554865547, 2.7179965809338253, 2.7179777945403774, 2.717976800693245, 2.7179300917278906, 2.7178566389840957, 2.7178338517426055, 2.7177782777344146, 2.7177272050436, 2.7177377666026583, 2.717664105196274, 2.7176541205479325, 2.717611811125014, 2.7175774745601085, 2.7175271747900758, 2.717515722617135, 2.717449523599299, 2.717448493075077, 2.7174733424861786, 2.7173637638585455, 2.717347132840965, 2.7172792878052077, 2.717318733757333, 2.717259780971727, 2.717235053198884, 2.717173971043252, 2.7171275911960393, 3.0593320294931625, 2.7889880508858997, 3.08849227856321, 3.284664833971887, 3.35681816280886, 3.332109477220061, 3.2305956162048117, 3.0710025722410874, 2.882068301774194, 2.74431226902873, 2.7222395076071764, 2.9076673194467193, 2.9386888503779547, 2.7444095079566937, 2.719083183967112, 2.740025658088123, 2.784461372013971, 2.825165793996217, 2.8421544030096015, 2.8299742545571145, 2.7966482169095155, 2.7573985899100437, 2.729086309240571, 2.7202473503979787, 2.728006536996973, 2.7478338784916185, 2.7693488804059494, 2.7616435578507184, 2.7383851512920505, 2.7240935126099535, 2.7185610657285046, 2.7208724639771877, 2.7281755250985524, 2.735615984952616, 2.7390748163464, 2.7368262007621156, 2.730544643388181, 2.723322921716971, 2.718377875408141, 2.7170635291072704, 2.7189568670872606, 2.7223322708139968, 2.725067929113128, 2.72566554874853, 2.724048624643091, 2.7210974842384634, 2.7183900809459463, 2.7168991809329617, 2.717138500978528, 2.7185932936972743, 2.719962794370245, 2.720688924926083, 2.720248366836598, 2.7191648117962526, 2.717723861401645, 2.7168858440065335, 2.716837990409246, 2.717345510372876, 2.718036725743059, 2.7183754575566526, 2.718168985492854, 2.7176078956010694, 2.7169016751945163, 2.7164970791578713, 2.716467843342435, 2.7167271994174924, 2.7169905355549506, 2.717091449467471, 2.7169383974675783, 2.716606804991428, 2.7162727786861884, 2.716178310117327, 2.71619882813942, 2.716310154766937, 2.7164028245318192, 2.7163802719094985, 2.7162323452289887, 2.7160748856696495, 2.7159456733815164, 2.715930730703374, 2.7159696994053957, 2.7159548047674744, 2.715946321312009, 2.7158646676146803, 2.7157581384079683, 2.715677578750386, 2.715602600114077, 2.7156143740346375, 2.7156165436006425, 2.7156143223489866, 2.7155615986921897, 2.715495960209953, 2.7154520063509966, 2.7153551425041624, 2.7153578236852693, 2.71536430961319, 2.715245876351599, 2.7152103355615127, 2.7151639884752936, 2.715133956984208, 2.715125532687777, 2.7150138138487776, 2.714997952575057, 2.714976285701743, 2.7149709522749594, 2.7148882888300374, 2.714814067788351, 2.7147853830406747, 2.714742684267791, 2.7147320674476116, 2.7146754453101183, 2.714649641694463, 2.7145799962297317, 2.7145600277065296, 2.7145170976841104, 2.7144482658588944, 2.7144388320638893, 2.714383376192922, 2.714314264962184, 2.7142415180243913, 2.714242528737256, 2.7141907163337216, 2.714151148819987, 2.7141108832606267, 2.714008012858034, 2.714011572086577, 2.714001305663766, 2.7139175638348165, 2.7139148495461214, 2.7138676742575636, 2.7138058902328255, 2.713751333421787, 2.713722034557539, 2.7136828104990944, 2.713572899595881, 2.713537279993451, 2.713576384867827, 2.713466728586491, 2.7134408544408304, 2.7134008614795695, 2.713348468043919, 2.713304111713252, 2.7132534929960155, 2.7131920004361123, 2.7131629110019335, 2.713093264489414, 2.7130401282138874, 2.713068462397325, 2.7129971964003605, 2.712911752241808, 2.7128069775560046, 2.7127655303488543, 2.7128112213042503, 2.7126610314160984, 2.712662925603922, 2.712601862820817, 2.712600353863895, 2.7124833583543837, 2.712500465477136, 2.712408927704001, 2.7123863267701656, 2.7123172915419467, 2.712291363058115, 2.7122809752670936, 2.7121287446725924, 2.712143789567114, 2.712114170749022, 2.712002192779414, 2.7119913752183753, 2.7119229947296173, 2.711836037235929, 2.7118205565180364, 2.711800287049938, 2.7117600968779048, 2.7117366831621728, 2.711619899314367, 2.7115554257143435, 2.7115222705205535, 2.7115069779260073, 2.7114374371706336, 2.711376826728027, 2.711319101073344, 2.7112848237723717, 2.71120677466655, 2.7111799328420396, 2.711133111437979, 2.7110707698595675, 2.7109765016810865, 2.7109714221518506, 2.7109156157124485, 2.710845370459701, 2.7107761298329516, 2.7107778316497404, 2.7106771867870125, 2.7106613338170704, 2.710596746995073, 2.7105037841779507, 2.7104735958928647, 2.710426531267815, 2.710401056829444, 2.7102927476065237, 2.7102793512505268, 2.7102421100014267, 2.710116004632318, 2.710155132337543, 2.7100621436570553, 2.7099745569703555, 2.709936290480162, 2.7098958905487396, 2.7098335852153683, 2.7098036372249044, 2.709752936156711, 2.7096497736444296, 2.7095981536718274, 2.709528082381299, 2.709485773396233, 2.70942309694929, 2.7093542792040286, 2.709298390700273, 2.7092858413516088, 2.709208976731224, 2.70911882172618, 2.709103369643975, 2.709023429025634, 2.7090334443761317, 2.7089084322270507, 2.708861962876203, 2.7088297442898326, 2.708773596722597, 2.7087352949833083, 2.708642787249229, 2.7086017207017226, 2.7085181443959754, 2.7084463381848827, 2.7084005605741535, 2.708387647040971, 2.708307289557506, 2.7082427565018636, 2.7081775092169575, 2.708099587542694, 2.7080948448501063, 2.7080016157004634, 2.7079471085612035, 2.707895582636473, 2.707829828353209, 2.7077805554541388, 2.7077238455576365, 2.707631821060704, 2.707656896879301, 2.7075410049212336, 2.707480099054308, 2.7074056760539253, 2.7073626981648187, 2.7072589424663174, 2.7072329971749953, 2.7071886313737163, 2.707104534082918, 2.7070387047327418, 2.7069405711390617, 2.706924512647136, 2.7068241706887783, 2.7067641446901023, 2.706652757545109, 2.706625811847724, 2.7065330718815144, 2.706441674397436, 2.706377825420589, 2.7063519861983054, 2.7062030457895947, 2.706131273406682, 2.7060537455651654, 2.705962576753234, 2.7058928491811525, 2.70584540567247, 2.705691818524968, 2.705631325494325, 2.7055125070818273, 2.705449048724063, 2.7053157912323487, 2.705277747551317, 2.7051576219803533, 2.7050243701760768, 2.7049598998424247, 2.704852416662911, 2.704771753035913, 2.704638472514277, 2.704503719274163, 2.704473072247678, 2.704340026256776, 2.704247055972298, 2.7041294435890615, 2.7040738274763756, 2.703908539530939, 2.703800457388914, 2.7037214098822506, 2.7035645229425174, 2.703489856761883, 2.7033586584048193, 2.7032899443850935, 2.703126002254644, 2.7030344570524467, 2.702895661135065, 2.702738699806945, 2.702645733802987, 2.702494601909093, 2.702366152897501, 2.7022887655028636, 2.702142106759226, 2.702025814677698, 2.701905960267969, 2.7018050940217524, 2.701705470295602, 2.7015460219428657, 2.7014524674993337, 2.701380691290575, 2.701179626396609, 2.7011127824944907, 2.7009836643761065, 2.7008791972534913, 2.7007258245328254, 2.700607783571194, 2.700527642900434, 2.7003752455394148, 2.7003661672084647, 2.700183830208513, 2.7000843025840364, 2.699955627215198, 2.6998224182615287, 2.699684649450594, 2.6996119351437837, 2.699484558032459, 2.6993751506501042, 2.699244032672443, 2.699166586468261, 2.6990329397704986, 2.6989516532825633, 2.6988302418147323, 2.6986845962697212, 2.6985627262431175, 2.69844836372865, 2.6983566809072155, 2.6982651702890674, 2.6981299517617314, 2.6980243644526007, 2.697962503973972, 2.6977979851325697, 2.697668531108975, 2.6976330226650163, 2.6975015571833683, 2.697332016179114, 2.6973095094458412, 2.697137246538283, 2.697048790231733, 2.6969360502260042, 2.696850882768835, 2.6967657907902045, 2.696608397065802, 2.6965224682642077, 2.696397305148135, 2.696315545294435, 2.6961835223366575, 2.69609636998176, 2.6959978599477044, 2.6959350017298784, 2.6957725601438467, 2.6956779359641647, 2.6955926924683187, 2.695488875060829, 2.6954370599013044, 2.6952906386694724, 2.69520074089712, 2.695087171210105, 2.6950020512625676, 2.694871041105661, 2.6947592973209167, 2.6946637512038034, 2.694600632807685, 2.694455852112057, 2.694397502181132, 2.694304037018946, 2.6942062255953854, 2.694069602142347, 2.6939790342355483, 2.693902890964912, 2.6937707146168686, 2.6936861771741074, 2.6936514859558005, 2.693494885256038, 2.693408793295738, 2.693321381383812, 2.693187308608879, 2.6930904645960068, 2.6929904344105235, 2.692899417514803, 2.6927603861720915, 2.6926803947783546, 2.6925588897817203, 2.692482992485019, 2.692402930149087]