Model Setup for Atypical Patient 6:
ITERS=2000
LEARNING_RATE=0.001
OPT_RESET=500
ATOL=1e-09
RTOL=1e-07
METHOD=dopri5
Input channels=2
Hidden channels=11
Output channels=2
Runtime=1018.7600021362305Optimizer=Adam (
Parameter Group 0
    amsgrad: False
    betas: (0.9, 0.999)
    capturable: False
    differentiable: False
    eps: 1e-08
    foreach: None
    fused: None
    lr: 0.001
    maximize: False
    weight_decay: 0
)Loss over time=[4117.801210983699, 4065.1894566463234, 4012.8634941523956, 3960.830014060988, 3909.093659955212, 3857.656812439408, 3806.51935433156, 3755.67849462594, 3705.130150523005, 3654.8692121997683, 3604.88939235676, 3555.1828426617667, 3505.739783153818, 3456.547925677472, 3407.592630272481, 3358.856869255604, 3310.3216931617044, 3261.9666456563327, 3213.770292368621, 3165.7106661705448, 3117.765713864479, 3070.2421777797617, 3024.869244164188, 2979.525312878739, 2934.194601873458, 2888.8615997512356, 2843.511414442324, 2798.129256516363, 2752.7014651621093, 2707.2143605842643, 2661.656110068943, 2616.0126731698856, 2570.272680911121, 2524.4234338035817, 2478.4558998999087, 2432.3547100721953, 2386.1096385398896, 2339.7111994674165, 2293.1429240627094, 2246.3953084788313, 2199.456732140896, 2152.3144581385304, 2104.9623121138156, 2057.3881660302354, 2009.5795091770917, 1961.5258818156283, 1913.2195952639145, 1864.6506250872067, 1815.811473103011, 1766.6955855565102, 1717.2980848897262, 1667.6145759449437, 1617.6403107898464, 1567.3747894864546, 1516.8178780721282, 1465.9734046592114, 1414.8480953236556, 1363.447813613377, 1311.7828995550483, 1259.869930872292, 1207.7265684377037, 1155.38097205846, 1102.8449983746812, 1050.1812243973943, 997.4153350148013, 944.5775613811729, 891.7346735087518, 838.8503844218781, 782.5820409530762, 725.9583102870652, 669.2668797304212, 612.7446968098504, 556.685475874347, 501.38257800445984, 447.06260739131704, 394.08824944065867, 342.9021869667593, 293.92868654940696, 247.60353667798427, 204.41461361657937, 164.84897208512137, 129.38121364880124, 98.4468838209393, 72.39930725825268, 51.465224669199124, 35.6945776008937, 24.9341502370606, 19.27097881072591, 18.499683455905352, 21.591067341014558, 27.06957712989828, 33.21072824716038, 38.408541872617214, 41.54637820421572, 42.15308780785234, 40.33470026576183, 36.59396866384555, 31.610382874878006, 26.071054688149044, 20.561666319342148, 15.513182690291252, 11.199335195458714, 7.7611738559585834, 5.222911781792799, 3.5305972271952113, 2.574903913418695, 2.213478516104596, 2.298933168711636, 2.6923281419125824, 3.266816106937823, 3.914135038194718, 4.545347650537483, 5.096969328417121, 5.5297176554374525, 5.822698570330818, 5.969377256154657, 5.97513770707623, 5.853718401045833, 5.625112348108886, 5.313362397029596, 4.944234717003595, 4.543430889019327, 4.13527272347434, 3.7417607937092883, 3.381909936267283, 3.0698522610921284, 2.813732194200422, 2.6166416966244173, 2.477164073331448, 2.390143056142453, 2.3476306929321136, 2.339920576196519, 2.3565948545707642, 2.3875058019564057, 2.4234456593713265, 2.456872692839445, 2.482053765493738, 2.4954355222577322, 2.4955140356493506, 2.4824427795928155, 2.4578504786513444, 2.424359859404752, 2.3851174696508823, 2.3434292245063983, 2.302358324282835, 2.264453581087041, 2.2317209883401663, 2.205375746529153, 2.1859785581690265, 2.1733732914017185, 2.1669892777859308, 2.165819552802638, 2.1686076756597026, 2.174024580839216, 2.1807889061632477, 2.1877443792141347, 2.19396923174717, 2.1987777661300765, 2.2017307619744484, 2.202688456872991, 2.2016938756210562, 2.1989875899450015, 2.194909310816253, 2.1898814843507037, 2.184368778758893, 2.178784638412574, 2.1734970349546425, 2.168786418535322, 2.164863424116035, 2.1618174294282593, 2.159665358633636, 2.158346920388656, 2.1577455373313694, 2.157708389812628, 2.1580662025063804, 2.1586510719216685, 2.159314432366101, 2.159945853504622, 2.1604346074864664, 2.1607312047224396, 2.1607945159147484, 2.1606734963182777, 2.160369483909592, 2.1599302525260313, 2.159407422719594, 2.158845416978527, 2.158300036111088, 2.1578085783698664, 2.157400630842338, 2.1570872150511144, 2.1568746708887683, 2.156754238305233, 2.156712307070587, 2.1567331635984455, 2.15678651653249, 2.1568593648160213, 2.156924822554487, 2.1569793338231893, 2.1570073804605956, 2.157004207264917, 2.1569689355258665, 2.156905546410327, 2.156820028295876, 2.156719950624266, 2.156613404667068, 2.156508063619439, 2.1564104473074597, 2.1563254321458487, 2.1562560126725567, 2.1562032987270685, 2.1561667066789876, 2.1561399791398754, 2.156129488332327, 2.156127055920179, 2.15612923215448, 2.1561328168241056, 2.156135151216635, 2.156134275186949, 2.1561286130748645, 2.156117751733427, 2.1561021975942127, 2.156082620206217, 2.156059993557983, 2.1560354068955827, 2.156006000882116, 2.155983168931185, 2.1559614443447632, 2.1559413387873656, 2.155923090281759, 2.155906437772358, 2.155891009295353, 2.1558769319895985, 2.155863761977331, 2.1558510371726958, 2.155838328327966, 2.1558252751099376, 2.1558116042792927, 2.1557971283776065, 2.155781722846768, 2.155760488409651, 2.1557461132470497, 2.155731390923265, 2.1557164966010163, 2.1557015925368774, 2.155686811088655, 2.155672244148972, 2.1556579391731376, 2.1556439010002793, 2.15563009833334, 2.1556164732600465, 2.1556029522289144, 2.155592461612537, 2.1555704150211907, 2.155559636276101, 2.1555471746007933, 2.1555344074911336, 2.1555153119495927, 2.15549397209701, 2.15548066035001, 2.1554746230123873, 2.1554607240508927, 2.1554427765523125, 2.1554244184699174, 2.155411149593439, 2.1553964470095623, 2.155381738524409, 2.1553669812162153, 2.155352084724965, 2.155336958440053, 2.155320156202216, 2.1553043258690128, 2.155288082818522, 2.1552714478889783, 2.155260290368776, 2.1552468200890122, 2.1552355734193527, 2.1552210797646443, 2.155198757173821, 2.155173381768066, 2.1551590956378277, 2.15514477331256, 2.155130417597603, 2.1551160299831715, 2.155101610664514, 2.1550871587572864, 2.155072672587718, 2.1550581500285486, 2.1550435888398543, 2.1550351180785423, 2.1550217767583915, 2.155004584119236, 2.1549796391706906, 2.1549682309961167, 2.154951324915123, 2.1549356243234166, 2.1549248549957527, 2.1549082774937274, 2.154893375638274, 2.1548789375900146, 2.15486447958182, 2.1548499797240472, 2.1548344147954155, 2.154819028461203, 2.154802886341003, 2.154786780033644, 2.1547703961634284, 2.154752795934913, 2.1547357222723633, 2.154718433103518, 2.1547017532739727, 2.1546886067612645, 2.1546761315954117, 2.154650676952215, 2.1546422369493103, 2.154625207302074, 2.154607302439993, 2.1545899722875843, 2.154575663394017, 2.154559607417215, 2.1545435102892614, 2.154527354119685, 2.1545111179230814, 2.154494265992444, 2.15447863076519, 2.1544624349192913, 2.154445595466462, 2.1544301086591773, 2.154413183577533, 2.154397854232997, 2.1543837244748634, 2.154368300405855, 2.154351232235228, 2.1543346050980903, 2.154317942075274, 2.154301428349349, 2.1542848787609694, 2.154268293138935, 2.1542516713204476, 2.154235013152806, 2.1542183184948436, 2.1542015872181595, 2.154184819207285, 2.1541680143594264, 2.1541511725832545, 2.15413429379735, 2.154117377928205, 2.154100424908315, 2.1540834346742126, 2.1540664071650624, 2.154049342321407, 2.1540322400845633, 2.1540151003962857, 2.1539979231989554, 2.1539807084356646, 2.1539634560508487, 2.1539461659906176, 2.153928838203079, 2.1539114726386335, 2.1538940692499735, 2.153876627991985, 2.1538591488215535, 2.1538416316971865, 2.1538240765786707, 2.153806483426672, 2.153788852202466, 2.153771182867627, 2.1537534753838523, 2.1537357297128263, 2.1537179458163407, 2.1537001236561393, 2.1536822631940535, 2.1536643643921143, 2.1536464272125246, 2.1536284516177813, 2.15361043757063, 2.1535923850342233, 2.1535742938459834, 2.1535547672659123, 2.1535354964319016, 2.1535162812609325, 2.1534964848593394, 2.153478637136816, 2.153461055920066, 2.1534444180032115, 2.1534281737923666, 2.1534097344149377, 2.153391255982024, 2.153372738604353, 2.153354182241998, 2.153335586855479, 2.1533169524056186, 2.1532982788530717, 2.1532795661585777, 2.1532608142832346, 2.153242023188105, 2.1532231928343637, 2.1532042387519024, 2.1531853391892586, 2.1531664657807696, 2.1531474247725195, 2.1531284508520403, 2.1531060909798154, 2.153090281623769, 2.1530022086669245, 2.153050933349087, 2.153032721710051, 2.153013456857287, 2.1529941523512255, 2.152974808064483, 2.152955423999878, 2.152936000000265, 2.1529165360788713, 2.15289703219771, 2.1528774883288295, 2.15285717742268, 2.1528382803493282, 2.152764915545055, 2.1527462364061134, 2.15277733113695, 2.1527593827469103, 2.1527395576686312, 2.152719692253408, 2.152699750783266, 2.152679377006004, 2.152658578398487, 2.152638276982305, 2.1526183044331293, 2.152599649583911, 2.1525789181502044, 2.15255931004513, 2.152531468868104, 2.152511363347792, 2.1524911377736853, 2.1524709759353984, 2.1524577476105056, 2.152437312316606, 2.1524160356298663, 2.1523963188622037, 2.1523757609305805, 2.152355161056829, 2.15233451993806, 2.1523138375580064, 2.1522931138391943, 2.1522723487263176, 2.152251542170456, 2.1522306941224074, 2.1522098045326956, 2.1521888733515664, 2.152167900529079, 2.1521468860149593, 2.152125829758808, 2.15210473170994, 2.152083591817526, 2.1520624100305166, 2.15204118629767, 2.1520199205675286, 2.151998612788512, 2.1519772629087286, 2.151955870876172, 2.1519344366385953, 2.1519129601435583, 2.1518914413383934, 2.151869880170234, 2.1518482765859925, 2.151826630532409, 2.151804941955946, 2.151783210802935, 2.151761437019449, 2.151739620551369, 2.151717761344385, 2.151695859343958, 2.151673914495333, 2.1516519267435847, 2.1516298960335862, 2.1516078223099444, 2.151585705517161, 2.1515635455994584, 2.151541342500919, 2.151519096165413, 2.15149680653662, 2.151474473558059, 2.151452097173102, 2.151429677324911, 2.1514072139565568, 2.1513847070109056, 2.1513620985109485, 2.151339561047457, 2.1513169228847007, 2.151294240980525, 2.151271515221337, 2.1512486539237785, 2.1512256930001405, 2.1512027335774264, 2.1511799982232116, 2.1511572263704215, 2.151141537203891, 2.151111201645533, 2.1510881228004424, 2.151064999566576, 2.151041831918653, 2.1510186195388594, 3.6883951807306334, 2.1560126773931714, 2.9443441590397588, 3.1170962613317568, 2.4783134606533372, 2.152014633424638, 2.4146967949961913, 2.6917583876398963, 2.581406670398993, 2.2836040858978794, 2.1499790155090777, 2.2754906427983133, 2.4378895665844316, 2.41869215124049, 2.260320499948155, 2.150678000431291, 2.187943716303428, 2.290629018773796, 2.3199725003780256, 2.246972882587505, 2.16159216598902, 2.1527598324475816, 2.2101206534837066, 2.249168761153235, 2.2214167302051258, 2.1651737130017477, 2.145539404762119, 2.174210115816517, 2.2042971208722606, 2.19566591864465, 2.1618004793159318, 2.144642324875141, 2.159227832469739, 2.17899760724715, 2.175458949295849, 2.1548046659771654, 2.144244625197081, 2.1535141967059857, 2.1650953984703047, 2.1615861619428447, 2.1486449464096706, 2.1437402217752353, 2.150751804162969, 2.1567020736590865, 2.1522989669197496, 2.144346133185299, 2.1436064611427708, 2.148924739864388, 2.1507565410741525, 2.1461932439867812, 2.14212791957255, 2.143686607412511, 2.1469290603932683, 2.1460783859950676, 2.1424660881133057, 2.141406486071583, 2.1435037018190077, 2.1444803352728385, 2.14251556563209, 2.140655411309509, 2.1412987473832548, 2.142542512911649, 2.1418764934989896, 2.140268438952532, 2.1400349832971375, 2.140890848728008, 2.140853055577675, 2.139754015862031, 2.139203162203712, 2.139628037717005, 2.1397642638151395, 2.1390612234176007, 2.138486664622869, 2.138621523485783, 2.1387344286815293, 2.138263903536835, 2.137759999279145, 2.1377378431597163, 2.137779505547063, 2.137426050365308, 2.1369983437851, 2.136894850807764, 2.136864411404988, 2.1365660711225942, 2.1362004936985644, 2.1360556374194903, 2.1359662609306382, 2.1356914618224376, 2.1353702696339685, 2.135200524888923, 2.1350621694253475, 2.134795456881237, 2.134506195618595, 2.1343206448794727, 2.13414368716963, 2.1338778059076997, 2.133608681164216, 2.1334084118413656, 2.1331996794936177, 2.1329321817958626, 2.132675305448471, 2.132460943389404, 2.132227386176261, 2.131957580828938, 2.1317048867863466, 2.13147423532314, 2.131220816603749, 2.130949036218396, 2.1306951115728148, 2.1304478635047825, 2.1301793005967196, 2.129904605335495, 2.1296436418567897, 2.129379299269422, 2.129099149485988, 2.128820385864712, 2.1285489558107304, 2.128268935917403, 2.1279793931466817, 2.1276936189769313, 2.1274087371902475, 2.127114710901606, 2.1268168263882425, 2.1265216152049113, 2.126222583991144, 2.1259163162462755, 2.125609136730546, 2.1253016839649086, 2.124988598373141, 2.124671266219552, 2.124353498224899, 2.1240325917927283, 2.123706288383525, 2.12337759166555, 2.123047149444463, 2.1227122221801342, 2.122373371535105, 2.122032559198824, 2.1216883690222157, 2.1213396303078764, 2.120987907867976, 2.1206334436519714, 2.1202748287748125, 2.1199124561044727, 2.1195472154317256, 2.119178247731067, 2.118805091612888, 2.1184285608991122, 2.118048579024688, 2.117664486143013, 2.117276618537445, 2.1168852398763303, 2.11648980565602, 2.1160902566889424, 2.1156869683447015, 2.1152797154734215, 2.114868253603318, 2.1144528229187616, 2.1140333724477554, 2.1136095945914737, 2.1131815796246642, 2.112749429473128, 2.1123129303740567, 2.1118720403708298, 2.1114268531931235, 2.1109772149781123, 2.110523002139374, 2.1100642916786323, 2.109601035359921, 2.109133107038838, 2.1086605186906455, 2.1081832348433074, 2.1077011233990985, 2.107214158727422, 2.1067223417372287, 2.106225582616551, 2.1057238282936552, 2.105217057087138, 2.1047051771626726, 2.104188115734256, 2.1036658563400326, 2.1031383420524286, 2.102605502099488, 2.1020672978141755, 2.1015236617082595, 2.100974511501251, 2.1004198042828017, 2.099859492962907, 2.0992935087295135, 2.0987217967807914, 2.0981442951056475, 2.0975609256072785, 2.0969716286096673, 2.096376352381803, 2.095775031116386, 2.0951676019678924, 2.094554000832012, 2.0939341518110552, 2.0933079874034792, 2.0926754487161663, 2.092036469246222, 2.0913909813147913, 2.090738916676563, 2.0900801996407306, 2.0894147583621643, 2.0887425278086287, 2.0880634390856816, 2.08737742082838, 2.0866844004632408, 2.085984300900927, 2.0852770473242583, 2.084562569725484, 2.083840796173713, 2.0831116523028936, 2.082375061844478, 2.081630945582619, 2.0808792261729825, 2.080119829659537, 2.079352681012092, 2.0785777031408577, 2.0777948168737885, 2.0770039410784733, 2.0762049962908518, 2.0753979053986673, 2.074582590606503, 2.073758972439767, 2.07292696952896, 2.0720864994231483, 2.0712374812258627, 2.070379835566327, 2.0695134825933645, 2.0686383411207845, 2.0677543283714983, 2.066861361322416, 2.065959358444884, 2.065048239122022, 2.06412792216337, 2.063198325303571, 2.0622593654601005, 2.0613109600617867, 2.060353027964872, 2.059385488567078, 2.0584082607370906, 2.0574212625892256, 2.0564244121230817, 2.055417628438884, 2.0544008319657365, 2.053373943509951, 2.05233688353445, 2.051289572244148, 2.050231930587228, 2.0491638808692936, 2.0480853465438766, 2.0469962514682747, 2.045896519538282, 2.0447860626692145, 2.043611897168406, 2.0423065445799975, 2.0405136961169013, 2.0383817458695748, 2.0366114188204567, 2.034734108896372, 2.033020736765667, 2.0312335806277413, 2.029384663027392, 2.027481292175027, 2.025523474993557, 2.0235102721090517, 2.021448700323991, 2.0193401719478974, 2.0171835176230473, 2.0149775570570996, 2.012727175224964, 2.010432726532068, 2.0080916594202547, 2.0057057751436855, 2.003276572651598, 2.0008014704677595, 1.9982831046847573, 1.9957354889662156, 1.9931701011262568, 1.9905986188106368, 1.9879804870204454, 1.9853179242901897, 1.9826049037346423, 1.9798427014868543, 1.9770229197554336, 1.9741835440106705, 1.9713281129413305, 1.9684641665592388, 1.9655807045129317, 1.9626573913275498, 1.9596935019480766, 1.9566829013169966, 1.9536487175479684, 1.9505912807414993, 1.9475079631301162, 1.944427706325191, 1.9413132041185788, 1.9381694198866548, 1.9349988768528723, 1.93180253234004, 1.9286063060433472, 1.9254072691232686, 1.9221984579453162, 1.9189512836884914, 1.9156769770256517, 1.912382709035529, 1.9091058345917842, 1.9058311417621387, 1.9025388517514392, 1.8992431298220032, 1.8959375621365104, 1.8925954680165802, 1.8787504232504646, 1.8850986147834958, 1.8788968172412461, 1.869692608174728, 1.872088373381039, 1.8592990234049638, 1.8612687255354587, 1.851505748814034, 1.8515246921712796, 1.845681395164378, 1.8424174760465226, 1.8394455718497484, 1.8336011143578868, 1.8327971603722988, 1.8258304044111866, 1.8249026031282094, 1.8189364540287405, 1.8166509582685477, 1.8124276262478012, 1.8082851340899588, 1.8057995950515642, 1.8005881569383637, 1.7983840695394022, 1.7937092742268588, 1.7905483655383423, 1.787156541504508, 1.7828934456665202, 1.7802651457128589, 1.7759987207915544, 1.7728212440737166, 1.7695690812058638, 1.7671639947756723, 1.7631878202844518, 1.7600998803838772, 1.757030166440881, 1.7541322858224682, 1.7513904829226177, 1.7483176095921287, 1.7454067992359514, 1.7425914213301075, 1.7395513373209424, 1.7366413929449633, 1.733808742369633, 1.730832017177088, 1.727979607512227, 1.7253672440320587, 1.7230353027221228, 1.7200830023394131, 1.7174568423278957, 1.7150320481929733, 1.7126219351827174, 1.7101725393410172, 1.707746969459732, 1.7053339229760989, 1.7029131597823537, 1.7005304096357003, 1.698344908666094, 1.6961186974227047, 1.693900254203931, 1.6917243700671243, 1.6896127705951967, 1.6875715383575534, 1.6854496048992786, 1.683415127883297, 1.6814879448879312, 1.6795091055428935, 1.6775641257125313, 1.6756874934774935, 1.6738440569087216, 1.672022382651929, 1.6702068752005124, 1.6684335781393798, 1.6667276435030471, 1.6650044996775335, 1.6633259011126342, 1.661701263670863, 1.6601224768220304, 1.658619907001507, 1.6573039826300358, 1.656413831943201, 1.6564476345446393, 1.6573207196826012, 1.6581277356381023, 1.655499232540705, 1.6502912222048634, 1.6472693261505666, 1.6481014026743077, 1.6490183124316509, 1.6467793628411713, 1.643087443177892, 1.6413841321592175, 1.6420090247500847, 1.642413015198574, 1.6407332635039786, 1.6377719428095292, 1.6358315803034116, 1.6356351242514122, 1.6358674699620013, 1.6349258054450397, 1.6329057197756498, 1.6309214158302083, 1.6299266628503266, 1.6297199379387954, 1.629618404365335, 1.629008947352329, 1.627761635838948, 1.626117083858491, 1.6245755106743454, 1.623360863497192, 1.6225260500504808, 1.6219879661701286, 1.6216437000132038, 1.6211997797579043, 1.6209670379964976, 1.6195111679676542, 1.6200420302253464, 1.6226788041805955, 1.6263693907276708, 1.6306734142431258, 1.6292013305728377, 1.6215890595466775, 1.613052834894215, 1.6112833289311081, 1.6156431517894527, 1.619446836820355, 1.617743984450486, 1.611595176529852, 1.6076227755691768, 1.608675956699937, 1.6116909531733632, 1.6125109028939335, 1.6094015328569924, 1.605591742620032, 1.604097137813734, 1.60516553489309, 1.606738089760814, 1.6067589294695261, 1.605083379031921, 1.6025872831231354, 1.6008098658536603, 1.6002781767019507, 1.6006743192281425, 1.6013813864823108, 1.6017778961315152, 1.6017607600016843, 1.6010867337280366, 1.6000603543041536, 1.5987471996192262, 1.5974757936868245, 1.596344147706574, 1.5954199826597746, 1.5946764699222684, 1.5940590574168523, 1.5935150443288413, 1.5930159925231868, 1.5925441048714164, 1.5920970838753867, 1.5916953639774178, 1.5913979518013088, 1.5913893059276374, 1.5921993125029597, 1.59548839236604, 1.6056701650977552, 1.6342996671996262, 1.6792191808914736, 1.701251371404556, 1.6205450624944608, 1.5945948358147761, 1.6497232635635384, 1.6247194207033153, 1.5882513071819522, 1.6227987904770267, 1.6157893474694247, 1.586725120968928, 1.607726528814875, 1.608541924576287, 1.5865700673661343, 1.5988970187400355, 1.6026031507094165, 1.5863584799579102, 1.5934747045519002, 1.5979134232288543, 1.5860399800971712, 1.5897624517755546, 1.594189934575647, 1.5856764486576287, 4.906630391417321, 1.797953957634464, 2.27579728047448, 3.395582877108902, 3.1052096529849234, 2.1912068081711684, 1.6641258690393477, 1.8802683085147913, 2.344224477480827, 2.4475207401992596, 2.1254280482823407, 1.7367518275383957, 1.6239761552713887, 1.8121575473743794, 2.0260487841005728, 2.0306751406548984, 1.8449743767352664, 1.6491264620288335, 1.600374987316062, 1.7001626302895623, 1.8195279669510211, 1.8358560723138162, 1.7414270842787345, 1.628606747757656, 1.5911645096031213, 1.6404716423579302, 1.706502620232197, 1.7160302776377536, 1.6650341177309125, 1.6098750699075701, 1.6003540411068913, 1.6311444075167676, 1.6570826767516957, 1.6474340738534117, 1.615452077062666, 1.5961780368912135, 1.6053747418277664, 1.6256724343674642, 1.6301787979841413, 1.6131302495356252, 1.5935716567550857, 1.5913570928210843, 1.6048332114939463, 1.6151629982038551, 1.609832985899706, 1.5959470478783622, 1.5890874616463642, 1.5942631334554371, 1.6021079304780437, 1.602210479148586, 1.5952741954884624, 1.5901548603859703, 1.5918077968743432, 1.5960049912624703, 1.5961781615306292, 1.5921210007164988, 1.58925702522217, 1.5906967222396027, 1.5934616580702092, 1.5932261042633542, 1.5902222489560016, 1.5883340097800038, 1.589486120750918, 1.5914037468655051, 1.591201042569814, 1.5892497749525467, 1.5881424816573322, 1.5888851366902648, 1.5898529715401244, 1.5894792186505133, 1.5883752136826006, 1.5880565222253864, 1.5886268265401549, 1.588885416603079, 1.5883053479223874, 1.5877074305838035, 1.5878372077283964, 1.5882579236324217, 1.588160492834936, 1.5876137239001589, 1.587345412166313, 1.587569692486447, 1.5877520906014617, 1.5875215736019166, 1.5871887089402499, 1.5871499874133426, 1.5872813707187226, 1.5872310342479976, 1.5870069537555223, 1.5868930321012733, 1.5869446122311208, 1.5869370438264512, 1.5867772682572323, 1.5866392997475685, 1.5866413670049726, 1.5866582139912373, 1.586559064646356, 1.5864201523105563, 1.5863692735970754, 1.5863711668009086, 1.58631451550851, 1.5862079548634844, 1.5861379743231445, 1.586112947764203, 1.5860635591988936, 1.5859759429909543, 1.5859076549109175, 1.5858722988238911, 1.5858228365608533, 1.5857429951488162, 1.5856735965739082, 1.5856315854727276, 1.585584290598871, 1.5855141344389418, 1.585445499581259, 1.5853952518641299, 1.5853457474969594, 1.585281809816518, 1.585218034470018, 1.5851649309316025, 1.5851111601415149, 1.5850481225044746, 1.5849861644641583, 1.5849321867738708, 1.5848779926932302, 1.5848164266468208, 1.5847561080136112, 1.584701248759256, 1.5846444893294231, 1.584585290453762, 1.5845252213876184, 1.584469219836476, 1.5844128355325433, 1.5843529756310786, 1.5842947172388449, 1.5842382069249277, 1.58418030830521, 1.5841209818869244, 1.584063180166067, 1.584006466461152, 1.5839484261028411, 1.5838895878591153, 1.5838317977984422, 1.5837744400473484, 1.5837161440221263, 1.583657694846957, 1.5836000246752056, 1.5835423391955614, 1.5834842104993532, 1.5834263616300261, 1.5833686490892722, 1.5833108867607564, 1.5832528892805358, 1.5831949819037456, 1.583137238600511, 1.583079226224701, 1.583021144149708, 1.5829633620867938, 1.5829056116653164, 1.582847674474059, 1.582790342348323, 1.5827336158810936, 1.5826754424879033, 1.582617759221877, 1.5825600886166236, 1.5825024287040088, 1.5824444843225403, 1.5823859178978064, 1.582328690608643, 1.5822705091095217, 1.5822126191911066, 1.582154627767492, 1.5820967802551855, 1.582038980189057, 1.5819811098902727, 1.5819225548610112, 1.5818646597018367, 1.5818071338668647, 1.5817492043175398, 1.581691259964039, 1.581633258884599, 1.5815752238735536, 1.5815171710357256, 1.5814590635697987, 1.581400896845662, 1.5813426971394045, 1.581284451350912, 1.5812261408169532, 1.581167781408648, 1.5811097443248143, 1.581051534336616, 1.580992641440165, 1.5809340779415082, 1.580875556829575, 1.5808169691796186, 1.5807577496999101, 1.5806990221915844, 1.5806399068960992, 1.5805807326504295, 1.5805214627860835, 1.5804623359603474, 1.580403271192104, 1.5803439488155968, 1.5802845426109415, 1.5802249466305753, 1.5801649386973693, 1.580105900269755, 1.580046145892812, 1.579986298878886, 1.5799263805313906, 1.5798663698270454, 1.5798062492279874, 1.579746045477499, 1.5796854689969495, 1.5796250878817821, 1.5795646088250577, 1.579504033709229, 1.57944349379722, 1.5793828696668735, 1.579322174479664, 1.5792613149311663, 1.57920031217242, 1.5791392242347675, 1.5790780321147069, 1.5790167444989003, 1.578955900573608, 1.5788946388986291, 1.5788332898289548, 1.578771854933666, 1.5787103433426914, 1.5786487900815962, 1.5785871745105942, 1.5785254981104428, 1.5784637623887596, 1.5784019689386601, 1.578340119047544, 1.5782782163651854, 1.5782162750956472, 1.5781542651068465, 1.5780921816006066, 1.5780300283931619, 1.5779678334920257, 1.5779055634849461, 1.5778431261036348, 1.5777807444724823, 1.5777182891255634, 1.5776557569308465, 1.5775931849707021, 1.5775304969857593, 1.5774677431058934, 1.5774046412082812, 1.5773416732786278, 1.5772786396143585, 1.5772157699027438, 1.5771527235299594, 1.577089552098756, 1.5770262022264958, 1.5769628226536019, 1.576899435543626, 1.5768360074493721, 1.5767723743929103, 1.576708726591813, 1.5766448408162403, 1.5765811736621467, 1.5765173407993294, 1.5764533732999269, 1.5763893510550289, 1.5763252496236797, 1.5762610686791887, 1.576196807862818, 1.5761324667449967, 1.57606804496179, 1.5760035421739957, 1.5759389579778895, 1.5758742919520892, 1.5758095436030617, 1.5757447124120618, 1.5756797979015063, 1.5756147995683265, 1.575549716817121, 1.5754845490152178, 1.575419295465135, 1.5753539552877207, 1.575288527685086, 1.5752230118272181, 1.5751574068668945, 1.5750917120161974, 1.5750259263750814, 1.5749600499593635, 1.5748940892509637, 1.5748280871542653, 1.5747618722947287, 1.5746955842365404, 1.5746292039741974, 1.57456273287885, 1.57449616920701, 1.5744295021307495, 1.5743627318161353, 1.5742958684370343, 1.5742288803785414, 1.574161782935363, 1.5740945703378544, 1.574027255040756, 1.5739598289058685, 1.5738922800533308, 1.5738246204412092, 1.5737568473716421, 1.5736889535007401, 1.5736209441748272, 1.5735528173373474, 1.5734845698067232, 1.5734162035288461, 1.5733477174168087, 1.5732791104467927, 1.573210381973295, 1.5731415314578734, 1.5730725584055967, 1.573003462314947, 1.5729342426739492, 1.5728648989805685, 1.5727954308158407, 1.572725837815941, 1.5726561196295648, 1.5725862759009723, 1.5725163062753547, 1.572446210492054, 1.5723759884255115, 1.5723056414473773, 1.572235168311085, 1.572164568155843, 1.5720938408632799, 1.5720229863796633, 1.5719520045929742, 1.571880895594585, 1.5718096593847546, 1.5717382960101778, 1.5716668055914942, 1.5715951882527164, 1.5715234441489974, 1.571451573463641, 1.5713795764302383, 1.5713074533388645, 1.5712352045146338, 1.5711628303009568, 1.571090331074415, 1.5710177072670926, 1.5709449593683573, 1.5708720879065128, 1.570799093434281, 1.570725976486772, 1.5706527378842337, 1.570579378154504, 1.5705058980904865, 1.5704322984653587, 1.5703585800962243, 1.5702847438598617, 1.570210602477257, 1.5701365268999625, 1.5700623479795652, 1.5699880519542917, 1.5699137176758937, 1.5698390847907107, 1.5697644768469436, 1.5696897424703813, 1.5696148566985697, 1.5695398616188072, 1.5694649301077037, 1.5693898086388833, 1.569314550778067, 1.5692391279005269, 1.5691637778296175, 1.5690881256989955, 1.5690124291622858, 1.5689366966713543, 1.5688608760083094, 1.568784755561326, 1.5687088168995837, 1.5686327199827728, 1.5685565713118408, 1.5684802393136308, 1.5684039512928372, 1.5683275639161558, 1.5682510715552693, 1.5681744902718509, 1.5680977492355865, 1.568021059475815, 1.5679441993021657, 1.56786744775277, 1.5677905931137546, 1.5677136024872929, 1.5676365845936657, 1.5675595141567504, 1.5674823937821396, 1.5674052253009938, 1.5673280133349385, 1.567250759189001, 1.5671734667869253, 1.567096137892213, 1.5670189239306003, 1.5669415556687298, 1.56686416340694, 1.5667867497629075, 1.5667093183369813, 1.5666318727767632, 1.5665544165559118, 1.566476950476107, 1.5663994656193112, 1.5663219745759462, 1.5662444787794139, 1.566166977098932, 1.566089681829454, 1.5660122557284175, 1.5659347954544272, 1.5658574812365886, 1.5657800895963165, 1.5657027483670722, 1.5656255318538221, 1.5655482435302417, 1.5654710853132412, 1.5653939811452602, 1.5653168007389178, 1.5652398756397299, 1.5651629322441147, 1.5650859087486753, 1.5650091641080253, 1.564932462000071, 1.5648558085560607, 1.5647792306119213, 1.5647027384322074, 1.5646263415153447, 1.5645500432454136, 1.564473843179242, 1.564397749101176, 1.5643217680744774, 1.5642459040250538, 1.5641703265052784, 1.5640947481935312, 1.5640193037584522, 1.5639439975793004, 1.5638688294665462, 1.5637937871859982, 1.5637188947464773, 1.5636441556989724, 1.5635697513189337, 1.5634953832256677, 1.5634211223433037, 1.5633471567371406, 1.5632734441974057, 1.5631997707875807, 1.5631264001735978, 1.5630531551914233, 1.5629801898023872, 1.5629073196617567, 1.5628347931217477, 1.5627624667650155, 1.5626902568823262, 1.5626184471985807, 1.5625466415126004, 1.5624751764223086, 1.5624039923916788, 1.5623330980077126, 1.5622624418991633, 1.5621920429729454, 1.562121907754815, 1.5620520420900839, 1.5619824530613478, 1.561913145818705, 1.561844124468601, 1.5617753946401398, 1.5617069617524406, 1.5616388297762038, 1.5615710034036716, 1.5615034880961784, 1.561436288264514, 1.5613694081132699, 1.5613028531140178, 1.5612366285989372, 1.561170744879895, 1.5611052333526232, 1.561039986224395, 1.5609751245021313, 1.56091061541127, 1.560846464221236, 1.5607826659392408, 1.5607192335440856, 1.5606561682540572, 1.5605934736835634, 1.5605311540821427, 1.5604692133464022, 1.5604078685116405, 1.5603467001460538, 1.5602858438018214, 1.560225449519269, 1.5601653831874025, 1.5601059173374687, 1.560046710233849, 1.559987933455545, 1.5599296728098972, 1.5598719464592532, 1.5598140119443622, 5.471081669062723, 1.6458623361307112, 3.910735822379431, 3.628270526671066, 1.8971213485201504, 1.7606231555623504, 2.64343250526246, 2.9219154692351, 2.4001653633069995, 1.716344260392299, 1.6225683133373303, 2.0987103880157463, 2.331829836704183, 2.0219410950467545, 1.629375009887587, 1.6017106045365366, 1.8452340136733631, 2.0010158140572774, 1.9059246615465477, 1.6790593257879898, 1.560379447084842, 1.6564735876277568, 1.800375647988323, 1.787273651654465, 1.6465177483594282, 1.5613387114686148, 1.6096302188543135, 1.6944120951783193, 1.7034646040576162, 1.6321964938999225, 1.5667865148492295, 1.578079364336948, 1.6341017493684438, 1.648092301888564, 1.6024201815104242, 1.5624736211471906, 1.5737272626570957, 1.60728241021512, 1.61296531810169, 1.585046368452556, 1.56117268593025, 1.569175244050779, 1.5904724003248178, 1.590772614201155, 1.5708773655868908, 1.5598825554694549, 1.5692011658315137, 1.5804057054137943, 1.5761861567062672, 1.5634971873458783, 1.560177265540023, 1.5681288093183001, 1.5725680028770164, 1.566359421073843, 1.5595561609260726, 1.5613332532208688, 1.5665376801141937, 1.5659822064534616, 1.5606701465453734, 1.5586441652713738, 1.5617148367207172, 1.5635483112008395, 1.5608152620018556, 1.5579761542570545, 1.5589102712312197, 1.5608953608654113, 1.560070263308955, 1.5577582412938604, 1.5574446255025052, 1.5588731945821848, 1.5590307562629064, 1.5575528413232111, 1.5568895606828392, 1.5577465376809188, 1.5582102689000714, 1.557394619502353, 1.5567528402007051, 1.557229160410433, 1.5576964112786995, 1.557277873443963, 1.5567851807027795, 1.557012575667739, 1.5573658491639206, 1.5571166394143026, 1.5567275984270723, 1.5568146587128455, 1.5570197178542728, 1.55687150440649, 1.556582209889536, 1.5565913674060186, 1.5567418744312531, 1.5566184997941361, 1.556408136009685, 1.55642716218806, 1.556522389466663, 1.5564191270988106, 1.5562966271246024, 1.5563175527723814, 1.55637263689107, 1.5562796903754843, 1.5561989638022027, 1.5562197842671543, 1.5562154000441253, 1.5561354477403262, 1.556071027496194, 1.556074817520286, 1.5560568628301257, 1.5559815701921715, 1.5559407819191777, 1.5559312718953642, 1.5558960255129757, 1.5558298582419923, 1.5557943305930024, 1.5557657345443692, 1.5557324573428881, 1.5556752857982865, 1.5556282019742775, 1.5556084786892972, 1.5555696598935966, 1.5555188764465995, 1.5554804770390418, 1.555452728623419, 1.5554005830073871, 1.555363783726991, 1.5553289767775238, 1.5553059769592013, 1.5552645865082966, 1.5552201962222647, 1.555190312218704, 1.5551620795163992, 1.5551230478839315, 1.5551009096745694, 1.5550728910376428, 1.5550319459876105, 1.55503474798723, 1.5549734401223085, 1.5549541041126453, 1.554912261698894, 1.5548947760566063, 1.5548675725071541, 1.5548305296105362, 1.5548048762120261, 1.5547777687485216, 1.5547455207131762, 1.5547130029976195, 1.5546808079528314, 1.5546526474317, 1.5546203860746906, 1.5545833721099334, 1.5545611105961157, 1.5545163196014895, 1.5544886784921266, 1.5544538387903641, 1.554430981000337, 1.5543843825043602, 1.5543598978051898, 1.5543365616108447, 1.5542978628282809, 1.5542729983883583, 1.5542405443696878, 1.5542017003952717, 1.5541599378821358, 1.5541637930647676, 1.554117724025456, 1.5540784191624117, 1.5540311350295033, 1.5540023425113034, 1.5539622218611284, 1.553937045376257, 1.5539009072885592, 1.5538677649817947, 1.553841667627316, 1.55379446372732, 1.5537732912528823, 1.5537346144760826, 1.5537038634809333, 1.5536942831339005, 1.5536401853155355, 1.5536019082736041, 1.5535565615455924, 1.5535321307375376, 1.553493310581804, 1.553459040836662, 1.5534299668531195, 1.553391755105938, 1.553366732574293, 1.5533288164539103, 1.553301265825236, 1.553263840795311, 1.5532107304306868, 1.5531994533755304, 1.553165971543889, 1.5531328501547192, 1.5531237615430962, 1.553070465324881, 1.5530195626908496, 1.552980562004417, 1.5529612443443348, 1.5529299522429902, 1.552902317896997, 1.552877464913933, 1.5528556846434127, 1.5528466553066549, 1.5527970866441492, 1.552767904412664, 1.5527491210491533, 1.5527401334463988, 1.5527195374599843, 1.552670114466452, 1.552652355665533, 1.5526067035030657, 1.5525983408039432, 1.5525802189657432, 1.5525564774015572, 1.552541796026935, 1.5525050414598291, 1.5524823224685476, 1.5524572671568222, 1.5524397640472174, 1.5524051519650925, 1.5523871018419835, 1.5523698147371312, 1.5523156261933095, 1.5523186138808236, 1.552299857341431, 1.5522685647358194, 1.5522412346787908, 1.5522235929171002, 1.552204905229027, 1.5521630454986122, 1.5521540793997881, 1.5521294691469394, 1.5521081983014264, 1.5520829468223625, 1.5520585601747194, 1.5520249596332654, 1.5520113284789827, 1.5519797712193826, 1.5519640571920712, 1.5519436964399456, 1.5519144436188113, 1.5518732167537517, 1.5518633599455038, 1.5518238434753406, 1.55182000767795, 1.5517851788649326, 1.5517573128787403, 1.5517416470957925, 1.5517241750263056, 1.5516903450774955, 1.5516852905923815, 1.5516532651916366, 1.5516245204879302, 1.5516070852448096, 1.551565849330462, 1.5515648099495687, 1.5515626452641884, 1.551538450339914, 1.5514992298225239, 1.5514703183914025, 1.5514337552328916, 1.5514047553495127, 1.5513970187874646, 1.5513704931520194, 1.5513531158351548, 1.5513066613932975, 1.5513335973863773, 1.5512595517808159, 1.5512471661123106, 1.5512377978542249, 1.5512122560177692, 1.5511801647582393, 1.551167349130789, 1.5511384553946135, 1.5511031846112386, 1.5510806814824527, 1.551069900085937, 1.5510535785399329, 1.5510208651062884, 1.5510069953252759, 1.5509742870290901, 1.550982384402963, 1.5509245482263545, 1.5508664577216387, 1.5508799483536777, 1.5508606561053038, 1.5508262511211124, 1.5507962216603237, 1.55079422474239, 1.550796101038781, 1.550733457933228, 1.5507142701307541, 1.550690890727491, 1.5506686120470192, 1.5506420023966783, 1.5506245267930419, 1.5506014315719179, 1.5505664429999302, 1.5505644417182134, 1.5505288693224708, 1.550549389081779, 1.550489793901645, 1.5504563410178127, 1.550441436991121, 1.5504122703943564, 1.5503944807150118, 1.5503761468351824, 1.5503553529275735, 1.5503184668660168, 1.5503065804456748, 1.5503154283757423, 1.5502666245060608, 1.5502379295978697, 1.5502129169374859, 1.5501843130510216, 1.550191750026473, 1.5501489420959516, 1.5501184599637923, 1.5500793332472094, 1.5500702167737137, 1.5500495002576733, 1.550020718990037, 1.5500086618290607, 1.5499804087511664, 1.5499386147658982, 1.549925443915057, 1.5499102647573344, 1.5498850690355068, 1.549870780569455, 1.5498353015048176, 1.5498248465435578, 1.5498042438546138, 1.5497471338058588, 1.549723819183152, 1.5497336138557933, 1.549699361857375, 1.549672144544975, 1.5496551870000332, 1.5496366210017534, 1.549613393449041, 1.549596369770132, 1.5495732624768848, 1.5495347445490788, 1.549504826312333, 1.5495054479079113, 1.5494833554168432, 1.549450827171402, 1.549424459757769, 1.5493955247071283, 1.5493948282522778, 1.549374436191657, 1.549331060162803, 1.5493206647968192, 1.5492929515167333, 1.5493080113628563, 1.5492601687153225, 1.549238779772999, 1.549212369879084, 1.5491830048500659, 1.5491638094019562, 1.5491257039577833, 1.5491071987258023, 1.5491046225570069, 1.549070920548764, 1.5490584777908927, 1.5490333124676339, 1.5490073381949043, 1.548995717621806, 1.548971659369525, 1.5489408894140126, 1.5489233407428065, 1.5489030311351497, 1.548880688159094, 1.5488415348932514, 1.5488187608160373, 1.5488010864331094, 1.5487390040630538, 1.5487418889351436, 1.5487352882072452, 1.548710002518629, 1.5486842627830233, 1.5486614530251996, 1.5486509269234199, 1.5486217938193534, 1.5486048320710888, 1.5485853173467155, 1.5485475573026923, 1.548528969453992, 1.5485048534863095, 1.5484779262053971, 1.5484712355803167, 1.548447159644862, 1.548414504023763, 1.5483960627775624, 1.5483892151173024, 1.5483346630214085, 1.5483187898422208, 1.548327044551735, 1.5482659892997572, 1.5482506726581347, 1.548219411491933, 1.5482207506235937, 1.5481901626757635, 1.5481778844552907, 1.5481329543373419, 1.5481399930692994, 1.5481290988518557, 1.5480671294190342, 1.548056938322933, 1.548022105848094, 1.5480053390096808, 1.5479933164824287, 1.547936280986021, 1.5479324121953815, 1.5479252198374254, 1.5479117137489853, 1.5478795856157874, 1.547858450298737, 1.5478357145978472, 1.5478021107478874, 1.5477815903244327, 1.5477493810661533, 1.5477405938688482, 1.5477165522330145, 1.5476914291793982, 1.5476815654369427, 1.5476361184615148, 1.54762738692681, 1.5476153517753992, 1.5475784814775273, 1.5475735203260186, 1.5475429446422821, 1.547512717730928, 1.5474887986606176, 1.5474663358600993, 1.5474353299094796, 1.5474235695575935, 1.5474007615964824, 1.5473774468421277, 1.5473632755546651, 1.5473261905644315, 1.5473144618294823, 1.5472914726468296, 1.547266999267736, 1.5472452769041871, 1.547230195257333, 1.547201002226295, 1.5471733022066045, 1.5471564279383114, 1.547131349981555, 1.5471132345699437, 1.5470940694249335, 1.547066717041482, 1.5470398202787101, 1.5470345618437131, 1.5469990974748065, 1.546979090589185, 1.5469410633146488, 1.5469277615959827, 1.546907621985188, 1.5468751883045408, 1.5468519374665297, 1.5468423672801708, 1.5468112600746189, 1.5467977151064483, 1.5467614164466987, 1.546696890609747, 1.5467288014302092, 1.5467069738090238, 1.5466895313854727, 1.5466674364118882, 1.546646830975284, 1.5466232115806093, 1.5465892026608197, 1.546567458765501, 1.5465584507696735, 1.546551929301588, 1.5465296820014074, 1.5464815270558996, 1.5464516317828496, 1.5464560846657376, 1.546412040786214, 1.5463956218406316, 1.546355827137017, 1.546334765254199, 1.5463159820109198, 1.546288138701162, 1.5462784298017096, 1.5462424975996734, 1.5462190075207152, 1.5461986460999653, 1.546196099673415, 1.546157916251534, 1.5461337662521435, 1.5461148183723759, 1.5461048848358792, 1.5460813085151002, 1.5460580937988946, 1.5460323506459497]