Model Setup for Atypical Patient 12:
ITERS=2000
LEARNING_RATE=0.001
OPT_RESET=500
ATOL=1e-09
RTOL=1e-07
METHOD=dopri5
Input channels=2
Hidden channels=11
Output channels=2
Runtime=13624.755522966385Optimizer=Adam (
Parameter Group 0
    amsgrad: False
    betas: (0.9, 0.999)
    capturable: False
    differentiable: False
    eps: 1e-08
    foreach: None
    fused: None
    lr: 0.001
    maximize: False
    weight_decay: 0
)Loss over time=[570.4570438115946, 550.7569339442342, 531.4899111416336, 512.6583929266034, 494.26127935966684, 476.2938049370519, 458.75009578326336, 441.62520078918146, 424.9143611602906, 408.6169951086588, 392.7868349634912, 377.3569898317088, 362.318795180814, 347.6629838931682, 333.38008536035085, 319.46076081355636, 305.9251701566846, 292.8532973458141, 280.10142280335623, 267.6636324762701, 255.53457452688187, 243.70939325258507, 232.18381121444688, 220.9538890191835, 210.01626963692934, 199.36799569486539, 189.00665861609465, 178.9303194146939, 169.13758532740707, 159.62757413417637, 150.3998959074405, 141.45463930170695, 132.79232153547107, 124.41386259996216, 116.32054523955813, 108.51395782923295, 100.99595022914853, 93.76858096905134, 86.83402896545188, 80.19456384130423, 73.85247516864521, 67.80995281927541, 62.06903975209721, 56.631531299306516, 51.49888116178525, 46.67223084611092, 42.15227848651502, 37.938431762170715, 34.029693086227674, 30.424140006442713, 27.1188842022652, 24.1141419755686, 21.399703310411137, 18.962491537279437, 16.806518181516715, 14.916075693332578, 13.279920074754466, 11.885229505814571, 10.717636351617362, 9.761306746498112, 8.999072230911084, 8.412616323917174, 7.9827171245650845, 7.689543133280908, 7.5129958776002885, 7.433086661730818, 7.430336283663129, 7.48617388940111, 7.583317913905969, 7.706115883620589, 7.840823514436193, 7.9758066888652275, 8.101655091700302, 8.21120295429292, 8.299459401618398, 8.363457509519701, 8.40203656232465, 8.415575579984697, 8.40569775004431, 8.374965055711645, 8.326580470916126, 8.264112060341443, 8.191249675644544, 8.11160113637438, 8.02853119443207, 7.9450434630158835, 7.863702993885875, 7.786595364319612, 7.71531696757697, 7.650990617823651, 7.5943004828043055, 7.545540633821472, 7.504672042797027, 7.471383560294449, 7.445153194065623, 7.4253067868515465, 7.411072023172778, 7.401626234631936, 7.396137215700805, 7.393796718536283, 7.393846663389266, 7.395598402225801, 7.398445628741097, 7.401871637894605, 7.405451775965748, 7.408851819369527, 7.411823195639628, 7.4141957816948585, 7.415869011640286, 7.416801943748959, 7.41700285392733, 7.416518836787972, 7.415425808842392, 7.413819224034816, 7.41180573196663, 7.409495935238212, 7.406998335507954, 7.404414498889648, 7.401835416895683, 7.399339018003169, 7.396988705463271, 7.3948328211331535, 7.392904896559097, 7.391224540092821, 7.389798812896124, 7.388623948821484, 7.387687282130384, 7.386969260164277, 7.386445434425003, 7.386088341498029, 7.385869205421301, 7.385759411756601, 7.385731722563714, 7.385761218840575, 7.3858259734334215, 7.3859074614981095, 7.385990745883692, 7.386064458093234, 7.386120613248662, 7.386154298541457, 7.386163272082874, 7.386147507889401, 7.3861087191825225, 7.386049887640969, 7.385974821070397, 7.38588775652197, 7.385793020525705, 7.38569475307274, 7.38559669748996, 7.385502054549039, 7.385413396108178, 7.385332631342945, 7.385261017145783, 7.385199203513394, 7.38514730460594, 7.385104986548661, 7.3850715638381335, 7.385046097299978, 7.385027487804364, 7.385014561289437, 7.385006141972114, 7.385001111883878, 7.384998455984609, 7.384997293065536, 7.384996893409005, 7.384996684740489, 7.384996248379048, 7.384995307689107, 7.384993710975032, 7.3849914108713755, 7.384988442092155, 7.384984899141205, 7.384980915281239, 7.38497664373753, 7.384972241793215, 7.384967858136007, 7.384963623553577, 7.384959644855882, 7.384956001733414, 7.384952746137631, 7.3849499036986535, 7.384947476664563, 7.38494544785421, 7.384943785152452, 7.384942446136449, 7.384941382495716, 7.38494054398665, 7.384939881749853, 7.384939350887424, 7.384938912274853, 7.384938533632876, 7.384938189932418, 7.384937863236363, 7.384937542100479, 7.38493722066124, 7.38493689753619, 7.3849365746514, 7.384936256091976, 7.384935947053432, 7.384935652948396, 7.384935378701642, 7.384935128246979, 7.38493490422307, 7.38493470784995, 7.384934538959421, 7.384934396145883, 7.384934277002251, 7.384934178404705, 7.384934096813964, 7.384934028566195, 7.3849339701303895, 7.384933918318311, 7.3849338704364405, 7.384933824379618, 7.384933778665704, 7.384933732420057, 7.384933685316804, 7.384933637490828, 7.384933589428008, 7.38493354184941, 7.384933495595624, 7.38493345152157, 7.384933410408147, 7.384933372893861, 7.384933339428722, 7.384933310250769, 7.3849332853832745, 7.384933264649291, 7.38493324770047, 7.3849332340552305, 7.384933223142707, 7.3849332143472415, 7.38493320705125, 7.384933200672629, 7.384933194695062, 7.3849331886900895, 7.3849331823300455, 7.384933175392765, 7.38493316775838, 7.384933159400007, 7.38493315036922, 7.384933140778708, 7.384933130783514, 7.384933120561613, 7.384933110297028, 7.384933100163962, 7.38493309031525, 7.384933080873288, 7.3849330719250466, 7.384933063520185, 7.384933055672354, 7.384933048362688, 7.384933041545339, 7.384933035153709, 7.384933029108127, 7.384933023322223, 7.384933017709682, 7.38493301218964, 7.384933006691107, 7.384933001155807, 7.38493299554007, 7.384932989815112, 7.384932983966556, 7.3849329779926, 7.384932971902329, 7.384932965712755, 7.384932959446362, 7.3849329531285415, 7.3849329467848825, 7.3849329404396915, 7.38493293411384, 7.384932927823999, 7.384932921582018, 7.384932915394848, 7.384932909264554, 7.384932903189045, 7.384932897162833, 7.384932891178013, 7.384932885224867, 7.384932879293288, 7.384932873372836, 7.3849328674545, 7.384932861530031, 7.3849328555930915, 7.384932849639015, 7.384932843665021, 7.384932837670098, 7.384932831654436, 7.38493282551059, 7.384932819171718, 7.384932812818158, 7.384932806452979, 7.384932800079156, 7.384932793699421, 7.384932787316045, 7.384932780930684, 7.384932774544518, 7.3849327681582, 7.384932761771784, 7.384932755384617, 7.384932748996203, 7.3849327426055105, 7.384932736211376, 7.384932729812758, 7.384932723408658, 7.384932716998097, 7.384932710580398, 7.384932704154955, 7.38493269772161, 7.384932691280053, 7.384932684830483, 7.384932678372973, 7.3849326719078165, 7.3849326654353975, 7.384932658955975, 7.384932652470044, 7.384932645977765, 7.38493263947957, 7.384932632975613, 7.384932626465971, 7.3849326199507495, 7.384932613430024, 7.384932606903782, 7.3849326003719105, 7.384932593834287, 7.3849325872909155, 7.3849325807416655, 7.384932574186427, 7.384932567625168, 7.384932561057851, 7.38493255448432, 7.384932547904746, 7.384932541319052, 7.384932534727226, 7.384932528129414, 7.384932521525622, 7.38493251491585, 7.384932508300337, 7.384932501678883, 7.384932495051709, 7.384932488418829, 7.384932481780219, 7.3849324751360435, 7.384932468486169, 7.384932461830712, 7.384932455169709, 7.384932448503078, 7.384932441830853, 7.3849324351530665, 7.384932428469753, 7.3849324217808965, 7.384932415086445, 7.384932408386507, 7.384932401681064, 7.38493239497013, 7.38493238825376, 7.3849323815319075, 7.384932374804646, 7.384932368071992, 7.384932361333972, 7.384932354590558, 7.384932347841869, 7.384932341087791, 7.384932334328472, 7.384932327563851, 7.384932320794051, 7.384932314018896, 7.384932307238578, 7.384932300453087, 7.384932293662339, 7.384932286866453, 7.384932280065374, 7.384932273259185, 7.384932266447865, 7.384932259631473, 7.384932252809867, 7.384932245983301, 7.384932239151641, 7.384932232314903, 7.384932225473125, 7.384932218626346, 7.384932211774571, 7.384932204917856, 7.384932198056097, 7.38493219118945, 7.384932184317833, 7.3849321774413506, 7.384932170559853, 7.384932163673484, 7.384932156782242, 7.384932149886141, 7.384932142985213, 7.384932136079424, 7.384932129168825, 7.384932122253421, 7.384932115333098, 7.384932108408051, 7.38493210147833, 7.384932094543712, 7.384932087604411, 7.384932080660363, 7.384932073711578, 7.384932066758032, 7.384932059799832, 7.384932052836908, 7.384932045869319, 7.384932038897148, 7.384932031920214, 7.384932024938664, 7.384932017952443, 7.384932010961694, 7.384932003966227, 7.384931996966205, 7.384931989961578, 7.384931982952372, 7.3849319759386285, 7.384931968920267, 7.384931961897402, 7.384931954870016, 7.3849319478380115, 7.38493194080154, 7.384931933760523, 7.384931926715027, 7.3849319196649965, 7.384931912610501, 7.384931905551571, 7.3849318984880945, 7.384931891420174, 7.384931884353954, 7.384931877284998, 7.384931870211589, 7.384931863133775, 7.3849318560515425, 7.384931848964973, 7.384931841873922, 7.384931834778539, 7.384931827678745, 7.384931820574533, 7.384931813466073, 7.384931806353191, 7.384931799235946, 7.384931792114369, 7.384931784988416, 7.3849317778581955, 7.384931770723551, 7.384931763584632, 7.38493175644139, 7.3849317492938376, 7.384931742141978, 7.384931734985784, 7.384931727825303, 7.384931720660546, 7.384931713491488, 7.384931706318134, 7.384931699140515, 7.384931691958645, 7.384931684772471, 7.384931677581958, 7.384931670387263, 7.3849316631883175, 7.384931655985079, 7.384931648777555, 7.384931641565803, 7.384931634349827, 7.38493162712958, 7.384931619905044, 7.384931612676284, 7.384931605443319, 7.38493159820612, 7.384931590964712, 7.384931583718986, 7.384931576469097, 7.384931569214924, 7.38493156195656, 7.384931554693903, 7.384931547427092, 7.384931540155978, 7.384931532880672, 7.384931525601195, 7.3849315183174244, 7.38493151102947, 7.3849315037372145, 7.38493149644076, 7.384931489140171, 7.384931481835266, 7.384931474526183, 7.384931467212888, 7.384931459895328, 7.38493145257354, 7.3849314452475365, 7.3849314379173014, 7.384931430582839, 7.384931423244129, 7.384931415901144, 7.384931408554024, 7.384931401202575, 7.384931393846869, 7.384931386487102, 7.384931379122909, 7.384931371754518, 7.384931364381868, 7.704792373156863, 7.402706685910158, 7.463527768294738, 7.574860119830671, 7.516649291072398, 7.415915794244364, 7.386764022888749, 7.433631501861021, 7.477581235693737, 7.46662628002023, 7.420955840063841, 7.387689495185932, 7.392295161550522, 7.41978318695001, 7.435583198688938, 7.424124013636833, 7.399508466384598, 7.385283398164933, 7.391127328614946, 7.40615732939684, 7.41267256221363, 7.404598408541092, 7.391064620736028, 7.3849297182877995, 7.389917538948503, 7.398242536577124, 7.400086255052799, 7.393928491967548, 7.386683139488977, 7.385272062663401, 7.389554690666606, 7.393543153418694, 7.392596165033376, 7.3881054325633935, 7.385044711057367, 7.38609484823646, 7.389065607862378, 7.390023978132064, 7.387951403583835, 7.385427844561087, 7.385142927061913, 7.386813878796551, 7.3879721256293776, 7.387171448788404, 7.385515971539089, 7.384954617022572, 7.385828600400054, 7.386705664306038, 7.386397102798859, 7.385377829440929, 7.384932415245775, 7.385425569571225, 7.385991401703287, 7.385825084939406, 7.385197200947516, 7.384932635976142, 7.385254018160327, 7.385586588012054, 7.385442240901517, 7.385052522490207, 7.384941576347023, 7.385173407242044, 7.385340555689942, 7.385196322535466, 7.384966211366691, 7.3849586562601015, 7.385122248397066, 7.385176621034652, 7.385045471674783, 7.38493080390736, 7.384977920117979, 7.3850760739314865, 7.385061233812664, 7.384963271721019, 7.384929645456688, 7.3849886402062825, 7.385027375958469, 7.384983565382043, 7.384930212250003, 7.384942679657005, 7.384984122759585, 7.384980598911045, 7.3849404738412066, 7.384927479082787, 7.38495262448744, 7.38496600040803, 7.384945184824346, 7.384925755884813, 7.384935134688555, 7.384950451564285, 7.384943662764812, 7.384927354860294, 7.384927429308385, 7.384938839031249, 7.38493910207609, 7.384928037537625, 7.384924207075992, 7.384931071993099, 7.384933895798586, 7.384927412322159, 7.384922942406837, 7.384926456919903, 7.384929408816178, 7.3849257222447156, 7.384921715403425, 7.384923347792317, 7.384925771063821, 7.38492372922806, 7.38492055269138, 7.384920798938398, 7.38492224007695, 7.384920902077153, 7.384918304622729, 7.384917902354055, 7.384918862420486, 7.384918260566959, 7.384916669947123, 7.384916437394119, 7.38491689208773, 7.384915982343137, 7.384914280557161, 7.384913513599319, 7.384913392935307, 7.3849126849569275, 7.384911702025917, 7.384911327683303, 7.384910965260204, 7.384909866892073, 7.384908596868818, 7.38490796480942, 7.384907651029478, 7.384906939642094, 7.3849057514588745, 7.384904557644086, 7.3849033676872216, 7.384902033340677, 7.384900805999785, 7.384899776763032, 7.384898571858226, 7.384897000973697, 7.384895254088784, 7.384893591137712, 7.384891939605805, 7.3848901688363044, 7.384888293238901, 7.38488617270098, 7.384883781355654, 7.384881328317809, 7.384878923191667, 7.384876306722692, 7.384873200469122, 7.384869865937386, 7.38486651541422, 7.3848630192929825, 7.384858951509318, 7.384854448972654, 7.384849713718801, 7.384840723113434, 7.384839079600132, 7.38483269955525, 7.384826006894579, 7.384816921494601, 7.384812062539042, 7.384802743396847, 7.3847918158161265, 7.384779340191589, 7.384768536490662, 7.384756253734397, 7.384742039103662, 7.384725286886765, 7.384709354428085, 7.384692912860925, 7.38467420604946, 7.384645540466078, 7.384619470990075, 7.3845852830785645, 7.384569593481882, 7.384521266804068, 7.384481973889674, 7.384439026528761, 7.384357864786491, 7.384247951088151, 7.384136431891048, 7.383990752339983, 7.383815400757422, 7.383593872038233, 7.383334888527753, 7.383022588882192, 7.382653676901412, 7.38217429409852, 7.38149747285357, 7.380753285009706, 7.379961071125082, 7.378953788681371, 7.377807042770323, 7.37648851169974, 7.375083717753961, 7.373439433301555, 7.371852684478219, 7.369838972494307, 7.368459333989241, 7.366994733721932, 7.366094287424338, 7.364010509458186, 7.3625326921839624, 7.360529026310716, 7.359087977916716, 7.357103986638214, 7.355102095821513, 7.352530202559469, 7.350073247762153, 7.347728984356175, 7.344702088155308, 7.341688673945478, 7.338627106487873, 7.335157023224215, 7.3314974749448965, 7.327740123608956, 7.323324058141545, 7.318788931004892, 7.314072748685418, 7.3087740171475755, 7.30425784330001, 7.2991972737474535, 7.292896418120517, 7.286230902035487, 7.2791242649207115, 7.271894088065334, 7.264958340721182, 7.257183398455735, 7.251561211333859, 7.2421979939135355, 7.232858998028587, 7.225675671097585, 7.21657275873029, 7.206804282709954, 7.197005612993464, 7.18817309962371, 7.17909645129186, 7.167934181029197, 7.156512223913473, 7.145506764371123, 7.134805581824467, 7.123941592697971, 7.113129514584338, 7.101754170949235, 7.088925052992102, 7.075347082832035, 7.061984636314159, 7.048923149120844, 7.035574706272, 7.022154859437385, 7.008306092519569, 6.99687929634826, 6.986917470983183, 6.973323789886236, 6.949915274700694, 6.940267286733062, 6.929174227752366, 6.906198467033869, 6.8967009772543415, 6.88208044587939, 6.861407842394121, 6.852113250353354, 6.834465283396411, 6.815986673209741, 6.803338734998022, 6.781752264432201, 6.763968612856981, 6.749385604893223, 6.728940979335445, 6.711582637107944, 6.697240857980267, 6.678065799218597, 6.659667707212211, 6.644772991042132, 6.627792288592952, 6.608866058908089, 6.592222981744547, 6.577375913792012, 6.56134225387143, 6.543890910211337, 6.527661023799626, 6.512304183687703, 6.4979610064790725, 6.483948300089282, 6.470365187317868, 6.45719796376888, 6.444732839762298, 6.433016953984466, 6.422228536869316, 6.41217184779725, 6.401816185718041, 6.3919107461176505, 6.38145964057554, 6.370690247933666, 6.360734421234597, 6.3526685653709825, 6.3463485511318884, 6.340673004836085, 6.336134847673953, 6.328428699633094, 6.320701828796668, 6.312165968445697, 6.304659621515356, 6.298793868601871, 6.294173496279219, 6.289907192081215, 6.285257100192675, 6.279788953994304, 6.272892394172145, 6.265191127219205, 6.257634749400094, 6.251022360232766, 6.245401290176494, 6.241713218747886, 6.239904734978959, 6.238474712880507, 6.239208405818304, 6.23903100152082, 6.231504869593607, 6.217502699891529, 6.212464181644776, 6.216475528211128, 6.215333516828682, 6.206545616772346, 6.199331930653182, 6.19705276115749, 6.1972322528805215, 6.193881428293296, 6.187549555021203, 6.183408701425154, 6.181834483435498, 6.181052484696528, 6.178666872324641, 6.174571576540351, 6.170408825068486, 6.167167482817832, 6.165517276160764, 6.164391250863226, 6.162852020558727, 6.160936583244631, 6.158178768196734, 6.154999937178189, 6.151909066189631, 6.148941700061414, 6.146403781403251, 6.143989607330282, 6.141744668943929, 6.139695689228663, 6.1376827898148285, 6.136384166997655, 6.136857959001054, 6.1419176149984, 6.158931879845825, 6.190855372387069, 6.206281477948042, 6.151063017075223, 6.1236980780044, 6.1643036174238715, 6.155625789212385, 6.1168028578149345, 6.138219681162861, 6.143244877117284, 6.113150277003772, 6.12565363088743, 6.131537335105306, 6.108625747793163, 6.116348046074065, 6.121173694859232, 6.10397745874975, 6.1089191035904795, 6.112735848532925, 6.0995892511242396, 6.101406865187198, 6.105369161588623, 6.09543732987559, 6.094357376724393, 6.098336513533184, 6.091666135646344, 6.087822381339776, 6.09100700279877, 6.088676344223955, 6.083199375132822, 6.081725605779886, 6.082493880519416, 6.079587981417867, 6.075858904239445, 6.07522954379103, 6.074856934111427, 6.072032366427664, 6.0689889461149615, 6.067638716270295, 6.066970675887981, 6.064908434892654, 6.0618018791063415, 6.059425972523715, 6.058169415731009, 6.056984763205467, 6.055036875098537, 6.052421830069474, 6.0498070924023635, 6.047519640038305, 6.045534637549915, 6.043712456324036, 6.042084165629964, 6.0404172828882885, 6.038909759896245, 6.037568431903569, 6.037096063365824, 6.037998746041733, 6.041963184415127, 6.051271112410742, 6.066563554800678, 6.0709645240862775, 6.062024056204333, 6.029795486955407, 6.015485120581977, 6.029058418391455, 6.042517992660629, 6.037893508418008, 6.013432500341623, 6.00271802627041, 6.011642852587506, 6.020479511434247, 6.014808673381366, 5.9978360314880526, 5.990282591356504, 5.995969506027768, 5.999716821012095, 5.993432874986328, 5.981426884111045, 5.977939757627249, 5.981749173365923, 5.98207011249739, 5.976196007741689, 5.96748949421333, 5.962888737318976, 5.9632103591114864, 5.964125461128891, 5.962774434171263, 5.956716373395852, 5.949892967204895, 5.944744258845838, 5.942761698199089, 5.9423947663124, 5.941721789368208, 5.9406106162178505, 5.936494322274487, 5.932349811285776, 5.926949552158605, 5.922801828729868, 5.9193965956274885, 5.917456051106643, 5.916208999780679, 5.916174664820129, 5.917442760170582, 5.920982936234585, 5.929594379048314, 5.937671750239383, 5.94855949772955, 5.935887425079009, 5.9163127286519535, 5.895238601031462, 5.891494650290974, 5.902265672715222, 5.909824131650862, 5.912403069949243, 5.894124205417282, 5.879439026631551, 5.874498502542604, 5.8797943744123735, 5.8893616102348885, 5.88879085462369, 5.882343260253129, 5.868180790346894, 5.8586949534043615, 5.856634104320196, 5.859825562367461, 5.863919676723255, 5.861832008262557, 5.85716947411101, 5.847034810394502, 5.839110677101174, 5.834595277875064, 5.833437391770574, 5.834680251217595, 5.8353160695679085, 5.836105651895618, 5.832546065282835, 5.828208033252679, 5.820866014362573, 5.81536661912734, 5.807752843466923, 5.8030367210486835, 5.799525976197359, 5.79702770174919, 5.795400386093254, 5.794376347048641, 5.795647355354152, 9.564340411189544, 6.026821282850037, 6.5272611227683335, 7.737500143635817, 7.464675248425562, 6.506601562760315, 5.871919162666014, 5.997885145420718, 6.534305160343909, 6.769915004265159, 6.497216395834315, 6.0616486932328195, 5.845773615705807, 5.938374238879994, 6.166375530381183, 6.299849751662558, 6.234401330898901, 6.040259537981907, 5.869915303050402, 5.838456705346047, 5.9460169077616305, 6.061079612678102, 6.059969146426502, 5.950782021817971, 5.843535661962306, 5.824117258458859, 5.881944761908418, 5.940723497218223, 5.939490218124193, 5.880148514058286, 5.816593428570764, 5.802297739863445, 5.834193796067072, 5.871215679718959, 5.86016102737216, 5.817078369703342, 5.786904283762596, 5.794994969018736, 5.819494182489589, 5.826844345167992, 5.807245265455621, 5.783006575735638, 5.781037935021122, 5.79746221982881, 5.805528035720355, 5.7931444542250565, 5.776977014483292, 5.7754487049710965, 5.785654553335762, 5.789134633205561, 5.780515481059438, 5.770703300788171, 5.77113677292484, 5.777130337417852, 5.7774334297997685, 5.770209465361828, 5.765093399766984, 5.766850963893062, 5.769951016508364, 5.767605728387505, 5.762490234626796, 5.760785997282661, 5.762760258686043, 5.7630130992733415, 5.759696136927963, 5.756797533178414, 5.757145227735175, 5.7579024206411455, 5.7562217122828505, 5.753391952639012, 5.752601192148711, 5.7528434169893226, 5.751980541377975, 5.749816586430278, 5.748535351707423, 5.748335444885201, 5.747779394713698, 5.746072127916154, 5.744622935678849, 5.744051579219591, 5.743435768303754, 5.741952043054545, 5.74058983029824, 5.739825340292578, 5.739123083777508, 5.737719524365343, 5.73632575040314, 5.735436727202848, 5.734485586251489, 5.733198646140313, 5.7320878185548345, 5.731089340192304, 5.729995752237456, 5.72878167204995, 5.727541540157821, 5.726484378091221, 5.725370470077501, 5.724166813965113, 5.7229209979363125, 5.7217699019720865, 5.720660299586981, 5.71932949156701, 5.718110986079626, 5.7168248632626, 5.715600379462194, 5.714358786561226, 5.7129309870162945, 5.711881287382398, 5.710632418212565, 5.709294221752558, 5.707998241949802, 5.706642655974907, 5.705200155138699, 5.703962166413595, 5.7025541527558765, 5.701237028758083, 5.699739902316583, 5.698472205665876, 5.697039271935257, 5.695555057416491, 5.6940472364687045, 5.692778288951211, 5.691293273289291, 5.689654803802336, 5.688300354482037, 5.686773357023151, 5.6852775538148705, 5.683756649233091, 5.682137522878333, 5.68058439329538, 5.67893143006421, 5.677286270758618, 5.675715000354777, 5.67402388105271, 5.672460833604996, 5.670769577192558, 5.668975061598246, 5.667393855003332, 5.66570390384418, 5.663853185556339, 5.662141826101451, 5.6603221852873356, 5.658584654243446, 5.656598965270052, 5.654784957657723, 5.653010220813399, 5.651186891065811, 5.649097574052235, 5.647341889325211, 5.645260413844723, 5.643281028702023, 5.641257666640478, 5.638789440355181, 5.6372667693204725, 5.6351716730390855, 5.633025230434921, 5.63092101661527, 5.628703829475549, 5.626649687854659, 5.624438401664894, 5.621962677628531, 5.619967127223753, 5.617560403365356, 5.6153262195077245, 5.613013354805349, 5.610680605599523, 5.608249526821165, 5.60579934144211, 5.603322792017427, 5.600923765287714, 5.598467539325969, 5.595933702009931, 5.593210661398281, 5.590700949637277, 5.588010780391143, 5.585223959663906, 5.582698029824292, 5.579919251713756, 5.576987251854625, 5.574276937486346, 5.572746752374351, 5.5685422659004695, 5.5655583693038295, 5.562678130515234, 5.559734746093564, 5.55682845124366, 5.5535314650221075, 5.550428719577789, 5.5471518156293325, 5.543802551115179, 5.540595991820999, 5.5373536112675374, 5.534214241408706, 5.530759726191894, 5.527531022090846, 5.524143264184676, 5.520692844762925, 5.517217734647276, 5.513631570972752, 5.510033616138805, 5.506535051301005, 5.502680363224103, 5.499138200624757, 5.495123892663922, 5.491536927638422, 5.487804723199143, 5.483955182356727, 5.479932830183318, 5.475981333120454, 5.472209632019379, 5.468089122436974, 5.464152937986796, 5.459939646907295, 5.455799867969045, 5.451812628596589, 5.447583318149828, 5.443396516095517, 5.438927691984152, 5.434760343248549, 5.430547785660516, 5.425973758061212, 5.421406424571294, 5.417151170957145, 5.412294535597497, 5.408139705437787, 5.403483510965554, 5.39886588462099, 5.3942117354993915, 5.389489771975135, 5.38511091088802, 5.380000678346352, 5.3750863907298205, 5.370245794706401, 5.365409926505407, 5.360358593313144, 5.3554742554851416, 5.3505062699380055, 5.3453825539645505, 5.339953507718598, 5.335124036727289, 5.329701890532526, 5.3248568811214545, 5.319596997289065, 5.314256348907805, 5.309068050095077, 5.303691182073281, 5.29828869209851, 5.292844454351916, 5.2874179321656385, 5.281820090550373, 5.276333818742432, 5.270659157085825, 5.265153206943292, 5.259429558061498, 5.2537889672192435, 5.2479420483112005, 5.2422394482469805, 5.236371745646534, 5.230603669934964, 5.224642802567179, 5.218808477054478, 5.212827994648383, 5.206806685068636, 5.2006843073129225, 5.1946556885215855, 5.1885073776775545, 5.182351244445391, 5.17611931773451, 5.169901777569911, 5.1636393942771885, 5.157311099804039, 5.150939130827795, 5.144190134012, 5.137600612635396, 5.130374783220324, 5.122876285051331, 5.114931101671294, 5.109173057162837, 5.110936751160218, 5.149113208746944, 5.16283420786073, 5.315883640943377, 5.106830855186521, 5.680103590874752, 6.15790176430129, 6.456694657184395, 5.9496675021167285, 6.182110614276314, 6.2329685994864406, 5.505698565162907, 5.121855702929486, 5.725143151017482, 6.310548751494509, 5.772207658775776, 5.830124963634663, 5.194177205156579, 5.509517114552268, 5.674028691269134, 5.718343209656222, 5.66397345343115, 5.5234213260705225, 5.281352571815479, 5.314557414256639, 5.17285041719941, 5.3459712006739535, 5.240223610268009, 5.277638405029489, 5.235442621370773, 5.281324728136927, 5.237976580075685, 5.368063390520248, 5.18303205027971, 5.176751992140438, 5.1256439155852895, 5.274951917024833, 5.292338661099899, 5.228247986342555, 5.154721792135883, 5.0880028089999865, 5.1480935716568, 5.147005862413203, 5.100555985085173, 5.098230214697794, 5.0742690278431475, 5.088405343000729, 5.110734901919025, 5.056550003316928, 5.054873955713594, 5.032820318481413, 5.043191329262293, 5.046637538511194, 5.039242403457134, 5.025916625112631, 5.011488408555897, 5.021628482913159, 5.011936777711785, 5.020494591289958, 5.010288671454466, 4.998135024376304, 5.012048430086261, 5.001071228009399, 4.999064813375042, 4.993319398477641, 4.98384319351651, 4.989728429624051, 4.9851673347387635, 4.976333892195696, 4.974841272371174, 4.9726467597572634, 4.969497037023406, 4.966976105631653, 4.961552350701869, 4.958628987139742, 4.9581085095875705, 4.9542857084748775, 4.949613096329618, 4.946817894340197, 4.944712079683522, 4.941390485801288, 4.9379837726173115, 4.9348559147642, 4.931886576563385, 4.928962295387069, 4.925992698430483, 4.9228448318311075, 4.919428940366929, 4.916216634836101, 4.913621950624807, 4.910355890177189, 4.907050318699485, 4.904020962704358, 4.900928332422105, 4.89767060076715, 4.894476367542351, 4.891389400359933, 4.8883449205595, 4.884953859404581, 4.8816018151063165, 4.878429968466408, 4.875432267878673, 4.872134396582255, 4.869003444202985, 4.866226899723926, 4.8629910464481405, 4.860885966862759, 4.860286119442958, 4.868999436572263, 4.887185290437351, 5.040642561741564, 4.950634539498904, 5.185267483407562, 4.875351835862801, 5.98990772171741, 6.604816597446927, 7.498852062616345, 6.754204087332044, 6.252656051502024, 6.929494618047024, 6.9446135666692035, 6.406776467899786, 6.419865464616606, 6.704908605425654, 6.707215482229023, 6.434918889042475, 6.3429752468883, 6.496717123476941, 6.559657297006431, 6.419093467651945, 6.315618568553862, 6.389386447908587, 6.474040139592853, 6.4233399996556635, 6.332113577766605, 6.337967201680656, 6.3989863920676635, 6.39410498347464, 6.326395838385737, 6.2960154394951875, 6.32744023100793, 6.345033124445904, 6.310194570382567, 6.276636636317483, 6.288202813156162, 6.310545766382673, 6.269225586387771, 6.2965382502998954, 6.2801548573246295, 6.267831850974289, 6.282305564929823, 6.266932098377844, 6.254728091663401, 6.2637037984390105, 6.254959960668604, 6.244487831001337, 6.2500449135648495, 6.24891019972337, 6.239864841807523, 6.240089886127387, 6.241755518287047, 6.2342558657890494, 6.230093224307976, 6.2306538952096995, 6.225183173141418, 6.218885451327792, 6.218832896850586, 6.215409334128048, 6.210135736857281, 6.209095085088594, 6.205250794840061, 6.199197888946708, 6.1970823176411765, 6.1920394851455685, 6.185889444632946, 6.18246250865513, 6.1759636641663995, 6.169789551457625, 6.165012019059578, 6.157656657608469, 6.152275848283278, 6.146219704548262, 6.139081551141212, 6.133728591202396, 6.126477609021219, 6.120618989981683, 6.114051087622143, 6.107392829911387, 6.101389350853862, 6.094674785866514, 6.089165594404204, 6.082629649516999, 6.077409627885799, 6.0714115451127135, 6.066492625876569, 6.061110786730317, 6.056499057583059, 6.052077041924334, 6.047817538035116, 6.044434255470889, 6.04091560224201, 6.038301653823626, 6.036103313799878, 6.032920724203103, 6.031240478995841, 6.030050386885333, 6.0284091893648535, 6.026837282966086, 6.025631031278194, 6.024290507909334, 6.02273584210576, 6.021297935212741, 6.0197569178355925, 6.018379753962114, 6.016899768075501, 6.015181328976914, 6.013304127408096, 6.011550480504534, 6.009967281771447, 6.008499531719028, 6.00692232174427, 6.005236446166247, 13.897610143713099, 6.510982075080935, 6.6888578357789195, 8.65181827833308, 9.257889376833395, 8.542237747912337, 7.372843106179503, 6.4979307193242875, 6.28615770631846, 6.656362898166822, 7.198106334620786, 7.487940054414931, 7.3679110182250405, 6.959993279313548, 6.518858613201985, 6.25652888655896, 6.239290654624681, 6.38904667643047, 6.5564590746738425, 6.617097334645269, 6.533480207247596, 6.349655937656629, 6.155417647868063, 6.034342017574494, 6.022574426636316, 6.092805170457674, 6.1756197885542745, 6.204755149531943, 6.15608878868375, 6.051944828078302, 5.948537671091324, 5.907271861246287, 5.9315215497785365, 5.9848909023287975, 6.023441405426786, 6.021887429955404, 5.983346251092877, 5.933359612158355, 5.900377738256, 5.8977966899758165, 5.9180038142365525, 5.939366432206151, 5.942999492119392, 5.925088079250771, 5.896806156460164, 5.874401291885027, 5.866351917008222, 5.868008859706751, 5.871952301327039, 5.869929501834985, 5.861199971242915, 5.846018201172679, 5.827905223324418, 5.8123157377227095, 5.803054525281575, 5.7993595448237905, 5.797031471951701, 5.792850098636052, 5.784601908189547, 5.774290343410796, 5.764020274880447, 5.754581468782952, 5.744743078538471, 5.732992137292134, 5.719035936621896, 5.704332237146454, 5.691107463126462, 5.679661301623731, 5.669064530009468, 5.657743055300063, 5.644444440904395, 5.630440453753478, 5.616577974886097, 5.603333078500716, 5.589556357559133, 5.5741754470280025, 5.558212909261626, 5.542531612093803, 5.526991058425988, 5.510956525623699, 5.493287012983067, 5.472758057755134, 5.445538088862613, 5.420266510566788, 5.40643725050871, 5.381722739517876, 5.35143712763897, 5.334227904437726, 5.313293679764677, 5.282582631668812, 5.2611871127750875, 5.240236387224334, 5.20770281208774, 5.1905073247293645, 5.1638481364436, 5.141173592534192, 5.117176186134859, 5.104385599934949, 5.077152355122613, 5.054979923995621, 5.042410218602777, 5.018603016709881, 4.997876257887106, 4.984037638322731, 4.967798082049787, 4.951666437365801, 4.932903435459571, 4.915369222492095, 4.89956297793782, 4.88574329824716, 4.8732950533451, 4.862694404941068, 4.860832657439468, 4.882170471001924, 5.011890185818287, 4.838171259849561, 4.835571021020787, 4.968236392920749, 4.813239701301869, 4.8168262939401245, 4.955286970954827, 4.794163697586672, 4.822516974508943, 5.030928031860467, 4.774199554771656, 5.239266246256952, 6.164363604814256, 6.793578709239842, 6.496712123169107, 6.078986373996106, 6.1041123929609915, 6.455033117243558, 6.020798303535449, 5.2562843378182516, 4.804144849072274, 4.931167901891012, 5.357102960204497, 5.6618616905400465, 5.549565427958192, 5.231235526718897, 4.929311554182508, 4.811699139103106, 4.942332440615794, 5.106451766527943, 5.203933644266563, 5.158878762297645, 4.993301940871569, 4.862073839717511, 4.779582873117046, 4.837893985198087, 4.9141154061171886, 4.9595026526595305, 4.9423912706564765, 4.852745580285746, 4.780014648114209, 4.766466104747358, 4.8013166183776, 4.849570261496554, 4.854854485819492, 4.81662552027106, 4.771891246053015, 4.747723376167932, 4.761010696134369, 4.785149419004941, 4.794139089065806, 4.779949895000605, 4.758358953556845, 4.741616455967133, 4.734997097967712, 4.742680931082914, 4.752962749366296, 4.751123397498723, 4.741803029024958, 4.729083087973269, 4.719298000781417, 4.719139057728787, 4.724595434059731, 4.726292445483789, 4.722390023304419, 4.713390785098304, 4.70615666672467, 4.704585028693679, 4.706480644069607, 4.706793325534192, 4.7027735408554525, 4.697119994770652, 4.693640338068949, 4.693065703668818, 4.693234780773266, 4.692652109012995, 4.69139155320172, 4.696161030293674, 4.695233285093675, 4.711408262775157, 4.69284773138736, 4.6880855001837425, 4.6770841469651865, 4.6716890815336685, 4.669877080463656, 4.671768996621097, 4.683798149931171, 4.700992149649376, 4.846513051081715, 4.7174788464143935, 4.760542134550853, 4.679104043655238, 4.661552083926303, 4.656055643610483, 4.662258673281385, 4.707616683665752, 4.724063132511883, 5.047742828361588, 4.6469784894706105, 5.31293919544755, 6.698250322080795, 7.650276015927897, 7.365111399177028, 6.4933015662209925, 6.4597279795688625, 7.153714112379788, 7.108465185534683, 6.526451973271367, 6.5141707454998246, 6.747378850958781, 6.8708363817130165, 6.751703425699293, 6.5360637190116275, 6.447283269291788, 6.5152331405054955, 6.588678977478188, 6.543520669352294, 6.421083682211489, 6.3485553088133795, 6.373832686965955, 6.4332560489615505, 6.446246099798887, 6.403047313157256, 6.356727002675289, 6.353502831285644, 6.385970930044792, 6.410848351721698, 6.400062246912328, 6.366367961753458, 6.342515671804299, 6.344069100748717, 6.356973919264392, 6.357667604068485, 6.339468045971477, 6.3172866864428014, 6.308507571232999, 6.314033158955263, 6.3201069456922, 6.3155964451563795, 6.3039085006604845, 6.296728247915737, 6.299165594214855, 6.304979560127266, 6.305346923244854, 6.2991019397746335, 6.292877183086714, 6.291812263999174, 6.294052150793667, 6.294125064198863, 6.289870044982794, 6.284470200986416, 6.281791694645481, 6.281825394418649, 6.281641542799127, 6.279215398753944, 6.275718630779804, 6.273428344078348, 6.273000965272348, 6.272960190642956, 6.2717408505473236, 6.26944090809748, 6.267442348381627, 6.2665064964863655, 6.265996429031583, 6.264908166091414, 6.263054939151659, 6.261127194837831, 6.259759555479257, 6.2588263838624245, 6.257679234710016, 6.2560799425206595, 6.254372216937992, 6.2529968538148095, 6.251932354358462, 6.250830746641018, 6.249460414833203, 6.247998447839331, 6.246660974183561, 6.245521523245452, 6.244408740007201, 6.243096956599197, 6.2416702025254835, 6.240329497377456, 6.239114741611744, 6.237869757862004, 6.236562211734742, 6.235150494025948, 6.233815654918127, 6.232495176716764, 6.231242499052135, 6.229904990928845, 6.22853915498934, 6.227174277939523, 6.225837079730905, 6.224577488791469, 6.223210452334654, 6.221839330210651, 6.220469992489956, 6.219108129383219, 6.217761900737326, 6.216370215422159, 6.214953492030344, 6.213569078508882, 6.212138731192308, 6.2107421463032, 6.2093201438168055, 6.2078934832989825, 6.206450918180354, 6.205012321813649, 6.203584261829011, 6.202090999584221, 6.200637826820193, 6.199151088270816, 6.197657979624942, 6.19615093760845, 6.194654981245204, 6.193104335387187, 6.191583744314065, 6.190068731377519, 6.188491294298038, 6.186930891538367, 6.185349329976293, 6.183775453438187, 6.182179432674453, 6.180570494291601, 6.178968343433471, 6.1773198714986615, 6.175695845389175, 6.174380943734098, 6.1731294725942085, 6.171824115414361, 6.17052047473672, 6.169207059578147, 6.167846378142633, 6.166529487629125, 6.165140482645445, 6.163782114467068, 6.162373255877876, 6.160969174025058, 6.159532128635126, 6.158099083149626, 6.156659087256748, 6.15521626504509, 6.153758161170754, 6.152294653183913, 6.150783394471034, 6.149332422844032, 6.147816559014661, 6.146295090312285, 6.144754222450458, 6.14319068808255, 6.141612376761672, 6.140044764425482, 6.138432396680184, 6.136878525675579, 6.135245374551659, 6.133682457528949, 6.13197313894895, 6.130348217284765, 6.128760085220984, 6.127022309941278, 6.12534716320415, 6.123672602443855, 6.122002090221371, 6.120312850757752, 6.118639104440455, 6.116969824025844, 6.115293370436702, 6.113622420334727, 6.111910697361304, 6.110174399060562, 6.108427846020339, 6.1066436857584305, 6.104903569078025, 6.103157979631683, 6.101393552349858, 6.0996247029588355, 6.097992928086361, 6.096068596632109, 6.094322324231808, 6.092523907179944, 6.090734448598968, 6.088937940566404, 6.087172260316376, 6.085343778643526, 6.0835774365069115, 6.081806747859045, 6.079978102460746, 6.078192450315529, 6.076409744455659, 6.074599973096522, 6.072839230985241, 6.071057611777103, 6.069271080202312, 6.067498779768997, 6.065698287437891, 6.063945283010511, 6.062180533273019, 6.0604161587852365, 6.058669420812299, 6.056967219841758, 6.055234701143299, 6.053495765014697, 6.051795039058925, 6.050101876672522, 6.0484129282009755, 6.046736179537095, 6.045067493441371, 6.043421705966396, 6.041774008663297, 6.040172735885684, 6.038575351649374, 6.036976735511076, 6.03541316956519, 6.033844922788796, 6.032316745299512, 6.030806121956581, 6.029328363255221, 6.027830707637616, 6.026403753930439, 6.024966940581549, 6.023552085024165, 6.0221678613313285, 6.020814567065998, 6.019462971802086, 6.0181502209728, 6.016861596384238, 6.01559933203287, 6.014345204876047, 6.013123481650356, 6.011950660006849, 6.010755595718362, 6.009631017441748, 6.008491211332003, 6.007411664984191, 6.006352038792207, 6.005360740225691, 6.0046194622553735, 6.004024367231798, 6.003467855961375, 6.002878438980534, 6.002180533404299, 6.0014259768419755, 6.000629490898908, 5.999942475172579, 5.999402080887225, 5.998941684548722, 5.998531925147881, 5.998026486127, 5.9975026081288085, 5.996948280874631, 5.9963324445757555, 5.995701329239154, 5.995144069515614, 5.994634961103808, 5.994061398771516, 5.993579544159352, 5.9930791643014345, 5.992606535929827, 5.992096310770757, 5.991586572307484, 5.9910736559146365, 5.99057405054537, 5.9900491290650715, 5.9895426041104285, 5.989021295295036, 5.988546556662629, 5.988049308563948, 5.987576129590982, 5.987113843454628, 5.986661544476934, 5.986225675574138, 5.985763091454052, 5.985318772435434, 5.984848896789388, 5.984401319627621, 5.983939456820826, 5.983463280623516, 5.982998030924605, 5.982552441596424, 5.982116528167288, 5.9816499466668125, 5.981219134688748, 5.980776709957351, 5.980346728615911]