Model Setup for Atypical Patient 11:
ITERS=1000
LEARNING_RATE=0.001
OPT_RESET=500
ATOL=1e-09
RTOL=1e-07
METHOD=dopri5
Input channels=2
Hidden channels=11
Output channels=2
Runtime=21335.255038022995Optimizer=Adam (
Parameter Group 0
    amsgrad: False
    betas: (0.9, 0.999)
    capturable: False
    differentiable: False
    eps: 1e-08
    foreach: None
    fused: None
    lr: 0.001
    maximize: False
    weight_decay: 0
)Loss over time=[1780.815118845665, 1761.7709414757046, 1742.9726165770458, 1724.4210494031392, 1706.1182127921886, 1688.0655430295499, 1670.2638703046198, 1652.713691076803, 1635.4155294591003, 1618.3700534102793, 1601.5779807867098, 1585.0399407492657, 1568.7563844393646, 1552.7275433817695, 1536.9534152422818, 1521.4337544788993, 1506.1680756807293, 1491.1558205505114, 1476.3973852349638, 1461.8901930087352, 1447.6326887813386, 1433.623245990222, 1419.8601151277637, 1406.3416977823967, 1393.0652282740243, 1380.028202835484, 1367.2280121015222, 1354.6618281783176, 1342.3266245463967, 1330.219199537973, 1318.3362024192836, 1306.674066238344, 1295.2290111706955, 1283.997144416761, 1272.9743520284235, 1262.15634125423, 1251.541257554481, 1241.1308318702393, 1230.9081693380683, 1220.8685036956301, 1211.0067369142769, 1201.3175676973542, 1191.795449930447, 1182.4346005850102, 1173.2290056770094, 1164.1723947168575, 1155.2582153669703, 1146.4797135685512, 1137.8298668313846, 1129.3014249018443, 1120.886898008678, 1112.5785889860656, 1104.3686307645548, 1096.2489642687228, 1088.2114337034766, 1080.2478732296795, 1072.349922303747, 1064.509434695098, 1056.718304096624, 1048.9686619113695, 1041.2528675393569, 1033.56350372138, 1025.8937092266228, 1018.2369104455771, 1010.5867669178198, 1002.9376382831451, 995.284295634036, 987.622008837921, 979.9464982854421, 972.2539319780539, 964.5411357279468, 956.80509146445, 949.0434584555637, 941.2542925738181, 933.4360227930412, 925.5874646477193, 917.7078199110485, 909.7965181121009, 901.8535274883151, 893.8787989146608, 885.8727953863188, 877.8360696589139, 869.7696876039525, 861.6743687809477, 853.5515025350494, 845.402363713538, 837.2284394909839, 829.0313358717414, 820.8127612463664, 812.5745087327506, 804.3184423082482, 796.0464782010247, 787.7605767795335, 779.4627128662592, 771.1549083557405, 762.839186870347, 754.517571453625, 746.1920715466625, 737.8646791039084, 729.5373618332379, 721.2120608673184, 712.8906837550455, 704.5750231358354, 696.2669521707143, 687.9682052014971, 679.6804729665619, 671.40539198405, 663.1445341836313, 654.8994037870432, 646.6714386873305, 638.4619988563525, 630.2723676947451, 622.103769650485, 613.9573455531737, 605.8341597038415, 597.7351991590969, 589.6613733043495, 581.6135135080436, 573.5923727953093, 565.5986309349477, 557.7292507517678, 549.904344859948, 542.1092815712462, 534.3445783820168, 526.6107084542, 518.9081016766493, 511.23714443369647, 503.59817991460955, 495.9915093178046, 488.4173933740112, 480.876054451025, 473.3676793238694, 465.8924224504361, 458.45040992228627, 451.0417438991002, 443.66650690619366, 436.32476711378126, 429.01658305348974, 421.74200822739436, 414.50109583420095, 407.29390304117584, 400.12049470162225, 392.98094708825374, 385.875351195075, 378.8038156770351, 371.76646933872195, 364.76346475877193, 357.7949775689045, 350.8612090578994, 343.9623874860932, 337.09876830287794, 330.27063433895415, 323.47829565353396, 316.72208985278036, 310.0023796988312, 303.3195529172271, 296.6775122504529, 290.0789087765818, 283.5180438517881, 276.9954458170889, 270.51167414791394, 264.0673211698275, 257.6630016571393, 251.2993476524368, 244.98588107240622, 238.78728043974013, 232.63339966037645, 226.52541178849106, 220.464484912072, 214.4517827723503, 208.48846802636464, 202.57569818987875, 196.71463009381407, 190.9064270794771, 185.15226438109073, 179.45332700628703, 173.8108175440086, 168.2259624128985, 162.70001787647743, 157.23427909187137, 151.8300868269995, 146.48883535164234, 141.21198896321002, 136.0010878731843, 130.85771580207236, 125.78356254268179, 120.78040825326651, 115.85013020855682, 110.99472831745662, 106.2162746178286, 101.5143673896137, 96.85402394691219, 92.26526793369433, 87.75321071096137, 83.32259714287945, 78.97792929939273, 74.72353159925748, 70.56359058327939, 66.50218229169114, 62.54328695851734, 58.69081107536158, 54.94861536955061, 51.320495066360884, 47.810193318034074, 44.42142376350245, 41.156638236955786, 38.01669636510747, 35.006991304717594, 32.130870344032296, 29.391801532032197, 26.79289607401388, 24.33648927335372, 22.025336616923425, 19.86172489182711, 17.84773327234618, 15.98490503778765, 14.274261742493229, 12.71638524481127, 11.31080167601328, 10.057554483007529, 8.915510505049477, 7.918983039903235, 7.064827708119563, 6.361241290081603, 5.787235532025313, 5.356434722659508, 5.055618611506973, 4.875224436138515, 4.801499513467897, 4.815280108589736, 4.890058494494732, 4.994721282728656, 5.101461919798768, 5.190519272185875, 5.250584063803368, 5.2774960658650265, 5.272453924907601, 5.240134131173254, 5.187012391399287, 5.120048770800395, 5.045763657964989, 4.96968744976545, 4.896124000875885, 4.828115976869306, 4.767575568235519, 4.715497321133451, 4.672026252324044, 4.636741553081422, 4.6091324003695355, 4.588402171316586, 4.573600599787951, 4.5636995320605545, 4.557734432917728, 4.554762852461371, 4.553937764192354, 4.554523752311875, 4.555905179624639, 4.557585009183823, 4.559181433923992, 4.560418470213208, 4.561113615020545, 4.56099270408025, 4.560186636267078, 4.558757072156463, 4.556768842905619, 4.554311406484129, 4.551489379597309, 4.548414261600529, 4.545197451931209, 4.541944596640123, 4.538751226474364, 4.535699612323503, 4.532857096367286, 4.530274853407187, 4.527987986252589, 4.526016730587666, 4.524367347322873, 4.523032559576314, 4.521993219803928, 4.521224759774542, 4.520699105818339, 4.52038015358575, 4.520231471390093, 4.5202166196434765, 4.520300646320622, 4.520451287921184, 4.520639866335426, 4.520841887433119, 4.521037360104989, 4.521210864708673, 4.521351407187204, 4.521452099689466, 4.521509710298488, 4.521524124092743, 4.521497755185781, 4.521434945362221, 4.521341379752556, 4.5212235273893135, 4.521088199799986, 4.520942120570317, 4.520791579052558, 4.520642192609241, 4.5204987358876885, 4.520365042936915, 4.520243973830634, 4.520137435823817, 4.520046447962846, 4.519972033058537, 4.519912129166649, 4.519866847886532, 4.519833687453893, 4.519812648831648, 4.519800581175879, 4.519796131573168, 4.51979772973716, 4.519803439894921, 4.519811625892728, 4.519824508642743, 4.519834818328331, 4.519840005886277, 4.519847135766408, 4.519853152216011, 4.519858485507073, 4.519862445740321, 4.519863086376597, 4.519858218144939, 4.519854872708269, 4.519847918355017, 4.519842617084443, 4.519836754487152, 4.519830619673403, 4.519824471338926, 4.519818436291272, 4.519812673464949, 4.519807410107036, 4.519802733979332, 4.519798691438963, 4.519795292351783, 4.5197925160237045, 4.519790317650355, 4.519788634849797, 4.519787393917788, 4.51978651552792, 4.519785919686514, 4.519785497496779, 4.519785367619741, 4.519785319734447, 4.519789129397008, 4.519784584006739, 4.519785204304396, 4.519790181823123, 4.519791841673452, 4.5197918475265775, 4.5197912691542665, 4.519790681582329, 4.519789872516381, 4.51978854217075, 4.519787357938388, 4.519786330355291, 4.51978544336519, 4.519784687303619, 4.519784055700324, 4.519783545507412, 4.519783155584328, 4.519782882221002, 4.51978272664782, 4.519782685434317, 4.519782757716506, 4.519782938037964, 4.519783225738757, 4.519783491595086, 4.5197834180086724, 4.519783550122103, 4.519783460300943, 4.5197832800763, 4.5197830919777875, 4.519782891898688, 4.519782676439294, 4.519782180817095, 4.519781694561607, 4.51978126317896, 4.519780899080418, 4.5197806064026, 4.519780380883821, 4.5197802147043715, 4.519780088805931, 4.519779950251155, 4.519779595476927, 4.519779239779764, 4.519778885267173, 4.5197785327584725, 4.519778175538744, 4.519777508030883, 4.519776871372475, 4.51977627066666, 4.519775713832213, 4.519774942426317, 4.519774232453586, 4.519773575669022, 4.519772965748822, 4.519772402710483, 4.519771882757022, 4.519771407820128, 4.519770965458658, 4.519770555052527, 4.519770176662004, 4.519769819826642, 4.519769481445197, 4.519769146384276, 4.519768812668102, 4.519768474812538, 4.519768125124296, 4.519767764304248, 4.519767380790904, 4.51976697148456, 4.519766536398198, 4.519766073911985, 4.519765573564049, 4.519765039900465, 4.519764477378715, 4.519763891453523, 4.519763359173205, 4.5197628140082555, 4.51976225810441, 4.5197616934300076, 4.519761121750668, 4.519760544643029, 4.519759963518485, 4.519759379643091, 4.519758794137968, 4.519758208022116, 4.519757622217674, 4.5197570369059115, 4.519756453218295, 4.519755915577152, 4.519755459572126, 4.519754845096013, 4.519754377824028, 4.5197539063587815, 4.5197534305569, 4.519752950325981, 4.519752465610159, 4.519751976698951, 4.519751483731749, 4.519750986406344, 4.519750484692519, 4.519749978501696, 4.519749467701371, 4.519748952156886, 4.519748431795564, 4.519747906479506, 4.519747376769103, 4.519746841652452, 4.51974629313971, 4.519745740003532, 4.519745181478515, 4.519744617504849, 4.519744047999373, 4.51974347287942, 4.519742892008267, 4.519742305374582, 4.519741712819448, 4.519741114170756, 4.519740509244153, 4.519739898075817, 4.519739280522145, 4.519738656387859, 4.51973802550309, 4.519737387754241, 4.5197367432019995, 4.519736091756825, 4.5197354331708315, 4.5197347675855895, 4.519734094734706, 4.51973341433857, 4.519732726105586, 4.519732030321959, 4.519731326573171, 4.519730614618981, 4.519729882344692, 4.519729138972838, 4.519728386790262, 4.519727625612855, 4.519726855341636, 4.519726075575061, 4.519725286490192, 4.519724487905252, 4.519723679118427, 4.519722860168775, 4.519722030738259, 4.51972119086649, 4.519720340678181, 4.519719479625978, 4.519718607722534, 4.519717724772449, 4.519716830234137, 4.51971593756259, 4.519715274296481, 4.51971411615214, 4.51971322929317, 4.519712596767905, 4.752549551389141, 4.534552514539931, 4.568461592942801, 4.653221709342048, 4.62461123101002, 4.55284017165443, 4.519708690111271, 4.544220296661754, 4.580859904146577, 4.583288774387304, 4.554442813721668, 4.525861648029873, 4.521189548595095, 4.537738700426738, 4.553574829980304, 4.552251418916075, 4.536813062175396, 4.522454840704895, 4.52071407604989, 4.529854016681228, 4.538262488986536, 4.537078929114593, 4.5282949201493805, 4.5207268179069935, 4.520634794243561, 4.526139338020993, 4.530305584320161, 4.528736604533661, 4.5234549786750815, 4.519845853733644, 4.52081888275647, 4.524229554735151, 4.525793722406776, 4.523870195454977, 4.520765412620691, 4.519673871216177, 4.521151999580993, 4.522945817098875, 4.522845305744456, 4.521090233136667, 4.519723092664393, 4.520031049000658, 4.521236654249048, 4.521678662734005, 4.520850970442698, 4.519814085153986, 4.519705199511198, 4.520392244065861, 4.520834529061971, 4.520461117479436, 4.519753464537371, 4.519612665065242, 4.520001379161365, 4.520317093999243, 4.520123766902729, 4.519699333654171, 4.519576217811856, 4.519810995867332, 4.519996906605181, 4.519863199424715, 4.519607753028253, 4.519550113493309, 4.519699756679039, 4.519794673741906, 4.519679077994806, 4.519520350812293, 4.519513962282978, 4.519615713318019, 4.5196393982187395, 4.519540475416012, 4.519450335867125, 4.5194726200588695, 4.519522961270072, 4.519507597418401, 4.519428001417704, 4.519388114126735, 4.519408471239533, 4.5194260396986845, 4.519384784441172, 4.51933188164757, 4.51931556327459, 4.519320145808543, 4.519303043927012, 4.519260171375061, 4.519224537566429, 4.519214306465343, 4.519200776200152, 4.519162899654647, 4.519118609214625, 4.5190902875118, 4.519063822738724, 4.519026612515636, 4.51897036822118, 4.518917250999918, 4.518871554673624, 4.518818326369267, 4.518755558409125, 4.518694367699394, 4.518626614858278, 4.518555105969106, 4.518441425535172, 4.518290875449478, 4.51819765865429, 4.518014189787262, 4.517912908731761, 4.517710613806529, 4.51756664324177, 4.517396792312575, 4.517190854569279, 4.516957277199415, 4.516698747679654, 4.516301298762076, 4.516066117508289, 4.515743520621557, 4.515378216406595, 4.514982651284343, 4.5144971546861195, 4.5139926449853425, 4.513439908171419, 4.512862269628986, 4.512202918902492, 4.511433534712913, 4.510590813799605, 4.509778715800748, 4.508808757613016, 4.507855362755993, 4.506706713219162, 4.505450030656908, 4.5041258706860665, 4.502678264311949, 4.501044596321147, 4.499280791221136, 4.497347967506157, 4.495242584623413, 4.492885746497501, 4.490396501348882, 4.487670479033249, 4.48465860029392, 4.481230025901951, 4.477720104935913, 4.4739350967384155, 4.469831338473816, 4.465973599387596, 4.461136138239353, 4.45589405339445, 4.450186559012139, 4.444071956830894, 4.43714243636944, 4.428753771609132, 4.419330927480214, 4.408673204470009, 4.396812868247968, 4.383487238571131, 4.368977868291791, 4.3529896217382795, 4.336238324281724, 4.315992093477162, 4.29534399365624, 4.272619468853578, 4.249274188009406, 4.224896504800581, 4.200932051853392, 4.175977485392336, 4.148955116433399, 4.12185171073322, 4.092658055952892, 4.061322694935618, 4.027571629459922, 3.9912468377018246, 3.951009085779703, 3.9069618992566872, 3.859443699269031, 3.80871809650522, 3.7544946358193583, 3.6962183139974614, 3.6339279042031536, 3.571118567026261, 3.507740713621759, 3.442038412882167, 3.3727054503673344, 3.3000603531068635, 3.223850384302773, 3.14463158650285, 3.0613358822027474, 2.9709051279223684, 2.8729203251146926, 2.7675369699062915, 2.654605845598045, 2.5384058147060045, 2.419887691070898, 2.2988686575100012, 2.182369834121199, 2.0704157186342993, 1.9738896287798575, 1.8473395140186653, 1.7481314490181914, 1.6905258100224598, 1.6478641881780058, 1.5823252645195176, 1.492910385445026, 1.4773945065043756, 1.4655211781299131, 1.3964180533759762, 1.3799311868695596, 1.3893301341259958, 1.3426009217816537, 1.3241605437867083, 1.3369535243877786, 1.304126690663778, 1.2902198909557911, 1.299464135263976, 1.2711568063935224, 1.2563363443021833, 1.2606509178736163, 1.2369454637805426, 1.2191305234907528, 1.2202381266532636, 1.2052367917022773, 1.1817807643938616, 1.1734581720601935, 1.170477925209039, 1.154770170750218, 1.132257694535524, 1.1213902631906312, 1.1185530168915714, 1.1116040897285844, 1.0970865821724054, 1.0823616206381266, 1.0739357077605984, 1.0702933141097104, 1.0649058180397704, 1.0554725767250088, 1.0433743680202576, 1.0330237443623895, 1.025791905905374, 1.0212789450853976, 1.0187788909473918, 1.018747085770522, 1.0232408946812241, 1.0300630009978726, 1.036774833511666, 1.0190210973919187, 0.9917956923457202, 0.9761635584515382, 0.9845597543302034, 0.9995007210171594, 0.9946077476891048, 0.9755598621618732, 0.9577514374632401, 0.9577995848477591, 0.9688341006100555, 0.9728071117190772, 0.9653152472290888, 0.9478075997582945, 0.9382915957551595, 0.9406437382241534, 0.9478453923938247, 0.9530083775220692, 0.9475747967579856, 0.9374692118532334, 0.9259117365259502, 0.9199812552300842, 0.9205617089561445, 0.92463220588463, 0.9310822043849754, 0.93474015251156, 0.9370439961640994, 0.9301621774871599, 0.9203029485638484, 0.9085263453067256, 0.9018703186450439, 0.9010076853061186, 0.9046000280807955, 0.9111703508853887, 0.9180199206155553, 0.9268100098196423, 0.9259560363149482, 0.9196171187708647, 0.9018070335982187, 0.8891389125231656, 0.8875546261115154, 0.8946204687910345, 0.9039556074603315, 0.9055284162489113, 0.9014277612268942, 0.8892113577365098, 0.8800265160267795, 0.8778586834507949, 0.881610583449282, 0.8866168583111306, 0.8871774248663195, 0.8842505571830266, 0.877604258160709, 0.8720340321212103, 0.8692591500161498, 0.8695559505353305, 0.871544347619206, 0.8735950690638673, 0.8750784404860124, 0.8740971683621389, 0.8721839369954332, 0.8682161572142134, 0.8645337757553527, 0.8612614829907111, 0.8591314684228467, 0.8580183463682123, 0.8575337622007424, 0.8577915560007632, 0.8580897095630523, 0.8595852592701166, 0.861329780745453, 0.8659747436519543, 0.8713432239717492, 0.8815634473745573, 0.8867275640458999, 0.8923293426116058, 0.8779496641912278, 0.8600175629346484, 0.8468826529071184, 0.8495955734449367, 0.8608861394499989, 0.8640875740865597, 0.8577611671042198, 0.845828694782703, 0.8419741201475174, 0.847347153640608, 0.8508540341251969, 0.8470873332190453, 0.83975530901858, 0.8386906086091059, 0.8425314231271684, 0.8435243858333547, 0.8398628846531951, 0.8354096174549629, 0.8345911841471096, 0.8369108666344496, 0.8369618325463178, 0.8342812732813921, 0.831439665098162, 0.8313463248516453, 0.832400913897179, 0.8320039265535883, 0.8300342718714062, 0.8279067432994658, 0.8272577621340761, 0.8275851687447552, 0.8274101112954582, 0.8261318772464368, 0.8245380662569116, 0.8236195296940306, 0.8233436561466142, 0.8233791683198741, 0.8226020444770108, 0.8216264295118522, 0.8204372080900487, 0.8194822255545561, 0.8188540957355713, 0.8184440027675592, 0.8179646016824885, 0.8172384671884143, 0.8165918298668717, 0.8157389423711614, 0.8147943331065569, 0.8141405714377776, 0.8134297181755961, 0.8129342236766379, 0.8124475179678806, 0.8118253429424026, 0.8111991914961126, 0.810589356039203, 0.8099491347557769, 0.8091772938927891, 0.8084140756202611, 0.8077936450744597, 0.8072095549788677, 0.8063924423031416, 0.8057417258176645, 0.8051148752338406, 0.8044308089455142, 0.8037030473168336, 0.8031579732214503, 0.8025174445038925, 0.801936426398392, 0.8016330872253128, 0.8013458922141108, 0.801706625264865, 0.8031317669777255, 0.805789947482655, 0.8121729163142792, 0.822502878018204, 0.8439033657261423, 0.8565548437959257, 0.8690318416538907, 0.8314120270758579, 0.799704176368261, 0.7994733487757695, 0.8200720150900183, 0.8292568472530433, 0.8058622977954474, 0.7924865390287259, 0.8029348374481273, 0.8105738506643764, 0.8010211179488564, 0.7904981661681, 0.7972867670771461, 0.8033504737568269, 0.793827792668102, 0.7886340638042764, 0.7947818984224824, 0.7960622881441928, 0.789549713946446, 0.7865186093398364, 0.7905271511121054, 0.7908885599487426, 0.785843276139868, 0.7848648282881118, 0.7878522317812954, 0.7866620775058412, 0.7831203989219204, 0.782548349748827, 0.7843616604309163, 0.7834269278547861, 0.7809039364849183, 0.7804952771275833, 0.7815957428171731, 0.7807301698774441, 0.778799033215802, 0.7782315718977426, 0.7787939647574553, 0.7784875064991413, 0.7768523348980213, 0.7759175428459796, 0.7759987619493335, 0.775887529593571, 0.7750465705177244, 0.7737822127775655, 0.7735495192629768, 0.7734860633414381, 0.773000799452324, 0.7720962259538883, 0.7712185545730962, 0.7708206483573871, 0.7704641304713465, 0.7700752741634886, 0.7695100905082632, 0.7688410940278843, 0.7679920487180656, 0.7676135390946814, 0.7672788948908417, 0.7668741993883882, 0.7662428759257985, 0.7657965702459435, 0.765094692543633, 0.7648021035880516, 0.7644699244689874, 0.7640233356543941, 0.7635638912045176, 0.7627565792386206, 0.7621971052784088, 0.7617265851960422, 0.7613470450247405, 0.7609618166617674, 0.7605849518509115, 0.760026244927704, 0.7595045777107253, 0.7589204802618283, 0.7584178399706748, 0.7579115594261087, 0.7573950800862735, 0.7569155922867119, 0.7564616990601251, 0.7560515484511711, 0.7558394353967016, 0.755162168541058, 0.7547088764577513, 0.75422941126244, 0.7539402150331861, 0.7533122402249917, 0.7528241481770518, 0.7523327926031848, 0.7518671905834324, 0.7513623528045212, 0.7509366083123727, 0.7505150954050376, 0.7500356798146836, 0.7494717597750562, 0.7490747849410186, 0.7486839819223667, 0.7485042835784254, 0.7486629989300488, 0.7495916596247916, 0.7518438702148003, 0.7579362623904867, 0.7691972793988853, 0.7959598894000114, 0.8181744519903557, 0.8561676754449062, 0.7985808629085537, 0.7527687249809474]