Model Setup for Atypical Patient 7:
ITERS=2000
LEARNING_RATE=0.001
OPT_RESET=500
ATOL=1e-09
RTOL=1e-07
METHOD=dopri5
Input channels=2
Hidden channels=11
Output channels=2
Runtime=287.64059114456177Optimizer=Adam (
Parameter Group 0
    amsgrad: False
    betas: (0.9, 0.999)
    capturable: False
    differentiable: False
    eps: 1e-08
    foreach: None
    fused: None
    lr: 0.001
    maximize: False
    weight_decay: 0
)Loss over time=[4240.865521798217, 4186.414948430168, 4132.638205760899, 4079.5391351597123, 4028.195754162947, 3977.6026434536775, 3927.6422500728486, 3878.4213525740965, 3829.815267708215, 3781.824093924806, 3734.4468959712235, 3687.681758736724, 3641.5257981427144, 3595.975171545029, 3551.025087760887, 3506.6697527462584, 3462.90253511582, 3419.7159465206014, 3377.1014413822345, 3335.049923253742, 3293.551178507901, 3252.602368629561, 3212.198359190712, 3172.3115054671366, 3132.92974721686, 3094.0406840232345, 3055.631678249275, 3017.689958635473, 2980.2027204432425, 2943.1572181583565, 2906.5408473471994, 2870.3412132262342, 2834.5461847051533, 2799.1439338977466, 2764.1229621765433, 2729.4721146462234, 2695.180585369871, 2661.2379158154217, 2627.6339888589455, 2594.359020371354, 2561.403550010626, 2528.7584324113686, 2496.4148295579053, 2464.3642047752887, 2432.59831848902, 2401.109225692124, 2369.8892749131032, 2338.9311083925013, 2308.227663138061, 2277.7721725274096, 2247.5581681508775, 2217.579481624964, 2187.830246150948, 2158.304897636837, 2128.9981752412427, 2099.90512123295, 2071.021080090126, 2042.341696788476, 2013.8629142493373, 1985.5809699371807, 1957.492391612054, 1929.5939922564198, 1901.8828642080691, 1874.3563725413142, 1847.0121477479624, 1819.8480777772252, 1792.8622995004785, 1766.053189672059, 1739.4193554615301, 1712.9596246359163, 1686.673035472265, 1660.5588264816492, 1634.6164260252515, 1608.8454419016066, 1583.2456509814058, 1557.816988962524, 1532.559540313376, 1507.4735284671888, 1482.559306323751, 1457.8173471086093, 1433.2482356326336, 1408.852659987859, 1384.6314037082018, 1360.5853384165127, 1336.715416972507, 1313.022667129315, 1289.5081857001194, 1266.1731332302136, 1243.0187291643308, 1220.046247493844, 1197.2570128637278, 1174.6523971148504, 1152.2338162333297, 1130.0027276751387, 1107.9606280312378, 1086.1090509957355, 1064.4495655975295, 1042.9837746539533, 1021.7133134037578, 1000.639848275714, 979.7650757488681, 959.0907212604372, 938.6185381180511, 918.3503063740523, 898.287831621445, 878.4329436731277, 858.7874950889938, 839.3533595187212, 820.1324298318737, 801.1266160112692, 782.3378427900329, 763.7680470178096, 745.4191747465719, 727.2931780317045, 709.3920114490849, 691.7176283339257, 674.2719767517228, 657.0569952159854, 640.0746081711383, 623.3267212621723, 606.8152164150782, 590.5419467538708, 574.5087313810436, 558.717350048541, 543.1695377459267, 527.8669792313283, 512.8113035290945, 498.0040784159762, 483.4468049151907, 469.1409118150721, 455.0877502262829, 441.2885881889177, 427.7446053384408, 414.4568876372859, 401.4264221773801, 388.6540920577573, 376.1406713409799, 363.88682009224294, 351.89307950586436, 340.15986712521646, 328.6874721641293, 317.4760509401371, 306.52562243264236, 295.9525527100197, 285.7772857318371, 275.8602556863945, 266.19923453291267, 256.7920210964324, 247.63642265394682, 238.73023900494073, 230.07124866071564, 221.6571968061443, 213.48578471859665, 205.55466036968872, 197.8614099836541, 190.4035503785535, 183.1785219700428, 176.18368236895606, 169.41630055054785, 162.8735516126186, 156.55251216996842, 150.45015645274034, 144.56335318579767, 138.88886332581959, 133.42333872333103, 128.16332176007757, 123.1052459900054, 118.24543778687513, 113.58011897548596, 109.10541039876098, 104.8173363513714, 100.71182979359914, 96.78473824765204, 93.03183027305549, 89.448802417891, 86.03128654791483, 82.77485746494926, 79.67504073813525, 76.7273206852445, 73.92714845488509, 71.26995017284436, 68.75113512596995, 66.36610396422078, 64.11025690548095, 61.97900192845429, 59.96776293680523, 58.07198787329553, 56.28715675679235, 54.608789608570696, 53.03245422816951, 51.55377377397314, 50.168434100267284, 48.87219080117123, 47.660875912729416, 46.53040422748674, 45.476779180815306, 44.49609827467623, 43.58455801188454, 42.738458321744844, 41.954206465622015, 41.22832041816047, 40.5574317261361, 39.93828785211314, 39.36775401412162, 38.84281453552319, 38.36057372125057, 37.91825627790419, 37.5132072960204, 37.14289181342761, 36.804893979193444, 36.496915838381106, 36.216775758772904, 35.96240652188744, 35.73185310197453, 35.52327015812514, 35.33491926605223, 35.16516591735456, 35.012476315042406, 34.87541399467944, 34.75263630061775, 34.64289074644362, 34.54501128792812, 34.457914535537874, 34.380595931981695, 34.312125918442554, 34.25164611116595, 34.19836550803394, 34.151556742732716, 34.11055240217065, 34.0747414209692, 34.04356556514354, 34.01651601551607, 33.993130059950175, 33.97298790213691, 33.955709593384974, 33.940952092641595, 33.928406458788054, 33.917795178103624, 33.908869628674665, 33.90140768245062, 33.89521144462425, 33.89010512905978, 33.88593306761982, 33.88255785046847, 33.87985859376009, 33.87772933056718, 33.87607752045805, 33.874822672797045, 33.87389507860118, 33.87323464563349, 33.87278983133308, 33.87251666815953, 33.872377875955245, 33.87234205599067, 33.87238296144635, 33.8724788391976, 33.87261183789639, 33.87276747749047, 33.87293417547921, 33.8731028253802, 33.87326642306772, 33.87341973684543, 33.87355901732666, 33.87368174341777, 33.873786400926285, 33.87387229054713, 33.87393936221011, 33.87398807299854, 33.87401926607047, 33.87403406822446, 33.874033803954035, 33.87401992402436, 33.87399394678186, 33.873957410573716, 33.87391183580801, 33.873858695327996, 33.87379939190847, 33.87373524180488, 33.87366746340199, 33.87359717011647, 33.87352536680617, 33.87345294903264, 33.87338070460618, 33.87330931692182, 33.87323936966278, 33.87317135251254, 33.87310566757157, 33.87304263622431, 33.872982506246245, 33.872925458977534, 33.872871616423225, 33.87282104816819, 33.872773778019045, 33.872729790306565, 33.87268903580032, 33.87265143720188, 33.8726168941973, 33.87258528805985, 33.87255648580363, 33.87253034389656, 33.87250671154727, 33.87248543358487, 33.872466352955115, 33.87244931285772, 33.87243415855201, 33.872420738858395, 33.87240890738304, 33.87239852349322, 33.87238945306913, 33.87238156905744, 33.87237475185072, 33.87236888951414, 33.87236387788127, 33.872359620537715, 33.87235602871059, 33.87235302108006, 33.872350523527786, 33.87234846883584, 33.87234679634769, 33.8723454516021, 33.8723443859492, 33.87234355615656, 33.87234292401232, 33.87234245593094, 33.8723421225663, 33.8723418984361, 33.8723417615605, 33.872341693117455, 33.87234167711604, 33.87234170008958, 33.872341750808864, 33.87234182001593, 33.872341900178476, 33.87234198526472, 33.87234207053811, 33.8723421523714, 33.87234222807921, 33.87234229576804, 33.87234235420307, 33.87234240269033, 33.872342440973256, 33.87234246914271, 33.87234248755882, 33.87234249678434, 33.87234249752756, 33.87234249059458, 33.87234247684932, 33.872342457180906, 33.87234243247727, 33.87234240360405, 33.87234237138867, 33.872342336608135, 33.87234229998074, 33.87234226216044, 33.87234222373391, 33.872342185219594, 33.87234214706837, 33.87234210966565, 33.87234207333433, 33.87234203833855, 33.872342004888075, 33.87234197314283, 33.87234194321774, 33.87234191518758, 33.87234188909178, 33.87234186493896, 33.87234184271156, 33.872341822369826, 33.87234180385578, 33.87234178709691, 33.872341772009285, 33.872341758500475, 33.87234174647231, 33.87234173582305, 33.872341726449385, 33.87234171824812, 33.872341711117706, 33.87234170495923, 33.87234169967749, 33.87234169518167, 33.87234169138599, 33.872341688209886, 33.87234168557854, 33.872341683422725, 33.87234168167906, 33.8723416802897, 33.87234167920244, 33.872341678370326, 33.87234167775154, 33.87234167730902, 33.87234167701018, 33.872341676826686, 33.87234167673393, 33.872341676710946, 33.87234167673985, 33.87234167680568, 33.87234167689601, 33.87234167700069, 33.87234167711161, 33.87234167722234, 33.87234167732801, 33.87234167742499, 33.872341677510754, 33.872341677583684, 33.87234167764288, 33.872341677688176, 33.87234167771971, 33.87234167773812, 33.87234167774423, 33.872341677739136, 33.872341677724, 33.87234167770014, 33.872341677668764, 33.87234167763119, 33.87234167758864, 33.872341677542266, 33.87234167749313, 33.87234167744227, 33.87234167739049, 33.87234167733863, 33.87234167728734, 33.87234167723721, 33.872341677188686, 33.8723416771422, 33.872341677098035, 33.872341677056404, 33.87234167701746, 33.8723416769813, 33.87234167694797, 33.872341676917465, 33.872341676889704, 33.872341676864636, 33.87234167684213, 33.87234167682211, 33.87234167680435, 33.87234167678876, 33.87234167677517, 33.872341676763405, 33.87234167675328, 33.87234167674471, 33.87234167673744, 33.872341676731416, 33.8723416767264, 33.87234167672237, 33.87234167671911, 33.87234167671655, 33.87234167671458, 33.87234167671311, 33.872341676712054, 33.872341676711336, 33.87234167671089, 33.872341676710654, 33.872341676710604, 33.87234167671066, 33.87234167671083, 33.87234167671102, 33.87234167671126, 33.87234167671152, 33.87234167671177, 33.87234167671201, 33.872341676712246, 33.87234167671244, 33.872341676712594, 33.87234167671273, 33.872341676712836, 33.8723416767129, 33.87234167671293, 33.87234167671293, 33.872341676712914, 33.87234167671285, 33.87234167671281, 33.87234167671271, 33.87234167671263, 33.8723416767125, 33.872341676712395, 33.872341676712274, 33.87234167671215, 33.87234167671201, 33.872341676711905, 33.87234167671178, 33.87234167671167, 33.872341676711564, 33.87234167671146, 33.87234167671135, 33.872341676711265, 33.87234167671118, 33.872341676711095, 33.872341676711024, 33.87234167671097, 33.8723416767109, 33.87234167671085, 33.87234167671081, 33.872341676710775, 33.87234167671075, 33.872341676710704, 33.8723416767107, 33.872341676710676, 33.87234167671065, 33.87234167671064, 33.872341676710626, 33.87234167671061, 34.23489185635599, 33.892798709463214, 33.960041404999124, 34.08482005342955, 34.02642909012061, 33.914995939426525, 33.87637017850695, 33.922253370580975, 33.97204885004664, 33.96523677451136, 33.91834260818606, 33.88092280718118, 33.88123384214476, 33.9069414733074, 33.92508179666249, 33.9176075469582, 33.89450485693278, 33.87758657800591, 33.87868188632589, 33.89138864616229, 33.90006495645854, 33.89598569863869, 33.884100367806525, 33.875566795444065, 33.8764596037951, 33.88322206858671, 33.88749924304648, 33.884818101241905, 33.87816699961172, 33.87388362939554, 33.87512443637323, 33.8792134483681, 33.88103002335755, 33.878545233031126, 33.87449431812908, 33.872920340453724, 33.874760460034985, 33.877186821145635, 33.87712619551523, 33.87468886942381, 33.87266080551622, 33.873034053163025, 33.87480384853786, 33.87548888266715, 33.87424536569379, 33.87266098804305, 33.87252184773258, 33.87361890238956, 33.874279182974455, 33.873638842154406, 33.87259350824489, 33.87240922741649, 33.87307150164753, 33.87350729988673, 33.87312739794451, 33.87249718684101, 33.87240512669804, 33.872805430603584, 33.873031710911, 33.872778559283255, 33.87242767622965, 33.87241474609319, 33.87265003608539, 33.87274178118316, 33.87257047279713, 33.872388860042776, 33.87241335514279, 33.87254716395168, 33.8725708047508, 33.87245601240288, 33.87236643403316, 33.872403517578, 33.87248038765852, 33.872471273361676, 33.872391111632346, 33.87235383703473, 33.87239675849422, 33.872436868405536, 33.872407362946895, 33.87235447037755, 33.87235418347662, 33.8723932406487, 33.87240046547584, 33.87236417573917, 33.87234258343923, 33.87236291733392, 33.87238270363475, 33.87236725353935, 33.87234375688521, 33.87234807983876, 33.87236576797778, 33.87236372887383, 33.87234678399046, 33.872343029974495, 33.872354125009835, 33.87235767744108, 33.8723481200902, 33.87234225140747, 33.87234752005855, 33.87235202497549, 33.87234778100792, 33.872342638185835, 33.87234423922057, 33.87234786474138, 33.87234664939334, 33.87234298028742, 33.87234274929586, 33.87234519770991, 33.87234539929216, 33.87234302155799, 33.872342104386384, 33.87234364177551, 33.87234433828294, 33.872342839215875, 33.872341828605016, 33.872342795230196, 33.872343532690955, 33.87234256303994, 33.872341715316956, 33.8723423554082, 33.87234294732778, 33.87234228956996, 33.872341679474744, 33.87234212578025, 33.87234252762067, 33.87234206965914, 33.8723416805673, 33.872341993269885, 33.87234223088838, 33.872341917866336, 33.87234169313635, 33.872341902496984, 33.87234202875957, 33.87234182473726, 33.87234170124639, 33.872341833812925, 33.87234189928831, 33.872341770069966, 33.87234169970993, 33.872341784136204, 33.87234182089476, 33.87234173485772, 33.872341692542655, 33.87234175276111, 33.87234177272567, 33.87234170866912, 33.872341686860175, 33.872341734813155, 33.87234173925114, 33.87234168970023, 33.87234168630575, 33.87234172267471, 33.872341713408964, 33.87234167934856, 33.872341688984086, 33.87234171096468, 33.87234169466189, 33.87234167681264, 33.872341690717185, 33.87234169915067, 33.87234168376094, 33.87234167825027, 33.872341689453286, 33.872341689497766, 33.87234167918428, 33.872341679817275, 33.872341686325505, 33.87234168336336, 33.87234167779258, 33.87234168019884, 33.872341683294, 33.872341679968606, 33.87234167735823, 33.87234167998933, 33.872341681007065, 33.872341677979776, 33.872341677358634, 33.87234167966938, 33.872341679130585, 33.87234167692463, 33.87234167773538, 33.87234167903921, 33.87234167763081, 33.87234167677124, 33.872341678020135, 33.872341678072026, 33.87234167684693, 33.87234167708965, 33.872341677832004, 33.8723416772296, 33.87234167674631, 33.87234167728535, 33.87234167736755, 33.87234167683469, 33.87234167688002, 33.87234167720353, 33.872341676995724, 33.8723416767566, 33.87234167694617, 33.872341677027, 33.87234167680501, 33.87234167677476, 33.872341676934724, 33.872341676869965, 33.87234167672855, 33.87234167681354, 33.8723416768757, 33.87234167675329, 33.87234167673454, 33.872341676829656, 33.87234167678419, 33.872341676711095, 33.87234167677142, 33.872341676789944, 33.87234167672058, 33.872341676730514, 33.87234167677239, 33.87234167673577, 33.872341676714015, 33.87234167674692, 33.87234167674208, 33.87234167671401, 33.872341676726414, 33.87234167673809, 33.87234167671954, 33.87234167671551, 33.872341676728894, 33.87234167672338, 33.87234167671254, 33.87234167671988, 33.87234167672341, 33.87234167671352, 33.87234167671386, 33.87234167672063, 33.87234167671518, 33.87234167671116, 33.872341676717035, 33.87234167671592, 33.87234167671069, 33.87234167671392, 33.872341676715486, 33.87234167671119, 33.87234167671194, 33.872341676714356, 33.872341676711784, 33.87234167671101, 33.87234167671307, 33.8723416767121, 33.872341676710775, 33.87234167671199, 33.872341676712054, 33.87234167671084, 33.87234167671124, 33.872341676711805, 33.87234167671099, 33.87234167671084, 33.87234167671147, 33.87234167671108, 33.87234167671067, 33.87234167671115, 33.872341676711095, 33.872341676710626, 33.87234167671091, 33.87234167671104, 33.87234167671063, 33.87234167671076, 33.872341676710946, 33.872341676710654, 33.872341676710676, 33.87234167671086, 33.872341676710676, 33.872341676710626, 33.87234167671077, 33.87234167671069, 33.87234167671061, 33.87234167671071, 33.87234167671068, 33.8723416767106, 33.872341676710654, 33.87234167671067, 33.87234167671061, 33.87234167671064, 33.87234167671065, 33.87234167671061, 33.87234167671061, 33.87234167671065, 33.872341676710604, 33.872341676710626, 33.87234167671065, 33.87234167671061, 33.87234167671061, 33.87234167671063, 33.87234167671061, 33.872341676710604, 33.872341676710604, 33.87234167671061, 33.872341676710604, 33.87234167671058, 33.87234167671061, 33.872341676710604, 33.8723416767106, 33.8723416767106, 33.872341676710604, 33.87234167671061, 33.87234167671057, 33.8723416767106, 33.872341676710604, 33.8723416767106, 33.87234167671059, 33.872341676710604, 33.872341676710604, 33.87234167671059, 33.872341676710604, 33.87234167671061, 33.87234167671058, 33.872341676710604, 33.872341676710604, 33.87234167671059, 33.87234167671061, 33.872341676710604, 33.8723416767106, 33.87234167671059, 33.87234167671059, 33.87234167671059, 33.87234167671059, 33.8723416767106, 33.8723416767106, 33.87234167671059, 33.87234167671062, 33.872341676710604, 33.872341676710604, 33.87234167671059, 33.87234167671059, 33.8723416767106, 33.87234167671059, 33.87234167671059, 33.872341676710604, 33.87234167671059, 33.8723416767106, 33.87234167671061, 33.872341676710604, 33.87234167671058, 33.8723416767106, 33.87234167671059, 33.87234167671061, 33.872341676710604, 33.8723416767106, 33.872341676710604, 33.87234167671061, 33.8723416767106, 33.87234167671061, 33.87234167671059, 33.87234167671061, 33.8723416767106, 33.872341676710604, 33.8723416767106, 33.872341676710604, 33.8723416767106, 33.87234167671059, 33.87234167671059, 33.8723416767106, 33.8723416767106, 33.87234167671061, 33.872341676710604, 33.87234167671059, 33.872341676710604, 33.8723416767106, 33.8723416767106, 33.87234167671061, 33.87234167671059, 33.87234167671061, 33.872341676710604, 33.87234167671059, 33.87234167671061, 33.872341676710604, 33.87234167671059, 33.872341676710604, 33.87234167671059, 33.8723416767106, 33.8723416767106, 33.872341676710604, 33.87234167671059, 33.87234167671061, 33.87234167671059, 33.87234167671058, 33.872341676710604, 33.8723416767106, 33.87234167671059, 33.872341676710604, 33.8723416767106, 33.87234167671058, 33.8723416767106, 33.87234167671059, 33.87234167671059, 33.87234167671059, 33.8723416767106, 33.87234167671061, 33.87234167671059, 33.87234167671058, 33.87234167671061, 33.87234167671059, 33.87234167671061, 33.87234167671059, 33.872341676710604, 33.87234167671061, 33.87234167671061, 33.87234167671059, 33.87234167671059, 33.8723416767106, 33.872341676710604, 33.872341676710604, 33.872341676710604, 33.872341676710604, 33.8723416767106, 33.87234167671059, 33.872341676710604, 33.87234167671059, 33.87234167671059, 33.872341676710604, 33.87234167671059, 33.8723416767106, 33.87234167671059, 33.87234167671059, 33.8723416767106, 33.872341676710604, 33.87234167671059, 33.87234167671059, 33.8723416767106, 33.8723416767106, 33.87234167671059, 33.87234167671061, 33.8723416767106, 33.87234167671059, 33.87234167671059, 33.87234167671059, 33.87234167671059, 33.872341676710604, 33.87234167671059, 33.87234167671061, 33.8723416767106, 33.87234167671059, 33.8723416767106, 33.87234167671061, 33.8723416767106, 33.872341676710604, 33.87234167671059, 33.8723416767106, 33.8723416767106, 33.872341676710604, 33.87234167671057, 33.8723416767106, 33.87234167671059, 33.8723416767106, 33.87234167671059, 33.872341676710604, 33.87234167671061, 33.87234167671059, 33.87234167671061, 33.8723416767106, 33.8723416767106, 33.8723416767106, 33.87234167671061, 33.87234167671061, 33.87234167671059, 33.87234167671061, 33.87234167671059, 33.87234167671059, 33.872341676710604, 33.872341676710604, 33.87234167671057, 33.8723416767106, 33.87234167671059, 33.87234167671059, 33.87234167671059, 33.87234167671059, 33.872341676710604, 33.87234167671059, 33.87234167671059, 33.872341676710604, 33.87234167671061, 33.87234167671059, 33.8723416767106, 33.87234167671061, 33.87234167671059, 33.87234167671059, 33.87234167671062, 33.87234167671059, 33.87234167671059, 33.8723416767106, 33.872341676710604, 33.87234167671059, 33.8723416767106, 33.87234167671059, 33.87234167671059, 33.872341676710604, 33.872341676710604, 33.8723416767106, 33.872341676710604, 33.872341676710604, 33.87234167671059, 33.872417983449104, 34.07455473283626, 33.8763433050203, 33.963157445378236, 34.009578992027635, 33.928647503533426, 33.872821231194024, 33.90376040626763, 33.94768502828965, 33.93470886157302, 33.89119593243107, 33.872496368337075, 33.89263849854847, 33.91537719619621, 33.909134830012995, 33.88488544296601, 33.87235783156388, 33.88214240528501, 33.89650910635139, 33.89557631247792, 33.88181215058634, 33.87254201475711, 33.87688566911871, 33.88604238412515, 33.88681083507877, 33.87878542303088, 33.872580307509416, 33.87483897394512, 33.88053329216701, 33.881143044752314, 33.876170312923946, 33.87244310372056, 33.874109325315416, 33.87759315795888, 33.87751266284878, 33.87420684989677, 33.87235296581628, 33.87391255777786, 33.875853484294666, 33.8751401702819, 33.87298558454263, 33.87246045153641, 33.87383039454419, 33.87460446397582, 33.87358789941042, 33.87242517662212, 33.8727168292693, 33.87364467310807, 33.8735842502112, 33.87269044226738, 33.872373147978095, 33.872929555079175, 33.87326057736388, 33.872812325531946, 33.87235876819215, 33.87255756470223, 33.872918772145916, 33.87278000074968, 33.872406745856544, 33.87240635420094, 33.87267405745899, 33.87268295314589, 33.87243123017982, 33.87235766014783, 33.87252758067649, 33.87258402520279, 33.8724280712917, 33.87234545438391, 33.872447515994025, 33.87250636096458, 33.87241102504552, 33.872343190154304, 33.87240547023269, 33.872451754157034, 33.872391261776436, 33.87234269418761, 33.872383299691066, 33.872414988604056, 33.87237398308335, 33.87234244380506, 33.87237117749882, 33.87239033409991, 33.8723608238761, 33.87234252215227, 33.87236397942264, 33.87237350727108, 33.87235169704925, 33.872343065036226, 33.872359121916844, 33.87236175709791, 33.87234599157116, 33.87234394646738, 33.872355281874945, 33.87235348292342, 33.872342957024706, 33.87234486119643, 33.872351858133534, 33.87234780772605, 33.8723418465877, 33.87234545774096, 33.8723486912964, 33.872344226389146, 33.872341919896364, 33.87234549155703, 33.872345901142744, 33.87234234627461, 33.87234248437311, 33.87234492136415, 33.87234372443947, 33.87234172495985, 33.87234298121676, 33.872343937714135, 33.87234234375489, 33.87234183762049, 33.87234309156447, 33.872342883189475, 33.87234175193878, 33.87234216201798, 33.87234279197734, 33.872342091209106, 33.87234172072039, 33.87234232745863, 33.87234229372451, 33.87234172217348, 33.87234190177379, 33.87234222129043, 33.872341873560664, 33.872341701770054, 33.87234200657994, 33.872341962635524, 33.872341688973236, 33.8723418098723, 33.87234194077855, 33.87234174731431, 33.8723417031698, 33.872341855572074, 33.87234179211475, 33.87234167725232, 33.872341767168045, 33.8723417966953, 33.87234169157326, 33.872341707965155, 33.87234177159091, 33.872341711747204, 33.872341681533236, 33.87234173710893, 33.87234172169137, 33.87234167695223, 33.87234170775674, 33.872341719766354, 33.87234168161146, 33.872341688925935, 33.87234171073295, 33.87234168715892, 33.87234167973346, 33.87234169987171, 33.87234169010258, 33.87234167685526, 33.87234169051857, 33.872341690125644, 33.87234167705176, 33.8723416839052, 33.87234168823888, 33.87234167815589, 33.87234167990974, 33.87234168559994, 33.87234167909352, 33.87234167784698, 33.872341683020586, 33.87234167953248, 33.87234167697764, 33.87234168090158, 33.8723416795158, 33.87234167673136, 33.87234167934467, 33.87234167921068, 33.87234167674742, 33.87234167829053, 33.87234167877985, 33.87234167683382, 33.872341677621364, 33.87234167833639, 33.87234167690753, 33.87234167721857, 33.872341677941726, 33.87234167694486, 33.8723416769868, 33.87234167761934, 33.87234167694856, 33.87234167685844, 33.872341677370294, 33.87234167692964, 33.872341676789524, 33.87234167718503, 33.87234167689912, 33.87234167675339, 33.872341677050585, 33.87234167686509, 33.87234167673469, 33.87234167695456, 33.87234167683255, 33.87234167672504, 33.87234167688652, 33.87234167680395, 33.872341676720005, 33.87234167683835, 33.87234167678019, 33.8723416767173, 33.87234167680419, 33.872341676761216, 33.87234167671584, 33.87234167677973, 33.87234167674648, 33.87234167671507, 33.87234167676205, 33.87234167673534, 33.8723416767147, 33.872341676749066, 33.8723416767271, 33.87234167671451, 33.87234167673941, 33.872341676721156, 33.87234167671448, 33.872341676732105, 33.87234167671699, 33.87234167671447, 33.87234167672653, 33.87234167671418, 33.87234167671441, 33.87234167672222, 33.872341676712395, 33.872341676714306, 33.87234167671889, 33.872341676711336, 33.87234167671413, 33.87234167671633, 33.87234167671081, 33.87234167671382, 33.8723416767144, 33.872341676710626, 33.872341676713454, 33.872341676712956, 33.87234167671063, 33.87234167671303, 33.87234167671193, 33.87234167671078, 33.872341676712544, 33.87234167671127, 33.87234167671093, 33.87234167671207, 33.87234167671087, 33.87234167671104, 33.87234167671164, 33.87234167671067, 33.87234167671108, 33.872341676711265, 33.87234167671059, 33.872341676711095, 33.87234167671097, 33.87234167671062, 33.87234167671103, 33.872341676710775, 33.87234167671066, 33.87234167671097, 33.872341676710654, 33.872341676710704, 33.87234167671084, 33.87234167671061, 33.87234167671073, 33.87234167671074, 33.8723416767106, 33.87234167671072, 33.87234167671068, 33.87234167671062, 33.872341676710704, 33.872341676710626, 33.87234167671063, 33.872341676710676, 33.87234167671061, 33.87234167671063, 33.87234167671064, 33.872341676710604, 33.87234167671065, 33.872341676710626, 33.87234167671061, 33.87234167671062, 33.87234167671059, 33.872341676710604, 33.872341676710626, 33.87234167671059, 33.8723416767106, 33.87234167671061, 33.8723416767106, 33.87234167671062, 33.872341676710604, 33.87234167671061, 33.872341676710626, 33.8723416767106, 33.872341676710626, 33.87234167671061, 33.87234167671061, 33.8723416767106, 33.872341676710604, 33.87234167671059, 33.8723416767106, 33.87234167671059, 33.87234167671061, 33.87234167671061, 33.87234167671059, 33.87234167671059, 33.8723416767106, 33.87234167671059, 33.8723416767106, 33.87234167671059, 33.87234167671061, 33.87234167671061, 33.87234167671059, 33.87234167671061, 33.8723416767106, 33.872341676710604, 33.8723416767106, 33.872341676710604, 33.87234167671059, 33.87234167671061, 33.87234167671059, 33.872341676710604, 33.87234167671059, 33.872341676710604, 33.8723416767106, 33.87234167671061, 33.87234167671061, 33.872341676710604, 33.87234167671059, 33.87234167671059, 33.87234167671061, 33.872341676710604, 33.87234167671058, 33.8723416767106, 33.87234167671059, 33.87234167671059, 33.8723416767106, 33.8723416767106, 33.8723416767106, 33.872341676710604, 33.87234167671059, 33.87234167671059, 33.87234167671059, 33.8723416767106, 33.87234167671058, 33.87234167671059, 33.87234167671059, 33.872341676710604, 33.8723416767106, 33.8723416767106, 33.872341676710604, 33.87234167671061, 33.87234167671059, 33.872341676710604, 33.87234167671059, 33.87234167671059, 33.8723416767106, 33.872341676710604, 33.872341676710604, 33.8723416767106, 33.872341676710604, 33.87234167671061, 33.87234167671061, 33.87234167671062, 33.87234167671059, 33.87234167671059, 33.87234167671061, 33.8723416767106, 33.8723416767106, 33.87234167671059, 33.872341676710604, 33.87234167671059, 33.87234167671058, 33.87234167671061, 33.8723416767106, 33.87234167671059, 33.8723416767106, 33.87234167671059, 33.8723416767106, 33.872341676710604, 33.87234167671059, 33.8723416767106, 33.87234167671059, 33.872341676710604, 33.872341676710604, 33.8723416767106, 33.87234167671059, 33.8723416767106, 33.872341676710604, 33.872341676710604, 33.87234167671059, 33.872341676710604, 33.87234167671059, 33.872341676710604, 33.87234167671061, 33.87234167671059, 33.872341676710604, 33.872341676710604, 33.8723416767106, 33.872341676710604, 33.872341676710604, 33.87234167671059, 33.8723416767106, 33.87234167671061, 33.8723416767106, 33.8723416767106, 33.87234167671061, 33.87234167671059, 33.872341676710604, 33.87234167671059, 33.8723416767106, 33.87234167671061, 33.87234167671059, 33.87234167671059, 33.87234167671059, 33.872341676710604, 33.872341676710604, 33.87234167671061, 33.87234167671059, 33.8723416767106, 33.8723416767106, 33.87234167671059, 33.872341676710604, 33.87234167671059, 33.87234167671059, 33.8723416767106, 33.87234167671058, 33.8723416767106, 33.87234167671059, 33.8723416767106, 33.8723416767106, 33.87234167671059, 33.8723416767106, 33.87234167671059, 33.87234167671061, 33.8723416767106, 33.8723416767106, 33.87234167671061, 33.872341676710604, 33.87234167671059, 33.8723416767106, 33.8723416767106, 33.8723416767106, 33.872341676710604, 33.8723416767106, 33.8723416767106, 33.87234167671059, 33.872341676710604, 33.8723416767106, 33.87234167671061, 33.8723416767106, 33.87234167671058, 33.87234167671058, 33.8723416767106, 33.87234167671059, 33.87234167671061, 33.872341676710604, 33.87234167671061, 33.8723416767106, 33.87234167671059, 33.87234167671059, 33.8723416767106, 33.87234167671059, 33.87234167671059, 33.872341676710604, 33.87234167671059, 33.872341676710604, 33.8723416767106, 33.8723416767106, 33.87234167671059, 33.87234167671059, 33.87234167671059, 33.87234167671059, 33.87234167671059, 33.87234167671061, 33.87234167671059, 33.8723416767106, 33.87234167671061, 33.872341676710604, 33.8723416767106, 33.8723416767106, 33.87234167671059, 33.87234167671059, 33.8723416767106, 33.872341676710604, 33.87234167671059, 33.87234167671059, 33.872341676710604, 33.87234167671059, 33.87234167671059, 33.87234167671059, 33.87234167671059, 33.872341676710626, 33.8723416767106, 33.872341676710604, 33.872341676710604, 33.87238544227829, 34.07766889813387, 33.87638008793191, 33.9629759469117, 34.0128094120699, 33.933102538966615, 33.87342175488648, 33.90117693183825, 33.94762315254048, 33.937775541604424, 33.89386928398767, 33.87234851817831, 33.89070281339367, 33.9149201001431, 33.911320667055186, 33.88739183996407, 33.87253712805315, 33.880397855795465, 33.895626383938485, 33.89684505506584, 33.88368730275375, 33.872955784520265, 33.87573532141894, 33.885161414315945, 33.88751186279162, 33.880218321351144, 33.873018448541124, 33.87399213511568, 33.879808879195345, 33.88159713324257, 33.87716582402499, 33.872712326915604, 33.873487214973004, 33.87712115491796, 33.87790247973287, 33.87489596873562, 33.87242150906797, 33.87341139221116, 33.875624790704244, 33.87552143566186, 33.87339566394753, 33.8723510424091, 33.87347267611726, 33.87459502539216, 33.87392775012729, 33.87259050803112, 33.872512202117555, 33.873459389444356, 33.8737213320774, 33.87291300451219, 33.87234389370333, 33.872748868098256, 33.87325136522287, 33.87297916569477, 33.8724228014605, 33.87244345409459, 33.872849482005805, 33.87287176800295, 33.87249361198274, 33.872354031601134, 33.87259857150647, 33.87272142021815, 33.872507739056566, 33.87234226647417, 33.87246614486159, 33.87259412500169, 33.87248534383428, 33.87234683901134, 33.87240299458024, 33.87250484996945, 33.87245141938967, 33.87234960251913, 33.87237428390117, 33.87244739756193, 33.87241934105744, 33.872348707616304, 33.8723614647832, 33.8724115122022, 33.87239372626214, 33.872346176530556, 33.872355658209344, 33.8723888948401, 33.87237481849823, 33.87234372024642, 33.872352963647714, 33.87237409169014, 33.87236149058629, 33.872342182967095, 33.87235156207947, 33.87236385738011, 33.87235246320172, 33.8723417057034, 33.87235056219312, 33.872356398783346, 33.872346709028896, 33.8723420511606, 33.872349477965194, 33.872350814400846, 33.872343430683074, 33.87234280607152, 33.87234810329587, 33.87234671079968, 33.87234196631971, 33.87234353389093, 33.8723464571799, 33.87234392969156, 33.87234169235809, 33.87234390218876, 33.87234474213816, 33.872342344052534, 33.87234201206134, 33.87234377339915, 33.872343249087216, 33.872341728382956, 33.872342416300995, 33.8723432374132, 33.872342223616386, 33.87234173227433, 33.87234258216513, 33.87234254912778, 33.87234174556433, 33.87234195840069, 33.87234243496966, 33.87234198856913, 33.87234169201458, 33.87234210030311, 33.87234211020095, 33.87234171229186, 33.87234181601838, 33.87234204684375, 33.87234181729435, 33.87234168926259, 33.87234189690301, 33.87234187374669, 33.872341684866065, 33.87234176475019, 33.87234185616705, 33.87234172466605, 33.872341694030155, 33.87234179807705, 33.87234175432637, 33.87234167672202, 33.87234173873123, 33.872341757404484, 33.872341685906335, 33.87234169880899, 33.872341741010295, 33.872341699198344, 33.872341680497584, 33.872341718295225, 33.87234170606038, 33.87234167676009, 33.87234169868802, 33.87234170523521, 33.872341679434356, 33.87234168581352, 33.872341699648544, 33.87234168301645, 33.872341679253296, 33.87234169266932, 33.87234168509445, 33.872341676950754, 33.87234168649868, 33.872341685326006, 33.87234167682706, 33.87234168201425, 33.8723416842802, 33.87234167744387, 33.87234167921088, 33.872341682675085, 33.872341678050276, 33.87234167769119, 33.87234168104083, 33.8723416783806, 33.87234167699474, 33.872341679657474, 33.872341678427574, 33.87234167675103, 33.87234167861325, 33.87234167828058, 33.87234167671594, 33.87234167788682, 33.872341678038055, 33.872341676752534, 33.87234167741219, 33.87234167777326, 33.87234167679632, 33.87234167711731, 33.872341677528944, 33.872341676824206, 33.872341676941495, 33.87234167732393, 33.87234167683316, 33.872341676840136, 33.87234167716204, 33.87234167682778, 33.87234167678322, 33.87234167703928, 33.872341676814024, 33.87234167675186, 33.87234167694863, 33.872341676796765, 33.8723416767348, 33.8723416768829, 33.87234167677928, 33.87234167672553, 33.872341676835646, 33.872341676763405, 33.87234167672049, 33.872341676801774, 33.87234167674994, 33.872341676717696, 33.872341676777474, 33.87234167673904, 33.87234167671616, 33.87234167675993, 33.872341676730514, 33.87234167671529, 33.87234167674714, 33.8723416767241, 33.87234167671479, 33.872341676737705, 33.872341676719365, 33.872341676714505, 33.87234167673069, 33.872341676716, 33.8723416767143, 33.87234167672541, 33.87234167671369, 33.87234167671413, 33.872341676721376, 33.8723416767122, 33.87234167671392, 33.87234167671829, 33.872341676711294, 33.87234167671371, 33.87234167671597, 33.87234167671081, 33.87234167671341, 33.872341676714214, 33.872341676710626, 33.87234167671309, 33.87234167671292, 33.87234167671062, 33.872341676712715, 33.87234167671198, 33.87234167671069, 33.87234167671233, 33.87234167671134, 33.87234167671083, 33.87234167671193, 33.87234167671093, 33.872341676710896, 33.872341676711585, 33.872341676710725, 33.87234167671095, 33.87234167671127, 33.87234167671062, 33.87234167671099, 33.87234167671102, 33.87234167671059, 33.87234167671097, 33.87234167671083, 33.87234167671062, 33.87234167671089, 33.87234167671071, 33.87234167671064, 33.872341676710825, 33.872341676710626, 33.872341676710676, 33.87234167671076, 33.8723416767106, 33.87234167671069, 33.87234167671068, 33.8723416767106, 33.87234167671069, 33.87234167671065, 33.872341676710604, 33.87234167671067, 33.87234167671061, 33.872341676710626, 33.87234167671065, 33.87234167671061, 33.872341676710626, 33.87234167671064, 33.872341676710604, 33.872341676710626, 33.87234167671062, 33.8723416767106, 33.87234167671062, 33.872341676710604, 33.872341676710604, 33.87234167671061, 33.8723416767106, 33.872341676710626, 33.872341676710604, 33.872341676710604, 33.87234167671062, 33.87234167671059, 33.8723416767106, 33.8723416767106, 33.87234167671059, 33.87234167671059, 33.87234167671061, 33.8723416767106, 33.872341676710604, 33.8723416767106, 33.872341676710604, 33.87234167671061, 33.8723416767106, 33.87234167671061, 33.8723416767106, 33.8723416767106, 33.872341676710604, 33.8723416767106, 33.87234167671061, 33.87234167671061, 33.872341676710604, 33.87234167671059, 33.87234167671061, 33.872341676710604, 33.8723416767106, 33.87234167671059, 33.87234167671059, 33.8723416767106, 33.8723416767106, 33.872341676710604, 33.8723416767106, 33.87234167671059, 33.872341676710604, 33.872341676710604, 33.872341676710604, 33.872341676710604, 33.87234167671061, 33.8723416767106, 33.8723416767106, 33.87234167671059, 33.87234167671059, 33.87234167671059, 33.87234167671058, 33.872341676710604, 33.872341676710604, 33.87234167671058, 33.87234167671061, 33.872341676710604, 33.87234167671058, 33.87234167671059, 33.8723416767106, 33.87234167671062, 33.872341676710604, 33.87234167671061, 33.8723416767106, 33.8723416767106, 33.87234167671061, 33.87234167671059, 33.872341676710604, 33.87234167671061, 33.87234167671061, 33.87234167671058, 33.87234167671059, 33.872341676710604, 33.87234167671058, 33.87234167671058, 33.8723416767106, 33.872341676710604, 33.87234167671059, 33.87234167671058, 33.8723416767106, 33.87234167671059, 33.87234167671061, 33.8723416767106, 33.87234167671059, 33.87234167671059, 33.8723416767106, 33.87234167671061, 33.872341676710604, 33.87234167671059, 33.87234167671058, 33.87234167671058, 33.872341676710604, 33.87234167671061, 33.872341676710576, 33.87234167671061, 33.87234167671059, 33.87234167671059, 33.872341676710604, 33.872341676710604, 33.87234167671059, 33.87234167671059, 33.87234167671059, 33.8723416767106, 33.8723416767106, 33.87234167671062, 33.8723416767106, 33.872341676710604, 33.87234167671059, 33.8723416767106, 33.87234167671059, 33.872341676710604, 33.87234167671061, 33.87234167671059, 33.8723416767106, 33.87234167671059, 33.87234167671061, 33.87234167671059, 33.872341676710604, 33.8723416767106, 33.8723416767106, 33.8723416767106, 33.8723416767106, 33.8723416767106, 33.87234167671059, 33.87234167671059, 33.8723416767106, 33.87234167671059, 33.872341676710604, 33.87234167671059, 33.87234167671059, 33.87234167671059, 33.8723416767106, 33.87234167671059, 33.872341676710604, 33.8723416767106, 33.8723416767106, 33.872341676710604, 33.8723416767106, 33.8723416767106, 33.872341676710604, 33.87234167671059, 33.87234167671061, 33.87234167671059, 33.87234167671059, 33.8723416767106, 33.87234167671059, 33.8723416767106, 33.87234167671059, 33.872341676710604, 33.87234167671059, 33.87234167671059, 33.8723416767106, 33.8723416767106, 33.872341676710604, 33.87234167671059, 33.8723416767106, 33.872341676710604, 33.872341676710604, 33.87234167671061, 33.872341676710604, 33.87234167671061, 33.87234167671059, 33.872341676710604, 33.87234167671059, 33.87234167671059, 33.87234167671058, 33.87234167671061, 33.8723416767106, 33.87234167671059, 33.87234167671059, 33.87234167671059, 33.87234167671059, 33.87234167671059, 33.872341676710604, 33.8723416767106, 33.87234167671059, 33.87234167671059, 33.87234167671061, 33.87234167671059, 33.87234167671059, 33.87234167671058, 33.8723416767106, 33.872341676710604, 33.87234167671059, 33.87234167671059, 33.8723416767106, 33.872341676710604, 33.87234167671061, 33.8723416767106, 33.87234167671061, 33.872341676710604, 33.87234167671059, 33.87234167671059, 33.87234167671059, 33.87234167671059, 33.87234167671059, 33.87234167671061, 33.87234167671059, 33.8723416767106, 33.872341676710604, 33.87234167671059, 33.87234167671061, 33.87234167671059, 33.8723416767106, 33.8723416767106, 33.87234167671059, 33.872341676710604, 33.87234167671061, 33.872341676710576, 33.87234167671061, 33.8723416767106]