Model Setup for Atypical Patient 5:
ITERS=2000
LEARNING_RATE=0.001
OPT_RESET=500
ATOL=1e-09
RTOL=1e-07
METHOD=dopri5
Input channels=2
Hidden channels=11
Output channels=2
Runtime=12635.016510009766Optimizer=Adam (
Parameter Group 0
    amsgrad: False
    betas: (0.9, 0.999)
    capturable: False
    differentiable: False
    eps: 1e-08
    foreach: None
    fused: None
    lr: 0.001
    maximize: False
    weight_decay: 0
)Loss over time=[649.7875642031166, 622.0728708045425, 594.8184636742064, 568.096854904318, 541.8804910117752, 516.1850563473773, 491.4568404763458, 467.4572054551061, 443.958385526846, 420.987154764664, 398.5722491363411, 376.8199231427104, 355.6315573825287, 335.0217514837723, 315.0101698070807, 295.60758159674384, 276.8255913047886, 258.70745329557974, 241.21614648146186, 224.3682588997829, 208.1874616955004, 192.646274069173, 177.75286824425564, 163.5139623476882, 149.9300707628333, 137.0000409127491, 124.7261106293788, 113.10979134430359, 102.14726010898816, 91.83273560111401, 82.1623716966611, 73.13126594932766, 64.72990447112093, 56.94673487810366, 49.77116750963176, 43.19061741366632, 37.188306241300545, 31.746220321833913, 26.846367692174578, 22.46789420828789, 18.58672623588917, 15.17841508859455, 12.217600348074235, 9.6759455502561, 7.523822636817781, 5.731790336407508, 4.268885541156788, 3.1028150991275614, 2.2020257039651185, 1.5351422543065516, 1.0702952459834274, 0.7769585848180346, 0.6262134355607701, 0.5899262252161392, 0.6420140987746114, 0.7590636169820851, 0.91952520856419, 1.1044682357514843, 1.2981393199504698, 1.4871660046795763, 1.6608875586954275, 1.8116526151433867, 1.9339813175328506, 2.0246108369430265, 2.0825261012419034, 2.1081384634056395, 2.10321750517639, 2.070767398959688, 2.0143287175373357, 1.9379391881380046, 1.845971320606588, 1.7426332907113127, 1.6320230480443554, 1.517991280163134, 1.4038565875180689, 1.2925423912362153, 1.1864798611492962, 1.0875040431967553, 0.9970262131721399, 0.915969653511188, 0.8447883687685566, 0.7836248980445174, 0.7322675560923642, 0.6902355815809081, 0.6568887267924313, 0.6314007915099442, 0.6128627407174604, 0.6003338993076306, 0.5928317616809502, 0.5894194361521424, 0.5892082092060194, 0.5913623829101792, 0.5951528120858258, 0.5999315619465031, 0.6051471927328265, 0.6103605829486618, 0.6152141975270852, 0.6194487446919672, 0.6228901673831256, 0.6254288604854454, 0.6270286921493754, 0.6277012288567332, 0.6274991176280739, 0.6265131533148306, 0.6248498232522963, 0.6226335920802382, 0.6199950752058772, 0.617060929188182, 0.6139565722760704, 0.6107937941293577, 0.6076721043219208, 0.6046772457882322, 0.6018756821273265, 0.5993200545567394, 0.5970453202665337, 0.5950712450141804, 0.593405431816743, 0.5920417948087751, 0.59096609755229, 0.5901557028729483, 0.5895821330251493, 0.589214241689962, 0.5890178690952524, 0.5889596103693071, 0.5890067233699761, 0.5891285775095119, 0.5892981198895654, 0.5894911877939465, 0.5896881881271373, 0.5898731898280598, 0.5900342814188292, 0.5901635130017288, 0.5902559357428107, 0.5903099701313053, 0.5903261952456048, 0.5903073139507349, 0.590257514377341, 0.5901818194342846, 0.5900860281589787, 0.5899758803585212, 0.58985713444916, 0.5897350497965758, 0.5896142795966047, 0.5894988141280609, 0.5893917274032664, 0.5892953941580292, 0.589211283031717, 0.5891401891634472, 0.5890822241462159, 0.5890369199258001, 0.5890034191600236, 0.5889804659041736, 0.5889666425149568, 0.5889603588117839, 0.5889600332693606, 0.5889641110620201, 0.5889711456285298, 0.5889798648479453, 0.5889891565502242, 0.5889981423831394, 0.5890061247031633, 0.5890126298371334, 0.5890173575858182, 0.5890201796738652, 0.5890211105044839, 0.5890202700093036, 0.5890178741963212, 0.5890141836553147, 0.5890095035530399, 0.5890041380273621, 0.5889983902746105, 0.5889925344512554, 0.5889868118762925, 0.5889814223503278, 0.5889765173486299, 0.5889722060631679, 0.588968548658926, 0.58896556990211, 0.5889632551768894, 0.5889615653045497, 0.5889604364114319, 0.5889597918209897, 0.588959545215901, 0.588959607895192, 0.5889598947718064, 0.5889603258416675, 0.5889608286684388, 0.5889613424941044, 0.5889618202727002, 0.5889622259011393, 0.5889625365472492, 0.58896273733201, 0.5889628246352949, 0.5889628060327052, 0.5889626926441914, 0.5889624995183237, 0.5889622444244736, 0.5889619461402227, 0.5889616230654525, 0.5889612924537594, 0.5889609691814827, 0.5889606657718719, 0.5889603915249367, 0.5889601537107624, 0.5889599568114381, 0.5889598003076001, 0.5889596829173693, 0.5889596018209297, 0.5889595526728377, 0.5889595304522554, 0.5889595295577187, 0.5889595444597068, 0.5889595697914096, 0.5889596007771462, 0.5889596332632129, 0.5889596639320116, 0.5889596902628399, 0.5889597105744272, 0.5889597239326301, 0.5889597306417453, 0.5889597304744766, 0.5889597240916915, 0.588959712525464, 0.5889596969742432, 0.5889596787171008, 0.588959658998486, 0.5889596389323883, 0.5889596195359975, 0.5889596016295614, 0.5889595858007218, 0.5889595724395302, 0.5889595617245622, 0.588959553670406, 0.5889595481338975, 0.5889595448673718, 0.5889595435373839, 0.5889595437693003, 0.5889595451662063, 0.5889595473494542, 0.5889595499655068, 0.5889595527103842, 0.5889595553334469, 0.5889595576478727, 0.5889595595254202, 0.5889595608963478, 0.588959561741311, 0.5889595620834438, 0.5889595619017783, 0.5889595611363365, 0.5889595600925263, 0.5889595588661162, 0.5889595575488763, 0.5889595562243602, 0.5889595549637654, 0.5889595538236286, 0.5889595528432459, 0.5889595520459948, 0.5889595514410871, 0.5889595510242732, 0.5889595507810065, 0.5889595506884849, 0.5889595507202543, 0.5889595508456477, 0.588959551035607, 0.5889595512619166, 0.5889595515044175, 0.5889595517423705, 0.588959551959156, 0.588959552142233, 0.5889595522852313, 0.588959552388225, 0.5889595524522989, 0.5889595524809097, 0.5889595524801597, 0.5889595524563135, 0.5889595524173284, 0.5889595523700806, 0.5889595523211669, 0.5889595522759549, 0.588959552238639, 0.5889595522121097, 0.5889595521980484, 0.5889595521966066, 0.5889595522086517, 0.5889595522325215, 0.5889595522660733, 0.5889595523067327, 0.5889595523517535, 0.5889595523988264, 0.5889595524458042, 0.5889595524907594, 0.5889595525322284, 0.5889595525691768, 0.5889595526004725, 0.5889595526260262, 0.5889595523580209, 0.5889595518450406, 0.5889595513345133, 0.5889595508231377, 0.5889595503115981, 0.588959549800652, 0.5889595492908417, 0.5889595487827041, 0.588959548276587, 0.5889595477728897, 0.5889595472716631, 0.5889595467730352, 0.5889595462769318, 0.5889595457831569, 0.5889595452916505, 0.5889595448019906, 0.5889595443142125, 0.5889595438279517, 0.5889595433429683, 0.5889595428591398, 0.5889595423763616, 0.588959541894479, 0.588959541413468, 0.5889595409332733, 0.5889595404538053, 0.5889595399751684, 0.5889595394974477, 0.5889595390205481, 0.5889595385446396, 0.5889595380697066, 0.5889595375957237, 0.5889595371227868, 0.5889595366509413, 0.5889595361801276, 0.5889595357096025, 0.588959535239453, 0.5889595347697908, 0.5889595343008152, 0.5889595338324916, 0.5889595333644408, 0.5889595328966624, 0.5889595331319399, 0.588959534838969, 0.5889595367986511, 0.5889595382922573, 0.5889595333834521, 0.5889595276917631, 0.5889595208857884, 0.5889595066386148, 0.5889594903360912, 0.5889595098354445, 0.5889594864301524, 0.5889595054487237, 0.5889594899413751, 0.5889595061026401, 0.5889595188522588, 0.5889595248867657, 0.5889595298298267, 0.5889595336684604, 0.5889595306935238, 0.5889595280346754, 0.5889595256245318, 0.5889595234165139, 0.5889595213761463, 0.5889595194769524, 0.5889595176981328, 0.5889595160233047, 0.5889595144391696, 0.5889595139590672, 0.5889595142277049, 0.5889595145180455, 0.5889595148315958, 0.5889595151700143, 0.5889595155352011, 0.5889595159291949, 0.5889595163554318, 0.5889595168166728, 0.5889595173157939, 0.5889595178562478, 0.5889595184419402, 0.5889595190773437, 0.5889595197677615, 0.588959520519144, 0.5889595213385884, 0.5889595222347456, 0.5889595232176092, 0.5889595233859797, 0.5889595207082302, 0.5889595178431255, 0.588959514757896, 0.5889595114097562, 0.5889595077411379, 0.5889595027681233, 0.5889594952280786, 0.5889594861549857, 0.5889594766968167, 0.5889594708932162, 0.5889594876417626, 0.5889594713708602, 0.5889594675417421, 0.5889594672499201, 0.588959466968387, 0.5889594666865843, 0.5889594664045327, 0.588959466122218, 0.5889594658396425, 0.5889594655568114, 0.5889594652737238, 0.5889594649903868, 0.5889594647067855, 0.5889594644229175, 0.5889594641388084, 0.5889594638544406, 0.5889594635698262, 0.5889594632849543, 0.588959462999827, 0.5889594627144473, 0.588959462428816, 0.5889594621429285, 0.5889594618568098, 0.5889594615704524, 0.5889594612838603, 0.5889594609970178, 0.5889594607099464, 0.588959460422626, 0.58895946013509, 0.5889594598473002, 0.5889594595592853, 0.5889594592710121, 0.5889594589825055, 0.5889594586937709, 0.5889594584047873, 0.5889594581155668, 0.588959457826114, 0.5889594575364278, 0.5889594572465064, 0.588959456956345, 0.5889594566659475, 0.5889594563753138, 0.5889594560844333, 0.5889594557933253, 0.5889594555019886, 0.588959455210411, 0.5889594549185904, 0.5889594546265341, 0.588959454334251, 0.5889594540417246, 0.5889594537489707, 0.5889594534559685, 0.5889594531627236, 0.5889594528692665, 0.5889594525755455, 0.5889594522816143, 0.5889594519874229, 0.5889594516932113, 0.5889594513989344, 0.5889594511045819, 0.5889594508101087, 0.5889594505155039, 0.588959450220793, 0.5889594499259305, 0.5889594496309122, 0.5889594493357183, 0.5889594490403682, 0.5889594487448355, 0.5889594484491194, 0.5889594481532214, 0.588959447857133, 0.5889594475608315, 0.5889594472643266, 0.5889594469676267, 0.5889594466707077, 0.5889594463735787, 0.5889594460762335, 0.5889594457786654, 0.5889594454808831, 0.58895944518287, 0.5889594448846375, 0.5889594445861814, 0.5889594442874905, 0.5889594439885871, 0.5889594436894436, 0.5889594433900631, 0.5889594430904701, 0.5889594427906384, 0.5889594424905721, 0.5889594421902754, 0.5889594418897431, 0.5889594415889842, 0.5889594412879846, 0.5889594409867641, 0.5889594406853044, 0.5889594403836128, 0.5889594400816829, 0.5889594397795138, 0.5889594394771215, 0.5889594391744886, 0.588959438871635, 0.5889594385685389, 0.5889594382652117, 0.5889594379616422, 0.5889594376578513, 0.5889594373538266, 0.5889594370495703, 0.5889594367450801, 0.5889594364403593, 1.035007455280511, 0.6805530490131627, 0.7003391644102642, 0.8966837508127302, 0.8100829680912035, 0.6384987414513048, 0.5991055574588701, 0.6799402941543762, 0.7365031419520108, 0.7103659059341788, 0.6458700132384115, 0.6021843002288825, 0.6069969282923802, 0.6449065758623029, 0.6698859458753904, 0.652552316329821, 0.6116835682215247, 0.5891513154246253, 0.6022444431905527, 0.6272387306252779, 0.6331058128600577, 0.6169899680227408, 0.5978554932487667, 0.5916237189365922, 0.5993898121201998, 0.6105964421366644, 0.6127989579050699, 0.60297601755919, 0.5913572996703866, 0.5900243824055754, 0.598069119687672, 0.6036688339423596, 0.600223613674585, 0.5929490380722992, 0.5897056458686877, 0.5920714805249044, 0.5959922093054818, 0.5968199156918081, 0.5934711088246618, 0.5896220688455943, 0.5896109551555401, 0.5926580318055814, 0.5940468727209666, 0.5920267520258267, 0.5895761325969961, 0.5894047896234603, 0.590864614074572, 0.5917995334064184, 0.5910933809805768, 0.589562636041443, 0.5890490193621086, 0.5900228335811303, 0.5908148512576257, 0.5902120196212297, 0.5892062138317472, 0.5891090661190801, 0.589698152209611, 0.590010527803586, 0.589667896796583, 0.5891134665207123, 0.5890440168629364, 0.5894689531078302, 0.5896443292860503, 0.5892869612478047, 0.5889821537568168, 0.5891051410013707, 0.5893349303306581, 0.589317964147463, 0.5891020002767728, 0.5889745097608764, 0.5890897382570377, 0.5892281466570665, 0.5891412627590977, 0.5889821854701636, 0.5889941410587433, 0.5890978256457866, 0.58910889410873, 0.5890249472204686, 0.5889669846391226, 0.5890076120573707, 0.5890657307247735, 0.5890320054788393, 0.588966707361346, 0.5889758298548671, 0.5890190331839809, 0.5890164861571623, 0.5889794098189776, 0.5889630525627365, 0.5889858213211095, 0.5890031048167077, 0.5889806071461379, 0.5889595179537297, 0.5889725712843361, 0.5889866228150834, 0.588977217916957, 0.5889626186405936, 0.5889637559484566, 0.5889753978104452, 0.5889745592862226, 0.5889619979996853, 0.5889608914852668, 0.5889693375162083, 0.5889693938334475, 0.5889624564489276, 0.5889600674298202, 0.5889644972340031, 0.5889667121106625, 0.5889618704593694, 0.5889592604054935, 0.588962720928529, 0.5889640067010604, 0.5889611326137292, 0.5889594613174606, 0.5889610714981269, 0.5889624744519886, 0.588960647389981, 0.5889591349860753, 0.5889605401344785, 0.5889613001440653, 0.5889600485822387, 0.5889592654502076, 0.5889599685615375, 0.5889605797630924, 0.5889597525773511, 0.5889591204533866, 0.5889597888998113, 0.5889600530816789, 0.5889594489857813, 0.5889591794774104, 0.5889595474765966, 0.5889597325781445, 0.5889592970006299, 0.5889591252508847, 0.5889594658660049, 0.5889594726038652, 0.5889591826389828, 0.5889591480327719, 0.5889593374654699, 0.5889593306012486, 0.5889591136643487, 0.5889591347109696, 0.5889592767228862, 0.5889592004445444, 0.5889590891587467, 0.5889591297602106, 0.5889592012203297, 0.5889591370247679, 0.5889590634952733, 0.5889591232708299, 0.5889591466312853, 0.5889590831383607, 0.5889590636272101, 0.588959101302368, 0.5889591035711768, 0.5889590549070245, 0.5889590558834963, 0.5889590848156203, 0.5889590646272107, 0.5889590400716539, 0.5889590496913805, 0.5889590608070663, 0.588959040927187, 0.5889590278054625, 0.5889590414075982, 0.5889590383497958, 0.5889590222641286, 0.5889590208810621, 0.5889590270880412, 0.5889590199325933, 0.5889590087527378, 0.5889590120340916, 0.5889590118020703, 0.5889590021498908, 0.5889589977319677, 0.5889589989770179, 0.5889589951329678, 0.5889589871232225, 0.5889589858675127, 0.5889589848715379, 0.5889589786706345, 0.5889589741840214, 0.5889589705838915, 0.5889589641069585, 0.5889589550512943, 0.5889589490547673, 0.5889589435984086, 0.5889589298193177, 0.5889588521286735, 0.5889587099638273, 0.588958653939835, 0.5889586196842247, 0.5889586381029605, 0.5889586350971523, 0.5889586226563972, 0.588958609061655, 0.5889585949873701, 0.588958578723216, 0.5889585602843489, 0.5889585409013197, 0.58895851976253, 0.5889584954731851, 0.5889584599478189, 0.5889584223237608, 0.5889583819034333, 0.5889583387153157, 0.5889582931657149, 0.5889582446065887, 0.5889581927965893, 0.5889581379184242, 0.5889580797283691, 0.5889580177171466, 0.5889579518467657, 0.5889578820383452, 0.5889578074144283, 0.5889577275092476, 0.5889576426204816, 0.5889575573681433, 0.5889574991886742, 0.5889574391075905, 0.588957362063658, 0.588957237293897, 0.5889571037217226, 0.5889569608006382, 0.5889569450469512, 0.5889568655075723, 0.5889566943253988, 0.5889563189664676, 0.5889561141744565, 0.5889559111547965, 0.5889556936630705, 0.5889554607453296, 0.5889552116759365, 0.5889549456364644, 0.5889546562129865, 0.5889545786800922, 0.5889546912403334, 0.5889548036197809, 0.5889545062187338, 0.5889538334675783, 0.5889524784458954, 0.5889520176803714, 0.5889515560263269, 0.5889511864815582, 0.5889518143009838, 0.5889512796521463, 0.5889512792289713, 0.588950686720408, 0.5889485555469226, 0.588949936163748, 0.5889493697861757, 0.5889480653850611, 0.5889476616753, 0.5889447837480851, 0.5889451735956499, 0.5889437403781753, 0.5889425613265544, 0.5889427323888299, 0.5889404558426122, 0.5889414941562339, 0.5889416280214749, 0.5889389840843225, 0.5889380238888746, 0.588937299891554, 0.5889355531338432, 0.5889346204887183, 0.5889335940790598, 0.5889312305360417, 0.5889299709442942, 0.5889286705941285, 0.5889261159866558, 0.588925190915859, 0.5889226472470327, 0.5889210443809273, 0.5889188913313368, 0.5889165800477193, 0.5889141029079923, 0.5889114460404516, 0.5889086041885917, 0.58890555696581, 0.5889023115221774, 0.588898857459974, 0.5888951687842556, 0.588891228314645, 0.5888870146651655, 0.5888825440386505, 0.5888778103713079, 0.5888727702287209, 0.5888673750048647, 0.5888615683435166, 0.5888553193604577, 0.5888486271363413, 0.5888438590968942, 0.5888360635965817, 0.5888287935148416, 0.5888279173212557, 0.5888131219431272, 0.5888137672306016, 0.5888005205834804, 0.5887910561034029, 0.588782626456075, 0.5887735670429759, 0.588763539104087, 0.5887524429021227, 0.5887411915643214, 0.5887294250238551, 0.5887154242266653, 0.5887010370977913, 0.5886878175708099, 0.5886723268236971, 0.5886550942191118, 0.5886380750513422, 0.5886186994907369, 0.5885979686796595, 0.5885752567579282, 0.5885503007342225, 0.5885240809642788, 0.5884980071191491, 0.5884692922537211, 0.5884389906699845, 0.588405322473042, 0.5883664607510365, 0.5883294525257464, 0.5882870314055281, 0.5882382901291234, 0.5881853092174322, 0.58811399178508, 0.5880522407487837, 0.5879876900967819, 0.5879078911299366, 0.5878441825791558, 0.5877636941680862, 0.5876882220797035, 0.5876034138133034, 0.5875061407989149, 0.5874227076306877, 0.587323617287942, 0.5872136937113628, 0.5870936979752416, 0.5869610542867704, 0.5868165139092181, 0.586661438603518, 0.5864890258075985, 0.5862928292745185, 0.5860763218922981, 0.5858398979149816, 0.5855443688764775, 0.5852368098675012, 0.5848797478947202, 0.5844703875427716, 0.5840119444621523, 0.5834657047404729, 0.5829321478991881, 0.5823963048069203, 0.5817802772575098, 0.5810797813346075, 0.5803220018628318, 0.5793054553515579, 0.5783634515861904, 0.5771285214836582, 0.574521769990132, 0.5695691144953013, 0.5619339692549826, 0.5530594974556025, 0.5430737835154613, 0.5328316185777854, 0.5216353697672201, 0.5093524059594099, 0.49756663606509105, 0.4877214639434628, 0.4838029470140277, 0.5039880723206982, 0.5990725066533309, 0.47886236061621007, 0.5157775364612718, 0.5905247873859539, 0.46764081393658363, 0.620640958903807, 0.5877579066000529, 0.5548534067175, 0.5566201457578974, 0.47939240938784783, 0.5324941371463792, 0.4930889191736938, 0.5007935909960274, 0.4810838195229397, 0.48438001206090386, 0.4899265847110883, 0.46012451291161, 0.48902589145271735, 0.45456055746097124, 0.4826521749116184, 0.44718647635929104, 0.476170568109262, 0.44503727825802064, 0.46342167234626463, 0.4460993969555279, 0.45319601167942614, 0.4428446464437879, 0.44536690230855347, 0.4410423297002606, 0.4382160681525216, 0.4364974494770273, 0.43377330077759885, 0.43222889505863316, 0.42859629276945205, 0.42767819346041663, 0.42476258064812583, 0.42309319219704555, 0.4208210292573535, 0.41788098915980093, 0.4175541526233524, 0.41314703373398254, 0.4145453484529645, 0.40856913640795667, 0.4105527084225907, 0.4053725482400189, 0.40614657460200404, 0.4036925789228596, 0.4012491332160039, 0.40168252728290715, 0.3976383908552013, 0.3977746721558407, 0.3957622237536484, 0.3934694399428081, 0.39336029135189093, 0.3906340674788014, 0.3895449735820166, 0.3887362568819974, 0.38629202854376776, 0.38556675121678025, 0.3843460390274746, 0.38221506210165407, 0.3815873464581761, 0.3802274216184715, 0.3783688557703815, 0.37770748168888646, 0.3763415760613937, 0.3746469201049651, 0.373948462577373, 0.3726443626922402, 0.3711326001843167, 0.37036057760725993, 0.36912181580223263, 0.36778140321365543, 0.36698502030390173, 0.36576393390830686, 0.3645599252503668, 0.36328721943976655, 0.36250301269050983, 0.3624275232099239, 0.36161084109556, 0.3593049083486157, 0.3585971429321253, 0.3582405411806429, 0.35629102529306866, 0.35535940928469273, 0.3549798714168915, 0.3533919156051659, 0.3524505173940508, 0.3519498355449738, 0.35056889683481623, 0.34966659635733516, 0.3490877972170829, 0.34786527024891273, 0.3470064132883115, 0.34638353778081027, 0.3452593184437735, 0.34446686629554163, 0.3437792913060713, 0.34270469628482425, 0.34185088989949597, 0.3410327098959645, 0.3399287652789897, 0.33898472757546394, 0.3379970931566997, 0.33670624459135473, 0.3354817778469414, 0.3341663452920702, 0.33262052605760317, 0.331131361996539, 0.32967218523208464, 0.328128547413596, 0.32678522939098115, 0.32566894391220763, 0.3246187426096156, 0.3238917172997136, 0.32339849477297267, 0.3230717327322075, 0.3228357057017009, 0.3227139327921403, 0.32253276107471046, 0.3222447178086674, 0.3218570263695788, 0.32136312646424775, 0.32074678512626564, 0.32008018146882455, 0.3194355909742098, 0.318800118755259, 0.31819645189574836, 0.317684676854981, 0.9958461032955924, 0.3416006954510529, 0.9671519893503838, 0.5265994216523644, 0.3390187258302427, 0.5169912360829988, 0.6379556697596552, 0.537426616942597, 0.3676398251617068, 0.3244487444575231, 0.4292798604287836, 0.4950617494893526, 0.4208151478150502, 0.33036464853963354, 0.32874095338404385, 0.38449193041474816, 0.4151097542479263, 0.39057519002896685, 0.3452098317369112, 0.3255804869002055, 0.34284869377472205, 0.3669623352470453, 0.36462261267111684, 0.3408836551608425, 0.3268666150414587, 0.3335591329088114, 0.3441058897240288, 0.3439700276529278, 0.3361294079949483, 0.3298389706915874, 0.3286150660754949, 0.3300967180448962, 0.33060920555932416, 0.32910357184065875, 0.3273275185994367, 0.3261540575147916, 0.3245653512254487, 0.3231072817646457, 0.3235949168447221, 0.32482796422368126, 0.32365018286934694, 0.32057333606023636, 0.3191937530065726, 0.3207172930670854, 0.3222977350432186, 0.32112621946136266, 0.3183884695384371, 0.3175223713470166, 0.3192340293496089, 0.3203914636041363, 0.31898378713840103, 0.31703407492961977, 0.3171055027189233, 0.31848454014904387, 0.31872067327898684, 0.3174472067067906, 0.31649417003376645, 0.3169621630567434, 0.3176847585856191, 0.3173657000028304, 0.31652123751086175, 0.3163117193059098, 0.31667892586217067, 0.31680225069462614, 0.3164288811121907, 0.3160705316819197, 0.31603988708449376, 0.31616325207370133, 0.31608575326675364, 0.31584917755127506, 0.315668583629914, 0.3156426498197828, 0.3156763794371777, 0.315591365016499, 0.31539290246197743, 0.31527445379957847, 0.315295392481325, 0.31529626534132754, 0.31512944827490225, 0.31498815866527535, 0.31497822711939255, 0.3149876803891636, 0.31487515821973394, 0.3147484313488904, 0.3147167899289277, 0.3147196609127869, 0.31464832168038986, 0.314544021723176, 0.3145238047510323, 0.3145065859501672, 0.31444478458226693, 0.3143669023197907, 0.31432552737623176, 0.3143105813840983, 0.314245489380833, 0.314188870704677, 0.3141524968580109, 0.31411150783979663, 0.31406181046625775, 0.3139991673874085, 0.3139568273372969, 0.31391450999373843, 0.3138728607191753, 0.3138173076428546, 0.3137799088686223, 0.31372671102442423, 0.31367310208881183, 0.31363276870998846, 0.31356977274580494, 0.31354189636962, 0.3134880389137167, 0.31343987669591444, 0.3133830424635706, 0.31334601752078123, 0.31329945607943865, 0.3132480870629802, 0.31320343232447045, 0.3131581457039108, 0.31310057945861974, 0.31306593429396706, 0.3130048409468935, 0.31295743085142785, 0.3129120808743474, 0.31286247857422395, 0.3128065434150455, 0.3127665137935238, 0.3127104170851924, 0.3126568799832247, 0.31260591598091475, 0.31255888442780844, 0.3124945123792218, 0.3124567099068578, 0.3124017046492131, 0.3123485546292504, 0.31229634117735167, 0.31224761032695125, 0.31219007475737515, 0.3121417393902682, 0.3120855096725453, 0.31203104593921654, 0.31197041773374096, 0.31191290525088033, 0.31187417804876477, 0.3118266669065073, 0.311747287240618, 0.31169574083834134, 0.31165052429040774, 0.3115881130614661, 0.31152909895222003, 0.3114662328994857, 0.31141156930083314, 0.3113575600728652, 0.3113018057584721, 0.3112282807457976, 0.3111774778475853, 0.3111185868349961, 0.31106161521783293, 0.31099589550534806, 0.3109265787599471, 0.31086442965989547, 0.310802927568792, 0.3107543205869935, 0.310681524156668, 0.31062930261103966, 0.3105481479018934, 0.31049527456760073, 0.3104234151116012, 0.3103578634242585, 0.3102984039710935, 0.31022087670307646, 0.3101598806202792, 0.31009711364680004, 0.31003185547721507, 0.30996082392990565, 0.30989292175592636, 0.30981071071538735, 0.3097561998780698, 0.30967873675903257, 0.3096077081623086, 0.3095275947892011, 0.309455785675215, 0.30939384218035476, 0.3093017964799984, 0.30923383988666303, 0.3091265693989987, 0.3090831733793415, 0.30900504338108203, 0.3089263237889476, 0.30885216880991123, 0.3087676645241267, 0.30867018052469253, 0.3086011802594475, 0.308510615655224, 0.30844792987490893, 0.3083635036733687, 0.3082737350552502, 0.3081893742084728, 0.3080991540827345, 0.30802607682275945, 0.30792566017770756, 0.3078391901023418, 0.3077527456573966, 0.3076657672808272, 0.3075647943679657, 0.30747385457710336, 0.3073785799362104, 0.3072878578154412, 0.307192011539629, 0.3070985952863438, 0.30699804761721466, 0.3069105490920872, 0.30680007033235923, 0.3067002519272742, 0.306601338767871, 0.3064946294633205, 0.3063894435616112, 0.30629417524811947, 0.30618413688289575, 0.30609080488747115, 0.3059655585527077, 0.3058571558585845, 0.30574393477709644, 0.30563809621532134, 0.30552478423888924, 0.30541015755884204, 0.305298722678558, 0.3051663257712502, 0.30504826658992035, 0.30493071911155545, 0.30481087765946213, 0.30468711666404663, 0.3045497174645717, 0.30442450721356146, 0.3043012014428936, 0.3041662085312986, 0.3040279760155389, 0.30390068241660245, 0.3037655059513746, 0.30362453312689575, 0.30347722508917446, 0.3033456830913645, 0.303195220171724, 0.303045759193146, 0.302903035853873, 0.30274808882424614, 0.3025934750861179, 0.3024359374466175, 0.3022777998643473, 0.3021187052144308, 0.30194476392979497, 0.3017851354694507, 0.3016219538609399, 0.30144845050653574, 0.30127645078045023, 0.30110219945951644, 0.3009258779594782, 0.30074210611616103, 0.300560308179991, 0.3003582366065863, 0.3001827208276376, 0.29997765381939023, 0.29979340830339873, 0.2996083414129396, 0.29940614846580316, 0.2991918579348494, 0.298986075926079, 0.2987726664517812, 0.29855999354041135, 0.2983508147582418, 0.2981216546169435, 0.2979134458468438, 0.2976853662808487, 0.29743593115759626, 0.2972354245957989, 0.2969901956587782, 0.29676342972780495, 0.29651798339572705, 0.29626621048371965, 0.29603606679659616, 0.2957837733849613, 0.29553880812129735, 0.2953044753597096, 0.29487921102155823, 0.2943728089073185, 0.29370239242179014, 0.2928648723535213, 0.29195888490657107, 0.2911211068280781, 0.29042164451411184, 0.28980317658118365, 0.28930509824408596, 0.28883185325779653, 0.2882375842015587, 0.28744379015051186, 0.28644264027150723, 0.2852801981980473, 0.28401129729107527, 0.28266432749255616, 0.28124506438322927, 0.2797949307580413, 0.27844077661089384, 0.2772027895942611, 0.2762013629725335, 0.2753331671486985, 0.2745474243201267, 0.2737472015402735, 0.2729581919043742, 0.2722643622489928, 0.27152358083056777, 0.27037964376086554, 0.2691279936960283, 0.26795318501151716, 0.26696146655170544, 0.26614450798625866, 0.2655405858638199, 0.2655546656478398, 0.26768728111472373, 0.27936879853357605, 0.2931696020367233, 0.3603636392660109, 0.26654747512958155, 0.3305613502226027, 0.5535945045658665, 0.35972527063585535, 0.7815328039708362, 0.9252791882130584, 1.5979192307753065, 1.135997549999798, 0.36449019422416745, 0.9938135217903831, 0.3339175930343911, 0.41782877741650265, 0.6035863725675149, 0.6106024226273176, 0.4680963553760382, 0.3690129384738501, 0.4332381810507904, 0.5369171277273004, 0.4790054780667598, 0.38427701038299755, 0.3826253536845172, 0.43255247758673704, 0.4529967152408376, 0.41860810124103237, 0.36522930978830087, 0.3462830438455493, 0.37333446348910226, 0.39041689689277204, 0.3592324579687316, 0.32546269826214763, 0.32803027400626594, 0.3455749048912326, 0.34599748448455203, 0.32761312797950604, 0.3127190741577342, 0.31595511792384595, 0.32559856787993025, 0.3237644160465801, 0.31462746773185213, 0.3093932233731052, 0.3111990710350558, 0.3163772685196823, 0.315805425665344, 0.3082524458498653, 0.3043228339470021, 0.3081774111165357, 0.31096996723587156, 0.30664512607922295, 0.3013121073779644, 0.3014170324225573, 0.30377878639639566, 0.3026291571823872, 0.2990715343090144, 0.2970874450306876, 0.2975302443099755, 0.2981420371381407, 0.29666111602299866, 0.2942853443653, 0.29376563940374467, 0.29464976670283805, 0.2944173257654784, 0.29270829222943306, 0.29173815390079544, 0.2921839311838981, 0.29234325455491983, 0.2914265249390239, 0.29054753434036285, 0.2904253635259775, 0.29049079486768403, 0.2900816939165382, 0.28930474727158123, 0.2888235385067311, 0.28872060336988, 0.2884960177556568, 0.28783609337574156, 0.2872180994201263, 0.2869707217219775, 0.28674945559751736, 0.28619943476282134, 0.2855725644681483, 0.28523078896087894, 0.28495429414499485, 0.28449841181809166, 0.2839502160767775, 0.2835359595238777, 0.2832016986245986, 0.2828273640109869, 0.28232722573444935, 0.2819103525196, 0.2815665995139614, 0.2811927521772896, 0.2807483452941525, 0.28034011901680117, 0.27997413642275204, 0.2795984563504173, 0.27918666434542244, 0.27877976494222695, 0.2784037916250186, 0.27804873497728794, 0.2776387450705306, 0.27725884144101215, 0.2768747123409972, 0.2765108913626088, 0.2761260049151167, 0.27574294886212875, 0.2753760886956702, 0.2750229512754468, 0.274644437562658, 0.2742652576205533, 0.27391938572800717, 0.2735436492046393, 0.27318980299921014, 0.2728300291868881, 0.27248064442417363, 0.27212832946742316, 0.27178888333831763, 0.27143538541356677, 0.2711008854684454, 0.2707658950355052, 0.27042940477771943, 0.27009397282997494, 0.26976313555434345, 0.2694489415190761, 0.2691308512274437, 0.26879751003956737, 0.2684818123804806, 0.2681658797865371, 0.2678540810327231, 0.2675502951110525, 0.26723798439017193, 0.26693189766940434, 0.26663773483914, 0.26633186049822993, 0.26603996622644693, 0.26575110501533833, 0.2654531116293319, 0.26516151668336235, 0.264888912995525, 0.26460355150504755, 0.2643127578063447, 0.2640430082145021, 0.26376290945295483, 0.2634832290399844, 0.2632193889605326, 0.2629486894270978, 0.26266561741444244, 0.2623979839246516, 0.2621267818607041, 0.26186435334472175, 0.2616096233437198, 0.2613439541069745, 0.26108667622381093, 0.2608204324737474, 0.26057782892947023, 0.26031032340880383, 0.2600586073389142, 0.259802881384047, 0.25955068972904116, 0.2593048790468781, 0.25904974043279533, 0.2588094007909544, 0.2585561270620152, 0.2582993537055639, 0.25806121427861134, 0.2578078034273355, 0.25756628314919766, 0.25733507361589497, 0.25708120779412674, 0.25682741068527754, 0.25658081855500076, 0.25634057367087326, 0.2561089197765098, 0.2558587654635955, 0.2555911276769703, 0.25531036568185356, 0.25498848569698357, 0.25462238521735736, 0.25419428707111463, 0.2540161805440682, 0.2544115579476939, 1.8322248887922112, 0.6211655811028058, 1.490910212206495, 0.3649145554513646, 0.5013761093106693, 0.7481796565409776, 0.9024452800997487, 0.9237855479877578, 0.8292359642952136, 0.6663789420242214, 0.49436936231659645, 0.3721760053091977, 0.34919582070610233, 0.44112857109867165, 0.5698069789242957, 0.5897819172150331, 0.49423756222999915, 0.39888839051144753, 0.3607893706867214, 0.37218681617856114, 0.4068019188566563, 0.44022698941046395, 0.45587435216905414, 0.44745467908414144, 0.4183622936643437, 0.37947071577946667, 0.3449114358067913, 0.3270372968966007, 0.3309104450675658, 0.3476546882372215, 0.35712871938406854, 0.34464679604683224, 0.31821201446418235, 0.29688621333425513, 0.29099190526958874, 0.29626510626318187, 0.3022369477397856, 0.3014451159454818, 0.293069544532162, 0.28214881252985036, 0.27523729444076034, 0.27550665820078435, 0.2797437067543655, 0.28085320823221377, 0.27616748701670185, 0.2711220841551692, 0.27136567049539057, 0.27523036098914255, 0.27712131527940664, 0.2743590757095886, 0.2703217526934207, 0.26941507192834924, 0.27214780248212916, 0.2745937512914601, 0.2733996340259738, 0.2700203450117789, 0.26823116205846365, 0.2691434383547493, 0.2704475519427302, 0.2699569614729473, 0.26796132179401744, 0.26672579952210324, 0.26692221786519654, 0.26706734856134995, 0.2662150253365176, 0.26511369165904, 0.2648281534278397, 0.2651009151997636, 0.26500356004688225, 0.2641817437396509, 0.2633874806399225, 0.2633392777479164, 0.26368865226571764, 0.26360831443158295, 0.2630476598677396, 0.26260280326079577, 0.2626142368463199, 0.26270095898687224, 0.26254422619495327, 0.262199154151895, 0.26200070359035654, 0.261965083323398, 0.26185609917300295, 0.2615824718694819, 0.26133791883642155, 0.2612504565555463, 0.26119115675777754, 0.2609631976875835, 0.2606808064250215, 0.26051732581835974, 0.2604496897872087, 0.260310836333017, 0.26008761593103036, 0.2599005116265698, 0.25979179088596377, 0.2596573343169069, 0.2594771631891976, 0.2593288874088017, 0.25921021925446175, 0.25908337835663314, 0.258916718927411, 0.2587756128338921, 0.25865378561266716, 0.2585373823205113, 0.25838545137650254, 0.2582282707925223, 0.2581130861935079, 0.25798046253512863, 0.2578358682733395, 0.25769696577293927, 0.25757448099833136, 0.257430801356217, 0.2572855657872975, 0.25715700227553956, 0.2570303343657665, 0.25689566245142526, 0.25675605868786094, 0.2566157571953433, 0.25649412638719377, 0.256363334384757, 0.25622600407069557, 0.2560978401293814, 0.2559715829855318, 0.25583038147825654, 0.2557030128566335, 0.2555787565190632, 0.25544685958105, 0.25531288468026675, 0.25518481209960947, 0.2550600035112229, 0.25492779005555066, 0.2548017965717442, 0.25466776784644546, 0.2545429824389587, 0.2544201253432065, 0.2542960082305368, 0.2541674803649931, 0.2540417981258498, 0.25391279597689664, 0.2537959985417253, 0.2536631968867908, 0.2535412803332642, 0.25340697795981215, 0.25329419957783994, 0.25316138390453874, 0.2530524253015923, 0.252926885657252, 0.25279722061823673, 0.25265967227382835, 0.252558247170179, 0.2524384920778125, 0.2523057518154781, 0.2521876636645338, 0.2520700329275496, 0.2519450682772571, 0.2518301629706143, 0.2517030666765325, 0.2515843481661593, 0.25146240718916607, 0.25134539151421825, 0.25122915829017517, 0.2511144557714448, 0.25100049288961024, 0.2508673358754049, 0.25075476183294043, 0.2506320182773286, 0.2505259058788461, 0.2504131997977023, 0.2502852932573061, 0.25016602515311887, 0.25006043379758025, 0.24994485205332867, 0.2498296182385048, 0.2497086694827205, 0.24959087960127543, 0.2494835575461644, 0.24936902164656136, 0.24925044678421202, 0.24913325133705577, 0.24901926003045213, 0.2489172549681692, 0.24879334443468035, 0.2486892822036528, 0.24857843188733286, 0.24846152281324158, 0.24835287952962323, 0.24824245733004566, 0.24812595711688037, 0.24801122909420636, 0.2478994989671182, 0.24779111761406433, 0.24768517371414242, 0.24757047094747628, 0.24745261150833528, 0.24734539950117218, 0.24723814807663472, 0.24713012920775332, 0.24702642117026655, 0.2469163617389326, 0.2468042798707077, 0.24669203634834053, 0.2465859761865187, 0.24648176133404343, 0.2463620723575284, 0.2462617551899141, 0.2461504914851883, 0.24605080450558983, 0.2459367478110244, 0.24583129923694672, 0.24573170814925815, 0.24562781879497056, 0.24551816316289524, 0.24540971580386559, 0.24531096278397707, 0.24520364743181064, 0.24509545363504434, 0.24498928553694796, 0.2448869892582177, 0.2447851601392051, 0.24468413227584912, 0.24457357412202851, 0.24447666323181186, 0.2443785115074551, 0.24427009475140984, 0.24416928523579762, 0.2440599341876115, 0.24396537146858985, 0.24386585547575199, 0.24376804965749296, 0.24365971370695652, 0.2435620866759912, 0.24346671955509702, 0.2433612427738656, 0.2432561158918584, 0.24316949352735204, 0.24305748508413574, 0.2429632722225112, 0.24285359409275079, 0.2427570950009261, 0.24266373200205466, 0.24256942594923794, 0.24245911185005828, 0.24236922845285863, 0.24226425412682537, 0.24216701219924566, 0.24205787152866576, 0.2419760072296566, 0.24186048974763974, 0.24175579603247102, 0.24165988371958988, 0.24155623880877186, 0.24145678745608484, 0.24135818877690796, 0.2412525003788403, 0.24114800938796002, 0.24105199070828948, 0.2409462991112975, 0.240849286381566, 0.24074232382064345, 0.240642448894362, 0.2405416263360799, 0.24043536646580146, 0.24033205285322426, 0.24022738624657924, 0.24012022894490892, 0.24002701004024712, 0.2399230655692367, 0.2398108630822038, 0.2397151902832544, 0.23961292739070508, 0.23951721098842035, 0.23941263725360046, 0.23931735582301286, 0.2392262729613399, 0.23913056931815013, 0.23904042139849233, 0.23893919570801533, 0.23885791889372046, 0.23876516521020205, 0.2386617419568059, 0.2385834797638302, 0.23851200423287977, 0.238393767429676, 0.2383097447419325, 0.23825256249859195, 0.23814205954128453, 0.2380329156459461, 0.23798212156677812, 0.23790229633256185, 0.2377803601568716, 0.23769368307491903, 0.23765543626708976, 0.23761588739349904, 0.2375071759210476, 0.23737987115088918, 0.2372682295995195, 0.2371883263252845, 0.23710739262280117, 0.23702759416033972, 0.2369537186335082, 0.23688438196679185, 0.23682346657431746, 0.23677684365652035, 0.2367696869109842, 0.23683985842253177, 0.23723506642545275, 0.23814430661386624, 0.24208636234293437, 0.2470707824203944, 0.27872166286182887, 0.25380972234054267, 0.2596309491411352, 0.24041466042375761, 0.23875724738595075, 0.25027190922244313, 0.24872402974135177, 0.2569963355772193, 0.24004257195242665, 0.23808770114737102, 0.246375274150186, 0.24290221931689562, 0.23934477516503172, 0.23690180506448322, 0.23966554144586724, 0.24535721147408857, 0.24063560571810372, 0.23816079845459556, 0.2360643828809871, 0.23643328406969247, 0.2384830989396759, 0.23941329369954759, 0.24231624435728075, 0.24050755482066, 0.2426005095260505, 0.24052656973247746, 0.242974715421266, 0.24067269244648495, 0.24280135659274088, 0.2397820504844819, 0.23974777609457767, 0.23730828939443563, 0.23620252629241367, 0.23543746095976922, 0.23534898266747814, 0.2357057967366124, 0.23609847694416963, 0.23674304621465436, 0.2369360397144469, 0.2381922522404315, 0.2383096134097153, 0.24115076798026697, 0.24116272420665671, 0.24874033750692492, 0.24593659860611725, 0.25890392439608134, 0.24372645202823423, 0.24046434162218483, 0.23581640068205803, 0.23486351487712617, 0.23660111951565035, 0.23905459277377802, 0.24561493760801686, 0.24344833727576268, 0.24957589097979616, 0.23986245547576582, 0.23600443648381644, 0.2350154077912939, 0.23768841353768824, 0.24547541461427444, 0.24507438573737736, 0.2573796253210332, 0.24209835308104335, 0.23752697496741274, 0.23482974689283964, 0.23658750216276045, 0.2417455910065169, 0.24076736217393116, 0.24389868992175287, 0.23858944982153682, 0.2367401610187736, 0.234568134480635, 0.23411409251801746, 0.23493890587175678, 0.23605191650101268, 0.23827172734408278, 0.23799466570061642, 0.24057174477779994, 0.23876316924500082, 0.24094629431154713, 0.23825472465154698, 0.23891224632546793, 0.23658850653954747, 0.2361368135830533, 0.23483171216112808, 0.23447242524761222, 0.23412874941343684, 0.2342779122115335, 0.2344553132338552, 0.23558876638148962, 0.23653730697949724, 0.24133912227999338, 0.2433089107535704, 0.2617589356474163, 0.24630227410427538, 0.24930712577243339, 0.2373533725060556, 0.2334520892210133, 0.23363580959706676, 0.23690606828308178, 0.24535005789924283, 0.2435858466064724, 0.2518526020247391, 0.2381794605601164, 0.23378877892087563, 0.23495408669726106, 0.2387579131855335, 0.24783890735299083, 0.2408657884612987, 0.24124985712852023, 0.23561210526306786, 0.23337709562057937, 0.23262356407760668, 0.23339593565665814, 0.23531886099554802, 0.236339504447029, 0.24061615532556518, 0.23989553672215805, 0.2473914992662155, 0.24113668723502021, 0.24297927675688316, 0.23563589531758833, 0.23269579221765202, 0.23231161410678886, 0.2341117894286305, 0.23861924879726215, 0.23984712478764728, 0.2481907303919653, 0.23928760994497747, 0.23667171275170362, 0.23279550537328017, 0.23287913084173822, 0.23674744962262595, 0.23914063278925315, 0.24882323588539287, 0.2412732781059882, 0.24311859885223022, 0.2349466379172508, 0.23217181549578234, 0.23301185280813164, 0.23595785502396305, 0.24346200875138413, 0.24085634527231614, 0.24730088409812045, 0.23770869062124084, 0.234777694770782, 0.23197296827988614, 0.23194796793816314, 0.23405983267782474, 0.2355333153747342, 0.24016425108206735, 0.23844248862660458, 0.2429651589637651, 0.23681623106849292, 0.2351963499512394, 0.2319898277821918, 0.23102312863436258, 0.23223678927512334, 0.2349812190348975, 0.24323593223477394, 0.24352413965681324, 0.2608545136598195, 0.23794802062762918, 0.23193911099678424, 0.23472935470999576, 0.23899710617634853, 0.24985733972736968, 0.23721766136656725, 0.2327962028921968, 0.23072130997466875, 0.23216693210992775, 0.23603341881722129, 0.23496880106765572, 0.23487338533503774, 0.23185751640697952, 0.230488507898297, 0.23017093446404735, 0.2308156384841196, 0.23275495355341536, 0.23546316153610397, 0.24623810359444345, 0.2436861755434875, 0.2576126775004501, 0.23629349043051862, 0.23040252407169232, 0.23276492643608415, 0.2388636619293612, 0.2574474752877773, 0.24008124460811606, 0.23513519722999351]