Model Setup for Atypical Patient 1:
ITERS=400
LEARNING_RATE=0.0001
OPT_RESET=500
ATOL=1e-09
RTOL=1e-07
METHOD=dopri5
Input channels=2
Hidden channels=11
Output channels=2
Runtime=1066.5150291919708Optimizer=Adam (
Parameter Group 0
    amsgrad: False
    betas: (0.9, 0.999)
    capturable: False
    differentiable: False
    eps: 1e-08
    foreach: None
    fused: None
    lr: 0.0001
    maximize: False
    weight_decay: 0
)Loss over time=[2.85640033276229, 2.955796042363916, 2.869606608533088, 2.945665095036443, 2.8904971590862245, 2.853944176630564, 2.889640572541515, 2.9018471725336004, 2.8708106400246183, 2.8533760322306803, 2.8694172977461934, 2.883309362520319, 2.871450099011924, 2.8547710739711523, 2.856215041258854, 2.86805357264991, 2.8695474277491484, 2.859272213147978, 2.8525789106581403, 2.856996402527411, 2.863159206278656, 2.8609489414234512, 2.854221149695402, 2.8523464358848383, 2.85643523166038, 2.858699992643222, 2.8555095903616614, 2.851793429347053, 2.852433505141546, 2.855357824459587, 2.8551112372435195, 2.852203295659759, 2.8508968017705216, 2.85239449636688, 2.8534652008157444, 2.8519604195555184, 2.850365386788859, 2.8506948270478634, 2.8517999117702217, 2.8511123369572053, 2.8498016585450348, 2.8496207429252394, 2.8503434530152605, 2.850165495283719, 2.849112231136119, 2.8487946903240786, 2.8493055150109097, 2.849179735102687, 2.8484929280376217, 2.8480703674782313, 2.8483148926384185, 2.8481826566012005, 2.8476109342557763, 2.847337678905099, 2.8474240605497956, 2.8472631615268393, 2.8467896606084406, 2.8466279441810673, 2.8465869517664126, 2.8463329020110395, 2.845776943727643, 2.845803613273985, 2.8455198477685473, 2.845430799090048, 2.8451586685993586, 2.8450072667412125, 2.8449017488229713, 2.844514264795086, 2.844339075235647, 2.8442545307079223, 2.8440017792327486, 2.843717057607158, 2.8435354503820993, 2.843375802052244, 2.8430914099745994, 2.8428812007085766, 2.8426292517282703, 2.842468879777622, 2.842148788966644, 2.8418972641376183, 2.841831563065672, 2.841543659030437, 2.841327107382847, 2.8411108467381947, 2.8409073981870177, 2.8405843981949794, 2.8403952225922398, 2.8401445823458236, 2.8399303546527754, 2.8396783259837535, 2.8394333394786426, 2.8392262722108756, 2.8388862731835056, 2.8386953957264405, 2.8384662457058196, 2.838239639734408, 2.8380006022712174, 2.837733302600147, 2.837470495874472, 2.8372482823536203, 2.836821439512249, 2.8367462315893537, 2.836483361144563, 2.8362540684867388, 2.8360346735636592, 2.8357231042673576, 2.835439878687457, 2.8350975378744585, 2.834951836880106, 2.8346607415028156, 2.8344304691363864, 2.834059804497807, 2.8338397777676474, 2.833635843165551, 2.8333749791424823, 2.833106818565014, 2.832853014890307, 2.8325079213428594, 2.8322434908208702, 2.8320133189504193, 2.8316527329052827, 2.8314344877701165, 2.8311329467431827, 2.830775577692661, 2.8306663687648417, 2.830373869056275, 2.830001496108432, 2.829811459751681, 2.82953682895576, 2.8291823941565473, 2.8289618290669036, 2.8286761095484425, 2.8283713773416, 2.8280838986337007, 2.8277960675559757, 2.827501206107155, 2.8272199539761576, 2.826930755370878, 2.8265729823705565, 2.8263676315931034, 2.825959098681985, 2.825725851517198, 2.8254790150133116, 2.8251756911560877, 2.824773213801454, 2.8245415149260067, 2.8242790438067327, 2.82392844207708, 2.82370304451787, 2.823267680930447, 2.823079605368935, 2.8227425933479493, 2.8224162991286197, 2.822184553914444, 2.8218599877713677, 2.821526621880058, 2.821201040090802, 2.8208832213478, 2.820609263320297, 2.820282468974213, 2.8199405952801837, 2.8195794342259632, 2.8193712137388003, 2.8190369497480163, 2.8187146690210536, 2.8183727390880495, 2.8181020834030264, 2.817735426206155, 2.817370865241414, 2.8170640928495687, 2.816760630065971, 2.816468513492028, 2.816114411727591, 2.8157944302064135, 2.815450464744626, 2.815132201464706, 2.8148078418526192, 2.814426677905283, 2.8141566662492714, 2.8137700674988997, 2.813508581062467, 2.813204737389185, 2.8128186548840084, 2.812531792786876, 2.812213730584331, 2.811797042353881, 2.8114447974171335, 2.81119251086475, 2.8108355133538363, 2.810509152382176, 2.8100836477604316, 2.809773635908823, 2.8094892174319046, 2.809150084417005, 2.808768845966721, 2.808391848193458, 2.8080597247513763, 2.8077412388134135, 2.8073690555576674, 2.807062821484945, 2.806636711919014, 2.8062953546987104, 2.806013749987629, 2.8056342132615204, 2.8052801585229186, 2.8049456746639745, 2.80458876460493, 2.804243381388903, 2.8038585217857404, 2.803531177586728, 2.803164372959037, 2.8027531960706606, 2.802437329413037, 2.8021481305669154, 2.801701732052472, 2.801397404077996, 2.801046153128513, 2.8006446471328874, 2.8002927047968367, 2.7998893039468875, 2.7995967901258845, 2.7991722006495015, 2.798810871365433, 2.7985332468247113, 2.798124506997333, 2.79772877555947, 2.7973299670550458, 2.7970333865413637, 2.796615075020696, 2.7962903031808635, 2.7958736139738547, 2.7954791002990587, 2.7951665812986652, 2.794826526218875, 2.7943756439266325, 2.793989822063319, 2.79363172248356, 2.793246809331798, 2.7928596847406353, 2.792456143828572, 2.7921223602214513, 2.7917438413893176, 2.7913114756550024, 2.790998823607529, 2.790592046115714, 2.79023423678349, 2.789810321959119, 2.7894408955970333, 2.789036173084433, 2.7886502233712522, 2.788305696311163, 2.787916802096323, 2.787531284323706, 2.7871673721829833, 2.786721668900762, 2.7863935136955873, 2.7859854836581976, 2.7855463962621885, 2.785205517174306, 2.7848213362087146, 2.7843676390494676, 2.7839993330817987, 2.783622625645612, 2.783213261781814, 2.782819486414276, 2.7824666797768605, 2.782021422312355, 2.7816729455469873, 2.781294343476976, 2.780839338301589, 2.780449241599031, 2.780054965093046, 2.7796637904559582, 2.7792794400059533, 2.77886882800715, 2.7784313486482244, 2.778061687776437, 2.777637281840963, 2.7772548403559267, 2.7768274631584378, 2.776419933309191, 2.776064852472217, 2.77561385247203, 2.775213300488216, 2.7747873831857515, 2.774372433877323, 2.7740063676870084, 2.773642850276947, 2.773211072481276, 2.772810059782563, 2.7723749832614217, 2.7719881918658, 2.7715665515214964, 2.7711281498688094, 2.7707260067042387, 2.7703410221565434, 2.7698656221286932, 2.769514650089005, 2.7690561710573407, 2.7685815350049374, 2.76830236777472, 2.767855760618667, 2.7673824002026475, 2.7670402413682833, 2.76656838630952, 2.766200344743342, 2.7657516778557323, 2.7653315225355746, 2.7649884959979705, 2.7644846152661984, 2.7641122059030465, 2.7636844476775364, 2.7632618247002143, 2.762837925022433, 2.76241856927572, 2.7619915610064023, 2.7616150552125096, 2.7611585399319476, 2.7607229281784305, 2.7602961513874282, 2.759882738040644, 2.759502745158336, 2.759087072126539, 2.758458447207186, 2.7581860124203046, 2.757740810469975, 2.757341002420351, 2.7569072223456974, 2.756527363618341, 2.7560236877282303, 2.755662543309009, 2.7551694748333855, 2.7547562991428065, 2.7543144222201965, 2.753912302390237, 2.753536076351299, 2.753075172037427, 2.75265646962873, 2.7522343117743135, 2.751768445206045, 2.7513169084535156, 2.7509246370276683, 2.7505234557975204, 2.7500900144201768, 2.7496205341617785, 2.7491644917102023, 2.748780226267245, 2.7483190342665336, 2.7479167020796087, 2.7474857203190894, 2.747037098817907, 2.746633705632339, 2.7461581074979606, 2.745728970112363, 2.745316472756748, 2.744854958144452, 2.7444478897969895, 2.743998413721721, 2.743567533481307, 2.7431095124433296, 2.7426858982824713, 2.742253011029399, 2.7418822782203662, 2.7414043431963555, 2.740936165773661, 2.7405322239006273, 2.7400592859119004, 2.739630231272875, 2.739182154713356, 2.7387652944814764, 2.738298495523033, 2.7378456232917103, 2.7374373149626603, 2.7370164566815918, 2.7365442270539857, 2.736118162953819, 2.7356931482891453, 2.735257073242984, 2.7348115182350736, 2.734355927206185, 2.733886880211053, 2.7334781016906686, 2.7330353770941955, 2.7325747034751036, 2.7321959207570505, 2.731739106628759, 2.7312932168342514, 2.7308203711681, 2.7303893358362488, 2.7299264016077625, 2.729499923030516, 2.7290624468603144, 2.728611398530023, 2.7281562533236854, 2.7277311591144193, 2.727236781493179, 2.726773041613261, 2.726213858640011, 2.725618145588637, 2.7251784417431164]