Model Setup for Atypical Patient 2:
ITERS=2000
LEARNING_RATE=0.001
OPT_RESET=500
ATOL=1e-09
RTOL=1e-07
METHOD=dopri5
Input channels=2
Hidden channels=11
Output channels=2
Runtime=26718.37994480133Optimizer=Adam (
Parameter Group 0
    amsgrad: False
    betas: (0.9, 0.999)
    capturable: False
    differentiable: False
    eps: 1e-08
    foreach: None
    fused: None
    lr: 0.001
    maximize: False
    weight_decay: 0
)Loss over time=[720.2815371538146, 708.2258695135429, 696.3596299224808, 684.6840427057296, 673.199746152405, 661.9056082855046, 650.797927696519, 639.8705552258876, 629.1164471624265, 618.5296875224265, 608.1061601082775, 597.8430803240167, 587.7383358674016, 577.7900322370307, 567.9962490606414, 558.3549406158023, 548.8638439567433, 539.6403048419626, 530.4666001771715, 521.4036803404271, 512.4655922310781, 503.6602435576029, 495.00747385762986, 486.50377840657654, 478.119225349773, 469.8498828712203, 461.6915241805729, 453.6396494899556, 445.68951307367786, 437.8361275271971, 430.0743274658889, 422.3987531171664, 414.803901407348, 407.2841538047744, 399.83380893003545, 392.44575445972697, 385.09758595478155, 377.78421817022263, 370.49737371316553, 363.21957688780384, 355.94721155869104, 348.6696374653518, 341.37980719299077, 334.07189843356633, 326.7412774142041, 319.4055320299744, 312.16371376451616, 304.89468244469754, 297.60022176482323, 290.28235724588126, 282.9432536810868, 275.58513266484874, 268.2101980012552, 260.82062148498596, 253.42019524718197, 246.0080154032132, 238.5864974350933, 231.15823321333863, 223.72466484101196, 216.28585979663887, 208.84075092542054, 201.3879645280351, 193.9265403419299, 186.4584963628599, 178.98650375495257, 171.51442332279925, 164.04729540646483, 156.59119771312527, 149.1534029338077, 141.74226380457483, 134.36730216480478, 127.0390985954928, 119.76965333556474, 112.57180726351672, 105.42328909063568, 98.29790546471509, 91.26338289718032, 84.34608195709522, 77.57397625435611, 70.97444482660408, 64.56710881607196, 58.378631845017296, 52.42244337256364, 46.72209192407479, 41.322471414722024, 36.257070751602406, 31.58512807204495, 27.26990835049951, 23.417630162982835, 20.039057225268444, 17.158255360161277, 14.801504661704017, 12.987471877911679, 11.72359690971287, 11.001053573567264, 10.788073847805435, 11.019852596628764, 11.58979371412476, 12.349653796438538, 13.134899031824489, 13.804741520317945, 14.268437371684087, 14.489162346865804, 14.474678589650383, 14.26278925829913, 13.906410363307833, 13.46290222990525, 12.984743956932334, 12.514743230732977, 12.083775773966812, 11.710848207668862, 11.405067349165297, 11.167789350274772, 10.995091075015885, 10.879903420696145, 10.813410501459863, 10.786195284940657, 10.788923926882612, 10.812756386032312, 10.849660448982133, 10.892639107070192, 10.93591673733866, 10.975046878534659, 11.006933113814258, 11.029752594576255, 11.042793188525382, 11.046232710657884, 11.040897447031764, 11.028035243516301, 11.009127793781186, 10.985751852957804, 10.95948493258276, 10.93184172018357, 10.9042250927366, 10.877879740653215, 10.853844501617681, 10.832907824289306, 10.815575954137186, 10.802063618422737, 10.792312314416998, 10.78603516113296, 10.782778179535347, 10.781987880052396, 10.783072385842267, 10.785449106271614, 10.788577070754657, 10.791976787487544, 10.795242614073452, 10.798051862469993, 10.80017222295677, 10.801466282935854, 10.801890444352297, 10.801486041688229, 10.800362509981898, 10.798674919889168, 10.796599881210698, 10.79431401614399, 10.791977970988405, 10.789726939154157, 10.78766679969783, 10.785873918339341, 10.784396627905988, 10.783257142602288, 10.782453634666757, 10.781962897932003, 10.781744167044655, 10.781744296285334, 10.781903906104434, 10.782163620928214, 10.782469386388545, 10.78277610962259, 10.783049370494313, 10.783265471119005, 10.783410419754686, 10.78347849077841, 10.783465983735557, 10.783389206772057, 10.78325462126793, 10.783076644738463, 10.78287145563789, 10.782660286600326, 10.782448228438637, 10.782252492213342, 10.782081967128025, 10.781941986213168, 10.781834634843149, 10.781759340521743, 10.781713537300648, 10.781693261770323, 10.78169363351302, 10.781709251200244, 10.781734564213703, 10.781764257159848, 10.781793635061558, 10.781818953992847, 10.78183763022758, 10.78184828541734, 10.781850631362916, 10.781845241846803, 10.781833280949531, 10.781816250648376, 10.781795793079112, 10.781773550763834, 10.781751066623583, 10.781729701832388, 10.781710560463937, 10.78169442563306, 10.781681722056476, 10.781672519134629, 10.781666578142318, 10.781663433354545, 10.781662487260798, 10.78166309879602, 10.781664650294495, 10.78166658938686, 10.781668450945231, 10.781669867862934, 10.781670577577508, 10.781670426329011, 10.781669368701372, 10.781667458581508, 10.78166482969641, 10.78166166775569, 10.781658179554542, 10.781654565372873, 10.78165099931905, 10.78164761901315, 10.781644522905319, 10.781641771974337, 10.781639392876182, 10.781637381186497, 10.781635705016983, 10.781634310058799, 10.781633126728257, 10.781632078997262, 10.781631093449013, 10.781630106751035, 10.781629070233722, 10.78162795129133, 10.781626732309164, 10.781625408317327, 10.781623984428325, 10.781622473580965, 10.781620894534496, 10.781619269786775, 10.781617623185985, 10.781615977343012, 10.78161435125914, 10.781612758663863, 10.781611207376583, 10.781609699669245, 10.781608233311067, 10.781606802862758, 10.781605400870351, 10.78160401881258, 10.78160264784246, 10.781601279441498, 10.781599906061254, 10.781598521718529, 10.781597122427604, 10.781595706350801, 10.781594273622801, 10.781592825911044, 10.781591365854599, 10.78158989652541, 10.781588421013, 10.781586942150811, 10.781585462348229, 10.781583983477928, 10.78158250679128, 10.781581032868953, 10.781579561634347, 10.781578092449363, 10.781576624283698, 10.78157515591851, 10.781573686138758, 10.78157221387122, 10.781570738257699, 10.781569258674413, 10.781567774721196, 10.7815662862017, 10.78156479310371, 10.781563295573648, 10.78156179388155, 10.78156028837036, 10.781558779400715, 10.781557267298645, 10.78155575232249, 10.781554234649565, 10.781552714381204, 10.781551191555788, 10.781549666162324, 10.781548156285309, 10.781546657545531, 10.781545156199059, 10.781543652074214, 10.781542145007773, 10.781540634863058, 10.78153912154176, 10.7815376049872, 10.781536085180552, 10.781534562132151, 10.781533035872505, 10.781531506444027, 10.781529973895179, 10.781528438275158, 10.781526899628204, 10.781525357990061, 10.7815238133832, 10.781522265815465, 10.781520715281282, 10.781519161764157, 10.78151760524142, 10.781516045687086, 10.781514483075002, 10.781512917380441, 10.781511348580306, 10.781509776654804, 10.78150820158718, 10.781506623364544, 10.78150504197768, 10.781503457420378, 10.781501869688437, 10.781500278778479, 10.781498684686703, 10.78149708740868, 10.781495488183369, 10.781493888603594, 10.781492285828202, 10.781490679848538, 10.781489070654503, 10.781487458234732, 10.781485842576926, 10.781484223667915, 10.78148260149422, 10.78148097604261, 10.781479347299875, 10.781477715253432, 10.781476079891075, 10.781474441201462, 10.781472799173587, 10.781471153797016, 10.781469505062184, 10.781467852959212, 10.781466197478368, 10.781464538609615, 10.781462876342347, 10.781461210665373, 10.781459541566806, 10.781457869034016, 10.781456193054005, 10.781454513613182, 10.78145283069782, 10.781451144293975, 10.781444745731738, 10.78144303022517, 10.781441311080458, 10.781439588285535, 10.781437382188772, 10.781435668867353, 10.78143395170176, 10.781432230677842, 10.781430505782843, 10.781428777005836, 10.78142704433596, 10.781425307761618, 10.78142356726966, 10.781421822845813, 10.781420074475145, 10.781418322142512, 10.78141656583303, 10.781414805531163, 10.781413041220803, 10.781411272885263, 10.781409500507849, 10.781407724071645, 10.781405943560705, 10.781404160903389, 10.781402387789946, 10.781400609876473, 10.781398827176696, 10.781397039701794, 10.781395235933035, 10.781393418951172, 10.781391597776643, 10.78138975261251, 10.781387887240518, 10.781386017414482, 10.781384143105932, 10.781382264285222, 10.781380380922176, 10.781378492985597, 10.781376600443593, 10.781374703263173, 10.781372801410729, 10.781370894851506, 10.781368983550008, 10.781367067469956, 10.781365146574025, 10.781363243004419, 10.781361335756996, 10.781359914969142, 10.781358009651177, 10.781355832961891, 10.781354365875627, 10.781352915628036, 10.78135374289453, 10.78135171144999, 10.781349675132958, 10.781347633917475, 10.781345587776917, 10.781343536685297, 10.78134148061889, 10.781339419556817, 10.781337353480415, 10.781335282371908, 10.781333206212459, 10.781331124982081, 10.78132903865859, 10.781326947218828, 10.781324850637743, 10.781322816722845, 10.781320822744926, 10.781318823808524, 10.781316819885069, 10.781314810945826, 10.781312796961485, 10.781310777902886, 10.781308753740491, 10.781306724444304, 10.781304689983962, 10.78130265032862, 10.781300605447056, 10.781298555308034, 10.781296499879865, 10.781294439130809, 10.781292373028341, 10.781290301540055, 10.781288224632773, 10.78128614227331, 10.781284054427912, 10.78128196106289, 10.781279862143556, 10.781277757635433, 10.781275647503405, 10.78127353171206, 10.781271410225465, 10.78126928300769, 10.781267150021966, 10.781265011231678, 10.78126286659915, 10.781260716086997, 10.781258559656997, 10.781256397270708, 10.781254228889232, 10.78125205447318, 10.78124987398307, 10.781247687378663, 10.78124549461943, 10.78124329566446, 10.781241090472445, 10.781238879001462, 10.781236661209352, 10.781234437053552, 10.781232206490824, 10.781229969477566, 10.781227725969803, 10.781225475923064, 10.781223219292306, 10.7812209560322, 10.781218686096736, 10.78121640943965, 10.781214126013962, 10.781211835772332, 10.781209538666854, 10.78120723464937, 10.781204923670801, 10.781202605681871, 10.781200280632724, 10.781197948472848, 10.781195609151322, 10.781193262616624, 10.78119090881683, 10.781188547699246, 10.781186179210891, 10.78118380329801, 10.781181419906314, 10.781179028981047, 10.78117663046681, 10.781174224307636, 10.781171810446905, 10.781169388827612, 10.781166959391943, 10.781164522081436, 10.781162076837214, 10.781159623599669, 10.78115716230871, 10.781154692903222, 10.781152215321931, 10.78114972950258, 10.781147235382438, 11.001254877125932, 10.79224986143443, 10.857915106099112, 10.917037433082434, 10.869456763078574, 10.801037222169098, 10.786748652070834, 10.81814461246317, 10.849234443481457, 10.83473931253688, 10.804088724988556, 10.782747867248498, 10.78858111769072, 10.808888032248229, 10.816094691801004, 10.807575647145107, 10.790115689002421, 10.78120280606838, 10.787101671310728, 10.79656793511873, 10.80062818794062, 10.793725724045444, 10.7843082268983, 10.781479865535527, 10.785114924733657, 10.791021123861935, 10.79122627279534, 10.78656475112478, 10.781957977255178, 10.78125627323545, 10.784734932198017, 10.786926682670277, 10.785955437182118, 10.782658928311504, 10.780834858652291, 10.781975542803723, 10.783835821017341, 10.784321755002845, 10.78255097870371, 10.781020935179054, 10.780964635430905, 10.782222160339753, 10.782828563128952, 10.782082069503248, 10.780974011562042, 10.780698499820286, 10.781411547135034, 10.781869559843138, 10.781569180998487, 10.780803451146841, 10.780625095098564, 10.78097185898859, 10.78133196841843, 10.78109141104811, 10.780670947350176, 10.78051882878167, 10.780786785308292, 10.78093832595894, 10.780787612532523, 10.780493090295444, 10.780461542965726, 10.780609113572245, 10.780690182092462, 10.780540658926146, 10.78038816564591, 10.780380641347532, 10.78048805151012, 10.780475031360208, 10.780362247136877, 10.780275038534272, 10.780311246568395, 10.780349813460331, 10.780306323682918, 10.780216768237118, 10.780190544002727, 10.780217564432633, 10.780212604935246, 10.78017820386287, 10.780186102507889, 10.780119088376788, 10.780103441069288, 10.780073583501299, 10.780022885329801, 10.779997444707782, 10.779992962520572, 10.779973680568764, 10.779933070810147, 10.779897776003045, 10.779883909841953, 10.779867025792358, 10.779833913781792, 10.779798470639763, 10.779774476568067, 10.779755476927653, 10.779724856302316, 10.77968947544598, 10.779659892446373, 10.779635125736979, 10.779605342024983, 10.77956883876267, 10.779535654907772, 10.77950608531394, 10.779485296116421, 10.779436021607774, 10.779399343584972, 10.779365366253623, 10.77932967845205, 10.779290007193183, 10.77924990682635, 10.77921085995976, 10.779170667767978, 10.779126953708646, 10.779081651740022, 10.779066728302922, 10.7789866496056, 10.778929500075366, 10.778877996536638, 10.778846076521337, 10.778791533974076, 10.778773586505261, 10.778702148103719, 10.778628617886035, 10.778598399431479, 10.778496758571443, 10.778421930641619, 10.778304411055286, 10.778236646128958, 10.778083186613571, 10.777950309445645, 10.77780171966313, 10.777592464080444, 10.777387805875064, 10.777209365318056, 10.777080657558102, 10.776962844024133, 10.776836299821897, 10.776418539666047, 10.776554790036444, 10.776399160345104, 10.776232860372486, 10.776058372171411, 10.77587533422812, 10.775683887566286, 10.775481660690124, 10.775271238238336, 10.775046883021423, 10.774809857212336, 10.774556370612311, 10.774288743247645, 10.774003854512339, 10.773719237350099, 10.773393926982667, 10.773051119982824, 10.772694719771359, 10.772316185744769, 10.77190785175317, 10.771481123591501, 10.771034813133317, 10.770584536220511, 10.770109435137494, 10.769608361546146, 10.769057952375643, 10.768451789535535, 10.767818483854205, 10.767144890984126, 10.766405792283098, 10.7655572450389, 10.764844383020831, 10.763971299863913, 10.763020891212188, 10.762001337001715, 10.760929948384375, 10.759772400832624, 10.758520299821129, 10.75715726449145, 10.755678482005642, 10.754065811173932, 10.752390331585383, 10.75028922072724, 10.748502965228552, 10.746265205363253, 10.74378899906268, 10.741084629316253, 10.738141358298071, 10.73502312816037, 10.731122455422364, 10.727399114074178, 10.723005177778482, 10.718657336093406, 10.712783598300387, 10.706763535671895, 10.700015825468377, 10.692403260150904, 10.683787763096467, 10.674109842400247, 10.663288760702901, 10.651538524766956, 10.637670699786865, 10.622274859460918, 10.604691048533768, 10.58470139998142, 10.561939660988886, 10.53588084770642, 10.506096315823777, 10.472313229667371, 10.435257390426024, 10.394260617288113, 10.34764646172915, 10.294992784773278, 10.234861632028558, 10.166743828281724, 10.090447510783253, 10.000597376844265, 9.871005347112238, 9.667079200777419, 9.514705714154353, 10.001199418735427, 9.083324088410714, 10.546402168326225, 9.486387507373843, 10.691273982336401, 9.639862754750332, 9.236271550145279, 10.245897639867605, 8.966042102927254, 9.644784260977815, 9.799445779588797, 9.080209801726376, 9.152165795584796, 9.562800232675961, 8.913041827307268, 9.161644819834788, 9.36164629838035, 9.050714643076162, 8.875086135234675, 9.207712224229471, 8.914748659805774, 8.868188512665608, 9.046442819390988, 8.898956818913463, 8.741542758240202, 8.926912935286138, 8.731731742387003, 8.722093289783171, 8.806617586508862, 8.638396745010105, 8.681450285423727, 8.652806327158887, 8.574410742857948, 8.64418299167317, 8.52021196167036, 8.577765795356434, 8.489747437937304, 8.495921351563227, 8.474367554562736, 8.41667917596352, 8.433735426536252, 8.374780332170007, 8.38565187245102, 8.322378262020992, 8.33588144588549, 8.291035202280835, 8.280021647930125, 8.252944037751362, 8.21635942403458, 8.219700270707483, 8.166061767144155, 8.181758426238662, 8.149260674915045, 8.107220542955197, 8.13246343432421, 8.1155122236387, 8.041718856350805, 8.077043999732764, 8.147293592904624, 8.000824370542091, 7.993786596798063, 8.106906570151232, 8.010234728312673, 7.964422712379157, 7.90763357663691, 7.885431691622684, 7.889436500277154, 7.930038392727056, 8.19189135625524, 8.035809185463277, 8.32110633519804, 7.814296082942389, 8.155555729701431, 9.587316608086349, 8.715626958431107, 10.750792998316776, 11.458433217084824, 15.126090252076814, 15.413384172307008, 13.334835708914522, 10.218337706090166, 8.386208133409285, 13.610161126795994, 8.72724709474149, 9.288006563460673, 10.29832947391683, 10.839883653742454, 10.785845535567438, 10.290944634075617, 9.721137374987537, 9.465604573661585, 9.631290021636495, 9.765095545737374, 9.633941208941916, 9.529514223383188, 9.619108396081948, 9.759103162385252, 9.763628157104622, 9.61081822462087, 9.405852338750709, 9.268524937285708, 9.25792818228045, 9.34092137989022, 9.422222036561374, 9.428985371255463, 9.364487149058863, 9.277962717130011, 9.211303456090747, 9.175243125115902, 9.158827706332339, 9.145401917228561, 9.127559647562457, 9.111001131345954, 9.100207176216529, 9.090386417077747, 9.064034558515894, 9.018352363739469, 8.9698594423879, 8.939437830741145, 8.930656866202074, 8.930160748306092, 8.91978158312251, 8.894701730612361, 8.861578841226406, 8.832550355127115, 8.812223448149213, 8.795010494852589, 8.774063390810415, 8.75125392426658, 8.732317091722303, 8.718751029430102, 8.703861060711928, 8.682763753596184, 8.657518164654116, 8.634460469413757, 8.616909107852603, 8.602586287404142, 8.586044795634116, 8.567502508570085, 8.549799677877992, 8.533289793302153, 8.51634481135312, 8.497426579274332, 8.478745788694761, 8.462796407993537, 8.448244637981674, 8.433052761237194, 8.41619496468159, 8.400038846121529, 8.384371033037521, 8.369102185666463, 8.352966413807918, 8.337192785679678, 8.3228451000991, 8.308700857729418, 8.29372738147737, 8.278666736809459, 8.264365955133211, 8.250066219423523, 8.235352931658399, 8.22089651533503, 8.207110123754662, 8.193349448742337, 8.17925256450833, 8.16549914981472, 8.15194696646442, 8.138063013774495, 8.124247937764602, 8.110685738136516, 8.097388484098452, 8.084027864758344, 8.070773567087551, 8.057511789386815, 8.044095600539585, 8.030777081143107, 8.017923069325498, 8.004745231481907, 7.991877358498653, 7.97825353878331, 7.966142935515943, 7.953499794510308, 7.941012972619319, 7.928720402996256, 7.916583052321329, 7.904749961867572, 7.893378393775247, 7.882421894779549, 7.871568702158114, 7.861241326414635, 7.850409245890714, 7.839739849999324, 7.82877507931036, 7.81874656021056, 7.808199772362539, 7.7978249329561455, 7.787449597832604, 7.7771743672452995, 7.766830764193262, 7.756740509856408, 7.746854136080412, 7.737041371764093, 7.727722299140803, 7.718492810977361, 7.709586675890103, 7.7006579827406885, 7.692022356870013, 7.683527539851729, 7.675051913727006, 7.666939599480287, 7.6584333072962325, 7.65027654234015, 7.641998313442901, 7.633783963736861, 7.625871501368255, 7.617985635364184, 7.610081626111531, 7.602284021724746, 7.594481301443907, 7.586808940619795, 7.5792117612503, 7.571593958159212, 7.564149406771946, 7.556470392741496, 7.549045418651776, 7.541831289734284, 7.5346658899343595, 7.527502394243651, 7.520402123577378, 7.51340258705485, 7.506389367292289, 7.499472849196872, 7.492763118407623, 7.485854131411512, 7.478876329008068, 7.472488131858626, 7.465960206019343, 7.459375847194238, 7.452659678089606, 7.446313925549222, 7.439747333199429, 7.433410486930357, 7.427140848103398, 7.421003490349284, 7.415406423065477, 7.412337501564343, 7.423888726368933, 7.510880260822417, 8.210802825453145, 7.5823917359248165, 7.668449564587198, 7.479440184695902, 7.4707590250519464, 7.4226085397444725, 7.408463661923391, 7.391514335417543, 7.390717667984567, 7.3993529471599855, 7.486438012395481, 7.601709424590971, 8.646502344917648, 7.411889082548883, 15.176170188257732, 22.014040727330926, 34.17641732681335, 42.345733366209544, 47.57865332962394, 50.360679187914684, 51.10528942670017, 50.18617701994893, 47.951449566733146, 44.7250109543862, 40.80090897951831, 36.45460504352325, 31.943655332581, 27.512459658986938, 23.37495576170785, 19.71065662972084, 16.653381937845797, 14.28265245820554, 12.623553022205574, 11.646353187306204, 11.274970134280018, 11.39642811516664, 11.87310183572143, 10.772597157712845, 10.656991695055817, 10.806631299712693, 10.619317557226056, 10.130254534021814, 9.629536645905118, 9.66780263988677, 9.79616149175294, 9.159884062923618, 9.186137591661884, 9.331778942678575, 9.240354744571862, 8.896809963833611, 8.615815076260871, 8.851246838574044, 8.645497093519953, 8.405895243652777, 8.51294516230283, 8.53116188407816, 8.326962034244723, 8.19563862845843, 8.366150325954187, 8.146510507180638, 8.119632683583118, 8.201725054068303, 8.083755868858885, 7.998186544791304, 8.108228485199257, 7.945538553001186, 7.988609744467578, 7.993205807456053, 7.884109351601524, 7.957025011584565, 7.867638593901254, 7.876027916891749, 7.880448293490738, 7.808946742222978, 7.865353283066079, 7.783373786075313, 7.824772597428191, 7.7665827978304325, 7.794257337088641, 7.739398732566129, 7.76053773483298, 7.720949208764508, 7.739656163302431, 7.694191314459781, 7.7098933961743485, 7.672413021375167, 7.685043941335135, 7.6649044564417, 7.646209749074256, 7.6557489601564495, 7.622336546838602, 7.609785417156432, 7.616324671012413, 7.600970508390296, 7.569309271148913, 7.578934239114516, 7.611863830975566, 7.575786513394886, 7.549613897503257, 7.526853132014607, 7.524876624057914, 7.543135603828918, 7.558821034111909, 7.663598274336729, 7.573578699432093, 7.591370953958793, 7.496082541830708, 7.462685051016866, 7.459118900011444, 7.481232793818026, 7.5913812245741665, 7.600670706067555, 7.956134083597013, 7.4210327671972145, 8.227919822820864, 10.08368214747485, 10.976624773701628, 8.783081486342967, 9.375349566407817, 7.892984301988056, 8.94145483439858, 8.84416978056022, 7.927682823001323, 8.25015409034611, 8.069859289677813, 7.729886686549571, 8.175362108599176, 8.00753916393824, 7.500982958623559, 8.118302844631321, 7.4889701396468356, 7.769737840987222, 7.842808470365759, 7.545621510061097, 7.773850334693903, 7.582557045304958, 7.584482885446895, 7.691303456236214, 7.5502278592413665, 7.548492123974998, 7.627532023976626, 7.50321370554, 7.590917545222897, 7.584435721543017, 7.508579226724842, 7.579355718355536, 7.532462935478919, 7.512122336999854, 7.5518781229310745, 7.501954340070085, 7.500488174309878, 7.519543976730623, 7.475755185294937, 7.509162818134155, 7.484379856887733, 7.477807240354727, 7.490422546343447, 7.461342735770082, 7.480176045198515, 7.4557095381176675, 7.460099226374684, 7.452148439752674, 7.443259948451905, 7.449084060272858, 7.43131299600434, 7.441164462569759, 7.424797288049944, 7.428691647359571, 7.419532225665606, 7.41635431473161, 7.412101539982434, 7.4061792593414335, 7.404321049956505, 7.396551922793251, 7.396133099646764, 7.388762255757721, 7.387575348065126, 7.380822108205797, 7.378941750123238, 7.37406226102481, 7.369884645653465, 7.366285029531156, 7.36078586439856, 7.359083081465297, 7.352680152578268, 7.3518840811276425, 7.346049647588263, 7.343365460566366, 7.340154700575019, 7.335172945253491, 7.333714740808602, 7.329404337786925, 7.326065204116565, 7.324246113780462, 7.320174709536642, 7.317440120418805, 7.315753609109738, 7.312630457429748, 7.309678879384733, 7.3072688935368095, 7.305177246241416, 7.30231105967276, 7.298927247823192, 7.296408674614045, 7.294297918003566, 7.291950052425805, 7.2889901029349256, 7.28585879524926, 7.283073803262071, 7.28037538343892, 7.2778493870824175, 7.275657709680215, 7.2736492989776105, 7.272119183844139, 7.271153320596599, 7.273930629670421, 7.280868961950727, 7.321352125469664, 7.36065761283917, 7.6684445007427655, 7.310109932264342, 7.256235793876047, 7.321730056159762, 7.389637043971569, 7.724128418188312, 7.255097361898425, 7.9322487682667, 10.593238926038817, 11.420993857666529, 8.700568194826838, 14.735969444003826, 14.869348166333117, 22.63465837093139, 27.74228278119637, 31.040986385095472, 32.93143806756034, 33.67613836618229, 33.5109302091769, 32.628910264588285, 31.20359483183647, 29.390407277469265, 27.315527260595694, 25.09333194094705, 22.818083632966978, 20.569972861954056, 18.41968085650543, 16.425508165334648, 14.638665792674647, 13.098534730089092, 11.83933739366451, 10.898359745107316, 10.345845451579942, 10.320823028147005, 11.02430482734322, 11.772993148092176, 10.494618089492178, 9.347301209283943, 9.146685261190713, 9.415323277874196, 9.831706427518673, 10.237204375088936, 10.548897876156296, 10.729423688880352, 10.767058330923312, 10.676191500128764, 10.481957422054078, 10.223479037378986, 9.938587451810934, 9.666910081534013, 9.443971080079706, 9.296964885602739, 9.244761999730086, 9.28647533124668, 9.384040017014984, 9.470870199217655, 9.487149661409791, 9.4206434670198, 9.30736378526222, 9.19635963696296, 9.111386570917393, 9.059365550767334, 9.03453126059726, 9.023920870353372, 9.01601363861577, 9.000378701383669, 8.970841495134428, 8.924250886712507, 8.861622921916307, 8.79017624991044, 8.7182243769534, 8.656871049176978, 8.61590416706436, 8.5983648016005, 8.595986962924336, 8.589559462238196, 8.561902338287252, 8.51360989672799, 8.461350791298322, 8.422582120921914, 8.400131688463675, 8.38760384168318, 8.375169139133892, 8.355292817204395, 8.326051745834167, 8.29162615223262, 8.258104573791844, 8.231939328020946, 8.215453510872827, 8.203125650980576, 8.187285782651514, 8.166396712747922, 8.141158876697876, 8.118381440228287, 8.100752852359943, 8.087080147901567, 8.074972380868106, 8.060482640794477, 8.043311972240037, 8.025137079111737, 8.007988667478605, 7.994603734843736, 7.983166784420191, 7.971378209950675, 7.9580403266916475, 7.942882921959612, 7.929187496146472, 7.917071462923619, 7.9067018641025095, 7.896430140479189, 7.885191572262648, 7.873496585805653, 7.8623942325073335, 7.852143762821612, 7.843248202246121, 7.834190021314191, 7.824717425862288, 7.814507987555689, 7.805317915507178, 7.797008588232088, 7.788851153688207, 7.780610824870553, 7.772273659794735, 7.764076080463951, 7.756308355053357, 7.7492287746775474, 7.742109717867859, 7.73459671433383, 7.727323091730612, 7.720552768792808, 7.714175755221274, 7.707768100207269, 7.701009257268812, 7.694597225581029, 7.688678750960995, 7.682700693203747, 7.676728388391294, 7.6709543445835955, 7.66534981844, 7.660130166608291, 7.654595872753515, 7.6492605426475135, 7.6434468652824075, 7.638897160553387, 7.633974727938994, 7.6291394815858045, 7.624318485692637, 7.619264559810878, 7.614844347602462, 7.610241081041796, 7.60600679650447, 7.601339862080377, 7.596937644681811, 7.592839853172231, 7.588676366123264, 7.5847420038802, 7.580488378551298, 7.576441065330707, 7.572617548917006, 7.569241685727023, 7.564996429874342, 7.561315856214057, 7.557580816212502, 7.554089114495946, 7.55044560938245, 7.546932525347782, 7.543492635138576, 7.540079559375685, 7.536879745516521, 7.533205054843453, 7.530022715836742, 7.526834215378202, 7.5237123104861885, 7.520532623619806, 7.517210190288546, 7.514391593803699, 7.5113465480299, 7.508171100509333, 7.505291010400573, 7.502362074757635, 7.49939321714611, 7.496563365491542, 7.493842940159411, 7.491015147992551, 7.488160689732186, 7.485460420261756, 7.48253535873537, 7.480015143448947, 7.477529665285808, 7.474692339842066, 7.472075209224374, 7.469393090097051, 7.466852498036091, 7.464377777520135, 7.461707295101271, 7.4593315751745255, 7.456866531148085, 7.454243288690355, 7.451812454347382, 7.449369086880916, 7.446889422036812, 7.44458427409134, 7.442155424746482, 7.439717462740302, 7.4374960792110185, 7.434528059881448, 7.432658940895352, 7.430505764492153, 7.427959363831024, 7.42569649383988, 7.423372879161465, 7.421144347882918, 7.418859780970259, 7.416596994363351, 7.414410561637404, 7.412046773009846, 7.409917652030068, 7.407687644488626, 7.405439897396248, 7.403194183420748, 7.401042163082743, 7.398881850619872, 7.396727015716395, 7.394495478303377, 7.392399038953499, 7.390165980439571, 7.3880635572047035, 7.3855963888890415, 7.383405121178728, 7.381575252969177, 7.379332183535504, 7.377304953203221, 7.375066788714803, 7.372985494222996, 7.370999106477267, 7.368731319373305, 7.366649300297848, 7.364479774016732, 7.362409010130358, 7.360322089573427, 7.358171994691071, 7.355991593758746, 7.354020472565749, 7.351911141126945, 7.34977046816399, 7.347602323118733, 7.345600469120412, 7.343408508842737, 7.3412483815403, 7.339174424040013, 7.337011571504638, 7.334804387709949, 7.332739438850356, 7.330590201099041, 7.328390797230616, 7.326284851302019, 7.324409037807012, 7.321914127914152, 7.319778295312389, 7.317634235249795, 7.315301942176314, 7.313242384151357, 7.310914272548862, 7.308850304165147, 7.306608043717912, 7.3043628103261335, 7.30209719919288, 7.299967057057483, 7.297703857919469, 7.2954965381244286, 7.293153417512912, 7.290794239795025, 7.288705032112717, 7.28638031148915, 7.284287102701913, 7.281949316519961, 7.278797090802343, 7.277244463086538, 7.274968878109382, 7.272901017590172, 7.27049153484563, 7.268250296162315, 7.266036177723291, 7.263516508638822, 7.261465397676636, 7.259297703412733, 7.256954860454036, 7.254661176260126, 7.252328529520918, 7.250114219793144, 7.247800377319794, 7.245641741757965, 7.243305157181632, 7.24114380432076, 7.238488482150871, 7.236438495340994, 7.234128647930124, 7.231926338115643, 7.229787999673283, 7.227442907061081, 7.224670261279889, 7.223010468843278, 7.220823419999465, 7.218698211249352, 7.216093629953344, 7.214420340439514, 7.212565197485413, 7.21059115586067, 7.208641493399903, 7.206774774274279, 7.204988913659724, 7.202978628173709, 7.201473278202432, 7.20006825499784, 7.198139219238231, 7.19675973577986, 7.195380617812648, 7.193690814861752, 12.130598110455328, 80.56696896748518, 9.169330885202642, 14.517535639423858, 17.761782187450645, 19.65594055367709, 20.629654270341895, 20.91768108472601, 20.678152601207216, 20.01430607885292, 19.01824852945153, 17.744405206737458, 16.256081975643472, 14.578259899553261, 12.767991693693752, 10.899841447067784, 9.124615118538065, 7.862626602320458, 8.41817065318802, 12.652942900901008, 9.009403007012283, 7.93388292760724, 8.25404743416417, 8.846797275319647, 9.356166499648378, 9.681317595774715, 9.802621920141426, 9.730773834808504, 9.49052803518002, 9.11917960011029, 8.669293485762866, 8.222990329479405, 7.905881692508222, 7.879153049713708, 8.214690951955754, 8.541797139399977, 8.277857657661265, 7.812208106479108, 7.618858364646417, 7.670216874405159, 7.805084124632668, 7.908733135229297, 7.925677430523081, 7.845426717578781, 7.695502611004522, 7.5364020389252975, 7.455439659480197, 7.5190347772664445, 7.659918427029695, 7.6655467214271376, 7.530608353968944, 7.451170005282447, 7.479603379510241, 7.548270724849002, 7.5899662302576045, 7.576446840651827, 7.521583243253691, 7.468745153747296, 7.463821809596083, 7.508256134930196, 7.535373559760447, 7.503055236299838, 7.460076767544297, 7.4539612839168194, 7.474399085517692, 7.489692531313634, 7.4822734317449635, 7.4586821908973855, 7.43933869105459, 7.440534778007564, 7.454676770107898, 7.457058613946786, 7.442366877775049, 7.429388953660254, 7.428926845330556, 7.436309057456963, 7.438871030519394, 7.432618764580945, 7.423221201053076, 7.419625952477546, 7.423155322547685, 7.426099900582224, 7.421799976610811, 7.41516779667918, 7.412395030869879, 7.413805610786588, 7.414341367316255, 7.41120860345091, 7.406401258583238, 7.403750733769007, 7.403724563459814, 7.403477457018796, 7.400524861818297, 7.3968843742613695, 7.395182877958624, 7.394791889810555, 7.393588468908209, 7.390727145523269, 7.3882131171940735, 7.386758819015651, 7.385879210788948, 7.384317039093415, 7.381361611105664, 7.380155492907136, 7.379005831814738, 7.37769996466491, 7.375677224521217, 7.373809246936374, 7.372384665086006, 7.3710191361409105, 7.369284656804549, 7.36731516143445, 7.36584164299764, 7.364417390160688, 7.362799631079551, 7.360919358778227, 7.3594747021091935, 7.358177131967209, 7.356405279531587, 7.354839984646291, 7.353188922510094, 7.351677643776145, 7.350255818001525, 7.348765800984057, 7.3468589073041075, 7.3456682319074895, 7.344509874219582, 7.342597736804283, 7.341124075261825, 7.339587232746547, 7.338235823295608, 7.336626264018478, 7.335204228406158, 7.333764121246603, 7.332294325157898, 7.330803722098975, 7.329228968943976, 7.3279364999605665, 7.326305178209893, 7.324761112223567, 7.323474063129874, 7.322144673053271, 7.320613287221979, 7.319200162908242, 7.317761783901122, 7.316219391329063, 7.31481447017436, 7.3134257578560815, 7.312113723463597, 7.3106734992926645, 7.309169179104497, 7.307911625531199, 7.306462305065068, 7.305090302365789, 7.30352584001018, 7.302197343858172, 7.300993207274764, 7.299508942081207, 7.298095445273367, 7.296627721283761, 7.295200583663118, 7.293891822514538, 7.2924957570158915, 7.291076720224141, 7.2898300333350905, 7.28834061198893, 7.287163199799545, 7.285856057234193, 7.284447851509774, 7.28298231135517, 7.281859876679153, 7.280380257486285, 7.2790251743354615, 7.277635157692495, 7.276150506425766, 7.274820380160179, 7.273507932866109, 7.2720257605192895, 7.270768612586202, 7.2695447283328924, 7.268180191742308, 7.266948453452048, 7.265392542944752, 7.264127835704094, 7.262878044787959, 7.2613665186883996, 7.260282627464445, 7.258763120184384, 7.257313305015691, 7.256052106666508, 7.254595201951717, 7.253392845342816, 7.2519052888190565, 7.250610236601096, 7.249135744296111, 7.2479421849739225, 7.246481226396593, 7.245183398240465, 7.243664892652328, 7.2422881165309, 7.241005897620014, 7.2396352842548, 7.238161789534817, 7.236852286029626, 7.235419998579775, 7.233965926741704, 7.232858646187008, 7.231311273675436, 7.229742813175576, 7.228321329578728, 7.226997904869987, 7.225455579739676, 7.224101557714374, 7.2228991242749885, 7.22100795876084, 7.2198309123304485, 7.218435982581652, 7.2170246511780825, 7.21553731593191, 7.213918246034171, 7.212686376883894, 7.211122846911838, 7.20960238551318, 7.208216472068898, 7.206608319003098, 7.205295430961795, 7.2038683994947155, 7.202401596332294, 7.200886456186845, 7.19945902622749, 7.198024169526536, 7.196475384173812, 7.1948321194629985, 7.193437459295027, 7.191916280573604, 7.190530780842081, 7.189050518599507, 7.187558934500774, 7.18608589723739, 7.184680451329587, 7.1832454511807375, 7.181676978565843, 7.180193011571126, 7.178608687260874, 7.177238587596414, 7.175741482346248, 7.173866768636833, 7.172571512200127, 7.171050573911896, 7.169482649398947, 7.168035887749079, 7.1665020676283255, 7.165003932368282, 7.163455667924237, 7.161897779497508, 7.160411497636741, 7.158640756638218, 7.157500693606007, 7.155738400811166, 7.154302607054368, 7.152775650746133, 7.1509452882596385, 7.149626158279973, 7.148162711460954, 7.146772355431554, 7.145164793763203, 7.143758710284555, 7.142362190948325, 7.140686685068121, 7.139627960112374, 7.138183802279695, 7.136670104443658, 7.135620787763878, 7.133995628263174, 7.132946358882126, 7.131774369351823, 7.130339573049086, 7.129050890013098, 7.127526031290154, 7.126557104954372, 7.124782840604454, 7.1233156277891885, 7.122065404877234, 7.1204671286336385, 7.1185714975740915, 7.117672795679283, 7.116242954221522, 7.114729891792442, 7.11324985970792, 7.111617707325655, 7.110129213031499, 7.108457363633446, 7.107525930555197, 7.106513388549439, 7.105732427908555, 7.105212832070705, 7.104617701033342, 7.103884324342224, 7.103145210752212, 7.102545804491195, 7.102097172053211, 7.101447362571101, 7.101169097989004, 7.101370155313284, 7.103415244462207, 7.106869855566756, 7.123765306270676, 7.139985729562031, 7.2488063687205715, 7.179518373393751, 7.2774184991175455, 7.124995249598999, 7.093975302193979, 7.1105227070469, 7.142166576557258, 7.238601432417692, 7.119552753285114, 7.093752114515284, 7.121219766002872, 7.143357822768855, 7.215141760419246, 7.1121538926091175, 7.092251211022091, 7.123318246336949, 7.14341736962761, 7.225456022939699, 7.114040227410883, 7.088007330882752, 7.103148088841403, 7.134348482216725, 7.245235250074201, 7.128416604891876, 7.101267521765137, 7.085234295102617, 7.085470607757831, 7.0992220306047935, 7.11778828498, 7.195290011386728, 7.150019152648556, 7.20658335318717, 7.109164488668344, 7.082479195322272, 7.083827174302704, 7.103311466020663, 7.1499471493538955, 7.114780050348203, 7.1101827821614165, 7.085730934942211, 7.077485596378256, 7.078917821975068, 7.087124522810964, 7.109176485097826, 7.113780764758678, 7.1743134806730575, 7.13703664018251, 7.2145276924222514, 7.131951910825458, 7.162156770108183, 7.115530180058704, 7.138974478975711, 7.111289800928708, 7.141756885063003, 7.115251151568975, 7.155192351202442, 7.119181228767582, 7.157966130642058, 7.116842787476822, 7.147567100770605, 7.111810355039224, 7.139937724057789, 7.112282350493075, 7.152332050334663, 7.1205621569594975, 7.1769605303608754, 7.122518185826956, 7.162944537481465, 7.1134692653559, 7.141470145769677, 7.108841521080293, 7.144359898627638, 7.115480411354716, 7.171335132276318, 7.123456349799351, 7.181133412321711, 7.11901365223431, 7.154415381851996, 7.109813509134446, 7.141203211880413, 7.109340332497245, 7.151700390197967, 7.1157781460779965, 7.170403659603358, 7.118248763875318, 7.164585987888989, 7.112883265172351, 7.1494709576914826, 7.1102382450030355, 7.153729699583772, 7.115556337687801, 7.174651950564449, 7.119630551524028, 7.174906671010112, 7.115770782060952, 7.1594243094024765, 7.111180320824931, 7.1550741911000735, 7.112817804916116, 7.167757819000413, 7.117186706830208, 7.176554744128702, 7.115301029366209, 7.159853360571285, 7.108998289916837, 7.150340821907023, 7.109743494656538, 7.163838446761991, 7.115967884317508, 7.180767367208682, 7.116523048240214, 7.1689028540377535, 7.11236279985034, 7.163621354992855, 7.113181876874578, 7.173750892910086, 7.11591204701721, 7.178113435049095, 7.113454830610909, 7.163722072091107, 7.110840115015815, 7.16625602072612, 7.114313472680731, 7.181106396622294, 7.115289543825926, 7.172332912557312, 7.110639185595196, 7.161638104220515, 7.111053594209477, 7.173975880586449, 7.1154781605054405, 7.183341205418201, 7.114089959199364, 7.171067763479704, 7.111543187543638, 7.171420356686579, 7.113621920265428, 7.181660364824106, 7.113731748944854, 7.174084618350971, 7.110851699155557, 7.168567048730187, 7.110499051262601, 7.17364788219671, 7.111912480259093, 7.175605272282741, 7.11152068072833, 7.1727926924920515, 7.1103593521600965, 7.171763684100752, 7.110606011304208, 7.175550383883034, 7.110332950990188, 7.171971679240321, 7.10993163813838, 7.1746303790253245, 7.111365001463776, 7.180610952950053, 7.111055515699527, 7.174469216628438, 7.109456169437673, 7.17391320958973, 7.10991353672855, 7.177267307866615, 7.110131430380164, 7.176744499232518, 7.108952239226588, 7.172968831359407, 7.108318201343314, 7.174225966036979, 7.109572265311133, 7.180840691657765, 7.10987656039176, 7.1775719878914375, 7.108984318293054, 7.178257458655648, 7.110629165337996, 7.186487320125929, 7.11122425254585, 7.1825719688616365, 7.1097672853355505, 7.179964662846898, 7.109637453515419, 7.181746527433614, 7.109142406303345, 7.178071771508323, 7.107690333174104, 7.17534291622203, 7.106276158127372, 7.172842473094099, 7.107086817900956]