Model Setup for Atypical Patient 14:
ITERS=1000
LEARNING_RATE=0.001
OPT_RESET=500
ATOL=1e-09
RTOL=1e-07
METHOD=dopri5
Input channels=2
Hidden channels=11
Output channels=2
Runtime=57.92781209945679
Optimizer=Adam (
Parameter Group 0
    amsgrad: False
    betas: (0.9, 0.999)
    capturable: False
    differentiable: False
    eps: 1e-08
    foreach: None
    fused: None
    lr: 0.001
    maximize: False
    weight_decay: 0
)Loss over time=[3364.1315545928533, 3297.6983035072335, 3232.157545966063, 3167.536247371534, 3103.8434766111623, 3041.0837913771275, 2979.2636548254563, 2918.3836673993715, 2858.437364915481, 2799.415540921306, 2741.309676492, 2684.1128205961995, 2627.8195690546763, 2572.425900654164, 2517.9287862730953, 2464.325597455846, 2411.6134403701776, 2359.7884852405177, 2308.8453379996913, 2258.7762742273644, 2209.571081916456, 2161.2170075468716, 2113.698115584773, 2066.9957978073535, 2021.0891186714073, 1975.955377415412, 1931.570824098536, 1887.911441065496, 1844.953684193088, 1802.6751012607065, 1761.054797493723, 1720.0737535337837, 1679.7150170088803, 1639.9637897066038, 1600.807422539681, 1562.2353294297804, 1524.2388157742716, 1486.8108567337147, 1449.9458283571155, 1413.6392112525534, 1377.887306759026, 1342.6869807560981, 1308.0354579530294, 1273.930164248504, 1240.3686140934706, 1207.3483487334377, 1174.8669174626157, 1142.9219174304772, 1111.5109485715875, 1080.6317968465648, 1050.2824202953134, 1020.46102908775, 991.1661405407606, 962.396629771684, 934.1517712315425, 906.4312561533408, 879.2352026208482, 852.5641421407777, 826.418989546811, 800.8009983060008, 775.7116992372393, 751.152820463989, 727.1262128865345, 703.633749483661, 680.6772233731042, 658.2582287198043, 636.3780132140681, 615.0374786691168, 594.2370051695661, 573.9764967875079, 554.255003362166, 535.0708634784866, 516.4216004569412, 498.3038845547666, 480.7135003220179, 463.6453285589383, 447.09335063295276, 431.0506653851031, 415.509524411066, 400.46138679842863, 385.8969536651826, 371.8063518397428, 358.1790662808419, 345.0040842405433, 332.27000619091325, 319.96512237456216, 308.07750996653044, 296.5950670242371, 285.5056946301997, 274.79729090715875, 264.45788697867124, 254.47552829838634, 244.83857137489633, 235.53556582305484, 226.55532515210646, 217.88695172570485, 209.5198528168858, 201.44374810481105, 193.6486787681091, 186.12501454664877, 178.86345809079015, 171.85504297819492, 165.09113500676835, 158.56344007777, 152.26399150247255, 146.1851803788348, 140.31974650766622, 134.66074100923313, 129.20160322283786, 123.93611909887373, 118.85844112121626, 113.96308941309302, 109.24495697200291, 104.69929801766158, 100.32174842941359, 96.10829833566281, 92.05528669647263, 88.15937759906348, 84.41754536880141, 80.8270313805146, 77.38526611964627, 74.08992615452813, 70.93879140112053, 67.929697899099, 65.06048996020316, 62.32895915299064, 59.73278567506521, 57.26945972491341, 54.93626622700037, 52.7302460697779, 50.64817572058996, 48.68657425058245, 46.84170890987452, 45.109622055850274, 43.486163952222384, 41.967031750536265, 40.547811532316906, 39.22402028588496, 37.99114609242838, 36.844684985027854, 35.78017349967044, 34.79321668871367, 33.87951187129743, 33.03486733539729, 32.25521716697327, 31.536632445031024, 30.87532926389777, 30.267674048644768, 29.710186605871307, 29.199541313680616, 28.732566801461385, 28.306244464021777, 27.91770610743617, 27.56423079108495, 27.243241231016682, 26.95229986439773, 26.689104689957762, 26.45148504053939, 26.237397073900073, 26.044919483946252, 25.87224915396606, 25.71769679453359, 25.579682635012468, 25.45671541857484, 25.34745412704236, 25.25060625780068, 25.16498760690017, 25.089502320945034, 25.023138706870864, 24.96496505260061, 24.914125463038797, 24.86983571865397, 24.831379167027453, 24.798102659982018, 24.769412550775442, 24.744770766846955, 24.7236909742187, 24.70573484933486, 24.69050847336363, 24.677658862677035, 24.66687064757156, 24.65786290908279, 24.65038618170038, 24.644219627326958, 24.639168383522396, 24.635061086819572, 24.63174756978613, 24.62909672862509, 24.62699455646504, 24.62534233613104, 24.624054985105133, 24.623059544598984, 24.622293804132152, 24.621705052729205, 24.62124894779109, 24.620888492813943, 24.620593115400446, 24.620337837394377, 24.620102529432987, 24.619871242724617, 24.619631611396617, 24.619374319292145, 24.619092625611746, 24.618781944280045, 24.618439472362187, 24.618063863252164, 24.61765494070624, 24.61721345010185, 24.616740843565832, 24.616239095843977, 24.615710547982328, 24.615157776066482, 24.614583482420695, 24.613990406817354, 24.613381255385615, 24.61275864504746, 24.612125061446473, 24.611482828475996, 24.61083408765734, 24.61018078576434, 24.609524669240155, 24.608867284101052, 24.60820998016902, 24.607553918620564, 24.60690008197694, 24.606249285793886, 24.605602191430613, 24.60495931939062, 24.60432106282841, 24.603687700905425, 24.60305941175477, 24.602436284882128, 24.601818332882644, 24.601205502398628, 24.60059768427814, 24.599994722919416, 24.599396424807626, 24.59880256626228, 24.598212900424006, 24.597627163514424, 24.597045080405, 24.59646636953422, 24.59589074720918, 24.595317931330634, 24.59474764457658, 24.594179617081817, 24.59361358864778, 24.593049310518044, 24.59248654675514, 24.59192507525239, 24.59136468841712, 24.590805193559557, 24.590246413021863, 24.589688184082277, 24.58913035866716, 24.588572802903514, 24.58801539654204, 24.587458032280278, 24.586900615011242, 24.586343061022387, 24.585785297165675, 24.58522726001722, 24.584668895042547, 24.58411015577975, 24.58355100305196, 24.5829914042155, 24.58243133245089, 24.581870766099417, 24.581309688047966, 24.580748085161996, 24.580185947767212, 24.579623269178192, 24.579060045271078, 24.578514525849585, 24.577949992072934, 24.57738491499235, 24.57681929721563, 24.57625314236265, 24.57568645485453, 24.575119239729226, 24.574551502485686, 24.57398324894301, 24.573414485125497, 24.572845217162463, 24.57227545121137, 24.571705193385604, 24.571134449709856, 24.570563226070263, 24.569991528194258, 24.569419361622575, 24.568846731700834, 24.568273643571533, 24.567700102178105, 24.567126112263846, 24.566551678382073, 24.5659768049091, 24.565401496052118, 24.56482575586695, 24.564249588270016, 24.56367299705224, 24.563095985896734, 24.562518558386056, 24.561940718023777, 24.56136246823751, 24.56078381239424, 24.560204753810115, 24.559625295757304, 24.559045441474453, 24.558465194169457, 24.55788455702805, 24.557303533218192, 24.55672212589377, 24.556140338195885, 24.555558173259737, 24.55497563421253, 24.55439272417824, 24.553809446276773, 24.553225803625047, 24.55264179933989, 24.55205743653329, 24.551472718317328, 24.55088764779949, 24.55030222808713, 24.549716462281687, 24.549130353481186, 24.54854390477809, 24.547957119260403, 24.547370000007184, 24.546782550089816, 24.546194772572253, 24.545606670508302, 24.5450182469404, 24.544429504899984, 24.54384044740792, 24.543251077470153, 24.54266139808061, 24.542071412219368, 24.541481122852584, 24.5408905329301, 24.54029964538901, 24.539708463149164, 24.53911698911762, 24.538525226183424, 24.53793317722131, 24.53734084508994, 24.536748232633, 24.53615534267817, 24.53556217803816, 24.534968741508408, 24.53437503587062, 24.533781063891524, 24.53318682828298, 24.532592331460172, 24.531997576079224, 24.53140256485517, 24.530807300490405, 24.53021178567121, 24.529616023068787, 24.529020015342198, 24.528423765133677, 24.52782727507309, 24.52723054777483, 24.526633585840248, 24.52603639185705, 24.52543896839885, 24.524841318025803, 24.52424344328423, 24.523645346708317, 24.52304703081835, 24.52244849812049, 24.521849751108846, 24.521250792265484, 24.520651624057066, 24.520052248940384, 24.519452669357644, 24.51885288773865, 24.518252906501115, 24.51765272804996, 24.517052354777316, 24.51645178906404, 24.51585103327739, 24.51525008977336, 24.514648960894576, 24.51404764897288, 24.513446156327436, 24.512844485265042, 24.512242638080274, 24.511640617057186, 24.511038424466427, 24.510436062567624, 24.509833533608433, 24.509230839824102, 24.50862798344001, 24.50802496666754, 24.507421791708172, 24.506818460750967, 24.5062149759743, 24.50561133954394, 24.505007553615236, 24.504403620331974, 24.50379954182611, 24.50319532021913, 24.502590957620974, 24.50198645612959, 24.501381817832865, 24.500777044807556, 24.500172139118572, 24.49956710282081, 24.498961937957766, 24.498356646561444, 24.4977512306549, 24.4971456922478, 24.496540033340974, 24.495934255923824, 24.495328361975172, 24.494722353464056, 24.494116232347142, 24.49351000057219, 24.492903660075857, 24.492297212785036, 24.491690660614644, 24.49108400547107, 24.490477249249434, 24.489870393835055, 24.489263441102874, 24.48865639291806, 24.488049250990688, 24.48744201720749, 24.486834693499816, 24.48622728169133, 24.485619783596782, 24.485012201022094, 24.48440453576163, 24.48379678960139, 24.483188964317183, 24.48258106167526, 24.48197308343235, 24.481365031334608, 24.480756907119485, 24.480148712515962, 24.479540449240776, 24.478932119003467, 24.478323723504346, 24.477715264432746, 24.47710674346985, 24.476498162287612, 24.475889522547803, 24.475280825904505, 24.47467207400174, 24.474063268474154, 24.473454410948246, 24.472845503040855, 24.472236546360204, 24.471627542505143, 24.47101849306612, 24.470409399624636, 24.469800263753203, 24.469191087016057, 24.468581870967697, 24.467972617154953, 24.467363327115528, 24.466754002378256, 24.4661446444642, 24.465535254885353, 24.464925835145184, 24.46431638673887, 24.463706911153032, 24.463097409865693, 24.462487884347414, 24.4618783360595, 24.461268766455387, 24.460659176980087, 24.460049569070247, 24.459439944155328, 24.458830303655176, 24.45822064898273, 24.457610981542214, 24.457001302730262, 24.45639161393481, 24.455781916537067, 24.45517221190877, 24.45456250141501, 24.45395278641296, 24.45334306825021, 24.45273334826928, 24.452123627802397, 24.451513908176267, 24.450904190707988, 24.450294476708095, 24.449684767479276, 24.449075064316375, 24.44846536850705, 24.447855681331557, 24.447246004061615, 24.446636337962467, 24.446026684291713, 24.445417044298743, 24.444807419227278, 24.4441978103118, 24.443588218780953, 24.44297864585458, 24.655614445273557, 24.502862370865387, 24.51366646743411, 24.600990553328177, 24.50503817750782, 24.395517835986105, 24.406879936217653, 24.470273079255, 24.458818406065767, 24.38602645749212, 24.33817801692392, 24.35160772221876, 24.38047266429219, 24.36960916931232, 24.32515855947925, 24.29107008472747, 24.290963356203022, 24.304055288734105, 24.297470164346134, 24.268726104579375, 24.242276160857674, 24.235474192607636, 24.239049107037886, 24.23272447545372, 24.21213437212299, 24.19133923661917, 24.18226513839339, 24.18017060076246, 24.172249812228664, 24.15546434303314, 24.138807599726864, 24.12960462625481, 24.124152495109954, 24.114377263863673, 24.099410735087055, 24.085601442733523, 24.076653517967557, 24.068897103552207, 24.057601131910282, 24.043850009262453, 24.032054919281407, 24.023046521570276, 24.01342302334889, 24.001235754356102, 23.98865770287002, 23.97804998035289, 23.968344661221032, 23.957230707282555, 23.944929306910367, 23.933446896988254, 23.923078261264674, 23.91225733161716, 23.900328808594157, 23.888470764939974, 23.87746525192213, 23.86647716134976, 23.854705500886357, 23.842707849370687, 23.83122490356451, 23.819890298087977, 23.808040618905032, 23.795899891896582, 23.784029490300046, 23.77228755297931, 23.760199809495727, 23.74784812892744, 23.735615736113804, 23.723443536071784, 23.71101359480789, 23.6983631273812, 23.685741390645237, 23.673111137649894, 23.66026890068898, 23.647242778565065, 23.634185279457665, 23.621061891340116, 23.607749726769615, 23.594276235989426, 23.580728216274576, 23.56707388440287, 23.553243898596808, 23.539259927373028, 23.525166220889844, 23.510939520721692, 23.49654356939484, 23.481991279545692, 23.46730431873425, 23.452468715652405, 23.4374620696766, 23.422288714572904, 23.406962974042084, 23.391477383938, 23.37581370239633, 23.359974520677465, 23.343972421874074, 23.327797440434196, 23.311432122495145, 23.29488331784137, 23.27816067436827, 23.261249573443834, 23.244138971352438, 23.22683931359713, 23.20935046879918, 23.191655320352723, 23.17375170848375, 23.155647683346306, 23.13733495557848, 23.118802050533077, 23.100051540325463, 23.081082696775994, 23.06188413337762, 23.04245043218779, 23.02278203528796, 23.002873160328956, 22.982715659197364, 22.9623055084351, 22.941638504800014, 22.920707503887446, 22.899505276704136, 22.87802661697888, 22.85626626566964, 22.834217099152745, 22.81187127834178, 22.789222941848482, 22.766265598739274, 22.742990489585253, 22.71939028492948, 22.695458902528927, 22.671188374008914, 22.646570507766597, 22.621598234981118, 22.596263749630825, 22.570558604613645, 22.54447473615305, 22.51800432358112, 22.491139633238895, 22.463872567147888, 22.436194869157305, 22.408098646125538, 22.3795755800428, 22.350617075862626, 22.321215192347683, 22.291362040197956, 22.26104944351639, 22.23026929799762, 22.199013433949393, 22.16727364918557, 22.1350416938839, 22.102309318819408, 22.069068541908244, 22.035311301316582, 22.001029471211776, 21.966214773530687, 21.930859040353212, 21.89495393935753, 21.85849110524099, 21.82146222664591, 21.78385906790958, 21.74567324669708, 21.706896267028938, 21.66751951875061, 21.6275342330323, 21.58693158005479, 21.545702648470208, 21.503838481278684, 21.461330002767944, 21.418167976019348, 21.374343007839165, 21.329845579145918, 21.28466602398344, 21.238794536933394, 21.19222126294862, 21.1449362897342, 21.09692959494473, 21.04819103909688, 20.998710382006205, 20.94847733273361, 20.897481533816574, 20.845712600837246, 20.793160160687805, 20.739813909881665, 20.685663597780316, 20.630699024628044, 20.57491006741139, 20.518286745365316, 20.460819248794575, 20.402497966884837, 20.343313537500716, 20.28325687532421, 20.222319180321207, 20.16049206615565, 20.097767539868883, 20.03413807253564, 19.969596634991788, 19.90413679774716, 19.837752694319263, 19.77043910994063, 19.702191525836145, 19.633006167767874, 19.562880081554088, 19.49181117449464, 19.419798260701803, 19.346841126704984, 19.272940456563042, 19.19809810279355, 19.12231710565322, 19.045601724820425, 18.967957471637256, 18.88939117710392, 18.809911059830217, 18.7295267617478, 18.648249418032936, 18.56609167643044, 18.48306779396412, 18.399193697251068, 18.314487735042466, 18.228968095606888, 18.14265616290035, 18.05557480381451, 17.96774872482791, 17.879204468635894, 17.789970458901838, 17.700076985149945, 17.60955623538659, 17.518442252242465, 17.42677098526669, 17.334580187802462, 17.241909753882478, 17.148802502535716, 17.055314159533506, 16.961590580570025, 16.868610907992725, 16.785656056168875, 16.80256393767578, 17.299147914616473, 16.921221304881747, 16.55250544386707, 16.83843661746788, 16.39338803936935, 16.70869002514605, 16.275444378527297, 16.52445749780303, 16.189191473748593, 16.384563947933152, 16.099686804482815, 16.228069572203285, 16.034597397445104, 16.084953289704146, 15.95823656224419, 15.950942413718916, 15.892063348290826, 15.825269278592238, 15.813318289687949, 15.720698005275084, 15.729723329534075, 15.623024781608864, 15.642089419634136, 15.537138897489372, 15.549626611930897, 15.455066006599814, 15.459479539540693, 15.3751622882854, 15.369209846195066, 15.296858588563373, 15.282520562215462, 15.217738377641213, 15.197616772826553, 15.139518946433329, 15.115461193545208, 15.060765834073813, 15.034874432098071, 14.98299967166211, 14.956128468082682, 14.905563857855201, 14.878233695538643, 14.829360916160795, 14.801506990406505, 14.754284787709686, 14.725077951562902, 14.68058785011143, 14.649365549012186, 14.608366490046244, 14.574151267305131, 14.537135958483622, 14.500001909853127, 14.466467723503342, 14.42760619876144, 14.39576597784977, 14.357346537348661, 14.324742134262465, 14.28898092599017, 14.254259765401512, 14.221434271448201, 14.185552316074109, 14.1536695425218, 14.119127740943986, 14.085940906856575, 14.053865574921675, 14.019879125645451, 13.988386143907888, 13.955966737922415, 13.923457249689433, 13.89262001947003, 13.860610725325929, 13.829342963435847, 13.798979925051606, 13.767780381130393, 13.73741305018873, 13.707661280194792, 13.677373263234749, 13.647722950166646, 13.618691933359806, 13.58935572198734, 13.560357351239958, 13.532035179842204, 13.503700966786862, 13.475415152535174, 13.44768857954078, 13.42030959464884, 13.392937117176613, 13.365791680636715, 13.339111245880515, 13.312724789076402, 13.28644371288033, 13.260364976841696, 13.234648761414105, 13.209274506913648, 13.184119484073193, 13.159139368157621, 13.13438964730368, 13.109937031549816, 13.085791725940867, 13.061920245833551, 13.038288547035044, 13.014881618816286, 12.991705344211518, 12.968769777950406, 12.94608432277772, 12.923651078682894, 12.901470703442804, 12.879540784424773, 12.857862055848575, 12.836437258408608, 12.815280631682128, 12.794429231894329, 12.773990589716147, 12.754279172567653, 12.736207969928364, 12.72281728163552, 12.72277483247092, 12.76736299541842, 12.905487423674233, 13.229452808610905, 13.088341131505807, 12.700376406643672, 12.664629807020397, 12.899976599369149, 12.73133941243299, 12.575845823417376, 12.797805450667475, 12.654537456977732, 12.550738058718501, 12.722491424077333, 12.547206223216495, 12.546812516396896, 12.61759103416183, 12.464706308702613, 12.535854623661235, 12.499159113076512, 12.435607990002895, 12.49584971540345, 12.415614354554892, 12.432463138591077, 12.434237816406744, 12.376572753698627, 12.414748175070345, 12.373157946918713, 12.357655848185523, 12.37400957389269, 12.32768828626966, 12.33702117510678, 12.325858344065637, 12.297516900420762, 12.308373247453744, 12.28397268815358, 12.273727345824279, 12.275040463841657, 12.250751716118664, 12.2494304303665, 12.24161650497918, 12.222798854291, 12.222947541381593, 12.210406807515426, 12.196851490880233, 12.195336713390144, 12.18166780786544, 12.171405207218317, 12.167870544498328, 12.154836091886189, 12.146140109107938, 12.141205107761449, 12.129328891743866, 12.121171140948563, 12.115496180272972, 12.10478062371538, 12.096669337309567, 12.090671527062687, 12.08100241935665, 12.072756825138718, 12.066600397746702, 12.05788687131306, 12.049510675621635, 12.04317319542713, 12.035339352009874, 12.026977883979999, 12.020343084121505, 12.013251161921799, 12.005160181911258, 11.998146539277291, 11.991525239523849, 11.983974363099362, 11.976678221084542, 11.970153232554393, 11.963244333488007, 11.955986465267761, 11.949276023044497, 11.942801920133364, 11.935940781316985, 11.929095016163437, 11.922671518777646, 11.916266457348444, 11.909622215251426, 11.903095412704765, 11.896848604961985, 11.890589370391519, 11.8842008252604, 11.877910612030508, 11.87181771320859, 11.865747824987862, 11.859605607665515, 11.853515501566052, 11.847570299005794, 11.841690825227651, 11.835786067623083, 11.829892467873272, 11.824091192874564, 11.81838001781519, 11.81269489497202, 11.807011296682742, 11.801367110140463, 11.795798510126533, 11.790293998873146, 11.784819852221249, 11.77936406493193, 11.773945244272408, 11.768583462880933, 11.763278232927814, 11.758014875809652, 11.752778764121723, 11.747573384984037, 11.742408883322936, 11.737292250282092, 11.732221764585946, 11.727190431103544, 11.722192708596522, 11.717227555373517, 11.71229799059583, 11.707407328956027, 11.702557134506604, 11.697746473911673, 11.692973035265192, 11.688234719867717, 11.68353012351779, 11.678859110551263, 11.674221892209196, 11.669619070319289, 11.665050818860685, 11.660517188523686, 11.65601783475584, 11.651552340476975, 11.647120233591606, 11.642721042986187, 11.63835445332479, 11.634020116831588, 11.62971796005013, 11.62544786173986, 11.621210162372268, 11.617005341127033, 11.612834925346085, 11.608701557236186, 11.604611016836815, 11.60057460339601, 11.596615130954298, 11.592781727056776, 11.58917173938062, 11.586015134027491, 11.583757816320336, 11.583570026395819, 11.58753696553684]