Model Setup for Atypical Patient 5:
ITERS=4000
LEARNING_RATE=0.001
OPT_RESET=500
ATOL=1e-09
RTOL=1e-07
METHOD=dopri5
Input channels=2
Hidden channels=11
Output channels=2
Runtime=219.0876829624176
Optimizer=Adam (
Parameter Group 0
    amsgrad: False
    betas: (0.9, 0.999)
    capturable: False
    differentiable: False
    eps: 1e-08
    foreach: None
    fused: None
    lr: 0.001
    maximize: False
    weight_decay: 0
)Loss over time=[2299.0362761803317, 2246.135751467464, 2193.982355805944, 2142.6005738228832, 2092.0137202580795, 2042.2436802745701, 1993.3105858564747, 1945.2324465640784, 1898.024724140658, 1851.6998441728158, 1806.2667385614814, 1761.7303647462527, 1718.0912522535975, 1675.3451182719741, 1633.4825967448814, 1592.4891324338817, 1552.3450871872226, 1513.026080629525, 1474.5036250030919, 1436.7460167407307, 1399.7194402892767, 1363.3892115834244, 1327.7210801780673, 1292.6824710157066, 1258.24357007133, 1224.3776717423373, 1191.062612214875, 1158.280162840228, 1126.0164636998006, 1094.2616559751511, 1063.0094927038556, 1032.2567992853506, 1002.0028848846282, 972.2489296209313, 942.9973827164163, 914.2513966674192, 886.0143167051382, 858.2892410174119, 831.0786638640336, 804.3842107612069, 778.2064674543795, 752.5449002700775, 727.3978685228712, 702.7627117572991, 678.6358983172007, 655.0132162127792, 631.8899859587368, 609.261275463196, 587.1220994493568, 565.4675900122769, 544.293130211079, 523.5944491845851, 503.36768059561604, 483.609382842424, 464.3165415189089, 445.48655143390715, 427.11718416846685, 409.20656037151025, 391.75307781015096, 374.7554047854056, 358.21250893026985, 342.1231037386815, 326.48610244316154, 311.30035056222295, 296.5644920392138, 282.2768888689921, 268.4355391696394, 255.03800591960936, 242.08136462365977, 229.56217167239956, 217.47645714410416, 205.81974246091798, 194.58708635471038, 183.77313616128137, 173.37220441035527, 163.37835316643051, 153.78547317845656, 144.58740408269247, 135.77797098614843, 127.35104751772145, 119.30058342530562, 111.62059752297692, 104.30512994267768, 97.34815607095234, 90.7434615371748, 84.48448668754985, 78.56415861485495, 72.97472951837375, 67.70764405698141, 62.75345829610778, 58.10182687113572, 53.74156336822678, 49.66076656972883, 45.84699742320725, 42.28748450757018, 38.96933491228808, 35.87973050454691, 33.00609380701578, 30.336214394581848, 27.858332635020567, 25.56118500705039, 23.434016398516338, 21.46656729049148, 19.64904632814485, 17.972095663007124, 16.42675974127351, 15.00445723862806, 13.696961917236992, 12.496393274231961, 11.3952160417377, 10.38624727916712, 9.46267438665086, 8.618076365222255, 7.846153790325781, 7.141468576371395, 6.498648450391136, 5.912757884857567, 5.379232625760928, 4.893856731909693, 4.452739588109208, 4.052290941886263, 3.68919507752662, 3.3603854240568656, 3.0630209332735774, 2.7944649975575953, 2.552267421921172, 2.3341496082037656, 2.1379927428483723, 1.9618285427910898, 1.8038319552845992, 1.662315143033581, 1.5357221082463879, 1.4226234013054688, 1.3217104996733198, 1.2317896063056162, 1.1517747815150232, 1.0806804678704618, 1.0176135806688564, 0.9617654089465565, 0.9124036010398803, 0.86886449864273, 0.8305460413738062, 0.7969014002802415, 0.7674334246028348, 0.7416899121267232, 0.7192596484554841, 0.6997691109901903, 0.6828797028164096, 0.6682853708331327, 0.655710469641778, 0.6449077547485187, 0.6356557769437569, 0.6277586213877054, 0.6210424427301281, 0.6153534502166987, 0.6105562547328467, 0.606531793984318, 0.6031753490443912, 0.600394932042604, 0.5981096165110729, 0.5962481579539961, 0.594747808378732, 0.5935533213354622, 0.5926161277006095, 0.5918936539702763, 0.5913487509721925, 0.5909492011362025, 0.5906672760778068, 0.5904793222544373, 0.5903653597166347, 0.5903086863823152, 0.5902954868576316, 0.5903144499184004, 0.5903564019636466, 0.5904139649848134, 0.5904812470529222, 0.5905535714116916, 0.5906272474893375, 0.590699384051197, 0.5907677418040979, 0.5908306204210635, 0.5908867734288912, 0.5909353437848895, 0.590975813217645, 0.5910079593608286, 0.5910318161394605, 0.5910476345154656, 0.591055842315624, 0.5910570032464659, 0.5910517762083862, 0.5910408765889108, 0.5910250413484411, 0.5910049994766795, 0.5909814488959015, 0.5909550402454976, 0.5909263673210234, 0.5908959633660218, 0.5908643019993606, 0.5908318013447492, 0.5907988299142223, 0.5907657129583469, 0.5907327382840567, 0.5907001608976827, 0.5906682061962587, 0.5906370717542725, 0.5906069279966508, 0.5905779181950052, 0.5905501582675643, 0.5905237368196107, 0.5904987157511258, 0.5904751316129299, 0.5904529977386559, 0.5904323070450901, 0.5904130352940399, 0.5903951445551368, 0.5903785866023541, 0.5903633060107843, 0.5903492427828083, 0.590336334410747, 0.5903245173620583, 0.5903137280417027, 0.5903039033349653, 0.5902949808603936, 0.5902868990652897, 0.5902795972795573, 0.5902730158132712, 0.5902670961470885, 0.5902617812269176, 0.5902570158447106, 0.5902527470647652, 0.5902489246458286, 0.5902455014092157, 0.5902424335133069, 0.5902396806093633, 0.590237205871653, 0.5902349759107605, 0.5902329605923995, 0.5902311327919345, 0.5902294681171686, 0.5902279446294567, 0.5902265425870431, 0.590225244225565, 0.5902240335816626, 0.5902228963577879, 0.5902218198195548, 0.5902207927142772, 0.5902198051980392, 0.5902188487605671, 0.590217916140162, 0.5902170012251129, 0.5902160989418411, 0.5902152051335329, 0.5902143164346055, 0.5902134301481178, 0.5902125441317799, 0.5902116566974929, 0.5902107665273051, 0.5902098726063375, 0.5902089741714428, 0.5902080706728593, 0.5902071617455847, 0.5902062471866134, 0.5902053269350874, 0.590204401052762, 0.5902034697038864, 0.5902025331337433, 0.5902015916466034, 0.5902006455841436, 0.5901996953054158, 0.5901987411697741, 0.5901977835233327, 0.5901968226895401, 0.5901958589635835, 0.590194892610453, 0.5901939238652703, 0.5901929529356594, 0.5901919800045465, 0.5901910052332501, 0.5901900287637832, 0.5901890507206476, 0.5901880712116061, 0.5901870903279487, 0.5901861081444871, 0.5901851247194603, 0.590184140094781, 0.5901831542966587, 0.5901821673369119, 0.5901811792145821, 0.5901801899180398, 0.5901791994272606, 0.5901782077159582, 0.5901772147536168, 0.59017622050723, 0.5901752249425023, 0.5901742280247562, 0.5901732297194969, 0.5901722299927084, 0.5901712288109624, 0.5901702261415029, 0.5901692219523483, 0.5901682162123904, 0.5901672088916302, 0.5901661999614717, 0.5901651893949471, 0.5901641771670502, 0.5901631632549117, 0.5901621476379555, 0.5901611302979521, 0.5901601112189699, 0.59015909038721, 0.5901580677908889, 0.5901570434199565, 0.5901560172659291, 0.5901549893216789, 0.5901539595812711, 0.5901529280398203, 0.5901518946934321, 0.5901508595390912, 0.5901498225746012, 0.5901487837985696, 0.5901477432102964, 0.5901467008097553, 0.5901456565974894, 0.5901446105744564, 0.5901435627420942, 0.5901425131020854, 0.5901414616563556, 0.5901404084069629, 0.5901393533560704, 0.5901382965059242, 0.5901372378587918, 0.5901361774169378, 0.5901351151826759, 0.590134051158294, 0.5901329853460736, 0.590131917748315, 0.5901308483672895, 0.5901297772052196, 0.590128704264301, 0.5901276295466893, 0.5901265530544905, 0.5901254747897282, 0.5901243947543745, 0.5901233129503667, 0.5901222293795517, 0.5901211440437631, 0.5901200569447621, 0.5901189680843038, 0.5901178774640929, 0.5901167850858138, 0.590115690951152, 0.5901145950617331, 0.5901134974191643, 0.5901123980250774, 0.5901112968810411, 0.5901101939886323, 0.5901090893494026, 0.5901079829648729, 0.5901068748365865, 0.5901057649660907, 0.5901046533548571, 0.5901035400044022, 0.5901024249162369, 0.5901013080918699, 0.5901001895327702, 0.5900990692404637, 0.5900979472164128, 0.5900968234621016, 0.5900956979790258, 0.5900945707686476, 0.5900934418324394, 0.5900923111718698, 0.5900911787883838, 0.5900900446834773, 0.5900889088585628, 0.5900877713151019, 0.5900866320545198, 0.5900854910782912, 0.5900843483878044, 0.5900832039845171, 0.5900820578698397, 0.5900809100451702, 0.5900797605119412, 0.5900786092715326, 0.5900774563253361, 0.5900763016747594, 0.5900751453211655, 0.5900739872659165, 0.5900728275103937, 0.5900716660559723, 0.5900705029039739, 0.5900693380557421, 0.5900681715126442, 0.5900670032759774, 0.5900658333470914, 0.5900646617273014, 0.5900634884178843, 0.5900623134201785, 0.59006113673546, 0.5900599583650252, 0.590058778310155, 0.5900575965721313, 0.5900564131522062, 0.590055228051659, 0.5900540412717258, 0.5900528528136725, 0.5900516626787286, 0.5900504708681417, 0.5900492773831375, 0.5900480822249269, 0.59004688539473, 0.5900456868937747, 0.5900444867232338, 0.5900432848843251, 0.5900420813782424, 0.5900408762061519, 0.5900396693692493, 0.5900384608686917, 0.5900372507056506, 0.5900360388812933, 0.5900348253967672, 0.5900336102532197, 0.5900323934517945, 0.5900311749936371, 0.5900299548798548, 0.5900287331115831, 0.5900275096899456, 0.5900262846160533, 0.5900250578909985, 0.5900238295159024, 0.5900225994918398, 0.590021367819928, 0.5900201345012265, 0.5900188995368251, 0.5900176629277795, 0.590016424675176, 0.590015184780066, 0.5900139432435005, 0.5900127000665457, 0.5900114552502355, 0.5900102087956072, 0.5900089607036922, 0.5900077109755171, 0.5900064596121216, 0.5900052066145112, 0.5900039519836882, 0.5900026957206782, 0.5900014378264617, 0.5900001783020621, 0.5899989171484387, 0.5899976543666031, 0.5899963899575144, 0.5899951239221606, 0.5899938562615132, 0.589992586976527, 0.5899913160681695, 0.589990043537394, 0.5899887693851459, 0.5899874936123664, 0.5899862162200038, 0.5899849372089881, 0.5899836565802513, 0.5899823743347173, 0.5899810904732956, 0.5899798049969313, 0.589978517906489, 0.5899772292029017, 0.5899759388870613, 0.5899746469598608, 0.5899733534221937, 0.5899720582749614, 0.5899707615190227, 0.5899694631552548, 0.5899681631845475, 0.5899668616077367, 0.5899655584257117, 0.5899642536393201, 0.5899629472494035, 0.5899616392568298, 0.5899603296624284, 0.5899590184670359, 0.5899577056714927, 0.5899563912766267, 0.5899550752832617, 0.5899537576922214, 0.5899524385043219, 0.5899511177203687, 0.5899497953411708, 0.589948471367535, 0.5899471458002536, 0.5899458186401287, 0.5899444898879384, 0.5899431595444754, 0.589941827610505, 0.5899404940868227, 0.5899391589741878, 0.5899378222733865, 0.5899364839851571, 0.5899351441102649, 0.5899338026494749, 0.5899324596035284, 0.6431114884808573, 0.6669159645690791, 0.64607546697232, 0.6145651429420538, 0.62238716025453, 0.6363859159907843, 0.6140456760118356, 0.5957045532860741, 0.6100283082912207, 0.6221639102322211, 0.6060406213042459, 0.5898239832177026, 0.5986004829738371, 0.6112024359157748, 0.6032588413504801, 0.5898652813598534, 0.5919379200098752, 0.6011433006531628, 0.5998963240010752, 0.5918921676664918, 0.5896950330248907, 0.5936709064665808, 0.5956981290260175, 0.5929112576433921, 0.5893458478545504, 0.5894630290715717, 0.5922280274276417, 0.592362953715408, 0.5890000961543179, 0.5876333454205117, 0.5900245998885003, 0.590858493597159, 0.5882983573155941, 0.5870573276147685, 0.5886171843290113, 0.5891516505386829, 0.5876171743886519, 0.5868005046999202, 0.5874717098313852, 0.587806624786484, 0.5870586086864759, 0.5863383213103069, 0.5865556073336627, 0.5869381994730961, 0.5863935603595728, 0.5857084100500048, 0.5859711112741209, 0.5862082985518093, 0.5855917834524793, 0.5852130563438361, 0.5854797639813571, 0.5853948115140558, 0.5849212690166337, 0.5847861859215314, 0.5848561700342058, 0.5846746330532868, 0.5843630875974738, 0.5842459590623996, 0.5842424572803583, 0.5840349655888634, 0.5837580664434413, 0.5837107897484182, 0.5836352478508676, 0.5833590659894581, 0.5832024473956544, 0.5831515960434153, 0.5829549334113954, 0.5827452297924186, 0.5826420638643618, 0.5825061361547307, 0.5823057636257015, 0.5821425107100592, 0.5820204923769308, 0.5818504065070166, 0.5816557259776587, 0.5815192003881442, 0.5813687837929792, 0.5811693907856671, 0.5810116692474665, 0.5808631014177874, 0.580672282473858, 0.5804986017112311, 0.5803411007444906, 0.5801598112489553, 0.579975775909999, 0.5798063886882973, 0.5796299637773188, 0.5794398654146978, 0.5792609152781639, 0.5790835686101771, 0.5788894873971914, 0.5787032384304387, 0.5785205423982677, 0.578323993537722, 0.5781318212827073, 0.5779421953059296, 0.5777433942840385, 0.5775449674093363, 0.5773485437029607, 0.5771465846264939, 0.5769420838602773, 0.5767399116867513, 0.576533248725328, 0.5763230674353363, 0.5761151035141426, 0.5759027409822557, 0.5756876512644282, 0.575473565945337, 0.5752554610595564, 0.5750351736872875, 0.5748145246802752, 0.5745908582352254, 0.5743649037453026, 0.5741380658311434, 0.5739085678175614, 0.5736765024309172, 0.573443534786037, 0.5732077487315937, 0.5729697412635697, 0.5727304835518445, 0.572488271469265, 0.5722441298511634, 0.5719982022897425, 0.5717496202695707, 0.5714990965754297, 0.5712465286928802, 0.5709913891717225, 0.5707341771167129, 0.5704748403007609, 0.5702129463987181, 0.5699490414226077, 0.5696827576448036, 0.5694139744591794, 0.569143089393172, 0.5688697009740243, 0.5685939685493528, 0.5683159386007026, 0.5680353733777046, 0.5677524192340776, 0.5674670753590146, 0.5671792032669336, 0.5668889245851507, 0.5665961478234016, 0.566300795017424, 0.5660030030231474, 0.5657026245943466, 0.5653997153245814, 0.5650942655504475, 0.5647861772211025, 0.5644755226166817, 0.5641622536823628, 0.5638463538654935, 0.563527842042289, 0.5632066498896944, 0.5628827867476829, 0.5625562633287479, 0.5622270348357542, 0.5618951266677815, 0.5615604852743885, 0.5612231090200148, 0.5608830079122097, 0.5605401536335765, 0.5601945526808705, 0.5598461752753034, 0.5594950063891861, 0.5591410855714269, 0.5587843750307222, 0.5584248713823978, 0.558062559489406, 0.5576974256031252, 0.5573294782274101, 0.5569587036595439, 0.556585103595366, 0.5562086644361061, 0.5558293798827453, 0.5554472539700591, 0.5550622821211222, 0.5546744624769349, 0.5542837790054246, 0.5538902300993772, 0.5534938301011065, 0.5530945808940274, 0.552692484428495, 0.5522875350352998, 0.5518797365681242, 0.5514690959725349, 0.5510556164418672, 0.5506392997413471, 0.5502201459852686, 0.5497981632120715, 0.5493733591427664, 0.5489457391258454, 0.5485153076269123, 0.5480820700420851, 0.5476460368297703, 0.5472072168171601, 0.5467656186574513, 0.546321165545465, 0.5458740494280184, 0.5454241817108931, 0.5449715745717536, 0.5445162391458186, 0.5440581855357071, 0.5435974272335028, 0.5431339795083838, 0.5426678564793583, 0.542199070549443, 0.5417276357294921, 0.5412535695681747, 0.5407768890536361, 0.5402976096462275, 0.5398157472086799, 0.5393313208761742, 0.5388443505401678, 0.5383548551212112, 0.5378628537926395, 0.5373683677428507, 0.5368714198953092, 0.5363720333650974, 0.535870231787674, 0.5353660398111418, 0.534859484196221, 0.5343505934330167, 0.53383939700457, 0.5333259247257469, 0.5328102091150559, 0.5322922856795022, 0.5317721913434862, 0.531249963935721, 0.530725644271329, 0.5301992771171153, 0.5296709094033439, 0.5291405900272264, 0.5286083716634651, 0.5280743113438195, 0.5275384694102886, 0.5270009096935734, 0.52646170039048, 0.525920914466568, 0.5253786298155443, 0.5248349292544978, 0.5242899003516199, 0.5237436363532245, 0.523196237028342, 0.5226478078206384, 0.5220984595816875, 0.5215483099304067, 0.5209974814042782, 0.5204460908721547, 0.5198942911684914, 0.5193422270187198, 0.5187900499888151, 0.518237918196164, 0.517685996997126, 0.517134458572752, 0.5165834809076807, 0.5160332481905757, 0.5154839496917681, 0.5149357797471764, 0.5143889379332495, 0.5138436276974405, 0.5133000555621825, 0.5127584310442606, 0.5122189656288095, 0.5116818718479009, 0.5111473624531141, 0.5106156492344575, 0.5100869424798077, 0.5095614499154656, 0.5090393751298488, 0.5085209173304999, 0.5080062708094264, 0.5074956216075012, 0.5069891481108254, 0.506487020167519, 0.5059893981281675, 0.5054964321476123, 0.5050082610828275, 0.5045250122141103, 0.5040468007409139, 0.5035737291486402, 0.5031058870625184, 0.502643350890242, 0.5021861839459368, 0.501734436343228, 0.5012881449961818, 0.5008473340894434, 0.500412015441358, 0.49998218867397365, 0.49955784157056765, 0.4991389508180198, 0.49872548261116395, 0.4983173932013408, 0.4979146296676826, 0.4975171305418195, 0.49712482669113867, 0.4967376418318357, 0.49635549347260266, 0.49597829341757654, 0.49560594876939845, 0.4952383621926883, 0.4948754335571222, 0.494517059237254, 0.4941631335610009, 0.49381354807921, 0.4934681878930865, 0.4931269540803036, 0.49278973310180235, 0.49245641106076943, 0.49212688823454526, 0.4918010532117028, 0.4914788659662458, 0.4911603555224224, 0.4908462596633629, 0.49053961059412904, 0.49025530673186174, 0.4900605246695577, 0.4902700188248904, 0.4923633523502028, 0.5019900758900295, 0.5339681357089678, 0.56430128140349, 0.5249847841530073, 0.49083626915202455, 0.5362236057302038, 0.5085757841573628, 0.49632233809365367, 0.5239615927616673, 0.4891038913393656, 0.5090541831611121, 0.4995974228931852, 0.49248384411454277, 0.5053280145335984, 0.4866885266977869, 0.5024403462993514, 0.48882366776684383, 0.4948166531673404, 0.4925715699802033, 0.4884793964272513, 0.49427138325901365, 0.48571310874429313, 0.49317987707481525, 0.4857917308823792, 0.49012495003555306, 0.4870497927443443, 0.4870170764720743, 0.4880600733102213, 0.4849697625219006, 0.48801032681262285, 0.4842039531790769, 0.4868886716630646, 0.48436140680254075, 0.4853465102796891, 0.48477907254876307, 0.4839768999690756, 0.48487128784330924, 0.48315460091500045, 0.4844251296505979, 0.48289950463478576, 0.4836129511195404, 0.48292982718781796, 0.4827406394949387, 0.4828964386464744, 0.482092336150097, 0.4826019647201791, 0.4817552923626333, 0.4820739132227434, 0.4816089886431072, 0.48147622041002297, 0.4814531836012183, 0.48098714998645564, 0.48115660719844516, 0.48066928310335316, 0.4807279482938396, 0.48045255099836354, 0.48026951288640146, 0.48021692338625593, 0.4798841047200931, 0.4798934680555874, 0.4795931854652442, 0.47950556672968186, 0.479339185572393, 0.4791245657275684, 0.47905214626439035, 0.4787990443051518, 0.4787120416320763, 0.4785170653371887, 0.4783543717448557, 0.4782317295515595, 0.4780222074369819, 0.4779139127814709, 0.4777233037049338, 0.477575507343016, 0.4774310530598902, 0.4772470977610647, 0.4771203281239133, 0.4769408241328828, 0.47679361725715397, 0.47664204278755756, 0.4764708025996589, 0.47633249119605997, 0.4761621852099601, 0.4760119455391928, 0.4758588733583609, 0.47569370281933276, 0.47554846843459037, 0.47538462411037047, 0.4752312559772396, 0.47507826995515345, 0.4749163011326385, 0.47476675804142465, 0.4746071902797108, 0.47445152057471707, 0.4742986735036656, 0.47413877408010613, 0.47398630689127147, 0.4738294384039337, 0.4736725141833894, 0.4735192796855017, 0.4733611012571071, 0.47320656358765184, 0.4730511842938323, 0.472893943920401, 0.47273984524224555, 0.472583110360794, 0.4724272477436449, 0.4722723751094912, 0.47211549155225185, 0.4719603600231745, 0.4718046011841795, 0.47164818254423246, 0.47149308128109707, 0.47133683011837313, 0.4711809103840615, 0.4710254847562086, 0.47086914137956676, 0.4707134920830302, 0.4705577053847435, 0.4704014854433659, 0.4702458630401738, 0.47008984175311935, 0.469933771759969, 0.4697780472788906, 0.4696219198143839, 0.46946594338936637, 0.4693100842276262, 0.46915392871677697, 0.46899798062023945, 0.46884200031958567, 0.4686858515389126, 0.468529880774941, 0.4683738128503641, 0.4682176638654157, 0.46806164597340094, 0.4679055179608183, 0.4677493727499831, 0.4675933012411731, 0.46743713063001224, 0.46728097145578057, 0.4671248473026992, 0.4669686448391406, 0.4668124623263253, 0.46665629155488286, 0.46650006155783363, 0.4663438512077925, 0.4661876396325264, 0.4660313840889575, 0.4658751444447157, 0.4657188972122253, 0.4655626174943105, 0.4654063487098455, 0.46525007063870905, 0.4650937677011742, 0.46493747173073313, 0.4647811665317027, 0.4646248420752485, 0.4644685213752222, 0.46431219266942775, 0.4641558487035843, 0.46399950627503567, 0.4638431575415591, 0.46368679656621836, 0.46353043581833453, 0.4633740704422452, 0.46321769552050784, 0.4630613200278487, 0.462904941674762, 0.4627485561088893, 0.46259216981811446, 0.46243578226975585, 0.46227938979569605, 0.46212299684859615, 0.46196660416463026, 0.4618102088203562, 0.46165381363019087, 0.46149742015796347, 0.46134102624909956, 0.4611846335209259, 0.46102824388645675, 0.4608718560709049, 0.4725828108651371, 0.8500477084663952, 0.5020717680302389, 0.6326694773671949, 0.6932521442432673, 0.58487158467626, 0.49987460692505614, 0.5286911965172025, 0.5670927534147482, 0.5553505387663027, 0.5207085109834858, 0.5021687930408912, 0.501649182949386, 0.5004986373485171, 0.5005474761705645, 0.5047325150090595, 0.5031570496080506, 0.4877190894257535, 0.4694941360549798, 0.46996398482625873, 0.48729446813522564, 0.4956092207746684, 0.48218440553431086, 0.4630062012908062, 0.45995389967760425, 0.4724545601552007, 0.4806208199147589, 0.4745906753353222, 0.4645160200342404, 0.4616997868748944, 0.46480856928692416, 0.46700699991463357, 0.4666778002296597, 0.46579910456994716, 0.4640438296790302, 0.46102878124416496, 0.45988350287041463, 0.4624817472254398, 0.46488712196405085, 0.4629293517757287, 0.45906798366119017, 0.4584725658348771, 0.46094811107117795, 0.4620652440486399, 0.4605076272261163, 0.458968699683407, 0.45895461321588304, 0.45936421839174907, 0.45946134484191103, 0.45953096587447706, 0.45927747483576076, 0.4584434593814449, 0.4580400266159313, 0.4586851953833051, 0.4591723968348877, 0.45853712692638987, 0.45776701094464056, 0.4579207420488443, 0.45838232595579564, 0.45828245678077145, 0.45791179267627535, 0.4577698402179575, 0.4577519174561452, 0.45774938848766467, 0.45781689980436935, 0.457758440518513, 0.4574885907912591, 0.45737240125871953, 0.4575371689214951, 0.4575800170752656, 0.45735914786619725, 0.4572180879726859, 0.4572735217838553, 0.4572920701892185, 0.4572092603845771, 0.4571348113665508, 0.45707550500737076, 0.4570292702721929, 0.45703238568289933, 0.4570108751785782, 0.4569092507867408, 0.4568394243123776, 0.45685231791222536, 0.4568339365420852, 0.45675183194032126, 0.4566946616157143, 0.4566740000553109, 0.4566409103435106, 0.4565973145878115, 0.4565512345288268, 0.4564985608872983, 0.45646175976598896, 0.45643792796550264, 0.45639035077452944, 0.4563317024053901, 0.45629697705187894, 0.4562675541849369, 0.45622025502688834, 0.4561720048018276, 0.4561320315486613, 0.45609181506676, 0.4560515499721809, 0.456008945124651, 0.4559614418461599, 0.4559193214840624, 0.4558821927629785, 0.45583757001602, 0.4557899132867885, 0.4557485870058437, 0.45570757697458575, 0.45566274414727626, 0.455618086713098, 0.45557392971052657, 0.4555301668168721, 0.4554871904670026, 0.45544202494084357, 0.4553958324091026, 0.45535220951768646, 0.4553083170214985, 0.455262009585498, 0.4552162925018072, 0.45517149725923045, 0.45512596757727714, 0.4550800686320814, 0.4550338366583805, 0.45498749194702603, 0.4549416939643489, 0.4548953039603923, 0.4548480529606387, 0.45480135245121933, 0.45475477047134033, 0.45470741576812423, 0.4546599322345326, 0.45461251984224177, 0.4545649197170785, 0.4545171783141315, 0.4544690852905379, 0.45442082697204905, 0.454372706613511, 0.45432426879064264, 0.4542754637955193, 0.454226714149643, 0.4541778470319706, 0.4541286982063383, 0.4540794052031511, 0.45402995964158793, 0.453980402641433, 0.4539307008255904, 0.45388074000378553, 0.4538306719462477, 0.45378052724304374, 0.45373014648466264, 0.4536795988079321, 0.4536289489793106, 0.4535781370040912, 0.4535271679757135, 0.4534760343661082, 0.453424753678646, 0.4533733571485866, 0.4533217850104089, 0.4532700471262773, 0.45321819629008037, 0.4531661929750887, 0.4531140278574886, 0.45306172536266764, 0.45300927994849843, 0.45295669546505957, 0.4529039614410244, 0.4528510778224027, 0.4527980667620483, 0.4527449116878277, 0.4526916056017338, 0.4526381674580009, 0.45258459149212094, 0.4525308736795568, 0.452477017461111, 0.45242302305189913, 0.4523688960256295, 0.4523146307707808, 0.45226022607826105, 0.4522056912472849, 0.4521510218175226, 0.4520962157784396, 0.45204127807368855, 0.45198620812680124, 0.4519310065809979, 0.4518756727566641, 0.4518202075781393, 0.4517646143119359, 0.45170889044486323, 0.45165303657674455, 0.4515970557415075, 0.4515409468458955, 0.4514847103557624, 0.4514283471925386, 0.4513718580954066, 0.45131524396738404, 0.4512585041871695, 0.4512016401407457, 0.4511446529290554, 0.4510875419684851, 0.4510303083183808, 0.450972952777472, 0.4509154756795039, 0.45085787757714707, 0.45080015883906993, 0.45074232047504204, 0.45068436280570356, 0.450626533756161, 0.4505683426587629, 0.45051003392206196, 0.45045160797218825, 0.4503930654518363, 0.4503344068921265, 0.45027563290112105, 0.45021674382831606, 0.4501577403054338, 0.45009862297438713, 0.45003939217765815, 0.4499800485231747, 0.4499205925687883, 0.4498610248009483, 0.4498013457381651, 0.44974155587817305, 0.44968165581650243, 0.44962164600801663, 0.44956152694970597, 0.4495012992247547, 0.4494409632982243, 0.44938051967921716, 0.4493199688827429, 0.44925931142410835, 0.4491985478096151, 0.44913767851594694, 0.4490767040801464, 0.4490156249907248, 0.448954441728854, 0.448893154812879, 0.4488317647326092, 0.448770271983707, 0.44870867705171663, 0.4486469804367324, 0.4485851826311588, 0.44852328410908804, 0.44846128537005875, 0.44839918689733804, 0.44833698917179116, 0.4482746926786158, 0.4482122978989555, 0.4481498053149546, 0.4480872153978355, 0.44802452862992354, 0.4479617454887157, 0.44789886644309396, 0.44783589196958895, 0.4477728225383895, 0.4477096586198169, 0.4476464006811207, 0.4475830491902693, 0.4475196046144252, 0.4474560674151478, 0.4473924380576511, 0.447328717003418, 0.44726490471148916, 0.4472010016408099, 0.4471370082492765, 0.44707292499264306, 0.4470087523254432, 0.4469444907008154, 0.4468801405709984, 0.44681570238483737, 0.44675117659268354, 0.44668656364110876, 0.4466218639767995, 0.4465570780439091, 0.4464922062853074, 0.44642724914334353, 0.44636220705690877, 0.44629708046546207, 0.4462318698063537, 0.4461665755156256, 0.44610119802613735, 0.4460357377721374, 0.4459701951831276, 0.4459045706879937, 0.4458388647133752, 0.445773077687055, 0.44570721006140074, 0.44564126229586803, 0.44557523481605904, 0.4455091280448898, 0.44544294240499843, 0.445376678317197, 0.4453103362004631, 0.44524391647305966, 0.44517741954998774, 0.44511084584707045, 0.44504419577790205, 0.44497746975204816, 0.44491066818140984, 0.44484379147368885, 0.44477684003560186, 0.44470981427066486, 0.44464271458521226, 0.44457554138026756, 0.44450829505573, 0.44444097601023763, 0.4443735846398432, 0.4443061213415353, 0.444238594182721, 0.4441709883355378, 0.4441033117318576, 0.4440355647543401, 0.44396774779300047, 0.4438998612304152, 0.4438319054475494, 0.44376388082612794, 0.44369578774212215, 0.44362698040635623, 0.44355873624016495, 0.44349042419572343, 0.443422044621863, 0.4433535978648002, 0.4432850842674963, 0.44321650417016784, 0.44314785790988315, 0.44307914582059027, 0.4430103682326529, 0.442941525473694, 0.4428726178674543, 0.4428036457344806, 0.44273460939166254, 0.44266550915224107, 0.4425963453256919, 0.44252711821803614, 0.4424578281307446, 0.4423884753615811, 0.4423190602045167, 0.4422495829485263, 0.44218004387916776, 0.44211044327689725, 0.4420407814177613, 0.441971058573294, 0.4419012750101901, 0.44183143099007244, 0.44176152676958796, 0.4416915626006176, 0.441621538729621, 0.4415514553971254, 0.4414813128379756, 0.44141111128187904, 0.44134085095266806, 0.44127053208700767, 0.4412001549230448, 0.4411297196071678, 0.4410592259631892, 0.4409886741110645, 0.4409180642277048, 0.44084739648314913, 0.44077667103968365, 0.4407058946323436, 0.4406350541115206, 0.44056415632235346, 0.4404936360231616, 0.4404226282206722, 0.4403515639074312, 0.4402804431960697, 0.44020926618985856, 0.44013803298593523, 0.4400667436732563, 0.439995398331946, 0.4399239970355706, 0.439852539850045, 0.4397810287858675, 0.43970946358031765, 0.43963784286640295, 0.43956616666747617, 0.4394944349954514, 0.4394226478504557, 0.43935080522030584, 0.43927890708018213, 0.43920695339237154, 0.4391349441058747, 0.4390628791558298, 0.43899075846315194, 0.4389185819341291, 0.43884634932656685, 0.43877405999473135, 0.4387017137290311, 0.43862931035287117, 0.4385568496719188, 0.4384843314733752, 0.4384117555284334, 0.43833912191969465, 0.4382664306028161, 0.43819368128910524, 0.43812087366904023, 0.4380480074116276, 0.437975082163798, 0.4379020975495543, 0.4378290531691388, 0.4377559485982798, 0.43768278338730204, 0.43760955706032445, 0.4375362751825818, 0.4374628620473365, 0.43738945729241246, 0.4373159899350144, 0.4372424595799603, 0.4371698353371658, 0.43709608300118763, 0.437022262148578, 0.43694837216610166, 0.43687441241135877, 0.4368003821341146, 0.4367262805558443, 0.43665210687498823, 0.4365778601845554, 0.43650353979941187, 0.43642914736407, 0.436354679779781, 0.4362801360061056, 0.43620551491343035, 0.4361308153474901, 0.43605603605912435, 0.4359811757911521, 0.43590623317670774, 0.43583120681716353, 0.4357560952332971, 0.43568089687845346, 0.4356056101729988, 0.4355302334172959, 0.4354547648710336, 0.4353792027028367, 0.4353035449990971, 0.4352277897396862, 0.4351519348026226, 0.43507597790897895, 0.43499991643918695, 0.43492374783169346, 0.4348474694065263, 0.434771078318531, 0.43469457158628805, 0.4346179460885731, 0.43454119859673596, 0.4344643258038278, 0.4343873243586698, 0.4343101909244583, 0.4342329221336482, 0.4341555146307797, 0.43407796502635987, 0.4340002698710053, 0.4339224270953338, 0.4338444298331973, 0.43376627605805046, 0.43368796193069076, 0.43360948347611306, 0.43353083664382486, 0.43345201725141663, 0.4333730209492275, 0.43329384310968, 0.4332144789651856, 0.4331349236097498, 0.43305517198658394, 0.43297521889493784, 0.43289505901418956, 0.4328139628036549, 0.432733490870615, 0.4326528022988366, 0.43257189106231664, 0.4324907511351477, 0.432409376454601, 0.4323277584779321, 0.4322458913038988, 0.4321637708520287, 0.43208139106093046, 0.43199874584891534, 0.43191582917356136, 0.4318326350398973, 0.43174915744322956, 0.4316653903025102, 0.43158132773137337, 0.4314969639650361, 0.43141229331322867, 0.4313273101965093, 0.4312420092270187, 0.4311563852353136, 0.4310704332798654, 0.43098414870931256, 0.43089752724798897, 0.4308105650161704, 0.43072325854034293, 0.4306356048124029, 0.4305476013701576, 0.4304592463254169, 0.4303705383855835, 0.4302814769373574, 0.4301920621404339, 0.4301022949633163, 0.43001217723943164, 0.44503166248219883, 0.7892396017852412, 0.4482005629259374, 0.5816473033697117, 0.6605194955272576, 0.522219321498284, 0.4309510885522005, 0.4995188662198116, 0.5665629495884755, 0.5175598503730137, 0.4409216355757659, 0.4386181524672392, 0.4907883437854623, 0.5083256430062556, 0.46988412433060683, 0.4315301840662812, 0.4384985075907845, 0.46920524364069005, 0.47431184846562, 0.44883007480904524, 0.4292721263747934, 0.4373602457563427, 0.45466602409525253, 0.454472088030681, 0.4384288270857129, 0.42872435543408405, 0.43554294771586244, 0.4452822829917029, 0.4425663707592145, 0.431993877407556, 0.42848660215765955, 0.43471999529935845, 0.4392272807735779, 0.4349151624350025, 0.42856943791797275, 0.42905112573340926, 0.433882351728128, 0.43436272307607576, 0.4298341966581242, 0.4275436777085886, 0.43012668004809385, 0.4322296687802023, 0.4302055756653717, 0.4275557152101674, 0.4282101043575876, 0.43016652367744934, 0.42969996781094905, 0.4277150725091455, 0.4274335290219699, 0.42872460493266085, 0.42893289331957296, 0.42767636456393715, 0.4270857295813636, 0.4278339360489534, 0.4282195865679872, 0.4274478742635662, 0.42687318142907354, 0.42730227814281246, 0.4276459181505396, 0.42714383831287717, 0.4266891308662337, 0.4269558070374941, 0.42719049222544037, 0.42682890212248986, 0.4265151548781317, 0.4266945183759674, 0.426815842345905, 0.42654269489992785, 0.4263434043828621, 0.4264615938179405, 0.4264993744778497, 0.4262885198577322, 0.4261665299666108, 0.42624088059339466, 0.4262241650548224, 0.42605671785759286, 0.4259848848904387, 0.4260273400675933, 0.4259724734453624, 0.4258389782770802, 0.4258032541206065, 0.4258141336464449, 0.42573342085711874, 0.42563567403137575, 0.42561849734079665, 0.42559501093369323, 0.4255074675233864, 0.4254427314262838, 0.42542362799281913, 0.42537341073326845, 0.4252953547564106, 0.425250404411322, 0.42521824509978323, 0.4251553464311561, 0.42509134490312805, 0.42505285250630914, 0.42500682562511205, 0.42494197769928055, 0.42488995150478087, 0.42484878910083845, 0.42479248831148425, 0.42473296269879496, 0.4246871800503964, 0.42463801210466146, 0.4245787653375629, 0.4245265092726887, 0.42447908234919063, 0.4244235811387368, 0.42436762542663686, 0.42431810751195376, 0.4242657530989511, 0.42420929011016073, 0.424156772352944, 0.424105481844238, 0.42405013130622055, 0.42399550115946544, 0.423943622600738, 0.4238894755890083, 0.42383397475048296, 0.4237808587948887, 0.4237272958108362, 0.42367175076533636, 0.42361748071484695, 0.423563850100906, 0.4235085556538042, 0.42345350356649847, 0.42339941830075517, 0.42334432484679424, 0.42328884231970193, 0.42323418275210717, 0.42317911749147774, 0.42312342474176745, 0.42306823764745666, 0.4230130390323778, 0.42295722758147997, 0.42290161985409475, 0.4228461883587984, 0.42279027270278424, 0.4227343496775958, 0.4226786459022858, 0.4226226075530615, 0.4225664470505178, 0.42251047234387595, 0.4224542894167013, 0.42239794044443707, 0.4223417171502234, 0.42228537603278854, 0.4222288663507507, 0.42217242396123655, 0.42211592081471444, 0.4220592658812595, 0.422002634284094, 0.4219459738052096, 0.4218891840213574, 0.4218323893046642, 0.42177558045064173, 0.4217186650849035, 0.4216617299129412, 0.4216047852540901, 0.4215477542927468, 0.42149069681761214, 0.4214336297664479, 0.4213764942318534, 0.421319330555893, 0.42126215590728494, 0.42120492717936936, 0.4211476709714427, 0.4210904032121318, 0.42103309304477515, 0.4209757577439764, 0.4209184113029652, 0.4208610312043002, 0.42080362939539917, 0.4207462177869589, 0.42068877954045747, 0.42063132384407587, 0.4205738599559167, 0.4205163752914487, 0.4204588776867686, 0.42040137373136227, 0.42034385443441985, 0.42028632657340004, 0.4202287944986528, 0.4201712521424596, 0.4201137051741306, 0.4200561564916494, 0.41999860224875935, 0.4199410471668854, 0.4198834932237462, 0.41982593796028406, 0.4197683854003625, 0.41971083694135536, 0.4196532911939573, 0.4195957517118623, 0.41953821928631196, 0.41948069332653437, 0.4194231769576284, 0.419365670628631, 0.4193081745082465, 0.41925069116917935, 0.4191932208286571, 0.4191357641791034, 0.41907832331705436, 0.41902089851314, 0.41896349076263967, 0.4189061017079246, 0.4188487316843385, 0.4187913818500364, 0.418734053565548, 0.41867674727690823, 0.4186194641999089, 0.4185622054264607, 0.4185049715079013, 0.41844776367654096, 0.4183905828377007, 0.4183334296749129, 0.41827630535118454, 0.41821921063373857, 0.41816214630985676, 0.418105113437109, 0.41804811273999665, 0.41799114507615137, 0.41793421138593706, 0.41787731236837933, 0.4178204488911334, 0.4177636218121521, 0.4177068318495284, 0.4176500798613084, 0.41759336661688395, 0.41753669283185046, 0.41748005933687243, 0.41742346686061715, 0.4173669161361398, 0.417310407936701, 0.4172539429427996, 0.4171975218861659, 0.417141145499122, 0.41708481445449835, 0.4170285294632153, 0.41697229120096607, 0.41691610032633536, 0.4168599575282755, 0.4168038634558512, 0.41674781875462036, 0.41669182407474925, 0.4166358800337347, 0.4165799872628206, 0.4165241463837058, 0.41646835799552046, 0.41641262270596263, 0.41635694110218124, 0.4163013137643052, 0.4162457412761242, 0.41619022420212703, 0.4161347631052619, 0.4160793585394483, 0.4160240110445438, 0.41596872116206124, 0.4159134894235852, 0.415858316351858, 0.41580320246486563, 0.41574814826719936, 0.41569315426024145, 0.41563822094129604, 0.4155833487972584, 0.41552853830957015, 0.41547378994955014, 0.41541910418219286, 0.415364481469938, 0.4153099222662473, 0.4152554270177026, 0.41520099616295203, 0.4151466301339139, 0.4150923293590792, 0.415038094259334, 0.41498392524889666, 0.41492982273485185, 0.4148757871178807, 0.41482181879409247, 0.41476791815351466, 0.41471408557952105, 0.4146603213264617, 0.41460662578749935, 0.4145529994279073, 0.414499442608213, 0.41444595568271275, 0.4143925391181964, 0.4143391931440416, 0.4142859180924722, 0.4142327142961122, 0.41417958208183897, 0.41412652177118475, 0.41407353367990923, 0.4140206181184109, 0.41396777539271523, 0.41391500580388213, 0.41386230964769627, 0.413809687214591, 0.4137571387898952, 0.4137046646547616, 0.41365226508579767, 0.4135999403545649, 0.4135476907275098, 0.41349551646659355, 0.4134434178296409, 0.41339139507012934, 0.4133394484367882, 0.41328757817389233, 0.4132357845212651, 0.4131840677148803, 0.4131324279864596, 0.41308086556378804, 0.41302938066981376, 0.4129779735238467, 0.4129266443413915, 0.41287539333428475, 0.41282422070972485, 0.41277312667180655, 0.41272211142031606, 0.4126711751516069, 0.4126203180585325, 0.4125695403302636, 0.41251884215211915, 0.41246822370621383, 0.41241768517113964, 0.41236722672214676, 0.412316848531173, 0.41226655076673585, 0.4122163335940442, 0.4121661971753346, 0.4121161416694638, 0.4120661672326371, 0.41201627401743807, 0.41196646217374955, 0.411916731848318, 0.41186708318516074, 0.41181751632553215, 0.4117680314076416, 0.411718628566703, 0.4116693079356383, 0.41162006964438436, 0.4115709138206298, 0.4115218405890308, 0.41147285007163054, 0.4114239423883033, 0.41137511765629287, 0.4113263759903327, 0.4112777175027596, 0.41122914230357743, 0.4111806505004092, 0.41113224219848726, 0.41108391750155976, 0.4110356765101692, 0.4109875193229707, 0.4109394460366684, 0.41089145674577715, 0.41084355154260305, 0.41079573051767715, 0.410747993759343, 0.4107003413539491, 0.4106527733860392, 0.4106052899331697, 0.4105578910671403, 0.4105105768659658, 0.4104633474059631, 0.41041620276160223, 0.41036914300564026, 0.4103221682089137, 0.4102752784409983, 0.410228473769393, 0.41018175425990955, 0.41013511997726615, 0.4100885709839028, 0.4100421073409502, 0.40999572910826065, 0.40994943634389086, 0.40990322910464266, 0.4098571505171703, 0.4098111157108784, 0.40976516663174517, 0.409719303330426, 0.4096735258568797, 0.4096278342596904, 0.4095822285857956, 0.4095367088807746, 0.4094912751889536, 0.40944592755332326, 0.4094006660154651, 0.40935549061598214, 0.4093104013936801, 0.40926539838651527, 0.40922048163112096, 0.4091756511627373, 0.4091309070158775, 0.40908624922280556, 0.40904167781616574, 0.40899719282589364, 0.4089527942821169, 0.4089084822124887, 0.4088642566448071, 0.40882011760490505, 0.40877606511805153, 0.4087320992081546, 0.4086882198980637, 0.40864442720987065, 0.4086007211643102, 0.40855710178133914, 0.4085135690801361, 0.40847012307826414, 0.40842676379327897, 0.4083834912395384, 0.40834030542845556, 0.4082972063733594, 0.4082541940875009, 0.4082112685844325, 0.40816842987579294, 0.40812567797295496, 0.4080830128858875, 0.40804043462517026, 0.4079979431987182, 0.40795553861494016, 0.4079132208809547, 0.4078709900035229, 0.40782884598888086, 0.40778678884146174, 0.4077448185654699, 0.40770293516529993, 0.4076611386431443, 0.4076194290015516, 0.40757780624183576, 0.4075362703648821, 0.4074948213704643, 0.40745345925754944, 0.40741218402522433, 0.4073709956712932, 0.4073298941926756, 0.4072888795853512, 0.4072479518450749, 0.4072071109668476, 0.40716635694431996, 0.40712568977094404, 0.4070851094396215, 0.4070446159410604, 0.4070042092671301, 0.4069638894084713, 0.40692365635250755, 0.40688351008995904, 0.4068434506081962, 0.4068034778937235, 0.40676359193258677, 0.4067237927117668, 0.40668408021466457, 0.40664445442614383, 0.4066049153285419, 0.40656546290478435, 0.4065260971375352, 0.40648681800621345, 0.4064476254920814, 0.4064085195744985, 0.4063695002312557, 0.4063305674418402, 0.40629172118328133, 0.40625296143092043, 0.40621428816149674, 0.4061757013501806, 0.4061372009705565, 0.4060987870007231, 0.40606045942019264, 0.40602221820313056, 0.4059840633206455, 0.40594599474584087, 0.4059080124482961, 0.4058701163982155, 0.40583230656338787, 0.40579458291356735, 0.4057569454140927, 0.40571939403137575, 0.4056819287325057, 0.405644457406572, 0.40560716597984076, 0.4055699604819836, 0.4055328408694207, 0.40549580709793925, 0.4054588591236674, 0.40542199690098213, 0.4053852203836202, 0.4053485295245532, 0.40531192427591256, 0.40527540458747624, 0.4052389704099649, 0.4052026216916431, 0.4051663589877405, 0.4051301830910182, 0.40509409254519485, 0.40505808729072856, 0.4050221672652716, 0.4049863324071572, 0.4049505826515704, 0.4049149179336542, 0.4048793381864909, 0.524420267790846, 0.4817379932138952, 0.5165081965853674, 0.4242702926181609, 0.43580345943666926, 0.4656319605762737, 0.44436553114279104, 0.42589572909783563, 0.42496648292694894, 0.4249352927545194, 0.43033436150437043, 0.43204993902509015, 0.41927457817395786, 0.4065633876312713, 0.41389044648790085, 0.4266141194994271, 0.4214094492531765, 0.40774400058288973, 0.40584286552170923, 0.4130518743975067, 0.4151158687320228, 0.4118827998207703, 0.4092260371434058, 0.4069774988831723, 0.4062708084158102, 0.4094056449773753, 0.41127080300157515, 0.4073533505208614, 0.40383764953321605, 0.4058575467954521, 0.40835191555685685, 0.40718847489118326, 0.40537304607211605, 0.4049689145186049, 0.4049753433099925, 0.40562159657937935, 0.40627572790161504, 0.40509610037825555, 0.403725906335491, 0.40453237060647457, 0.40552945515197414, 0.4048141615606225, 0.4040424810765378, 0.40412949093389694, 0.4042880234370557, 0.40447398419041475, 0.40443203447007536, 0.4038279674761247, 0.4037002290607545, 0.4042363154166951, 0.404201810644899, 0.40373489847305133, 0.40370493486993586, 0.40383869149370066, 0.40386183103663414, 0.4038383139806724, 0.40362992126779457, 0.40354831391916796, 0.403757330596204, 0.40373308574599454, 0.4035190223780763, 0.4035274790123011, 0.40359004425850215, 0.4035719902617095, 0.4035332361504269, 0.40344560168449084, 0.40345047296703496, 0.4035212787808176, 0.4034497346241887, 0.40337745711308276, 0.40340939384134555, 0.40341049938233503, 0.4033837442126049, 0.4033501682226023, 0.4033227375406509, 0.4033455845010767, 0.4033317608169782, 0.4032798340297459, 0.4032796148323661, 0.4032819374851417, 0.4032603531247204, 0.40324021028545526, 0.4032202105748144, 0.4032200630733682, 0.40321056145394024, 0.40317948005125825, 0.4031711014374774, 0.40316620746369475, 0.4031481584428958, 0.4031319866502981, 0.4031167354320086, 0.4031093414617256, 0.40309635372470126, 0.4030753160883067, 0.40306579845855806, 0.4030551483966125, 0.40303895782537286, 0.40302451152389535, 0.403010953954735, 0.4030003035245746, 0.4029850612358695, 0.4029691244142553, 0.4029582952513601, 0.4029444769815404, 0.40292963126518183, 0.40291566476947815, 0.4029025023667076, 0.4028894867716684, 0.40287397678494, 0.402860410109342, 0.40284744304319753, 0.4028327436565228, 0.4028185322722969, 0.4028045065014733, 0.40279095138219917, 0.40277639457308817, 0.40276178901296583, 0.4027482187749966, 0.40273376000471867, 0.40271923226077705, 0.4027048813472025, 0.4026906894241481, 0.40267624153236525, 0.40266142745032135, 0.40264718831637647, 0.4026326418596696, 0.40261788950215993, 0.4026032516259698, 0.4025886417588152, 0.40257396204393636, 0.4025590225401609, 0.40254433247951393, 0.4025295299397469, 0.40251456797691887, 0.40249965269884264, 0.4024847282639293, 0.4024697620037681, 0.4024546435257326, 0.40243962736025374, 0.4024245412048741, 0.40240935907823094, 0.4023941820084769, 0.4023789839858884, 0.40236374347213316, 0.40234841557030343, 0.40233312537278826, 0.4023177722019937, 0.4023023643617814, 0.4022869400907289, 0.4022714920295154, 0.40225599870558887, 0.4022404548352698, 0.4022249141308663, 0.40220931773346996, 0.40219368765290137, 0.40217803104085287, 0.4021623494284474, 0.4021466235362265, 0.40213086781559915, 0.40211509371287096, 0.40209927529759765, 0.402083429910715, 0.40206755617846335, 0.40205165544341687, 0.4020357161092944, 0.4020197547617112, 0.4020037641986066, 0.4019877407099818, 0.4019716904655308, 0.40195561370790606, 0.40193950768386555, 0.4019233715680638, 0.40190721263622015, 0.40189102340154165, 0.40187480736378106, 0.40185856510226015, 0.4018422977375756, 0.4018260017518369, 0.40180968145469453, 0.40179333585758564, 0.4017769638160553, 0.4017605668736597, 0.40174414571881467, 0.40172769955236326, 0.40171122852184415, 0.4016947345077266, 0.40167821584777647, 0.40166167360315386, 0.4016451081441014, 0.40162851989887793, 0.40161190806479846, 0.40159527421235097, 0.40157861781896964, 0.40156193914510996, 0.4015452385066743, 0.4015285164839795, 0.40151177270082833, 0.40149500784787207, 0.4014782220992916, 0.40146141546124653, 0.4014445882585623, 0.40142774091525024, 0.4014108734182274, 0.4013939860226337, 0.40137707913355347, 0.40136015277841824, 0.401343207197749, 0.40132624269887296, 0.40130925947781787, 0.4012922576707709, 0.40127523762909534, 0.4012581994531633, 0.40124114336890354, 0.40122406962636686, 0.40120697845120196, 0.40118986997001205, 0.4011727444861233, 0.4011556021573643, 0.40113844317545727, 0.40112126775253915, 0.4011040761268566, 0.4010868684525001, 0.4010696449690736, 0.40105240584985113, 0.40103515129001477, 0.40101788149137607, 0.4010005966664442, 0.4009832969786194, 0.40096598264662053, 0.4009486538541149, 0.40093131078051575, 0.400913953614718, 0.4008965825610446, 0.40087919779335784, 0.40086179950353906, 0.4008443878704611, 0.40082696307457727, 0.4008095253000315, 0.4007920747311751, 0.40077461154087646, 0.40075713591345535, 0.4007396480248516, 0.4007221480435314, 0.40070463614649854, 0.40068711251184475, 0.4006695773101942, 0.40065203071109523, 0.4006344728846226, 0.40061690399732064, 0.4005993242189859, 0.4005817337150941, 0.40056413265170643, 0.4005465211936772, 0.40052889950339093, 0.40051126773883305, 0.4004936260636265, 0.4004759746385087, 0.400458313621238, 0.40044064316829586, 0.40042296343604755, 0.4004052745790409, 0.4003875767515559, 0.40036987010629727, 0.4003521547961443, 0.400334430971772, 0.4003166987811312, 0.40029895837250123, 0.40028120989454785, 0.4002634534937901, 0.4002456893148638, 0.4002279175021169, 0.40021013819836215, 0.40019235154553034, 0.4001745576843438, 0.4001567567554751, 0.40013894889809193, 0.40012113424924606, 0.4001033129450908, 0.4000854851220192, 0.4000676509149329, 0.4000498104572356, 0.4000319638814632, 0.4000141113193264, 0.39999625290104973, 0.3999783887560154, 0.3999605190131051, 0.3999426438000565, 0.3999247632430403, 0.3999068774671554, 0.3998889865970769, 0.3998710907564428, 0.39985319006753506, 0.3998352846519486, 0.39981737463021233, 0.39979946012163575, 0.39978154124450876, 0.3997636181166095, 0.3997456908546539, 0.3997277595741568, 0.3997098243893905, 0.399691885414245, 0.3996739427613185, 0.3996559965423497, 0.3996380468681764, 0.3996200938486588, 0.3996021375924789, 0.3995841782075313, 0.39956621580095475, 0.39954825047881165, 0.3995302823461761, 0.39951231150716543, 0.3994943380650753, 0.3994763621222219, 0.39945838377999227, 0.39944040313898127, 0.39942242029878083, 0.3994044353579931, 0.3993864484143146, 0.39936845956472716, 0.39935046890522335, 0.39933247653084236, 0.3993144825357643, 0.3992964870132839, 0.39927849005579025, 0.39926049175482237, 0.39924249220109426, 0.3992244914843725, 0.39920648969350836, 0.39918848691653835, 0.3991704832406985, 0.3991524787522885, 0.3991344735367658, 0.39911646767874137, 0.3990984612619701, 0.3990804543693308, 0.39906244708290756, 0.39904443948399, 0.3990264316529082, 0.3990084236692231, 0.39899041561166454, 0.3989724075581334, 0.3989543995857412, 0.39893639177073975, 0.39891838418855907, 0.39890037691383673, 0.398882370020362, 0.3988643635812318, 0.3988463576686076, 0.39882835235393227, 0.39881034770780327, 0.3987923438000516, 0.39877434069977064, 0.3987563384751612, 0.39873833719374274, 0.39872033692219805, 0.3987023377263837, 0.39868433967152794, 0.3986663428220313, 0.3986483472414663, 0.39863035299267885, 0.39861236013777857, 0.39859436873814824, 0.39857637885432046, 0.3985583905462092, 0.39854040387285106, 0.3985224188926093, 0.39850443566320287, 0.39848645424139667, 0.3984684746834352, 0.3984504970445958, 0.3984325213797986, 0.3984145477429657, 0.39839657618720553, 0.3983786067653044, 0.39836063952892714, 0.39834267452927236, 0.39832471181678225, 0.39830675144122907, 0.3982887934515501, 0.39827083789613593, 0.39825288482259963, 0.39823493427794204, 0.39821698630844665, 0.3981990409597117, 0.3981810982766176, 0.3981631583033757, 0.39814522108371425, 0.39812728666040426, 0.3981093550757348, 0.398091426371372, 0.39807350058806373, 0.3980555777662253, 0.3980376579453813, 0.39801974116458216, 0.39800182746215196, 0.3979839168757779, 0.39796600944251054, 0.397948105198741, 0.3979302041803354, 0.3979123064224311, 0.3978944119595251, 0.3978765208255359, 0.39785863305378305, 0.39784074867704844, 0.3978228677272208, 0.3978049902359611, 0.39778711623399265, 0.3977692457516724, 0.3977513788186787, 0.39773351546399244, 0.397715655716123, 0.3976977996029969, 0.39767994715198635, 0.39766209838969613, 0.39764425334235914, 0.3976264120355248, 0.3976085744942411, 0.39759074074295153, 0.39757291080547985, 0.3975550847050691, 0.3975372624646525, 0.3975194441063133, 0.39750162965174146, 0.39748381912196007, 0.3974660125377499, 0.3974482099188384, 0.3974304112848978, 0.39741261665458755, 0.39739482604667287, 0.39737703947885394, 0.3973592569685201, 0.3973414785323776, 0.39732370418695223, 0.39730593394783414, 0.397288167830351, 0.3972704058494274, 0.3972526480191187, 0.3972348943533003, 0.3972171448651458, 0.3971993995674766, 0.3971816584724262, 0.3971639215920032, 0.3971461889372771, 0.3971284605190931, 0.3971107363479387, 0.3970930164333417, 0.3970753007850154, 0.3970575894114694, 0.39703988232139903, 0.39702217952261926, 0.39700474277672004, 0.396987050605083, 0.39696936275960976, 0.3969516792475844, 0.39693400007486696, 0.3969163252463231, 0.3968986547679419, 0.3968809886439109, 0.3968633268782101, 0.39684566947490835, 0.3968280164373354, 0.39681036776795564, 0.3967927234696434, 0.3967750835442281, 0.396757447993139, 0.3967398168177002, 0.3967221900186005, 0.3967045675961576, 0.39668694955029177, 0.3966693358804189, 0.396651726585775, 0.3966341216648971, 0.39661652111620627, 0.396598924937515, 0.39658133312628474, 0.3965637456797934, 0.3965461625946967, 0.3965285838672251, 0.39651100949346874, 0.39649343946899923, 0.3964758737889058, 0.3964583124481786, 0.39644075544124335, 0.39642320276212556, 0.396405654404651, 0.39638811036218247, 0.3963705706277297, 0.3963530351939154, 0.3963355040531232, 0.39631797719729067, 0.3963004546179986, 0.39628293630652567, 0.39626542225388417, 0.39624791245059837, 0.39623040688691075, 0.39621290555274996, 0.3961954084377441, 0.39617791553114984, 0.3961604268219046, 0.3961429422985796, 0.5837057974243504, 0.4218100761180788, 0.5770623945647105, 0.4868438238418568, 0.40121043005529433, 0.44604657503472045, 0.48768859833485384, 0.4544051151201767, 0.40682265122231487, 0.4076718419012021, 0.44012888181537685, 0.4486624075253109, 0.42085026050573665, 0.396974914040387, 0.4056254520892072, 0.4266153054998048, 0.4255401010244739, 0.4058618156140368, 0.39559125731028183, 0.4048828743177364, 0.4158516206425702, 0.41194025961065023, 0.3998072880937171, 0.3959653781432882, 0.4031620875988617, 0.4084466057300448, 0.40375845303510016, 0.3966050675658835, 0.396754090537727, 0.4019917546024537, 0.4032822310205173, 0.3988522021607629, 0.39554858765799356, 0.3975685561278441, 0.4005455283921377, 0.3993619730663809, 0.3961547099587283, 0.3958511545761905, 0.3980799926726533, 0.3986347522499034, 0.39666944584780683, 0.3954708712214613, 0.3965900854175997, 0.3976055345915119, 0.396685888286355, 0.395503377861186, 0.39588806363453843, 0.3967739389696316, 0.39645462212328547, 0.39554704428491944, 0.3955786207891737, 0.3962265584363056, 0.39615757552878716, 0.3955216127918316, 0.39545161840603577, 0.3958932692922884, 0.3958936902731878, 0.3954598675235388, 0.395389411664717, 0.39568683467925536, 0.39568413854608714, 0.39538785456516545, 0.39535233051577096, 0.3955505683338032, 0.39552535544906087, 0.3953239615553427, 0.3953219231379326, 0.3954513312182984, 0.39540484937616055, 0.3952707063389518, 0.3952948385049462, 0.39537187758380765, 0.3953113995068327, 0.39523001725592216, 0.3952674805866508, 0.39530139577986, 0.39523867702591564, 0.39519994846075535, 0.39523618703321, 0.39523644718527323, 0.3951843564227042, 0.39517508849773875, 0.3951984245859098, 0.3951785307810271, 0.3951440861665796, 0.3951496394665445, 0.3951558600448672, 0.3951291990413477, 0.39511254438485904, 0.39512009131897724, 0.3951114246970142, 0.39508860816905317, 0.39508444110716484, 0.39508519107506873, 0.3950688855395764, 0.39505527434578264, 0.3950546672651018, 0.3950467014141817, 0.395031221659344, 0.39502496362556383, 0.3950209770659082, 0.3950085110653795, 0.39499796517598357, 0.39499355026174443, 0.39498475336810585, 0.3949729916886492, 0.39496628624220365, 0.39495954090189334, 0.39494865353472536, 0.3949399137301499, 0.39493344787105705, 0.39492401350166834, 0.3949142977883357, 0.39490713719635306, 0.394898787154667, 0.39488899057688465, 0.3948809462684589, 0.39487306233973013, 0.394863623859508, 0.39485492911265624, 0.39484703727400955, 0.39483801462726903, 0.39482898487443624, 0.394820851178641, 0.39481211912244, 0.3948029936667206, 0.39479456999234935, 0.3947859667849732, 0.3947768654353532, 0.3947681947005938, 0.39475959567474156, 0.39475055202693704, 0.39474170504782563, 0.39473303812934435, 0.394724036558032, 0.3947150725703785, 0.39470630647788557, 0.39469731659088353, 0.394688276513692, 0.3946794056326393, 0.3946703978038768, 0.3946613019421142, 0.3946523313315071, 0.39464328413061334, 0.39463414084576115, 0.39462508034278976, 0.3946159800171294, 0.39460678916564684, 0.39459764747285003, 0.39458848613191166, 0.3945792454966789, 0.3945700302167446, 0.3945608038043736, 0.39455151002408023, 0.394542225631111, 0.394532932454069, 0.39452358318049646, 0.39451423281035214, 0.39450487286412533, 0.3944954658426967, 0.3944860508852031, 0.39447662479058115, 0.39446715860215775, 0.3944576803775405, 0.3944481890642427, 0.394438662564491, 0.39442912169891925, 0.3944195658832333, 0.3944099787362395, 0.394400375952559, 0.39439075644498783, 0.3943811085080394, 0.39437144406254715, 0.39436176163264547, 0.39435205312623156, 0.3943423275257773, 0.39433258301598656, 0.3943228141096681, 0.394313027731453, 0.39430322187075445, 0.39429339301324356, 0.39428354644833463, 0.39427367996024826, 0.39426379158953717, 0.39425388529231764, 0.39424395891013114, 0.394234011621285, 0.3942240461956604, 0.39421406067264964, 0.39420405497769406, 0.3941940309958967, 0.39418398707963315, 0.39417392361569237, 0.39416384175748703, 0.3941537401715765, 0.3941436195297589, 0.39413348043682744, 0.3941233219388744, 0.39411314479095194, 0.39410294917101224, 0.3940927344865859, 0.3940825014527156, 0.394072250015704, 0.3940619798903244, 0.3940516916601421, 0.3940413851378175, 0.3940310602747108, 0.3940207175123517, 0.39401035663858347, 0.39399997776926754, 0.39398958117599325, 0.3939791666833934, 0.39396873449842224, 0.3939582847656503, 0.3939478173925808, 0.39393733260144975, 0.39392683044170895, 0.39391631090263385, 0.39390577418920275, 0.3938951942237528, 0.39388462316150813, 0.39387403514967684, 0.39386343018691916, 0.3938528083791953, 0.3938421698343305, 0.3938315145705982, 0.3938208427082069, 0.39381015431587146, 0.39379944944010875, 0.39378872819685656, 0.3937779906371414, 0.39376723683185144, 0.39375646687807747, 0.39374568082274775, 0.3937348787527402, 0.3937240607471093, 0.3937132268610554, 0.3937023771831921, 0.39369151177790473, 0.3936806307114154, 0.39366973406716704, 0.39365882190528967, 0.3936478942991798, 0.3936369513222466, 0.3936259930352483, 0.39361501951435895, 0.3936040308262648, 0.39359302703579446, 0.3935820082155732, 0.3935709744276162, 0.3935599257403916, 0.39354886222217367, 0.3935377839352214, 0.3935266909475731, 0.3935155833226993, 0.393504461123883, 0.3934933244177754, 0.39348217326578766, 0.3934710077317208, 0.3934598278785083, 0.39344863376671224, 0.3934374254597954, 0.39342620301831366, 0.39341496650291957, 0.39340371597464513, 0.39339245149219876, 0.3933811731159158, 0.39336988090489944, 0.3933585749173728, 0.393347255211895, 0.39333592184550653, 0.39332457487574696, 0.393313216429531, 0.39330184246577793, 0.39329045506832067, 0.39327905429230064, 0.39326764019275656, 0.3932562128245996, 0.3932447722417121, 0.3932333184978171, 0.39322185164589385, 0.3932103717384619, 0.3931988788279435, 0.39318737296589285, 0.3931758542033805, 0.39316432259077094, 0.3931527781777739, 0.39314122101392707, 0.3931296511476512, 0.39311806862676346, 0.3931064734981351, 0.3930948658078449, 0.3930832456012279, 0.39307161292255244, 0.3930599678151807, 0.39304831032163096, 0.39303664048369596, 0.39302495834310425, 0.39301326394174313, 0.3930015573222833, 0.39298983852901015, 0.3929781076080946, 0.39296636460726764, 0.39295460957469325, 0.39294284255712486, 0.39293106359852614, 0.3929192727402508, 0.3929074700214379, 0.3928956554811885, 0.3928838291602124, 0.39287199110100113, 0.39286014134785385, 0.3928482799464934, 0.39283640694295147, 0.39282452238313276, 0.39281262631250385, 0.39280071877565687, 0.3927887998163047, 0.39277686947707996, 0.3927649277998674, 0.39275297482560645, 0.3927410105945208, 0.39272903514599605, 0.3927170485188174, 0.3927050507511564, 0.39269304188069915, 0.3926810219444208, 0.3926689909790278, 0.3926569490206566, 0.39264489610505093, 0.3926328322675893, 0.39262075754319364, 0.39260867196642324, 0.39259657557153693, 0.39258446839241345, 0.39257235046256755, 0.3925602218152204, 0.39254808248320666, 0.3925359324992087, 0.39252377189529797, 0.3925116007035541, 0.3924994189555184, 0.3924872266825426, 0.3924750239156195, 0.39246281068554095, 0.3924505870226621, 0.39243835295712404, 0.39242610851882825, 0.39241385373727344, 0.3924015886418049, 0.3923893132613378, 0.39237702762456794, 0.3923647317599535, 0.39235242569563344, 0.3923401094594645, 0.3923277830790285, 0.3923154465816221, 0.39230309999429364, 0.3922907433438356, 0.3922783766567186, 0.3922659999591531, 0.39225361327705793, 0.39224121663625405, 0.3922288100620515, 0.3922163935796267, 0.3922039672138648, 0.39219153098947984, 0.39217908493075415, 0.392166629061822, 0.39215416340659054, 0.3921416879885791, 0.39212920283119834, 0.3921167079574712, 0.39210420339027796, 0.39209168915218306, 0.392079165265576, 0.39206663175248324, 0.39205408863466434, 0.39204153593388097, 0.39202897367130823, 0.3920164018681518, 0.3920038205451959, 0.3919912297230546, 0.39197862942213924, 0.3919660196625273, 0.39195340046406907, 0.39194077184649684, 0.39192813382912806, 0.39191548643116114, 0.3919028296715393, 0.39189016356897705, 0.3918774881419049, 0.3918648034085859, 0.3918521093870036, 0.39183940609498724, 0.3918266935500075, 0.3918139717694496, 0.39180124077031137, 0.3917885005695542, 0.39177575118372465, 0.39176299262934616, 0.3917502249225427, 0.39173744807927574, 0.39172466211531015, 0.3917118670462052, 0.39169906288724954, 0.3916862496535096, 0.39167342735989147, 0.39166059602101305, 0.39164775565136245, 0.3916349062651474, 0.3916220478763311, 0.39160918049881865, 0.39159630414613394, 0.39158341883165265, 0.39157052456854297, 0.3915576213698147, 0.3915447092481425, 0.3915317882161137, 0.39151885828605654, 0.3915059194701223, 0.39149297178018166, 0.39148001522798287, 0.3914670498251004, 0.3914540755827723, 0.39144109251214376, 0.391428100624147, 0.3914150999294596, 0.3914020904386369, 0.3913890721619282, 0.3913760451095317, 0.39136300929131485, 0.39134996471707056, 0.3913369113962407, 0.391323849338224, 0.39131077855213287, 0.3912976990469394, 0.39128461083139077, 0.39127151391406234, 0.39125840830330727, 0.3912452940073503, 0.391232171034167, 0.391219039391534, 0.39120589908714704, 0.39119275012839566, 0.39117959252250695, 0.3911664262765757, 0.39115325139747215, 0.39114006789189393, 0.3911268757663566, 0.3911136750271689, 0.39110046568045026, 0.3910872477322279, 0.3910740211882499, 0.39106078605411443, 0.39104754233521266, 0.3910342900368798, 0.391021029164124, 0.3910077597217979, 0.3909944817146877, 0.39098119514725344, 0.39096790002393916, 0.39095459634884, 0.3909412841260155, 0.39092796335930624, 0.39091463405234356, 0.390901296208629, 0.3908879498314949, 0.3908745949240734, 0.3908612314893197, 0.3908478595300819, 0.3908344790489465, 0.39082109004839777, 0.3908076925307293, 0.3907942864980761, 0.3907808719523928, 0.3907674488954798, 0.3907540173289464, 0.39074057725426053, 0.3907271286727234, 0.390713671585458, 0.3907002059934257, 0.39068673189743736, 0.390673249298113, 0.3906597581959355, 0.39064625859121577, 0.3906327504841141, 0.3906192338745978, 0.3906057087625046, 0.39059217514751715, 0.3905786330291232, 0.39056508240666704, 0.39055152327932857, 0.3905379556461487, 0.39052437950601077, 0.39051079485762, 0.39049720169950014, 0.3904836000300769, 0.3904699898476029, 0.39045637115012677, 0.6477945702212508, 0.3937511856144626, 0.5714749770115326, 0.5528553685640101, 0.42526806325387445, 0.39764596401823904, 0.4723962132634139, 0.49554744069199524, 0.4392973376914147, 0.3926289899658046, 0.40581596638387835, 0.44314057140876045, 0.44873031058627055, 0.4190075875796752, 0.39238188927805845, 0.3968980323300238, 0.4189795179026514, 0.4253144757578044, 0.4087888665551409, 0.3919774804701651, 0.3933643729617664, 0.4062475673947208, 0.4113882299311095, 0.4025689558178575, 0.39172497722698196, 0.3914843866111293, 0.39941709815540327, 0.4030021791294306, 0.39747628767771565, 0.3908228363179165, 0.39115739665794536, 0.39615942191409703, 0.39783825008192475, 0.394005815478163, 0.39020800717726956, 0.3911145067440687, 0.39427896814244767, 0.39452745194299615, 0.39165688435216456, 0.38993111920611595, 0.39129632253990726, 0.39299185503408407, 0.3922778143671452, 0.3903733302823671, 0.39005600273229146, 0.39133503040565104, 0.3918430155394271, 0.39078032875317253, 0.38988783223431034, 0.3903626368803506, 0.3911062226425208, 0.3908031363160975, 0.39000120946014166, 0.3899510255165785, 0.3905110265190583, 0.3905909656300395, 0.3900674043161263, 0.3898264663421866, 0.390145192647867, 0.3903379657343398, 0.3900500271093125, 0.3897926587939979, 0.38994375147965515, 0.3901288365425366, 0.38998206765821025, 0.3897737645510283, 0.38983669922486724, 0.3899773154548374, 0.38990233515339556, 0.3897500940312913, 0.3897736547826121, 0.38987126574409864, 0.38982756280359077, 0.38972078814872935, 0.3897311329066126, 0.3897951541949187, 0.38976340786336455, 0.38968974137675116, 0.38969712733542466, 0.3897370499874768, 0.38970920320079083, 0.3896591366780155, 0.38966704780912503, 0.38968933200064465, 0.3896631446618152, 0.38963017579223713, 0.38963825597331336, 0.3896475732257921, 0.3896232647394111, 0.3896027500269955, 0.38960960814669254, 0.3896094341238573, 0.3895880837837156, 0.38957629375856545, 0.3895803925151071, 0.38957377505671376, 0.3895563371864983, 0.3895500602721674, 0.38955036873606924, 0.38954012245105113, 0.3895269879750043, 0.3895232764272547, 0.38951964024341384, 0.38950828999473325, 0.38949896095684816, 0.38949543100992867, 0.3894886249218745, 0.389478019606161, 0.389471239509197, 0.38946640358951323, 0.3894578081548298, 0.38944882086219396, 0.3894430299470104, 0.38943645651818315, 0.3894275105609507, 0.38942001824608463, 0.38941391339327824, 0.38940607188208376, 0.38939771226123815, 0.3893909353568334, 0.389383922383256, 0.38937566441515725, 0.3893680613746996, 0.38936116101692825, 0.38935337987223095, 0.38934535192625613, 0.3893381022748828, 0.38933065755516405, 0.3893226110894, 0.3893149457563958, 0.3893075408899041, 0.3892996459707094, 0.3892917159890134, 0.38928414672283435, 0.3892763710925449, 0.38926834509937563, 0.3892605558285235, 0.3892527908255276, 0.3892447598714947, 0.3892367889956177, 0.3892289431033653, 0.38922091997459013, 0.38921283056286493, 0.3892048613783898, 0.3891968177576576, 0.38918865634316835, 0.38918056119094363, 0.38917246203066197, 0.3891642489904912, 0.3891560442913029, 0.38914786538399154, 0.38913960167433176, 0.389131306094337, 0.38912303684539234, 0.38911471465706154, 0.3891063416422051, 0.3890979814529217, 0.3890895919053588, 0.38908114818511036, 0.38907270104505093, 0.3890642377125291, 0.38905572527970167, 0.3890471963248365, 0.3890386560103954, 0.38903007431669767, 0.3890214677511609, 0.38901284963993665, 0.3890041973918553, 0.3889955161728044, 0.3889868209694562, 0.38897809704153496, 0.38896934290287055, 0.3889605718553952, 0.3889517756012793, 0.38894294956562026, 0.38893410411320545, 0.3889252354186189, 0.38891633805704, 0.38890741944570545, 0.38889847854345894, 0.3888895102870016, 0.3888805196325865, 0.38887150702950996, 0.3888624682490329, 0.3888534064348929, 0.388844322725384, 0.3888352138288594, 0.38882608164868504, 0.38881692750477936, 0.38880774893220055, 0.3887985470453669, 0.38878932310963366, 0.3887800753417702, 0.38877080437631695, 0.38876151130326875, 0.38875219484537044, 0.38874285536098796, 0.3887334937516597, 0.388724109119004, 0.38871470167343225, 0.3887052721275056, 0.38869581984145773, 0.38868634495258436, 0.38867684802007907, 0.3886673285961711, 0.3886577867861187, 0.3886482230153915, 0.38863863696374473, 0.38862902872451865, 0.3886193986256984, 0.38860974644409313, 0.38860007227083193, 0.3885903763517133, 0.38858065852751184, 0.38857085260092394, 0.38856109130713157, 0.388551308287793, 0.38854150363095274, 0.38853167748126133, 0.38852182976571453, 0.3885119605742273, 0.38850207001854303, 0.38849215805771015, 0.388482224779588, 0.3884722702664723, 0.3884622944975643, 0.3884522975581955, 0.3884422795140699, 0.3884322403641269, 0.3884221801879748, 0.38841209903486845, 0.38840199691661065, 0.3883918739078149, 0.38838173005054416, 0.38837156536843326, 0.38836137992819586, 0.38835117376440814, 0.38834094690822935, 0.38833069942057014, 0.3883204313342437, 0.3883101426863326, 0.3882998335302942, 0.38828950389654315, 0.38827915382543615, 0.38826878336532755, 0.3882583925478938, 0.38824798141489636, 0.38823755000889837, 0.38822709836156705, 0.38821662651493033, 0.38820613450842795, 0.38819562237538574, 0.38818509015653163, 0.3881745378875418, 0.38816396560236055, 0.3881533733404621, 0.3881427611361938, 0.3881321290241715, 0.3881214770413862, 0.38811080522055535, 0.3881001135962357, 0.3880894022039051, 0.3880786710758184, 0.388067920246094, 0.388057149747959, 0.38804635961299394, 0.3880355498745109, 0.38802472056466736, 0.38801387171465346, 0.3880030033566835, 0.38799211552122226, 0.3879812082389943, 0.3879702815411484, 0.3879593354574727, 0.3879483700180018, 0.387937385252483, 0.38792638118975087, 0.3879153578591467, 0.3879043152893606, 0.3878932535087067, 0.38788217254548835, 0.3878710724272981, 0.38785995318164357, 0.38784881483593137, 0.3878376574170662, 0.38782648095173644, 0.38781528546630056, 0.38780407098677433, 0.38779283753906396, 0.38778158514874905, 0.3877703138410364, 0.38775902364097026, 0.3877477058555236, 0.38773637794089627, 0.3877250312081294, 0.3877136656812994, 0.3877022813838737, 0.3876908783391823, 0.387679456570315, 0.3876680161001554, 0.3876565569512198, 0.38764507914581636, 0.38763358270604004, 0.38762206765354695, 0.38761053400992457, 0.38759898179645663, 0.38758741103415234, 0.3875758217437459, 0.38756421394574675, 0.3875525876604341, 0.3875409429077663, 0.3875292797075454, 0.38751759807926045, 0.3875058980421702, 0.3874941796152714, 0.3874824428174005, 0.38747068766708936, 0.3874589141825211, 0.38744712238183987, 0.3874353122828031, 0.38742348390299886, 0.387411637259736, 0.38739977237019474, 0.38738788925115347, 0.38737598791923183, 0.38736406839081283, 0.3873521306821527, 0.3873401748090324, 0.38732820078730834, 0.38731620863236577, 0.38730419835937036, 0.38729216998348015, 0.38728012351937396, 0.3872680589816667, 0.38725597638461884, 0.3872438757423984, 0.3872317570689012, 0.38721962037775925, 0.387207465682369, 0.3871952929960964, 0.3871831023317403, 0.3871708937022772, 0.3871586671201296, 0.3871464225977567, 0.38713416014717, 0.3871218797803611, 0.38710958150898667, 0.38709726534457595, 0.38708493129841753, 0.387072579381463, 0.3870602096046301, 0.38704782197850685, 0.38703541651360324, 0.38702299322008304, 0.387010552107918, 0.3869980931869772, 0.38698561646673363, 0.3869731219567372, 0.3869606096660274, 0.3869480796035764, 0.38693553177821083, 0.3869229661984736, 0.3869103828726052, 0.3868977818089212, 0.38688516301535697, 0.38687252649950316, 0.38685987226902, 0.3868472003312412, 0.3868345106933548, 0.3868218033622037, 0.38680907834454104, 0.3867963356469611, 0.38678357527578283, 0.386770797237179, 0.38675800153713064, 0.3867451881812911, 0.38673235717530424, 0.3867195085244712, 0.38670664223403295, 0.3866937583088965, 0.38668085675385994, 0.38666793757351225, 0.38665500077224196, 0.38664204635420707, 0.386629074323513, 0.3866160846839128, 0.38660307743900046, 0.3865900525922521, 0.38657701014693296, 0.38656395010593614, 0.3865508724723545, 0.3865377772487097, 0.38652466443751554, 0.38651153404109767, 0.3864983860616072, 0.38648522050074524, 0.38647203736044927, 0.38645883664213193, 0.38644561834728197, 0.3864323824769979, 0.38641912903229725, 0.3864058580138483, 0.3863925694224791, 0.3863792632584268, 0.38636593952202636, 0.3863525982132923, 0.3863392393321362, 0.3863258628782553, 0.38631246885117093, 0.3862990572501383, 0.3862856280742273, 0.386272181322659, 0.38625871699392, 0.38624523508678094, 0.3862317355996396, 0.38621821853063715, 0.38620468387791607, 0.38619113163924756, 0.3861775618124402, 0.38616397439487044, 0.38615036938391883, 0.38613674677674525, 0.3861231065703654, 0.38610944876147923, 0.3860957733466657, 0.38608208032246283, 0.3860683696850614, 0.3860546414305025, 0.386040895554725, 0.3860271320533926, 0.3860133509222038, 0.385999552156275, 0.38598573575091794, 0.3859719017011037, 0.3859580500016497, 0.3859441806472766, 0.3859302936323925, 0.38591638895126673, 0.3859024665980366, 0.38588852656677325, 0.3858745688510164, 0.38586059344438384, 0.38584660034045476, 0.3858325895324086, 0.38581856101316225, 0.38580451477575295, 0.38579045081296215, 0.38577636911703367, 0.3857622696806286, 0.38574815249579575, 0.3857340175544662, 0.3857198648485648, 0.38570569436974195, 0.385691506109514, 0.38567730005926165, 0.38566307620986484, 0.3856488345523148, 0.3856345750779356, 0.38562029777665324, 0.3856060026391237, 0.38559168965572516, 0.38557735881650745, 0.38556301011135863, 0.38554864353001334, 0.38553425906209243, 0.3855198566969776, 0.38550543642382223, 0.3854909982316641, 0.38547654210944865, 0.3854620680459142, 0.3854475760295228, 0.3854330660486793, 0.38541853809171994, 0.38540399214603077, 0.3853894282001009, 0.3853748462413129, 0.3853602462572798, 0.3853456282352051, 0.38533099216230565, 0.38531633802536464, 0.3853016658115903, 0.3852869755071096, 0.38527226709870416, 0.38525754057269174, 0.3852427959148534, 0.38522803311132603, 0.38521325214788676, 0.3851984530099349, 0.3851836356830758, 0.3851688001526265, 0.38515394640335127, 0.38513907442033585, 0.3851241841882397, 0.3851092756917503, 0.38509434891508304, 0.3850794038424022, 0.38506444045782756, 0.38504945874505486, 0.38503445868795916, 0.3850194402700815, 0.6375565662723486, 0.38749035803814424, 0.5568740871629139, 0.5475027064742922, 0.42468490882622656, 0.3892916000861156, 0.45849346541953556, 0.48854306173892437, 0.43852920975009063, 0.38946892921340354, 0.39609096579630804, 0.43199838757602715, 0.44284273343822894, 0.41767162787068135, 0.3894038588572204, 0.3885436785707496, 0.4088639330628382, 0.4192019559904768, 0.4066064898813058, 0.388812399240795, 0.38613801780938994, 0.39733135694077554, 0.4051124576120531, 0.3994743101924968, 0.38831029603753947, 0.3849909663754661, 0.3913839049744448, 0.3969223410922352, 0.3938631698837805, 0.3868645591114739, 0.3848492089499976, 0.3889031595777896, 0.39216186342069503, 0.3899947217318914, 0.38568642214543997, 0.3848621638614709, 0.3876484564415424, 0.38926696735671307, 0.3873489526892362, 0.384849405972651, 0.38505916852323824, 0.3869478318050008, 0.38732044785559, 0.3856925290121081, 0.38453589161539026, 0.3852601050280804, 0.38631294790579196, 0.3859202333920965, 0.3847732598743155, 0.38459271297039294, 0.38535911865607536, 0.38562896908688327, 0.3849722677404126, 0.38446757289854716, 0.3847870375799813, 0.3852035116567958, 0.38496358089584426, 0.38449636064902426, 0.3845275943320908, 0.3848583107811601, 0.3848429532219211, 0.38451622404636726, 0.3844231110157191, 0.38463249652809756, 0.38469894862044446, 0.38449670722186613, 0.3843795000342626, 0.3844976075348072, 0.3845746082323416, 0.384454577962792, 0.38435196912246306, 0.38441582875679203, 0.38447852738715355, 0.3844048002915121, 0.3843268294644938, 0.384362449113619, 0.38440588174910056, 0.38435681614477823, 0.38430122196464, 0.38432271260350004, 0.3843495658761656, 0.38431337015369044, 0.38427525272155366, 0.38428970284061403, 0.3843036561157725, 0.38427475176500514, 0.3842495164569726, 0.3842596998593781, 0.3842640772848112, 0.38424010594761987, 0.3842241976552105, 0.3842308909071278, 0.38422834739929496, 0.3842086248844119, 0.3841990601234485, 0.38420222339460197, 0.38419513611184697, 0.38417940309407894, 0.38417368630650855, 0.3841732990050943, 0.38416371440542973, 0.3841516349744251, 0.38414767440074493, 0.3841440182494242, 0.38413363382903076, 0.38412459261507226, 0.38412074896338483, 0.3841144878775544, 0.3841045794968117, 0.3840976111428768, 0.384092801376567, 0.38408494546509614, 0.3840761745956016, 0.38407013741298107, 0.3840639783406922, 0.38405557606755497, 0.38404794869367964, 0.3840418611796044, 0.3840345718554237, 0.3840263829027302, 0.38401944431311735, 0.3840127397044166, 0.38400486954237, 0.383997187253078, 0.38399032950953504, 0.38398293908043307, 0.3839750249477831, 0.38396769604128045, 0.3839604947849638, 0.38395269948759925, 0.3839449874844389, 0.38393766252554096, 0.3839300363185682, 0.38392216221841546, 0.3839145816120574, 0.3839070040188954, 0.3838991190055344, 0.38389131056555337, 0.383883650477509, 0.38387578925952665, 0.3838678388793935, 0.38386003012345765, 0.38385215573881176, 0.3838441318182536, 0.3838361711775995, 0.38382823206682737, 0.38382016206227654, 0.3838120767384123, 0.3838040388279502, 0.3837959192883355, 0.3837877381330237, 0.38377959004623663, 0.3837714051720043, 0.3837631460951431, 0.3837548917033709, 0.38374662665116693, 0.383738295573613, 0.38372994406154565, 0.3837215901763004, 0.3837131858048481, 0.3837047457497614, 0.38369630037153724, 0.3836878186775942, 0.3836792954946397, 0.38367075964352854, 0.38366219693691206, 0.3836535931420882, 0.3836449693148744, 0.3836363233036003, 0.38362763946241185, 0.3836189301615278, 0.3836101999435645, 0.3836014357417865, 0.38359264295724366, 0.38358382866128765, 0.3835749836027143, 0.38356610862297913, 0.3835572108166975, 0.3835482845456903, 0.3835393282156831, 0.3835303477125871, 0.38352134013041805, 0.3835123029133858, 0.3835032404467814, 0.3834941516675032, 0.3834850339191208, 0.3834758901925668, 0.38346672048085095, 0.3834575224489545, 0.38344829802039543, 0.38343904771926274, 0.383429769674215, 0.3834204650448877, 0.38341113454054354, 0.3834017767475961, 0.38339239232521755, 0.38338298199515575, 0.3833735447390696, 0.38336408090723584, 0.3833545911418144, 0.3833450747175948, 0.3833355318055347, 0.3833259629508857, 0.3833163676546015, 0.3833067459955109, 0.38329709840514425, 0.38328742453399445, 0.3832777244175565, 0.38326799840156284, 0.38325824624956356, 0.38324846797775114, 0.38323866384897004, 0.38322883369824917, 0.38321897753938694, 0.38320909558004373, 0.38319918770692013, 0.383189253936334, 0.3831792944249118, 0.3831693090926155, 0.3831589231175398, 0.3831488811726065, 0.3831388134789204, 0.3831287200709745, 0.3831186010419374, 0.38310845636030566, 0.3830982860617105, 0.3830880902067197, 0.38307786876903777, 0.38306762178597364, 0.38305734931341073, 0.3830470513439238, 0.38303672791204396, 0.3830263790535241, 0.383016004761242, 0.38300560507160863, 0.3829951800202682, 0.3829847296113591, 0.38297425387665923, 0.38296375283748924, 0.3829532264994074, 0.3829426748950437, 0.38293209804749145, 0.38292149596819863, 0.3829108686835258, 0.382900216208614, 0.3828895385559046, 0.38287883575217185, 0.38286810781416825, 0.38285735475696486, 0.38284657660165, 0.3828357733603916, 0.38282494504882897, 0.38281409168793873, 0.3828032132918191, 0.38279230987634116, 0.38278138145758317, 0.38277042804688255, 0.38275944966037656, 0.382748446314464, 0.3827374180218872, 0.3827263647970789, 0.38271528665255233, 0.38270418359988195, 0.3826930556536336, 0.38268190282670944, 0.38267072437993604, 0.3826595219750828, 0.38264829471633205, 0.3826370426144124, 0.3826257656814702, 0.38261446392781745, 0.38260313736363327, 0.3825917859988705, 0.3825804098422319, 0.38256900890358825, 0.38255758319253536, 0.382546132717607, 0.38253465748754906, 0.3825231575100477, 0.3825116327927481, 0.38250008334394076, 0.3824885091709875, 0.3824769102811128, 0.3824652866809721, 0.38245363837674007, 0.38244196537484476, 0.38243026768149657, 0.3824185452892031, 0.38240679819518725, 0.38239502640459055, 0.3823832299329593, 0.3823714087904558, 0.38235956297772494, 0.38234769249845507, 0.3823357973565281, 0.38232387755551456, 0.3823119330989384, 0.38229996399024285, 0.38228797023235433, 0.382275951827936, 0.38226390877927974, 0.3822518410885733, 0.38223974875781425, 0.3822276317888184, 0.3822154901830135, 0.38220332394140527, 0.38219113306492536, 0.3821789175542861, 0.3821666774100217, 0.38215441263229405, 0.3821421232210124, 0.3821298091758283, 0.3821174704961345, 0.3821051071812309, 0.3820927192301513, 0.3820803066415124, 0.38206786941380566, 0.38205540754518946, 0.3820429210337586, 0.3820304098772802, 0.3820178740732322, 0.38200531361889106, 0.381992728511247, 0.38198011874713367, 0.38196748432314337, 0.38195482523560287, 0.38194214148062283, 0.38192943305394755, 0.38191669995128735, 0.3819039421680321, 0.38189115969934556, 0.3818783525401274, 0.38186552068510304, 0.38185266412862356, 0.3818397828650672, 0.38182687688833816, 0.3818139461922572, 0.38180099077032265, 0.3817880106158414, 0.38177500572189565, 0.3817619760813358, 0.381748921686861, 0.38173584253077186, 0.38172273860524303, 0.3817096099022345, 0.38169645641350614, 0.3816832781305087, 0.38167007504448497, 0.3816568471464689, 0.3816435944273227, 0.38163031687762294, 0.38161701448777824, 0.3816036872478152, 0.38159033514772916, 0.3815769581772121, 0.3815635563257128, 0.38155012958244394, 0.3815366779364994, 0.38152320137669754, 0.3815096998915389, 0.3814961734694768, 0.3814826220985262, 0.38146904576675217, 0.3814554444617661, 0.3814418181710506, 0.38142816688186143, 0.38141449058128435, 0.3814007892560388, 0.3813870628928074, 0.3813733114779627, 0.38135953499764297, 0.3813457334377117, 0.3813319067840014, 0.38131805502202576, 0.38130417813692913, 0.3812902761139185, 0.38127634893777534, 0.3812623965931255, 0.38124841906438545, 0.38123441633575117, 0.38122038839120154, 0.3812063352145016, 0.38119225678913876, 0.38117815309850495, 0.38116402412568556, 0.3811498698535475, 0.3811356902647798, 0.3811214853418259, 0.3811072550668891, 0.3810929994220697, 0.38107871838916785, 0.38106441194969776, 0.38105008008506114, 0.38103572277645836, 0.38102134000477544, 0.38100693175075495, 0.3809924979949089, 0.38097803871750924, 0.3809635538986955, 0.3809490435181908, 0.3809345075557827, 0.3809199459908585, 0.3809053588025906, 0.380890745970005, 0.3808761074718783, 0.3808614432868016, 0.3808467533930283, 0.38083203776879804, 0.3808172963919805, 0.38080252924026414, 0.3807877362911905, 0.3807729175219794, 0.38075807290964536, 0.38074320243112003, 0.38072830606302244, 0.38071338378165914, 0.38069843556326627, 0.38068346138383374, 0.3806684612191508, 0.38065343504470195, 0.38063838283584484, 0.3806233045677016, 0.3806082002150469, 0.3805930697526874, 0.38057791315508405, 0.3805627303964181, 0.3805475214506995, 0.3805322862917557, 0.38051702489326705, 0.38050173722850383, 0.3804864232706286, 0.38047108299258187, 0.380455716367169, 0.3804403233667315, 0.3804249039637355, 0.3804094581301251, 0.3803939858377998, 0.38037848705835486, 0.38036296176326156, 0.3803474099236635, 0.38033183151055705, 0.3803162264946728, 0.3803005948465815, 0.38028493653653167, 0.38026925153471824, 0.38025353981092685, 0.3802378013348543, 0.38022203607597355, 0.3802062440034142, 0.3801904250862407, 0.38017457929316123, 0.38015870659273093, 0.38014280695341096, 0.380126880343113, 0.38011092672987074, 0.38009494608121963, 0.38007893836469114, 0.38006290354753197, 0.38004684159657226, 0.38003075247872187, 0.3800146361604716, 0.3799984926081837, 0.37998232178784086, 0.3799661236654561, 0.3799498982066209, 0.3799336453766898, 0.3799173651409296, 0.3799010574642187, 0.37988472231137843, 0.37986835964690685, 0.3798519694350901, 0.37983555163994537, 0.3798191062253094, 0.37980263315476487, 0.3797861323917531, 0.3797696038993406, 0.37975304764043494, 0.37973646357773244, 0.3797198516737385, 0.3797032118905538, 0.3796865441902636, 0.3796698485345566, 0.3796531248850003, 0.37963637320280613, 0.37961959344911594, 0.37960278558472954, 0.37958594957018926, 0.37956908536586853, 0.3795521929319372, 0.3795352722281398, 0.3795183232142787, 0.37950134584966333, 0.3794843400934468, 0.37946730590463623, 0.3794502432418421, 0.37943315206361594, 0.3794160323280993, 0.3793988839933181, 0.3793817070169703]