Model Setup for Atypical Patient 1:
ITERS=3000
LEARNING_RATE=0.001
OPT_RESET=500
ATOL=1e-09
RTOL=1e-07
METHOD=dopri5
Input channels=2
Hidden channels=11
Output channels=2
Runtime=288.4143350124359
Optimizer=Adam (
Parameter Group 0
    amsgrad: False
    betas: (0.9, 0.999)
    capturable: False
    differentiable: False
    eps: 1e-08
    foreach: None
    fused: None
    lr: 0.001
    maximize: False
    weight_decay: 0
)Loss over time=[1141.3751064270066, 1100.9886018684838, 1061.4051186874863, 1022.6370319002937, 984.68623080812, 947.5391473438791, 911.1767312634888, 875.5906844033245, 840.7854149122799, 806.7704302628896, 773.557136808527, 741.1566870679751, 709.5791758713958, 678.8331292123743, 648.9251120741258, 619.8594207782418, 591.6379028189954, 564.2599477010127, 537.722686472025, 512.0213344573568, 487.1495439908753, 463.09967142968094, 439.86294495993735, 417.4295692624104, 395.7888100980236, 374.92908283444143, 354.8380582954267, 335.5027840009494, 316.9098067943587, 299.04529133237105, 281.89509267622236, 265.4448101433137, 249.67982020905936, 234.58529194175816, 220.14619516045815, 206.347309000577, 193.1732357285832, 180.60841589751863, 168.63713786437677, 157.24355101611678, 146.41169159551825, 136.12551384160108, 126.36892177478026, 117.1258028541225, 108.38006475143251, 100.11567568557474, 92.31670842436165, 84.96738772075469, 78.05214046738706, 71.5556473254299, 65.46289390878373, 59.759219482576036, 54.4303943709441, 49.46256489983191, 44.842334486294085, 40.55675649777942, 36.59331127619545, 32.93984423096265, 29.58451672436834, 26.515567125308234, 23.721397470223028, 21.19026260490955, 18.910186593515, 16.868841872168346, 15.053456190532573, 13.450756942608905, 12.046959067599262, 10.827800386117294, 9.778615435082648, 8.884489883815617, 8.130409775515856, 7.5014490461218735, 6.983041899106518, 6.561220838974456, 6.222798433833123, 5.955584226676879, 5.7484779127936845, 5.591539043434088, 5.476000051212197, 5.394236071734654, 5.339699946218261, 5.306831236603215, 5.290948388274223, 5.288133730822537, 5.295119340128104, 5.309180102180707, 5.328038985231266, 5.349787319181972, 5.372821174431379, 5.395793417109319, 5.417579817279022, 5.437256734650237, 5.454087408059072, 5.467513705348366, 5.477150327017395, 5.482778856012215, 5.484339652426366, 5.481920319433213, 5.475740221238994, 5.466131223175514, 5.453515370436538, 5.438380586712928, 5.421255651942105, 5.402685731129375, 5.383209612556919, 5.363339614920275, 5.343544876396821, 5.324238474585783, 5.3057685675275685, 5.28841350781984, 5.272380675769881, 5.257808610256663, 5.244771892244521, 5.2332881570633365, 5.223326577490723, 5.214817167530058, 5.207660301816568, 5.201735921208617, 5.196911993087981, 5.193051906401769, 5.190020597503186, 5.187689314465152, 5.1859390278710285, 5.184662579341954, 5.183765721781556, 5.183167246182768, 5.18279840941283, 5.182601877846945, 5.182530386442225, 5.18254528591502, 5.182615116352199, 5.182714307935062, 5.182822072210519, 5.182921513229675, 5.182998959176046, 5.183043493019591, 5.183046645745024, 5.183002207676297, 5.182906111599533, 5.1827563447117315, 5.1825528535355225, 5.182297415465147, 5.181993461193098, 5.181645842678142, 5.1812605506420555, 5.18084439303759, 5.180404651144179, 5.179948732726302, 5.17948384211787, 5.179016685484357, 5.1785532262353575, 5.178098501168035, 5.177656502947161, 5.177230129469138, 5.176821196028937, 5.176430502317231, 5.176057943410367, 5.175702652198425, 5.175361632679176, 5.175035956661042, 5.17472199260809, 5.174417434532435, 5.174119973719213, 5.173827398367765, 5.173537666344368, 5.17324895176634, 5.172959667920412, 5.172668470317683, 5.172374244430464, 5.172076082891949, 5.171776303630559, 5.171468493795903, 5.1711550107862, 5.170835485299935, 5.170509618128005, 5.170177164551033, 5.169837924054646, 5.169491734602183, 5.169138470377721, 5.168778041790373, 5.1684103965750845, 5.168035521011421, 5.167653440527409, 5.167264219260076, 5.166867958423183, 5.166466216837155, 5.166056266136378, 5.165639768175219, 5.1652169402100325, 5.164788019366603, 5.16435326030182, 5.163912933960404, 5.163467327490071, 5.163016745228848, 5.162561510534914, 5.16210196810922, 5.1616419808037595, 5.16117526621048, 5.16070544719528, 5.160232965323808, 5.159758288971047, 5.159281910165885, 5.158804339638154, 5.158326100178822, 5.157847718539748, 5.157369716223749, 5.156892599591663, 5.156416849807683, 5.155943916807512, 5.155472069786078, 5.155002779434386, 5.154536344200138, 5.1540730016589915, 5.153609088870383, 5.153152673349317, 5.152699687074721, 5.152250124401859, 5.151803921250754, 5.151360935675558, 5.150921084403328, 5.15048419203282, 5.150050053458688, 5.1496184380018235, 5.149189092983078, 5.14876174692785, 5.148336112670162, 5.147911890648188, 5.147488773414349, 5.147066446064692, 5.146644596385261, 5.146222917818272, 5.145801114863536, 5.145378908307682, 5.144956039927274, 5.1445322763470775, 5.1441074118172425, 5.143681269785154, 5.143253703262547, 5.142824594098976, 5.142393851363004, 5.14196140908214, 5.141527223603969, 5.141091270821739, 5.140653543455223, 5.140214048518956, 5.1397728050454115, 5.139329842074186, 5.138885196881322, 5.138438913398669, 5.137991040771957, 5.137541632013626, 5.137090742727071, 5.136638429895945, 5.1361847507541905, 5.135729761760084, 5.13527351770559, 5.134817718117528, 5.134359274168549, 5.133899729782394, 5.13343912690051, 5.132977503898291, 5.132514895465214, 5.132046821913427, 5.131582808918934, 5.131117290755437, 5.130650910710174, 5.13018369127234, 5.129715653117649, 5.129246815390013, 5.128777195961862, 5.128306811674027, 5.127835678556374, 5.127363812031667, 5.126891227097723, 5.126417938493464, 5.125943960840999, 5.125469308764747, 5.124993996984332, 5.12451804037876, 5.1240414540237715, 5.12356425320273, 5.123086453394893, 5.122608070244962, 5.122129119518543, 5.121649617049102, 5.121169578680121, 5.120689020207743, 5.120207957326238, 5.119726405578789, 5.119244379952141, 5.1187618768898036, 5.118278883300146, 5.117795414084328, 5.117311487701539, 5.116827122014261, 5.116342335073146, 5.115857143856479, 5.115371564384001, 5.114885610691697, 5.1143992943658505, 5.113912629552673, 5.11342562169192, 5.1129382936128565, 5.112450659594944, 5.1119627335222395, 5.111474528924716, 5.110986058961364, 5.1104973364990025, 5.110008374064674, 5.109519183912567, 5.109029778019418, 5.108540168092483, 5.108050365564864, 5.107560381640485, 5.107070227267905, 5.1065799131467635, 5.106089449735279, 5.105600250015687, 5.105109603646437, 5.104618838960373, 5.104127965355928, 5.103636992017145, 5.103145927868358, 5.102654781659226, 5.102163561881028, 5.10167227683454, 5.101180934599199, 5.1006895430472134, 5.10019810984884, 5.099706642465078, 5.099215148172687, 5.098723634054497, 5.0982321069993395, 5.097740573715715, 5.097249040736097, 5.09675751441367, 5.09626600093234, 5.095774506314258, 5.09528303641976, 5.094791596935952, 5.09430019340641, 5.093808831221185, 5.093317515620797, 5.0928291824243725, 5.092338138077721, 5.091847151880885, 5.091356288551744, 5.090865015180856, 5.090373823701117, 5.089882719561538, 5.089391707975927, 5.088900793873261, 5.088409981986039, 5.087919276773703, 5.087428682512828, 5.086938203258327, 5.086447842883753, 5.085957605035674, 5.085467493205879, 5.084977499896891, 5.084487615342766, 5.083997866465494, 5.083508256260854, 5.083018787570083, 5.082529463087096, 5.082040285342497, 5.081551256748972, 5.081062379578396, 5.080573655966566, 5.080085087912786, 5.079596677330252, 5.079108425968233, 5.078620335515738, 5.078132407526628, 5.077644643455119, 5.077157044666475, 5.076669612422875, 5.076182347900978, 5.0756952289703, 5.075214145030836, 5.074727392080852, 5.074240793914563, 5.073758117810592, 5.0732718719417775, 5.072785773933623, 5.072299826128596, 5.071814030869863, 5.071328390508344, 5.070842907379199, 5.0703575838089225, 5.069872422102578, 5.069387424539283, 5.068902593362558, 5.068417930770668, 5.067933438928843, 5.067449119946539, 5.066964975897961, 5.066481008800269, 5.065997220627902, 5.065513613303704, 5.065030188708611, 5.064546948653291, 5.064063894867876, 5.063581028938263, 5.063098352221169, 5.0626143017858105, 5.062131929519202, 5.061649730165278, 5.061167704470948, 5.060685852728537, 5.060204174979574, 5.059722671133634, 5.059219515725985, 5.058737882096785, 5.058256457901738, 5.057775251783406, 5.0572942731997195, 5.0568135319095076, 5.056333037809019, 5.055852800668404, 5.055396644915276, 5.054916765979538, 5.054437049246631, 5.05395749931483, 5.053478112439308, 5.052998888314253, 5.052519828770716, 5.052042247160227, 5.051563464585989, 5.051084809566129, 5.0506063016695615, 5.050127953707047, 5.049649772934476, 5.049171762549474, 5.048693914542036, 5.048216215704528, 5.047738681996003, 5.047261312318727, 5.046784105336035, 5.046307059502962, 5.045830173258924, 5.045353445043693, 5.044876873336005, 5.044400456643141, 5.043924193566176, 5.043448082713398, 5.042972122796675, 5.042496312523832, 5.042020650691868, 5.041545136106643, 5.041069767610242, 5.040594544088652, 5.040119464438802, 5.039644527574918, 5.039169732431799, 5.038695077965813, 5.038220563077403, 5.03774618572276, 5.037271944532221, 5.036797337321321, 5.036323251844075, 5.035849306126448, 5.035375498806521, 5.0349018284386595, 5.034428280403888, 5.033954858399304, 5.033481563429777, 5.033008394469136, 5.032535350539503, 5.032062430604428, 5.0315896336520956, 5.031116958670062, 5.030644404629789, 5.030171970509889, 5.029699655274479, 5.029227457898862, 5.028755377368543, 5.0282834126491665, 5.027811562718491, 5.027339826556053, 5.026868203142677, 5.026396691474215, 5.025925290353232, 5.0254539972817875, 5.0249828103686776, 5.024511725962431, 5.02404074309867, 5.023569861922164, 5.02309908084275, 5.022628398309968, 5.02215781281073, 5.021687322795673, 5.021216926815044, 5.020746623373006, 5.020276411022345, 5.019806288338713, 5.019336253903815, 5.018869414959414, 5.018399682259728, 5.017930039607254, 5.017460486340931, 5.455656952375969, 5.024580182815495, 5.213207207280553, 5.274866367376044, 5.126884697284896, 5.033662043811975, 5.0748329421238045, 5.131791907741096, 5.112040909676512, 5.0526184358702775, 5.026722166425071, 5.046126932931048, 5.066477081236105, 5.055592385882368, 5.025812831287639, 5.009957297153229, 5.01965320265547, 5.03390469333935, 5.029485093729319, 5.009018828759434, 4.9940788755543455, 4.997869261302945, 5.010205195855518, 5.012064301259226, 4.999162549211125, 4.984809590615682, 4.982624946133504, 4.990758264298891, 4.995509534443384, 4.9890844084924995, 4.978021846560041, 4.9733320788414845, 4.976887561187778, 4.98056756657919, 4.977609899879176, 4.970484895021141, 4.96616294679527, 4.966830984570468, 4.968176591750371, 4.9661085774982805, 4.961814460997327, 4.958929998497826, 4.958284017061176, 4.957635221671745, 4.95550509684537, 4.952911288256522, 4.951149901678878, 4.949820642905348, 4.947963074626807, 4.945811924772855, 4.9441749924303675, 4.942850639702886, 4.940990278417183, 4.938665110140314, 4.936798234868899, 4.935572983077784, 4.934091048194227, 4.93187898894534, 4.929660259054785, 4.9281193167400685, 4.926803118240505, 4.92495305442145, 4.922743216861409, 4.920876058940834, 4.919394054782489, 4.917730717799705, 4.915720129846732, 4.913767188754647, 4.9120718840310165, 4.910369457405469, 4.9084872346597175, 4.906594664435544, 4.904809944388209, 4.903014366375964, 4.901145799705945, 4.8993047681522635, 4.897509668318988, 4.895659865713937, 4.893763601246582, 4.891927659926605, 4.890132687490794, 4.888269358747963, 4.886358954598014, 4.884506495265555, 4.882693171764135, 4.880825409237773, 4.878919036640108, 4.87705139723517, 4.875208520389259, 4.873332030207024, 4.8714360096199805, 4.869559987393895, 4.867689221313912, 4.865801766335104, 4.863913198024943, 4.862030740968826, 4.860138815073284, 4.858241469046354, 4.856352992328376, 4.854461983345984, 4.85255512801945, 4.850652362411825, 4.84875868900376, 4.846857582669832, 4.844945918560855, 4.843038502345127, 4.841134765102708, 4.83922359228854, 4.837308217738132, 4.835395303122971, 4.833480450941224, 4.831561280565088, 4.8296416664351005, 4.827720437316265, 4.825795286287024, 4.823869062052963, 4.821943102851633, 4.820012555715183, 4.818079310353262, 4.8161463618691736, 4.814210987840404, 4.81227155660454, 4.81033071380152, 4.808388515373356, 4.806442983055761, 4.804494885254251, 4.802544887759183, 4.800591946088912, 4.798636300668412, 4.796678323699399, 4.794717069776945, 4.792752739691341, 4.79078604755727, 4.788816126375344, 4.786842566498216, 4.784867768161736, 4.7828879993626545, 4.780904387397495, 4.778917243067334, 4.7769265429116485, 4.774931891007709, 4.77293339129963, 4.770930931055768, 4.768924195037423, 4.766913297475508, 4.764898106913069, 4.762878235984584, 4.7608537489843075, 4.758824634002172, 4.756790562941989, 4.754751469455392, 4.752707306190334, 4.750657826345523, 4.748602929190843, 4.7465425040483185, 4.744476345739939, 4.7424043852790865, 4.740326475817366, 4.738242265282249, 4.736151817621432, 4.734055017026831, 4.731951656366479, 4.729841617251159, 4.727724760938586, 4.725600909990988, 4.723469942109017, 4.721331700092249, 4.719186019734561, 4.717032772945417, 4.714871782123375, 4.712702881517981, 4.710525947726761, 4.708340820489855, 4.706147343426878, 4.703945371310596, 4.70173473716248, 4.6995152923528245, 4.6972868891136805, 4.695049368251343, 4.692802588814934, 4.690546399635357, 4.688280645569886, 4.6860051935216225, 4.683719898854523, 4.681424615787157, 4.679119204184305, 4.676803518544683, 4.674477421692549, 4.672140782378688, 4.6697934922997595, 4.667435413986075, 4.665066398695426, 4.662686298397532, 4.6602949730220935, 4.65789226686606, 4.6554780232626864, 4.653052131274632, 4.650614540660961, 4.648165115272425, 4.645703709563356, 4.643230181375457, 4.640744393244717, 4.638246209767497, 4.635735501327438, 4.63321210347829, 4.63067589408862, 4.628126784393043, 4.625563317388679, 4.622987643664782, 4.6203986859691115, 4.617796332495239, 4.615180472307672, 4.612550994538739, 4.6099077898428735, 4.6072507501653694, 4.604579767742951, 4.601894735660794, 4.5991955471311625, 4.5964821113494665, 4.593754405450711, 4.591012225501332, 4.58825546681945, 4.5854840204335146, 4.58269776205706, 4.579896592857502, 4.577080417670936, 4.574249141533676, 4.5714026695504115, 4.568540907395291, 4.565663761204967, 4.562771137246305, 4.559862936634946, 4.556939060469561, 4.55399941564333, 4.551043909271903, 4.548071204600012, 4.545083791001241, 4.54208025426705, 4.539060499039686, 4.536024926928608, 4.5329717072097235, 4.529902076035452, 4.526815957186089, 4.5237132692226885, 4.520593924706368, 4.517457831704296, 4.514304894926725, 4.511134487369569, 4.507947479797666, 4.504743391934366, 4.501522102428921, 4.49828349068065, 4.495027400096953, 4.491753659603751, 4.488462244613661, 4.485153050068423, 4.481825970074016, 4.478480899531467, 4.475117734570693, 4.471736372830057, 4.4683367452473854, 4.46491878392053, 4.461482387442398, 4.458027455067576, 4.454553887150291, 4.4510615862313845, 4.447550458972092, 4.444020419900439, 4.440471397525012, 4.4369033397437505, 4.433316209477126, 4.429709960193967, 4.426084456296008, 4.422439327825779, 4.4187747147493734, 4.415090285413957, 4.411385671366956, 4.407660826308224, 4.403915840061344, 4.400150790549827, 4.39636569764243, 4.392560483545323, 4.38873507201325, 4.384889382631202, 4.381023329687703, 4.377136867092485, 4.3732298549732285, 4.36930219429057, 4.365353796693248, 4.361384573958366, 4.357394438308144, 4.353383300685195, 4.34935107357945, 4.345297669397064, 4.341223000167077, 4.33712697747713, 4.333009512349634, 4.328870515732339, 4.324709904221436, 4.320527586020834, 4.316323466026992, 4.312097448815139, 4.307849438742867, 4.303579356975692, 4.299287458928027, 4.294973156047399, 4.290636522817992, 4.28627740693604, 4.281895761561139, 4.2774915399489535, 4.273064687347539, 4.268617699904808, 4.264145627831238, 4.259650717406341, 4.255132901194077, 4.250587373717853, 4.246024079807248, 4.241437805398316, 4.236828457173086, 4.232195925144354, 4.227540083751182, 4.222859736337276, 4.2181571012487575, 4.213431027348676, 4.208681361605108, 4.2039079464006175, 4.199110676026137, 4.194289630321237, 4.189444914276458, 4.184576443712685, 4.179684232013534, 4.174768285869998, 4.169827746227349, 4.164863483423818, 4.159875359814837, 4.1548633662644985, 4.149827509044789, 4.144767721931377, 4.139683926464772, 4.134576055373304, 4.129444005777622, 4.12428769932836, 4.119106933309019, 4.11390313433603, 4.108674043561288, 4.10342026252921, 4.098141537974182, 4.092838163333716, 4.087510247144109, 4.082157782602955, 4.076780786184536, 4.071379273222132, 4.065953258363278, 4.060502755535446, 4.055027778443967, 4.049528339403291, 4.044004451292584, 4.038456126074973, 4.032883373926951, 4.027286203532435, 4.02166462184806, 4.016018634185346, 4.010348243788539, 4.004653449905594, 3.9989342563990067, 3.9931906754181536, 3.9874227139283134, 3.981628516802019, 3.97581154206194, 3.9699703226353624, 3.9641048552768776, 3.9582114216635165, 3.952297516106641, 3.9463601118214187, 3.9403989591201167, 3.934413841590423, 3.928404698048691, 3.9223689111422058, 3.9163120392165522, 3.9102313268647966, 3.9041267355791334, 3.897998250782733, 3.8918458925300725, 3.8856699013315814, 3.879469623772, 3.8732467803769812, 3.86700066613539, 3.8607313897776963, 3.8544390114579987, 3.8481231343321354, 3.8417843415561026, 3.835423203205814, 3.829038873366216, 3.8226326137245987, 3.8162029681416896, 3.8097507367652215, 3.803276058795355, 3.796779086881132, 3.7902599749480568, 3.783718890352505, 3.777156102870191, 3.770571768114162, 3.7639660024779755, 3.757338991113382, 3.7506908126631204, 3.744021574285625, 3.7373304061771084, 3.730619220207034, 3.7238869691240932, 3.7171331221901727, 3.710359381480551, 3.7035657003772826, 3.696750790729412, 3.6899179514357368, 3.6830656157229, 3.676194397384397, 3.669304144557691, 3.6623949766193147, 3.65546721983924, 3.6485211834537123, 3.6415596811403317, 3.6345937530188235, 3.627692193658056, 3.6212104081625083, 3.6173232485935576, 3.625453226446348, 3.6807389284780148, 3.702448411322017, 3.672075294962706, 3.5850263501332575, 3.6793636505659877, 3.6711647182649085, 3.58277710512826, 3.701426445845003, 3.5975787884521537, 3.6205248291953485, 3.60492469519321, 3.5614226992769833, 3.6021671787667007, 3.544681293729845, 3.596734084043051, 3.534042940275496, 3.5686814170277, 3.527554302661439, 3.5498555615791036, 3.5291745594491206, 3.529737622073809, 3.523765280837827, 3.5106857863170315, 3.518017478633891, 3.4991061469247815, 3.5107269733467503, 3.488276421253681, 3.49876231535318, 3.480741463401669, 3.4877174540769884, 3.4753452068542754, 3.475171284613704, 3.4689883544588245, 3.4632598501888974, 3.4624548783560773, 3.4533310994264443, 3.4547944685918437, 3.4445899963223003, 3.445238806689656, 3.4371273948073906, 3.435400742022995, 3.430378236292483, 3.425550878740559, 3.4230904002345595, 3.4163801799397664, 3.414719646059868, 3.408342165420216, 3.405698086853638, 3.400941540306014, 3.3964421614213323, 3.3932793192900306, 3.3877238160384917, 3.3847946434625427, 3.3797590259327506, 3.37585755116378, 3.371974786396922, 3.367106663989651, 3.36371236415703, 3.3589161752209624, 3.354912462708556, 3.3509042860595133, 3.3462300600762633, 3.342477248321295, 3.3379763143302865, 3.3337382877691324, 3.329744411768651, 3.325186575888161, 3.3211571292903557, 3.3168899480171685, 3.3124609499930684, 3.308412939941008, 3.3040123135148605, 3.2996906879361827, 3.2955485845325256, 4.875518903886526, 3.3964859533696186, 4.107453925357715, 3.902750883807425, 3.3401978906311767, 3.398677967544104, 3.667683549018012, 3.759339779493997, 3.6210519528260723, 3.4025557082199467, 3.3045558880604573, 3.4128416513928554, 3.5432058136545455, 3.475608402300367, 3.3293970837640767, 3.295338306298991, 3.3682583698731694, 3.4346520928883892, 3.421970882624069, 3.3490470030262, 3.291456314386956, 3.3052679273427725, 3.3581946275136194, 3.3655747379329295, 3.3185290209022766, 3.284442714039062, 3.2965182832846662, 3.3256474562771974, 3.331962104035691, 3.3084830809561496, 3.2821332624216883, 3.2812784719291384, 3.3002641638796835, 3.3061299283551238, 3.2888992881023555, 3.274151445540136, 3.278813573727694, 3.290139351466266, 3.289596689214221, 3.2774340913914872, 3.2693093223470115, 3.2736320221276842, 3.279826494735363, 3.275948847765415, 3.267596557512488, 3.2661079646440756, 3.2703626601048583, 3.2712250303525683, 3.2660904664936585, 3.2614940936563186, 3.2623674007974794, 3.264524763759286, 3.2623262928978507, 3.2582054530235385, 3.2572982216810846, 3.258583367401812, 3.2577491455732908, 3.2546039672241434, 3.252708609474682, 3.2530660184416305, 3.2527701587602205, 3.2505191515187692, 3.2486027029526667, 3.248302163173274, 3.247902790623321, 3.246161449204983, 3.244322281847168, 3.243617091791646, 3.2430904156145344, 3.241622287965676, 3.2399841639390004, 3.239103683665873, 3.23835397627534, 3.236971014417485, 3.235461464657186, 3.234474775711401, 3.233580058734665, 3.2322383749874053, 3.2308398450692213, 3.229797429587981, 3.2287572557111703, 3.2274095648442622, 3.2260751281012685, 3.2249858589125866, 3.223847861510298, 3.222501090932884, 3.2212132315458177, 3.2200714042247496, 3.2188413980280193, 3.217492870978837, 3.216226952042443, 3.215031369850855, 3.2137396025445097, 3.2123978566976943, 3.2111318952224277, 3.2098726553579557, 3.208534696880179, 3.2071980081293465, 3.205912803795439, 3.204597591366218, 3.2032343877276857, 3.2018956473551072, 3.2005726836975144, 3.1992091576937782, 3.1978318406571504, 3.1964784054277273, 3.195112940996785, 3.193717195792161, 3.192327581081204, 3.190944714642326, 3.189538637797625, 3.188121528503381, 3.18671319929873, 3.185294859190975, 3.1838582531223056, 3.1824225265139914, 3.180985541698478, 3.1795327280702534, 3.178073110426275, 3.1766143316439934, 3.175144998286594, 3.1736645772158822, 3.172182683015964, 3.1706946285585498, 3.169195184131199, 3.167691233688021, 3.1661832328344883, 3.164665201538828, 3.1631402465654976, 3.1616114385545613, 3.1600744083817123, 3.1585293962514887, 3.156979901664695, 3.155423492958542, 3.153858829009415, 3.1522887805811264, 3.150712568707362, 3.1491284787495815, 3.1475383937023027, 3.1459424598034476, 3.1443392224504696, 3.1427294696266186, 3.141113838628849, 3.1394910560137776, 3.1378616269955315, 3.1362262862638706, 3.1345840909967664, 3.132935373984232, 3.1312804484342935, 3.129618853735904, 3.12795057323307, 3.1262761813204034, 3.1245952581688177, 3.1229077117391157, 3.1212139831063017, 3.1195137808078655, 3.1178069964615545, 3.116093972547688, 3.114374515529171, 3.1126485354233187, 3.1109162832907176, 3.10917762209817, 3.107432557598263, 3.1056814146009755, 3.1039241417237027, 3.10216062585081, 3.100390901046374, 3.0986148056178653, 3.0968322993737205, 3.095043457008892, 3.093248299736221, 3.0914468898326843, 3.089639310923525, 3.087825443444921, 3.086005316471722, 3.0841789984917045, 3.0823464896046797, 3.080507850446419, 3.078663105259167, 3.0768122241042333, 3.0749552484438656, 3.0730921972955865, 3.071223059545147, 3.069347886510157, 3.067466676974995, 3.065579431713616, 3.0636861885467113, 3.061786947982555, 3.059881714817834, 3.05797053306902, 3.056053407834654, 3.054130365834546, 3.052201436732796, 3.0502666379001964, 3.0483260063475397, 3.046379570794769, 3.044427354897411, 3.042468267118173, 3.0405044576403073, 3.038534886620941, 3.0365595815021904, 3.0345785610438925, 3.032591850431797, 3.0305994716926574, 3.0286014446642664, 3.026597795837608, 3.0245885468822333, 3.0225737209584778, 3.020553342327959, 3.018527431994668, 3.0164960155490195, 3.0144591172835007, 3.0124167608352717, 3.0103689717673006, 3.00831577016103, 3.006257179269939, 3.0041932258541943, 3.0021239356933673, 3.0000493348567883, 2.9979694504109586, 2.99588431084491, 2.993793944404092, 2.9916983787216016, 2.9895976424838437, 2.9874917637634555, 2.985380771594075, 2.9832668214780558, 2.9811456176697515, 2.979019385616512, 2.976888155805497, 2.974751959465927, 2.972610828514632, 2.970464794744139, 2.9683138902253514, 2.966158146958354, 2.96399759767739, 2.9618322756363953, 2.959662214123664, 2.957487446642929, 2.9553080068184956, 2.95312392900029, 2.950934014439548, 2.9487430582950553, 2.946545228325887, 2.944342901575067, 2.9421361147988914, 2.9399249049022362, 2.937709308956575, 2.9354893641610973, 2.933265108096168, 2.93103657870689, 2.9288038122228994, 2.926566841423875, 2.9243257045868503, 2.9220804406226843, 2.919830975007112, 2.9175778759045854, 2.9153207399591308, 2.913059600338538, 2.9107945043020322, 2.90852479615541, 2.906252024223306, 2.9039754474682087, 2.9016951056941527, 2.899411038985143, 2.8971232875462634, 2.894831891727676, 2.892536892186827, 2.8902383310236557, 2.887936248790935, 2.8856297509989797, 2.8833206430045233, 2.8810081396095955, 2.8786922854253185, 2.8763731249966717, 2.8740507028345395, 2.8717250635072533, 2.869396251696548, 2.8670643121543495, 2.8647292896779786, 2.862391229109077, 2.8600501753172356, 2.857706173088873, 2.8553587463461954, 2.853009048215389, 2.850656573883415, 2.8483013448317127, 2.8459433857560605, 2.843582728246926, 2.8412194454765554, 2.8388535805379798, 2.8364851706851395, 2.834114279240763, 2.8317409542139287, 2.829365235432147, 2.826987162948669, 2.824606780622484, 2.8222241319574795, 2.819839261147685, 2.8174522130654998, 2.8150630331922, 2.8126717675622994, 2.810277157617019, 2.8078819416080982, 2.805484829197561, 2.8030858488749497, 2.8006850285662357, 2.798282402285986, 2.7958780086414627, 2.7934718898220576, 2.7910640907801247, 2.788654658531972, 2.7862436415803673, 2.7838310894104294, 2.7814170523001795, 2.7790015824808822, 2.7765847292905814, 2.774166216860866, 2.7717467925184422, 2.7693261138464726, 2.7669042373959267, 2.7644812170276833, 2.762057103797092, 2.759631945910927, 2.757205788764453, 2.754778674737216, 2.752350642387344, 2.7499217364397377, 2.747491997941929, 2.7450615602110244, 2.7426302831281997, 2.740198272359017, 2.737765569616531, 2.7353322190425726, 2.73289803315013, 2.7304635627362033, 2.728028634125416, 2.7255932823839575, 2.723157545330304, 2.7207214638230237, 2.7182850844234525, 2.715848451732994, 2.713411667567239, 2.710974747309939, 2.7085376642945156, 2.706100537266942, 2.703663400719519, 2.7012262984485313, 2.698789273934835, 2.6963523672327514, 2.693915625691517, 2.6914790916000353, 2.6890428052843265, 2.6866068060585464, 2.6841711322558934, 2.681735815377783, 2.6793008916698438, 2.676866400389754, 2.6744323773292105, 2.671998857631399, 2.6695658813819274, 2.667133494561433, 2.664701731832361, 2.6622706277771866, 2.6598402174004123, 2.6574105343180423, 2.6549816064221172, 2.652553475748469, 2.6501261770814364, 2.6476997450184983, 2.6452742139649943, 2.6428496180576158, 2.6404259911995887, 2.638003367296854, 2.6355817798609635, 2.6331612621553813, 2.6307418471851123, 2.6283235694885887, 2.6259065395896624, 2.6234905244592452, 2.62107574384663, 2.6186622303907727, 2.61625001625801, 2.6138391331372426, 2.6114296122210052, 2.6090214842483914, 2.606614779449954, 2.6042095275742603, 2.601805757912121, 2.599403499273883, 2.5970027807062706, 2.5946036337210474, 2.592206085999768, 2.5898101642720963, 2.587415894847706, 2.5850232974076235, 2.5826324068641124, 2.5802432420563024, 2.5778558304093635, 2.5754701991597484, 2.5730863702834523, 2.5707043654293718, 2.5683242058534423, 2.565945912389867, 2.563569505404468, 2.5611950047484227, 2.5588224297369617, 2.556451799098823, 2.5540831309631753, 2.551716442828844, 2.549351751549222, 2.54698907330724, 2.5446284234710594, 2.5422698055866224, 2.5399132212464353, 2.5375587142542444, 2.5352062973273095, 2.532855980412666, 2.5305077741430755, 2.528161688219519, 2.525817731392692, 2.523475911412781, 2.5211362365716483, 2.5187987138031627, 2.5164633441121196, 2.5141301216241434, 2.5117990530720617, 2.509470144443503, 2.507143368893771, 2.504818699772961, 2.502496148542861, 2.500175721976346, 2.497857430693776, 2.4955412723373196, 2.493227268356328, 2.4909154396087705, 2.488605831282298, 2.48629855432972, 2.4839945807406347, 2.481696643426544, 2.479418707328699, 2.4772179463672215, 2.475354368571255, 2.4750979056338993, 2.4817935718103827, 2.52761156773324, 2.6647598176965914, 3.345124958708625, 2.4738160253095525, 4.529055205383884, 5.543689634895997, 8.286796887062177, 8.249711353016965, 6.590778062900478, 4.303114495905195, 4.68166099392482, 5.628280040192735, 3.609918888681138, 5.138558238640548, 6.006156943737603, 5.814859217671423, 4.520386620218327, 2.7994062097788306, 5.779329710993635, 2.730955617900632, 3.7796744791381345, 4.493255493293079, 4.3559012135216015, 3.590159477549582, 2.8383209479246974, 3.5096882551170383, 3.6977812812019764, 2.7684003672404645, 3.086240828239193, 3.4341248209223725, 3.315884676310596, 2.820679993518865, 2.6113678944258765, 3.1800846369971754, 2.734082271969793, 2.5910571600067698, 2.8701348139525846, 2.893419386414118, 2.626744877703167, 2.530568959949105, 2.781843341367181, 2.619733511985062, 2.5046822127357853, 2.6389306847135763, 2.676291833397654, 2.5554345217014895, 2.5061869346346013, 2.6183606888166193, 2.5716798982465834, 2.4906300522042337, 2.548815182189123, 2.5776740545635004, 2.5160728551660196, 2.4954444389258037, 2.5523229541197705, 5.036312097993587, 3.1361358473770777, 3.0648734886296, 3.2019732525600886, 2.5029055657140673, 2.7998574076541263, 3.0678833782603205, 2.9678566683820264, 2.6578917044038097, 2.5156576913236113, 2.760781395069777, 2.805530153731271, 2.5405607286489746, 2.509187991744108, 2.6487508814084406, 2.705110604957447, 2.611943503579887, 2.4959321745966623, 2.5276353904271134, 2.631479325202098, 2.5730521866735803, 2.4839913647549405, 2.5119791252466417, 2.567292618946749, 2.553769391452887, 2.494001220839578, 2.47886406557462, 2.524903822539243, 2.530320178734864, 2.4850702751973706, 2.478037671388656, 2.5059820127131616, 2.5101058288115867, 2.482533248214438, 2.4694645074599735, 2.489011546449584, 2.493347654317426, 2.471793149558373, 2.468874412972467, 2.4829217783945396, 2.481661608245544, 2.46715168653552, 2.466425839856572, 2.475915366816758, 2.470504018011028, 2.4612137918741377, 2.465155143952461, 2.4691017000779905, 2.462874029201327, 2.4586236847009157, 2.462876245526324, 2.4627218003540707, 2.456924350231163, 2.456929766348125, 2.459315341652929, 2.4563452917187134, 2.4532714034072627, 2.4549500613515067, 2.4547491224645874, 2.4514815576399513, 2.451307619418186, 2.4520715995403926, 2.4498757771250497, 2.4482839028316405, 2.448900173588312, 2.4478157054198193, 2.4459259150854695, 2.445935829498431, 2.44551365356704, 2.443793592245507, 2.4431829108408896, 2.4429568727494253, 2.4415400177130335, 2.4406135759477467, 2.440336994552373, 2.4392334418265955, 2.438175696111926, 2.437778525162229, 2.436851434484942, 2.4357755427324994, 2.4352387992105355, 2.434397936579923, 2.433343843193467, 2.4327121062093453, 2.4319140243428494, 2.4309097900954417, 2.4302143757541343, 2.429417156878678, 2.428446615875814, 2.4277037178262337, 2.426894085588945, 2.425953923361588, 2.425187317962902, 2.4243635770247947, 2.423448593533006, 2.4226630272450036, 2.4218202093291694, 2.4209206213790626, 2.420118283067221, 2.4192591477255685, 2.4183740465138737, 2.4175584585718863, 2.416687139766827, 2.4158125594680344, 2.414981050191946, 2.4140996082495807, 2.4132313609080183, 2.4123841801530563, 2.411497810846461, 2.410633722528959, 2.4097715947725904, 2.408883994560955, 2.408018944618319, 2.407142852862614, 2.4062559581124523, 2.4053858351547373, 2.4044995394758084, 2.403615473574247, 2.4027361581631044, 2.4018435379980123, 2.4009582363335245, 2.4000715122607374, 2.399175890315524, 2.3982874860768986, 2.397391584917241, 2.396494903804499, 2.3956007401761954, 2.3946992932283044, 2.3938007758433852, 2.3928995864746976, 2.391994977311214, 2.391092701934093, 2.390185659766269, 2.389278905113292, 2.388371289024714, 2.387460274427637, 2.386550355015085, 2.38563734547221, 2.3847235799108213, 2.383809229868069, 2.382892201161133, 2.3819754027207263, 2.381056359760892, 2.3801363439713223, 2.379215549693229, 2.378292704135127, 2.3773695904359444, 2.3764446395714414, 2.3755188060807844, 2.3745919760437952, 2.37366357464453, 2.37273459536533, 2.371804038264169, 2.370872688167711, 2.369940192506125, 2.3690064969901585, 2.368072009109876, 2.3671361788785465, 2.3661995818867627, 2.3652617912099796, 2.3643230531115176, 2.3633833657834895, 2.362442581381259, 2.3615009788508683, 2.3605582586861646, 2.359614710587759, 2.3586701471330382, 2.3577246839682355, 2.3567783209078477, 2.3558309965642046, 2.354882846533095, 2.35393373616693, 2.3529838169020754, 2.352032976762483, 2.3510813117136786, 2.3501287885544198, 2.3491754253258197, 2.348221252123849, 2.347266232533359, 2.3463104353404156, 2.3453538094830533, 2.3443964220576414, 2.34343823020954, 2.342479283178717, 2.341519564221807, 2.3405590969899657, 2.339597884593075, 2.3386359309233944, 2.337673257387746, 2.3367098570388363, 2.335745755909962, 2.334780942152069, 2.3338154439642294, 2.3328492524685, 2.331882391200876, 2.3309148539114575, 2.3299466602390777, 2.3289778099479777, 2.3280083174316797, 2.3270381849886927, 2.326067423593773, 2.3250960397661937, 2.3241240418038163, 2.323151436919575, 2.3221782316508044, 2.3212044351746566, 2.320230053298795, 2.319255094766869, 2.3182795647697763, 2.3173034727876556, 2.31632682414636, 2.3153496274904626, 2.3143718879385173, 2.3133936143328495, 2.3124148121685852, 2.3114354894919744, 2.310455651728087, 2.3094753069271303, 2.308494460853929, 2.307513120884131, 2.306531292763763, 2.3055489834586833, 2.304566198462439, 2.3035829453789365, 2.302599230231094, 2.3016150597714717, 2.300630440188877, 2.2996453778015375, 2.29865987880664, 2.297673949484836, 2.2966875961065254, 2.29570082462167, 2.294713641286142, 2.2937260520613667, 2.2927380631885126, 2.291749680395499, 2.2907609099207966, 2.2897717575911005, 2.2887822295166416, 2.287792331432717, 2.2868020695088402, 2.285811449708162, 2.2848204781578634, 2.28382902507571, 2.2828373619399787, 2.28184536438897, 2.2808530380259637, 2.2798603885624247, 2.27886742156911, 2.2778741426631046, 2.276880557317286, 2.2758866711209254, 2.2748924895625113, 2.2738980180992927, 2.2729032621939944, 2.2719082272906452, 2.2709129188316193, 2.2699173421689536, 2.268921502760156, 2.267925406018014, 2.266929057354682, 2.2659324622203685, 2.264935626125333, 2.263938554614451, 2.262941253234592, 2.261943727606677, 2.2609459831868635, 2.2599480248893875, 2.258949855066538, 2.2579514701500742, 2.256952867733242, 2.2559540575576587, 2.254955047339033, 2.253955843307345, 2.252956451368051, 2.2519568778697194, 2.2509571300210682, 2.249957216909162, 2.24895716986025, 2.247956937940914, 2.246956559126701, 2.2459560372838214, 2.2449553775362503, 2.243954583103927, 2.242953660533828, 2.2419526174903295, 2.240951458050077, 2.2399501864229765, 2.2389488074458868, 2.2379473261114367, 2.236945747380076, 2.2359440764571823, 2.2349423185859494, 2.2339404788602337, 2.232938562508089, 2.2319365748018707, 2.2309345208246723, 2.229932405729126, 2.2289302348773066, 2.2279280133817583, 2.2269257462475665, 2.225923438545528, 2.224921095219329, 2.223918721245999, 2.2229163216531145, 2.221913901352041, 2.220911465273746, 2.219909018383948, 2.218906565537499, 2.217904111224911, 2.216901660240877, 2.2158992175351298, 2.2148967880497814, 2.213894376711193, 2.212895185154891, 2.2118928663608513, 2.2108905729277035, 2.20988830997678, 2.2088860823250602, 2.207883894700648, 2.2068817519932384, 2.205879658998289, 2.204877620484801, 2.2038756412738247, 2.2028737204813162, 2.201871872686621, 2.200870098418168, 2.199868402391635, 2.1988667893769067, 2.197865264056484, 2.1968638310739568, 2.1958624950569376, 2.1948612604341107, 2.1938601318484667, 2.1928591139468367, 2.19185821134047, 2.1908574286394367, 2.1898567704070264, 2.188856241180593, 2.1878558650957234, 2.1868556099273047, 2.185855496828499, 2.1848555302049717, 2.183855714465169, 2.182856053943124, 2.1818565529386564, 2.18085721572849, 2.179858046560209, 2.178859049661637, 2.177860229233151, 2.17686158944999, 2.1758631344608217, 2.1748648683843768, 2.173866795315761, 2.172868919320685, 2.1718712444385773, 2.1708737746801514, 2.1698765140256966, 2.1688794664265725, 2.1678826358034113, 2.1668860260456153, 2.1658896410133206, 2.1648934845326284, 2.1638975604007897, 2.162901872380411, 2.161906424203368, 2.1609112195684204, 2.159916262140085, 2.158921555551815, 2.157927103399112, 2.156932909248688, 2.155938976625856, 2.1549453090289554, 2.1539519099124576, 2.1529587827055354, 2.151965930791714, 2.1509733575302374, 2.1499810662358305, 2.148989060197039, 2.147997342674351, 2.147005916889603, 2.1460147861311336, 2.145023953625854, 2.144033423179251, 2.143043198766984, 2.1420532810013073, 2.141063672805542, 2.140074427273794, 2.139085614553007, 2.1380976410718646, 2.1371114036964793, 2.1361307455995617, 2.135167245162276, 2.134264377628483, 2.1335791820767542, 2.133664992686599, 2.1368916638559132, 2.150178007624063, 2.212844785489601, 2.328144104376749, 2.845705785503637, 2.132732655529188, 2.8833019001671816, 4.455987025979132, 4.700000903248462, 2.282660898862844, 13.331872041411902, 6.229970466361421, 12.141231639194784, 16.441761029572525, 19.136532342214778, 20.542049871931354, 20.96654009771169, 20.749202198167264, 20.206239373280734, 19.583597269148836, 19.036730780053947, 18.62974968413014, 18.350300101280222, 18.136333009823684, 17.907678048022298, 17.594274534049074, 17.154623081706326, 16.582204019975663, 15.90129552650751, 15.155886180105425, 14.396003293644998, 13.665241314664401, 12.992093835609573, 12.386143220354116, 11.839268454798484, 11.330582096611773, 10.833381315939492, 10.322132922187087, 9.777931368631364, 9.191753698435827, 8.565702812213454, 7.912532029297481, 7.253161997461141, 6.613818038369701, 6.03265097887633, 5.586052938135218, 5.438745973133771, 5.915076098898866, 6.7603100952461315, 6.271221971674097, 5.284969376437914, 5.024967840186563, 5.227226322401085, 5.529329580616528, 5.733274990368041, 5.7517977512758005, 5.574741350923651, 5.2497105227456995, 4.868372984965881, 4.559857938613259, 4.473265186107474, 4.642260304617812, 4.751890878285919, 4.526015079863682, 4.2388019231183005, 4.121519328173535, 4.129480497043499, 4.161835147644148, 4.155290394607062, 4.085384876857993, 3.9571430080544974, 3.801613886384183, 3.6733782665647827, 3.6264943211299965, 3.645270908272923, 3.618143387369899, 3.4968204508137575, 3.378028438201167, 3.33103606325909, 3.327149231558898, 3.310775076523223, 3.254726221643449, 3.1731301404842056, 3.1073673271020565, 3.085085294426092, 3.077832346655418, 3.035611119668599, 2.9688133040511686, 2.9223433820897795, 2.9031881240081114, 2.88612251884448, 2.852772777901461, 2.8083241568536765, 2.7720263725804504, 2.7536548852980043, 2.739842667273521, 2.713544766813111, 2.6799978438110794, 2.654819866354886, 2.639706004921924, 2.6242685028122734, 2.6019125584076694, 2.576896661494681, 2.5575533851468815, 5.2745996331041205, 2.782878026753461, 7.159374987591779, 2.7103395285088583, 2.898918823642804, 3.868860242885674, 4.5368468833293525, 4.818210639072821, 4.76596442444574, 4.44836303519026, 3.937248253215202, 3.3247865511046033, 2.7798961317657476, 2.627042946881986, 3.141574736341065, 3.6596553695220524, 3.2692837868559277, 2.6672866640557817, 2.5150440307563624, 2.6794861888121106, 2.8881219144158874, 2.9892416693671806, 2.9332363251390277, 2.739850009597403, 2.4958298132575845, 2.354099810589134, 2.4460811894734933, 2.6491259828531994, 2.6360972565764302, 2.4324025312912494, 2.325926741545817, 2.380469789469028, 2.4751676499970374, 2.5039157559992407, 2.442069355002344, 2.339164764567932, 2.2825719514426464, 2.3194463902131157, 2.37963645684123, 2.3589470693410663, 2.2853741582135254, 2.253658185966668, 2.278798185212693, 2.3102031800061535, 2.3071690286297555, 2.272049755341208, 2.2403912030162387, 2.2430524378798227, 2.2664690400981176, 2.2681120432700244, 2.24179615235125, 2.2225613267994975, 2.227835741032008, 2.2400273141093923, 2.237984195117046, 2.222221044146614, 2.210925218672661, 2.2153429175099606, 2.223597933113597, 2.219455233281129, 2.2082923725509342, 2.2051338185315945, 2.2101963835819776, 2.2122826892242724, 2.206649261955913, 2.200256241640012, 2.2003691645687833, 2.2036368490338036, 2.202325719278558, 2.1973647010797226, 2.1954175019908777, 2.1972659923334983, 2.197917712989525, 2.1952326825746526, 2.1925605512972552, 2.192777996655562, 2.1937323216368796, 2.1923856077963406, 2.190027338732646, 2.1893980363610424, 2.1899220442783136, 2.189313043967945, 2.1875771366241903, 2.1866182140684676, 2.1867865065125507, 2.186481120083362, 2.185205109186988, 2.184248935101543, 2.1841202387938354, 2.1838162662654557, 2.1828251516510915, 2.1819208776754904, 2.1816076395956325, 2.181267568112031, 2.1804496703612677, 2.179662483111794, 2.179283686590713, 2.1789028034320306, 2.17820289218385, 2.177513174139316, 2.177098274555908, 2.1766774292480573, 2.1760357323611803, 2.175417407049818, 2.1749869335937135, 2.174536010248768, 2.1739434846319847, 2.173391577725573, 2.1729636313254845, 2.172502676596969, 2.1719516665330314, 2.1714483980029153, 2.17102135193189, 2.170553132753632, 2.1700359022472697, 2.1695676106434756, 2.169139819058166, 2.168672596054676, 2.1681874833949046, 2.1677464445176713, 2.167320484939824, 2.166862653086713, 2.1664073407124644, 2.1659841378479876, 2.165558086786402, 2.1651127271256247, 2.164680831077853, 2.1642673526146465, 2.163843951149733, 2.1634141534286253, 2.1630003063123713, 2.1625929803652153, 2.162176388331399, 2.161763001861488, 2.161361586329934, 2.1609596011012724, 2.1605523160388547, 2.1601524770884426, 2.159758310101957, 2.159360584487635, 2.158964092523151, 2.1585745283042668, 2.1581856390534484, 2.157795051530752, 2.1574087142248293, 2.1570260156848677, 2.1566421713414794, 2.1562595863737353, 2.155881014277338, 2.1555031330051797, 2.1551250618583815, 2.1547498435213965, 2.1543767037157444, 2.1540034193576787, 2.1536316016055146, 2.15326216980159, 2.152893217971008, 2.152524836848827, 2.152158440203652, 2.1517931210624055, 2.1514281108287094, 2.1510644805994543, 2.1507021837142477, 2.1503402739332786, 2.1499792320948132, 2.1496194769050314, 2.1492602885461793, 2.1489016600687783, 2.1485440987425997, 2.14818721703047, 2.147830750789405, 2.147475104395126, 2.147120171909475, 2.1467656201209895, 2.1464116796010875, 2.146058402516755, 2.1457054932235415, 2.1453530348564116, 2.1450011479364375, 2.1446496191497535, 2.1442984334756043, 2.1439477143177235, 2.1435973265194233, 2.1432472055912313, 2.142897452260642, 2.142547992537252, 2.14219874448998, 2.1418497758033896, 2.1415010501453318, 2.14115248761, 2.1408041290322775, 2.140455961160754, 2.1401079148418196, 2.1397600098812495, 2.139412243006818, 2.1390645573019955, 2.138716959108902, 2.1383694491388536, 2.1380219818459714, 2.1376745552755834, 2.1373271704010812, 2.1369797912155915, 2.1366324117992197, 2.1362850322223284, 2.1359376237306433, 2.1355901784842684, 2.1352426996245466, 2.1348951550494046, 2.1345475409229953, 2.1341998544558964, 2.1338520765711784, 2.133504199442137, 2.1331562193668168, 2.132808120650924, 2.132459896205459, 2.132111541458083, 2.1317630430905354, 2.131414394791139, 2.1310655916552914, 2.130716622581341, 2.1303674820447274, 2.1300181647657377, 2.12966866126527, 2.1293189667605925, 2.1289690760871305, 2.1286189813788856, 2.128268678384671, 2.127918161871615, 2.127567425178378, 2.127216464596133, 2.1268652752811903, 2.126513851794596, 2.1261621907225345, 2.1258102874127704, 2.1254581373584553, 2.125105737525573, 2.1247530838038107, 2.1244001725363266, 2.1240470008238748, 2.123693564930147, 2.123339861880024, 2.122985889087468, 2.122631643416217, 2.1222771224079393, 2.121922323594779, 2.1215672443002878, 2.121211882516816, 2.120856236097875, 2.1205003028985847, 2.1201440811726147, 2.1197875689712435, 2.119430764573761, 2.119073666538203, 2.1187162732690004, 2.1183585834085976, 2.118000595669544, 2.1176423087291685, 2.1172837215453795, 2.1169248330789125, 2.116565642327394, 2.1162061484520525, 2.115846350580858, 2.115486247979974, 2.1151258400255064, 2.114765126082587, 2.1144041056350655, 2.1140427781959277, 2.113681143323372, 2.1133192007007366, 2.112956950022087, 2.112594391041582, 2.112231523572794, 2.1118683474470306, 2.111504862586895, 2.1111410684714853, 2.1107769617591754, 2.1104125420426993, 2.110047809582799, 2.1096827647035057, 2.1093174078057673, 2.1089517393110806, 2.108585759642008, 2.1082194692107303, 2.107852868489665, 2.1074859580389815, 2.1071187384361245, 2.106751210236773, 2.1063833739794475, 2.106015230253324, 2.1056467797346734, 2.1052780231210915, 2.1049089610795004, 2.1045395942525524, 2.1041699233246316, 2.103799949059017, 2.103429672245535, 2.1030590936385876, 2.102688213964874, 2.1023170339846047, 2.101945554492094, 2.101573776224256, 2.1012016999870426, 2.100829326570258, 2.100456656790907, 2.1000836915225385, 2.0997104316559447, 2.099336878054186, 2.098963031557973, 2.098588893032289, 2.098214463387751, 2.0978397435461864, 2.0974647344037276, 2.097089436839529, 2.0967138517549206, 2.0963379800866213, 2.0959618227759327, 2.0955853807412073, 2.095208654889367, 2.0948316461477337, 2.094454355469685, 2.0940767838070524, 2.0936989320918826, 2.093320801250259, 2.092942392226877, 2.092563705983496, 2.0921847434758454, 2.091805505643635, 2.0914259934254757, 2.091046207775939, 2.090666149658686, 2.0902858200286327, 2.0899052198289407, 2.089524350005449, 2.0891432115161845, 2.0887618053218038, 2.0883801323733304, 2.0879981936145584, 2.0876159899940343, 2.087233522466462, 2.086850791987651, 2.0864677995029957, 2.086084545951987, 2.085701032280774, 2.085317259438926, 2.0849332283705255, 2.084548940012329, 2.0841643953000646, 2.083779595170892, 2.0833945405596555, 2.083009232392076, 2.082623671585782, 2.082237859052697, 2.081851795697917, 2.0814654824121446, 2.0810789200666657, 2.0806921095122264, 2.0803050515780184, 2.079917747066647, 2.0795301967520685, 2.0791424013861692, 2.078754361722441, 2.0783660785860025, 2.0779775530683535, 2.0775887871941214, 2.077199784998889, 2.0768105480686163, 2.0764210743342777, 2.0760313633471514, 2.075641415598641, 2.0752512318101357, 2.074860812742537, 2.074470870622737, 2.074079915206142, 2.0736887287882775, 2.0732973123165785, 2.0729056666570993, 2.0725137927073765, 2.0721216914452296, 2.071729363809942, 2.0713368106714993, 2.070944032888466, 2.070551031376304, 2.070157807055944, 2.069764360790853, 2.069370693411921, 2.068976805777878, 2.0685826987618734, 2.0681883731939252, 2.067793829857784, 2.0673990695331024, 2.067004093000851, 2.066608901003655, 2.066213494241319, 2.065817873418563, 2.0654220393332983, 2.065025993029322, 2.064629736261161, 2.064233272231484, 2.0638366020478327, 2.063439726322663, 2.0630426443586085, 2.0626453559753894, 2.0622478615667976, 2.061850161665513, 2.0614522567723954, 2.0610541472863804, 2.0606558334085494, 2.060257315176525, 2.0598585944917303, 2.0594596720261227, 2.059060547729832, 2.0586612215033133, 2.0582616656236308, 2.0578619607757296, 2.057462059578864, 2.0570619625730653, 2.0566616702777414, 2.056261183275599, 2.0558605024563925, 2.055459629359899, 2.0550585640692582, 2.054657306782499, 2.0542558583706896, 2.053854219724356, 2.0534523917055463, 2.053050375166692, 2.0526481709516577, 2.0522457798914897, 2.0518432028100175, 2.051440440385787, 2.0510374930468056, 2.0506343616441813, 2.050231047033154, 2.0498275500551117, 2.0494238715375945, 2.0490200123262916, 2.0486159731654037, 2.0482117548414687, 2.047807358132057, 2.0474027838014743, 2.0469980326099244, 2.046593105317275, 2.0461880026763866, 2.045782725431237, 2.0453772743246503, 2.0449716465923156, 2.044565844297791, 2.0441598703260664, 2.043753725406543, 2.0433474102709117, 2.042940925646379, 2.042534272257773, 2.0421274508340463, 2.0417204621043528, 2.0413133067934837, 2.0409059856256864, 2.040498499328756, 2.040090848629148, 2.039683034249893, 2.0392750569145117, 2.0388669173493166, 2.038458616278442, 2.0380501544229404, 2.03764153250625, 2.037232751252653, 2.0368238113838717, 2.036414713620093, 2.0360054586812364, 2.035596047285954, 2.035186480160277, 2.034776758015423, 2.0343668815583573, 2.0339568514952036, 2.0335466685311867, 2.033136333373516, 2.0327258467306764, 2.032315209309915, 2.031904421818314, 2.0314934849652406, 2.031082399459743, 2.0306711657188092, 2.0302597844310366, 2.0298482566391765, 2.0294365830566092, 2.029024764395903, 2.0286128013704645, 2.0282006946935076, 2.0277884450769594, 2.0273760532327967, 2.026963519873736, 2.02655084571139, 2.0261380314569153, 2.025725077821825, 2.0253119994385806, 2.0248987685255075, 2.024485400315211, 2.024071895523535, 2.0236582548661883, 2.023244479054299, 2.0228305688010177, 2.434118544082258, 4.484960829773438, 3.9811800185488537, 2.1848225482458115, 4.115468449697208, 2.2472698038549517, 2.3170080661336883, 2.987898226605256, 3.1114282983499284, 2.6909709689872714, 2.1245802735286063, 2.2506216671562753, 2.7811184969390914, 2.308590792468718, 2.043266174273246, 2.303683573231034, 2.481879414988536, 2.3653376222644416, 2.094155385863848, 2.052742990298805, 2.301193101359516, 2.2311010312884068, 2.02026528113472, 2.0857670182945096, 2.209872198090594, 2.1743261740879065, 2.0411880770943513, 2.035347406526228, 2.1479616575979463, 2.102983076377086, 2.0127842892858308, 2.056334439252344, 2.10793100906613, 2.066757523484137, 2.0114859554627897, 2.0455269050506355, 2.0765896201282406, 2.0273168497437832, 2.013657452543438, 2.048524736242265, 2.047370425806679, 2.013515347901756, 2.0164847153579575, 2.0404578980941173, 2.0226022701780235, 2.007484743901612, 2.0241785406022204, 2.0273318563873093, 2.009770757560731, 2.0105735240457387, 2.0225808960891567, 2.0126888389627067, 2.005941909285282, 2.014991416375555, 2.0139486070910224, 2.0049101261135203, 2.008484163558319, 2.012088269977612, 2.0050148697782215, 2.0050480446258185, 2.0092253351166147, 2.0053487778029915, 2.0029380029061743, 2.0065062453251783, 2.004699465600055, 2.0019041243430964, 2.0042356070039, 2.0037170319592503, 2.0010636371007497, 2.002376331215132, 2.0024531313264173, 2.000261259165404, 2.000983591786016, 2.0012035959326395, 1.999483905956135, 1.9997943235627638, 2.0000120091027385, 1.9986448761863114, 1.9987916843450073, 1.9988808840258256, 1.9977974351148269, 1.9978317864463826, 1.99780379890248, 1.9969183453753303, 1.9969215501445206, 1.9967657318004157, 1.9960444874025653, 1.9960167552866706, 1.9957614315238545, 1.99517432299181, 1.995122485768423, 1.994787386770325, 1.9943150181521754, 1.994223657970202, 1.9938352297745552, 1.9934611088878762, 1.9933141963556773, 1.9929035236736612, 1.9926017454815315, 1.9923927599029165, 1.9919881610819166, 1.9917346727615686, 1.9914649836918579, 1.991091386456002, 1.9908542540032272, 1.9905389800407358, 1.990206448311553, 1.9899581938622277, 1.9896200310609122, 1.9893230331992655, 1.9890472209218557, 1.9887101869304913, 1.9884324036372432, 1.9881281106911173, 1.9878086034267943, 1.9875294790840654, 1.9872093087854679, 1.9869091583127052, 1.9866150456263527, 1.986295581488745, 1.9860040093550593, 1.9856944575022615, 1.9853854701783398, 1.9850892338415307, 1.984773913989943, 1.984473389285452, 1.9841667128725575, 1.9838554677808007, 1.9835545152054421, 1.983241607466462, 1.9829361758210402, 1.9826286764249472, 1.9823169772384546, 1.98201190669106, 1.9816995219251765, 1.9813913326793027, 1.9810818281814697, 1.9807696960551993, 1.98046134839998, 1.980148399888437, 1.9798382116568773, 1.9795265330152079, 1.9792137170608683, 1.9789027005375466, 1.9785888388795443, 1.9782768913650444, 1.9779632668904639, 1.9776495469403608, 1.977336232999065, 1.9770213741798763, 1.9767076366283864, 1.9763923496385116, 1.976077483608474, 1.9757621604302806, 1.9754462785714713, 1.9751307117573036, 1.9748140616815284, 1.9744978259166304, 1.9741808153651024, 1.9738638110346498, 1.973546479241678, 1.9732286520313325, 1.9729108807694105, 1.9725924897967866, 1.9722741775149608, 1.9719552871162997, 1.9716362876313709, 1.9713169790166611, 1.9709973867752424, 1.9706776267613442, 1.9703574278268237, 1.9700371406720214, 1.9697164577166917, 1.9693956508983923, 1.9690744772608044, 1.9687530898376926, 1.9684314523179935, 1.968109555321039, 1.9677874446520838, 1.9674650116791528, 1.9671424010969334, 1.966819495744942, 1.9664964042272302, 1.9661730108976874, 1.9658494070984651, 1.965525551979991, 1.9652014752529972, 1.9648771529071398, 1.964552579916141, 1.9642277909104409, 1.9639027594805425, 1.9635775118695291, 1.9632520061327652, 1.9629262905825435, 1.9626003362199698, 1.9622741699614485, 1.9619477581979567, 1.96162113021471, 1.9612942751543572, 1.9609672050154372, 1.9606399043736367, 1.960312382444881, 1.959984642794914, 1.9596566865626786, 1.9593285103919593, 1.95900011266054, 1.9586715025990635, 1.9583426773228454, 1.9580136384462201, 1.9576843811400986, 1.957354915189326, 1.957025236843456, 1.956695348752734, 1.956365246006303, 1.9560349361575762, 1.955704417135567, 1.9553736913049962, 1.9550427549799707, 1.9547116137435017, 1.9543802665314716, 1.9540487153593231, 1.9537169582443952, 1.9533850001919866, 1.9530528409453358, 1.9527204798446276, 1.9523879166081115, 1.9520551541204645, 1.9517221918511931, 1.9513890306157122, 1.951055669611453, 1.9507221109918502, 1.950388354878475, 1.9500544020488042, 1.949720252350633, 1.9493859073658226, 1.9490513673818433, 1.948716633006292, 1.9483817045006808, 1.9480465829601963, 1.9477112688050207, 1.9473757625203918, 1.9470400646386539, 1.9467041758746133, 1.9463680967595614, 1.9460318277083226, 1.9456953693696937, 1.94535872218912, 1.9450218867501918, 1.9446848686086746, 1.9443476572132665, 1.9440102584871868, 1.9436726731511873, 1.9433349017376962, 1.9429969448302862, 1.942658802864325, 1.9423204765411735, 1.9419819664140299, 1.9416432728562578, 1.941304396346991, 1.9409653375453473, 1.94062609697902, 1.9402866750331804, 1.9399470723461227, 1.9396072895172758, 1.939267326976252, 1.93892718498552, 1.9385868639910422, 1.9382463647368704, 1.9379056877046559, 1.93756483337514, 1.9372238023078225, 1.9368825949007962, 1.9365412114847425, 1.9361996526145888, 1.9358579187752227, 1.9355160102619247, 1.935173927468587, 1.9348316709162467, 1.9344892409703152, 1.934146637936012, 1.9338038623107432, 1.9334609145566504, 1.9331177949840375, 1.932774503997508, 1.9324310421122517, 1.9320874097046719, 1.9317436071097938, 1.9313996348221623, 1.9310554932941115, 1.9307111828551273, 1.9303667039339323, 1.9300220570279079, 1.9296772425053064, 1.9293322607378416, 1.928987112223349, 1.9286417973893337, 1.9282963165870486, 1.9279506702739224, 1.927604858919918, 1.9272588828915183, 1.9269127426029462, 1.9265664385396477, 1.926219971101749, 1.9258733406751505, 1.925526547736222, 1.9251795927196336, 1.9248324760042146, 1.924485198044166, 1.9241377592988407, 1.9237901601565959, 1.9234424010488416, 1.9230944824461595, 1.9227464048025136, 1.9223981685301075, 1.9220497740942013, 1.9217012219182095, 1.9213525124082096, 1.9210036460259219, 1.9206546232098127, 1.9203054443664898, 1.9199561099496152, 1.919606620409744, 1.9192569761587963, 1.91890717764257, 1.9185572253185428, 1.918207119606386, 1.9178568609471711, 1.9175064498020042, 1.91715588659714, 1.9168051717707995, 1.9164543057862853, 1.916103289079738, 1.9157521220909601, 1.915400805284207, 1.9150493391022891, 1.9146977239870937, 1.9143459604036972, 1.9139940488005742, 1.9136419896228432, 1.913289783336704, 1.91293743039541, 1.9125849312479624, 1.9122322863621748, 1.9118794961953745, 1.9115265612009067, 1.9111734818486055, 1.9108202585994107, 1.9104668919112742, 1.9101133822608618, 1.9097597301275895, 1.9094059359528652, 1.9090519946799056, 1.9086979185844142, 1.9083437019267533, 1.9079893451738383, 1.9076348487852028, 1.9072802132223183, 1.9069254389557715, 1.9065705264495305, 1.9062154761711916, 1.905860288595114, 1.905504964189751, 1.9051495034286694, 1.904793906789694, 1.9044381747459718, 1.9040823077766589, 1.9037263063628842, 1.9033701709826765, 1.9030139021204624, 1.902657500260475, 1.902300609125063, 1.9019439192103198, 1.901587097749465, 1.901230145129354, 1.9008730619477374, 1.9005158487534475, 1.9001585060311883, 1.899801034327068, 1.8994434341511144, 1.899085706009511, 1.8987278504440364, 1.8983698679599406, 1.8980117590820265, 1.897653524342062, 1.8972951642505604, 1.8969366793417057, 1.8965780701396968, 1.896219337165563, 1.8958604809536792, 1.895501502027326, 1.8951424009165452, 1.894783178152653, 1.894423834263501, 1.8940643697824717, 1.8937047852408846, 1.8933450811717585, 1.8929857361278488, 1.8926258393766817, 1.8922658236569583, 1.891905689735993, 1.891545437885032, 1.8911850687592773, 1.8908242020501924, 1.890463568921765, 1.8901028201298642, 1.8897419561365574, 1.8893809776183828, 1.8890198851146751, 1.8886586791708062, 1.8882973604291886, 1.8879359293852316, 1.8875743866821024, 1.8872127328630575, 1.8868509685057122, 1.8864890942111905, 1.8861271105189714, 1.8857650180449588, 1.8854028173398156, 1.8850405089975075, 1.884678093594015, 1.88431557170138, 1.8839529439085745, 1.8835902107841755, 1.8832273729153741, 1.882864430876957, 1.8825013852502948, 1.88213823661375, 1.8817749855476074, 1.8814116326281378, 1.88104817843937, 1.880684623552868, 1.88032096855677, 1.8799572140195737, 1.8795933605300208, 1.8792294086571095, 1.8788653589866824, 1.8785012120908637, 1.8781369451601222, 1.8777726055963415, 1.8774081706392076, 1.8770436408738127, 1.876679016872913, 1.8763142992265578, 1.8759494885003385, 1.8755845852826454, 1.8752195901151139, 1.8748545035907223, 1.8744893262413143, 1.874124058677449, 1.873758701402614, 1.873393255067626, 1.8730277201276935, 1.8726620973164527, 1.8722963870024991, 1.871930590122561, 1.8715647069345864, 1.8711987390221159, 1.870832686812296, 1.870466554428537, 1.8701003459373837, 1.8697340798342525, 1.8693677921158143, 1.8690016011578272, 1.8686358101420524, 1.8682713341871091, 1.8679108114280019, 1.8675621392689488, 1.8672499206121367, 1.8670476547364752, 1.8672059503665543, 1.8684345533953264, 1.8735732087379764, 1.8886285671213856, 1.9476350589477642, 2.0289246180410903, 2.3674074135086127, 1.9155201981118601, 1.9058935934005001, 2.2199098899672918, 2.0169420702038634, 1.9613098552619392, 1.8757838736684997, 1.8686092403186778, 1.9178502448561234, 1.960401278902114, 2.0591090450828102, 1.9174012732208452, 1.8656862440047832, 1.8706357049059725, 1.9121925182625943, 1.98944542346891, 1.9264055745254105, 1.8927664746318724, 1.8630416766922773, 1.8662075055618426, 1.8928856615936587, 1.9051306131222845, 1.9211296424940458, 1.8863601500233416]