Model Setup for Atypical Patient 2:
ITERS=4000
LEARNING_RATE=0.001
OPT_RESET=500
ATOL=1e-09
RTOL=1e-07
METHOD=dopri5
Input channels=2
Hidden channels=11
Output channels=2
Runtime=312.82886505126953
Optimizer=Adam (
Parameter Group 0
    amsgrad: False
    betas: (0.9, 0.999)
    capturable: False
    differentiable: False
    eps: 1e-08
    foreach: None
    fused: None
    lr: 0.001
    maximize: False
    weight_decay: 0
)Loss over time=[356.7335918308798, 333.753130586968, 311.6396828650467, 290.4035740330996, 270.05213025986006, 250.58940229434282, 232.01597003169718, 214.32879473966975, 197.52154457141208, 181.58508651517934, 166.50796930608448, 152.27688582227677, 138.87706479154568, 126.29261012786138, 114.50670598674095, 103.50170617193156, 93.25909493205042, 83.75949045398819, 74.98256305622172, 66.90705946036145, 59.51071772815308, 52.77033780577776, 46.66168716037252, 41.15947402063133, 36.23727984420341, 31.867499336883565, 28.02127563823315, 24.66844548664241, 21.777597620545773, 19.31611279234394, 17.250357277942204, 15.545935946908541, 14.168025747519033, 13.081762770626215, 12.2526560516281, 11.646999283262533, 11.232262696057695, 10.977449670279013, 10.853409179606372, 10.833095731260228, 10.891776610907488, 11.00718609416149, 11.159617001061754, 11.33202110836024, 11.509933164306334, 11.681481626624617, 11.837285439504507, 11.970324389110145, 12.075772261703992, 12.150797380533199, 12.194336098887385, 12.206845905777932, 12.19004575766436, 12.146651875703997, 12.080117386487723, 11.994383774653768, 11.89365119704699, 11.782173395925414, 11.66408139863746, 11.543238560182754, 11.42312792791203, 11.30677148462563, 11.196679621560765, 11.094828237500737, 11.002673369315893, 10.921121265782329, 10.850643159151213, 10.791277247598828, 10.742699750968287, 10.704290027234784, 10.675197189036602, 10.654405465453008, 10.640796038397024, 10.63320345458667, 10.630465208877707, 10.631463573090901, 10.635159190963309, 10.640616361609291, 10.64702028154716, 10.653686802048705, 10.66006548099861, 10.665736866042396, 10.670405040228683, 10.673886497106013, 10.676096403951295, 10.677033246272098, 10.676762760662696, 10.67540194555562, 10.673103806801276, 10.67004335487466, 10.666405230119167, 10.66237319823433, 10.658121635250584, 10.653809013406756, 10.649573309242795, 10.645529183338773, 10.641766731884097, 10.638351573597156, 10.635326019893839, 10.632711076060296, 10.630509030332538, 10.628706407969258, 10.627277093832582, 10.626185457342432, 10.625389345608522, 10.624842842060183, 10.62449871750398, 10.62431052717348, 10.624234330336442, 10.62423002822621, 10.624262331366342, 10.624301379236767, 10.624323043887777, 10.624308955135067, 10.624246288763265, 10.624127361150112, 10.623949074173838, 10.62371225349213, 10.623420921435835, 10.623081542956616, 10.62270227943182, 10.622292280737529, 10.621861040986293, 10.621417837818472, 10.620971269331811, 10.62052889684126, 10.62009699591968, 10.619680412810988, 10.619282518580194, 10.618905249440443, 10.618549218761563, 10.61821388436016, 10.617897753867743, 10.61759861118655, 10.617313748180086, 10.61704018767001, 10.616774886292385, 10.616514908598582, 10.616257566769052, 10.616000523211792, 10.615741855985295, 10.61548008926314, 10.615214192848718, 10.614943556017264, 10.614667941679603, 10.61438742708245, 10.61410233703151, 10.613813175043823, 10.613520556998791, 10.613225150861696, 10.612927625008211, 10.612628606649587, 10.612328650930237, 10.612028220482392, 10.611727674602085, 10.61142726677751, 10.611127149036362, 10.61082738147283, 10.61052794534272, 10.610228758235833, 10.609929690027117, 10.609630578542978, 10.609331244116335, 10.609031502444804, 10.608731175383996, 10.608430099489743, 10.608128132280726, 10.607825156312664, 10.60752108124066, 10.607215844113496, 10.606909408179407, 10.606601760502535, 10.606292908700874, 10.605982877101688, 10.605671702602033, 10.605359430491529, 10.60504611046438, 10.60473179301065, 10.604416526330509, 10.60410035387561, 10.603783312568966, 10.603465431713081, 10.60314673255595, 10.602827228446182, 10.602506925481697, 10.602185823538342, 10.601863917553674, 10.601541198941163, 10.601217657019587, 10.60089328035532, 10.600568057938071, 10.600241980132848, 10.599915039376326, 10.599587230609217, 10.599258551456133, 10.598929002183548, 10.598598585474225, 10.598267306069715, 10.597935170326148, 10.597602185735425, 10.597268360450686, 10.596933702851173, 10.59659822117099, 10.596261923207036, 10.595924816112062, 10.595586906271532, 10.595248199256504, 10.594908699840715, 10.594569813965546, 10.594228734795957, 10.593886873510444, 10.593544232644595, 10.593200814503513, 10.592856621238708, 10.59251165496322, 10.59216591783232, 10.5918194120995, 10.591472140151724, 10.591124104526093, 10.590775307909388, 10.590425753125109, 10.59007544310879, 10.589724380877637, 10.589372569495637, 10.589020012037196, 10.58866671155161, 10.588312671031234, 10.587957893383104, 10.587602381407011, 10.587246137778614, 10.586889165039297, 10.586531465591282, 10.586173041698599, 10.585813895491599, 10.58545402897516, 10.585093444038376, 10.584732142466295, 10.584370125949391, 10.584007396094279, 10.583643954430919, 10.583279802418428, 10.582914941448266, 10.582549372844829, 10.58218309786497, 10.58181611769407, 10.581448433442688, 10.581080046141032, 10.580710956734324, 10.580341166078114, 10.579970674933337, 10.579599483963868, 10.579227593733366, 10.578855004704126, 10.578481717236672, 10.578107731589652, 10.57773304792132, 10.57735766628992, 10.57698158665628, 10.576604808884332, 10.576227332743507, 10.575849157909259, 10.57547028396447, 10.575090710400461, 10.574710436616824, 10.574329461922362, 10.573947785534276, 10.573565406578911, 10.573182324090844, 10.57279853701299, 10.572414044195868, 10.572028844397922, 10.571642936284583, 10.571256318429034, 10.570868989311514, 10.570480947319787, 10.570092190749135, 10.569702717803244, 10.569312526593883, 10.568921615142191, 10.568529981379122, 10.568137623145958, 10.567744538195319, 10.567350724191908, 10.566956178713324, 10.56656089925078, 10.566164883210286, 10.56576812791319, 10.56537063059716, 10.56497238841651, 10.564573398444255, 10.564173657671466, 10.563773163009044, 10.563371911288373, 10.562969899262317, 10.56256712360534, 10.562163580915474, 10.561759267714956, 10.561354180450936, 10.560948315496411, 10.560541669151602, 10.560134237644936, 10.559726017133928, 10.559317003706408, 10.5589071933817, 10.558496582111475, 10.55808516578117, 10.557672940210649, 10.557259901155904, 10.556846044309935, 10.5564313653037, 10.556015859707557, 10.555599523032344, 10.555182350730535, 10.554764338197272, 10.554345480771826, 10.553925773738497, 10.553505212328057, 10.553083791718638, 10.552661507037255, 10.55223835337101, 10.551814325747175, 10.551389419145016, 10.550963628497605, 10.550536948692525, 10.55010937457376, 10.549680900941828, 10.54925152255614, 10.54882123413531, 10.548390030358616, 10.547957905867088, 10.547524855265053, 10.547090873120588, 10.546655953967559, 10.546220092305651, 10.545783282602843, 10.54534551929528, 10.544906796789451, 10.544467109462378, 10.544026451663743, 10.543584817715937, 10.543142201916014, 10.542698598536369, 10.542254001825787, 10.541808406010723, 10.541361805289068, 10.54091419384644, 10.540465565849304, 10.540015915445478, 10.53956523676567, 10.539113523924511, 10.538660771020863, 10.538206972139578, 10.53775212135222, 10.537296212717802, 10.53683924028406, 10.536381198088039, 10.53592208015757, 10.535461880511507, 10.535000593161119, 10.534538212110993, 10.534074731359267, 10.533610144899376, 10.53314444672006, 10.532677630806973, 10.532209691142958, 10.531740621708947, 10.531270416484828, 10.53079906945029, 10.530326574585585, 10.529852925872182, 10.529378117293458, 10.52890214283545, 10.528424996487923, 10.52794667224444, 10.527467164103502, 10.526986466069326, 10.526504572151744, 10.526021476367957, 10.52553717274219, 10.525051655307122, 10.52456491810364, 10.524076955182325, 10.523587760603176, 10.52309732843702, 10.522605652765309, 10.522112727681254, 10.521618547290046, 10.52112310570949, 10.520626397070549, 10.520128415517568, 10.519629155209248, 10.519128610318694, 10.518626775034194, 10.518123643559328, 10.517619210113956, 10.517113468934125, 10.51660641427271, 10.516098040399932, 10.515588341603445, 10.515077312189126, 10.51456494648126, 10.514051238823058, 10.513536183576656, 10.51301977512415, 10.512502007867072, 10.511982876227444, 10.511462374647856, 10.510940497591939, 10.510417239544315, 10.509892595011308, 10.50936655852099, 10.508839124623757, 10.508310287921807, 10.507780043008113, 10.507248384498242, 10.506715307031817, 10.506180805271738, 10.505644873905334, 10.505107507643848, 10.504568701222798, 10.504028449402803, 10.503486746969044, 10.502943588731682, 10.502398969526368, 10.501852884214166, 10.50130532768161, 10.500756294841443, 10.500205780632184, 10.499653780018617, 10.499100287991975, 10.498545299570099, 10.497988809797691, 10.49743081374604, 10.496871306514036, 10.496310283227238, 10.495747739039041, 10.49518366913017, 10.494618068709162, 10.494050933012401, 10.493482257304127, 10.492912036876993, 10.492340267051544, 10.491766943177074, 10.491192060631288, 10.49061561482025, 10.490037601179417, 10.48945801517255, 10.488876852292755, 10.488294108061996, 10.487709778031709, 10.487123857782779, 10.486536342925085, 10.48594722909827, 10.485356511971906, 10.484764187244748, 10.484170250646008, 10.483574697934218, 10.48297752489839, 10.482378727357402, 10.481778301160352, 10.481176242186752, 10.480572546346355, 10.47996720957934, 10.479360227856422, 10.478751597178961, 10.478141313578693, 10.47752937311832, 10.476915771891267, 10.476300506021602, 10.47568357166457, 10.47506496500597, 10.474444682263103, 10.47382271968379, 10.473199073547352, 10.472573740164181, 10.471946715875838, 10.471317997054994, 10.470687580105801, 10.470055461463614, 10.469421637595167, 10.468786104972837, 10.468148860128705, 10.46750989962628, 10.466869220060055, 10.466226818055866, 10.465582690270715, 10.464936833392871, 10.464289244142302, 10.46363991926975, 10.46298885555775, 10.462336049820088, 10.461681498902049, 10.4610251996802, 10.460367149062266, 10.459707343987922, 10.459045781427797, 10.45838245838386, 10.457717371889633, 10.457050519009748, 10.456381896840211, 10.455711502508455, 10.532017217496518, 10.500646743705346, 10.508870401251178, 10.46045692072484, 10.453689626295413, 10.461043947069387, 10.45476665889712, 10.437912628090713, 10.423303212286577, 10.424367526881074, 10.428794468182637, 10.417937735244985, 10.399775911168371, 10.395523225957886, 10.401639206380539, 10.396676769651554, 10.380053853818112, 10.370994826643521, 10.373948621892735, 10.372497750578306, 10.359814499334224, 10.348772562516041, 10.347449450762502, 10.34627807386948, 10.337000977883225, 10.32634077800243, 10.321873426348043, 10.31924776147399, 10.311865467989515, 10.302316050265324, 10.296007381301706, 10.291685070556145, 10.285028220024179, 10.27634901525465, 10.269024002173053, 10.263403403356339, 10.256769213263038, 10.248345370698665, 10.240467699483695, 10.23410477218257, 10.22707587197967, 10.21846244386529, 10.210366311395092, 10.203410992498789, 10.195611231709774, 10.186790740563685, 10.178661715625202, 10.170976473484489, 10.162443789456628, 10.153526770800609, 10.14504073485947, 10.13655301403875, 10.127575441850077, 10.11838733833664, 10.109380048881532, 10.100326720671562, 10.090797998344048, 10.081159761228987, 10.071732031318641, 10.061996228041751, 10.051910657018958, 10.041931620275848, 10.031863174702176, 10.021470817342461, 10.010954327587797, 10.00040450850214, 9.989677743530741, 9.978702618876726, 9.967674913975232, 9.956559074798827, 9.94515968436353, 9.933638536058929, 9.922039602373022, 9.910255833563076, 9.8983018411636, 9.886236545935255, 9.874044452343215, 9.861656813795577, 9.849173637769105, 9.836572289479932, 9.82380777836237, 9.810931844334123, 9.797972801797302, 9.784881319334474, 9.771669923387298, 9.758394424706886, 9.745027147487463, 9.731564799027371, 9.718039164586875, 9.704453339734773, 9.690804314803664, 9.677111642129724, 9.663378525573256, 9.649599060114395, 9.635799189191005, 9.621972041544723, 9.60812395217578, 9.594270370908335, 9.580401108451412, 9.566518103122974, 9.552633786472102, 9.538744749533983, 9.524855202190878, 9.510972477997791, 9.4970885237721, 9.48320534071075, 9.469330447795995, 9.455466671516822, 9.441618421509283, 9.427787133837798, 9.41397873117466, 9.400191510694157, 9.386440151139293, 9.372728732245491, 9.359069024998426, 9.345467109210004, 9.331949326892412, 9.318569895635198, 9.305723146772772, 9.295201794284848, 9.296157996627612, 9.324274261500468, 9.337938001627771, 9.258878058132261, 9.263419451473958, 9.28541776772147, 9.223581917680196, 9.252127117644237, 9.233696885977775, 9.20606852573657, 9.230385007319514, 9.188054345691281, 9.201511483382228, 9.185843870274619, 9.170924655504496, 9.179781201871494, 9.152809966092361, 9.163015671082682, 9.146124684842365, 9.139698167854359, 9.140119343634886, 9.121707823866616, 9.126142339995148, 9.11266480458285, 9.107258302225377, 9.105489573960178, 9.09198473822796, 9.092534914429207, 9.083589725615047, 9.075796072689398, 9.074688778894046, 9.06409078591665, 9.059952720335701, 9.056007021188671, 9.046654064687957, 9.043445971463875, 9.038103376233188, 9.030132399012084, 9.02667916530494, 9.021187798469304, 9.014000958326106, 9.010012828736238, 9.004991896770786, 8.998259375576884, 8.993578046807526, 8.989165028407603, 8.983066558927307, 8.977579408463127, 8.973326942460467, 8.96828541504168, 8.962475030148875, 8.957522145944962, 8.953164157210306, 8.948181280305016, 8.942767240403676, 8.937774655362288, 8.93330246351758, 8.92876263498895, 8.923810578503417, 8.91875460180062, 8.913932814542768, 8.909409401950773, 8.90500852089113, 8.900526982454211, 8.895944010040301, 8.891272762390962, 8.886620126754764, 8.882010538240202, 8.877474991920321, 8.872997265566294, 8.86857120008783, 8.864183261361605, 8.859828874969581, 8.855506688431161, 8.851218954296332, 8.846983985722204, 8.842842149629305, 8.838951335400955, 8.835761708810486, 8.834982519762638, 8.841614478688895, 8.873783646212996, 8.940268902648336, 9.018551244846996, 8.855447513151079, 8.836393596879134, 8.93425239318183, 8.822149491954674, 8.845006588685584, 8.88832051128179, 8.796929204839772, 8.871321231233678, 8.836949199715372, 8.807661126441213, 8.858718418789232, 8.788966621085974, 8.826435360478639, 8.800985790645091, 8.792256063772117, 8.810732399177882, 8.776264855109611, 8.80586702261652, 8.777284764209206, 8.785594589567724, 8.782469171268513, 8.768298919218852, 8.781535656209892, 8.761771853517056, 8.773559700610248, 8.762868251854691, 8.760942081566606, 8.76366279522, 8.75193583625924, 8.758810319893426, 8.749127700068634, 8.750436585918875, 8.748806036089151, 8.74261052907542, 8.745973036579676, 8.738679964278692, 8.739241277827473, 8.737031753312102, 8.732576020728098, 8.733741550480127, 8.72875146399712, 8.728128931293988, 8.72647226631694, 8.722665748267614, 8.722775890247057, 8.719318730253555, 8.717425502013377, 8.716429431668974, 8.71299763440325, 8.711988907479084, 8.709918305462265, 8.707240257728177, 8.706205423588228, 8.703687050173356, 8.70163887111054, 8.700268867849191, 8.697739769732904, 8.696000599856223, 8.694341852587467, 8.69195304850283, 8.690298859530417, 8.68848269488477, 8.686233717615353, 8.684563049786018, 8.682689872543769, 8.680538268385744, 8.678819757893363, 8.676944780386636, 8.674854216392406, 8.673081320368135, 8.671227848584188, 8.669180338615957, 8.667352257026629, 8.665522812707115, 8.663516438499919, 8.661635417686869, 8.659817814066997, 8.657859064831957, 8.65593532886018, 8.654106130440484, 8.652198696398209, 8.650255251247744, 8.648391036646261, 8.646521243731794, 8.644590165236128, 8.642684855152835, 8.640820005822489, 8.638921203435428, 8.636997020743223, 8.635105801188706, 8.633226379809118, 8.631316169586123, 8.629399800695747, 8.62750621991781, 8.625614004527229, 8.62370184241818, 8.621785533629792, 8.619883189618957, 8.6179826754883, 8.616068230771914, 8.614148284453632, 8.612235163671631, 8.610325359519415, 8.608408492714325, 8.606483463977082, 8.604558921340814, 8.602637771985952, 8.600714685876882, 8.598785458658979, 8.596851194216557, 8.594916536417355, 8.592982387430549, 8.591045874838692, 8.5891048098881, 8.58715901710661, 8.585210832340415, 8.583261290424657, 8.58130980138546, 8.579355128652233, 8.57739607089354, 8.575433141513336, 8.57346675650782, 8.571497645427586, 8.569525731643237, 8.567550515930996, 8.565571665565017, 8.563588617397176, 8.561601565031228, 8.559610314804763, 8.557615204128721, 8.555616102092086, 8.553613096816944, 8.551606039947352, 8.549594815664356, 8.547579354687185, 8.545559462224459, 8.543535192687695, 8.541506328247955, 8.539473062789376, 8.537435195803361, 8.535393187095597, 8.533347037296126, 8.531298041116768, 8.529247306624505, 8.527199490016445, 8.52516142868196, 8.523153902006527, 8.521214460954148, 8.519453812186383, 8.518081576863308, 8.5177811852526, 8.51968711070112, 8.528425295817845, 8.547309919041828, 8.602156241036157, 8.637950263280674, 8.698465415361449, 8.555532433800145, 8.501733338205758, 8.565765756957212, 8.56859421872753, 8.518618546401234, 8.496929227927758, 8.538810260351092, 8.545144206281964, 8.490885799934572, 8.51368152626643, 8.542377782918779, 8.491057069563889, 8.499074522460857, 8.528175487017139, 8.487392432499838, 8.489093360160254, 8.51308465736714, 8.482345377495289, 8.481122228584933, 8.499298676575785, 8.476763126155054, 8.474328922414463, 8.487620774606341, 8.471350379109154, 8.467952149808127, 8.477545674212829, 8.466361329217069, 8.461869482992725, 8.46849939687371, 8.461578794361804, 8.456267520735121, 8.460241407395317, 8.456771891944753, 8.451333697935262, 8.452777076654053, 8.45176692535149, 8.447028921457715, 8.446143338696196, 8.44638896799451, 8.443117852737457, 8.440483370360186, 8.440578386944885, 8.438987446804974, 8.435762501984367, 8.434694360261245, 8.434097492360433, 8.431516838875648, 8.429291132942435, 8.428496135354806, 8.427040884582034, 8.424650399293514, 8.422927473687093, 8.42187822252147, 8.420212583932063, 8.418036029094967, 8.41643342686447, 8.415186978577259, 8.41345143864248, 8.411451602457772, 8.409808860666162, 8.408407195779809, 8.406746796980515, 8.404839601928467, 8.403110026403011, 8.40159720997085, 8.39998180907186, 8.39817183998341, 8.396372887929278, 8.39473335385443, 8.393133284670531, 8.391411264206504, 8.38960826415524, 8.387853804388442, 8.386183820059143, 8.38451284818469, 8.382765601958324, 8.38097379008492, 8.379205240589414, 8.377482871360536, 8.375767741833457, 8.374014351436953, 8.372224251008985, 8.370427361030432, 8.368650239545874, 8.366889270618826, 8.365121817181041, 8.363332552325152, 8.361521211352219, 8.359702463044174, 8.357887418835482, 8.35607838734686, 8.35426910251479, 8.352450744126266, 8.350619658444783, 8.348775696107815, 8.34692371102123, 8.345067190696753, 8.343208637990378, 8.341347827729365, 8.339483125539799, 8.337612867775375, 8.335735250177333, 8.333850115674608, 8.331956857930315, 8.33005646064943, 8.328148762633974, 8.326234762486528, 8.324314205281901, 8.32238779157513, 8.320455186949921, 8.318517019809242, 8.316573102578577, 8.31462449788276, 8.312671658683506, 8.310717359454987, 8.3087643861309, 8.30682197808109, 8.30490222944509, 8.30304188179615, 8.301292141349107, 8.299822450330385, 8.298847268000422, 8.299258540319947, 8.301802180321973, 8.311633213544264, 8.327938845085084, 8.37804566056239, 8.403219360307254, 8.485193596262919, 8.3663737089048, 8.293201091757409, 8.286950187300569, 8.334330590724546, 8.374374901954896, 8.299046126616883, 8.273591553121799, 8.310714859171604, 8.311594461921674, 8.284280668617713, 19.884754798789267, 8.601162791785784, 9.142807638045037, 11.492395055986206, 13.37700045100985, 14.288871202375857, 14.252138298948626, 13.471930413712727, 12.217154496320616, 10.782695260496917, 9.478736506118084, 8.618109374498385, 8.463585404041282, 9.073624697829956, 10.050075352316844, 10.578783084611755, 10.221516222029033, 9.396656617037559, 8.720386339340395, 8.451554828529906, 8.533740057730416, 8.793502331251283, 9.063383996744111, 9.229104184348214, 9.238824629239563, 9.097279394680573, 8.854045357943436, 8.588086961338261, 8.386953852386746, 8.317888496176392, 8.392929595860245, 8.546176558502408, 8.659231047922345, 8.645149773379247, 8.519096950445338, 8.3729864550206, 8.290119664323425, 8.293698555037087, 8.354065187623924, 8.42184387367157, 8.457011338183683, 8.443850271694197, 8.392654503688346, 8.331556533039784, 8.29182086604704, 8.291095360603121, 8.322325737897659, 8.357640346837824, 8.368729339548402, 8.348582119812285, 8.314182241450071, 8.289192914179127, 8.285558468218541, 8.298681896835696, 8.314807092358052, 8.321579296097251, 8.31486743903622, 8.299553709013116, 8.285271336056015, 8.279904608162793, 8.284584171289985, 8.293423867263813, 8.298403438351373, 8.295633652628123, 8.287735418438714, 8.280710889916385, 8.278787656439873, 8.281730764613757, 8.285983159055382, 8.287813590777079, 8.285879181463338, 8.281710148741382, 8.27819903302828, 8.277350829532553, 8.278911189789385, 8.280830106414951, 8.281098026325743, 8.279349997235022, 8.276905845364446, 8.275420372919433, 8.275504592547005, 8.27644554285533, 8.27701478465924, 8.276514852130868, 8.275226812128496, 8.274028122688335, 8.273598180177375, 8.273889637904489, 8.274268814339734, 8.274136509653491, 8.273435194687035, 8.272608643014905, 8.27213119445693, 8.27209388828589, 8.272196767994465, 8.272076345259995, 8.271627382984429, 8.271048868470034, 8.270621493668218, 8.2704486682725, 8.270392797530969, 8.270237311719676, 8.269896099669644, 8.26947030173033, 8.269123216590998, 8.268919476656144, 8.268783293834405, 8.268592720903156, 8.268299360475892, 8.267959874521653, 8.26766528037573, 8.267449754936386, 8.267267486157754, 8.2670494025727, 8.266773308543595, 8.266477320808832, 8.266212521579156, 8.265991133026631, 8.265781548395463, 8.265546927934999, 8.265282199311095, 8.265013582185173, 8.264767302952597, 8.26454342831052, 8.264320162126204, 8.264079509479913, 8.263824844600247, 8.263573715407377, 8.26333735217306, 8.263110199137861, 8.262878541364762, 8.262636062895568, 8.262389075554575, 8.262147726161935, 8.261914678281295, 8.261683574820786, 8.261447320490687, 8.261205763482918, 8.260964649055246, 8.260728421884558, 8.260495670584914, 8.260261682371215, 8.260024125796502, 8.259785158484187, 8.259548267721154, 8.259314188142858, 8.259080547219575, 8.25884501490039, 8.258607871267452, 8.258371219828991, 8.258136294564919, 8.257902214732129, 8.257667344689224, 8.257431273323421, 8.257195058505818, 8.256959751763416, 8.2567251831952, 8.256490361494876, 8.25625475576428, 8.256018822688004, 8.255783292297183, 8.25554825841176, 8.255313173644332, 8.255077599440186, 8.25484169609233, 8.254605916642493, 8.25437040474816, 8.254134866514864, 8.253898990149969, 8.253662815589177, 8.25342661613065, 8.253190518819832, 8.252954369677632, 8.25271796558145, 8.252481305460298, 8.252244548758313, 8.252007782632228, 8.251770918896165, 8.251533826817953, 8.25129649621075, 8.25105902185149, 8.250821459455873, 8.250583756394493, 8.250345831435267, 8.250107676556633, 8.249869347565085, 8.249630874724925, 8.249392221698784, 8.249153337423103, 8.24891421829288, 8.248674898608245, 8.248435393992327, 8.248195679298151, 8.247955723616682, 8.247715526515167, 8.247475107673955, 8.247234471692089, 8.246993598988508, 8.246752470508172, 8.246511087672916, 8.24626946185038, 8.246027592659937, 8.245785466027746, 8.245543071033474, 8.24530040945487, 8.245057486346328, 8.24481429779574, 8.244570833122033, 8.244327086102242, 8.244083058339614, 8.243838751510204, 8.243594161044399, 8.243349279625745, 8.243104103862006, 8.242858634263401, 8.24261286974301, 8.242366805342145, 8.242120435881219, 8.241873759428442, 8.241626775747115, 8.241379482769336, 8.24113187637958, 8.240883953175336, 8.24063571170344, 8.24038715067028, 8.240138267248646, 8.23988905794681, 8.23963952038321, 8.239389653261984, 8.239139454892198, 8.2388889226213, 8.238638053804417, 8.23838684659131, 8.238135299401417, 8.237883410104466, 8.237631176196953, 8.23737859556928, 8.237125666642397, 8.23687238775408, 8.236618756860453, 8.236364772473639, 8.236110432198734, 8.235855734394306, 8.235600677213451, 8.23534525865983, 8.23508947691213, 8.234833330390547, 8.234576817507065, 8.234319936519272, 8.23406268567164, 8.233805063340599, 8.233547067954241, 8.233288697858125, 8.23302995135718, 8.232770826853583, 8.23251132285664, 8.232251437868879, 8.23199117033609, 8.231730518712967, 8.231469481510704, 8.231208057253433, 8.230946244433001, 8.230684041545095, 8.230421447143724, 8.230158459828091, 8.229895078190928, 8.2296313008084, 8.229367126270427, 8.229102553190783, 8.228837580182958, 8.22857220585371, 8.228306428826949, 8.228040247759877, 8.227773661327378, 8.227506668200744, 8.227239267050695, 8.22697145655885, 8.226703235415435, 8.226434602310492, 8.226165555939184, 8.225896095009126, 8.22562621819368, 8.225355924210442, 8.225085211795717, 8.224814079689962, 8.224542526640064, 8.22427055139662, 8.223998152712959, 8.223725329351323, 8.223452080086156, 8.223178403700437, 8.222904298980632, 8.222629764715379, 8.222354799697776, 8.222079402724475, 8.221803572595716, 8.22152730811704, 8.221250608102151, 8.220973471372735, 8.220695896754588, 8.220417883076633, 8.220139429170667, 8.21986053385132, 8.219581195815177, 8.219301413877387, 8.21902118688577, 8.218740513694629, 8.218459393162517, 8.2181778241513, 8.217895805525805, 8.217613336153901, 8.217330414906746, 8.217047040659196, 8.216763212291196, 8.216478928687717, 8.216194188737942, 8.215908991334606, 8.215623335373467, 8.215337219753222, 8.215050643375946, 8.214763605147441, 8.214476103977578, 8.214188138781033, 8.213899708476388, 8.213610811985744, 8.213321448234545, 8.213031616151095, 8.212741314667468, 8.212450542719052, 8.21215929924545, 8.211867583190413, 8.211575393501535, 8.211282729130216, 8.210989589031033, 8.210695972161925, 8.21040187748429, 8.210107303963413, 8.209812250568286, 8.209516716272052, 8.209220700051794, 8.208924200888095, 8.2086272177651, 8.20832974967065, 8.208031795595947, 8.207733354536048, 8.207434425490051, 8.207135007460947, 8.206835099455597, 8.206534700484587, 8.206233809562208, 8.205932425706315, 8.205630547938778, 8.205328175284864, 8.20502530677414, 8.204721941440257, 8.204418078320248, 8.204113716455504, 8.203808854890749, 8.203503492599276, 8.203197628441897, 8.202891261454631, 8.20258439068578, 8.202277015187367, 8.20196913401527, 8.201660746229168, 8.201351850892346, 8.201042447071792, 8.200732533838503, 8.200422110267017, 8.200111175435795, 8.199799728427207, 8.199487768327412, 8.199175294226114, 8.198862305216869, 8.19854880039709, 8.198234778867759, 8.197920239733877, 8.197605182104043, 8.19728960509076, 8.196973507810176, 8.196656889382162, 8.196339748930406, 8.196022085582232, 8.19570389846871, 8.195385186724753, 8.195065949488729, 8.194746185903007, 8.194425895113442, 8.19410507626958, 8.193783728524691, 8.193461851035586, 8.193139442962734, 8.192816503470466, 8.192493031726386, 8.192169026901901, 8.191844488171979, 8.19151941471513, 8.191193805713253, 8.190867660352138, 8.190540977820747, 8.190213757311863, 8.189885998021389, 8.189557699149008, 8.189228859897698, 8.18889947947386, 8.188569557087336, 8.188239091951436, 8.187908083282652, 8.187576530301099, 8.187244432229834, 8.186911788295571, 8.186578597728214, 8.186244859760706, 8.185910573629567, 8.185575738574299, 8.185240353837683, 8.184904418665617, 8.184567932307216, 8.184234728875792, 8.18389716614558, 8.183559049816905, 8.183220379140941, 8.182881153372744, 8.182541371783215, 8.182201033649319, 8.181860138243616, 8.181518684839446, 8.181176672713262, 8.18083410113945, 8.180490969394718, 8.180147276766306, 8.179803022547548, 8.179458206031287, 8.179112826510673, 8.178766883280547, 8.178420375635913, 8.17807330287406, 8.177725664299096, 8.177377459220804, 8.17702868694983, 8.176679346797608, 8.17632943807675, 8.175978960100752, 8.175627912185353, 8.175276293651468, 8.17492410382426, 8.174571342031015, 8.17421800759962, 8.173864099859317, 8.173509618140258, 8.173154561775048, 8.172798930100198, 8.172442722455845, 8.172085938183914, 8.171728576627658, 8.171370637131188, 8.171012119039979, 8.170653021701849, 8.170293344467465, 8.169933086690717, 8.16957224772716, 8.169210826933439, 8.168848823667405, 8.168486237288265, 8.16812306715708, 8.167759312637633, 8.167394973096005, 8.16703004789995, 8.16666453641828, 8.166298438021009, 8.16593175207921, 8.165564477965933, 8.165196615056459, 8.164828162727787, 8.164459120358423, 8.164089487327981, 8.163719263016894, 8.163348446806943, 8.162977038081571, 8.162605036225909, 8.162232440626736, 8.161859250671776, 8.161485465750037, 8.161111085251127, 8.160736108565947, 8.160360535086769, 8.159984364207387, 8.159607595322724, 8.159230227828695, 8.158852261121979, 8.15847369460012, 8.158094527661744, 8.157714759706613, 8.1573343901356, 8.156953418350556, 8.156571843754092, 8.156189665749444, 8.155806883740848, 8.155423497132972, 8.155039505331855, 8.440359648669075, 9.878102371554396, 8.787633097989424, 8.278440692926969, 9.23886682104421, 8.258604119317432, 8.317494811737383, 8.746120738582725, 8.68697914566123, 8.299077808286555, 8.1749353495125, 8.49256522954574, 8.483678824664226, 8.190634501400787, 8.192749411986902, 8.361884377058088, 8.384132262158722, 8.236005277482723, 8.139524578462106, 8.23789649049889, 8.308121667606121, 8.197151690247894, 8.139320913996585, 8.207709220095673, 8.250733114257919, 8.196911114220647, 8.139077253278455, 8.171833507135531, 8.214286873966644, 8.171930802440928, 8.136652923133967, 8.164855163402375, 8.186631760383186, 8.160354286536824, 8.135182986000201, 8.153835677592323, 8.169075191437475, 8.146392751299238, 8.134995797054588, 8.151218140761303, 8.155882337055015, 8.13949238801665, 8.134372469689774, 8.146679191829367, 8.145191488924969, 8.132874221125492, 8.135158863072228, 8.142239317075829, 8.136758585189215, 8.130217896920374, 8.134936455905633, 8.137003088688305, 8.130558892189603, 8.129868800002265, 8.133780519376488, 8.131402184439883, 8.127576364722513, 8.129686105695349, 8.1304161407676, 8.126855330523341, 8.126645160023344, 8.128273754202718, 8.12634302152444, 8.124678943497548, 8.125899004300539, 8.125316353256407, 8.123400803658814, 8.123765096188514, 8.123869499272647, 8.122274471945882, 8.12192700060266, 8.122222205248969, 8.121051928142652, 8.120365499326807, 8.120553201594229, 8.119752266736677, 8.118928310263822, 8.118946089104757, 8.118357209125149, 8.117536676820523, 8.117390908688646, 8.116905625920394, 8.116130812624684, 8.115865305029036, 8.115419234252709, 8.114703525330258, 8.114364182702936, 8.113920595840662, 8.11325600208541, 8.112866894531876, 8.112408799893148, 8.111781328206456, 8.111360782000583, 8.110880226798237, 8.110280535511427, 8.109837516581159, 8.109335521772726, 8.108757187285597, 8.108297203929283, 8.107775369207985, 8.10721270627821, 8.106735714551636, 8.106196604638527, 8.105645214383346, 8.105150383573909, 8.104598162188607, 8.104054165243271, 8.103541142640998, 8.102980337315643, 8.102440098708053, 8.101908714714058, 8.101343223777807, 8.100801721629866, 8.100253024724587, 8.099685408866394, 8.099138080159605, 8.098574689728336, 8.098006096933402, 8.097449188633902, 8.096874828411687, 8.096304454273335, 8.09573573293015, 8.095153947280032, 8.094579160648191, 8.093998414615571, 8.093411564710978, 8.092829398566893, 8.092238322112802, 8.091646932741508, 8.091055280150544, 8.090456291886461, 8.089859160767896, 8.08925756893494, 8.088652341028927, 8.0880475304263, 8.087437050533666, 8.0868257925365, 8.086212106332654, 8.085594249284913, 8.084975957082063, 8.084353521790568, 8.083729035232736, 8.083102604782926, 8.082472364944348, 8.081840844771264, 8.081205996789661, 8.080568677232298, 8.07992933347022, 8.07928662374705, 8.078642117052594, 8.077994642045441, 8.077344633066058, 8.076692406683144, 8.076037136915575, 8.075379779843864, 8.074719597393063, 8.074056917282224, 8.07339184886168, 8.072723951582304, 8.072053792719636, 8.071380876301234, 8.070705499738677, 8.070027609372715, 8.069347037859357, 8.068664083506846, 8.067978428613147, 8.067290327275302, 8.066599639017202, 8.065906369875442, 8.065210624362061, 8.064512240121292, 8.063811390321247, 8.063107926728112, 8.062401936901837, 8.061693403184476, 8.060982289058314, 8.060268667062898, 8.05955244242491, 8.058833703610766, 8.058112388398023, 8.057388531055638, 8.05666212226937, 8.055933139884814, 8.055201624621109, 8.054467533387184, 8.053730906285523, 8.052991704040345, 8.052249949817071, 8.051505637887836, 8.050759758279353, 8.050010397039195, 8.049258468201618, 8.048503990496188, 8.04774694346982, 8.04698734300082, 8.046225176941702, 8.045460450631388, 8.044693161852415, 8.043923307731793, 8.04315089323169, 8.042375910307669, 8.041598367102337, 8.040818256137477, 8.04003558409741, 8.039250345197331, 8.038462543580401, 8.03767217757325, 8.036879247725677, 8.036083753905954, 8.03528569394198, 8.034485069305067, 8.033681876274715, 8.032876115589886, 8.03206778243901, 8.031256877194341, 8.030443396181203, 8.029627338835839, 8.028808701493775, 8.027987483553916, 8.027163684028737, 8.026337302075445, 8.025508336069363, 8.024676784745024, 8.023844601740235, 8.02300813944309, 8.022169085730157, 8.021327439663214, 8.020483200554843, 8.01963633530947, 8.018787084449084, 8.017935237410677, 8.017081174465693, 8.016224086775544, 8.015364385305586, 8.014502069781326, 8.013637139637682, 8.012769593577874, 8.011899431841584, 8.0110266541551, 8.010151260447488, 8.00927325066662, 8.008392624774926, 8.00750938226742, 8.0066235229295, 8.005735046699678, 8.004843953207907, 8.003950241677018, 8.003053911613195, 8.002154962720516, 8.001253394321122, 8.000349205388128, 7.99944239513725, 7.99853296295645, 7.9976209078832845, 7.996706228675237, 7.995788924285498, 7.994868993780344, 7.993946435940708, 7.993021249339307, 7.992093432699658, 7.991162984794894, 7.990229904181621, 7.989294189271711, 7.988355838587728, 7.987414850649844, 7.986471223823642, 7.985524956380626, 7.984576046664477, 7.983624492982622, 7.982670293539973, 7.981713446651599, 7.980753957075863, 7.979791815344219, 7.978827019520927, 7.977859567637645, 7.976889457732965, 7.9759166878063885, 7.974941255832812, 7.973963159762152, 7.972982397534506, 7.971998967059822, 7.971012866230498, 7.97002409291716, 7.969032644970643, 7.968038520222506, 7.967041716487645, 7.966042231548425, 7.965040063177221, 7.9640352091350595, 7.963027667164436, 7.962017434986492, 7.961004510302985, 7.959988890806869, 7.958970574170812, 7.957949558046948, 7.956925840073425, 7.955899417877517, 7.954870289066292, 7.953838451228426, 7.9528039019425085, 7.95176663877292, 7.950726659265154, 7.94968396095013, 7.9486385413487515, 7.947590397965817, 7.94653952828989, 7.945485929797841, 7.94442959995455, 7.943370536209399, 7.9423087359980915, 7.941244196745621, 7.940176915863404, 7.939106890749385, 7.938034118789783, 7.936958597359066, 7.935880323818881, 7.934799295519039, 7.933715509798253, 7.932628963982947, 7.931539655388426, 7.930447581319165, 7.9293527390679, 7.928255125916425, 7.927154739136543, 7.926051575989016, 7.924945633723286, 7.923836909579621, 7.922725400788186, 7.921611104567845, 7.92049401812828, 7.919374138670135, 7.918251463383536, 7.917123495820806, 7.915995242234157, 7.914864190560652, 7.913730337766868, 7.912593680790684, 7.911454216514056, 7.910311941810249, 7.909166853551866, 7.908018948559484, 7.9068682236274155, 7.905714675563564, 7.904558301141614, 7.903399097099021, 7.902237060184328, 7.901072187134148, 7.899904474650552, 7.898733917676217, 7.8975605112341976, 7.8963842559575275, 7.895205148679254, 7.89402318623595, 7.892838365449345, 7.891650683129843, 7.890460136089362, 7.889266721131349, 7.888070435047527, 7.886871274630036, 7.885669236665814, 7.884464317934583, 7.88325651521345, 7.8820458252752985, 7.880832244888756, 7.879615772409212, 7.878396409944414, 7.877174154368401, 7.875949002091891, 7.874720949536811, 7.873489993136451, 7.87225612920681, 7.871019353643186, 7.869779662791744, 7.868537053068624, 7.8672915209014995, 7.866043062729099, 7.864791675005377, 7.8635373541956195, 7.862280096776271, 7.861019899240002, 7.859756758091586, 7.858490669847137, 7.857221631040098, 7.855949638217564, 7.8546746879385925, 7.85339677678129, 7.8521158840724095, 7.850831999769259, 7.849545143976839, 7.848255323878271, 7.846962540624087, 7.845666790900801, 7.844368071418011, 7.843066378903779, 7.841761710115148, 7.840454061832441, 7.839143430855335, 7.8378298140108855, 7.8365132081480855, 7.835193610133706, 7.833871016858224, 7.83254542522954, 7.831216832169133, 7.829885234614397, 7.828550629511771, 7.827213013812254, 7.825872384470472, 7.824528738436876, 7.823182072652381, 7.82183238404445, 7.820481473299395, 7.819125746163237, 7.817766980656149, 7.816405173869839, 7.815040322937701, 7.813672425054739, 7.81230147753761, 7.810927477754623, 7.809550423173494, 7.80817031140158, 7.806787087035662, 7.805400795344721, 7.804011436114364, 7.802619006617605, 7.801223504164932, 7.799824926086399, 7.798423269710994, 7.797018532399474, 7.795610711504128, 7.794199804362367, 7.7927858081191355, 7.791368719806462, 7.789948536655218, 7.78852525583751, 7.787096192606148, 7.785666518859437, 7.7842337328625115, 7.782797830031729, 7.781358798562464, 7.779916634148495, 7.778471333549279, 7.777022893513372, 7.775571310793506, 7.774116582138601, 7.772658704301341, 7.771197674052092, 7.7697334881792015, 7.768266143509868, 7.766795636920816, 7.7653219653472485, 7.76384512580085, 7.762365115368229, 7.760881931215328, 7.759395570583326, 7.757910346187017, 7.756417779626234, 7.754922029716004, 7.753423093944793, 7.751920969983744, 7.75041565536936, 7.748907147628421, 7.747395444342981, 7.745880542773434, 7.744362440278115, 7.742841133790503, 7.741316619962863, 7.739786076548207, 7.738254886795178, 7.736720473010944, 7.735182832327886, 7.733641961744767, 7.732097858234123, 7.730550518751841, 7.728999940199842, 7.727446119590112, 7.7258890539592775, 7.724328740543391, 7.722765176742709, 7.721198360165644, 7.719628288650292, 7.718054960138059, 7.71647837270826, 7.714898524379108, 7.713315413131471, 7.711729036774668, 7.71013939295201, 7.70854647912474, 7.706950292552353, 7.7053508303612395, 7.703748089501894, 7.702142099517939, 7.7005329171160986, 7.698920438575078, 7.697304660829572, 7.695685580737895, 7.694063195230632, 7.69243750118614, 7.690808495527261, 7.689176175144059, 7.687540536945094, 7.897353869497163, 10.396538103233722, 8.622222405384674, 8.089138041299314, 8.831287075483383, 7.681873429313058, 8.271244989591521, 8.598607064333182, 8.260836288065873, 7.76052182827629, 7.879934341087893, 8.309653106708536, 7.889037926580113, 7.715120186380267, 7.934348146845088, 8.065136074000657, 7.934132837300106, 7.72102344343271, 7.736732247501044, 7.923439320336294, 7.824500501623168, 7.67698688960434, 7.741861302553351, 7.832379130222953, 7.791776574443782, 7.688207264591026, 7.69431373816397, 7.781662938570791, 7.738178120919568, 7.671775610972322, 7.709356160051863, 7.748301024033026, 7.713769693423344, 7.671159434759653, 7.698342810841666, 7.722042256131382, 7.682561933165996, 7.67127149227714, 7.6979772723026265, 7.697779748859398, 7.671125009804552, 7.671081826533305, 7.690314380429475, 7.678624274844083, 7.6644356296885325, 7.675630242408757, 7.6806849811582545, 7.667605201536901, 7.664446121423885, 7.67428976325897, 7.669526472731059, 7.661252264227411, 7.666536064354403, 7.668508231388237, 7.6611032266149115, 7.660638516544157, 7.665077645915428, 7.66075900250402, 7.657940057700211, 7.661368706542347, 7.660064390322671, 7.656423749848766, 7.65825560318419, 7.658508566947611, 7.655294354696206, 7.655919381431039, 7.656616961307688, 7.654178983635984, 7.653914940692499, 7.654701428109022, 7.652861824888421, 7.6523178353346, 7.652888187820929, 7.651553962554865, 7.650854794494228, 7.651237267636883, 7.650168954460452, 7.649499527360177, 7.649657677831561, 7.648763260916655, 7.648122541241057, 7.648122250957283, 7.647304276068121, 7.646744934129066, 7.646603813837751, 7.645848465311073, 7.645350965984128, 7.645104645306091, 7.644389479178832, 7.643953154205849, 7.64360610772614, 7.642933232468394, 7.642525372871639, 7.642093896659521, 7.641463979519937, 7.64106598778514, 7.6405660410277845, 7.63998414490886, 7.639572347256268, 7.639028023154566, 7.6384930073681145, 7.638050182441131, 7.637486008597904, 7.636983361270331, 7.636500021339149, 7.6359364567541945, 7.635447859208361, 7.634925754448781, 7.634376309348886, 7.633880860249951, 7.633333173818523, 7.632800913927861, 7.632285011067122, 7.631728768386339, 7.631204286386791, 7.630664580981738, 7.630112199772994, 7.629582042626205, 7.629025460360385, 7.62847859856291, 7.627932799278491, 7.627370476072284, 7.626822687272512, 7.626261161950945, 7.625699353702766, 7.625141811623338, 7.624571446371926, 7.624008536263474, 7.623438282777428, 7.622864930441366, 7.622294506143951, 7.621715083127506, 7.621138976631596, 7.620557968395776, 7.619973859016553, 7.61939075874922, 7.618801345629387, 7.618213163547505, 7.617620888583923, 7.617026206676141, 7.616430956809084, 7.615831137662659, 7.615231339884908, 7.614627748953114, 7.614022358310905, 7.613415266876208, 7.612804831412629, 7.612193538915128, 7.611578788214232, 7.6109625545875925, 7.610343932119849, 7.609722840549083, 7.6091001386975226, 7.608474451216554, 7.607847226873788, 7.6072173507982965, 7.606585509059031, 7.605951480921223, 7.605314992628973, 7.604676671480437, 7.6040358119591795, 7.603393096613879, 7.602750616462137, 7.602103381416513, 7.601453966848306, 7.600802279218525, 7.600148566420953, 7.599492501107813, 7.5988344323065, 7.598174052445449, 7.59751159952956, 7.596846932277435, 7.596180103576074, 7.5955111458321936, 7.5948399682722405, 7.594166704193327, 7.593491209475843, 7.592813627963287, 7.592133836873149, 7.5914519344459, 7.5907678595853785, 7.59008164609696, 7.589393291296475, 7.588702777167834, 7.5880101430957945, 7.587315344434617, 7.586618433335303, 7.585919359522236, 7.585218172662422, 7.584514834828202, 7.583809379717071, 7.583101783529744, 7.582392064269394, 7.581680216313486, 7.580966243306157, 7.580250148578841, 7.579531926421796, 7.578811589465494, 7.578089128062223, 7.577364554956343, 7.576637858379911, 7.575909053017771, 7.575178129700982, 7.574445099344979, 7.57370995325574, 7.572972701533785, 7.5722333397766075, 7.5714918744042725, 7.570748301197948, 7.570002625551692, 7.56925484701402, 7.568504968715107, 7.567752989470552, 7.566998911801824, 7.566242737352341, 7.565484467639098, 7.564724102943321, 7.56396164446896, 7.563197094607362, 7.562430454308253, 7.561661724366491, 7.560890905536638, 7.560118000258772, 7.55934300940132, 7.5585659338221935, 7.557786774231692, 7.557005532869846, 7.556222210665386, 7.555437564240603, 7.554650116223391, 7.553860587836314, 7.553068980077287, 7.55227529428278, 7.551479531523248, 7.550681693040771, 7.5498817799389535, 7.549079793405737, 7.54827573457149, 7.547469604552925, 7.546661404502021, 7.54585113545944, 7.545038798573936, 7.54422439487244, 7.543407925495462, 7.542589391363796, 7.541768793612917, 7.540946133211372, 7.540121411233989, 7.539294628525306, 7.538465786181074, 7.537634885131435, 7.5368019263438635, 7.535966910632691, 7.535129839032539, 7.534290712437869, 7.533449531693355, 7.532606297617388, 7.531761011169533, 7.5309136731935435, 7.530064284427397, 7.529212845703392, 7.528359357898342, 7.527503821779698, 7.526646238021083, 7.525786607450384, 7.524924930858081, 7.524061208918817, 7.523195442288212, 7.522327631750415, 7.521457778005484, 7.5205858816453635, 7.519711943332028, 7.518835963783312, 7.517957943604848, 7.517077883342594, 7.516195791802388, 7.515311663868408, 7.514425496915351, 7.513537291469359, 7.512647048151152, 7.511754767482824, 7.510860449909868, 7.509964095965436, 7.509065706193121, 7.508165281034673, 7.507262820931552, 7.506358326402326, 7.5054517979141595, 7.5045432358781765, 7.503632640762633, 7.502720013056177, 7.501805353193217, 7.500888661616912, 7.49996993882582, 7.499049185301425, 7.498126401510728, 7.497201587966785, 7.496274745204338, 7.495345873749169, 7.4944149741522805, 7.493482047002487, 7.492547092895308, 7.491610112441552, 7.4906711062839095, 7.489730075081269, 7.488787019505536, 7.487841940244305, 7.4868948365349866, 7.485945707746762, 7.484994554368755, 7.484041376893621, 7.483086175814652, 7.4821289516261205, 7.4811697048131744, 7.480208435846482, 7.479245145186734, 7.478279833274609, 7.477312500522185, 7.47634314731985, 7.4753717740312675, 7.474398380983155, 7.473422968470393, 7.472445536758448, 7.471466086073073, 7.470484616602921, 7.46950112850677, 7.468515621906533, 7.467528096886901, 7.4665385535043605, 7.465546991785022, 7.464553411721632, 7.463557815375938, 7.462560202205498, 7.461560570083935, 7.46055891894068, 7.459555248691868, 7.458549559236388, 7.457541850460067, 7.456532122240472, 7.455520374443518, 7.454506606925644, 7.453490820609186, 7.452473016955984, 7.4514531957491945, 7.450431356751438, 7.449407499722077, 7.448381624416971, 7.447353730593914, 7.446323818011913, 7.44529188642895, 7.4442579356071175, 7.4432219653117935, 7.442183975308746, 7.441143965368064, 7.440101935263357, 7.439057884768385, 7.438011813659546, 7.436963721715333, 7.435913607335829, 7.4348614712026455, 7.433807313496482, 7.432751133998574, 7.4316929324859045, 7.4306327087316015, 7.42957046249978, 7.428506193546233, 7.427439901619189, 7.426371586453891, 7.425301440526436, 7.424229084850773, 7.423154697775602, 7.422078286655224, 7.420999851096724, 7.419919390700321, 7.418836905076364, 7.417752393826723, 7.41666585654766, 7.415577292844458, 7.4144867023120575, 7.413394084541807, 7.412299439131852, 7.4112027656686985, 7.410104063737257, 7.409003332926352, 7.407900572812128, 7.406795782970991, 7.405688962979914, 7.404580112402709, 7.403469230804911, 7.402356317748261, 7.401241372782456, 7.400124395459079, 7.399005385321612, 7.397884341903716, 7.396761264739527, 7.3956361533521, 7.394509007257324, 7.393379825969109, 7.392248608989343, 7.391115355815462, 7.38998006594031, 7.388842738846264, 7.387703374013623, 7.386561970916565, 7.385418529022465, 7.384273047798431, 7.3831255267058005, 7.3819759652041235, 7.38082436275335, 7.379670718810346, 7.378515032834152, 7.377357305214048, 7.376197538602599, 7.375035732819573, 7.3738718874295675, 7.372706002000353, 7.371538076103534, 7.3703681093119515, 7.36919610120249, 7.3680220513540435, 7.366845959346803, 7.3656678247641985, 7.364487647189332, 7.3633054262069955, 7.362121161402469, 7.360934852359935, 7.359746498664399, 7.358556099898906, 7.357363655645543, 7.356169165485139, 7.354972628995832, 7.353774045754449, 7.352573415334751, 7.351370737308131, 7.350166011243462, 7.3489592367060785, 7.347749382739801, 7.346538526588983, 7.345325622635364, 7.344110670522476, 7.342893669684956, 7.34167461974183, 7.340453520192367, 7.339230370555893, 7.338005170410771, 7.336777919212056, 7.335548616560567, 7.33431726191969, 7.333083854842605, 7.33184839484006, 7.330610881406087, 7.329371314089325, 7.328129692352355, 7.326886015747629, 7.325640283740012, 7.324392495856702, 7.323142651580935, 7.321890750405774, 7.320636791829119, 7.319380775314742, 7.318122700360843, 7.31686226136553, 7.315600045415628, 7.314335770143828, 7.313069434901934, 7.31180103882706, 7.310530581043636, 7.309258060916358, 7.307983477637586, 7.306706830630967, 7.305428118991485, 7.304147342220744, 7.3028644992965415, 7.3015795898441445, 7.3002926126680165, 7.299003567621053, 7.297712453212885, 7.296419269753145, 7.295124015222825, 7.2938266909179825, 7.292527293907612, 7.2912258278652935, 7.289922288686611, 7.288616686851882, 7.287309019628719, 7.2859993220080375, 7.284687617011013, 7.283374051733796, 7.282058851200684, 7.280742785970639, 7.279427534083669, 7.278117846412093, 7.276826205039035, 7.275585170415976, 7.274494292101844, 7.273787795537586, 7.27435507519753, 7.277741298461783, 7.293157876722091, 7.322669935013537, 13.2797070394204, 8.823746505429359, 11.262598774797254, 7.299716613546963, 8.520724957365161, 9.666749243837327, 10.083678769332318, 9.809764119476176, 9.05166715466696, 8.113404888729166, 7.4433881271541456, 7.6558951152820605, 8.706723822166524, 8.433635489613437, 7.590566375703346, 7.45968896272808, 7.738460922473303, 8.03265764295282, 8.151213219802228, 8.052868473937464, 7.796678767785662, 7.518441747479593, 7.4009495258823215, 7.556483188770608, 7.773718737199116, 7.672279369819379, 7.422707829369464, 7.348731076564005, 7.436246449241207, 7.537191430057936, 7.551081966493843, 7.466152606810138, 7.34906884323656, 7.304326694573183, 7.376273188760553, 7.445460568918347, 7.386822167855846, 7.303398203372643, 7.30633850415492, 7.359060812956209, 7.383772258069261, 7.35310537643218, 7.303737277535576, 7.29518632260488, 7.332844488002487, 7.346136695744496, 7.3103736046998185, 7.2874433355497334, 7.30239297860513, 7.320573018213941, 7.31287518462137, 7.289467102094759, 7.281367283464683, 7.295217726202139, 7.300881704517716, 7.285723909676707, 7.275217204924556, 7.281370784373395, 7.288218390563856, 7.282928695917284, 7.273054394248266, 7.27253819656492, 7.278920465248444, 7.278189226912588, 7.271050477862456, 7.269300613896537, 7.273199483759424, 7.273963851860055, 7.269644966606282, 7.266962143614768, 7.269068489634058, 7.270250711953325, 7.267298155264087, 7.265140825684733, 7.26633753812385, 7.267090760759851, 7.265161450660782, 7.2634619047258875, 7.264132084545907, 7.264627852197507, 7.263163494856112, 7.262067901445826, 7.262571600693249, 7.262709624249686, 7.261604557779404, 7.260910664364729, 7.261260339849147, 7.261145017686073, 7.260244353798966, 7.259876363773202, 7.260058257755488, 7.259724375498319, 7.259026251557396, 7.258822661293608, 7.2588280980047095, 7.25837342189014, 7.257861733774981, 7.257741739237448, 7.257574083047041, 7.257102278993872, 7.256749083667705, 7.256620403102899, 7.2563308566065645, 7.255907591494659, 7.255659872363553, 7.255466481045212, 7.255113329504977, 7.254766416170145, 7.254548497146464, 7.254278293936353, 7.25391857035683, 7.2536329005078235, 7.253389417501588, 7.253066752342517, 7.252737761769515, 7.252474174980503, 7.25218620581673, 7.251852525108461, 7.2515567626406785, 7.251279539271929, 7.250961226067734, 7.250644729961604, 7.250359453149886, 7.250055790150787, 7.249733494930734, 7.249433487692883, 7.249135297530674, 7.248815802756751, 7.248503680415809, 7.248202834848038, 7.247887386264315, 7.247568258902951, 7.2472606673183995, 7.2469471704359885, 7.246625286356007, 7.24631080440166, 7.245996518391172, 7.245673700244065, 7.245353574367928, 7.245036474728301, 7.2447130518715275, 7.244388898270254, 7.24406812970756, 7.243743450884708, 7.243416193976254, 7.243091463130503, 7.242764785349653, 7.242435009101911, 7.242106582569823, 7.241777358102454, 7.241445153603215, 7.241113273031633, 7.240781176239846, 7.240446581945968, 7.240111612182824, 7.2397765727672345, 7.239439477987545, 7.239101565377206, 7.238763539094311, 7.238423872128577, 7.238083184877249, 7.237742240164295, 7.237399910161272, 7.23705645677947, 7.236712600211135, 7.2363675613992, 7.236021404368743, 7.235674716279018, 7.235326946235298, 7.234978069571179, 7.234628565497602, 7.234278063122968, 7.233926506743063, 7.2335742534989, 7.233221030815597, 7.23286678190454, 7.232511785323453, 7.232155851621443, 7.231798937064723, 7.231441239965056, 7.2310826091522635, 7.230723017586445, 7.230362618024856, 7.2300013007762995, 7.229639055462436, 7.229275984985822, 7.228911995922939, 7.228547091870235, 7.228181350366276, 7.2278147029369215, 7.227447162543021, 7.227078774500086, 7.226709480188805, 7.226339300249529, 7.225968266494931, 7.225596338303621, 7.22522353765745, 7.224849875785581, 7.224475320673941, 7.22409989662217, 7.2237236094080854, 7.223346440331818, 7.222968408889807, 7.222589509331201, 7.222209730394098, 7.221829090462688, 7.221447584075369, 7.221065207914354, 7.220681972535548, 7.220297868203016, 7.219912896564787, 7.219527066287572, 7.219140371204167, 7.218752815134606, 7.218364399645124, 7.217975119021105, 7.2175849791159745, 7.2171939810620325, 7.216802122819962, 7.216409408078291, 7.216015834147156, 7.215621400932592, 7.215226112359361, 7.214829967095333, 7.214432966309054, 7.2140351105523735, 7.213636397960517, 7.213236830920559, 7.212836410236914, 7.212435135602629, 7.2120330081936, 7.21163002694736, 7.211226192372488, 7.210821506012306, 7.2104159676435025, 7.210009577931536, 7.209602336759921, 7.2091942438571035, 7.208785300426603, 7.208375506711766, 7.207964862947457, 7.207553369417241, 7.207141025825916, 7.206727832840833, 7.206313790947255, 7.205898900248072, 7.20548316107922, 7.205066573347168, 7.2046491373789445, 7.204230853667769, 7.203811722333742, 7.203391743666964, 7.202970917753101, 7.202549244787803, 7.202126725181118, 7.201703359092823, 7.201279146771495, 7.200854088411976, 7.2004281848284855, 7.200001436922406, 7.199573845011525, 7.199145409465979, 7.198716130668308, 7.198286008953851, 7.1978550447521314, 7.197423238427729, 7.196990590371244, 7.196557100997565, 7.196122770676824, 7.195687599835572, 7.195251588858363, 7.194814737902459, 7.1943770471262045, 7.193938516687106, 7.1934991467774205, 7.193058937575643, 7.19261788924955, 7.192176001953411, 7.191733275812894, 7.191289710985305, 7.1908453076219025, 7.190400065848482, 7.189953985756531, 7.189507067412628, 7.189059310907783, 7.188610716320786, 7.188161283685091, 7.187711012981706, 7.187259904168838, 7.186807957221588, 7.186355172165344, 7.185901550630292, 7.185447093309193, 7.184991800178921, 7.184535671232063, 7.184078706436589, 7.183620905695756, 7.183162268857697, 7.182702795773485, 7.182242486318902, 7.181781340346465, 7.18131935765309, 7.180856538007803, 7.180392881207624, 7.179928387079059, 7.179463055429727, 7.178996886031063, 7.178529878655062, 7.178062033114633, 7.177593349247525, 7.177123826876417, 7.176653465807422, 7.176182265865257, 7.1757102269137905, 7.175237348831238, 7.174763631484653, 7.174289074739236, 7.173813678485136, 7.173337442640284, 7.172860367127424, 7.172382451863137, 7.171903696770998, 7.171424101796466, 7.17094366690016, 7.170462392042385, 7.169980277182594, 7.169497322290396, 7.169013527349609, 7.168528892350082, 7.1680434172809635, 7.167557102134331, 7.167069946910038, 7.166581951615532, 7.166093116259966, 7.165603440853891, 7.165112925411674, 7.164621569952479, 7.164129374497396, 7.163636339069075, 7.163142463692742, 7.162647748396254, 7.162152193208437, 7.161655798162247, 7.1611585655725545, 7.16066049759847, 7.160161594503177, 7.159661856542383, 7.159161283966282, 7.158659877020176, 7.15815763594314, 7.157654560967966, 7.157150652322318, 7.156645910230352, 7.15614033491178, 7.155633926581296, 7.155126685449219, 7.154618611722924, 7.154109705606624, 7.153599967301026, 7.15308939700302, 7.15257799490698, 7.1520657612051, 7.151552696087006, 7.151038799739442, 7.150524072346941, 7.150008514092372, 7.149492125156706, 7.148974905718922, 7.148456855956107, 7.147937976043972, 7.1474182661568655, 7.1468977264677696, 7.146376357148066, 7.1458541583680635, 7.145331130296918, 7.144807273102993, 7.144282586953272, 7.143757072013943, 7.143230728450257, 7.1427035564267785, 7.1421755561071105, 7.141646727654133, 7.141117071230142, 7.140586586996588, 7.140055275114446, 7.139523135743942, 7.138990169044746, 7.138456375176097, 7.13792175429642, 7.137386307342746, 7.136850035937786, 7.136312937836561, 7.135775013197559, 7.135236262179125, 7.1346966849388735, 7.134156281634415, 7.1336150524234405, 7.1330729974629214, 7.13253011690916, 7.13198641091823, 7.131441879646226, 7.130896523248814, 7.130350341880754, 7.129803335696426, 7.129255504850355, 7.128706849496428, 7.1281573697878144, 7.127607065877126, 7.127055937916959, 7.126503986059408, 7.12595121045579, 7.125397611256805, 7.124843188612957, 7.124287942674283, 7.123731873590128, 7.123174706369135, 7.12261699638903, 7.12205846363571, 7.1214991082554, 7.120938930390245, 7.120377930185532, 7.119816107789642, 7.119253463347149, 7.118689996998538, 7.118125708886729, 7.117560599157041, 7.116994667951658, 7.116427915409156, 7.115860341669896, 7.115291946875885, 7.114722731166487, 7.1141526946782, 7.113581837548367, 7.113010159915646, 7.112437661916378, 7.111864343684317, 7.111290205353861, 7.110715247060137, 7.110139468936048, 7.109562871112422, 7.10898545372038, 7.108407216891305, 7.10782816075454, 7.10724828543772, 7.106667591068404, 7.106086077774146, 7.10550374568054, 7.104920594911548, 7.104336625591205, 7.10375183784283, 7.103166231788136, 7.102579807547349, 7.101992565240553, 7.10140450498688, 7.100815626903773, 7.100225931107678, 7.099635417714378, 7.099044086838626, 7.098451938593723, 7.097858973091812, 7.097265190444358, 7.096670590761716, 7.096075174152514, 7.095478940724695, 7.0948818905850635, 7.094284023839399, 7.093685340591758, 7.093085840945491, 7.092485525002801, 7.091884392864506, 7.091282444630167, 7.0906796803982255, 7.090076100266089, 7.089471704329683, 7.088866492683818, 7.088260465421981, 7.0876536226365365, 7.0870459644184995, 7.08643749085762, 7.085828202042441, 7.085218098060216, 7.08460717899687, 7.083995444936942, 7.083382895964042, 7.0827695321600235, 7.082155353605732, 7.081540360380524, 7.08092455256259, 7.080307930228731, 7.079690493454376, 7.079072242313618, 7.078453176879275, 7.077833297222827, 7.077212603414347, 7.076591095522502, 7.075968773614829, 7.075345637757195, 7.074721688014418, 7.074096924449657, 7.0734713471249515, 9.22116734964552, 10.010172427290959, 13.095832352791307, 13.812696714540046, 12.911288949333546, 11.014338197269018, 8.722495790705123, 7.177883651052647, 10.058412071618333, 8.29431389663013, 7.2567302860913125, 7.680266455603188, 8.273020773363886, 8.60452949855784, 8.58885277279008, 8.278089050647212, 7.810857685173155, 7.418110329854422, 7.4096226375768675, 7.869898828171645, 7.990115098152348, 7.510937253540538, 7.280353434124702, 7.383823146739579, 7.560416265185338, 7.631225641809872, 7.543210115259817, 7.3467231285941015, 7.176411474542673, 7.1906584289488, 7.358536226538504, 7.344588247587149, 7.159618895600354, 7.109152841910728, 7.189142131924886, 7.25475464713231, 7.227619954994768, 7.136547283205397, 7.086064293609277, 7.1447925547340585, 7.1965005530617505, 7.1315796663056865, 7.085300441679923, 7.119185979630701, 7.155788842853934, 7.13902660179271, 7.094411382075088, 7.087965221951069, 7.122723545592989, 7.119491196879102, 7.083532889228497, 7.081411471605926, 7.101238950360419, 7.10057943879986, 7.078525729018599, 7.069215802663944, 7.082727881088807, 7.084255060060683, 7.067605028851667, 7.063810759678984, 7.072712199477916, 7.072846322233928, 7.062626022946074, 7.059177183464419, 7.065630109912264, 7.065330364384257, 7.057864579185548, 7.057301546175518, 7.061420483356543, 7.060017371820144, 7.055070638093576, 7.055086551262008, 7.05770973358591, 7.05548214099029, 7.05231583368819, 7.053315614795841, 7.054219790348544, 7.051864606356992, 7.050222790642112, 7.051310207526208, 7.051081372236987, 7.0490523912200445, 7.048811805276128, 7.049489696533254, 7.04851407382928, 7.0473565568554255, 7.0477193567593535, 7.047701726900533, 7.046607623420463, 7.046338233118499, 7.046604074058817, 7.045996808162787, 7.0453330937684395, 7.045435656332317, 7.045223125918215, 7.044538867394137, 7.044363356463637, 7.044310875519425, 7.04378750758299, 7.043410836236674, 7.043353277187061, 7.043000602363975, 7.042563923402586, 7.0424245890728, 7.042186908378767, 7.041770739898306, 7.041547240004909, 7.041358194474799, 7.040991635049005, 7.040713904597471, 7.040524268451235, 7.040205298488908, 7.039897782278817, 7.0396876423134325, 7.03939901789343, 7.039082818102242, 7.03884754183532, 7.038574519978508, 7.038259737240142, 7.0380038299720775, 7.037736359449561, 7.037427083871554, 7.037157277371635, 7.036889335126656, 7.036585933322783, 7.036307060999667, 7.036035911882661, 7.035736389836315, 7.035451718928734, 7.035175708933495, 7.034878012772709, 7.034588989667248, 7.034307765245142, 7.034010006133221, 7.033717546637794, 7.033431169039298, 7.033132342803499, 7.032836954126026, 7.032545971884528, 7.032245505661783, 7.031947574298136, 7.031652473792085, 7.0313501451829445, 7.031049827697695, 7.030751023842692, 7.030446631135268, 7.030143914866244, 7.029841611935689, 7.0295350109140236, 7.029229782446017, 7.028924127410743, 7.028615190915692, 7.028307328480776, 7.027998438371063, 7.0276871214908905, 7.027376550174818, 7.027064574946234, 7.02675086396024, 7.026437539538364, 7.026122629790131, 7.025806524547487, 7.025490425797898, 7.025172715714913, 7.024854185370208, 7.024535291085215, 7.02421488502796, 7.023893875976781, 7.023572183534293, 7.023249156105447, 7.0229256013205825, 7.02260113087733, 7.022275535373702, 7.021949378205901, 7.021622179203772, 7.021294045453562, 7.020965248603402, 7.020635385555716, 7.020304720440825, 7.019973271731368, 7.0196408069452785, 7.0193075974266685, 7.018973507031544, 7.018638485053892, 7.018302708880139, 7.017966004456714, 7.017628447153137, 7.017290088183031, 7.016950805078218, 7.016610714144965, 7.016269771726524, 7.015927942747382, 7.015585311602717, 7.015241801930116, 7.014897447360133, 7.014552270494712, 7.014206218621405, 7.013859346266961, 7.013511627922267, 7.013163056064317, 7.012813664844192, 7.012463418399196, 7.012112340332214, 7.011760430954093, 7.011407673275613, 7.011054092978335, 7.01069967208515, 7.010344417431935, 7.009988337001514, 7.00963141675382, 7.009273672367886, 7.00891509642456, 7.0085556894149645, 7.008195459244245, 7.007834396702602, 7.007472510746373, 7.007109798798467, 7.0067462598773345, 7.006381899807349, 7.006016713092552, 7.0056507050008285, 7.005283874724504, 7.004916221514174, 7.0045477492276405, 7.004178454724951, 7.0038083413838415, 7.003437408915439, 7.0030656571506, 7.002693088504393, 7.002319701259583, 7.0019454977695235, 7.0015704778404455, 7.001194641782932, 7.000817991020923, 7.000440524722574, 7.0000622445936695, 6.999683150462304, 6.999303242930093, 6.998922522770025, 6.998540989738155, 6.998158645060612, 6.997775488634418, 6.997391521173006, 6.997006743053376, 6.996621154424605, 6.996234756122211, 6.9958475481685305, 6.995459531239646, 6.995070705515861, 6.994681071376191, 6.9942906293504725, 6.993899379608169, 6.993507322692964, 6.993114458742988, 6.9927207882222016, 6.992326311461209, 6.991931028747956, 6.991534940467758, 6.991138046811073, 6.990740348213129, 6.990341844916008, 6.989942537257088, 6.989542425501056, 6.989141509911454, 6.988739790837247, 6.988337268512499, 6.9879339432521075, 6.987529815271042, 6.987124884868799, 6.986719152314003, 6.9863126178592205, 6.985905281762965, 6.98549714424713, 6.985088205595466, 6.98467846603773, 6.984267925826117, 6.983856585268484, 6.983444444675843, 6.983031504131531, 6.982617763858591, 6.982203224084662, 6.981787885017668, 6.981371746894275, 6.980954809929229, 6.980537074340944, 6.98011854033279, 6.979699208117921, 6.979279077911994, 6.978858149919869, 6.978436424345126, 6.9780139014045695, 6.977590581330153, 6.97716646432047, 6.976741550573228, 6.976315840277889, 6.975889333631536, 6.975462030830431, 6.975033932065364, 6.974605037523159, 6.9741753473901875, 6.97374486185851, 6.973313581114682, 6.972881505342728, 6.9724486347229915, 6.972014969441656, 6.971580509682821, 6.971145255627231, 6.970709207452353, 6.97027236533856, 6.969834729467539, 6.969396300017684, 6.9689570771644895, 6.968517061084119, 6.968076251955673, 6.967634649955776, 6.967192255258621, 6.966746479803373, 6.966302494459075, 6.965857717011695, 6.9654121476316, 6.964965786493292, 6.96451863385268, 6.964070690176357, 6.963621955658482, 6.963172430475186, 6.962722114796396, 6.962271008785188, 6.96181911260845, 6.961366426440555, 6.960912950452568, 6.960458684808865, 6.9600036296753665, 6.959547785224919, 6.959091151629118, 6.958633729053682, 6.958175517664402, 6.957716517632889, 6.957256729130973, 6.9567961523257, 6.956334787383148, 6.955872634474151, 6.955409693770804, 6.954945965441004, 6.9544814496516265, 6.954016146573216, 6.9535500563778525, 6.953083179234484, 6.952615515310679, 6.9521470647770665, 6.951677827805787, 6.9512078045666135, 6.95073699522795, 6.95026539996066, 6.9497930189371155, 6.949319852327747, 6.948845900301837, 6.948371163030671, 6.947895640686818, 6.947419333441334, 6.946942241464298, 6.946464364927448, 6.945985704003635, 6.945506258864538, 6.945026029680795, 6.944545016624827, 6.944063219869693, 6.943580639587393, 6.943099288443298, 6.942615140157309, 6.942130208338111, 6.94164449315696, 6.941157994783799, 6.940670713390765, 6.940182649150842, 6.939693802235462, 6.939204172815594, 6.938713761063661, 6.938222567152761, 6.93773059125461, 6.9372378335411495, 6.936744294185326, 6.936249973360271, 6.93575487123836, 6.93525898799231, 6.934762323795525, 6.934264878821335, 6.933766653242817, 6.933267647233287, 6.932767860966485, 6.932267294616142, 6.931765948355824, 6.931263822359409, 6.9307609168009625, 6.930257231854429, 6.929752767693938, 6.929247524493665, 6.928741502427941, 6.928234701670946, 6.927727122397176, 6.927218764781025, 6.926709628996923, 6.926199715219368, 6.9256890236229856, 6.925177554382135, 6.924665307671421, 6.924152283665455, 6.923638482538741, 6.923123904465939, 6.922608549621317, 6.922092418179639, 6.921575510315294, 6.921057826202613, 6.92053936601605, 6.920020129930037, 6.919500118118774, 6.9189793307563665, 6.918457768017095, 6.91793543007509, 6.9174123171042, 6.916888429278285, 6.916363766771352, 6.915838329757042, 6.915312118408844, 6.914785132900293, 6.914257373404922, 6.913728840095919, 6.913199533146343, 6.912669452729346, 6.91213859901782, 6.911606972184526, 6.911074572401932, 6.9105413998428356, 6.910007454679469, 6.90947273708403, 6.908937247228573, 6.90840098528519, 6.907863951425487, 6.907326145821185, 6.906787568643949, 6.906248220065046, 6.905708100634774, 6.905167211023828, 6.904625550625107, 6.904083119607647, 6.9035399181407, 6.902995946393104, 6.902451204533415, 6.901905692729878, 6.901359411150534, 6.900812359963302, 6.90026453933556, 6.899715949434593, 6.899166590427469, 6.89861646248084, 6.89806556576124, 6.897513900434686, 6.896961466667307, 6.89640826462466, 6.895854294472044, 6.895299556374696, 6.894744050497466, 6.894187777004773, 6.893630736060968, 6.8930729278299765, 6.892514352475573, 6.891955010161085, 6.891394901049742, 6.890834025304312, 6.890272383087219, 6.889709974560853, 6.8891468008239025, 6.888582862185982, 6.888018157689208, 6.887452687489207, 6.886886451741319, 6.8863194506002054, 6.88575168422015, 6.885183152755119, 6.884613856358407, 6.884043795182796, 6.8834729693807875, 6.882901379104288, 6.882329024752349, 6.881755907087389, 6.881182026245603, 6.880607382330376, 6.880031975444271, 6.87945580568933, 6.878878873167045, 6.878301177978247, 6.87772272022317, 6.87714350000143, 6.876563517412128, 6.875982772553709, 6.875401265524098, 6.874818996420359, 6.874235965339298, 6.873652172377089, 6.873067617629143, 6.872482301190473, 6.871896223155447, 11.160975532180545, 10.044388393223251, 14.470758340537042, 17.109506177928935, 18.39305243066489, 18.66927142901819, 18.191537371527815, 17.1551305812403, 15.716951905485168, 14.008261789941463, 12.147027736166297, 10.261354274003155, 8.555191170099478, 7.497844967921261, 8.323625887072273, 11.971406735970364, 8.947617863854333, 7.705681884110962, 7.862097866365996, 8.388276662386817, 8.894416384275848, 9.245961225478355, 9.403790186710829, 9.368335250604378, 9.160503614671173, 8.816484034716181, 8.38976689663538, 7.959283619730328, 7.640869475688127, 7.58238243061461, 7.862368912032926, 8.193612556246912, 8.025075209822539, 7.566381014692237, 7.3147482725983055, 7.318413482888016, 7.433060393800128, 7.532759221122053, 7.5487524837975135, 7.462458557891739, 7.298052642603732, 7.120039655950975, 7.023601339527525, 7.080305091902491, 7.208743199477189, 7.186159152203074, 7.031298721886549, 6.952993476301038, 6.989922476784164, 7.057944651943604, 7.082109629879011, 7.041416069391361, 6.969149659077583, 6.931119091123307, 6.967610250213531, 7.0191611296260215, 6.994767055070543, 6.939348903573856, 6.932807167201619, 6.963530207774958, 6.982105219318108, 6.966070866554614, 6.933903936231735, 6.922374258583607, 6.941070733021714, 6.952105445109561, 6.932232664230187, 6.912700329904735, 6.915814533737224, 6.926303802204709, 6.924164436231211, 6.909702190730823, 6.89936327580258, 6.902838550659184, 6.9082463024235325, 6.901905744098273, 6.891752126974985, 6.890126628075134, 6.893934422048923, 6.89358559633433, 6.887487253573227, 6.8825834139759, 6.88345425661355, 6.885351709317813, 6.882596818827445, 6.8781916927181195, 6.877269278526379, 6.878541341177225, 6.877820244643662, 6.8747751455508395, 6.872721157112388, 6.873028439217404, 6.873065796451675, 6.871073473003111, 6.869049981493726, 6.868692904376463, 6.868687395158844, 6.8674590022286255, 6.86573175728615, 6.864990683136406, 6.864882322907551, 6.864051166449568, 6.862685518708759, 6.861930056736699, 6.8617016482243605, 6.861077357365668, 6.860035000486371, 6.859337701212184, 6.859061868472006, 6.85854994168769, 6.857729336467274, 6.857148955280516, 6.856852415503536, 6.856391358065384, 6.85573103595278, 6.855239501577591, 6.8549358028908784, 6.854504050366955, 6.853950728101396, 6.853535910898085, 6.853227350549585, 6.85281548750264, 6.852344728915566, 6.851983507609449, 6.8516752387508575, 6.851285519881634, 6.850881370756313, 6.850562189836549, 6.850256359859279, 6.849893919731576, 6.849544651560675, 6.849253841762362, 6.848954238695298, 6.84862134312501, 6.848315431111718, 6.8480424011574605, 6.847750936572998, 6.847447476124614, 6.847171708131706, 6.846908234828874, 6.846627185997827, 6.846349038940781, 6.8460920600741195, 6.84583373080422, 6.845565089598205, 6.845306862331256, 6.845059772552265, 6.844806099686513, 6.844550715916375, 6.844306255870702, 6.844064099827472, 6.843816590781258, 6.843573256904364, 6.843336728686579, 6.843097937709933, 6.84285795674606, 6.842623599264406, 6.8423910476375855, 6.842156027194898, 6.841923213037727, 6.841693973353609, 6.841463683781944, 6.841233049780058, 6.84100537210437, 6.8407784000787135, 6.840550281441494, 6.840323564544124, 6.84009842803101, 6.839872558548313, 6.8396468123809715, 6.8394225389648575, 6.839198237598736, 6.838973453305784, 6.838749552304898, 6.838526105216446, 6.838302134966013, 6.838078438120138, 6.837855299042591, 6.837631827634908, 6.837408213023149, 6.837185011836237, 6.8369616900176515, 6.836738042005789, 6.836514567061709, 6.836291077847937, 6.836067220546849, 6.835843311456205, 6.835619401550903, 6.83539515860883, 6.8351707085819235, 6.834946202778531, 6.83472140075699, 6.834496296724485, 6.834271059387969, 6.834045554751716, 6.833819708118643, 6.833593653230327, 6.833367333515156, 6.8331406525795595, 6.832913701148367, 6.832686476464382, 6.832458889934341, 6.832230990298935, 6.832002797378663, 6.831774239143626, 6.831545336126154, 6.83131611947042, 6.831086541164965, 6.830856600464363, 6.8306263260442135, 6.830395682961441, 6.830164664071646, 6.829933294926971, 6.829701554679886, 6.829469432627662, 6.829236947635229, 6.829004086228687, 6.828770837058647, 6.828537215028316, 6.8283032135096455, 6.8280688226137265, 6.827834052339335, 6.827598898165204, 6.827363351522382, 6.827127420201566, 6.826891102706145, 6.826654392624178, 6.826417294975078, 6.826179808222119, 6.825941927108795, 6.825703655792353, 6.825464994201491, 6.82522593877633, 6.824986492179206, 6.82474665370117, 6.824506420469996, 6.824265794949644, 6.824024777308373, 6.823783365805852, 6.823541562007389, 6.823299365401922, 6.823056774609168, 6.822813791254625, 6.822570415455821, 6.822326646534248, 6.8220824855135795, 6.821837931961266, 6.821592985382901, 6.8213476469057355, 6.8211019165857, 6.820855794298506, 6.820609280636996, 6.820362375255494, 6.820115078158621, 6.819867390116736, 6.8196193111717385, 6.819370841465834, 6.819121981312876, 6.818872730499675, 6.818623089276418, 6.818373058140361, 6.8181226371586146, 6.817871826549435, 6.81762062643648, 6.817369036751981, 6.81711705781691, 6.816864689929128, 6.81661193318711, 6.8163587877714065, 6.816105253703745, 6.815851331037703, 6.815597020055448, 6.8153423209265895, 6.815087233757311, 6.814831758644286, 6.814575895583994, 6.814319644695657, 6.8140630061740435, 6.813805980115446, 6.813548566596933, 6.813290765639677, 6.813032577257499, 6.812774001571101, 6.812515038685774, 6.812255688650914, 6.811995951489246, 6.811735827182551, 6.811475315762123, 6.811214417304736, 6.810953131846618, 6.810691459391827, 6.81042939991142, 6.810166953378328, 6.809904119815116, 6.809640899240026, 6.809377291637338, 6.80911329696435, 6.808848915162162, 6.808584146200303, 6.808318990066757, 6.808053446726991, 6.807787516120919, 6.807521198168968, 6.807254492800336, 6.806987399966757, 6.806719919612465, 6.806452051659375, 6.806183796010196, 6.8059151525652135, 6.805646121241758, 6.805376701960009, 6.805106894623828, 6.80483669911915, 6.804566115324246, 6.804295143127484, 6.804023782424332, 6.803752033100176, 6.8034798950251485, 6.803207368059518, 6.802934452067922, 6.802661146922684, 6.802387452490996, 6.802113368627643, 6.801838895177457, 6.801564031985705, 6.801288778904217, 6.801013135782958, 6.800737102462008, 6.800460678772512, 6.80018386454393, 6.7999066596103175, 6.799629063805713, 6.79935107695695, 6.799072698881218, 6.79879392939328, 6.798514768311472, 6.798235215457089, 6.797955270646283, 6.79767493368714, 6.797394204383452, 6.797113082540968, 6.796831567968167, 6.796549158741618, 6.796266843729236, 6.795984135458618, 6.795701033723191, 6.795417538311446, 6.795133649008542, 6.7948493656001006, 6.794564687872591, 6.794279615610581, 6.793994148594954, 6.793708286603948, 6.793422029415684, 6.793135376808943, 6.7928483285610675, 6.792560884446465, 6.792273044237517, 6.7919848077064975, 6.791696174626043, 6.791407144767711, 6.791117717900696, 6.790827893792822, 6.790537672211851, 6.790247052925806, 6.789956035701562, 6.78966462030465, 6.789372806499525, 6.789080594050481, 6.78878798272222, 6.7884949722784915, 6.788201562481987, 6.787907753094786, 6.787613543879113, 6.787318934597196, 6.7870239250107485, 6.786728514880781, 6.786432703967834, 6.7861364920327825, 6.785839878836421, 6.785542864139313, 6.785245447701485, 6.784947629282777, 6.78464940864354, 6.78435078554381, 6.78405175974379, 6.783752331003121, 6.783452499081924, 6.783152263740335, 6.782851624738689, 6.782550581837279, 6.7822501698442315, 6.781948318517229, 6.781646061671975, 6.781343399028493, 6.781040330332541, 6.7807368553251255, 6.78043297372404, 6.780128685234695, 6.779823989580089, 6.7795188865013465, 6.779213375729125, 6.7789074569736405, 6.778601129942922, 6.7782943943663785, 6.777987249983297, 6.777679696519318, 6.7773717336850465, 6.777063361199052, 6.776754578800433, 6.77644538623055, 6.776135783215647, 6.77582576963255, 6.77551534725649, 6.775204516453752, 6.77489327695315, 6.774581628472287, 6.7742695707320655, 6.7739571034665005, 6.773644226413251, 6.773330939303506, 6.773017241865321, 6.772703133834344, 6.772388614954344, 6.772073684969204, 6.771758343597058, 6.771442590563006, 6.771126425620896, 6.77080984852854, 6.770492859042978, 6.77017545692139, 6.769857641925119, 6.769539413820396, 6.76922077237513, 6.7689017173573935, 6.76858224853736, 6.768262365689207, 6.7679420685899405, 6.76762135701762, 6.767300230751562, 6.766978689573773, 6.766656733269323, 6.766334361624933, 6.766011574428523, 6.765688371470025, 6.765364752541797, 6.765040717438264, 6.764716265955179, 6.76439139789001, 6.764066113042078, 6.7637404112128054, 6.763414292204879, 6.763087755822924, 6.762760801872938, 6.762433430162715, 6.7621056405017015, 6.761777432700757, 6.761448806572293, 6.761119761930326, 6.760790298590263, 6.760460416369174, 6.760130115085333, 6.759799394558689, 6.75946825461055, 6.759136695063476, 6.758804715741679, 6.7584723164705505, 6.758139497077011, 6.757806257389067, 6.757472597236384, 6.757138516449822, 6.756804014173034, 6.7564690877359475, 6.7561337403373045, 6.755797971816256, 6.755461782013058, 6.755125170769333, 6.754788137927552, 6.754450683361315, 6.754112806964369, 6.7537745085829295, 6.753435788063782, 6.753096645254743, 6.752757080004986, 6.752417092164692, 6.752076681585334, 6.751735848119503, 6.751394591620788, 6.7510529119442815, 6.750710808945929, 6.750368282482942, 6.750025333262595, 6.749681960770886, 6.7493381643709105, 6.74899394392418, 6.748649299293234, 6.748304230341955, 6.747958736935064, 6.74761281893858]