Model Setup for Atypical Patient 9:
ITERS=1000
LEARNING_RATE=0.001
OPT_RESET=500
ATOL=1e-09
RTOL=1e-07
METHOD=dopri5
Input channels=2
Hidden channels=11
Output channels=2
Runtime=52.325608015060425
Optimizer=Adam (
Parameter Group 0
    amsgrad: False
    betas: (0.9, 0.999)
    capturable: False
    differentiable: False
    eps: 1e-08
    foreach: None
    fused: None
    lr: 0.001
    maximize: False
    weight_decay: 0
)Loss over time=[701.1391633222742, 675.0844237542151, 649.96567316263, 625.6060034854127, 601.7235118705764, 578.2176649489173, 555.127379422933, 532.5126100647175, 510.4204009773632, 488.87895811575504, 467.8964304517369, 447.4624358589772, 427.55502914096013, 408.152698611573, 389.2447719243719, 370.8339138874392, 352.9312755199932, 335.5490583698968, 318.6944123748361, 302.3665950587641, 286.55797175295976, 271.25804892044795, 256.4582498764276, 242.1548389052755, 228.34891204306987, 215.04406095824882, 202.2433693027792, 189.94683222850637, 178.1503543914917, 166.84656308827897, 156.02696525066477, 145.68421009729326, 135.81318150157355, 126.4104587019603, 117.4726390983837, 108.99453452264312, 100.9681481876014, 93.38288798931549, 86.22669481318894, 79.48733911521818, 73.1530759582364, 67.21241271173972, 61.65325345281018, 56.46207658808348, 51.623738027357895, 47.122047120665044, 42.94071946785543, 39.064115714316706, 35.477393703647564, 32.1661098704783, 29.11565582646663, 26.311021875219442, 23.737021595479003, 21.37884231637955, 19.222514722656136, 17.255041038722304, 15.46413633172097, 13.8378843983132, 12.36454045185741, 11.032639255940916, 9.83128161897159, 8.75036568840896, 7.780596508121776, 6.913292949213857, 6.140159429217968, 5.453186118409613, 4.844725663502328, 4.307643995992191, 3.8354097704565864, 3.4220439166690606, 3.061979756496996, 2.74994390781981, 2.480936406415738, 2.2502977353353555, 2.053782259796483, 1.887564237156103, 1.7481686187999925, 1.6323818606695284, 1.5372063716275977, 1.4598767319041905, 1.3979017929753657, 1.3490807317583349, 1.3114712804854625, 1.2833324987395391, 1.2630831761673795, 1.2492970365580722, 1.2407213410595774, 1.236287224279012, 1.2350925117945983, 1.2363653091218099, 1.2394327403179928, 1.2437112505114407, 1.2487134917204954, 1.2540531613101402, 1.2594344342976618, 1.2646292394215193, 1.2694567460933828, 1.2737756863389214, 1.2774871898652256, 1.2805370117039472, 1.2829089434037368, 1.2846113348368684, 1.28566539260114, 1.2861014082988325, 1.285961088718777, 1.2852991430185572, 1.2841795759900203, 1.2826684157752808, 1.2808281931488448, 1.2787173188922496, 1.2763925754070546, 1.2739104992465118, 1.2713254976991752, 1.268686377936245, 1.2660344941326072, 1.2634047765121084, 1.2608279812415206, 1.258331684868332, 1.2559393353968686, 1.2536688472133075, 1.251532519172303, 1.2495384644658183, 1.2476921964785246, 1.2459971009843576, 1.2444538972162524, 1.2430602235282557, 1.2418111573380357, 1.2407003523901383, 1.2397208602612837, 1.2388651662044878, 1.2381248510162939, 1.237490589288602, 1.23695268633659, 1.2365017145800214, 1.2361287456756456, 1.235825164509591, 1.2355824770444261, 1.2353924346442915, 1.2352473736112266, 1.2351404275582636, 1.235065446700405, 1.235016790385117, 1.2349892551711834, 1.234978192510279, 1.2349796384504574, 1.234990284787232, 1.235007319845045, 1.2350283029502733, 1.2350511666843156, 1.2350742777710921, 1.2350964311513695, 1.2351167487666268, 1.2351345688113626, 1.2351494089191617, 1.2351609895720304, 1.2351692394263742, 1.2351742414070535, 1.2351761573405327, 1.235175190770917, 1.235171596246673, 1.2351656909298112, 1.2351578325411632, 1.2351483767033897, 1.2351376519157844, 1.235125965800416, 1.235113619372344, 1.2351009029012872, 1.2350880756364093, 1.2350753525307616, 1.2350629103503996, 1.2350509014371802, 1.2350394573256949, 1.2350286807503823, 1.2350186397176017, 1.2350093730128728, 1.2350009013087933, 1.2349932324348236, 1.2349863586673968, 1.2349802541458963, 1.2349748789006891, 1.2349701865158949, 1.234966128248943, 1.2349626518576609, 1.2349597000443864, 1.234957212771115, 1.2349551317995324, 1.2349534029955709, 1.2349519752541196, 1.2349507991098034, 1.2349498277105255, 1.2349490191179553, 1.2349483371722056, 1.2349477502903328, 1.2349472301690003, 1.234946752004292, 1.2349462954878865, 1.234945844872968, 1.2349453878388534, 1.2349449144434723, 1.2349444170814667, 1.2349438908746573, 1.2349433334522895, 1.2349427440712075, 1.2349421229213708, 1.2349414710950848, 1.2349407907667858, 1.2349400849654442, 1.2349393570082539, 1.2349386101421616, 1.2349378476043378, 1.2349370727521192, 1.2349362889166058, 1.2349354991001398, 1.2349347058573328, 1.2349339114199447, 1.2349331178087462, 1.2349323267600893, 1.234931539594896, 1.2349307572290238, 1.2349299803070308, 1.2349292092850517, 1.2349284443951367, 1.2349276856029932, 1.2349269326625423, 1.2349261852194204, 1.234925442855244, 1.2349247050639625, 1.234923971244873, 1.2349232407549966, 1.2349225129694952, 1.2349217872918947, 1.234921063132981, 1.2349203399129647, 1.2349196170957735, 1.2349188942127676, 1.2349181708529129, 1.234917446644315, 1.234916721257537, 1.2349159944220351, 1.2349152659281266, 1.2349145356105296, 1.2349138033357638, 1.2349130690050938, 1.2349123325595455, 1.2349115939730768, 1.234910853238881, 1.2349101103635767, 1.2349093653697958, 1.2349086182961038, 1.2349078691893944, 1.2349071180973024, 1.2349063650675278, 1.2349056101500495, 1.2349048533955223, 1.234904094850358, 1.2349033345544325, 1.234902572543014, 1.2349018088482382, 1.2349010434976253, 1.2349002765120327, 1.234899507906416, 1.23489873769199, 1.2348979658768462, 1.234897192465002, 1.2348964174564132, 1.2348956408483378, 1.2348948626368363, 1.2348940828165624, 1.2348933013805994, 1.2348925183208537, 1.234891733629354, 1.2348909472984837, 1.2348901593207762, 1.2348893696888252, 1.2348885783958996, 1.2348877854363738, 1.2348869908055002, 1.2348861944991658, 1.2348853965139648, 1.2348845968475388, 1.2348837954984078, 1.2348829924657803, 1.2348821877493836, 1.2348813813494863, 1.234880573267072, 1.234879763503501, 1.2348789520603638, 1.2348781389394743, 1.2348773241428674, 1.234876507672814, 1.2348756895315454, 1.2348748697212721, 1.2348740482441685, 1.2348732251024794, 1.2348724002983096, 1.2348715738336251, 1.2348707457102948, 1.234869915930131, 1.2348690844947983, 1.2348682514058618, 1.2348674166647513, 1.2348665802728027, 1.2348657422313436, 1.2348649025415666, 1.2348640612045987, 1.2348632182214907, 1.2348623735933624, 1.2348615273211963, 1.2348606794059525, 1.2348598298486388, 1.2348589786502302, 1.234858125811684, 1.2348572713339516, 1.2348564152180386, 1.2348555574649196, 1.2348546980755677, 1.2348538370509878, 1.2348529743922116, 1.2348521101002172, 1.234851244176051, 1.2348503766207413, 1.234849507435328, 1.2348486366208113, 1.2348477641782634, 1.2348468901087037, 1.2348460144131648, 1.2348451370926714, 1.2348442581482417, 1.2348433775808922, 1.23484249539164, 1.2348416115814609, 1.2348407261513488, 1.2348398391022806, 1.2348389504352333, 1.2348380601511344, 1.2348371682509707, 1.2348362747356372, 1.2348353796060874, 1.2348344828632334, 1.2348335845079688, 1.234832684541191, 1.2348317829637931, 1.234830879776663, 1.2348299749806573, 1.2348290685766363, 1.234828160565458, 1.2348272509479847, 1.2348263397250325, 1.234825426897455, 1.2348245124660742, 1.234823596431692, 1.2348226787951442, 1.2348217595572064, 1.23482083871869, 1.2348199162804023, 1.2348189922431012, 1.234818066607587, 1.2348171393746201, 1.2348162105449823, 1.2348152801194032, 1.2348143480986566, 1.2348134144834897, 1.2348124792746262, 1.2348115424727946, 1.2348106040787412, 1.234809664093156, 1.2348087225167987, 1.234807779350326, 1.2348068345944632, 1.234805888249885, 1.2348049403172936, 1.2348039907973904, 1.2348030396907894, 1.2348020869982057, 1.2348011327202866, 1.2348001768576813, 1.2347992194110586, 1.2347982603810232, 1.2347972997682495, 1.234796337573346, 1.2347953737969437, 1.234794408439671, 1.2347934415021111, 1.2347924729849018, 1.2347915028886278, 1.234790531213897, 1.234789557961295, 1.2347885831313874, 1.2347876067247732, 1.234786628742006, 1.2347856491836768, 1.2347846680503354, 1.2347836853425307, 1.2347827010608103, 1.2347817152057379, 1.2347807277778435, 1.2347797387776582, 1.234778748205705, 1.2347777560625242, 1.2347767623485997, 1.2347757670644857, 1.2347747702106573, 1.2347737717876528, 1.234772771795926, 1.2347717702359906, 1.234770767108327, 1.2347697624134255, 1.234768756151761, 1.2347677483237884, 1.2347667389300017, 1.2347657279708308, 1.2347647154467587, 1.2347637013582278, 1.2347626857056757, 1.2347616684895402, 1.2347606497102814, 1.2347596293683019, 1.2347586074640609, 1.23475758399796, 1.2347565589704068, 1.2347555323818307, 1.2347545042326402, 1.2347534745232294, 1.2347524432539998, 1.2347514104253632, 1.2347503760376684, 1.234749340091323, 1.2347483025867168, 1.2347472635242207, 1.2347462229042, 1.2347451807270036, 1.2347441369930416, 1.234743091702622, 1.2347420448561257, 1.2347409964538711, 1.2347399464962556, 1.2347388949835763, 1.2347378419161839, 1.2347367872944044, 1.234735731118572, 1.2347346733890132, 1.2347336141060279, 1.2347325532699327, 1.2347314908810636, 1.234730426939702, 1.2347293614461718, 1.2347282944007403, 1.2347272258037227, 1.2347261556553937, 1.2347250839560553, 1.2347240107059856, 1.2347229359054666, 1.2347218595547544, 1.2347207816541161, 1.2347197022038439, 1.2347186212041776, 1.2347175386553846, 1.2347164545577045, 1.2347153689114023, 1.2347142817167145, 1.2347131929738966, 1.2347121026831673, 1.2347110108447792, 1.2347099174589444, 1.2347088225259042, 1.234707726045878, 1.2347066280190828, 1.234705528445732, 1.2347044273260444, 1.23470332466023, 1.2347022204484643, 1.2347011146909908, 1.234700007387981, 1.234698898539623, 1.234697788146134, 1.234696676207676, 1.2346955627244307, 1.2346944476965958, 1.2346933311243375, 1.2346922130078042, 1.2346910933472044, 1.2346899721426838, 1.2346888493943895, 1.2346877251025064, 1.234686599267179, 1.2346854718885485, 1.2346843429667813, 1.2346832125019966, 1.234682080494368, 1.2346809469439917, 1.234679811851043, 1.2346786752156147, 1.2346775370378806, 1.2346763973179107, 1.2346752560558532, 1.2346741132518366, 1.2346729689059583, 1.2346718230183311, 1.2346706755890702, 1.2346695266182737, 1.2346683761060335, 1.4080316263782142, 1.312478230045876, 1.2951372513664552, 1.3760318308768056, 1.3346531849263272, 1.2505400888421117, 1.244619490691026, 1.2983611332850493, 1.3146169845793247, 1.2772748346138707, 1.240255988128995, 1.241951488006649, 1.2667207897384714, 1.2769578370128893, 1.263050253894341, 1.2443324006283945, 1.2391466610508506, 1.2468372260273624, 1.2548965636578489, 1.2541878231161094, 1.2461566223499765, 1.2386703348046477, 1.2378274170499564, 1.242919872431811, 1.247058204146118, 1.2446408142220502, 1.238020665252155, 1.234649141687676, 1.2377714923341017, 1.242201404681623, 1.241506910003447, 1.2366841173971037, 1.2340122231827195, 1.236097486229172, 1.2389504719218591, 1.2383984630968543, 1.235591486879095, 1.234263470520156, 1.2353632059697004, 1.2366641891434316, 1.2363872920015773, 1.2350931268696619, 1.2343051430667975, 1.234650997525928, 1.235415000279419, 1.2354600108405094, 1.2346150432474117, 1.2339596690817158, 1.2343091758527889, 1.234952770339022, 1.2347720360095458, 1.2340282048032614, 1.2338369928021773, 1.2343049069135121, 1.2345120703007995, 1.2341308000706148, 1.2337963001007877, 1.2339120053148782, 1.2341281030672404, 1.2340690734019377, 1.2338454194221535, 1.233745894502058, 1.2338324137497927, 1.2339190675581817, 1.2338357317011812, 1.2336755485467579, 1.2336614396515642, 1.2337680301934932, 1.2337605833239793, 1.2336231741977093, 1.233572844186548, 1.233644435333783, 1.2336562075142206, 1.2335681901761402, 1.2335177271291493, 1.2335436683908174, 1.2335537078628942, 1.2335099975279262, 1.2334650655809503, 1.2334582345868221, 1.2334667686121024, 1.2334473616780939, 1.2334045274026277, 1.2333854541088118, 1.2333928949837762, 1.233378469289729, 1.233339742753164, 1.2333217237305638, 1.233323066700361, 1.233306334856644, 1.2332760792924653, 1.2332598561212187, 1.2332526513066595, 1.2332361337262083, 1.233212890203149, 1.2331949180164743, 1.2331832245176644, 1.2331684711831128, 1.2331469568152271, 1.233127988696812, 1.2331156953684248, 1.2331000676223467, 1.2330786331076156, 1.2330611304820562, 1.2330475700536758, 1.2330299465918004, 1.2330100067474978, 1.232993223601582, 1.2329774861658942, 1.2329594653991705, 1.232940592631563, 1.232923154249142, 1.2329064812535457, 1.2328883715168133, 1.2328693555051287, 1.2328517548286817, 1.232834545852888, 1.232815715194986, 1.2327968520657864, 1.2327791737671538, 1.2327609679088347, 1.2327418619529118, 1.232723194977507, 1.232704872890996, 1.2326860590551643, 1.2326668896263293, 1.2326479258219147, 1.2326291173698356, 1.2326099171542342, 1.2325904335072937, 1.2325712250628547, 1.2325519813536898, 1.2325322945625283, 1.2325126209974755, 1.2324931000644868, 1.2324733148902987, 1.2324533303377507, 1.232433406919186, 1.2324134285206176, 1.2323932543899396, 1.2323729714199851, 1.2323526896051866, 1.2323323207532964, 1.2323117652873437, 1.2322911533732075, 1.2322705263128233, 1.2322497388149607, 1.2322288309527325, 1.232207900929908, 1.2321868681097607, 1.2321657002813966, 1.232144463682321, 1.2321231564953956, 1.232101737581962, 1.2320802122468246, 1.2320586152771726, 1.2320369340496329, 1.2320151350541293, 1.2319932481907312, 1.2319712886586551, 1.2319492197157942, 1.2319270507383175, 1.2319048045060677, 1.2318824610689767, 1.2318600145216314, 1.2318374795876932, 1.2318148552443378, 1.2317921313813835, 1.2317693100028886, 1.2317464002887102, 1.231723395318658, 1.231700289018384, 1.2316770917000754, 1.2316538012835194, 1.231630409995809, 1.2316069240087453, 1.2315833445951987, 1.2315596664928457, 1.2315358907402159, 1.2315120197743499, 1.231488051850373, 1.231463984713497, 1.2314398205485766, 1.2314155598263505, 1.2313911991642372, 1.231366739838422, 1.2313421831436633, 1.2313175264630594, 1.2312927700092742, 1.2312679147349328, 1.231242959284646, 1.2312179030164747, 1.2311927464468315, 1.2311674893297484, 1.2311421304977044, 1.2311166700534018, 1.231091108203952, 1.2310654437490067, 1.2310396765678282, 1.2310138068316767, 1.2309878336188447, 1.2309617566099076, 1.2309355757840494, 1.2309092905732415, 1.2308829004234134, 1.230856405149615, 1.2308298044376627, 1.2308030976419386, 1.2307762845099712, 1.2307493647399719, 1.2307223376589724, 1.2306952029542795, 1.2306679603086108, 1.230640609156338, 1.2306131490771086, 1.2305855796849594, 1.2305579004749774, 1.2305301109489024, 1.2305022107225179, 1.2304741993063728, 1.2304460761523581, 1.230417840848277, 1.2303894928887955, 1.2303610317252416, 1.2303324568924203, 1.2303037678725277, 1.2302749641231343, 1.2302460451340524, 1.2302170103804435, 1.230187859288404, 1.2301585913075235, 1.2301292059068052, 1.2300997025030833, 1.230070080527032, 1.230040339406605, 1.2300104785330583, 1.2299804973145507, 1.2299503951594133, 1.2299201714506913, 1.2298898255623385, 1.2298593568715004, 1.2298287647385375, 1.2297980485141113, 1.2297672075531372, 1.229736241189418, 1.2297051487503177, 1.2296739295630665, 1.2296425829365447, 1.2296111081701009, 1.2295795045595952, 1.229547771392257, 1.2295159079441094, 1.2294839134839064, 1.2294517872664097, 1.2294195285356044, 1.2293871365336282, 1.2293546104911857, 1.2293219496265229, 1.2292891531482268, 1.229256220253921, 1.22922315013226, 1.2291899419637682, 1.2291565949174548, 1.2291231081499807, 1.229089480809386, 1.2290557120326204, 1.2290218009447693, 1.2289877466609702, 1.2289535482852811, 1.2289192049111142, 1.228884715620687, 1.228850079483376, 1.2288152955563179, 1.2287803628867195, 1.2287452805107826, 1.2287100474519919, 1.2286746627209488, 1.2286391253153846, 1.2286034342215497, 1.2285675884141993, 1.2285315868550195, 1.2284954284922067, 1.228459112261028, 1.228422637083951, 1.2283860018703467, 1.2283492055162457, 1.2283122469040448, 1.2282751249027293, 1.2282378383675345, 1.228200386139231, 1.2281627670443775, 1.2281249798957747, 1.2280870234922128, 1.2280488966177154, 1.2280105980410438, 1.227972126515875, 1.2279334807814515, 1.2278946595621953, 1.2278556615669614, 1.2278164854887452, 1.2277771300048417, 1.2277375937770059, 1.2276978754511414, 1.227657973656985, 1.2276178870078984, 1.2275776141008772, 1.2275371535163393, 1.2274965038177799, 1.2274556635518588, 1.2274146312483711, 1.2273734054199898, 1.2273319845618447, 1.2272903671513207, 1.2272485516482212, 1.227206536494801, 1.2271643201154014, 1.2271219009160979, 1.2270792772844603, 1.2270364475898339, 1.2269934101831317, 1.2269501633966045, 1.2269067055435672, 1.22686303491838, 1.22681914979637, 1.2267750484336157, 1.226730729066842, 1.226686189913387, 1.226641429171051, 1.2265964450179532, 1.2265512356122292, 1.226505799092231, 1.2264601335763272, 1.226414237162932, 1.2263681079301938, 1.2263217439358574, 1.2262751432174133, 1.226228303792027, 1.2261812236564156, 1.2261339007867207, 1.2260863331384806, 1.2260385186466514, 1.225990455225566, 1.2259421407688489, 1.2258935731495095, 1.225844750219844, 1.22579566981152, 1.2257463297353828, 1.2256967277817148, 1.2256468617202494, 1.225596729300127, 1.2255463282499865, 1.2254956562779682, 1.2254447110718685, 1.2253934902993082, 1.22534199160773, 1.2252902126245218, 1.2252381509571335, 1.2251858041933874, 1.2251331699014538, 1.225080245630096, 1.225027028908955, 1.2249735172486416, 1.2249197081409857, 1.2248655990593387, 1.2248111874587615, 1.2247564707764351, 1.2247014464318122, 1.2246461118270302, 1.2245904643471268, 1.224534501360594, 1.224478220219568, 1.224421618260341, 1.2243646928036682, 1.2243074411552846, 1.2242498606063401, 1.224191948433871, 1.2241337019012397, 1.2240751182587408, 1.2240161947440436, 1.2239569285828278, 1.2238973169892249, 1.2238373571666168, 1.2237770463080515, 1.2237163815969923, 1.223655360207882, 1.2235939793068662, 1.2235322360525267, 1.2234701275964495, 1.2234076510840775, 1.223344803655384, 1.2232815824455983, 1.2232179845860394, 1.223154007204873, 1.2230896474278725, 1.2230249023792679, 1.2229597691824916, 1.2228942449610982, 1.222828326839485, 1.2227620119438545, 1.2226952974029053, 1.2226281803487604, 1.2225606579178505, 1.2224927272516242, 1.222424385497514, 1.2223556298096545, 1.2222864573497842, 1.2222168652880478, 1.2221468508037063, 1.222076411086046, 1.2220055433350279, 1.2219342447621153, 1.221862512590908, 1.221790344057878, 1.2217177364130212, 1.221644686920506, 1.221571192859165, 1.221497251523122, 1.221422860222299, 1.2213480162828025, 1.2212727170474025, 1.2211969598757901, 1.2211207421449704, 1.2210440612494176, 1.2209669146012152, 1.2208892996302785, 1.2208112137842373, 1.2207326545284494, 1.2206536193458855, 1.2205741057368584, 1.2204941112188015, 1.2204136333258282, 1.2203326696083037, 1.2202512176322104, 1.2201692749785673, 1.220086839242641, 1.2200039080330887, 1.2199204789709512, 1.2198365496886932, 1.219752117828946, 1.2196671810432813, 1.2195817369908297, 1.2194957833367814, 1.2194093177508056, 1.2193223379053444, 1.219234841473773, 1.2191468261285492, 1.2190582895390971, 1.2189692293697396, 1.2188796432773406, 1.2187895289090795, 1.2186988838998167, 1.2186077058695959, 1.2185159924208953, 1.2184237411358154, 1.2183309495730676, 1.2182376152650178, 1.2181437357144427, 1.2180493083912292, 1.2179543307290521, 1.2178588001218218, 1.2177627139201141, 1.217666069427524, 1.2175688638970075, 1.2174710945270075, 1.2173727584577128, 1.217273852767285, 1.2171743744680072, 1.217074320502524, 1.2169736877401396, 1.2168724729730704, 1.216770672912908, 1.2166682841870036, 1.2165653033350168, 1.2164617268055318, 1.2163575509527254, 1.216252772033055, 1.21614738620217, 1.216041389511706, 1.2159347779063168, 1.2158275472206077, 1.2157196931762502, 1.2156112113790933, 1.2155020973164252, 1.2153923463541487, 1.215281953734268, 1.2151709145721634, 1.2150592238542388, 1.2149468764354703, 1.2148338670371042, 1.2147201902445248, 1.2146058405050777, 1.2144908121261624, 1.214375099273383, 1.2142586959687511, 1.2141415960890776, 1.2140237933645233, 1.2139052813771303, 1.2137860535596452, 1.2136661031943365]