Model Setup for Atypical Patient 12:
ITERS=2000
LEARNING_RATE=0.001
OPT_RESET=500
ATOL=1e-09
RTOL=1e-07
METHOD=dopri5
Input channels=2
Hidden channels=11
Output channels=2
Runtime=128.39855217933655
Optimizer=Adam (
Parameter Group 0
    amsgrad: False
    betas: (0.9, 0.999)
    capturable: False
    differentiable: False
    eps: 1e-08
    foreach: None
    fused: None
    lr: 0.001
    maximize: False
    weight_decay: 0
)Loss over time=[5920.855982153621, 5829.102025719587, 5738.315847084703, 5648.497109317145, 5559.639898249692, 5471.731413176314, 5384.748111743856, 5298.659769236881, 5213.436205520715, 5129.051678605253, 5045.485189200725, 4962.71936845607, 4880.739868345644, 4799.534804008689, 4719.0943836962815, 4639.410782338106, 4560.478177277601, 4482.2928921889525, 4404.853582774334, 4328.16135785354, 4252.219768490089, 4177.0345526041765, 4102.61314471817, 4028.963960075841, 3956.095573796828, 3884.015933462088, 3812.731802341176, 3742.247155363198, 3672.564568116544, 3603.684073864417, 3535.60354979099, 3468.318981135718, 3401.8250050660954, 3336.115144328176, 3271.1819474741114, 3207.0182543387823, 3143.616674351945, 3080.9705206849903, 3019.0735149616944, 2957.920470296976, 2897.5063255844916, 2837.8272695171268, 2778.879665559023, 2720.6604673626994, 2663.1669267144043, 2606.3962835582906, 2550.345763478053, 2495.0125048956547, 2440.393580213016, 2386.4859025679907, 2333.2859917063797, 2280.7905214797984, 2228.995842307883, 2177.8983932428714, 2127.4942616311023, 2077.7796263994064, 2028.7505886256033, 1980.403169429228, 1932.7332485876607, 1885.736753369285, 1839.4095120171153, 1793.747168699446, 1748.7453764935651, 1704.399818818474, 1660.706308953288, 1617.6609339975562, 1575.2602320437616, 1533.5014004250684, 1492.3824641779343, 1451.9024854181523, 1412.0617229242343, 1372.8617586614068, 1334.305568476594, 1296.3975050750296, 1259.143162112716, 1222.5491108613264, 1186.6225867280145, 1151.3711346617586, 1116.801744081109, 1082.9204695587382, 1049.7318761890265, 1017.2385938485462, 985.4410237318672, 954.3371897728838, 923.9226894676302, 894.1911034236729, 865.1339196536283, 836.741207065282, 809.0020742862595, 781.9052099000688, 755.4393135056271, 729.5934885496791, 704.3574670361396, 679.7217192495028, 655.6774728394436, 632.2166795090241, 609.3319597698244, 587.0165481759486, 565.2642503875234, 544.0693994135679, 523.4268364528817, 503.33188058081447, 483.78029665934935, 464.7682535990779, 446.29226534426505, 428.3491229948197, 410.9357949169931, 394.0493128098282, 377.68662300972045, 361.84442766065416, 346.5190708551191, 331.7063546508607, 317.40139862191313, 303.5985290278117, 290.2911972740596, 277.4719543576343, 265.13244585636545, 253.26344963127212, 241.85494729610292, 230.89621938057982, 220.3759563437073, 210.28237137228643, 200.60333162736512, 191.32646147459266, 182.4392582341475, 173.92914869948584, 165.78358093764146, 157.9901139871749, 150.5364462714831, 143.41046078454804, 136.60026033359665, 130.09420191628783, 123.88090508859204, 117.94926913279193, 112.28848222272858, 106.8880300913801, 101.73769511883583, 96.82755989833608, 92.14800738891262, 87.68971652041532, 83.44366093605382, 79.40110481873593, 75.55359817462076, 71.89297160438531, 68.41133092572363, 65.10105284849165, 61.95477753189885, 58.9654016300449, 56.12607293959623, 53.43018500260029, 50.87137002833186, 48.443492657329074, 46.14064322520433, 43.957132078925774, 41.887483562471154, 39.92642985375537, 38.0689050781648, 36.31003953142561, 34.645154017866474, 33.06975429699816, 31.57952564289568, 30.170327501262918, 28.83818797952292, 27.57929909210461, 26.39001186737984, 25.26683132542627, 24.206411554129144, 23.205550987113636, 22.261187766781926, 21.370395192687166, 20.53037705486222, 19.73846336258261, 18.992106365190452, 18.288876021271935, 17.626455840203334, 17.002638799910873, 16.41532330472468, 15.862509233913807, 15.342294238743442, 14.852869861707156, 14.392517906141078, 13.959606780839723, 13.552587627050242, 13.169991302067025, 12.810424836922852, 12.47256808688498, 12.15516895163354, 11.857046881311465, 11.577080571095642, 11.314210569923938, 11.067435425366064, 10.835808078514118, 10.618434680243796, 10.4144708179597, 10.223119525423106, 10.043628868542983, 9.875289617064237, 9.717429862982806, 9.569424573071801, 9.43067762498728, 9.300629469104392, 9.178753153199663, 9.064552541766837, 8.957560616128573, 8.857337863226858, 8.763470757215693, 8.675570282136972, 8.593270562382864, 8.516227535836324, 8.44411768986904, 8.3766379395924, 8.313500007346414, 8.254436557376051, 8.199195036901754, 8.147538119829834, 8.09924280766151, 8.05409958083204, 8.011911598160161, 7.97249394209189, 7.935672907480045, 7.9012853316961555, 7.869177963931156, 7.839206871625083, 7.811236882020722, 7.78514105692623, 7.760800198830549, 7.738102386607644, 7.716942539110789, 7.697222003464851, 7.678848170709592, 7.661734116912651, 7.645798260194562, 7.630964040974873, 7.617159621542587, 7.604317603737415, 7.592374763626685, 7.581271802125406, 7.5709531105736145, 7.561366550208663, 7.552463245062645, 7.544197387340861, 7.536526053614714, 7.5294090324674015, 7.522808662161982, 7.516689677853408, 7.511019067754239, 7.50576593770632, 7.500901383646569, 7.496398371487067, 7.492231623964958, 7.488377514044408, 7.484813964482772, 7.481520353197558, 7.478477424094814, 7.475667203042786, 7.473072918692913, 7.470678927873525, 7.468470645293232, 7.4664344773139195, 7.464557759562604, 7.462828698169762, 7.461236314431724, 7.4597703927079015, 7.4584214313766894, 7.457180596678464, 7.45603967929172, 7.4549910534897155, 7.4540276387379745, 7.453142863599016, 7.452330631818267, 7.451585290470783, 7.450901600057097, 7.450274706438949, 7.449700114514118, 7.449173663533881, 7.448691503970409, 7.448250075848202, 7.447846088455481, 7.4474765013576505, 7.447138506638688, 7.446829512298309, 7.4465471267390635, 7.4462891442774115, 7.446053531621152, 7.445838415251672, 7.445642069660212, 7.445462906384424, 7.445299463795445, 7.445150397591197, 7.445014471949924, 7.4448905513038826, 7.444777592691884, 7.444674638656472, 7.44458081064659, 7.444495302897699, 7.444417376752235, 7.444346355396286, 7.444281618981647, 7.444222600108262, 7.444168779641941, 7.444119682844843, 7.4440748757975514, 7.4440339620912646, 7.443996579771561, 7.443962398516877, 7.44393111703354, 7.443902460652834, 7.443876179115551, 7.443852044527559, 7.443829849479692, 7.443809405314485, 7.44379054053154, 7.443773099320197, 7.44375694021049, 7.443741934832596, 7.443727966778014, 7.443714930553198, 7.443702730619356, 7.4436912805118345, 7.443680502032081, 7.443670324507803, 7.443660684114841, 7.443651523256457, 7.443642789994871, 7.4436344375326255, 7.443626423736872, 7.443618710705722, 7.443611264372532, 7.443604054143895, 7.443597052570076, 7.443590235044681, 7.443583579530664, 7.443577066311315, 7.443570677763489, 7.443564398151426, 7.4435582134396645, 7.443552111122673, 7.443546080071096, 7.443540110391569, 7.443534193300092, 7.443528321007357, 7.443522486615337, 7.443516684023063, 7.44351090784241, 7.443505153321513, 7.443499416276072, 7.4434936930274285, 7.443487980346541, 7.443482275404281, 7.4434765757262875, 7.443470879152298, 7.443465183800682, 7.443459488035333, 7.443453790437246, 7.443448089778718, 7.443442384999997, 7.443436675188883, 7.443430959562653, 7.443425237451792, 7.443419508285524, 7.44341377157902, 7.443408026922498, 7.443402273970875, 7.443396512435251, 7.443390742075209, 7.443384962691698, 7.443379174121583, 7.44337337623223, 7.443367568917009, 7.443361752091061, 7.443355925688368, 7.443350089658353, 7.443344243963597, 7.443338388577477, 7.443332523482215, 7.443326648667553, 7.443320764128692, 7.443314869865848, 7.443308965882928, 7.443303052186777, 7.443297128785994, 7.443291195691165, 7.443285252913918, 7.443279300466296, 7.4432733383610294, 7.4432673666106695, 7.443261385227824, 7.443255394224991, 7.443249393613971, 7.443243383406278, 7.443237363612942, 7.4432313342443015, 7.443225295310236, 7.443219246819922, 7.443213188782053, 7.4432071212047815, 7.443201044095487, 7.443194957461279, 7.443188861308607, 7.443182755643579, 7.443176640471845, 7.4431705157985135, 7.443164381628486, 7.443158237966336, 7.443152084816268, 7.443145922182186, 7.443139750067849, 7.443133568476842, 7.443127377412253, 7.443121176877403, 7.443114966875265, 7.443108747408707, 7.443102518480492, 7.443096280093326, 7.443090032249782, 7.443083774952376, 7.443077508203624, 7.443071232005862, 7.443064946361701, 7.443058651273299, 7.44305234674319, 7.443046032773509, 7.443039709366823, 7.443033376525259, 7.443027034251201, 7.443020682546929, 7.4430143214147755, 7.443007950857067, 7.443001570876091, 7.442995181474152, 7.442988782653515, 7.442982374416573, 7.442975956765659, 7.442969529702991, 7.442963093230949, 7.44295664735183, 7.442950192067906, 7.442943727381567, 7.442937253295005, 7.4429307698106495, 7.4429242769307145, 7.44291777465751, 7.442911262993289, 7.442904741940287, 7.442898211500821, 7.442891671677143, 7.442885122471409, 7.4428785638858646, 7.442871995922787, 7.442865418584258, 7.442858831872573, 7.442852235789812, 7.442845630338092, 7.4428390155195805, 7.442832391336356, 7.4428257577905095, 7.442819114884163, 7.44281246261934, 7.44280580099798, 7.44279913002211, 7.442792449693888, 7.442785760015059, 7.442779060987741, 7.442772352613738, 7.44276563489504, 7.442758907833409, 7.442752171430828, 7.442745425689051, 7.442738670609924, 7.442731906195338, 7.442725132446868, 7.4427183493664355, 7.4427115569556666, 7.442704755216309, 7.442697944150068, 7.442691123758627, 7.4426842940435485, 7.4426774550065, 7.442670606649034, 7.442663748972823, 7.4426568819793575, 7.44265000567014, 7.442643120046809, 7.442636225110707, 7.442629320863367, 7.442622407306229, 7.4426154844407675, 7.442608552268343, 7.4426016107903195, 7.442594660008112, 7.4425876999230605, 7.442580730536502, 7.442573751849647, 7.442566763863926, 7.442559766580504, 7.442552760000594, 7.442545744125476, 7.442538718956332, 7.44253168449442, 7.442524640740726, 7.442517587696549, 7.789734062396042, 7.44081247639511, 7.629076047120818, 7.664311415265041, 7.516533067241537, 7.440285354623871, 7.501861948903817, 7.566415631538109, 7.538165158786433, 7.4682517761144025, 7.439993699192517, 7.470479498604223, 7.505965978671457, 7.4997028422663625, 7.463653843430359, 7.439708986173718, 7.448351167244016, 7.470444374888876, 7.475669606126663, 7.459044643837177, 7.4410017610993116, 7.439617587021373, 7.451170303907943, 7.4582941347430785, 7.452160339825436, 7.440771458197165, 7.436620463077531, 7.44166384239771, 7.447004321560809, 7.445222886171018, 7.438753531658711, 7.435072426638427, 7.436938669596038, 7.44010824124425, 7.439703708622267, 7.436116868760087, 7.433514425853404, 7.434089618029106, 7.435794541937053, 7.435639483067747, 7.43352812688608, 7.431816561068897, 7.431940743369602, 7.432811650390423, 7.432604594758583, 7.431191510010939, 7.430042998935269, 7.430068593110675, 7.430497771845636, 7.430138399555189, 7.4290476108450685, 7.428292136042907, 7.428341382385258, 7.428470129073481, 7.427929834070906, 7.427044724718538, 7.426612725594787, 7.426660865729736, 7.426490897726108, 7.425825375100217, 7.425183926769434, 7.42498289724545, 7.424895812304784, 7.424459043142517, 7.423826502796597, 7.423441279350197, 7.423283024944002, 7.422965421262092, 7.422416953110735, 7.421950939281283, 7.421692356624463, 7.421400221200008, 7.420925408099278, 7.42044379786212, 7.420107269576118, 7.419793126731043, 7.419358995664697, 7.418886184490415, 7.418500429744293, 7.418150276475308, 7.417728870039645, 7.417266675127094, 7.416851369590677, 7.416466446982693, 7.416041651447426, 7.415584272965797, 7.415149184775348, 7.414734560505547, 7.4142981958197645, 7.413838686927125, 7.413388004089054, 7.412949480688661, 7.412499218158896, 7.412032672166663, 7.411567392738712, 7.4111084511134715, 7.410642974252991, 7.410165791220141, 7.4096866728849, 7.409210969552168, 7.408731096887551, 7.408241650858173, 7.407748706142669, 7.407257442068332, 7.406762758177615, 7.406260115710088, 7.4057543527772856, 7.405249450997781, 7.404740690613566, 7.40422470377963, 7.403706004217626, 7.403187137432838, 7.402663881207644, 7.402134710068014, 7.401603579806717, 7.401071032041148, 7.400533369609642, 7.3999906878089945, 7.399446040608612, 7.398898683016134, 7.39834619827287, 7.397789683724096, 7.397230734790768, 7.396667882009609, 7.396100017814425, 7.3955284757908, 7.394953698032884, 7.3943744126192685, 7.393790489922387, 7.393202816113001, 7.3926111099959595, 7.3920146408048035, 7.391413707627374, 7.3908086779689715, 7.390199128975073, 7.389584786747734, 7.388965918283208, 7.388342563434412, 7.387714437791573, 7.387081492060207, 7.386443859508241, 7.385801462230346, 7.385154111663832, 7.384501800639438, 7.383844598787113, 7.383182418192552, 7.382515127943631, 7.381842741907163, 7.3811652653468, 7.380482559408477, 7.379794540964675, 7.379101250312792, 7.378402633715468, 7.3776985596375315, 7.37698900685109, 7.3762739648616, 7.375553312346719, 7.374826969081581, 7.374094936581636, 7.373357146766153, 7.3726134959367435, 7.371863950913515, 7.371108466461519, 7.370346941111841, 7.369579310562181, 7.368805540546316, 7.368025557559941, 7.367239285503837, 7.366446676869782, 7.365647668682911, 7.36484218012984, 7.3640301414374445, 7.363211294775784, 7.362385816629034, 7.361553582683474, 7.360714557375658, 7.359868633819818, 7.3590157468425526, 7.358155829980273, 7.3572891077872615, 7.356414870693249, 7.355533417606363, 7.354644677668433, 7.353748576651923, 7.3528450367025675, 7.351933987722808, 7.3510153631151445, 7.350089091139964, 7.349155100762871, 7.348213321612684, 7.347263676916463, 7.346306094899537, 7.345340509640916, 7.344366854685975, 7.343385062212449, 7.342395065286456, 7.341396796139986, 7.340390187069432, 7.339375173474791, 7.3383516933260005, 7.337319685226509, 7.336279088000461, 7.335229841035368, 7.33417188527134, 7.333105163539681, 7.332029621634043, 7.330945208180521, 7.329851873228775, 7.328749568794666, 7.327638249575705, 7.326517872513933, 7.325388397745425, 7.324249789529707, 7.323102015703781, 7.321945056413199, 7.320778879990357, 7.319603462587082, 7.318418787660307, 7.317224843959934, 7.316021626023287, 7.31480913418665, 7.3135873744168345, 7.3123563584334565, 7.311116104112242, 7.309866636363512, 7.308607988082667, 7.307340200246247, 7.306063321662663, 7.304777409134188, 7.303482527876869, 7.302178752284649, 7.300866166669852, 7.299544865500948, 7.298214953309503, 7.296876545157116, 7.295529766324421, 7.294174752424822, 7.292811650373779, 7.2914406185441445, 7.2900618267781105, 7.288675456371016, 7.287281700093803, 7.285880762082102, 7.284472857697714, 7.283058213454253, 7.281637066853125, 7.28020966643028, 7.278776270802336, 7.277337147339616, 7.275892572304283, 7.274442830370251, 7.272988213905316, 7.2715290220992586, 7.270065560068508, 7.268598137661575, 7.267127068491086, 7.265652668923287, 7.26417525690751, 7.262695150672212, 7.261212667416214, 7.259728122029322, 7.258241825907015, 7.25675408587555, 7.255265201912018, 7.253775466350124, 7.252285162682082, 7.250794564257672, 7.249303932995911, 7.247813518207314, 7.246323555926611, 7.244834268365264, 7.243345860772192, 7.241858521830835, 7.240372423006593, 7.238887717916743, 7.237404541788942, 7.23592301098972, 7.234443222665039, 7.232965254515276, 7.2314891646084725, 7.230014991081064, 7.228542752906935, 7.227072449817655, 7.2256040629040434, 7.2241375542355675, 7.222672867474485, 7.221209928543671, 7.219748646900018, 7.218288915244795, 7.216830609975355, 7.215373592457132, 7.213917709800817, 7.21246279566451, 7.211008671060984, 7.209555145178123, 7.2081020162208524, 7.206649072250854, 7.205196092000387, 7.20374284567002, 7.20228909572271, 7.200834597660923, 7.199379100767297, 7.197922348811272, 7.196464080731411, 7.195004031284767, 7.193541931651672, 7.192077510003998, 7.190610492044593, 7.189140601509123, 7.187667560620031, 7.186191090544174, 7.184710912593866, 7.183226748175463, 7.181738317196332, 7.1802453397319965, 7.178747536192256, 7.177244627915896, 7.175736337227429, 7.174222387529048, 7.172702503432566, 7.17117641086167, 7.169643837129814, 7.168104510997798, 7.166558162712249, 7.165004524021412, 7.163443328178449, 7.161874309929414, 7.16029720548567, 7.158711752481604, 7.15711768992123, 7.155514757733292, 7.153902696339831, 7.152281248408502, 7.150650157745731, 7.149009169189383, 7.147358029363778, 7.1456964849224995, 7.144024282848122, 7.142341170706337, 7.140646896533616, 7.138941208722152, 7.137223856203346, 7.135494588274458, 7.133753153661857, 7.131999300974886, 7.1302327786015205, 7.128453334588304, 7.126660716521079, 7.124854671404692, 7.123034945544851, 7.1212012844292305, 7.119353432610163, 7.117491133587539, 7.115614129691957, 7.113722162567438, 7.111814973261193, 7.109892299792852, 7.1079538785664775, 7.10599944424058, 7.104028729160738, 7.10204146440058, 7.100037379458057, 7.098016202358659, 7.095977658090971, 7.093921469325003, 7.091847356392646, 7.089755037189135, 7.087644227076263, 7.085514638785626, 7.083365982322368, 7.081197964869857, 7.079010290693472, 7.076802661046159, 7.074574774073127, 7.072326324717448, 7.070057004625723, 7.067766502053181, 7.065454501777648, 7.063120685993848, 7.060764732519783, 7.058386315031759, 7.055985103387374, 7.0535607635379565, 7.051112957456723, 7.048641343046433, 7.046145574045616, 7.043625299935542, 7.0410801658438515, 7.038509812451675, 7.0359138758931525, 7.033291987665378, 7.0306437745762, 7.027968860728817, 7.02526686437914, 7.022537397164135, 7.0197800656210605, 7.016994471472719, 7.014180210775857, 7.011336875619254, 7.008464050812853, 7.0055613259423515, 7.002628295560545, 6.999664735773931, 6.996671388019299, 6.993654899239121, 6.990667696691451, 6.987711670597446, 6.984776737594436, 6.98140215344153, 6.978099454667248, 6.975091980078788, 6.971853944355732, 6.968421175146327, 6.96516727279326, 6.961944207050729, 6.958499540984561, 6.955026226381182, 6.951674194035352, 6.948233963049947, 6.944634197256416, 6.941071376316063, 6.93755212690287, 6.933924598021969, 6.930197808268158, 6.926479954424081, 6.922775035256937, 6.919001409899403, 6.915133342348567, 6.91122822069629, 6.907320427890997, 6.903386608884233, 6.89938984954746, 6.895320320331453, 6.891197362876997, 6.887039570823256, 6.882850397548531, 6.878622729263696, 6.874349663327082, 6.8700285252092534, 6.865659201325522, 6.861250073870292, 6.856805183745417, 6.852357204969414, 6.847922779314462, 6.843621178654374, 6.839481367176163, 6.8358090982810005, 6.83236247532447, 6.829283087721492, 6.825336904701922, 6.820406801744582, 6.813926992270925, 6.80723260641254, 6.801265663188517, 6.796502812307284, 6.7926780399427376, 6.78933065790737, 6.78626864985417, 6.783058468572653, 6.779823842121368, 6.775593263742329, 6.770614879068559, 6.764165484939995, 6.757276123780174, 6.750413236330117, 6.744330406847112, 6.739100848746614, 6.734562796432107, 6.730579448950792, 6.727223909611129, 6.725105376751469, 6.724867200058906, 6.7283454551426445, 6.733031033367837, 6.735652061239753, 6.721611302053907, 6.699418736083417, 6.686064030200172, 6.6894507680798965, 6.6964912723969015, 6.690098385350304, 6.67415107578839, 6.663534446929757, 6.6647802717853954, 6.667691988493712, 6.6609769180642875, 6.648745782971097, 6.640819622310775, 6.640195652002924, 6.6404697183841055, 6.635051423400256, 6.62572357314028, 6.617699799114936, 6.6140551489745265, 6.612737784817458, 6.609956008873482, 6.6044140158652915, 6.596779986764082, 6.589624702006055, 6.584255293521693, 8.038225661636465, 6.605398513142492, 7.0824930983157435, 7.506535777010547, 7.153108092091261, 6.67869011788469, 6.604869441604358, 6.885231621567694, 7.049802272506384, 6.902919947882163, 6.660757947837201, 6.574467855942522, 6.677182112740557, 6.806341356511456, 6.813588408764519, 6.704251921740058, 6.593007170822807, 6.578241125521456, 6.649756690875629, 6.709146285861963, 6.687150671580914, 6.61388219940521, 6.567584039430954, 6.584478962522855, 6.62942300083997, 6.64521833567271, 6.615542203487174, 6.57440518508063, 6.563140519482184, 6.585285644889928, 6.6068186231098505, 6.599696981803245, 6.573491793014923, 6.558230861782307, 6.566377550812384, 6.581503227662683, 6.582125532968882, 6.567355719928757, 6.554645112427561, 6.556470805197896, 6.565869710509071, 6.56763580997955, 6.558639019100158, 6.549938853603788, 6.55042379128937, 6.5558638499832425, 6.556493827966256, 6.550426463017254, 6.5448282970382365, 6.545162514112223, 6.548150657597696, 6.5474678758968645, 6.54286554813105, 6.539558897326163, 6.540108902731162, 6.541300884655538, 6.539588674875957, 6.536129636723218, 6.534394621045837, 6.534823059123135, 6.534641131513708, 6.532437284823464, 6.530039480781067, 6.529258594569288, 6.529176850692801, 6.527982645837841, 6.52585990866601, 6.524381956094672, 6.523863411159812, 6.523068533589106, 6.521400410415944, 6.5197418670631775, 6.518805053695962, 6.518020887134338, 6.516668230416198, 6.515064755963991, 6.513877853762019, 6.512970604370181, 6.511758972880509, 6.510259531893653, 6.5089616187469765, 6.507921816348417, 6.506740913966988, 6.5053214513486015, 6.503984376134121, 6.502844629787673, 6.501644959487322, 6.500268692357599, 6.498921961079887, 6.4977136572984255, 6.496477892584216, 6.495117813709075, 6.493768383680765, 6.492512581009442, 6.491238605695194, 6.489877884159881, 6.488524388632606, 6.48723259602066, 6.485922698278923, 6.484553240699069, 6.483192773425876, 6.481871225989565, 6.480529394574514, 6.479147638276088, 6.477777018246446, 6.476428327653559, 6.475058081758047, 6.473662972371241, 6.472279533096452, 6.470905125145398, 6.469509904292227, 6.468101137536883, 6.466702291035035, 6.465302997217412, 6.463886001413278, 6.462463563136958, 6.461047336064491, 6.45962453888107, 6.458188617934495, 6.456751831148037, 6.455316492678356, 6.4538719350673235, 6.45241929892708, 6.4509671356444755, 6.449511994678536, 6.4480479115162135, 6.446579689004767, 6.4451107473299665, 6.443636046603827, 6.442154595242786, 6.440670975526729, 6.43918437296066, 6.4376913525378, 6.436193964911738, 6.43469429544927, 6.433189879570573, 6.431680095903608, 6.4301673051826045, 6.42865104153994, 6.427129607993506, 6.4256042100864015, 6.424075748965378, 6.422542873063674, 6.421005560775151, 6.419464994297101, 6.417920643091488, 6.416371847300787, 6.4148194376734144, 6.413263574753594, 6.411703550681779, 6.410139683042547, 6.408572427738277, 6.407001306226013, 6.4054262627968095, 6.40384777323327, 6.402265654422942, 6.400679683179505, 6.399090199863457, 6.397497218491765, 6.395900489239682, 6.394300203505764, 6.392696488974764, 6.391089154690093, 6.389478273918559, 6.387863996851621, 6.3862461965202835, 6.384624875296762, 6.383000176625367, 6.381372040062768, 6.379740437087034, 6.378105479329066, 6.376467141743197, 6.374825384418767, 6.373180293648748, 6.371531873916155, 6.369880090789056, 6.368225005068356, 6.36656662819619, 6.364904930113596, 6.3632399563834205, 6.36157172684925, 6.359900221888955, 6.358225474352941, 6.356547500284214, 6.354866284061728, 6.353181851912546, 6.351494221254111, 6.349803384005034, 6.348109360571689, 6.346412162655293, 6.344711783879273, 6.343008241950261, 6.3413015484671575, 6.339591701713306, 6.337878716017655, 6.33616259793863, 6.334443346282819, 6.332720974050265, 6.330995487770397, 6.329266889028352, 6.327535187897567, 6.325800387075384, 6.324062488329104, 6.322321500806087, 6.320577427611284, 6.318830271899665, 6.317080039776756, 6.315326731881502, 6.313570351463278, 6.311810903917279, 6.3100483906307625, 6.308282814867999, 6.306514179121891, 6.304742483584263, 6.302967731419279, 6.3011899248068195, 6.299409064616397, 6.297625152813338, 6.295838189433588, 6.294048174981711, 6.292255111163542, 6.290458998183244, 6.288659836511069, 6.286857626119133, 6.285052366174856, 6.283244057015745, 6.281432698512785, 6.279618290044558, 6.27780083101359, 6.275980320007559, 6.2741567561257225, 6.27233013867593, 6.270500466388278, 6.268667737972794, 6.266831951616697, 6.264993105588672, 6.263151198542877, 6.261306228754395, 6.259458194363819, 6.257607093193152, 6.255752922991459, 6.25389568185388, 6.252035367687636, 6.250171978225892, 6.248305510982206, 6.246435963380748, 6.244563333116584, 6.242687617809557, 6.240808814920197, 6.238926921739155, 6.237041935499676, 6.23515385364872, 6.233262673609639, 6.231368392677338, 6.2294710080114335, 6.227570516757305, 6.225666916236545, 6.223760203764075, 6.221850376553269, 6.219937431713318, 6.218021366382598, 6.216102177845201, 6.214179863376549, 6.212254420168208, 6.210325845339505, 6.208394136074293, 6.206459289668277, 6.204521303395956, 6.202580174456473, 6.200635900010375, 6.1986884773016095, 6.196737903643097, 6.19478417630622, 6.192827292491191, 6.190867249390896, 6.188904044275032, 6.186937674429197, 6.184968137071328, 6.182995429352218, 6.18101954843423, 6.179040491517403, 6.177058255756649, 6.175072838211751, 6.173084235879855, 6.171092445759257, 6.169097464816042, 6.1670992899076715, 6.165097917770055, 6.163093345070342, 6.1610855684217904, 6.159074584316063, 6.157060389074911, 6.155042978873305, 6.153022349776138, 6.150998497698344, 6.148971418338757, 6.146941107172918, 6.144907559488013, 6.142870770369245, 6.1408307346363395, 6.138787446801519, 6.136740901101697, 6.13469109150057, 6.132638011630158, 6.130581654742749, 6.128522013718977, 6.126459081079262, 6.124392848938542, 6.122323308951579, 6.12025045232877, 6.11817426984889, 6.1160947517791335, 6.11401188785052, 6.111925667249136, 6.109836078633697, 6.1077431101152255, 6.10564674921061, 6.103546982836159, 6.101443797332973, 6.09933717846177, 6.097227111372503, 6.095113580611642, 6.092996570164533, 6.090876063800625, 6.088752044251629, 6.086624493751494, 6.084493394246547, 6.08235872729844, 6.080220474123228, 6.078078615680185, 6.075933132796596, 6.073784006275574, 6.0716312170044455, 6.069474746120543, 6.067314575214464, 6.065150686521307, 6.062983063137197, 6.060811689286077, 6.058636550640473, 6.05645763463125, 6.0542749308102, 6.052088431266492, 6.049898131102705, 6.047704029469156, 6.04550612937422, 6.043304437233599, 6.041098965573229, 6.038889732856868, 6.036676764238502, 6.0344600924706295, 6.032239758550284, 6.030015812580726, 6.02778831473517, 6.025557335888146, 6.023322957342782, 6.021085274137122, 6.018844395133346, 6.016600443661985, 6.01435355829793, 6.012103892649625, 6.009851617254622, 6.007596919652195, 6.005340002431752, 6.003081085278212, 6.00082040682964, 5.998558223451273, 5.996294807191872, 5.994030444502781, 5.991765434562837, 5.989500087202358, 5.9872347209916885, 5.984969660748875, 5.982705230481162, 5.980441751855071, 5.978179542551931, 5.975918909798437, 5.973660146559612, 5.971403527370419, 5.969149304315589, 5.966898423410339, 5.964649715600145, 5.962403963685829, 5.960161280213387, 5.957921737586573, 5.95568536780794, 5.953452162561902, 5.951222075681537, 5.948995025848618, 5.946770905111287, 5.944549574588064, 5.942330872674768, 5.9401146224044235, 5.937900638170553, 5.935688732509186, 5.933478401504758, 5.931270022854291, 5.9290631863029315, 5.926857748193868, 5.924653587018691, 5.922450599644747, 5.920248709345634, 5.918047862278947, 5.9158480272002585, 5.913649200231279, 5.911451404674722, 5.909254695283888, 5.907059134553052, 5.904864771454603, 5.902671865938623, 5.900479889433236, 5.898289365292394, 5.8961004071492145, 5.893913120710625, 5.891727600077548, 5.889543970639033, 5.887362391835358, 5.885182866159426, 5.883005505340998, 5.8808303987429005, 5.878657626778144, 5.8764872722438835, 5.874319420955126, 5.872154854718681, 5.869992079843413, 5.867832016292746, 5.8656747263039595, 5.86352027098223, 5.861368705304935, 5.85922008684986, 5.857074468440208, 5.854931908567434, 5.852792454421121, 5.850656172559327, 5.8485231041421635, 5.846393357565097, 5.844267014402413, 5.842144519695239, 5.840026800730985, 5.8379182141002985, 5.835834027196932, 5.8338370946592075, 5.832165037868066, 5.831432827246896, 5.83281682048323, 5.836061826249336, 5.840008749314013, 5.838882838683035, 5.833016686300497, 5.823176449489267, 5.816046059017086, 5.814234607406385, 5.81627809943486, 5.818775181425043, 5.81806712110965, 5.8143207779152855, 5.808240567357976, 5.8030375412338495, 5.800169814246777, 5.799577833710934, 5.800107066734136, 5.800300091324736, 5.7996355054190305, 5.7973622258960935, 5.794307735136403, 5.790595434931251, 5.787119588296079, 5.78411097952237, 5.781730979782785, 5.779892598682081, 5.778462907861717, 5.777356175199993, 5.7765528234766474, 5.776250356955274, 5.776576010481043, 5.778363838140883, 5.781683931919844, 5.788780766895543, 5.79735205218889, 5.810580078797461, 5.814165026454174, 5.8112635448515455, 5.787811886985895, 5.764880985806967, 5.754191227698786, 5.759905191456594, 5.772537188576513, 5.776786554447785, 5.770454930127425, 5.755298854029348, 5.745517931516033, 5.746072953312999, 5.752384307500583, 5.756740802318995, 5.752782200381655, 5.744606913927063, 5.737222466758368, 5.735177313298517, 5.737482648073602, 5.739973875027313, 5.739878404908814, 11.586296137769382, 6.059306001461649, 6.756251748466926, 8.781988475268461, 8.76342867315803, 7.332271229481665, 5.994014513017748, 5.83475480801639, 6.718962394039263, 7.351774552352911, 6.999946837983078, 6.197109881538009, 5.744750277837335, 5.894732720049441, 6.31964526284655, 6.565323902364637, 6.441010478174752, 6.081659089325964, 5.782127070780977, 5.759332442275238, 5.972281927145434, 6.16255402408045, 6.128144380253811, 5.922583916879091, 5.753415175101169, 5.751336672729756, 5.869377351669083, 5.966332971728517, 5.949349133218647, 5.842251233813865, 5.74580348941531, 5.739354753869073, 5.807683454322656, 5.862968415806258, 5.843318892908003, 5.774984161290143, 5.730214712179078, 5.744041749126465, 5.786375821638751, 5.80498966507361, 5.781064206222364, 5.741995657599946, 5.72707210311823, 5.745006744932332, 5.767809761824815, 5.766340835669701, 5.743599234247215, 5.726255218231495, 5.7303053941569075, 5.745111810800837, 5.750174147672233, 5.739611098237909, 5.726292390765739, 5.724394613342915, 5.732698313924034, 5.7380794318263355, 5.733110523065308, 5.724304912632433, 5.721805598191325, 5.726320205178857, 5.72994197136217, 5.727307232049051, 5.721730148087716, 5.719705483547019, 5.72224112288329, 5.724369422674062, 5.722496617899502, 5.718896071471533, 5.717740914228187, 5.719281526172332, 5.720202014633739, 5.7186084007125455, 5.716296507620236, 5.715745556798247, 5.716648284514329, 5.716766478192062, 5.715337547114901, 5.713894318103188, 5.713730763464695, 5.714129360617999, 5.713717260707899, 5.712513323765737, 5.711666554049001, 5.711623791417433, 5.711596727082438, 5.71091264586676, 5.709982384716163, 5.709510219970586, 5.709401241730628, 5.709040452157655, 5.708298005418456, 5.707640649582344, 5.707327056404834, 5.707048866245287, 5.706497188444249, 5.705838200273868, 5.705374606899443, 5.705051970611692, 5.704605426588372, 5.70401030067685, 5.703479555332467, 5.703086209349954, 5.702670594464513, 5.702135575957348, 5.701592174973731, 5.701144030438667, 5.700720456944981, 5.700221929188146, 5.69968790240702, 5.6992078967866435, 5.6987647901044625, 5.69828152621094, 5.697760172411118, 5.697264722996589, 5.696802477580462, 5.696321614160851, 5.6958095273039, 5.695307503880562, 5.694830588107692, 5.694346185541411, 5.693838721282803, 5.693333748311715, 5.6928461809469555, 5.692356061020496, 5.69184979169442, 5.691343047028702, 5.690847866955671, 5.690351838862738, 5.689844572316115, 5.68933601933504, 5.688834975072866, 5.688333388914841, 5.6878239846777126, 5.687313417641523, 5.686807651414607, 5.686301117211706, 5.685789027369602, 5.685276125404902, 5.68476620181623, 5.684255211776093, 5.683740266103353, 5.683224883517312, 5.682711230525093, 5.682196262884195, 5.681678448226825, 5.681160441284148, 5.680643277194842, 5.68012469319939, 5.6796041044330305, 5.679083459258397, 5.678563017670022, 5.678041155043373, 5.677517890768716, 5.676994576371367, 5.676471016359856, 5.675946153136127, 5.675420320054411, 5.674894384810593, 5.6743679044544315, 5.673840289906898, 5.673312016388349, 5.672783493321352, 5.672254267754631, 5.6717241192072025, 5.671193486001763, 5.670662466564727, 5.670130691839135, 5.669598183073446, 5.669065255474464, 5.668531831156053, 5.667997690672231, 5.66746297376539, 5.666927838498626, 5.66639214059372, 5.665855805321422, 5.665318988280244, 5.664781721633894, 5.6642438856443285, 5.663705508142159, 5.663166694139126, 5.662627401012612, 5.6620875704587, 5.661547271659808, 5.661006544503323, 5.660465334705962, 5.659923644919814, 5.659381533697007, 5.6588389911774994, 5.658295986547986, 5.657752553627347, 5.65720871936004, 5.656664460668113, 5.656119779755941, 5.65557470891092, 5.655029246425927, 5.654483379679736, 5.653937128884752, 5.653390509645942, 5.652843512866823, 5.652296143916167, 5.651748421331596, 5.65120034513836, 5.650651912826868, 5.650103138475281, 5.6495540307774235, 5.649004587710419, 5.648454816549041, 5.647904728292452, 5.6473543238113715, 5.646803605854284, 5.646252584679233, 5.645701265329128, 5.64514964941865, 5.644597744387193, 5.644045556956997, 5.64349308914339, 5.642940346058958, 5.642387335077709, 5.641834059862983, 5.641280524238865, 5.640726734709049, 5.640172695774627, 5.639618410708501, 5.639063885133169, 5.638509124347809, 5.637954131923315, 5.637398912599667, 5.636843471560765, 5.636287812520525, 5.635731939636411, 5.6351758579940245, 5.634619571740904, 5.634063084797147, 5.633506401820061, 5.632949526921561, 5.632392463617249, 5.6318352167410195, 5.6312777905679745, 5.630720188869353, 5.6301624157169785, 5.629604475208293, 5.629046371012494, 5.628488106984755, 5.62792968716544, 5.627371115276465, 5.62681239502956, 5.626253530260682, 5.625694524569588, 5.625135381517205, 5.62457610482877, 5.624016698097074, 5.623457164808944, 5.622897508522396, 5.622337732690126, 5.6217778406728875, 5.621217835916056, 5.620657721823331, 5.620097501696509, 5.61953717885192, 5.618976756555479, 5.618416238022579, 5.617855626501605, 5.617294925192943, 5.616734137220591, 5.616173265692996, 5.615612313684626, 5.615051284206325, 5.614490180268209, 5.613929004869518, 5.613367760954071, 5.612806451438584, 5.612245079208829, 5.611683647101584, 5.611122157940426, 5.610560614534292, 5.609999019649293, 5.609437376021642, 5.608875686356789, 5.6083139533206525, 5.607752179561121, 5.607190367707336, 5.606628520352869, 5.606066640020966, 5.605504729188703, 5.604942790365642, 5.6043808260420755, 5.60381883868677, 5.6032568307369015, 5.602694804600971, 5.602132762657659, 5.6015707072563, 5.601008640725464, 5.600446565370351, 5.599884483467185, 5.599322397264451, 5.598760308982043, 5.598198220813513, 5.5976361349309505, 5.597074053566077, 5.596511978908399, 5.595949912891327, 5.595387857578341, 5.594825815008698, 5.594263787199889, 5.593701776145137, 5.593139783811747, 5.592577812141358, 5.592015863050315, 5.591453938432186, 5.590892040158452, 5.5903301700764905, 5.589768330008971, 5.589206521753881, 5.5886447470854845, 5.588083007756178, 5.587521305496068, 5.5869596420116885, 5.586398018985783, 5.58583643807757, 5.585274900923926, 5.584713409140259, 5.58415196431971, 5.583590568032616, 5.583029221826339, 5.582467927225953, 5.581906685735115, 5.581345498836213, 5.580784367989835, 5.580223294634323, 5.57966228018607, 5.579101326040202, 5.578540433571069, 5.577979604132051, 5.5774188390551, 5.576858139650786, 5.576297507208671, 5.575736942997844, 5.575176448267045, 5.574616024244381, 5.574055672137221, 5.573495393132262, 5.572935188396099, 5.572375059075424, 5.571815006296993, 5.571255031167347, 5.5706951347730165, 5.570135318180676, 5.569575582437528, 5.569015928571437, 5.568456357590626, 5.567896870483774, 5.567337468220227, 5.5667781517502215, 5.566218922005043, 5.565659779896988, 5.565100726319359, 5.564541762146463, 5.563982888233977, 5.563424105419094, 5.5628654145204885, 5.562306816338268, 5.561748311654211, 5.561189901231727, 5.560631585816137, 5.560073366134811, 5.559515242835667, 5.558957216299408, 5.558399287574137, 5.557841457316797, 5.557283726166687, 5.556726094745505, 5.556168563657482, 5.5556111334893306, 5.555053804663717, 5.554496577866751, 5.553939453648796, 5.553382432528076, 5.552825515005786, 5.552268701566266, 5.551711992676955, 5.551155388788564, 5.550598890335089, 5.5500424977338385, 5.549486211385591, 5.548930031674616, 5.5483739589688765, 5.547817993619878, 5.547262135962838, 5.5467063863168455, 5.546150744984736, 5.545595212253488, 5.5450397883938845, 5.544484473660842, 5.543929268293394, 5.543374172514837, 5.542819186532656, 5.542264310538702, 5.541709544709232, 5.541154889204956, 5.540600344171019, 5.540045909737273, 5.539491586018159, 5.53893737311281, 5.538383271105068, 5.537829280063665, 5.53727540004223, 5.536721631079218, 5.536167973198112, 5.535614426407406, 5.53506099070075, 5.534507666056947, 5.533954452451744, 5.533401349867241, 5.532848358239108, 5.532295477486629, 5.53174270751446, 5.531190048212886, 5.530637499455357, 5.5300850610997, 5.529532732997891, 5.528980514984698, 5.528428406880386, 5.527876408491, 5.52732451960836, 5.52677274001009, 5.526221069459691, 5.525669507706473, 5.525118054485681, 5.524566709512412, 5.52401547238168, 5.52346434275372, 5.522913320319765, 5.522362404756521, 5.521811595726249, 5.521260892876727, 5.5207102958413055, 5.5201598042389755, 5.519609417674241, 5.519059135737336, 5.518508958004019, 5.517958884009207, 5.517408913302666, 5.516859045428216, 5.516309279903666, 5.515759616232665, 5.515210053921914, 5.51466059247342, 5.514111231314617, 5.513561969891322, 5.513012807635292, 5.512463743964329, 5.511914778282277, 5.511365909979055, 5.510817138430614, 5.510268462999092, 5.509719883032705, 5.509171397865791, 5.508623006818673, 5.508074709197964, 5.507526504296502, 5.506978391389614, 5.506430369739831, 5.50588243859883, 5.505334597204482, 5.504786844780991, 5.504239180538928, 5.5036916036752155, 5.503144113373196, 5.50259670880259, 5.502049389119563, 5.501502153466709, 5.50095500097311, 5.500407930754327, 5.499860941912423, 5.499314033535976, 5.498767204700155, 5.4982204544666535, 5.49767378188377, 5.497127185986385, 5.496580665796069, 5.496034220320971, 5.495487848555967, 5.494941549482606, 5.494395322069123, 5.493849165270521, 5.493303078028538, 5.492757059271688, 5.492211107915289, 5.491665222861433, 5.491119403025309, 5.490573647325518, 5.490027954532334, 5.489482323494939, 5.488936753049508, 5.488391242019179, 5.487845789214022, 5.487300393431187, 5.486755053454769, 5.4862097680559305]