Model Setup for Atypical Patient 4:
ITERS=5000
LEARNING_RATE=0.001
OPT_RESET=500
ATOL=1e-09
RTOL=1e-07
METHOD=dopri5
Input channels=2
Hidden channels=11
Output channels=2
Runtime=427.8319561481476
Optimizer=Adam (
Parameter Group 0
    amsgrad: False
    betas: (0.9, 0.999)
    capturable: False
    differentiable: False
    eps: 1e-08
    foreach: None
    fused: None
    lr: 0.001
    maximize: False
    weight_decay: 0
)Loss over time=[2042.1010133102639, 1992.3536910585055, 1943.2832562682504, 1894.907290047677, 1847.2424553502503, 1800.3042043202577, 1754.1063704605704, 1708.661057405528, 1663.9790974232267, 1620.0705941430608, 1576.944912721239, 1534.6103853154564, 1493.0739667961113, 1452.3407311923102, 1412.4137914985492, 1373.2939357979499, 1334.979526878412, 1297.4665110131527, 1260.7486199765258, 1224.8177070930315, 1189.6640676226539, 1155.276825548405, 1121.6444411386453, 1088.7550340245225, 1056.5966801340703, 1025.1576676658035, 994.4263403947032, 964.3914097294517, 935.0418024813207, 906.3666898253069, 878.3555228089957, 850.9980446753914, 824.2843551473626, 798.2047396116751, 772.7499772614909, 747.9111591609828, 723.6797403755514, 700.0475410827953, 677.0067290136919, 654.5498015238145, 632.6695349258761, 611.3589325885213, 590.6111219495019, 570.4193668144519, 550.7768249711376, 531.6765269503856, 513.1112754869663, 495.0735608676365, 477.5555062433872, 460.54885054291117, 444.0449429243835, 428.03482661718976, 412.50933986793166, 397.45917864926287, 382.8749606666331, 368.74749104254425, 355.06768356251797, 341.8267072598624, 329.0161122028692, 316.6277756160611, 304.6539909915625, 293.08747695200066, 281.92134220741593, 271.1490800358001, 260.7645340396817, 250.76186314773747, 241.13550037938515, 231.88011259646044, 222.99051247336973, 214.4616252330409, 206.2884438033059, 198.46591096992142, 190.98889371201176, 183.85210692411874, 177.050049119949, 170.57694897522668, 164.4267067384828, 158.592844892497, 153.06848832090174, 147.84633255793835, 142.91864137480968, 138.27725455664807, 133.91360625186175, 129.81876196176643, 125.98346106494934, 122.3981673043383, 119.05312467289356, 115.93841838325244, 113.0440293953483, 110.359892143484, 107.87594671191714, 105.58218694489437, 103.46870325361456, 101.52572092819229, 99.7436334289194, 98.11303153240692, 96.62472808643565, 95.26977932612346, 94.03950302438203, 92.9254920652745, 91.91963662265138, 91.01411999356831, 90.20143903458973, 89.47440846202446, 88.82616654167606, 88.25017936871201, 87.74024359357821, 87.29048765743529, 86.89537170010462, 86.54968636815082, 86.24854879600525, 85.98739831882004, 85.76199064174875, 85.56839063301769, 85.40296004676941, 85.26236312669823, 85.14353441073968, 85.04368072128493, 84.96026578934823, 84.89099725220193, 84.8338131835399, 84.78686745040604, 84.74852011308194, 84.7173165253962, 84.69197763619594, 84.67138584507477, 84.6545707757938, 84.64069637377852, 84.62904829904504, 84.61902185490736, 84.61011052347838, 84.60189515339908, 84.59402849131563, 84.58624808040928, 84.57833242053918, 84.57011762235969, 84.56148354043302, 84.5523471368031, 84.54265649445482, 84.53238545242961, 84.521528830445, 84.5100982081757, 84.49811822267682, 84.48562334659262, 84.47265510965971, 84.45925972642944, 84.44548609398447, 84.43138412461442, 84.41700337984577, 84.40239197381496, 84.38759571567958, 84.3726574625453, 84.35761665617423, 84.34250901856518, 84.32736638329703, 84.31221664131108, 84.29708378156467, 84.28198800873379, 84.26694592183108, 84.25197073926869, 84.23707255750944, 84.22225863201525, 84.20753367070701, 84.19290013158559, 84.17835851752376, 84.16390766251017, 84.14954500480343, 84.13526684352607, 84.12106857619797, 84.10694491555893, 84.09289008477589, 84.07889799075939, 84.06496237583866, 84.0510769484649, 84.03723549394418, 84.02343196644364, 84.00966056367906, 83.99591578579407, 83.98219247983997, 83.9684858720457, 83.9547915884202, 83.94110566524287, 83.92742455256814, 83.9137451101563, 83.90006459718636, 83.88638065751888, 83.87269130124233, 83.85899488338582, 83.84528999957493, 83.83157543597984, 83.81785063968594, 83.80411509583702, 83.79036851022671, 83.77661078479933, 83.76284199417775, 83.7490623634941, 83.73527224774135, 83.72147211282018, 83.70766251841646, 83.69384410280412, 83.68002545042378, 83.66619184624936, 83.65235150187316, 83.6385051960261, 83.62465372349446, 83.61079788819008, 83.5969384974654, 83.58307635755172, 83.56921226999575, 83.55534702897445, 83.54148141937037, 83.52761621550508, 83.51375218044286, 83.49989006593859, 83.48603061247742, 83.4721745502653, 83.45832260060358, 83.44447547744946, 83.43063388778033, 83.41679852831277, 83.40297007865001, 83.38914919826026, 83.37533653407765, 83.36153273199645, 83.3477384420203, 83.33395431691848, 83.32018100919716, 83.30641916899411, 83.29266944312984, 83.27893247484238, 83.26520890380012, 83.2514993661731, 83.23780449466831, 83.22412491848749, 83.21046126320824, 83.19681415058766, 83.1831841983035, 83.16957201963639, 83.15597822311278, 83.14240341210387, 83.12884818440403, 83.11531313179067, 83.10179883957017, 83.08830588611278, 83.07483484245746, 83.0613930058501, 83.04796737517835, 83.0345653197662, 83.02118737037581, 83.0078340497476, 82.99450587186392, 82.98120334128976, 82.96792695258432, 82.95467718977069, 82.94145452585623, 82.92825942239624, 82.91509232909719, 82.90195368345461, 82.8888439104206, 82.87576342210045, 82.86271261747429, 82.84969188214086, 82.83670158808503, 82.82374209346347, 82.81081374246972, 82.7979168661666, 82.78505178043328, 82.77221878619318, 82.75941816975238, 82.746650202685, 82.73391514173026, 82.72121322870402, 82.70854469042693, 82.69590973866293, 82.6833085782156, 82.67074140056964, 82.65820835799151, 82.64570960090292, 82.63324526461872, 82.62081546935586, 82.60842032025472, 82.59605990741373, 82.58373430593291, 82.57144357597014, 82.5591877628069, 82.54696689692392, 82.534780994088, 82.52263005544863, 82.51051406764223, 82.49843300291009, 82.48638681921693, 82.47437546038411, 82.46239885622867, 82.45045692271025, 82.43854956208322, 82.42667666305812, 82.41483810096689, 82.40303373793714, 82.39126342306946, 82.37952699261949, 82.36782427018612, 82.3561550669013, 82.34451918162533, 82.33291640114453, 82.32134650037122, 82.30980924254676, 82.29830437944625, 82.28683165158577, 82.27539078842975, 82.2639815085995, 82.25260352008394, 82.24125652044738, 82.22994019703971, 82.21865422720548, 82.20739827849356, 82.19617200886142, 82.18497506688496, 82.17380709196111, 82.16266771451124, 82.15155655618345, 82.14047323004961, 82.12941734080454, 82.11838848495901, 82.10738625103097, 82.09641021973651, 82.08545996417352, 82.0745350500067, 82.06363503564603, 82.05275947242393, 82.04190790476959, 82.03107987037623, 82.02027490037158, 82.00949251947634, 81.99873224616734, 81.98799359283079, 81.97727606591565, 81.96657916608312, 81.95590238834887, 81.9452452221261, 81.93460714882832, 81.9239876462313, 81.91338618827302, 81.9028022439133, 81.89223527725709, 81.88168474767556, 81.87115010992225, 81.86063081424655, 81.85012630650448, 81.83963602826593, 81.82915941691766, 81.81869590576562, 81.80824492413213, 81.79780589745195, 81.78737824736442, 81.77696139180358, 81.76655474508608, 81.75615771799592, 81.74576971786824, 81.73539014866873, 81.72501841107486, 81.71465390255082, 81.70429601742421, 81.69394414695934, 81.68359767942974, 81.67325600018945, 81.66291849174321, 81.65258453381769, 81.64225350342494, 81.63192477493209, 81.6215977201293, 81.61127170829565, 81.60094610626699, 81.59062027850122, 81.58029358714587, 81.56996539210535, 81.55963505110758, 81.54930191977354, 81.5389653516854, 81.52862469845665, 81.51827930980424, 81.50792853362023, 81.49757171604595, 81.48720820154904, 81.47683733299918, 81.46645845174908, 81.45607089771656, 81.4456740094674, 81.4352671243037, 81.42484957835185, 81.41442070665612, 81.40397984327333, 81.39352632137057, 81.3830594733284, 81.3725786308453, 81.36208312504621, 81.35157228659571, 81.34104544581444, 81.33050193279892, 81.31994107754711, 81.30936221008672, 81.29876466060843, 81.28814775960413, 81.2775108380092, 81.26685322734853, 81.25617425989014, 81.24547326880004, 81.23474958830494, 81.22400255385787, 81.21323150231059, 81.20243577208893, 81.19161470337549, 81.18076763829515, 81.1698939211075, 81.1589928984034, 81.14806391930641, 81.13710633567914, 81.12611950233564, 81.11510277725691, 81.10405552181223, 81.09297710098517, 81.08186688360313, 81.07072424257174, 81.05954855511422, 81.04833920301321, 81.03709557285768, 81.02581705629304, 81.01450305027373, 81.00315295732113, 80.99176618578144, 80.98034215008735, 80.96888027102362, 80.95737997599123, 80.94584069927613, 80.93426188231716, 80.92264297397521, 80.91098343080405, 80.89928271731935, 80.88754030626932, 80.87575567890151, 80.86392832523266, 80.85205774431292, 80.84014344448941, 80.82818494366774, 80.81618176956968, 80.80413345998767, 80.7920395630345, 80.77989963739044, 80.76771325254225, 80.75547998902785, 80.74319943900008, 80.73087120594818, 80.71849490488235, 80.70607016273594, 80.6935966185661, 80.68107392374863, 80.6685017421639, 80.65587975037565, 80.64320763779747, 80.63048510685536, 80.61771187313728, 80.60488766553485, 80.59201222637569, 80.57908531154646, 80.56610669060495, 80.55307614688515, 80.53999347759064, 80.52685849387983, 80.51367102094223, 80.50043089806522, 80.48713797869263, 80.47379213047572, 80.4603932353138, 80.44694118939151, 80.43343590320536, 80.41987730158566, 80.4062653237129, 80.3925999231277, 80.37888106773704, 80.36510873981625, 80.35128293600832, 80.33740366731978, 80.3234709591153, 80.30948485111183, 80.29544539737125, 80.28135266629454, 80.26720674061686, 80.25300771740365, 80.23875570805004, 80.22445083828428, 80.21009324817166, 80.19568309212613, 80.18122053892414, 80.16670577172478, 80.15213898809361, 80.13752040003241, 80.122850234014, 80.10812873102331, 80.09335614660077, 80.0785327508934, 80.06365882870578, 80.04873467955971, 80.31527035733707, 79.9130703648998, 80.04346123133179, 80.00722545179086, 79.79967470915555, 79.68073414264664, 79.69344469311123, 79.6858607495367, 79.58354166040782, 79.4557630196114, 79.38108153399489, 79.35786480139323, 79.32292142128152, 79.24174454087037, 79.14126393381096, 79.06341911486753, 79.01595447671754, 78.9699797409322, 78.90010760552015, 78.81288645181168, 78.73247782100697, 78.6702368507146, 78.61409113483067, 78.54630357495977, 78.46493847276615, 78.38299084015955, 78.3107328350626, 78.24435916769595, 78.17270730989124, 78.09166758922589, 78.00781831728119, 77.92870678625793, 77.85354617885876, 77.77533101298354, 77.69028505849009, 77.60187448005658, 77.51524673596856, 77.43051781922922, 77.34338850560796, 77.2512660692958, 77.15619353743614, 77.06131256651487, 76.96650108652035, 76.86893241202068, 76.7670142927693, 76.66204195118858, 76.5558825245825, 76.44839010312036, 76.33789106592255, 76.22354658453051, 76.10618416553581, 75.98677418606033, 75.86494491251014, 75.73950778998578, 75.60999878215, 75.47702596164581, 75.34116811627477, 75.20215582098503, 75.05935666256877, 74.9126315177337, 74.76233981905021, 74.60867608563781, 74.45135366277742, 74.28998856144493, 74.12457262328755, 73.95541109482896, 73.78269174883654, 73.6063159490029, 73.42616232919009, 73.24232924997446, 73.05503256182284, 72.86437899297461, 72.67033557613, 72.4728909766859, 72.27218210981273, 72.06843762462623, 71.86183359130452, 71.6524588901295, 71.44040387370136, 71.22581756538064, 71.00886960638663, 70.78968976714985, 70.56836009662908, 70.3449635476603, 70.1196172766433, 69.89244020297609, 69.66353657642843, 69.43295912594955, 69.20074662254268, 68.96693501680208, 68.73154876416189, 68.49458052924155, 68.25599162138575, 68.01572960290048, 67.77373885326645, 67.52995765408711, 67.28430730052021, 67.03668871494345, 66.78697842104744, 66.53507288761452, 66.28085023654927, 66.02418040777235, 65.76492714777872, 65.50295551218181, 65.23813853075794, 64.97035820778434, 64.69950375371826, 64.42547018916609, 64.1481609923695, 63.867490310661495, 63.58338281800971, 63.295773221587936, 63.004606818884376, 62.70984182003745, 62.4114480815098, 62.109410682232344, 61.803712991326535, 61.49436917936744, 61.18139865772557, 60.8648266918839, 60.544683031010315, 60.22100675680228, 59.89384639726823, 59.56325596245081, 59.22929454055591, 58.89202520345692, 58.551500748791234, 58.207821424040326, 57.86104802736043, 57.51125465994114, 57.15851702108171, 56.802911700602095, 56.44451460544383, 56.083400327237676, 55.71964304714325, 55.35331648094347, 54.98449450544718, 54.613246319818856, 54.23963986653755, 53.86374163620655, 53.48561595771914, 53.10532573529526, 52.72293219879591, 52.338494429439834, 51.95206835515182, 51.56372983696961, 51.173492861537035, 50.78144239806141, 50.38763190981429, 49.99211689684389, 49.59495227881442, 49.196193918309625, 48.79589895370631, 48.39412600522192, 47.990936048895264, 47.58639150413614, 47.180557335093255, 46.773500761855466, 46.36529202737782, 45.95600540810196, 45.545717433395026, 45.13450852910675, 44.72246303562732, 44.309669783354096, 43.896222824106516, 43.48221987526409, 43.06776511781272, 42.65296717146667, 42.23794292377966, 41.822812214636635, 41.40770763921068, 40.992752735570214, 40.57812684468425, 40.16401449699509, 39.751079446348804, 39.34233286480125, 38.95833524296422, 38.70623381178485, 38.61387429518336, 37.8500933023404, 37.6137672380719, 37.32132092161151, 36.79349074670029, 36.67649144809231, 36.085543930768296, 35.96781438442951, 35.440694964140924, 35.30379320075309, 34.816973386430696, 34.637283900435776, 34.19821338732841, 34.00581782725564, 33.59977936253212, 33.38207656058473, 33.005849011681995, 32.780161044281876, 32.42923993626347, 32.18689039889818, 31.858930321371034, 31.608564863591667, 31.30392297287254, 31.041055941495497, 30.757759131908482, 30.485856014862975, 30.22402648340333, 29.94481010713901, 29.700299756264723, 29.41747185681271, 29.183708601601435, 28.907097240078883, 28.676452557622103, 28.4136347793245, 28.17665302238241, 27.934433039877057, 27.69009069768481, 27.465231504178835, 27.221684813882884, 27.00325026291464, 26.7725732263093, 26.549886488779126, 26.33682312747766, 26.11382768644486, 25.907337485752517, 25.69740227701184, 25.488770921832383, 25.291730923581063, 25.089677994868456, 24.893845025679855, 24.705078059521625, 24.513242380768546, 24.327845913169348, 24.148060820963348, 23.966865872219866, 23.79052555700268, 23.619950374623045, 23.449527326145667, 23.28171321572953, 23.119519678689688, 22.95977943236895, 22.801129536633127, 22.646194474189556, 22.495549583604262, 22.34707056614934, 22.200202332853276, 22.056396077086166, 21.916230630406613, 21.77876431021963, 21.643146548432977, 21.509641862508758, 21.378846277158274, 21.250949343048692, 21.12563162872561, 21.002412060171356, 20.881204319319195, 20.761952896151094, 20.644890051080765, 20.529980466945847, 20.417274927501374, 20.30669032924581, 20.198128975347714, 20.09163926739295, 19.98706328549281, 19.884712343867122, 19.784441754225632, 19.68710743769769, 19.593197786562403, 19.505283671742358, 19.42875428683149, 19.368873575258263, 19.349227530423907, 19.320930403636126, 19.276518440865733, 19.07104822962293, 18.910012027310096, 18.883907252394582, 18.877079701750645, 18.783165619988456, 18.63716996098857, 18.59434907878693, 18.589043346728133, 18.487737433405552, 18.381669597535303, 18.349017950735302, 18.31639785379683, 18.232940830067943, 18.153642235439897, 18.123793561754148, 18.086377974556896, 18.00795918835071, 17.94743541966128, 17.917984139517003, 17.873091225701504, 17.80880521965852, 17.75817389893349, 17.726435868552752, 17.68619983448647, 17.63094519275633, 17.584966578656605, 17.552721566628666, 17.51617196293157, 17.470392852018758, 17.427186339107834, 17.393979383067276, 17.36260297778125, 17.32476338109498, 17.285096170826748, 17.2507304517363, 17.22128317618888, 17.19102239056628, 17.15728974365805, 17.12359290052408, 17.093375099897234, 17.066178232906413, 17.03909022933595, 17.01039064932916, 16.981247352445905, 16.95355912678712, 16.92806454374605, 16.903922831581465, 16.879865074760453, 16.85537969977915, 16.830783994169398, 16.806844545511368, 16.78404712744665, 16.76237471941092, 16.741472959149306, 16.720963067502638, 16.7006260023301, 16.680425569378205, 16.660488430744497, 16.640951005384128, 16.62191708788877, 16.603441083691198, 16.58550681176716, 16.568083387321966, 16.55113200670316, 16.5346139402788, 16.51852450230337, 16.502857493825022, 16.487650460895864, 16.47296533585165, 16.45890899458305, 16.445745394871302, 16.433728946844724, 16.423795096734516, 16.41639828603205, 16.41448576072463, 16.41684101440887, 16.429920650600096, 16.4367578133681, 16.443768542886687, 16.40858932722388, 16.361023624013693, 16.312990746133572, 16.296705987818903, 16.30798690876255, 16.318936653220554, 16.312741379818302, 16.280151732199823, 16.250270404777286, 16.23954386900026, 16.24446733346256, 16.247952074063765, 16.234507142221688, 16.212929119177133, 16.195621844955358, 16.19054182081936, 16.191640843101208, 16.187426038107432, 16.17557119815693, 16.160054437634184, 16.149307951740358, 16.145033046628235, 16.142655862698625, 16.137328579661542, 16.127245204908824, 16.116215642271126, 16.107671493314392, 16.102521482576222, 16.098699802136117, 16.093435827968108, 16.086085101984818, 16.07749894288327, 16.069678631711266, 16.063549617923453, 16.05869837086688, 16.053980209986257, 16.048391773630378, 16.041910993877448, 16.034992604544755, 16.028419234335953, 16.02257805578805, 16.01738909587692, 16.012460391580678, 16.007369304636427, 16.001934871152503, 15.996159034706414, 15.990279076935428, 15.984506300793772, 15.978986665758873, 15.973739169776904, 15.968686085267729, 15.963709003629988, 15.958704668405268, 15.953619396636823, 15.94843446386057, 15.943185127855209, 15.937906096224419, 15.932642454485302, 15.92742321317154, 15.922260858026704, 15.9171579365689, 15.912104656403185, 15.90708843882187, 15.90209772237596, 15.897119778522695, 15.892149656405188, 15.887180681447887, 15.882213522801523, 15.877247867249485, 15.872287131628433, 15.867337489097464, 15.862403765632651, 15.857502447407331, 15.852640195933002, 15.847855595521116, 15.843158031091058, 15.838637818673554, 15.834302865297644, 15.830367272305027, 15.826801060166149, 15.824109147772726, 15.822034847032045, 15.821707464464204, 15.821873141032672, 15.82473246487726, 15.825840514611809, 15.828722440536989, 15.823653550101342, 15.816489171559624, 15.799195378510314, 15.781336717114579, 15.764800515811338, 15.754940334197846, 15.751935366943862, 15.752886444642028, 15.754063331749252, 15.750998391308206, 15.744195278326764, 15.73343420348438, 15.72295076956131, 15.7149595412778, 15.710398523280578, 15.708115278081685, 15.705916207537406, 15.702315040631516, 15.69629268900647, 15.689039801882574, 15.681636309422595, 15.675394628672793, 15.670656536930197, 15.666950620690653, 15.66341263055017, 15.65922426365778, 15.654211612841925, 15.648458696356084, 15.642575155658568, 15.637012429952943, 15.632027053143338, 15.627563212580197, 15.62335941706578, 15.61911371335021, 15.61459507030479, 15.609777266493587, 15.604702583480936, 15.599549984077049, 15.594453463583518, 15.589509799696305, 15.584740513485293, 15.580106766080535, 15.575539130392537, 15.57096817952507, 15.566344807905443, 15.56163671101819, 15.556851089815323, 15.551991167970186, 15.547088198992252, 15.542156117141998, 15.537217107324098, 15.532279748923207, 15.527349736796328, 15.522428014775596, 15.517511240720028, 15.512596621618634, 15.507679569979427, 15.50275700604501, 15.497826520414542, 15.492886121276024, 15.487936121144333, 15.482976014435122, 25.422762168681746, 15.530947432411978, 18.79827276691053, 21.92649247554506, 20.698648543424177, 17.515552081287773, 15.518758161623605, 16.39849878443638, 18.425191684798502, 18.48812884061604, 16.821492064108277, 15.566571935147579, 15.701032334077356, 16.595537651293174, 17.183978118859926, 16.972765956867963, 16.216646586235417, 15.567107650971577, 15.536820456524952, 16.03035470264575, 16.407612474558963, 16.229610593337224, 15.74338276607155, 15.466816180588552, 15.586304407466212, 15.869563646090135, 15.992570099207251, 15.84629068862991, 15.586696876254626, 15.458958764749463, 15.555374068880093, 15.722871299219987, 15.746672047742804, 15.606956669783408, 15.472760443269562, 15.474250609546374, 15.569909324413395, 15.629191552395913, 15.585568876171328, 15.492777151692884, 15.45100484158931, 15.491625758567757, 15.546560241955602, 15.540078697395774, 15.48344177404389, 15.447319049654082, 15.464857532448843, 15.499727616930706, 15.502557125296, 15.470839002885503, 15.44420847820917, 15.450654571292933, 15.472836896324958, 15.475876685795203, 15.455600214851033, 15.43928344244157, 15.444283805264165, 15.457310727313684, 15.45731375187517, 15.443983260670507, 15.434734313148864, 15.438945840275345, 15.446322485626991, 15.443906711548818, 15.434639878849861, 15.430608586333937, 15.434486113963477, 15.437507869888009, 15.433730589720286, 15.427856355745009, 15.426848649548964, 15.429565416846106, 15.429647143726259, 15.425718314901452, 15.422609491215855, 15.423103980473714, 15.424168348996375, 15.422487427961538, 15.419450174848206, 15.418274558134463, 15.418819094126858, 15.41833386887518, 15.416147256031183, 15.414363630175659, 15.414093732321392, 15.41389242808342, 15.412472113201632, 15.410699743081215, 15.409857487368162, 15.409522819601925, 15.40853042276939, 15.40698736417704, 15.405880010379716, 15.40530829567743, 15.404477998028822, 15.403161475040747, 15.401974646864177, 15.401209351339714, 15.40039919286699, 15.399232942104577, 15.39805413440037, 15.39716344995215, 15.396314270349334, 15.39522999040666, 15.394083116137654, 15.393119915666482, 15.392220593961197, 15.39117068618137, 15.390052759457774, 15.389049229055098, 15.38810314037338, 15.387061133639952, 15.385962481538002, 15.384935230347685, 15.383951191463042, 15.382903659854435, 15.38181388679406, 15.380769949211954, 15.379754614308633, 15.378695471624718, 15.377607322811684, 15.37654950935978, 15.375508348906386, 15.374435208986624, 15.37334313948951, 15.372271530646373, 15.371207597855635, 15.370119713722731, 15.369020411014816, 15.367934771281556, 15.366850440307877, 15.3657477351189, 15.364638572993753, 15.363537937667667, 15.362434474364647, 15.361317280689486, 15.360196700052414, 15.359080583361436, 15.357959139014998, 15.356827306486899, 15.355693825563584, 15.354561542266454, 15.35342285458857, 15.35227666390195, 15.351129381858401, 15.349980758664968, 15.348825529078697, 15.347664847765971, 15.346502804002414, 15.34533764866876, 15.344166399469094, 15.34299111999067, 15.341813793479746, 15.34063225593985, 15.339445346159282, 15.338255098099035, 15.337061980716157, 15.335864225043741, 15.334661899619704, 15.333456431531385, 15.33224737152441, 15.331033649381032, 15.329815914647936, 15.328594864251915, 15.327369778318852, 15.326140305736622, 15.324907141382527, 15.32367035344622, 15.322429337508341, 15.321184217358644, 15.319935449231092, 15.318682793080871, 15.317425964575472, 15.31616525938914, 15.3149008053677, 15.313632307224582, 15.312359757133772, 15.311083400194827, 15.309803161691043, 15.308518877357512, 15.307230674052503, 15.305938636564049, 15.304642622893683, 15.303342614101552, 15.302038734533157, 15.300730956146099, 15.299419195660443, 15.298103513884467, 15.296783952783615, 15.295460440915143, 15.29413297082604, 15.292801604670666, 15.291466325907207, 15.290127095894485, 15.288783947559198, 15.28743689619934, 15.28608590414434, 15.284730973027257, 15.283372132686413, 15.282009370147073, 15.280642669523695, 15.279272049033773, 15.277897509965259, 15.276519032335221, 15.275136621206137, 15.273750288804179, 15.272360024789258, 15.270965823844483, 15.26956769448367, 15.2681656317708, 15.266759625491323, 15.265349679975662, 15.263935797697279, 15.262517970896697, 15.261096197963726, 15.259670480483255, 15.258240811647992, 15.25680718621798, 15.255369605673263, 15.253928067369777, 15.252482565525453, 15.251033098436336, 15.249579663075075, 15.248122252761135, 15.246660863932442, 15.24519549475866, 15.243726140239083, 15.242252795425049, 15.240775456795198, 15.239294118711626, 15.237808775037337, 15.236319421759104, 15.234826054328236, 15.23332866675354, 15.231827253707133, 15.230321809583842, 15.228812327574646, 15.227298801581497, 15.225781226175592, 15.224259595015608, 15.222733901467688, 15.221204139073217, 15.219670300679441, 15.21813237895896, 15.216590367198682, 15.21504425849203, 15.213494045429638, 15.211939720600792, 15.210381276326945, 15.208818704570872, 15.207251997578215, 15.205681147721219, 15.20410614696674, 15.20252698715416, 15.200943660023244, 15.199356157025296, 15.197764469647417, 15.19616858953553, 15.19456850819953, 15.192964216981716, 15.191355707115923, 15.189742969676091, 15.18812599567812, 15.18650477626217, 15.184879302553174, 15.183249565557203, 15.18161555619151, 15.17997726528145, 15.17833468360094, 15.176687802001219, 15.175036611387986, 15.173381102608296, 15.171721266454254, 15.170057093679093, 15.168388575009372, 15.166715701236093, 15.165038463232902, 15.163356851879833, 15.16167085804016, 15.159980472576812, 15.15828568637503, 15.15658649037281, 15.154882875622997, 15.153174833230981, 15.151462354330413, 15.149745430089746, 15.148024051735312, 15.146298210571187, 15.144567898027862, 15.142833105734839, 15.141093827271574, 15.139350052135065, 15.137601772078318, 15.135848978963553, 15.134091664802604, 15.132329821726103, 15.130563441976289, 15.128792517899827, 15.127017041959288, 15.125237006757475, 15.12345240506775, 15.121663229806602, 15.119869474029729, 15.118071130935494, 15.11626819386265, 15.114460656322093, 15.112648512006546, 15.110831754771844, 15.109010378654345, 15.10718437784405, 15.105353746715366, 15.103518479815731, 15.101678571898377, 15.099834017911904, 15.097984812989937, 15.096130952453512, 15.094272431819265, 15.092409246791322, 15.090541393307076, 15.088668867518662, 15.086791665763666, 15.084909784594489, 15.08302322077017, 15.081131971264954, 15.079236033274645, 15.077335404223675, 15.075430081736762, 15.073520063666745, 15.071605348080857, 15.069685933269744, 15.067761817751348, 15.065833000275093, 15.063899479801705, 15.061961255522517, 15.060018326843204, 15.058070693395434, 15.056118355049962, 15.054161311890153, 15.052199564223692, 15.050233112579878, 15.048261957706432, 15.04628610057125, 15.044305542371857, 15.042320284518057, 15.040330328629244, 15.03831857812836, 15.036318881735243, 15.034314491785869, 15.032305410751132, 15.030291641306485, 15.028273186333786, 15.02625004891052, 15.02422223231324, 15.022189740012324, 15.020152575690593, 15.018110743194866, 15.016064246551627, 15.014013089965989, 15.011957277819828, 15.009896814667007, 15.007831705231268, 15.005761954398993, 15.003687567219929, 15.001608548898703, 14.999523992467964, 14.997435747627339, 14.995342888613232, 14.993245421181525, 14.991143351217604, 14.989036684723049, 14.986925427830453, 14.984809586788794, 14.982689167969562, 14.98056417784363, 14.97843462298411, 14.976300510052456, 14.974161845806476, 14.972018637097346, 14.969870890853349, 14.96771861407867, 14.965561813842676, 14.963400497280496, 14.961234671588203, 14.959064344020616, 14.956889521881733, 14.954710212515517, 14.952526423303908, 14.950338161665384, 14.948145435049758, 14.945948250933133, 14.94374661680838, 14.94154054018415, 14.93933002857906, 14.93711508951942, 14.93489573053617, 14.9326719591592, 14.930443782909267, 14.92821120929962, 14.925974245827552, 14.923732899980012, 14.921487179220298, 14.919237090992441, 14.916982642710197, 14.914723841760532, 14.912460695499574, 14.910193211250231, 14.907921396302369, 14.905645257904723, 14.903364803267829, 14.90108003956042, 14.898790973911371, 14.896497613404044, 14.89419996507895, 14.891898035930893, 14.889591832908991, 14.887281362914985, 14.884966632810142, 14.882647649402243, 14.880324419460718, 14.877996949704967, 14.875665246811193, 14.873329317413823, 14.870989168104698, 14.86864480543402, 14.866296235913495, 14.863943466015751, 14.861586502178953, 14.859225350807657, 14.856860018273903, 14.854490510923876, 14.852116835071557, 14.849738997012524, 14.847357003018537, 14.844970859346853, 14.842580572234825, 14.840186147910947, 14.837787592597243, 14.835384912508694, 14.832978113861644, 14.830567202873205, 14.828152185770126, 14.82573306878601, 14.823309858173923, 14.820882560203408, 14.81845118116575, 14.816015727381755, 14.81357620520509, 14.811132621023313, 14.808684981267572, 14.806233292411038, 14.803777560979016, 14.801317793551048, 14.798853996766628, 14.796386177328996, 14.793914342011677, 14.791438497660097, 14.788958651200465, 14.786474809644005, 14.783986980088715, 14.781495169727068, 14.7789993858532, 14.776499635860851, 14.77399592725783, 14.771488267662845, 14.768976664815197, 14.76646112657477, 14.763941660931795, 14.761418276008067, 14.758890980056435, 14.756359781471273, 14.753824688785558, 14.751285710672398, 14.748742855943101, 14.746196133554024, 14.74364555259358, 14.741091122284443, 14.738532851976908, 14.735970751141913, 14.733404829360284, 14.730835096314875, 14.728261561782288, 14.725684235621868, 14.723103127763636, 14.720518248197573, 14.717929606978489, 14.71533721420418, 14.71274108002089, 14.710141214629454, 14.707537628278942, 14.704930331278554, 14.702319333999707, 14.69970464689328, 14.697086280492437, 14.694464245432583, 14.691838552458632, 14.689209212430672, 14.686576236345724, 14.683939635336497, 14.681299420678835, 14.678655603811325, 15.028848094279091, 18.363866720722065, 15.065843613897812, 15.942090405762473, 16.45112184480592, 14.810665877616355, 15.021282165680821, 15.862026877181853, 15.544988283445418, 14.758203691694991, 14.80110505688428, 15.385538211004313, 15.222269783817834, 14.702707359501852, 14.735534918826618, 15.077133874562913, 15.080593159802861, 14.766940217730843, 14.642095916319182, 14.855696872556079, 14.950823762550204, 14.748834554825443, 14.631804488474012, 14.753225875535287, 14.843329677156483, 14.742519708994076, 14.630217071901416, 14.684026738493019, 14.767850842724606, 14.708284628994994, 14.626149020462295, 14.6604664902489, 14.716313585053967, 14.6809485013578, 14.622860092269669, 14.642926971893212, 14.682463189608882, 14.653637328026607, 14.616563679119041, 14.636607412369214, 14.658225188343005, 14.63372488300049, 14.612248429738115, 14.630127778835362, 14.639426274665238, 14.617402888110123, 14.609794118553458, 14.624726031137307, 14.62328061416977, 14.607006965576346, 14.608080237551768, 14.617282434785265, 14.609525755193811, 14.60067883328769, 14.606229824910145, 14.607973610625693, 14.599260810721738, 14.5974305363559, 14.60187652231891, 14.598088842720033, 14.592651495980244, 14.594749591570451, 14.594945154186798, 14.589831936625835, 14.588746177973366, 14.59019350320213, 14.587044979620703, 14.584211005770074, 14.585002560063627, 14.5836210176142, 14.58044523204208, 14.580071517408326, 14.579584203200438, 14.576850174070687, 14.57557601847463, 14.575246708713728, 14.573132262459461, 14.571364476613018, 14.570841713608717, 14.569199432349802, 14.567283970294598, 14.566466304182258, 14.565097937351455, 14.563206031734603, 14.562130793962826, 14.56087610643709, 14.559069791944331, 14.557814261926866, 14.556573943831387, 14.554855255409016, 14.553483629735297, 14.55221210767533, 14.550557611179352, 14.549118596943838, 14.54779682692043, 14.546182712840455, 14.544702602878447, 14.543328919301143, 14.541734111734767, 14.540228489722562, 14.538805488876067, 14.53721626187067, 14.53569121054785, 14.534224036523698, 14.532631027134899, 14.531089221366301, 14.529582069160766, 14.5279801697912, 14.526421462763794, 14.524878249012561, 14.52326444374832, 14.521688001474248, 14.52011171723782, 14.518484626711802, 14.516888951262455, 14.515282352408905, 14.513641182173671, 14.512024792643052, 14.510390324976038, 14.508734544859855, 14.507096035324679, 14.5054360847391, 14.503765033370183, 14.50210334599144, 14.500420165352104, 14.498732900018128, 14.497047482240646, 14.495343084059074, 14.493638414304707, 14.491929308338008, 14.490205293635075, 14.488481880387843, 14.486749735178416, 14.485007122784475, 14.483263764733637, 14.481509649958138, 14.479748770401754, 14.477984609812427, 14.476209811775298, 14.47443048420265, 14.472645271655255, 14.47085090071178, 14.46905255881153, 14.467246579662678, 14.465433348517932, 14.463615435718198, 14.461789358304985, 14.459957470152522, 14.458119692200182, 14.456274271126375, 14.454423577175994, 14.452566046618642, 14.450701825066448, 14.448832058563847, 14.446955196562369, 14.445072399375867, 14.443183458777611, 14.441287760295, 14.439386348469542, 14.437478391229753, 14.435564214256049, 14.433644113503506, 14.431717478376202, 14.429784953626818, 14.427846217024454, 14.425901244790953, 14.42395038856916, 14.421993236714444, 14.420030128766918, 14.418060985489175, 14.41608569999563, 14.414104542761958, 14.412117274061767, 14.410124066809686, 14.408124927557596, 14.406119763561087, 14.404108756990782, 14.402091775535228, 14.400068917152458, 14.398040207747933, 14.39600558951421, 14.39396518089079, 14.391918909979655, 14.38986683993703, 14.387808991460481, 14.385745337324463, 14.38366894013327, 14.381593573168066, 14.37951248040381, 14.377425676308679, 14.375333155356573, 14.37323496725411, 14.371131093629991, 14.369021573965892, 14.366906416814862, 14.364785630778156, 14.362659248343759, 14.360527264540918, 14.358389712511036, 14.356246598330864, 14.35409793868642, 14.351943754872627, 14.349784051736055, 14.347618856220816, 14.345448174994772, 14.343272028145037, 14.341090430390626, 14.33890339351846, 14.336710938696577, 14.334513075184658, 14.332309823050222, 14.330101194220042, 14.327887204548476, 14.325667870702029, 14.32344320511391, 14.321213225870851, 14.318977944910527, 14.31673737944431, 14.314491543603816, 14.312240452241541, 14.309984121084115, 14.307722563510469, 14.305455796149888, 14.303183832562224, 14.300906688539122, 14.298624378308313, 14.296336916686005, 14.29404431903064, 14.291746599495257, 14.289443773540624, 14.287135855143243, 14.284822859680094, 14.282504801651685, 14.28018169588787, 14.27785355711619, 14.275520399800673, 14.273182239056837, 14.270839089286527, 14.268490965451457, 14.266137881934448, 14.263779853611412, 14.261416895167672, 14.259049021259209, 14.256676246585789, 14.254298585676674, 14.251916053398293, 14.24952866431425, 14.247136433179485, 14.244739374528372, 14.242337503109168, 14.239930833611053, 14.237519380698478, 14.235103159030313, 14.232682183228349, 14.23025646806001, 14.22782602817211, 14.225390878753002, 14.222951034851622, 14.22050651118921, 14.218057322454019, 14.215603483334126, 14.213145008489924, 14.210681912612689, 14.208214210445192, 14.205741916695287, 14.203265046078121, 14.200783613290968, 14.198297633107995, 14.195807120278717, 14.19331208956383, 14.190812555701685, 14.188308533479402, 14.185800037703375, 14.183287083170189, 14.180769684673816, 14.178247857030899, 14.175721615096911, 14.173190973717878, 14.170655947744168, 14.168116552034098, 14.16557280148969, 14.16302471101231, 14.160472295509715, 14.157915569894426, 14.1553545491144, 14.15278924813153, 14.15021968191216, 14.147645865430901, 14.145067813684976, 14.142485541699347, 14.139899064503176, 14.137308397131823, 14.134713554645607, 14.132114552128666, 14.129511404675986, 14.1269041273936, 14.124292735402006, 14.121677243852467, 14.119057667907242, 14.11643402273948, 14.113806323538737, 14.11117458552248, 14.108538821175332, 14.105899045922193, 14.103255277649255, 14.100607531651292, 14.097955823240074, 14.095300167741083, 14.092640580495026, 14.089977076866278, 14.087309672240293, 14.084638382015436, 14.08196322160566, 14.07928420644884, 14.07660135155504, 14.073914672643385, 14.071224185395662, 14.068529905323452, 14.06583184812565, 14.063130029529958, 14.060424465095933, 14.057715170406668, 14.055002161066684, 14.052285452696298, 14.0495650609339, 14.046841001436178, 14.044113289884178, 14.041381941975514, 14.038646973422658, 14.03590839996163, 14.03316623734655, 14.030420501352838, 14.027657656251547, 14.024904833725328, 14.022148486092918, 14.019388629155678, 14.01662527873673, 14.013858450686183, 14.01108816086912, 14.008314425178769, 14.00553725952716, 14.002756679848545, 13.99997270209674, 13.997185342249185, 13.994394616303184, 13.991600539839492, 13.988803124168705, 13.986002390760643, 13.983198355703074, 13.98039103510564, 13.97758044509127, 13.974766601806522, 13.97194952141411, 13.969129220096608, 13.966305714046628, 13.963479019482088, 13.960649152631953, 13.957816129739893, 13.954979967064059, 13.952140680878204, 13.9492982874644, 13.94645280311816, 13.94360424414346, 13.940752626854938, 13.937897967573868, 13.93504028262492, 13.932179588341215, 13.929315901060846, 13.926449237120671, 13.923579612861834, 13.920707044500455, 13.917831548158954, 13.914953140165785, 13.912071836889153, 13.909187654951369, 13.906300610728096, 13.903410720529196, 13.900518000670992, 13.89762246747991, 13.894724137291428, 13.891823026455084, 13.888919151330134, 13.886012528293522, 13.883103173737688, 13.880191104070548, 13.877276335719252, 13.87435888512857, 13.871438768763594, 13.86851600310668, 13.86559060466093, 13.862662589949371, 13.859731975511282, 13.856798777907438, 13.853863013717234, 13.850924699535762, 13.847983851977828, 13.845040487674071, 13.842094623270361, 13.839146275429993, 13.836195460830375, 13.83324219617026, 13.830286498155356, 13.827328383502492, 13.824367868941431, 13.821404971214616, 13.818439707075216, 13.815472093286784, 13.812502146623569, 13.809529883869606, 13.806555321817562, 13.803578477269212, 13.800599367034113, 13.79761800793037, 13.79463441678331, 13.791648610425149, 13.788660605694984, 13.785670419438203, 13.782678068506003, 13.779683569755509, 13.77668694004894, 13.773688196253607, 13.770687355241305, 13.767684433888508, 13.764679449075606, 13.761672417686695, 13.758663356609294, 13.755652282734646, 13.752639212956497, 13.749624164171427, 13.746607153278461, 13.743588197178275, 13.740567312773948, 13.737544516970301, 13.734519826673123, 13.731493258789534, 13.728464830227676, 13.725434557895513, 13.722402458702412, 13.719368549557009, 13.71633284736829, 13.713295369044745, 13.71025613149401, 13.707215151623268, 13.704172446336457, 13.701128032540339, 13.698081927137133, 13.69503414702663, 13.691984709107926, 13.688933630277637, 13.685880927429821, 13.682826617454099, 13.679770717239135, 13.67671324367035, 13.673654213626264, 13.670593643985752, 13.667531551620494, 13.664467953400317, 13.661402866188586, 13.658336306843472, 13.655268292221912, 13.65219883916928, 13.64912796453205, 13.646055685145074, 13.642982017841193, 13.639906979445817, 13.636830586763937, 13.633752856228538, 13.630673804458267, 13.627593448245726, 13.624511804369927, 13.621428889602294, 13.618344720713715, 13.615259314276265, 13.612172686036853, 13.609084852547443, 13.605995830500559, 13.602905636576361, 13.59981428744561, 13.596721799766406, 13.593628190187225, 13.59053347534959, 13.587437671871568, 13.584340796373795, 13.58124286545734, 13.578143895708967, 13.575043903710572, 13.571942906020679, 13.568840919194901, 13.565737959771626, 13.562634044275075, 13.559529189215606, 13.556423411092833, 13.55331672638933, 13.550209151570103, 13.547100703095419, 13.543991397399777, 13.540881250912584, 13.537770280035941, 13.534658501166552, 13.531545930682007, 13.865581264763648, 17.627631249036636, 13.979097224350285, 15.03470547147987, 15.388442142173945, 13.606942638099367, 14.013183981061216, 14.861433612445667, 14.44100104865885, 13.60217505615542, 13.70709692790439, 14.341394850257366, 14.089981748025759, 13.540687428362572, 13.638082701294136, 14.000745278108853, 13.966294984661237, 13.62046728905433, 13.509816689790553, 13.756051584463295, 13.834739170797956, 13.59987379700491, 13.49604451118878, 13.64103440290824, 13.723272716851863, 13.601535839416693, 13.48821456171507, 13.559542979292592, 13.643275045275594, 13.565071356896032, 13.483670671744905, 13.532397468146216, 13.586672583101553, 13.538692196600495, 13.480264449030058, 13.511294933828985, 13.549452774036594, 13.509812574980918, 13.475701512040354, 13.504321593473737, 13.52209954829204, 13.490487689217387, 13.473167860483086, 13.496906940317432, 13.500869889687698, 13.475014412309685, 13.47337761479086, 13.49017101455339, 13.483280080550697, 13.466912489847097, 13.473137793568412, 13.48094571759598, 13.469284719020918, 13.463451415777156, 13.471533513858416, 13.470055867352386, 13.460642941556342, 13.462264544975385, 13.466200734441129, 13.459957787759008, 13.456522144280534, 13.460186641348185, 13.4583556696818, 13.453293285397313, 13.454403497260573, 13.455127178197568, 13.45096427822619, 13.449834280022595, 13.451058547476668, 13.448522149694186, 13.446190168384431, 13.446876904550733, 13.445588354507832, 13.443049320546988, 13.442935002897379, 13.442303962074698, 13.440022278282566, 13.439252642980405, 13.438828832250186, 13.436916484884637, 13.435769119124199, 13.435291476277508, 13.433699924339107, 13.432364802503999, 13.431749520694309, 13.430368215931777, 13.428980586718298, 13.428217084452122, 13.426955919742598, 13.425570569763181, 13.424684321746453, 13.423477471100904, 13.422119027354256, 13.421140573136135, 13.419949042203449, 13.418618015449162, 13.41757107050576, 13.41637366134351, 13.41506599889636, 13.413968662689326, 13.4127551424474, 13.41146309845916, 13.410325587759106, 13.409092219881158, 13.407810265300304, 13.406639642503233, 13.405386034412993, 13.404108408187541, 13.402907999386478, 13.401635599138556, 13.400358713936203, 13.399130963214066, 13.39784194884137, 13.396561686315984, 13.395307878870499, 13.394004753992597, 13.392718227689903, 13.391439891582452, 13.390124736822033, 13.388828410913924, 13.38752716871371, 13.386201760767726, 13.384893026210738, 13.383571058211684, 13.382236020177805, 13.38091225958496, 13.379572065384787, 13.378227466273252, 13.376887243587426, 13.375531320996991, 13.374176028104996, 13.372818669809298, 13.371449252237529, 13.370081983535819, 13.368707984130076, 13.36732636680889, 13.36594553621862, 13.364556094456418, 13.363162839247336, 13.361767557954364, 13.360364120485821, 13.358958768548684, 13.357548778144796, 13.356132617322551, 13.354714522462535, 13.353290359752618, 13.351862007485956, 13.350430502041968, 13.348993084172163, 13.347552586371739, 13.34610759143144, 13.34465768528164, 13.3432046394403, 13.341746544255384, 13.340284593064053, 13.33881879566771, 13.337348202677248, 13.335874148981173, 13.334395717101806, 13.332913142089835, 13.33142688231586, 13.329936150059423, 13.328441738588719, 13.32694327230423, 13.325440714751407, 13.323934486101502, 13.322424071831517, 13.320909908442163, 13.319391873590353, 13.31786986782846, 13.316344197079202, 13.314814553392978, 13.313281183750599, 13.311744054697483, 13.310203091477247, 13.308658494021897, 13.307110082847895, 13.305558012131035, 13.304002270753472, 13.302442823515632, 13.300879794251456, 13.299313080278882, 13.297742788836858, 13.296168910511794, 13.294591442464117, 13.293010457609874, 13.291425901323072, 13.289837852983453, 13.288246302281873, 13.28665126746609, 13.285052788226238, 13.283450842326552, 13.281845488548088, 13.280236718872244, 13.27862456212551, 13.277009037618784, 13.275390145037516, 13.273767926326048, 13.272142379713038, 13.270513536087146, 13.268881404437149, 13.267245999496469, 13.265607348836351, 13.263965458560934, 13.262320355795158, 13.260672047178058, 13.259020554523277, 13.257365895906002, 13.255708084723143, 13.254047141856843, 13.252383076781479, 13.250715912193728, 13.24904566183871, 13.247372343308951, 13.245695972177224, 13.244016562405267, 13.242334133934872, 13.24064870034332, 13.238960279695448, 13.237268885275775, 13.235574534138017, 13.233877242928843, 13.232177026777157, 13.230473901947978, 13.228767882313473, 13.227058985351022, 13.225347226034692, 13.223632620356888, 13.221915182878796, 13.220194928976865, 13.218471874893346, 13.216746035546862, 13.215017426403955, 13.213286061762677, 13.21155195756732, 13.209815128936054, 13.208075591006631, 13.20633335835787, 13.204588445875965, 13.202840868996043, 13.201090642483463, 13.199337781145294, 13.19758229933139, 13.195824212183048, 13.194063534471956, 13.192300280855875, 13.190534465644749, 13.188766103437546, 13.186995209019209, 13.185221796856633, 13.183445881282436, 13.181667476497983, 13.17988659712117, 13.178103257504368, 13.176317471896915, 13.174529254337672, 13.172738619122775, 13.170945580539147, 13.169150152697517, 13.167352349543949, 13.16555218509862, 13.163749673502128, 13.161944828750029, 13.160137664697599, 13.158328195146824, 13.15651643407, 13.154702395323328, 13.152886092671627, 13.151067539771477, 13.149246750372079, 13.147423738225154, 13.145598516973365, 13.143771100140867, 13.141941501299517, 13.140109734068579, 13.138275811962904, 13.136439748385037, 13.134601556635282, 13.13276125012328, 13.130918842226158, 13.129074346245613, 13.127227775445336, 13.125379143135207, 13.123528462573784, 13.121675746945549, 13.119821009385388, 13.11796426305429, 13.116105521090994, 13.114244796560348, 13.112382195209346, 13.110517536586372, 13.108650934595767, 13.106782402209681, 13.104911952343041, 13.103039597888163, 13.101165351766745, 13.09928922682692, 13.097411235865435, 13.095531391664224, 13.093649707010558, 13.091766194638279, 13.089880867237953, 13.087993737467828, 13.086104817999455, 13.084214121455288, 13.082321660404643, 13.08042744739841, 13.078531494985087, 13.076633815686472, 13.074734421950867, 13.072833326231608, 13.070930540946883, 13.069026078181997, 13.067119950078375, 13.065212168931778, 13.063302747048176, 13.061391696679435, 13.059479030052687, 13.057564759367237, 13.055648896808076, 13.053731454522604, 13.051812444636642, 13.049891879227005, 13.047969770369706, 13.04604594304738, 13.044120790681138, 13.042194130782923, 13.040265975326014, 13.038336336268362, 13.036405225541744, 13.034472655000052, 13.032538636516371, 13.030603181949077, 13.028666303095166, 13.026728011718758, 13.024788319590192, 13.02284723844707, 13.020904779983084, 13.018960955859223, 13.017015728840564, 13.015069204384902, 13.013121349676373, 13.011172176311385, 13.009221695877597, 13.007269919922743, 13.005316859959917, 13.00336252716092, 13.001406932738353, 12.99945008810197, 12.997492004629317, 12.995532693679435, 12.993572166609546, 12.99161043471181, 12.98964750927168, 12.987683401542217, 12.985718122772926, 12.98375168416956, 12.981784096908443, 12.979815372147323, 12.977845521030115, 12.975874554659367, 12.973902484113779, 12.971929320449192, 12.96995507471932, 12.967979757906535, 12.966003381008816, 12.9640259549833, 12.962047490764247, 12.960067999246343, 12.958087491325625, 12.956105977855223, 12.95412346966596, 12.952139977568764, 12.950155512346813, 12.948170084756953, 12.946183705526396, 12.944196385372873, 12.942208134969786, 12.940218964987155, 12.938228886046824, 12.936237908758669, 12.934246043717026, 12.93225330146907, 12.930259692556758, 12.92826522748204, 12.926269916733192, 12.924273770761966, 12.92227680001268, 12.920279014886166, 12.91828042577295, 12.916281043026451, 12.914280876981975, 12.912279937962312, 12.910278236228528, 12.908275782055144, 12.90627258566846, 12.904268657284549, 12.902264007084234, 12.900258645221403, 12.898252581838333, 12.896245827040644, 12.894238390913427, 12.892230283516206, 12.8902215148783, 12.888212095010976, 12.886202054822416, 12.884191362168712, 12.88218004818714, 12.880168123056517, 12.878155596476198, 12.87614247820792, 12.874128778092226, 12.872114505925197, 12.870099671493891, 12.868084284563032, 12.866068354853638, 12.864051892074263, 12.86203488300502, 12.86001738272135, 12.857999378312776, 12.85598087937547, 12.853961895497047, 12.8519424362211, 12.84992251108065, 12.847902129584584, 12.845881301196156, 12.843860035374483, 12.841838341548366, 12.839816229114573, 12.83779370744171, 12.835770785898289, 12.833747473916453, 12.831723780822808, 12.829699715890014, 12.827675288458638, 12.825650507911558, 12.823625383418538, 12.821599924122298, 12.819574139140787, 12.817548037552632, 12.815521628442827, 12.813494920836455, 12.81146792374305, 12.809440646162289, 12.807413097043373, 12.805385285332868, 12.803357219937505, 12.801328909742056, 12.799300363603395, 12.797271590364279, 12.795242598817332, 12.793213397754762, 12.791183995925785, 12.789154402062673, 12.787124624869021, 12.78509467301872, 12.783064555174189, 12.781034279947347, 12.77900385594787, 12.77697329174622, 12.774942595889348, 12.772911776900793, 12.770880843276844, 12.768849803478366, 12.766818665959669, 12.764787439130641, 12.762756131379012, 12.760724751072429, 12.758693306548922, 12.756661806117215, 12.754630258114206, 12.752598673203316, 12.750567057127155, 12.748535418091622, 12.74650376428009, 12.74447210383809, 12.742440444893077, 12.740408795545905, 12.738377163871224, 12.736345557908562, 12.73431398568011, 12.732282455178801, 12.73025097431826, 12.728219550626068, 12.726188191917148, 12.724156906057152, 12.72212570088469, 12.720094584211104, 12.718063563819554, 12.716032647463434, 12.71400184287329, 12.711971157752716, 12.709940599771185, 12.70791017657646, 12.705879895777478, 12.703849764978866, 12.701819791733923, 12.69978998358123, 12.697760348023506, 12.695730892539268, 12.674505237361256, 19.123318290605223, 12.830135039107887, 17.48197993303134, 15.30764254748833, 12.682297480632565, 13.820216935491716, 15.238909577748876, 14.874128621798121, 13.436335048953913, 12.66746390389817, 13.459433616524239, 14.248994714655977, 13.603977477091217, 12.756582296858072, 12.83050702480958, 13.391134473056267, 13.596657130947106, 13.236788239591307, 12.763906929295826, 12.734213919433985, 13.10316778928662, 13.230397136047706, 12.92251936241559, 12.678877074629467, 12.784209581402088, 12.991082629636775, 12.990767808751862, 12.796151889132373, 12.669369389599302, 12.76053521564375, 12.885775525503242, 12.825812224697437, 12.688457923488768, 12.679847974116683, 12.770776130774333, 12.798086734225272, 12.721773887882394, 12.658884186586896, 12.694038718303425, 12.747007215061625, 12.718002134598594, 12.660765015904826, 12.666095373274713, 12.70602103467948, 12.704202361156122, 12.66481511409899, 12.65300067251499, 12.679585264185404, 12.687393159336033, 12.661335465059297, 12.649332810449254, 12.665838789349142, 12.67351167795398, 12.657412268631044, 12.646900173579583, 12.657212869990841, 12.663249538071415, 12.651924766306479, 12.64507510817674, 12.652284841039425, 12.655468622954812, 12.647388667528746, 12.643181920102897, 12.648321962463113, 12.649390822331435, 12.643213614166472, 12.641454471013265, 12.645052568319574, 12.644389198016638, 12.639953082774324, 12.63966031277701, 12.64186781206587, 12.64016963902775, 12.637273615972013, 12.63788111670945, 12.638718452503646, 12.636666085819, 12.63511594987171, 12.635864690166818, 12.635604502851168, 12.633747904400405, 12.633209520156305, 12.633595543927457, 12.632634787781212, 12.631339903915817, 12.631272948713006, 12.631074212009956, 12.629913414973704, 12.629216744248994, 12.629138194926485, 12.628448495179953, 12.627485386521194, 12.627132875703664, 12.62675601683466, 12.625885155949288, 12.625246380027335, 12.624908050507775, 12.624243030479521, 12.623475886364247, 12.623021142438102, 12.622498475367838, 12.62174866935712, 12.621163929446508, 12.620678053988, 12.62000219032384, 12.619339147788919, 12.618820769923833, 12.618209277737838, 12.617525889287528, 12.616954369467646, 12.6163734962452, 12.615701178711932, 12.615084323038445, 12.61450441884454, 12.61385163464596, 12.613207847322837, 12.612612790619098, 12.611974351805948, 12.61131769686125, 12.610702496994357, 12.610069647383199, 12.60940892397778, 12.608775639802975, 12.608140948641555, 12.607478933923018, 12.606831009973092, 12.606189841208534, 12.605526695704441, 12.604868058314622, 12.604218433968647, 12.603552770694058, 12.60288567803578, 12.60222696291365, 12.60155742041385, 12.600883584032596, 12.600216204229161, 12.599541600218885, 12.59886155371487, 12.598185911983679, 12.597505508087108, 12.596819664182924, 12.596136448768592, 12.595449826708204, 12.594758111431776, 12.59406766050566, 12.593374623148406, 12.592677096458221, 12.591979870963767, 12.591280396927482, 12.59057693523525, 12.589873101994128, 12.589167214893473, 12.588457856888038, 12.587747692058178, 12.587035493577666, 12.586320183502227, 12.58560376502277, 12.584885337513544, 12.584164143320958, 12.583441649345064, 12.582717108997274, 12.581990027303464, 12.581261505747262, 12.580530875314103, 12.579797991354331, 12.579063572799344, 12.578327091391987, 12.57758842886763, 12.576848157969664, 12.576105847763426, 12.575361496776283, 12.574615480300428, 12.57386743112845, 12.573117428228977, 12.57236571777121, 12.57161201890523, 12.570856452203124, 12.57009914119615, 12.569339870844802, 12.568578783225501, 12.567815932108198, 12.567051177390233, 12.566284651642082, 12.56551634461138, 12.564746173746595, 12.56397425742256, 12.56320056247788, 12.562425058048019, 12.56164782822938, 12.560868821947167, 12.560088044325097, 12.559305554252786, 12.558521309118554, 12.557735334883898, 12.556947657135101, 12.55615824253443, 12.555367127672048, 12.55457432197264, 12.55377981071476, 12.552983626094084, 12.552185761241635, 12.551386215946913, 12.55058501732163, 12.54978215792907, 12.54897764822927, 12.548171502206293, 12.547363712792908, 12.546554296493706, 12.545743261529033, 12.544930607888027, 12.54411635032822, 12.543300489780847, 12.542483031731736, 12.541663989337332, 12.540843364256391, 12.54002116545552, 12.539197400075194, 12.53837207044309, 12.537545187364492, 12.536716756571373, 12.535886783504155, 12.53505527665975, 12.534222239506533, 12.5333876796146, 12.532551604694818, 12.53171401958602, 12.530874931908954, 12.530034346744765, 12.529192269896468, 12.528348709139026, 12.527503669855683, 12.526657158631576, 12.525809181374665, 12.524959743371602, 12.524108851743163, 12.523256512393637, 12.522402731314788, 12.521547514602316, 12.520690867540264, 12.51983279660616, 12.518973307901314, 12.518112407177535, 12.517250100426462, 12.516386399233163, 12.51552129713369, 12.514654806480557, 12.513786932933606, 12.512917682312555, 12.512047060044866, 12.511175071888163, 12.510301723762867, 12.50942702126842, 12.508550970060003, 12.50767357555806, 12.506794843342114, 12.505914779161783, 12.505033388546316, 12.50415067701281, 12.503266649933876, 12.502381312757182, 12.501494671071818, 12.50060673032044, 12.499717495905081, 12.498826973117945, 12.497935167309652, 12.497042083918018, 12.496147728292499, 12.495252105722841, 12.494355221428451, 12.493457080654634, 12.492557688716943, 12.491657050861425, 12.490755172280457, 12.489852058108891, 12.488947713571271, 12.488042143873749, 12.487135354161852, 12.486227349527816, 12.485318135019575, 12.484407715704316, 12.483496096676499, 12.482583282979876, 12.481669279613568, 12.480754091544089, 12.479837723753034, 12.478920181232555, 12.4780014689793, 12.477081591805723, 12.476160554721496, 12.47523836253971, 12.47431502015569, 12.473390532426087, 12.472464904177503, 12.471538140213864, 12.470610245350725, 12.469681224392378, 12.468751082110314, 12.46781982324167, 12.466887452523137, 12.465953974682895, 12.465019394436814, 12.464083716474123, 12.46314694545506, 12.462209086033589, 12.461270142862883, 12.46033012057519, 12.459389023775516, 12.458446857049454, 12.45750362497331, 12.456559331839768, 12.455613982483834, 12.454667581432092, 12.453720133200976, 12.452771642295863, 12.45182211321062, 12.45087155042462, 12.449919958390517, 12.4489673415484, 12.448013704337376, 12.447059051174021, 12.44610338646208, 12.445146714583235, 12.444189039911977, 12.443230366811065, 12.442270699628786, 12.441310042693205, 12.440348400320524, 12.439385776815449, 12.438422176470862, 12.437457603565436, 12.436492062356756, 12.435525557095874, 12.434558092019266, 12.43358967135424, 12.432620299306201, 12.431649980071226, 12.430678717832139, 12.429706516763224, 12.428733381018857, 12.427759314744122, 12.426780158679929, 12.425804222396504, 12.424827367855835, 12.423849599150577, 12.422870920364325, 12.421891335569125, 12.420910848820752, 12.419929464166216, 12.418947185637656, 12.417964017256924, 12.416979963030883, 12.415995026957809, 12.41500921301954, 12.414022525190113, 12.413034967427238, 12.412046543679226, 12.411057257882543, 12.410067113962572, 12.40907611582919, 12.408084267383593, 12.407091572515354, 12.406098035100257, 12.405103659006128, 12.404108448083395, 12.403112406176525, 12.402115537117208, 12.401117844723563, 12.400119282001725, 12.399119957354088, 12.39811982075169, 12.397118875965335, 12.396117126736861, 12.395114576809915, 12.394111229924045, 12.393107089805612, 12.392102160166768, 12.391096444697762, 12.390089947094985, 12.389082671045962, 12.388074620217395, 12.38706579826601, 12.38605620883631, 12.385045855573889, 12.384034742108355, 12.383022872051573, 12.382010249007232, 12.380996876577642, 12.379982758349456, 12.378967897897128, 12.377952298781002, 12.37693596455977, 12.375918898777417, 12.374901104972658, 12.37388258666328, 12.372863347363545, 12.371843390580777, 12.370822719807318, 12.36980133852664, 12.368779250210713, 12.367756458323942, 12.36673296631928, 12.36570877764301, 12.364683895724205, 12.363658323985907, 12.362632065845567, 12.361605124706431, 12.360577503958837, 12.359549206987806, 12.358520237168744, 12.35749059786748, 12.356460292435223, 12.355429324219301, 12.354397696554612, 12.353365412767477, 12.352332476175292, 12.351298890081152, 12.350264657782885, 12.349229782572207, 12.348194267723976, 12.34715811650378, 12.346121332177104, 12.345083917989097, 12.34404587718251, 12.343007212986407, 12.341967928624769, 12.340928027306285, 12.339887512238986, 12.338846386613083, 12.337804653786707, 12.33676231755038, 12.335719381074886, 12.334675847496648, 12.333631719994578, 12.332587001688294, 12.33154169569817, 12.33049580512495, 12.32944933306888, 12.328402282615555, 12.327354656840662, 12.326306458641964, 12.325257690997866, 12.324208356953545, 12.323158459540885, 12.322108001783567, 12.32105698669868, 12.320005417291174, 12.318953296565645, 12.317900627504075, 12.316847413090521, 12.315793656295165, 12.314739360082791, 12.31368452740707, 12.312629161212094, 12.311573264438163, 12.310516840010854, 12.309459890850457, 12.308402419867797, 12.307344429855455, 12.306285923681491, 12.305226904362609, 12.304167374780674, 12.303107337800698, 12.302046796284992, 12.300985753083607, 12.299924211040594, 12.298862172992607, 12.297799641763584, 12.29673662017342, 12.295673111030593, 12.294609117138089, 12.293544641288037, 12.292479686262537, 12.29141425484159, 12.290348349790726, 12.289281973869292, 12.28821512982846, 12.287147820412882, 12.28608004835666, 12.285011816382099, 12.283943127213297, 12.282873983554502, 12.281804388110539, 12.28073434357526, 12.279663852594167, 12.278592917766401, 12.277521541765664, 12.276449727250139, 12.27537747687386, 12.274304793278986, 12.273231679096485, 12.272158136954376, 12.271084169468592, 12.270009779250573, 12.268934968901265, 12.26785974101444, 12.266784098176684, 12.26570804296378, 12.264631577946345, 12.263554705686067, 12.238644871247992, 16.026036130464632, 12.519525984020136, 15.969029354704235, 12.58252570469596, 12.95377454826096, 14.392400575833749, 13.816537018007615, 12.453763811799746, 12.514484501268946, 13.572197189978676, 13.144101805466494, 12.28471478405488, 12.474929629874737, 13.026001074100844, 12.978130678032409, 12.456319437343717, 12.245676369628093, 12.61019870727546, 12.77629412147645, 12.426367105100361, 12.234453816659085, 12.43571264595544, 12.592975247936522, 12.44629114819194, 12.243286149576596, 12.300121247322902, 12.460199830767865, 12.38983445112749, 12.23695109597903, 12.268757973319062, 12.373473146989541, 12.344570426621186, 12.238579809993071, 12.240313141142412, 12.318865644860432, 12.298801122471513, 12.224466483967968, 12.23714336425882, 12.28641902881583, 12.265881178306493, 12.217808453204503, 12.232015756175697, 12.263945778868106, 12.239098894269613, 12.212580263351658, 12.23293340065079, 12.245710154976052, 12.222231777652286, 12.21225413139513, 12.230646214769553, 12.22979389632993, 12.211468815815692, 12.215016348482154, 12.225797596795216, 12.216764122922092, 12.208162158206536, 12.216276476136045, 12.217774335871157, 12.208146331915595, 12.208872375991, 12.214313260923335, 12.209431189237167, 12.205161167051392, 12.209326916739956, 12.208992127143352, 12.203997928762108, 12.20518066854528, 12.207014765642093, 12.203519064199078, 12.20234807524405, 12.204379453506016, 12.202679325432724, 12.200583786348467, 12.201813766093197, 12.201393254151025, 12.199274052005824, 12.199592841311981, 12.19977730680584, 12.198051929028956, 12.197734085103026, 12.19803544299515, 12.196772446285035, 12.19608961777814, 12.196293065858146, 12.195380239976846, 12.19456630952123, 12.194594676405641, 12.19391004411408, 12.193077639864738, 12.192945876594719, 12.192383213113322, 12.191589511432348, 12.191334769018253, 12.190826688251724, 12.190084541993592, 12.189743845470012, 12.189251812346452, 12.188558119086629, 12.188161014687187, 12.187664777377057, 12.187010265278174, 12.186575121557434, 12.186066368862852, 12.185441328091475, 12.184980019420488, 12.184455708407734, 12.183852195071351, 12.183370781497779, 12.182831272645785, 12.182243199678224, 12.181744949334465, 12.181191894842506, 12.180614652787147, 12.180100993046045, 12.179536763868338, 12.178966785582448, 12.178438310813986, 12.17786553847336, 12.177299629863109, 12.176756859544225, 12.1761779769197, 12.175613223525527, 12.175056789688846, 12.174473918448603, 12.17390745237838, 12.173338540756935, 12.172753078891208, 12.172182285671926, 12.171602510413946, 12.171015085733705, 12.17043783238344, 12.169849170416962, 12.169259514524326, 12.168674382986184, 12.168078826867667, 12.167485984830698, 12.166892497608, 12.166291652162517, 12.165694271269745, 12.165092793987656, 12.164487598713078, 12.163884418450282, 12.163275918262002, 12.1626664974591, 12.162056703806513, 12.161442295612552, 12.160828176531721, 12.16021163815705, 12.159592132825493, 12.158972590181973, 12.158349731911493, 12.157725418164683, 12.157099935377607, 12.156471411755831, 12.155842079793382, 12.15521056101984, 12.154576881952591, 12.15394215328174, 12.153304893647448, 12.152666198443429, 12.152025828561953, 12.151383241898513, 12.15073939131663, 12.15009344178681, 12.14944577779587, 12.148796575589335, 12.148145306021176, 12.147492581442418, 12.146838002495986, 12.146181647005074, 12.145523753628396, 12.144863949062705, 12.144202589153291, 12.14353949416939, 12.14287464933526, 12.142208243600743, 12.14154004268703, 12.140870252400845, 12.140198786790192, 12.139525622112098, 12.138850883847079, 12.138174431709002, 12.1374963909874, 12.136816711982505, 12.136135385174175, 12.135452485718094, 12.134767932386127, 12.134081806261035, 12.133394072121432, 12.13270473576999, 12.132013837443303, 12.131321333420102, 12.130627277666436, 12.129931643213721, 12.129234445979499, 12.128535703583914, 12.127835396959375, 12.127133560909256, 12.126430176220515, 12.125725262770134, 12.125018824841915, 12.124310859440959, 12.123601386821115, 12.12289039618782, 12.122177906322872, 12.121463915850457, 12.120748431097233, 12.120031461808571, 12.119313005373652, 12.118593076176552, 12.117871672435273, 12.117148804072361, 12.116424474701471, 12.11569868805065, 12.114971453195473, 12.11424277101785, 12.113512650853062, 12.112781094381772, 12.112048108590805, 12.111313698562965, 12.11057786836115, 12.109840624757146, 12.109101970412413, 12.108361912551807, 12.107620454681085, 12.106877602633377, 12.1061333609153, 12.105387734016928, 12.104640727752177, 12.103892346001697, 12.1031425945093, 12.102391477057852, 12.101638999079103, 12.10088516511126, 12.100129979880984, 12.09937344813655, 12.098615574133271, 12.097856363066255, 12.097095819154731, 12.096333947318737, 12.095570751739047, 12.094806237161391, 12.094040408124375, 12.09327326908608, 12.092504824552037, 12.091735078779125, 12.090964036436446, 12.090191701796067, 12.089418079356578, 12.088643173298387, 12.08786698806501, 12.087089527995392, 12.086310797382964, 12.08553080048322, 12.084749541488064, 12.083967024742908, 12.083183254423819, 12.082398234758285, 12.081611969831267, 12.080824463874302, 12.080035721024876, 12.07924574541534, 12.078454541100552, 12.077662112167229, 12.07686846271359, 12.076073596878116, 12.075277518602269, 12.07448023184398, 12.073681740635, 12.072882048950222, 12.072081160747258, 12.071279079933738, 12.070475810453592, 12.069671356225887, 12.068865721137426, 12.068058909040115, 12.067250923794147, 12.066441769258654, 12.065631449256069, 12.06481996758156, 12.064007328020098, 12.06319353436932, 12.062378590389141, 12.06156249982182, 12.060745266384721, 12.059926893805606, 12.059107385794642, 12.058286746031648, 12.057464978176604, 12.056642085898961, 12.055818072841383, 12.054992942636268, 12.054166698889832, 12.05333934520212, 12.052510885172058, 12.051681322368427, 12.050850660348464, 12.050018902654896, 12.04918605283139, 12.048352114395527, 12.047517090855173, 12.046680985696296, 12.045843802413362, 12.045005544473572, 12.044166215329083, 12.043325818422282, 12.042484357193446, 12.041641835060096, 12.04079825543102, 12.039953621698958, 12.039107937250902, 12.038261205462767, 12.03741342969505, 12.036564613683398, 12.03571476092758, 12.03486387418451, 12.034011956776054, 12.033159011999173, 12.032305043151524, 12.031450053518311, 12.030594046371649, 12.02973702497224, 12.028878992575141, 12.028019952419436, 12.027159907738428, 12.026298861752046, 12.025436817672572, 12.024573778702825, 12.023709748034863, 12.022844728848849, 12.021978724317513, 12.021111737606851, 12.020243771869133, 12.019374830247564, 12.01850491588001, 12.01763403189071, 12.01676218139956, 12.015889367510148, 12.015015593326359, 12.014140861938722, 12.013265176428833, 12.012388539869518, 12.011510955327708, 12.010632425859761, 12.009752954514257, 12.008872544333252, 12.007991198348595, 12.007108919583443, 12.006225711056185, 12.005341575776292, 12.004456516743225, 12.003570536950917, 12.002683639387913, 12.001795827028081, 12.000907102849515, 12.00001746981177, 11.999126930870801, 11.998235488978018, 11.997343147076958, 11.99644990809976, 11.995555774980657, 11.994660750638305, 11.993764837988312, 11.99286803993873, 11.99197035939223, 11.991071799246697, 11.990172362387245, 11.989272051700066, 11.988370870062033, 11.987468820339979, 11.986565905402506, 11.985662128105274, 11.984757491302155, 11.983851997840532, 11.98294565055669, 11.982038452288464, 11.98113040586776, 11.980221514113168, 11.979311779845096, 11.978401205877827, 11.977489795016021, 11.976577550063638, 11.975664473815785, 11.974750569065376, 11.973835838596584, 11.972920285195192, 11.972003911633145, 11.971086720682736, 11.970168715111747, 11.969249897681886, 11.968330271148183, 11.967409838264883, 11.966488601778456, 11.96556656443368, 11.964643728965292, 11.963720098112004, 11.962795674600242, 11.96187046115789, 11.960944460502054, 11.960017675353207, 11.959090108421575, 11.958161762415239, 11.957232640037715, 11.956302743991909, 11.955372076970015, 11.954440641667144, 11.953508440770719, 11.95257547696599, 11.95164175293221, 11.95070727134945, 11.949772034889774, 11.948836046219718, 11.947899308011761, 11.946961822925912, 11.946023593620408, 11.94508462275054, 11.94414491296891, 11.943204466926494, 11.942263287269524, 11.941321376640643, 11.940378737679264, 11.939435373021064, 11.938491285299678, 11.937546477144714, 11.936600951184989, 11.935654710057019, 11.934707756388475, 11.933760092794284, 11.932811721886093, 11.93186264627775, 11.93091286857391, 11.929962391382373, 11.929011217303126, 11.92805934893674, 11.927106788879666, 11.926153539725385, 11.925199604065147, 11.924244984487292, 11.923289683580192, 11.922333703923188, 11.921377048100707, 11.920419718688901, 11.919461718264735, 11.918503049400607, 11.91754371466871, 11.916583716635381, 11.915623057868515, 11.914661740932102, 11.913699768385005, 11.912737142787075, 11.911773866695636, 11.910809942664628, 11.90984537324535, 11.908880160987604, 11.90791430843921, 11.906947818144607, 11.9059806926459, 11.905012934484056, 11.90404454619853, 11.903075530324157, 11.902105889395203, 11.901135625942265, 11.900164742496196, 11.899193241582612, 11.898221125727703, 11.897248397454659, 11.896275059282802, 11.895301113731676, 11.894326563317348, 11.893351410554054, 11.892375657952641, 11.891399308025115, 11.890422363276237, 11.889444826214111, 11.888466699339828, 11.887487985156595, 11.88650868616201, 11.885528804853235, 11.884548343724981, 11.883567305268913, 11.882585691976134, 11.881603506334663, 11.880620750828983, 11.879637427944287, 11.87865354016031, 11.877669089957221, 11.87668407981136, 11.875698512197395, 11.874712389587087, 11.873725714451426, 11.87273848925611, 11.871750716468421, 11.870762398549148, 11.86977353796076, 11.868784137161157, 11.867794198605374, 11.866803724747177, 11.86581271803644, 11.864821180923032, 11.886862578992059, 24.961884549896183, 11.987531010796197, 15.388984868856864, 19.94880063844641, 20.31306665853978, 17.35115950449188, 13.539143672150106, 11.850879273209886, 13.913287164034694, 16.380872041951626, 15.204112885396228, 12.692103318732546, 11.86966593446375, 12.737629564936107, 13.880159593085573, 14.261575044219732, 13.693014447849702, 12.651940158665246, 11.928141229081312, 12.085977595912318, 12.840575197645416, 13.194550607320144, 12.721934709518358, 12.065718203000278, 11.897542631941384, 12.201409856223059, 12.546014747643971, 12.590476128420384, 12.317977069419749, 11.984995100218493, 11.889013731111218, 12.080418321020318, 12.28442763508854, 12.231973229109862, 12.004459276196839, 11.874454468770988, 11.941681340623143, 12.07425557769679, 12.106811825807046, 12.00848294358508, 11.888717916349565, 11.870135227734998, 11.949209096436716, 12.003006129846284, 11.955809179424735, 11.87412628080113, 11.855617616961853, 11.900808615189051, 11.935548934296385, 11.913329331391912, 11.863378104240473, 11.845365500179748, 11.871912140575317, 11.895528205844453, 11.87946807110984, 11.847733628820253, 11.84161186078935, 11.860363061294978, 11.871042484636293, 11.857771200088756, 11.83940357936106, 11.83924536661961, 11.85213756711658, 11.855112768338588, 11.843413198094167, 11.83469091693327, 11.839163909570836, 11.846326523735174, 11.84393579842823, 11.835744953716839, 11.833478119160617, 11.83834374377405, 11.840632678089946, 11.83623330094639, 11.832112638878339, 11.833598163882364, 11.836509458384652, 11.835308212080399, 11.831787854280355, 11.831080286140176, 11.833088398345836, 11.83342868741688, 11.831166599927888, 11.829752931202455, 11.830664427497561, 11.83138556141015, 11.830181702238859, 11.82876010059291, 11.828908303537348, 11.829530154199675, 11.82893844491577, 11.827787108327245, 11.827563247274576, 11.827934737152555, 11.827637934795854, 11.82677213184253, 11.82639398570668, 11.826549398945021, 11.826362090845025, 11.82571035876724, 11.825308159221022, 11.825310112361672, 11.825141618048013, 11.824634095415808, 11.824249241747138, 11.824153379994977, 11.823971121804048, 11.823550539355027, 11.82319726302316, 11.823041893054473, 11.822835129341206, 11.822466544439488, 11.82214035056988, 11.821947220509724, 11.821717120152583, 11.821378405343095, 11.821073176051721, 11.820855026488841, 11.820604873757464, 11.820283986759666, 11.819992203259988, 11.81975549252452, 11.819489672076516, 11.819179667111518, 11.818895969224776, 11.818644534476881, 11.818366844113704, 11.818063849687062, 11.817783542242251, 11.817519653004261, 11.817233421068345, 11.81693502748671, 11.816654920836557, 11.816380367276656, 11.816088236563443, 11.81579253114463, 11.815510018464012, 11.815226386950155, 11.814930354860989, 11.814635728904692, 11.814349165313912, 11.814058031430108, 11.8137593724827, 11.813464163689927, 11.813172515330695, 11.812875395651444, 11.812574750962824, 11.812277539388031, 11.811980505469153, 11.811678727602812, 11.811376098845729, 11.811075670807076, 11.810773460078916, 11.810468034730984, 11.810163056286797, 11.809858674283255, 11.809551843647917, 11.809243328804108, 11.808935405625716, 11.808626767600527, 11.808315960305293, 11.808004518127696, 11.80769314466811, 11.807380356124527, 11.807066071849725, 11.806751541413455, 11.80643641120045, 11.806119789156368, 11.805802287985157, 11.80548442280202, 11.805165507936458, 11.804845380886478, 11.804524670839145, 11.80420327835097, 11.803880734426142, 11.80355731147506, 11.803233290286453, 11.802908339379252, 11.80258236987795, 11.802255696159467, 11.801928265867348, 11.801599850815114, 11.801270598325425, 11.800940636308423, 11.800609792960389, 11.800278045819764, 11.799945551617073, 11.79961226348936, 11.799278081176578, 11.798943095764695, 11.798607351676829, 11.798270758587163, 11.797933329395, 11.79759513759012, 11.797256142433781, 11.79691631007708, 11.796575696553544, 11.796234306552293, 11.795892097362817, 11.795549092943684, 11.795205321437946, 11.794860754170175, 11.794515389103417, 11.794169256309766, 11.793822346589865, 11.793474645926995, 11.793126175161463, 11.792776939700342, 11.7924269250012, 11.792076140363205, 11.791724597757472, 11.791372288094227, 11.79101921232859, 11.790665382758863, 11.79031079671655, 11.789955451081461, 11.789599355225961, 11.789242511339866, 11.78888491577959, 11.78852657433074, 11.788167491663893, 11.787807665358123, 11.787447098325513, 11.787085795912759, 11.786723757579164, 11.786360984557815, 11.785997481695272, 11.785633249957039, 11.785268289851645, 11.784902605362355, 11.784536198572198, 11.784169069998649, 11.783801222727137, 11.783432659299352, 11.783063380472772, 11.782693388658629, 11.782322686619164, 11.781951275531101, 11.781579157378895, 11.781206334798657, 11.780832809238952, 11.780458582434195, 11.7800836569012, 11.779708034388783, 11.779331716554223, 11.778954705692577, 11.778577003638315, 11.778198612003331, 11.777819532949335, 11.777439768433414, 11.777059320120703, 11.776678190027502, 11.776296380074136, 11.775913891921634, 11.775530727502002, 11.77514688877244, 11.774762377456518, 11.774377195414395, 11.773991344532073, 11.773604826515458, 11.773217643181079, 11.772829796414742, 11.772441287968228, 11.772052119623918, 11.771662293201882, 11.77127181042377, 11.770880673039057, 11.770488882864472, 11.77009644164221, 11.769703351109042, 11.769309613030236, 11.768915229109188, 11.768520201056264, 11.768124530626027, 11.767728219538968, 11.767331269496031, 11.76693368220595, 11.766535459353042, 11.766136602611896, 11.765737113690385, 11.76533699426995, 11.764936246021845, 11.76453487061624, 11.76413286970132, 11.763730244924439, 11.763326997946354, 11.762923130418887, 11.762518643977426, 11.762113540255086, 11.76170782087071, 11.761301487431762, 11.76089454157531, 11.760486984909333, 11.760078819038613, 11.7596700455652, 11.759260666077017, 11.758850682154293, 11.758440095392915, 11.75802890737288, 11.757617119669346, 11.757204733846509, 11.756791751464629, 11.75637817407839, 11.755964003247668, 11.755549240522413, 11.755133887447109, 11.754717945555177, 11.754301416378217, 11.753884301439577, 11.753466602272255, 11.753048320395846, 11.752629457320996, 11.752210014557674, 11.75178999360653, 11.75136939596668, 11.750948223138396, 11.750526476609906, 11.75010415787037, 11.74968126839306, 11.749257809659747, 11.748833783137995, 11.748409190300059, 11.747984032608281, 11.747558311521017, 11.747132028490016, 11.746705184961, 11.746277782388391, 11.745849822205878, 11.74542130585332, 11.744992234763782, 11.744562610360397, 11.744132434068417, 11.743701707308283, 11.743270431492014, 11.742838608036989, 11.742406238340692, 11.741973323808855, 11.74153986583724, 11.741105865828228, 11.740671325162493, 11.740236245228134, 11.739800627407005, 11.739364473077114, 11.738927783606306, 11.738490560372265, 11.73805280473461, 11.737614518053618, 11.737175701691898, 11.736736356996289, 11.736296485318785, 11.735856088004079, 11.735415166394118, 11.734973721825115, 11.734531755630478, 11.734089269134289, 11.733646263671945, 11.733202740558, 11.732758701117193, 11.73231414665468, 11.731869078480962, 11.731423497907997, 11.730977406232238, 11.7305308047592, 11.730083694777242, 11.72963607757838, 11.729187954453153, 11.7287393266781, 11.728290195539607, 11.727840562310298, 11.727390428265716, 11.726939794670017, 11.726488662787254, 11.726037033883701, 11.725584909209283, 11.725132290024051, 11.72467917757583, 11.724225573109392, 11.723771477869006, 11.723316893093818, 11.722861820018268, 11.722406259875754, 11.721950213889222, 11.721493683290047, 11.721036669293149, 11.720579173122045, 11.720121195982875, 11.719662739090124, 11.719203803653029, 11.718744390870675, 11.718284501943176, 11.717824138065758, 11.717363300433924, 11.716901990232564, 11.716440208651704, 11.715977956864172, 11.715515236059813, 11.715052047403208, 11.714588392076017, 11.7141242712355, 11.713659686054388, 11.71319463768816, 11.712729127299065, 11.712263156036046, 11.711796725053334, 11.711329835498253, 11.710862488510605, 11.710394685237707, 11.709926426805971, 11.709457714357205, 11.708988549022404, 11.708518931919269, 11.708048864177737, 11.70757834691711, 11.707107381255371, 11.706635968300656, 11.706164109165373, 11.70569180495754, 11.705219056776912, 11.704745865725899, 11.704272232899507, 11.703798159389061, 11.703323646287936, 11.702848694680087, 11.702373305651703, 11.701897480274631, 11.701421219632813, 11.70094452479632, 11.700467396834688, 11.699989836815451, 11.6995118458006, 11.699033424850471, 11.698554575022639, 11.698075297369929, 11.697595592941902, 11.697115462785563, 11.69663490794215, 11.696153929457223, 11.695672528364954, 11.695190705699309, 11.694708462487336, 11.694225799759277, 11.69374271854512, 11.693259219856218, 11.692775304718532, 11.69229097413783, 11.69180622913166, 11.691321070708284, 11.690835499867587, 11.690349517615216, 11.689863124950726, 11.68937632286685, 11.68888911235936, 11.688401494412904, 11.687913470013378, 11.687425040147026, 11.686936205791044, 11.686446967924491, 11.68595732751687, 11.685467285541284, 11.684976842964279, 11.6844860007496, 11.683994759856914, 11.683503121243286, 11.683011085868342, 11.682518654679551, 11.682025828624939, 11.681532608651878, 11.681038995703155, 11.680544990712532, 11.680050594626277, 11.679555808366603, 11.679060632868628, 11.678565069060774, 11.678069117862448, 11.677572780198517, 11.67707605698759, 11.676578949141087, 11.676081457573009, 11.675583583192058, 11.675085326901836, 11.674586689606649, 11.674087672207996, 11.673588275599569, 11.673088500676466, 11.672588348330727, 11.672087819449514, 11.671586914915729, 11.671085635614595, 11.670583982420556, 11.670081956216585, 11.669579557869048, 11.669076788252772, 11.668573648232892, 11.668070138672, 11.667566260432324, 11.667062014376155, 11.6665574013538, 11.6660524222236, 11.665547077829405, 11.996556125171828, 21.545823811175403, 11.707124449846136, 14.865782700863654, 18.039335702136068, 17.150162024324345, 13.975650295281934, 11.71607799998851, 12.879351609914227, 15.16869960989448, 14.241082953199419, 12.143657775660488, 11.74730540611365, 12.730723613054419, 13.57173658075128, 13.459095431218923, 12.59105633746109, 11.784538029871657, 11.804638244425421, 12.50437183734342, 12.811701867165219, 12.300998463281784, 11.744186993895699, 11.755928662430057, 12.12613232196375, 12.345108115423118, 12.186486531873046, 11.83898539644739, 11.67433412989547, 11.84210136999301, 12.059939102200644, 11.996616082813487, 11.760153725684074, 11.670123617488679, 11.783673419514114, 11.901136347766926, 11.865624339556911, 11.72836757155044, 11.659429324260389, 11.727115194860248, 11.805196797706422, 11.766277622949508, 11.674381024703854, 11.658025226165899, 11.713951335934341, 11.743222756823695, 11.702679953345443, 11.651528316694332, 11.657208061789468, 11.6963285401046, 11.697464258632799, 11.659357715200679, 11.642327678693137, 11.663145677937372, 11.679068467274156, 11.663184257351446, 11.641297946980062, 11.64513220194371, 11.661437185755988, 11.658673144574836, 11.642071754273633, 11.638958252563901, 11.649653919077348, 11.652309007475763, 11.642215148651125, 11.636500421209236, 11.642491655847994, 11.646509220418942, 11.640561717271048, 11.635467058566748, 11.638660713503652, 11.641974456370257, 11.638605470959705, 11.634584531267086, 11.636160151418009, 11.63862059988751, 11.636464431164905, 11.633569895634464, 11.63448689390074, 11.63604839978323, 11.634526956499998, 11.632498249555256, 11.633060025244932, 11.633985709553812, 11.632759972760143, 11.63139005833378, 11.63180867537331, 11.63223123862354, 11.631204351731116, 11.630303935384008, 11.630603941506438, 11.630680949329253, 11.629803715266066, 11.629246669628817, 11.629434805312972, 11.629263308982726, 11.628541020920737, 11.628206504576768, 11.628267945980097, 11.627943133524521, 11.627370601301436, 11.627167796349159, 11.627095273799632, 11.626695559202641, 11.626261629896769, 11.626106333637603, 11.625914576511247, 11.625503339852175, 11.625178550724725, 11.625010844011562, 11.62473018149625, 11.624351398341064, 11.624092482847104, 11.623878406363525, 11.623551246160222, 11.62322124064561, 11.622983439686875, 11.622716760124137, 11.622382718141633, 11.622093645357241, 11.621842720793738, 11.621539662676328, 11.621222583430564, 11.620951642392697, 11.620673019137023, 11.620357851749532, 11.620061522801423, 11.619785827024172, 11.619484413060047, 11.619174885988272, 11.618887923307007, 11.618596018901085, 11.618285917693358, 11.61798601196952, 11.617694475688495, 11.617388769426594, 11.617080793506453, 11.616783458698519, 11.61648087834489, 11.616170137619234, 11.61586568794629, 11.615562732146474, 11.615251800594258, 11.61494165645591, 11.614635540797929, 11.614324593955457, 11.614010866885776, 11.61370052175178, 11.613388517594279, 11.61307256722234, 11.612758080957295, 11.612443901358454, 11.612126276124753, 11.611808325872902, 11.611491309162043, 11.611171923800057, 11.610851105880567, 11.610531007673, 11.610209572546, 11.60988631763096, 11.6095632344919, 11.60923947188586, 11.608913937745173, 11.60858803286997, 11.608261760851063, 11.607933988746781, 11.607605469180148, 11.607276634997822, 11.606946581868913, 11.606615569749142, 11.606284170776116, 11.605951792552899, 11.6056183895219, 11.605284485299125, 11.60494975145554, 11.604613996238031, 11.604277632570046, 11.60394053015841, 11.603602457821282, 11.603263700215956, 11.602924240990308, 11.60258386343635, 11.60224274952351, 11.601900948123122, 11.601558283987242, 11.601214860649998, 11.600870747476963, 11.600525810461436, 11.600180103535228, 11.599833701718403, 11.599486510957341, 11.599138554048247, 11.598789896117337, 11.598440470838192, 11.598090284631546, 11.59773939367165, 11.597387754940797, 11.597035366719117, 11.596682272347122, 11.596328442126262, 11.59597387134413, 11.595618595040436, 11.595262594920582, 11.594905866011347, 11.594548434243434, 11.594190286615703, 11.59383141893662, 11.59347185199398, 11.59311157810461, 11.592750594529054, 11.592388916494647, 11.592026538123916, 11.591663457922904, 11.591299688328407, 11.590935226085103, 11.590570070982318, 11.590204232133429, 11.589837706830563, 11.58947049577828, 11.589102606643833, 11.588734038191271, 11.588364791888699, 11.587994873359433, 11.587624281548985, 11.587253018463022, 11.586881088993776, 11.586508493035467, 11.586135232910546, 11.585761312197702, 11.585386730923684, 11.585011491665744, 11.584635597665873, 11.584259049610809, 11.583881850068343, 11.583504001446963, 11.583125504567278, 11.582746362082931, 11.58236657629733, 11.581986148466868, 11.581605081052745, 11.581223375848394, 11.580841034243461, 11.580458058695989, 11.580074451030107, 11.579690212875597, 11.579305346418591, 11.5789198532129, 11.578533734989962, 11.578146993902243, 11.577759631601475, 11.57737164988823, 11.576983050655354, 11.576593835442754, 11.576204006101134, 11.575813564512112, 11.57542251230226, 11.575030851280276, 11.574638583125948, 11.574245709444533, 11.57385223205305, 11.573458152647483, 11.573063472877466, 11.572668194449358, 11.572272318946725, 11.571875848019104, 11.571478783374108, 11.571081126617763, 11.570682879380811, 11.570284043263278, 11.569884619821602, 11.569484610685102, 11.569084017456914, 11.56868284169861, 11.56828108498512, 11.567878748838394, 11.567475834803643, 11.567072344450915, 11.566668279328228, 11.566263640964229, 11.565858430862338, 11.565452650507334, 11.565046301412861, 11.56463938507376, 11.56423190297013, 11.563823856571346, 11.563415247324725, 11.563006076686845, 11.562596346118603, 11.56218605706015, 11.561775210939453, 11.561363809175782, 11.560951853179768, 11.560539344366836, 11.560126284142497, 11.559712673899435, 11.5592985150213, 11.558883808878592, 11.558468556847094, 11.558052760298043, 11.557636420585904, 11.557219539061334, 11.556802117063118, 11.55638415592436, 11.555965656981025, 11.55554662155617, 11.55512705096531, 11.554706946514802, 11.55428630950309, 11.553865141228492, 11.5534434429847, 11.553021216052535, 11.55259846170587, 11.552175181213364, 11.551751375838814, 11.551327046842358, 11.550902195474082, 11.550476822978721, 11.550050930591334, 11.549624519546263, 11.549197591070714, 11.548770146385975, 11.54834218670595, 11.54791371323711, 11.547484727182884, 11.547055229741998, 11.546625222105211, 11.546194705458184, 11.54576368097997, 11.545332149843208, 11.544900113219027, 11.54446757226983, 11.544034528153867, 11.543600982020688, 11.543166935018904, 11.542732388288973, 11.542297342968313, 11.541861800187458, 11.541425761071439, 11.54098922674021, 11.540552198309372, 11.540114676889168, 11.539676663584734, 11.539238159495982, 11.538799165717284, 11.538359683338534, 11.537919713445149, 11.537479257118212, 11.5370383154309, 11.536596889455895, 11.536154980257118, 11.53571258889597, 11.535269716428518, 11.534826363906477, 11.534382532376547, 11.533938222882282, 11.533493436462438, 11.533048174147098, 11.532602436965696, 11.532156225941462, 11.531709542095147, 11.531262386440636, 11.530814759989665, 11.530366663748143, 11.529918098718753, 11.52946906589855, 11.529019566281342, 11.528569600857004, 11.528119170610301, 11.527668276521677, 11.527216919568255, 11.526765100723527, 11.526312820955622, 11.525860081228188, 11.52540688250265, 11.524953225734558, 11.524499111877653, 11.524044541884368, 11.523589516712134, 11.52313403730275, 11.522678104594062, 11.52222171951839, 11.521764883006126, 11.521307595982067, 11.520849859368608, 11.520391674083836, 11.519933041041726, 11.519473961153386, 11.51901443532622, 11.518554464463138, 11.518094049464112, 11.51763319122571, 11.51717189064061, 11.516710148597747, 11.51624796598328, 11.515785343679228, 11.51532228256402, 11.51485878351299, 11.514394847398775, 11.513930475089014, 11.513465667449331, 11.513000425341154, 11.512534749623132, 11.512068641150607, 11.5116021007753, 11.511135129345453, 11.510667727707037, 11.510199896701868, 11.5097316371779, 11.509262950025926, 11.508793836088852, 11.508324296197104, 11.507854331176976, 11.50738394185156, 11.506913129042658, 11.506441893566757, 11.505970236238445, 11.505498157869638, 11.50502565926848, 11.504552741240609, 11.504079404588293, 11.503605650111323, 11.503131478606663, 11.502656890867632, 11.502181887685378, 11.501706469848118, 11.501230638140713, 11.500754393345668, 11.500277736242735, 11.499800667608518, 11.499323188217154, 11.498845298839738, 11.498367000245118, 11.49788829319893, 11.497409178464244, 11.496929656801475, 11.496449728968676, 11.495969395720785, 11.495488657810423, 11.495007515987389, 11.494525970998946, 11.494044023589984, 11.49356167450248, 11.493078924476043, 11.492595774247803, 11.492112224552152, 11.49162827612124, 11.491143929684485, 11.490659185969008, 11.490174045699417, 11.489688509597801, 11.489202578383958, 11.488716252775133, 11.488229533486246, 11.487742421229875, 11.487254916716058, 11.486767020652707, 11.486278733745179, 11.48579005669664, 11.485300990207852, 11.48481153497735, 11.484321691701444, 11.483831461073931, 11.483340843786483, 11.4828498405287, 11.482358451987562, 11.481866678848233, 11.481374521793448, 11.480881981503765, 11.480389058657487, 11.47989575393114, 11.479402067998505, 11.478908001531615, 11.478413555200284, 11.477918729672336, 11.477423525613009, 11.476927943685984, 11.476431984552766, 11.475935648872364, 11.47543893730247, 11.474941850497835, 11.474444389111842, 11.473946553795866, 11.4734483451988, 11.472949763967726, 11.472450810747752, 11.471951486182402, 11.471451790912443, 11.470951725577553, 11.470451290814726, 11.469950487259544, 11.469449315545187, 11.468947776303047, 11.468445870163292, 11.467943597753079, 11.46744095969877, 11.466937956624099, 11.466434589150804, 11.4659308578944, 11.465426763470417, 11.46492230649523, 11.580732168413704, 24.014839053274557, 11.551284248632644, 15.08485137999241, 19.36951673597962, 19.334966496459945, 16.128451496837574, 12.510417176720189, 11.617371490286455, 14.305478167730069, 15.903736551329082, 13.875793382558271, 11.743994608638452, 11.683765269450449, 12.85427547937306, 13.75915007305472, 13.674000824221526, 12.765482192995607, 11.772968206278362, 11.511672646099955, 12.141895315232807, 12.781850819671224, 12.56108524095523, 11.842547517586603, 11.489886255995977, 11.714669752518422, 12.107517041124874, 12.233977059787644, 11.995701244690014, 11.633307489183933, 11.489768237848127, 11.671134182247384, 11.900330988776062, 11.85896391726539, 11.617714709151926, 11.481225572511214, 11.559552751400435, 11.69996740567408, 11.722181827724988, 11.60665623718699, 11.486446779636866, 11.488485479018777, 11.581268493718223, 11.61858068044563, 11.547197933511825, 11.46888911705445, 11.474613726264021, 11.53048953726978, 11.549308575727338, 11.506397884452726, 11.458332050816473, 11.461960280986874, 11.498450742078, 11.50550659259712, 11.472371615777337, 11.448022948483628, 11.460014737925077, 11.480638738185531, 11.476205163117712, 11.453695195268137, 11.44472063203471, 11.45729616592895, 11.46653438559352, 11.45653410027773, 11.44358279872511, 11.445641780076931, 11.454933030117742, 11.45456622620852, 11.445236915640598, 11.441255814601439, 11.446600978992741, 11.450025098123264, 11.44523992076825, 11.440311391243375, 11.442137901469328, 11.445634653902848, 11.444060351549357, 11.440025165333036, 11.439739075086987, 11.442289996481719, 11.442223459223847, 11.43943434928026, 11.438443934866923, 11.439951454285596, 11.440364141317367, 11.438598397839012, 11.43746714065107, 11.43824064776954, 11.438696841605871, 11.43756117012943, 11.436583004315478, 11.436931436501112, 11.437250845406734, 11.436493015692617, 11.435705573792472, 11.435816810915597, 11.435992881761539, 11.435435828672672, 11.434825370732115, 11.434822504897452, 11.434870193260581, 11.434426197465497, 11.433950474889734, 11.433885668632392, 11.433839588869345, 11.433458311445888, 11.433082228438396, 11.432983788028155, 11.43286702360241, 11.4325265099507, 11.43221932913116, 11.432095334401252, 11.431928702478693, 11.431616982739014, 11.43135698833757, 11.431210526456946, 11.431008489376792, 11.430720604409805, 11.430489735747715, 11.430321181101387, 11.430096110744364, 11.429828461894061, 11.429613638973038, 11.429423924061632, 11.429185730430147, 11.42893501183882, 11.428725529073708, 11.428517130566275, 11.428273670387572, 11.428035797577003, 11.427824287216, 11.42760106842758, 11.427357810973536, 11.427127741673514, 11.426909607928547, 11.426676383028417, 11.426436085428348, 11.426208765835115, 11.42598236753622, 11.425743770906564, 11.425506585782784, 11.425277627452392, 11.42504368202299, 11.424803178095562, 11.424567444258374, 11.424334153409747, 11.42409475587809, 11.423853972267327, 11.423617228099724, 11.423378788608444, 11.423136206960272, 11.42289505593351, 11.422655315033694, 11.422412416912374, 11.422168083634919, 11.421925406171011, 11.421681781085205, 11.42143570114954, 11.421189903873671, 11.420944513280233, 11.420697234073064, 11.42044892246858, 11.420201101429726, 11.419952422457687, 11.419702230659984, 11.419451923690609, 11.419201415026889, 11.418949600954686, 11.418697061529098, 11.418444437185014, 11.418190959025063, 11.417936475106218, 11.417681692756661, 11.417426394594502, 11.417170111720951, 11.416913260066295, 11.416656019758882, 11.416397965255706, 11.416139174439513, 11.41587995926456, 11.415620094963602, 11.41535944933909, 11.415098281975062, 11.414836565929404, 11.414574109704866, 11.41431104664012, 11.414047462750013, 11.413783203825462, 11.41351829131244, 11.413252843886026, 11.41298678072868, 11.412720057676209, 11.412452771569578, 11.412184904529981, 11.411916391817861, 11.411647291611933, 11.411377626241354, 11.41110733970595, 11.4108364535754, 11.410565004267914, 11.410292954836502, 11.410020303005027, 11.409747084916463, 11.409473283955798, 11.409198886364923, 11.408923919133724, 11.408648379484966, 11.408372250974706, 11.408095551082226, 11.407818285924941, 11.407540441753717, 11.40726202747544, 11.40698305212586, 11.4067035058517, 11.406423392064713, 11.40614272061301, 11.405861486144175, 11.405579688961643, 11.405297337231694, 11.405014428518434, 11.404730961572891, 11.404446943263148, 11.404162373723068, 11.40387725145405, 11.403591581453611, 11.403305364891136, 11.403018600433807, 11.402731291892367, 11.402443441318672, 11.40215504793665, 11.401866114450037, 11.401576642938846, 11.401286633019064, 11.400996086809766, 11.40070500664214, 11.400413393041847, 11.400121247337296, 11.399828571559768, 11.399535366123827, 11.39924163249455, 11.398947372685774, 11.39865258745665, 11.39835727812386, 11.398061446456195, 11.397765093304267, 11.397468219900098, 11.397170827990976, 11.396872918618469, 11.39657449299798, 11.396275552663287, 11.395976098649166, 11.39567613215277, 11.395375654673854, 11.395074667346039, 11.39477317135187, 11.394471168059749, 11.394168658565567, 11.393865644040376, 11.393562125833556, 11.39325810509057, 11.392953582974663, 11.39264856074084, 11.39234303948865, 11.392037020371925, 11.391730504634198, 11.391423493401815, 11.391115987814132, 11.390807989044713, 11.390499498181423, 11.390190516349591, 11.38988104471762, 11.389571084384375, 11.389260636458935, 11.388949702055054, 11.38863828223769, 11.388326378102525, 11.388013990758184, 11.387701121273166, 11.387387770721034, 11.387073940167422, 11.386759630652522, 11.386444843239572, 11.386129578989115, 11.385813838938175, 11.385497624125424, 11.385180935577356, 11.384863774308535, 11.384546141347249, 11.384228037714156, 11.383909464414451, 11.383590422453114, 11.383270912821784, 11.382950936509173, 11.382630494509383, 11.382309587806411, 11.38198821737597, 11.381666384188692, 11.381344089207829, 11.381021333393756, 11.380698117708459, 11.38037444310462, 11.380050310529022, 11.379725720922284, 11.379400675217891, 11.37907517435023, 11.378749219249995, 11.378422810840878, 11.378095950040857, 11.377768637761518, 11.377440874910663, 11.377112662396298, 11.376784001119725, 11.37645489197696, 11.376125335858392, 11.37579533364998, 11.375464886234873, 11.375133994492705, 11.374802659298902, 11.374470881524047, 11.374138662032244, 11.37380600168481, 11.373472901339836, 11.373139361853047, 11.372805384073443, 11.37247096884636, 11.372136117013106, 11.371800829410716, 11.371465106873956, 11.371128950233969, 11.370792360315688, 11.370455337942154, 11.370117883930472, 11.369779999095789, 11.3694416842504, 11.369102940201623, 11.368763767752684, 11.368424167703125, 11.368084140849568, 11.367743687984996, 11.367402809900037, 11.367061507379649, 11.366719781206378, 11.366377632158141, 11.366035061011637, 11.3656920685381, 11.365348655507123, 11.365004822683572, 11.36466057082882, 11.364315900701738, 11.363970813058144, 11.363625308649524, 11.363279388225983, 11.362933052531746, 11.36258630231001, 11.362239138299337, 11.361891561237249, 11.361543571855803, 11.361195170884798, 11.360846359051687, 11.36049713707984, 11.36014750569052, 11.359797465601188, 11.35944701752683, 11.359096162178899, 11.358744900266629, 11.358393232495763, 11.358041159570599, 11.357688682189915, 11.357335801051342, 11.356982516849362, 11.356628830276758, 11.356274742020855, 11.35592025276891, 11.3555653632031, 11.355210074005113, 11.354854385852066, 11.35449829941922, 11.354141815379398, 11.353784934402132, 11.353427657154546, 11.353069984301015, 11.352711916503877, 11.352353454422103, 11.351994598712443, 11.351635350029555, 11.3512757090244, 11.350915676346403, 11.350555252642605, 11.350194438556981, 11.34983323473094, 11.349471641803648, 11.349109660411983, 11.348747291191051, 11.348384534771373, 11.34802139178385, 11.347657862854776, 11.347293948609304, 11.346929649670479, 11.346564966657333, 11.346199900188351, 11.345834450879146, 11.34546861934251, 11.34510240619001, 11.344735812030178, 11.344368837469162, 11.344001483111684, 11.343633749559464, 11.343265637412289, 11.342897147268452, 11.342528279722593, 11.342159035369072, 11.341789414797983, 11.341419418599038, 11.341049047359464, 11.340678301663148, 11.340307182094069, 11.33993568923185, 11.339563823655697, 11.339191585942105, 11.338818976665697, 11.338445996398809, 11.338072645712106, 11.337698925174088, 11.337324835351104, 11.336950376808018, 11.336575550107318, 11.336200355809169, 11.335824794473027, 11.33544886665538, 11.335072572981634, 11.33469591413637, 11.334318890464694, 11.333941502516069, 11.333563750837165, 11.333185635973656, 11.33280715846933, 11.33242831886567, 11.332049117702404, 11.33166955551804, 11.33128963284836, 11.330909350228294, 11.330528708190378, 11.330147707265615, 11.3297663479829, 11.329384630869368, 11.329002556450932, 11.328620125251826, 11.32823733779414, 11.327854194598478, 11.327470696184308, 11.327086843067839, 11.326702635765505, 11.326318074790324, 11.325933160655667, 11.32554789387118, 11.325162274946381, 11.32477630438826, 11.32438998270226, 11.324003310393316, 11.323616287963127, 11.323228915912638, 11.322841194741468, 11.322453124947446, 11.322064707026357, 11.321675941473224, 11.321286828780854, 11.320897369440775, 11.320507563943224, 11.320117412776835, 11.319726916428626, 11.31933607538659, 11.31894489013566, 11.31855336115766, 11.31816148893347, 11.317769273942805, 11.317376716663581, 11.31698381757223, 11.316590577144193, 11.316196995852865, 11.31580307417066, 11.315408812568407, 11.31501421151524, 11.314619271479868, 11.314223992928488, 11.313828376326327, 11.31343242213734, 11.31303613082438, 11.312639502848192, 11.31224253866884, 11.31184523906178, 11.311447604295141, 11.311049634705283, 11.310651330747337, 11.31025269287434, 11.309853721538138, 11.309454417188904, 11.309054780276341, 11.308654811248198, 11.308254510551096]