Model Setup for Atypical Patient 8:
ITERS=4000
LEARNING_RATE=0.001
OPT_RESET=500
ATOL=1e-09
RTOL=1e-07
METHOD=dopri5
Input channels=2
Hidden channels=11
Output channels=2
Runtime=253.71881699562073
Optimizer=Adam (
Parameter Group 0
    amsgrad: False
    betas: (0.9, 0.999)
    capturable: False
    differentiable: False
    eps: 1e-08
    foreach: None
    fused: None
    lr: 0.001
    maximize: False
    weight_decay: 0
)Loss over time=[2966.391154320418, 2902.027515967191, 2838.559413815691, 2775.9946750438135, 2714.335328799692, 2653.573234714872, 2593.687560130043, 2534.6524286359345, 2476.4487875802643, 2419.0665038610637, 2362.500847652587, 2306.7498908424136, 2251.8133036743006, 2197.691921042534, 2144.387449028468, 2091.9021259795327, 2040.2381593452105, 1989.3973988749249, 1939.3812914101231, 1890.1905427993204, 1841.8249053947168, 1794.2831892559627, 1747.5633776860595, 1701.6627436200374, 1656.5779494200178, 1612.3051606689771, 1568.8401628562162, 1526.1784598692204, 1484.3153444948307, 1443.2459426139844, 1402.9652483563705, 1363.4680926527192, 1324.7490745546106, 1286.8024527825762, 1249.6220141282326, 1213.2009457759023, 1177.531734901055, 1142.606145640176, 1108.4152528737939, 1074.9495307663503, 1042.1990026213455, 1010.1534221513649, 978.8024638157833, 948.1359027553383, 918.143769990349, 888.8164741289766, 860.1448858299814, 832.120385234561, 804.7348754227176, 777.9807667555732, 751.8509379224346, 726.3386798059347, 701.437628024834, 677.1416895965159, 653.444968632335, 630.341694088022, 607.8261528054926, 585.8926295910352, 564.5353553605281, 543.7484637049711, 523.5259557068417, 503.8616724620935, 484.74927452889534, 466.18222741091444, 448.1537921591062, 430.65702021866485, 413.6847517335369, 397.22961662389474, 381.2840378676785, 365.84023652239716, 350.8902381249161, 336.42588018914574, 322.43882059007143, 308.92054668192725, 295.86238503367366, 283.2555110624642, 271.0909601348789, 259.35963996093767, 248.05234119095897, 237.15975011450874, 226.67245888036177, 216.58097878592096, 206.87575394321246, 197.54717383782375, 188.58558635096796, 179.98131102590983, 171.7246524290858, 163.8059135514184, 156.21540924154328, 148.9434795976815, 141.98050324924844, 135.31691050952875, 128.94319567862328, 122.84993046043755, 117.02777697510497, 111.46749913707646, 106.15997431968427, 101.09620459418065, 96.267327518693, 91.66462646163099, 87.279540452047, 83.10367355532249, 79.1288037760459, 75.34689143223771, 71.75008703294351, 68.33073912586747, 65.08140111110491, 61.994837729738215, 59.06403104476212, 56.28218585153327, 53.64273446207383, 51.13934079209773, 48.76590366374967, 46.51655922189943, 44.385682349055294, 42.36788695546086, 40.45802500899169, 38.651184005342714, 36.94268354605353, 35.32806992945277, 33.8031091357334, 32.36377836343696, 31.006256101612713, 29.72691084471353, 28.522288701244808, 27.389100141383892, 26.32420617898775, 25.324604113602923, 24.38741407756274, 23.50986562145679, 22.689285058564465, 21.923084077378917, 21.208749729227964, 20.543835966556728, 19.92595668993147, 19.352780446427076, 18.822027688349575, 18.331468417234277, 17.878921597601373, 17.46225580127667, 17.079390826840765, 16.728300065591156, 16.407013393691617, 16.11362040830849, 15.846273949173826, 15.603194352901028, 15.382657841462162, 15.18303365950988, 15.002741502407561, 14.840282182426561, 14.694254169481077, 14.563310311144358, 14.446182751173579, 14.341679854367545, 14.248684545772779, 14.166152634691622, 14.093110875324284, 14.028654743726252, 13.971945962781867, 13.9222098198401, 13.878732323637546, 13.840857245298738, 13.80798308483325, 13.779560000499883, 13.755086734117635, 13.734107561193314, 13.716209290071857, 13.701018331237652, 13.688197853606448, 13.677445041245488, 13.668488461175436, 13.661085550104223, 13.655020225552914, 13.650100624745637, 13.64615697284047, 13.643039580539577, 13.640616969837758, 13.63877412559654, 13.63741086976006, 13.63644035434528, 13.635787668790915, 13.635388556854856, 13.635188237956521, 13.635140327677904, 13.635205852030753, 13.635352350065409, 13.635553059420173, 13.635786179487646, 13.636034206977325, 13.63628333880417, 13.636522937394039, 13.636745053677844, 13.636944003249901, 13.637115991365397, 13.6372587826666, 13.637371411743931, 13.637453930849558, 13.63750719130362, 13.637532655335205, 13.637532235322885, 13.637508157590482, 13.637462848123938, 13.637398837760289, 13.63731868459272, 13.637224911506792, 13.637119956945668, 13.637006137155481, 13.636885618326392, 13.636760397189683, 13.63663228877229, 13.636502920141838, 13.636373729102433, 13.636245966911076, 13.63612070420167, 13.635998839394809, 13.635881108970136, 13.635768099062211, 13.635660257914974, 13.635557908806534, 13.635461263115246, 13.635370433258858, 13.63528544528762, 13.635206250961641, 13.635132739177873, 13.63506474665359, 13.63500206779947, 13.634944463742158, 13.634891670481283, 13.634843406180453, 13.634799377610545, 13.634759285772605, 13.634722830741868, 13.634689715774385, 13.63465965073193, 13.634632354876366, 13.634607559090904, 13.634585007584157, 13.634564459134566, 13.634545687927254, 13.634528484038794, 13.634512653616781, 13.63449801880242, 13.634484417437944, 13.634471702600178, 13.634459741993675, 13.634448417236827, 13.63443762307063, 13.634427266512166, 13.634417265977051, 13.63440755038888, 13.634398058289655, 13.634388736967237, 13.634379541607194, 13.63437043447905, 13.63436138416438, 13.634352364827532, 13.634343355537066, 13.634334339635275, 13.634325304160404, 13.634316239317485, 13.634307137999677, 13.634297995358509, 13.634288808418127, 13.634279575734707, 13.634270297096196, 13.634260973259938, 13.634251605726284, 13.634242196542987, 13.634232748140427, 13.634223263192622, 13.63421374450116, 13.634204194902475, 13.634194617190975, 13.634185014060757, 13.634175388060207, 13.634165741560137, 13.634156076729777, 13.63414639552493, 13.634136699680788, 13.634126990712018, 13.634117269917317, 13.634107538387905, 13.634097797018443, 13.634088046521102, 13.634078287439923, 13.634068520166363, 13.634058744956446, 13.634048961945563, 13.634039171165721, 13.634029372559382, 13.634019565995022, 13.634009751280734, 13.633999928175747, 13.633990096402927, 13.633980255659083, 13.63397040562334, 13.633960545966056, 13.633950676355404, 13.633940796463706, 13.633930905971772, 13.633921004573637, 13.633911091979572, 13.633901167918147, 13.633891232138366, 13.633881284411244, 13.633871324529046, 13.633861352307093, 13.633851367582503, 13.6338413702138, 13.633831360079835, 13.633821337079581, 13.633811301130025, 13.633801252165494, 13.633791190135675, 13.63378111500464, 13.633771026749367, 13.633760925358166, 13.633750810829376, 13.633740683170185, 13.63373054239538, 13.633720388525838, 13.633710221588188, 13.633700041612826, 13.633689848634226, 13.633679642689374, 13.633669423817064, 13.633659192057776, 13.633648947452928, 13.633638690043908, 13.633628419873027, 13.633618136981973, 13.633607841411884, 13.633597533203517, 13.633587212397073, 13.633576879031539, 13.6335665331453, 13.633556174775794, 13.633545803959317, 13.633535420731691, 13.63352502512738, 13.633514617180492, 13.633504196924006, 13.633493764390268, 13.633483319610951, 13.633472862617328, 13.633462393439755, 13.63345191210832, 13.633441418652831, 13.633430913102258, 13.633420395485636, 13.633409865831538, 13.63339932416837, 13.633388770524283, 13.633378204927187, 13.63336762740491, 13.633357037984855, 13.633346436694673, 13.63333582356185, 13.633325198613544, 13.633314561876848, 13.633303913379079, 13.633293253146991, 13.633282581207556, 13.633271897587651, 13.633261202313985, 13.633250495413263, 13.633239776911807, 13.63322904683625, 13.63321830521283, 13.63320755206779, 13.633196787427279, 13.633186011317145, 13.63317522376335, 13.633164424791733, 13.633153614427659, 13.633142792697067, 13.633131959624633, 13.633121115236117, 13.633110259556169, 13.633099392609973, 13.633088514422234, 13.633077625017258, 13.63306672442011, 13.633055812654346, 13.633044889744712, 13.633033955714838, 13.633023010588799, 13.633012054389916, 13.633001087142118, 13.632990108868546, 13.632979119592353, 13.632968119336565, 13.632957108124204, 13.632946085977848, 13.632935052920248, 13.632924008973719, 13.632912954160362, 13.632901888502401, 13.632890812021788, 13.632879724740285, 13.632868626679622, 13.632857517861195, 13.632846398305979, 13.632835268035747, 13.63282412707116, 13.632812975433001, 13.632801813142173, 13.63279064021914, 13.632779456684528, 13.63276826255813, 13.632757057860358, 13.632745842610985, 13.632734616829959, 13.63272338053696, 13.632712133751257, 13.632700876492247, 13.632689608779208, 13.632678330631245, 13.632667042067004, 13.632655743105346, 13.632644433764971, 13.632633114063982, 13.632621784021104, 13.632610443654169, 13.63259909298114, 13.632587732020113, 13.632576360788466, 13.632564979303975, 13.632553587583924, 13.632542185645537, 13.632530773505932, 13.632519351182028, 13.632507918690722, 13.632496476048578, 13.632485023272004, 13.632473560377617, 13.632462087381354, 13.632450604299374, 13.632439111147574, 13.63242760794163, 13.632416094697506, 13.632404571430072, 13.632393038155184, 13.63238149488776, 13.632369941642994, 13.632358378435475, 13.632346805280157, 13.632335222191665, 13.632323629184317, 13.63231202627246, 13.632300413470245, 13.632288790791726, 13.632277158250538, 13.632265515860668, 13.632253863635666, 13.63224220158874, 13.632230529733356, 13.6322188480826, 13.63220715664928, 13.632195455446618, 13.632183744487014, 13.632172023782998, 13.632160293347255, 13.632148553191657, 13.632136803328848, 13.632125043770271, 13.632113274527955, 13.632101495613647, 13.632089707039002, 13.632077908815045, 13.63206610095346, 13.63205428346506, 13.632042456360988, 13.63203061965184, 13.632018773348484, 13.632006917461338, 13.631995052000974, 13.631983176977428, 13.63197129240101, 13.631959398281479, 13.631947494628724, 13.631935581452428, 13.631923658762027, 13.631911726567203, 13.631899784876806, 13.631887833700246, 13.631875873046386, 13.631863902923868, 13.6318519233416, 13.631839934307965, 13.631827935831335, 13.63181592792004, 13.631803910581981, 13.631791883825418, 13.631779847657908, 13.631767802087166, 13.63175574712079, 13.631743682766142, 13.631731609030489, 13.631719525920778, 13.631707433444001, 13.775117075085525, 13.659612188087857, 13.722565182881398, 13.70199262790154, 13.665224817234316, 13.64612350116809, 13.657937097520767, 13.678490928708918, 13.669658299302643, 13.63949762421865, 13.629383689991634, 13.648187039760353, 13.660920341720793, 13.64862168595609, 13.631323477576961, 13.62979431129272, 13.638800709726649, 13.642758836831545, 13.638334680131129, 13.631880602603273, 13.628291146337538, 13.629357624157263, 13.633309031362735, 13.634247094669705, 13.629303774373984, 13.624271401798694, 13.625462706921532, 13.629505249372412, 13.629100826916416, 13.624837537385996, 13.62270327028034, 13.624022051217516, 13.625187666033442, 13.624326222292304, 13.622579466193628, 13.6212923386206, 13.621199042368136, 13.62192880884666, 13.621699701244854, 13.619958009319896, 13.618782579014301, 13.619289502200468, 13.619615009293625, 13.618501720477921, 13.617308667396316, 13.617108065740837, 13.61714359317661, 13.616680176404005, 13.615892425254712, 13.615178184948805, 13.614834009091606, 13.614687479347241, 13.614136332999783, 13.613261095061358, 13.612775322353686, 13.612596383573559, 13.612072031269628, 13.611304789610726, 13.610768041434868, 13.610380114992871, 13.609873351098559, 13.609248264516156, 13.608617888883744, 13.608091487367922, 13.607618041858565, 13.607002632075385, 13.606309063655733, 13.605749630341002, 13.605222620807062, 13.60456254672492, 13.603881636984234, 13.603274192594968, 13.60265964813625, 13.601990160979595, 13.60129321995684, 13.600611183303032, 13.599950663828123, 13.599249485336289, 13.598502370408461, 13.597782314247617, 13.597070921664573, 13.596308220988545, 13.595527513585047, 13.594760320526975, 13.593978510471102, 13.593169371918513, 13.592344614777987, 13.591516042566145, 13.590679395474416, 13.589814602729831, 13.588930499435925, 13.588046373576889, 13.587144755780866, 13.586216427610168, 13.585278764120488, 13.584330452492884, 13.583360265786773, 13.582370520329697, 13.58136649681362, 13.58034838172639, 13.579310318943824, 13.578251788069482, 13.577179680264543, 13.576090050901193, 13.574977354096616, 13.573847300288394, 13.57270060687418, 13.571532659965277, 13.570344546737601, 13.569137888032161, 13.567911413559814, 13.566663106760679, 13.565393028562282, 13.564102941560726, 13.562791119648336, 13.561456038042024, 13.560099398709315, 13.55872003717547, 13.557315884054965, 13.55588769458671, 13.55443544515395, 13.552957895713604, 13.551454420998915, 13.549924869822597, 13.54836858687298, 13.546784302523577, 13.545171835947421, 13.543531084735882, 13.541860772869102, 13.540160429678222, 13.53842987459571, 13.536668046412252, 13.534874265982676, 13.533048193068037, 13.531189201418469, 13.529296603765141, 13.527369863417938, 13.52540845780486, 13.523411538777543, 13.521378435228128, 13.5193087545217, 13.517201752976122, 13.515056719337188, 13.512873093602702, 13.510650049684251, 13.508386811605344, 13.506082742335684, 13.503737101085296, 13.50134905760225, 13.498917803631928, 13.496442508050574, 13.493922228634586, 13.49135607174381, 13.488743154307123, 13.486082458940636, 13.483372983955286, 13.48061369779179, 13.477803455789141, 13.474941116075085, 13.47202551862121, 13.4690554419865, 13.466029619349102, 13.462946729217355, 13.45980537611121, 13.456604108564397, 13.453341465803488, 13.450015931692532, 13.446625912686516, 13.443169764228143, 13.439645759812668, 13.43605211573282, 13.432387017055653, 13.428648582848126, 13.424834860107694, 13.42094382627468, 13.416973379911385, 13.412921352290224, 13.408785523003559, 13.40456360586788, 13.400253240276514, 13.395851989729662, 13.391357324541424, 13.386766636502319, 13.382077250344594, 13.377286410706638, 13.372391273187146, 13.367388898959787, 13.362276253508666, 13.357050209514728, 13.35170754778653, 13.3462449496405, 13.340658986171043, 13.334946116345556, 13.329102685225022, 13.32312491521177, 13.31700890253162, 13.310750615352765, 13.304345884961636, 13.297790395277305, 13.29107967801492, 13.284209106778896, 13.277173896837773, 13.26996909662928, 13.262589573982927, 13.255030006016225, 13.247284874063503, 13.239348459151687, 13.231214832538567, 13.222877845088776, 13.214331119341677, 13.205568041482065, 13.196581748460199, 13.187365117811089, 13.17791076098938, 13.168211017574816, 13.158257942884074, 13.148043293187579, 13.137558515894817, 13.126794750604738, 13.11574280871528, 13.104393155333929, 13.092735906197566, 13.080760818980492, 13.068457279282848, 13.055814286180226, 13.042820443998796, 13.029463954102338, 13.015732599330896, 13.00161373220812, 12.987094266964634, 12.972160668005728, 12.95679893575297, 12.940994599446828, 12.92473271186171, 12.90799783679568, 12.890774040924947, 12.873044892282763, 12.854793453201784, 12.836002275971284, 12.816653408510728, 12.796728395389783, 12.776208279910755, 12.755073619844769, 12.733304498228772, 12.710880541051296, 12.687780948936615, 12.663984522835035, 12.63946970782763, 12.614214642803148, 12.588197212493732, 12.561395128216855, 12.533785997728847, 12.505347437372075, 12.476057165641175, 12.445893161775262, 12.414833765972867, 12.38285794749104, 12.349945279958261, 12.316076718525808, 12.281233845179054, 12.245407664785898, 12.208642448201221, 12.171835869549426, 12.149564670223016, 12.29601949660605, 12.759818795941676, 12.097444026206373, 12.532426811559803, 12.044993168338282, 12.441616817302254, 11.99743550465372, 12.323960768152, 12.034437004363111, 12.128829665950883, 12.115001958729152, 11.959535484582592, 12.1279242343806, 11.917827244064659, 12.029925024118807, 11.962094255703194, 11.904741132100982, 11.981319285362764, 11.85124840609444, 11.926034133715195, 11.862204434249424, 11.841298304785091, 11.869464394849485, 11.789796669993336, 11.836005923277527, 11.77796311568895, 11.778714624853192, 11.773436469744214, 11.730487779315451, 11.752095670508476, 11.702678531946093, 11.714361228897541, 11.685715103525455, 11.672986020726936, 11.66697921407935, 11.637327963525818, 11.641237451768001, 11.608597978128705, 11.610010620516327, 11.58337262991513, 11.577009335079289, 11.558286225664192, 11.54460255245825, 11.531776563272373, 11.513517995168932, 11.503686305111625, 11.48348617687718, 11.474420757372998, 11.453927215363093, 11.44451486290487, 11.424437316669502, 11.414191037750168, 11.394774635595116, 11.383642889554634, 11.3648845964048, 11.352809963729529, 11.334780741039495, 11.321712639231068, 11.304510636308294, 11.290267605801263, 11.27408144318147, 11.25855419473366, 11.243394704628878, 11.226716429425254, 11.212251094021504, 11.195031300980988, 11.18039918528854, 11.163637882570091, 11.147939962154629, 11.132226165923619, 11.11542526494555, 11.100141712341376, 11.083423641909768, 11.067263455552798, 11.051458011515509, 11.034595948669049, 11.01858713092647, 11.002405927464832, 10.985588625712442, 10.969437298222196, 10.953163767907188, 10.936362150986849, 10.919947193359446, 10.903702201235971, 10.887029960303737, 10.870315371093959, 10.853913276436169, 10.837518892755499, 10.820879961410913, 10.804151930925451, 10.787561989046068, 10.771114013150024, 10.754686937045598, 10.738213910387861, 10.721694908606581, 10.705184206444066, 10.688727199634542, 10.672408344367328, 10.656397558330825, 10.641238689008205, 10.628716557925635, 10.625122161474463, 10.654096804498954, 10.785181694538723, 11.116650793351337, 11.136515956491355, 10.627147640316423, 10.674081970241604, 10.9140937306115, 10.555748493019445, 10.655233317728525, 10.725325498804777, 10.481345295037576, 10.663003119009346, 10.541794014066765, 10.499594325298, 10.597001818052151, 10.440393116405065, 10.534730603666757, 10.483387527074695, 10.432120322157045, 10.502893692005948, 10.401858847586618, 10.442176446258076, 10.427168923256904, 10.374630736288514, 10.420812428513065, 10.364185312253241, 10.366869523976176, 10.376611346293883, 10.32813332109879, 10.350272704760126, 10.331859444882374, 10.304855389000318, 10.32274690699002, 10.295198184103933, 10.282366008005404, 10.291442769450056, 10.265166573714154, 10.257327712656869, 10.260823695058852, 10.238669355549304, 10.230398282144405, 10.231676904115965, 10.214100415695118, 10.20294616421699, 10.203006967544873, 10.190787225922813, 10.176623212437827, 10.173700217884184, 10.167281863513086, 10.153166381924272, 10.144577911579459, 10.140785672871793, 10.13174827495276, 10.119616612013253, 10.111746714218794, 10.106626695889956, 10.098637049964852, 10.087895980926104, 10.078645445888187, 10.072096625726505, 10.065769900651388, 10.057635687755683, 10.048138368349482, 10.038998768206461, 10.031129703312637, 10.0242343847578, 10.017533340153397, 10.010471300649053, 10.002980102656764, 9.995188085007783, 9.98739125611698, 9.979758869214711, 9.972551077661194, 9.966044462361047, 9.961021571800906, 9.95903082453596, 9.964530564037013, 9.986737796989997, 10.051395270602846, 10.186226607869749, 10.41567422701211, 10.44413360968273, 10.166932014314543, 9.896109780592496, 10.061805281847093, 10.23925621913957, 9.998537721272825, 9.888043534348345, 10.070283451359494, 10.02745808949676, 9.864792279717205, 9.939591128795563, 9.99408244638386, 9.874787063647549, 9.866623781765767, 9.94293964311386, 9.883084928829946, 9.830484963355838, 9.890142524683448, 9.880373351039943, 9.81571414363765, 9.842128730276526, 9.863794840458295, 9.812132564734227, 9.804204931601346, 9.834039406540668, 9.810564391575134, 9.781454419538308, 9.797192624463158, 9.801188432826288, 9.7741039922496, 9.765591110319175, 9.777968470557338, 9.77098757552951, 9.750479933598466, 9.748396260975982, 9.755017384413604, 9.746140324668069, 9.73117683009542, 9.728199926405354, 9.731217079802736, 9.725744099673083, 9.71381480594777, 9.707457938897777, 9.707679884333903, 9.705781543549609, 9.698129606985558, 9.689387405599378, 9.684738697563214, 9.683244213209555, 9.680611884283804, 9.674936706194256, 9.667725514185806, 9.661681996600898, 19.55400191228617, 9.665434638248298, 14.561252713109498, 16.018712061012863, 12.411589727415992, 9.69694603229417, 10.973051278728136, 13.054386379317792, 12.552061843621425, 10.575254495420037, 9.646881666840176, 10.447306399751335, 11.4842143821564, 11.436458569419116, 10.482837645933778, 9.70737116551361, 9.859441660482089, 10.53315574828733, 10.766900899564275, 10.304598173049337, 9.751423403855823, 9.705055338495564, 10.07153733805346, 10.311882554679073, 10.14075135896841, 9.786167256812398, 9.65397024027443, 9.837269343288611, 10.033175168339607, 9.971062288962763, 9.748788039039242, 9.64858741426894, 9.752745064605476, 9.876490993579116, 9.84576180682304, 9.710049462165937, 9.645434325192833, 9.71176876837279, 9.787487132425598, 9.75789799526281, 9.67080653375968, 9.645143091766602, 9.696208936318703, 9.732463147080033, 9.699163008225476, 9.647512619685322, 9.647055824273336, 9.683963180516969, 9.692715661315942, 9.660066971614526, 9.636455912859592, 9.650636577111182, 9.670533297084036, 9.661355266921486, 9.638149685478144, 9.635086437398057, 9.650025779538772, 9.653272666242177, 9.638609407482772, 9.629394660668838, 9.636445552158564, 9.642861417213224, 9.635798446656446, 9.626503974565393, 9.628103824236796, 9.633662203208834, 9.630883159973026, 9.623615494571617, 9.62268554034529, 9.626362350639164, 9.625427895548976, 9.620200546268727, 9.618399660701884, 9.62051420979554, 9.620109923210006, 9.616333386142289, 9.614500126329945, 9.615552443814055, 9.615109934370468, 9.612269448106739, 9.610656277335448, 9.611041713080965, 9.61039209871522, 9.608126876164432, 9.606787824236097, 9.606743238285832, 9.605865676878851, 9.603981237016528, 9.602867775950793, 9.602520054441968, 9.601458365538514, 9.599846510146444, 9.598891960322517, 9.598301988531764, 9.59711714365, 9.595721495771937, 9.594849095103404, 9.594056183811205, 9.592813554207554, 9.591590407761437, 9.590729525734424, 9.589770005558805, 9.588530266977568, 9.587433390218578, 9.586527335762556, 9.585449385128, 9.584255025988675, 9.583228978384172, 9.582244896433624, 9.58110450894123, 9.579971921232941, 9.578959831734466, 9.577896200404934, 9.576744861784588, 9.575660259662762, 9.574618037551572, 9.573499588607739, 9.572368889248173, 9.57129954580345, 9.570210031628793, 9.569072078446172, 9.567964519096545, 9.566877775654739, 9.565751028210165, 9.564618762656174, 9.56351576939518, 9.562397759181955, 9.561256632741474, 9.560132775725508, 9.559013423720215, 9.557871679026446, 9.55673159778943, 9.555603082681792, 9.55446118018426, 9.553310959664227, 9.552170296544038, 9.551025320412263, 9.549869106474375, 9.548717034594567, 9.547566009940137, 9.546405204693412, 9.545243616194524, 9.544084814890782, 9.542919303601007, 9.541750084440729, 9.540583134426718, 9.539412221129204, 9.53823648623, 9.537061670594719, 9.535884752031764, 9.534703110141368, 9.53352106600412, 9.532337846189044, 9.531150479353295, 9.529961744969546, 9.528772164664975, 9.527579147562378, 9.526384218204017, 9.52518842778567, 9.523989782361074, 9.522788972235382, 9.52158716440827, 9.520382955154908, 9.519176542979258, 9.517968975294453, 9.516759299964768, 9.515547470532631, 9.514334359679966, 9.513119348400021, 9.511902293361167, 9.510683874735683, 9.509463681248164, 9.508241552654447, 9.507018015791884, 9.505792800223388, 9.504565768026323, 9.503337314664778, 9.502107246472873, 9.500875460284995, 9.499642258845464, 9.498407503032123, 9.49717112771695, 9.495933358003361, 9.49469408191375, 9.493453267583133, 9.492211086449345, 9.490967451606261, 9.489722359089042, 9.488475932742041, 9.487228099401838, 9.485978876496205, 9.484728354987936, 9.483476479315975, 9.482223281473665, 9.480968821474399, 9.479713056616577, 9.478456028121109, 9.477197775642303, 9.475938272619713, 9.47467756275965, 9.473415666646305, 9.472152570864614, 9.470888318534428, 9.469622920601743, 9.468356377180065, 9.467088725175774, 9.465819967733077, 9.464550115121696, 9.46327919821928, 9.462007219629472, 9.460734196905163, 9.459460152072317, 9.458185088611737, 9.456909028007592, 9.45563198677845, 9.454353972846967, 9.453075007436262, 9.451795101719327, 9.45051426752386, 9.449232524620756, 9.447949883168512, 9.446666358154054, 9.44538196550643, 9.444096715245319, 9.442810623984109, 9.441523705440506, 9.440235971582112, 9.438947438220858, 9.437658116937053, 9.436368023679684, 9.435077172692969, 9.433785573847357, 9.432493241318271, 9.4312001878185, 9.429906425540436, 9.428611968717746, 9.427316829532677, 9.426021020954954, 9.424724555946197, 9.423427446288013, 9.42212970530309, 9.420831345377508, 9.419532378824435, 9.418232818240783, 9.416932675367521, 9.415631962745117, 9.414330692680183, 9.413028877000597, 9.41172652797136, 9.410423657167337, 9.409120276574278, 9.407816398194898, 9.406512033606385, 9.405207194611583, 9.403901892601613, 9.402596139162455, 9.401289945902962, 9.399983324191979, 9.398676285390763, 9.397368840650868, 9.396061001218191, 9.394752778371522, 9.393444183138225, 9.392135226592194, 9.39082591959355, 9.389516273079035, 9.3882062979315, 9.386896005100812, 9.385585405388909, 9.384274509440218, 9.382963327747712, 9.381651870349508, 9.380340147290502, 9.379028168973855, 9.377715945784148, 9.37640348800192, 9.375090805797795, 9.373777909625773, 9.372464809620977, 9.371151515832203, 9.369838038360488, 9.368524387191876, 9.367210572274884, 9.365896603449153, 9.364582490525377, 9.363268243309875, 9.361953871492307, 9.36063938474365, 9.359324792613505, 9.358010104655337, 9.356695330411306, 9.355380479277834, 9.354065560625543, 9.352750583786124, 9.351435558047978, 9.35012049260255, 9.348805396651242, 9.347490279280443, 9.346175149564287, 9.344860016494394, 9.34354488905543, 9.342229776134557, 9.340914686584707, 9.339599629190515, 9.33828461273363, 9.336969645894884, 9.335654737333142, 9.334339895637338, 9.3330251293535, 9.331710446996894, 9.33039585699629, 9.329081367766832, 9.327766987635686, 9.326452724905055, 9.325138587850644, 9.323824584648941, 9.322510723461361, 9.321197012383081, 9.319883459494347, 9.318570072781094, 9.31725686020475, 9.315943829695321, 9.314630989094306, 9.313318346233189, 9.312005908883155, 9.310693684763088, 9.309381681545227, 9.308069906878623, 9.30675836832119, 9.305447073418229, 9.304136029673343, 9.302825244527934, 9.301514725360631, 9.300204479550393, 9.298894514393712, 9.297584837157018, 9.296275455060895, 9.294966375275958, 9.293657604919696, 9.292349151091782, 9.291041020415646, 9.289733219758638, 9.288425756083694, 9.287118636293389, 9.285811867240755, 9.284505455780542, 9.283199408679435, 9.281893732683583, 9.280588434497435, 9.279283520745953, 9.277978998041414, 9.27667487297708, 9.275371152055277, 9.274067841753451, 9.272764948502, 9.271462478738309, 9.270160438771528, 9.268858834917758, 9.267557673459187, 9.26625696062749, 9.26495670258326, 9.263656905488633, 9.262357575452585, 9.261058718518777, 9.259760340696763, 9.258462448010718, 9.257165046344253, 9.255868141639251, 9.254571739713828, 9.253275846412874, 9.251980467494448, 9.250685608727238, 9.24939127575016, 9.24809747425892, 9.246804209863352, 9.24551148814413, 9.24421931461269, 9.242927694802763, 9.241636634151494, 9.240346138078552, 9.239056211972871, 9.237766861168865, 9.236478090969014, 9.235189906639897, 9.233902313396973, 9.23261531645688, 9.231328920938381, 9.230043131964187, 9.228757954606927, 9.227473393900844, 9.226189454839437, 9.22490614238415, 9.223623461471739, 9.222341416979814, 9.221060013742573, 9.21977925658584, 9.218499150283641, 9.21721969955975, 9.215940909135897, 9.214662783650805, 9.21338532775355, 9.212108546022137, 9.210832443025632, 9.209557023275213, 9.20828229126371, 9.207008251413484, 9.205734908154021, 9.204462265851564, 9.203190328877863, 9.201919101495763, 9.200648587994527, 9.199378792620827, 9.198109719539225, 9.196841372937554, 9.195573756953253, 9.194306875673602, 9.19304073315509, 9.1917753334171, 9.190510680471464, 9.189246778266682, 9.187983630731292, 9.186721241733089, 9.185459615159361, 9.184198754808614, 9.182938664483059, 9.18167934792794, 9.1804208088711, 9.179163051008244, 9.17790607796664, 9.176649893410449, 9.175394500893198, 9.174139903982491, 9.172886106212685, 9.171633111067159, 9.170380922000534, 9.169129542441356, 9.167878975791588, 9.166629225403142, 9.165380294622295, 9.16413218672055, 9.16288490498653, 9.161638452653643, 9.160392832912322, 9.159148048948419, 9.157904103906093, 9.15666100087405, 9.155418742936345, 9.154177333156856, 9.152936774531124, 9.151697070047591, 9.150458222673466, 9.14922023532467, 9.147983110898615, 9.146746852256312, 9.145511462233635, 9.144276943625359, 9.143043299211838, 9.141810531732283, 9.140578643896983, 9.139347638403668, 9.138117517882566, 9.136888284985433, 9.13565994229482, 9.13443249236361, 9.133205937761167, 9.131980280963568, 9.130755524467794, 9.129531670711945, 9.12830872204489, 9.127086680832294, 9.12586554944729, 9.124645330217739, 9.123426025454535, 9.122207637446097, 9.120990168425209, 9.119773620639108, 9.118557996278561, 9.11734329749674, 9.116129526460922, 9.114916685256565, 9.11370477600113, 9.112493800722506, 9.111283761491185, 9.110074660288104, 9.10886649909499, 9.107659279867972, 9.106453004523603, 9.105247674983461, 9.104043293105425, 9.102839860725622, 9.101637379690686, 9.100435851788303, 9.0992352787787, 9.098035662408927, 9.096837004383648, 9.095639306412867, 9.094442570149944, 9.093246797243587, 9.092051989308338, 9.090858147928039, 16.59568570363784, 10.822525572300815, 15.761638552693865, 11.604783227357084, 9.175445414151007, 12.214081462199317, 12.40935735120665, 9.776496480333737, 9.302461186001063, 10.925168445750982, 11.267283413370398, 9.931291926874822, 9.077781081737603, 9.820064419045805, 10.529972989609075, 9.94014097021107, 9.136261288778798, 9.313095311258415, 9.908107004193845, 9.865879369234348, 9.299763521484874, 9.094629215362575, 9.462135648792701, 9.660146074770672, 9.346759627211293, 9.079568792421481, 9.24039778188393, 9.454181360535685, 9.337676770325674, 9.104934049714956, 9.130470263677516, 9.304931303355163, 9.280348307273597, 9.112281508571645, 9.097137761895489, 9.215090481452544, 9.222552049775318, 9.11093133286734, 9.082918260720298, 9.162627937688738, 9.174844157690437, 9.097943300683628, 9.079870015556919, 9.134334509066836, 9.139240424916906, 9.086494471738932, 9.078467643463775, 9.116530748134084, 9.112899781449265, 9.076399291198681, 9.079373691464626, 9.104154028041508, 9.093547447778537, 9.07079140588764, 9.080011533599084, 9.093383684832009, 9.079398217207752, 9.06872257666694, 9.080006588096522, 9.083140341886848, 9.070481188088928, 9.069127145159083, 9.077723244510567, 9.07389641224408, 9.066095873716316, 9.070030298868593, 9.073175333415334, 9.067028493403548, 9.06510593190547, 9.069307867706295, 9.06756924079444, 9.063357087382219, 9.065178220412752, 9.06639258259701, 9.062962159547228, 9.062245361273732, 9.064095752258302, 9.062459608589224, 9.060523127204743, 9.061639956576085, 9.061402436894424, 9.059408921615125, 9.05952345678625, 9.05990538749437, 9.058410704034607, 9.057825396445665, 9.058244512183068, 9.057310539253546, 9.05640411302332, 9.056601048308332, 9.056066416976456, 9.05511509941302, 9.05504999595145, 9.054727246572154, 9.053858313260063, 9.053586716196948, 9.053339857638838, 9.052586692393445, 9.052187487035747, 9.051940468506324, 9.051288433595348, 9.050820833052521, 9.0505418887587, 9.049962807539039, 9.049467612743259, 9.049149584636204, 9.048616660537675, 9.04811375709133, 9.047759723092353, 9.047253261714337, 9.04675325745293, 9.046370203596906, 9.045877036223533, 9.045382341075863, 9.04497616903549, 9.04448862072264, 9.044000049241243, 9.043576075336784, 9.043089718531991, 9.042605594006696, 9.042166983737538, 9.04167981349288, 9.041199123501833, 9.040748523769473, 9.040259558479013, 9.039780344238535, 9.039319148472863, 9.038828378826718, 9.038349545140862, 9.037879119734013, 9.037386575742717, 9.036906441165362, 9.036427683804435, 9.035933794075314, 9.035451378529181, 9.034965357504161, 9.034470120864736, 9.03398411195487, 9.033491837182172, 9.032995387487675, 9.03250510553104, 9.032007629302205, 9.031509494301126, 9.03101426700102, 9.030512635030336, 9.030012434641021, 9.029512180981417, 9.029007136463544, 9.028504061874429, 9.02799893417597, 9.027491078245355, 9.02698459881156, 9.026475078613762, 9.025964473820308, 9.025454055078056, 9.024940747659464, 9.024427334459508, 9.023912872760771, 9.023396234743238, 9.022879612975961, 9.02236123305005, 9.021841601333064, 9.021321531793975, 9.020799553273072, 9.020276890353871, 9.019753206591325, 9.01922799400355, 9.018702212992912, 9.018175012926367, 9.017646726837427, 9.017117638022428, 9.016587148214734, 9.016055856891047, 9.01552345056953, 9.01498986110141, 9.014455458167019, 9.013919837856763, 9.013383285010265, 9.012845748107774, 9.012307067356998, 9.011767523556959, 9.01122689408907, 9.010685295082219, 9.010142759716063, 9.009599151433445, 9.00905465219049, 9.00850914808568, 9.007962685703687, 9.007415308111264, 9.00686692322027, 9.00631764448987, 9.005767412682536, 9.005216251801222, 9.0046641929403, 9.004111181002976, 9.003557287928741, 9.003002480376535, 9.00244677721288, 9.001890195442629, 9.00133270601627, 9.000774355712123, 9.000215124384068, 8.999655030238058, 8.999094079571359, 8.998532260096699, 8.997969601864357, 8.997406092987559, 8.996841750685151, 8.996276574989862, 8.995710566030928, 8.995143742655413, 8.994576099510459, 8.994007651318078, 8.993438395786741, 8.992868339845664, 8.992297494187627, 8.991725858977956, 8.991153445142167, 8.990580251158532, 8.990006286716165, 8.989431557482211, 8.988856067678405, 8.988279824292208, 8.98770282858903, 8.987125090121928, 8.986546612670258, 8.985967402536456, 8.985387463925285, 8.98480680103637, 8.98422542139091, 8.983643328796388, 8.983060529437891, 8.98247702655266, 8.981892826147162, 8.981307933788083, 8.98072235420974, 8.980136092503953, 8.979549152590128, 8.978961540651952, 8.978373261327379, 8.977784319801152, 8.97719472028473, 8.976604467712177, 8.97601356750031, 8.975422024288982, 8.974829842825852, 8.974237027346872, 8.97364358319881, 8.973049517464384, 8.972454834158542, 8.971859536245772, 8.971263628375683, 8.970667115508084, 8.970070002202233, 8.969472293000187, 8.968873992221917, 8.968275104687706, 8.967675634960342, 8.967075587548978, 8.966474966739543, 8.965873777050122, 8.965272023071769, 8.964669709220104, 8.964066839809886, 8.963463419137554, 8.962859451710214, 8.962254941893441, 8.961649893972647, 8.961044312139192, 8.960438200755043, 8.959831564136424, 8.959224406515448, 8.95861673203375, 8.95800854489668, 8.957399849365522, 8.956790649602153, 8.956180949704754, 8.955570753768415, 8.954960065958458, 8.954348890379654, 8.953737231075198, 8.95312509205201, 8.952512477380653, 8.95189939109912, 8.951285837189156, 8.950671819589497, 8.950057342274686, 8.949442409213002, 8.948827024321899, 8.948211191475941, 8.947594914565144, 8.946978197480611, 8.946361044075577, 8.945743458162001, 8.945125443549099, 8.944507004055838, 8.943888143465754, 8.943268865529527, 8.942649173982215, 8.942029072568097, 8.941408565006208, 8.940787654978136, 8.940166346144842, 8.939544642101243, 8.93892254648262, 8.938300062906581, 8.937677194975953, 8.93705394629198, 8.936430320436124, 8.935806320964948, 8.935181951414966, 8.934557215318527, 8.933932116192004, 8.933306657526503, 8.932680842795925, 8.932054675465848, 8.931428158986678, 8.930801296786338, 8.93017409227517, 8.929546548854104, 8.928918669909097, 8.928290458804453, 8.92766191888857, 8.927033053498725, 8.926403865956845, 8.925774359565157, 8.925144537610207, 8.924514403366588, 8.923883960093404, 8.923253211031502, 8.922622159406197, 8.921990808430403, 8.921359161301375, 8.92072722119893, 8.920094991288185, 8.919462474721033, 8.918829674633832, 8.918196594146316, 8.91756323636374, 8.916929604377948, 8.916295701265165, 8.915661530085695, 8.915027093885774, 8.914392395697705, 8.913757438538529, 8.913122225409905, 8.912486759299416, 8.91185104318082, 8.911215080012603, 8.910578872738306, 8.909942424287893, 8.909305737576789, 8.908668815502843, 8.908031660952595, 8.907394279091188, 8.906756670500522, 8.90611883800971, 8.905480784448057, 8.904842512631445, 8.904204025361496, 8.903565325425674, 8.902926415597285, 8.902287298636033, 8.901647977287633, 8.901008454283682, 8.900368732342141, 8.899728814167204, 8.899088702449367, 8.898448399865087, 8.89780790907757, 8.8971672327361, 8.89652637347644, 8.895885333920619, 8.895244116677759, 8.894602724342526, 8.893961159497076, 8.893319424709714, 8.892677522535452, 8.892035455515682, 8.891393226178865, 8.890750837040422, 8.89010829060147, 8.889465589351492, 8.88882273576555, 8.888179732306064, 8.887536581422522, 8.886893285551134, 8.886249847115565, 8.885606268525363, 8.88496255217849, 8.884318700459373, 8.883674715739467, 8.883030600377882, 8.882386356720316, 8.881741987100282, 8.881097493837839, 8.88045287924166, 8.87980814560659, 8.879163295214745, 8.878518330336407, 8.877873253229334, 8.87722806613845, 8.876582771295789, 8.875937370921633, 8.8752918672234, 8.874646262396759, 8.874000558624015, 8.873354758076255, 8.872708862910986, 8.87206287527489, 8.871416797301459, 8.870770631112505, 8.870124378817637, 8.86947804251297, 8.868831624285706, 8.868185126208262, 8.867538550341145, 8.866891898734133, 8.866245173424552, 8.865598376436939, 8.864951509785644, 8.864304575471998, 8.863657575485405, 8.863010511804275, 8.862363386393982, 8.861716201217625, 8.861068958329145, 8.860421659690486, 8.859774307218547, 8.85912690281718, 8.858479448378423, 8.857831945784312, 8.857184396902591, 8.85653680359355, 8.855889167702783, 8.855241491065707, 8.854593775505784, 8.853946022836631, 8.853298234858684, 8.852650413362872, 8.852002560127044, 8.851354676918708, 8.850706765494952, 8.850058827601469, 8.849410864970059, 8.848762879326024, 8.848114872378707, 8.847466845831073, 8.846818801372718, 8.846170740680906, 8.845522665424248, 8.844874577258997, 8.844226477830743, 8.84357836877458, 8.84293025171461, 8.842282128263319, 8.84163400002383, 8.840985868586143, 8.840337735532005, 8.839689602431411, 8.839041470841108, 8.838393342311342, 8.837745218378782, 8.837097100570615, 8.836448990401589, 8.835800889379506, 8.835151496931555, 8.83450345533081, 8.833855427214996, 8.833207414039213, 8.832559417249072, 8.831911438278398, 8.831263478552987, 8.830615539488218, 8.829967622490159, 8.829319728953775, 8.828671860264889, 8.82802401779936, 8.82737620292332, 8.826728416993204, 8.826080661354306, 8.82543293734291, 8.824785246286432, 8.824137589501156, 8.823489968292874, 8.822842383959411, 8.822194837787595, 8.821547331054482, 8.82089986502731, 8.82025244096351, 8.819605060111428, 8.818957723708387, 8.818310432983465, 8.817663189154223, 8.817015993430253, 8.816368847010612, 8.815721751084057, 8.815074706831332, 8.814427715422584, 8.81378077801767, 16.715468111452786, 12.055519008174317, 16.22034409290031, 10.601625091391522, 9.530866692756176, 13.187000745874162, 11.653552620830856, 8.914300037694385, 9.879752365075236, 11.512741512460101, 10.697669286465226, 9.031186270137773, 9.165231531155067, 10.389003476625577, 10.211531777874756, 9.072393783043218, 8.918672335968976, 9.67164523831325, 9.850292382288261, 9.199589579521215, 8.805056540453775, 9.202284652165282, 9.522281605344036, 9.167719709708225, 8.808178819757162, 8.99704771577755, 9.267005560251185, 9.115070675187267, 8.828820208417746, 8.884488288422487, 9.09821358516822, 9.03125761840382, 8.82602518611116, 8.850532535571576, 8.995849202203477, 8.96120004784989, 8.821305480205721, 8.83212227742996, 8.9334072810829, 8.903508551342453, 8.809194078900477, 8.829903369476375, 8.894227888077312, 8.861653848579708, 8.802551177536902, 8.828669480151573, 8.866076377683155, 8.830539136037922, 8.800253817689214, 8.829530925482281, 8.842922703724058, 8.811028060025647, 8.802716505916122, 8.827067739201341, 8.82323587892019, 8.8007512063835, 8.807501900701148, 8.820785954604704, 8.808212311230674, 8.798899827937971, 8.81020685182836, 8.811419485972921, 8.79959376835253, 8.801475635546982, 8.808618975848914, 8.802436390797304, 8.79771385164385, 8.803503294398752, 8.803325480305986, 8.79739930191177, 8.799293417033313, 8.8020753491246, 8.798044844586128, 8.796886385073973, 8.799878303548242, 8.798256889987115, 8.795869678889336, 8.797757312534545, 8.797807795736485, 8.795472427761972, 8.796129981596438, 8.796921830527655, 8.79518685583679, 8.794999813658334, 8.795888710363698, 8.794808623278184, 8.794193523523385, 8.794892089028842, 8.79429827894594, 8.79355929203899, 8.793995486753476, 8.793697941779172, 8.792989746886867, 8.793200685956844, 8.793051116514683, 8.792432630206067, 8.792483370328684, 8.792389331395805, 8.791867237137618, 8.791816048060666, 8.79172917756986, 8.79128815272521, 8.791177924663023, 8.791075771907934, 8.790696964900008, 8.790554254222762, 8.790429810860093, 8.79009590817739, 8.789936347211404, 8.78978885125232, 8.789487354502457, 8.789318783727802, 8.789150667211013, 8.78887258776961, 8.788698549669155, 8.788512846111539, 8.78825240721094, 8.788073828760352, 8.787873841488192, 8.78762703457719, 8.78744356557628, 8.7872324235467, 8.786996437027776, 8.786807189505906, 8.7865879035033, 8.786360370640251, 8.786164413263906, 8.785939811257363, 8.785718490679303, 8.785515246182872, 8.785287840708746, 8.785070427817566, 8.784859868212887, 8.78463170987623, 8.784415854727845, 8.784198625172763, 8.78397107200392, 8.783754584343985, 8.783531912702585, 8.783305507511391, 8.783086613320599, 8.782860073696769, 8.782634548507103, 8.782412162081972, 8.782183311592219, 8.78195777064897, 8.781731605168334, 8.78150161114158, 8.78127491044105, 8.781045390428666, 8.780814775570612, 8.780585922250742, 8.780353872960111, 8.780122513571548, 8.779891000248162, 8.779657235199089, 8.77942458010507, 8.77919045689387, 8.7789554448618, 8.77872090411864, 8.778484603026113, 8.778248347025428, 8.77801159870834, 8.777773602622368, 8.777535802183824, 8.777296902269462, 8.77705745993593, 8.776817791444309, 8.776577026209061, 8.776336090503479, 8.776094442646352, 8.775852072707888, 8.775609442414332, 8.775365933590262, 8.775122030786115, 8.774877572612612, 8.774632395620138, 8.77438686629881, 8.774140611669228, 8.773893865683675, 8.773646608178659, 8.773398684134461, 8.773150337412472, 8.772901353116552, 8.772651848015725, 8.772401835753458, 8.77215120856542, 8.771900118306913, 8.771648438786023, 8.771396237405268, 8.771143524923367, 8.770890237721416, 8.770636467562882, 8.770382137140762, 8.770127293042117, 8.769871935555672, 8.76961603337793, 8.769359639804767, 8.76910270658131, 8.768845269394399, 8.76858732025668, 8.768328849217724, 8.76806988439046, 8.767810397090166, 8.767550414479258, 8.767289924908386, 8.767028931054163, 8.766767444533825, 8.766505451068353, 8.766242969422258, 8.765979988687004, 8.765716517279438, 8.76545255692898, 8.76518810376364, 8.76492316850867, 8.764657744026946, 8.764391839288717, 8.76412545164319, 8.76385858357185, 8.763591239358702, 8.76332341666087, 8.763055121854654, 8.762786352130668, 8.762517112352326, 8.762247403093877, 8.761977225797983, 8.761706583444495, 8.76143547535377, 8.761163905787962, 8.760891874486349, 8.760619384463824, 8.760346436464467, 8.760073032054711, 8.759799173047833, 8.759524821752546, 8.759250019109789, 8.75897476582408, 8.75869906423841, 8.758422915308067, 8.758146320805853, 8.757869282554173, 8.757591801787138, 8.757313880443327, 8.757035519502484, 8.756756721047099, 8.756477486305881, 8.756197817018595, 8.755917714522315, 8.755637180324463, 8.755356216105735, 8.755074823205335, 8.754793003274493, 8.754510757561924, 8.754228087769, 8.753944995254395, 8.753661481569317, 8.75337754808926, 8.753093196254513, 8.752808427541858, 8.752523243341871, 8.752237645142156, 8.751951634290414, 8.751665212303278, 8.751378380541839, 8.751091140468573, 8.750803882304613, 8.750515876434456, 8.750227468642255, 8.749938660269047, 8.749650099404123, 8.749360470480458, 8.749070433952808, 8.74877999166961, 8.748489145461509, 8.748197897100798, 8.747906248342646, 8.747614200903184, 8.747321756482153, 8.747028916736987, 8.746735683315205, 8.746442057839479, 8.746148041910114, 8.74585363709848, 8.7455588449645, 8.745263667057488, 8.74496810490288, 8.744672160004923, 8.744375833853992, 8.744079127936866, 8.743782043720753, 8.743484582654888, 8.743186746173949, 8.742888535710632, 8.742589952683527, 8.742290998494743, 8.741991674533127, 8.741691982183678, 8.741391922821812, 8.741091497808313, 8.740790708490934, 8.740489556212806, 8.740188042308631, 8.739886168100405, 8.739583934897965, 8.739281344005116, 8.738978396717014, 8.738675094316898, 8.738371438078278, 8.738067429264843, 8.737763069132361, 8.737458358924888, 8.73715329987607, 8.736847893209989, 8.736542140139884, 8.73623604186811, 8.735929599586619, 8.735622814475695, 8.735315687704757, 8.73500822043091, 8.73470041380065, 8.734392268948886, 8.73408378699778, 8.733774969057043, 8.73346581622635, 8.733156329593067, 8.732846510231777, 8.732536359205428, 8.732225877566842, 8.73191506635797, 8.731603926608557, 8.731292459337917, 8.730980665556963, 8.730668546267376, 8.730356102460513, 8.73004333511937, 8.72973024522088, 8.729416833734776, 8.729103101623096, 8.728789049841916, 8.728474679343584, 8.728159991075485, 8.727844985979566, 8.727529664994192, 8.727214029055535, 8.726898079096713, 8.726581816047071, 8.726265240833786, 8.725948354382973, 8.72563115761859, 8.725313651461589, 8.724995836831711, 8.724677714647699, 8.724359285826313, 8.724040551281941, 8.723721511927494, 8.723402168674836, 8.72308252243367, 8.722762574110952, 8.72244232461233, 8.722121774841726, 8.721800925700329, 8.721479778086358, 8.721158332896543, 8.72083659102495, 8.720514553362763, 8.720192220797843, 8.719869594215668, 8.71954667449885, 8.719223462526537, 8.718899959174413, 8.718576165315174, 8.718252081818337, 8.717927709549208, 8.717603049369986, 8.717278102139334, 8.716952868712456, 8.716627349940016, 8.716301546670055, 8.71597545974626, 8.715649090009036, 8.715322438294669, 8.714995505435938, 8.714668292262472, 8.714340799599903, 8.714013028269845, 8.713684979091243, 8.713356652879297, 8.713028050445343, 8.712699172597633, 8.712370020141025, 8.712040593877218, 8.711710894604593, 8.711380923117552, 8.711050680208565, 8.710720166665944, 8.710389383274977, 8.710058330818153, 8.709727010074715, 8.709395421820822, 8.709063566829482, 8.708731445870756, 8.708401525721358, 8.708068778919655, 8.707735767530368, 8.707402492607995, 8.707068955201002, 8.706735156265928, 8.706401096718437, 8.706066777570868, 8.705732199773019, 8.705397364206162, 8.705062271777452, 8.704726923428517, 8.704391320036555, 8.704055462439065, 8.703719351527623, 8.703382988173162, 8.703046376221003, 8.702709514806342, 8.702372403279467, 8.70203504243813, 8.701697433055186, 8.701359575922833, 8.701021471829355, 8.700683121535398, 8.700344525795648, 8.700005685380255, 8.699666622346863, 8.699327296201158, 8.69898772731999, 8.69864791645517, 8.698307864340347, 8.697967571708787, 8.697627039452247, 8.69728626835819, 8.696945259143105, 8.696604012524054, 8.696262529218526, 8.695920809931817, 8.695578855362227, 8.695236666210858, 8.694894242766736, 8.694551582967891, 8.694208687052654, 8.693865555781628, 8.69352218990018, 8.69317859014195, 8.692834757235442, 8.692490691897463, 8.692146394832076, 8.691801866737116, 8.691457108303194, 8.691112120208944, 8.690766903124704, 8.690421457716036, 8.690075784638786, 8.689729884539322, 8.689383758059332, 8.689037405833474, 8.688690828487186, 8.688344026639884, 8.687997000906181, 8.6876497518925, 8.687302280198248, 8.686954586418715, 8.686606671142695, 8.686258534951584, 8.685910178422299, 8.68556160212684, 8.685212806630098, 8.684863792491994, 8.684514560268154, 8.684165110508253, 8.68381544375625, 8.683465560552262, 8.683115461431315, 8.68276514692268, 8.682414617551403, 8.682063873838551, 8.68171291629959, 8.681361745445416, 8.681010361783349, 8.68065876581567, 8.68030695803989, 8.67995493893779, 8.679602708939859, 8.679250268522791, 8.678897618167575, 8.67854475835123, 8.678191689526598, 8.677838411934097, 8.677484925986775, 8.677131232162289, 8.676777330934188, 8.67642322277217, 8.676068908141929, 8.675714387504295, 8.675359661316657, 8.675004730032091, 8.674649594098916, 16.060747753112505, 13.138372372799942, 15.950653995503195, 9.755981645530225, 10.194356500825053, 13.432140285210723, 10.715013120297744, 8.67396843309687, 10.48355890734199, 11.524645495169993, 9.997013878838308, 8.670515582095423, 9.560399445291436, 10.50559943251296, 9.643482742539478, 8.68432391153683, 9.118289568453115, 9.812893314990683, 9.503329384372941, 8.773215907621118, 8.802728003426992, 9.347773217962443, 9.298797010456333, 8.783409317795961, 8.718927696988404, 9.073072535187645, 9.12193074658294, 8.795220157212967, 8.675642681923415, 8.906583977104107, 8.979693842257811, 8.757896785284155, 8.670858425617574, 8.825574526948209, 8.875383489189632, 8.727943125976442, 8.668128618785827, 8.776818817007667, 8.801835010004309, 8.694457890900628, 8.672574086621848, 8.750428272556576, 8.748536094953264, 8.674335126685229, 8.67702081475651, 8.729790111513635, 8.708976986969066, 8.662843400946986, 8.683733114897878, 8.710691427064754, 8.681717836376308, 8.661638202702731, 8.686542637639967, 8.691402785750157, 8.66540758682619, 8.666443611867303, 8.68409557092614, 8.674179495972464, 8.66041459611494, 8.671241960551576, 8.675923093218303, 8.662891783941369, 8.662644909511037, 8.67158011281159, 8.666114660443581, 8.659698134832798, 8.665786713548563, 8.666697973500323, 8.659973029960133, 8.661553676534744, 8.665127488805297, 8.660887951060086, 8.659335321640116, 8.662798305011648, 8.661201458770684, 8.658518356483013, 8.660696975132366, 8.660835494254076, 8.658285061109444, 8.659153840722302, 8.660054964211342, 8.658146942640947, 8.658133664640642, 8.65915243506396, 8.657922227761244, 8.657445958026246, 8.658296515711355, 8.65757432440552, 8.656942753824454, 8.657545387015382, 8.657146076322334, 8.65651622568222, 8.656897960247553, 8.656674175790453, 8.65611506805596, 8.656331815017825, 8.656189499444679, 8.655715616535756, 8.65582002339322, 8.655705941356857, 8.655310383039128, 8.655342894249848, 8.655229974031268, 8.654898584418076, 8.654885127640977, 8.654761978619465, 8.654481042133254, 8.65443785565046, 8.65430093966061, 8.654059057824144, 8.65399474173474, 8.653844718138911, 8.653633321574292, 8.653552421301946, 8.653391795360877, 8.653204101637229, 8.653108498296609, 8.652940621853709, 8.652771301805902, 8.652661873857928, 8.652490332773507, 8.652334479357659, 8.65221185500165, 8.652040020109673, 8.651893194477074, 8.651758427297205, 8.651589060123818, 8.651446895944476, 8.651301733876835, 8.651136657685315, 8.650995325235359, 8.650842227263007, 8.65068200830276, 8.650538370547823, 8.650380221850115, 8.650224233864913, 8.650076348189522, 8.649915948600482, 8.649762512984296, 8.649609744605902, 8.649449268443758, 8.64929629257447, 8.649139252980799, 8.648979784288796, 8.64882532675148, 8.648665406299317, 8.648506906450395, 8.648349811323085, 8.648188515892253, 8.648030071778983, 8.647870153458872, 8.647708508007538, 8.647548985626848, 8.647386850860393, 8.647225062357709, 8.647063655010644, 8.646900180261452, 8.646737813362963, 8.646574377757183, 8.646410154622002, 8.646246547682482, 8.646081467053016, 8.645916568575862, 8.645751330519102, 8.64558510623563, 8.645419198379146, 8.645252368186405, 8.645085252640806, 8.644917987723689, 8.644749866833866, 8.644581757728316, 8.644413036466808, 8.644243871877135, 8.644074537457202, 8.643904511717235, 8.643734308642713, 8.643563629963081, 8.643392486322979, 8.643221107534002, 8.643049156747615, 8.642876932119016, 8.642704282235265, 8.64253118827297, 8.642357803166504, 8.642183920584428, 8.642009719191615, 8.64183510876969, 8.641660081020213, 8.641484724023877, 8.641308915466745, 8.641132767180588, 8.640956215688261, 8.640779268827306, 8.640601968865447, 8.640424247403374, 8.640246175262305, 8.640067704452061, 8.639888853744644, 8.639709635905612, 8.639530017876922, 8.639350042112087, 8.639169673749949, 8.638988935144456, 8.638807822362521, 8.638626325138617, 8.638444465038706, 8.638262220153091, 8.638079610058373, 8.637896624101504, 8.637713265032826, 8.637529539802252, 8.63734543837437, 8.637160973645178, 8.636976135459049, 8.636790931570774, 8.63660536063541, 8.63641942147746, 8.636233119567462, 8.636046449199574, 8.6358594173724, 8.635672020260344, 8.635484261145281, 8.63529614018381, 8.635107656599804, 8.634918813965015, 8.634729609889765, 8.634540047985496, 8.634350126555875, 8.634159847672002, 8.633969211874131, 8.633778219306171, 8.633586871752668, 8.63339516838059, 8.63320311145604, 8.633010700519579, 8.632817937089312, 8.632624821358524, 8.632431354023531, 8.632237536209992, 8.632043368073669, 8.631848850907424, 8.631653984696783, 8.631458770733103, 8.631263209364109, 8.631067301484535, 8.630871047661067, 8.63067444848049, 8.63047750483861, 8.630280217167105, 8.630082586377137, 8.629884612849308, 8.629686297507137, 8.629487640904143, 8.62928864379552, 8.62908930677544, 8.62888963049417, 8.628689615715734, 8.628489263030266, 8.628288573171472, 8.6280875466807, 8.627886184334614, 8.627684486736882, 8.627482454591405, 8.627280088488762, 8.627077389108956, 8.626874357125395, 8.626670993179024, 8.626467297918772, 8.626263271956487, 8.626058915987562, 8.625854230634053, 8.625649216554661, 8.625443874349914, 8.625238204690103, 8.62503220820856, 8.624825885547123, 8.624619237317972, 8.624412264157307, 8.624204966708449, 8.623997345596704, 8.623789401442378, 8.62358113485931, 8.623372546487573, 8.623163636944527, 8.62295440684905, 8.62274485680462, 8.622534987438938, 8.622324799366249, 8.622114293198129, 8.621903469533677, 8.62169232898594, 8.62148087216547, 8.621269099675777, 8.621057012111923, 8.620844610074403, 8.620631894167293, 8.62041886498684, 8.620205523122829, 8.619991869165638, 8.619777903711102, 8.619563627348326, 8.619349040661142, 8.61913414423087, 8.618918938644631, 8.618703424484108, 8.61848760232641, 8.618271472745018, 8.618055036317612, 8.617838293618762, 8.617621245218016, 8.617403891681258, 8.617186233577243, 8.616968271472631, 8.616750005929473, 8.616531437506024, 8.616312566762344, 8.616093394256787, 8.615873920543857, 8.615654146174029, 8.615434071698733, 8.615213697668162, 8.614993024628664, 8.614772053123293, 8.614550783694765, 8.614329216884995, 8.614107353232454, 8.613885193272035, 8.613662737538332, 8.613439986564812, 8.613216940881657, 8.612993601015956, 8.61276996749382, 8.612546040836545, 8.612321821556913, 8.612097310173978, 8.611872507206037, 8.611647413169988, 8.611422028579987, 8.611196353947244, 8.610970389781812, 8.61074413659217, 8.610517594883976, 8.610290765160455, 8.61006364792316, 8.609836243672255, 8.609608552904994, 8.609380576116221, 8.609152313799335, 8.608923766445773, 8.608694934544577, 8.608465818582205, 8.608236419043719, 8.608006736412058, 8.607776771172233, 8.607546523811031, 8.607315994805136, 8.607085184629325, 8.60685409375555, 8.606622722653569, 8.60639107179176, 8.606159141636034, 8.605926932649956, 8.605694445294972, 8.605461680030833, 8.605228637314942, 8.604995317602446, 8.60476172134642, 8.60452784899795, 8.604293701006013, 8.604059277817226, 8.603824579876164, 8.60358960762541, 8.603354361505511, 8.603118841954315, 8.602883049408108, 8.602646984300973, 8.602410647064719, 8.602174038128867, 8.601937157921157, 8.601700006867112, 8.601462585389939, 8.60122489391076, 8.600986932848672, 8.600748702620754, 8.600510203641498, 8.60027143632375, 8.600032401077987, 8.59979309831259, 8.599553528433752, 8.599313691845552, 8.599073588950079, 8.598833220147181, 8.598592585834432, 8.598351686407483, 8.598110522259843, 8.597869093782736, 8.597627401365393, 8.597385445394874, 8.597143226256097, 8.596900744331883, 8.596658000002813, 8.596414993647477, 8.596171725642389, 8.595928196361657, 8.595684406177593, 8.59544035546013, 8.595196044211603, 8.594951473088175, 8.594706642515881, 8.59446155285627, 8.594216204468834, 8.593970597710728, 8.593724732937321, 8.593478610501581, 8.593232230754587, 8.592985594045171, 8.592738700720092, 8.592491551124093, 8.592244145599583, 8.591996484487067, 8.591748568124935, 8.591500396849368, 8.591251970994545, 8.591003290892605, 8.59075435687336, 8.590505169264786, 8.590255728392561, 8.590006034580444, 8.589756088149976, 8.589505889420677, 8.589255438709946, 8.5890047363332, 8.588753782603629, 8.58850257783243, 8.588251122328673, 8.587999416399464, 8.587747460349705, 8.587495254482247, 8.587242799097977, 8.586990094495642, 8.586737140971799, 8.586483938821225, 8.586230488336279, 8.585976789807676, 8.585722843523703, 8.585468649726234, 8.585214208718796, 8.584959520807818, 8.584704586273695, 8.584449405394516, 8.58419397844656, 8.583938305703994, 8.583682387438776, 8.58342622392103, 8.58316981541878, 8.582913162198105, 8.58265626452292, 8.582399122655113, 8.582141736854735, 8.581884107379727, 8.58162623448583, 8.581368118426326, 8.581109759453113, 8.58085115781621, 8.580592313763278, 8.580333227540496, 8.580073899391627, 8.579814329558552, 8.579554518281187, 8.57929446579738, 8.579034172343123, 8.578773638152198, 8.578512863456568, 8.57825184848617, 8.57799059346904, 8.577729098630899, 8.577467364195977, 8.577205390386125, 8.576943177421402, 8.576680725519944, 8.576418034897777, 8.57615510576909, 8.575891938346153, 8.575628532839085, 8.575364889456274, 8.57510100840403, 8.574836889886718, 8.574572534106787, 8.574307941264788, 8.574043111559236, 8.573778045186824, 8.5735127423422, 8.573247203218136, 8.572981428005535, 8.572715416893292, 8.572449170068317, 8.572182687715792, 8.571915970018807, 8.571649017158736, 8.571381829314724, 18.28382536893079, 11.696771073260186, 17.72711150826457, 11.694302371936343, 8.806662352108683, 13.195364378821221, 12.85627713434422, 9.193863722022394, 9.092617413896212, 11.325009405088466, 11.443388287910539, 9.519752654152699, 8.575389465199533, 9.742591125381482, 10.549190420015728, 9.578421396568723, 8.589496744390617, 8.978001927870283, 9.741362964678503, 9.575891599017536, 8.804520053401534, 8.600577823319592, 9.122037405239924, 9.339724216550582, 8.888643061726045, 8.559818370532092, 8.798050580895998, 9.071008570381329, 8.903365788277727, 8.595574201972143, 8.631739366022641, 8.864900065237062, 8.836608539875082, 8.612752829532546, 8.583795349023083, 8.739151285455632, 8.762394932977521, 8.618386898789783, 8.565385263199788, 8.665985738443693, 8.699876810149487, 8.603727113522563, 8.56257656696222, 8.62954834755464, 8.653719844907053, 8.589407600688313, 8.56156777386428, 8.608420986365598, 8.621187816929314, 8.574761939505779, 8.562853670576542, 8.596594766691148, 8.597768102282044, 8.565262210613387, 8.564435504005516, 8.587649229108752, 8.580595621269557, 8.559621344743668, 8.566719665062339, 8.579679880012181, 8.568533517099667, 8.55813119267202, 8.567815013116705, 8.57182566103302, 8.560905305052271, 8.559210241886975, 8.567141009947056, 8.56463557038211, 8.557626192991856, 8.560860653325545, 8.564343790075826, 8.559335656524125, 8.557431872581354, 8.56137011515061, 8.560496730252057, 8.556830173000211, 8.558362764096682, 8.559990180454044, 8.55732455711424, 8.556606671726046, 8.558532188133919, 8.557620015773766, 8.555953909451445, 8.557031703477904, 8.55733896146731, 8.55581579583979, 8.555934726643626, 8.556671584006917, 8.555731621991727, 8.555251090208767, 8.555896732489686, 8.555509015368132, 8.554830504816476, 8.555187987289711, 8.555147622082695, 8.55451630320892, 8.554597818869063, 8.554705507554344, 8.554216101297406, 8.554112752767146, 8.554239463180513, 8.55389460568043, 8.553695236601383, 8.553782306643619, 8.553546103176801, 8.55331405899027, 8.553345852161703, 8.55317849063692, 8.552947576769206, 8.55292997174136, 8.552799942367992, 8.55258466359827, 8.552530057389843, 8.552416832849456, 8.552220295975415, 8.552140551687872, 8.552032449098736, 8.551852826328512, 8.551757158851437, 8.551648244835302, 8.551482119946128, 8.551376630231651, 8.551264426131091, 8.55110844615816, 8.550997001312517, 8.550880757543409, 8.550732184592993, 8.550616939946027, 8.550496773311787, 8.550353581377232, 8.550235725214492, 8.550112077842009, 8.549972804510988, 8.54985286183381, 8.549726297070348, 8.549589917668492, 8.54946810551628, 8.54933919156788, 8.549204931245436, 8.549081272636514, 8.548950553359123, 8.548817816718113, 8.548692296035373, 8.548560263741608, 8.548428517484258, 8.548301120238124, 8.548168206494209, 8.54803697814564, 8.547907757453915, 8.547774302759482, 8.547643133044796, 8.547512213715082, 8.547378458563683, 8.547246945384247, 8.547114530871983, 8.54698058572716, 8.54684838367015, 8.546714726496987, 8.546580587885801, 8.546447458828444, 8.546312820397079, 8.546178372438806, 8.546044188227357, 8.545908794788426, 8.545773866157875, 8.545638617943682, 8.54550261426881, 8.545367014324285, 8.545230779482203, 8.545094218771224, 8.544957801434624, 8.544820699340718, 8.544683542441112, 8.5445462287935, 8.544408370546146, 8.544270531393634, 8.54413232036467, 8.54399376563698, 8.54385514857723, 8.54371608931744, 8.543576840386676, 8.54343738637455, 8.543297538459688, 8.543157550251522, 8.543017246504435, 8.542876647190496, 8.542735867013016, 8.542594736945015, 8.542453383510122, 8.542311776012637, 8.542169851069355, 8.542027716308956, 8.54188527734898, 8.541742570859201, 8.541599622817133, 8.541456367225331, 8.541312870936112, 8.541169094736837, 8.541025035695881, 8.540880728179618, 8.5407361262288, 8.540591263998264, 8.540446129864543, 8.540300710334174, 8.540155032169844, 8.540009067840426, 8.539862833050927, 8.539716326585319, 8.53956953575826, 8.539422478156473, 8.539275138083385, 8.53912752259054, 8.538979633067905, 8.53883146038602, 8.538683015343265, 8.538534288863842, 8.538385284413373, 8.538236003249574, 8.53808643954752, 8.537936599771207, 8.537786478408824, 8.537636077548484, 8.537485397698013, 8.537334435454675, 8.53718319462319, 8.537031671690151, 8.536879868189963, 8.536727783976913, 8.536575417280464, 8.536422770254083, 8.536269840627298, 8.536116629622317, 8.535963136707359, 8.535809361159924, 8.535655304083422, 8.535500964076292, 8.535346342082661, 8.53519143744449, 8.535036250065863, 8.534880780389187, 8.534725027660906, 8.534568992536927, 8.534412674433165, 8.534256073571417, 8.534099190017114, 8.533942023489464, 8.533784574371483, 8.533626842274986, 8.533468827520682, 8.53331053001775, 8.53315194979183, 8.532993087014109, 8.532833941531761, 8.532674513632061, 8.532514803228494, 8.532354810499593, 8.53219453550225, 8.532033978284808, 8.531873139053955, 8.531712017817087, 8.531550614789342, 8.531388930014778, 8.531226963665947, 8.531064715889428, 8.530902186803122, 8.530739376602085, 8.530576285386429, 8.530412913374281, 8.530249260704567, 8.530085327571895, 8.529921114151161, 8.529756620616693, 8.529591847186767, 8.529426794035864, 8.529261461388801, 8.529095849430263, 8.52892995838649, 8.528763788472304, 8.528597339907227, 8.528430612921351, 8.528263607732693, 8.528096324588182, 8.527928763716291, 8.527760925365818, 8.527592809773829, 8.527424417191325, 8.527255747871955, 8.527086802068176, 8.526917580040434, 8.526748082043964, 8.526578308347919, 8.526408259215476, 8.526237934918221, 8.52606733572433, 8.525896461908358, 8.52572531374752, 8.525553891519102, 8.525382195503923, 8.525210225981866, 8.525037983239061, 8.524865467559948, 8.524692679232885, 8.524519618545082, 8.52434628578733, 8.524172681251477, 8.523998805230152, 8.523824658017363, 8.523650239907354, 8.523475551197016, 8.52330059218271, 8.523125363162698, 8.522949864434628, 8.522774096298168, 8.522598059052976, 8.522421752999355, 8.522245178437693, 8.522068335668902, 8.52189122499481, 8.52171384671676, 8.521536201136497, 8.521358288555776, 8.52118010927681, 8.521001663601266, 8.520822951831077, 8.520643974267973, 8.520464731213359, 8.520285222968711, 8.520105449834931, 8.519925412112851, 8.51974511010238, 8.519564544103902, 8.519383714416229, 8.519202621338682, 8.519021265169208, 8.51883964620559, 8.518657764744956, 8.518475621083256, 8.518293215516566, 8.518110548339447, 8.517927619845553, 8.517744430328655, 8.517560980080923, 8.517377269393366, 8.51719329855677, 8.517009067860565, 8.51682457759305, 8.516639828042052, 8.516454819493644, 8.516269552233313, 8.516084026545157, 8.515898242712282, 8.51571220101671, 8.515525901739208, 8.51533934515919, 8.51515253155513, 8.514965461204064, 8.514778134381825, 8.514590551362955, 8.514402712420788, 8.514214617827394, 8.514026267852886, 8.513837662767088, 8.51364880283779, 8.513459688331551, 8.513270319513111, 8.513080696646718, 8.51289081999444, 8.512700689817326, 8.512510306374697, 8.512319669924766, 8.512128780723842, 8.511937639027105, 8.511746245088316, 8.51155459915943, 8.511362701491025, 8.511170552332452, 8.510978151930942, 8.510785500532897, 8.510592598382761, 8.510399445723554, 8.510206042796838, 8.510012389842293, 8.50981848709854, 8.50962433480236, 8.509429933188914, 8.509235282492313, 8.509040382944157, 8.508845234775444, 8.508649838214886, 8.508454193489925, 8.50825830082665, 8.508062160449096, 8.507865772580036, 8.507669137440283, 8.507472255247801, 8.507275126220707, 8.507077750575457, 8.506880128526708, 8.506682260287937, 8.50648414607052, 8.506285786084709, 8.506087180538854, 8.505888329640154, 8.505689233593488, 8.505489892602792, 8.505290306869849, 8.505090476595608, 8.504890401978825, 8.504690083216651, 8.504489520504887, 8.504288714037745, 8.504087664007606, 8.503886370605793, 8.50368483402125, 8.503483054442079, 8.503281032054417, 8.503078767042695, 8.502876259590257, 8.502673509878235, 8.502470518086968, 8.502267284394604, 8.502063808977582, 8.501860092011553, 8.501656133669675, 8.501451934124415, 8.501247493546005, 8.501042812103456, 8.50083788996423, 8.500632727293883, 8.500427324257078, 8.500221681016098, 8.500015797732386, 8.49980967456547, 8.499603311673598, 8.499396709213052, 8.49918986733905, 8.498982786204946, 8.498775465962904, 8.498567906762883, 8.49836010875449, 8.498152072084554, 8.497943796899015, 8.497735283342244, 8.497526531557407, 8.49731754168545, 8.497108313866343, 8.496898848238457, 8.496689144938632, 8.496479204102185, 8.496269025863043, 8.496058610353277, 8.49584795770395, 8.49563706804468, 8.495425941503095, 8.495214578195524, 8.495002978223765, 8.494791141709975, 8.494579068776199, 8.49436675954252, 8.4941542141274, 8.493941432648468, 8.493728415221502, 8.493515161960893, 8.493301672979324, 8.493087948388812, 8.492873988298946, 8.492659792818719, 8.492445362054879, 8.492230696113715, 8.492015795099055, 8.49180065911384, 8.49158528825982, 8.491369682636881, 8.491153842343822, 8.490937767477407, 8.49072145813412, 8.490504914407781, 8.490288136391607, 8.490071124177156, 8.489853877854813, 8.489636397513122, 8.489418683239524, 8.489200735120283, 8.48898255323978, 8.488764137681551, 8.48854548852732, 8.488326605857342, 8.488107489751242, 8.487888140286366, 8.487668557539633, 8.487448741585592, 8.487228692498157, 8.487008410349809, 8.486787895211094, 8.486567147152032, 8.48634616624078, 8.486124952544257, 8.485903506128157, 8.485681827056577, 8.485459915392703, 13.166989691322833, 15.129612964920902, 13.153044035478475, 8.474876892265998, 12.293059222064677, 11.808303023915132, 8.646086515694007, 9.58688811202434, 11.236299726275616, 10.085078053184333, 8.524906067561075, 9.207705437742474, 10.24873355823117, 9.442175868579682, 8.48893813117819, 8.955472687490436, 9.608220428644131, 9.205573026588672, 8.522920671767881, 8.6968801910381, 9.201708996828431, 8.9913248692346, 8.512403994616918, 8.610159909576469, 8.946364546521883, 8.840557777959877, 8.51327896013263, 8.54879352410315, 8.787628729121975, 8.713844708754266, 8.491157333581537, 8.536626591801571, 8.69026398947275, 8.623172330541196, 8.478917582320689, 8.527742035815962, 8.625001540727578, 8.553603854742475, 8.470728252335626, 8.529754099601666, 8.575437868834404, 8.507954811926705, 8.472744362930941, 8.527331133367177, 8.534401626393747, 8.479612182993634, 8.482055266300947, 8.51971515410694, 8.500873266138335, 8.470096210864682, 8.490770601768034, 8.504390053204343, 8.4780627937727, 8.473222775359545, 8.49318963082028, 8.485974717489684, 8.469590702731436, 8.479941432166441, 8.486265604544379, 8.472474683260643, 8.471897454742402, 8.481554009741368, 8.475407420391953, 8.469017644242289, 8.475985914333585, 8.475992276160092, 8.46898316369208, 8.471849337012161, 8.47479618424253, 8.469659493093154, 8.46943444449782, 8.472902127009316, 8.470015515430182, 8.4682954230547, 8.47107327755814, 8.469912990907117, 8.467789457502505, 8.469619813011144, 8.469464564275563, 8.46752791077877, 8.468563671693614, 8.468867447906346, 8.467308897090122, 8.467803279597126, 8.468244467382736, 8.467057961534985, 8.467241650358075, 8.467656538917776, 8.466770207799094, 8.46679230332383, 8.467123013589012, 8.466452193235664, 8.466407643733852, 8.46663975504436, 8.466119602619356, 8.466054495163053, 8.466197077951257, 8.46578003331402, 8.465717639862865, 8.465783219009856, 8.465440195226678, 8.465386624306918, 8.465389359113406, 8.465101968601786, 8.465056764109873, 8.465008578391464, 8.464766479039744, 8.464724440999214, 8.464636649070062, 8.464433048933914, 8.464387830538085, 8.46427088252098, 8.464100560329092, 8.464045714992464, 8.463909848371976, 8.46376729868155, 8.463697759851165, 8.463552702240388, 8.463431314149647, 8.463344432173145, 8.463198629513395, 8.46309076938566, 8.46298678679112, 8.462846538696756, 8.462744233759766, 8.462626312152977, 8.462494809270375, 8.462391077761936, 8.462264368638701, 8.462141467626536, 8.462031635123175, 8.461901774405609, 8.461784559727375, 8.461667032743405, 8.46153845435545, 8.461422683622512, 8.461298778748198, 8.461173471019848, 8.46105537219465, 8.46092809006246, 8.460805450005374, 8.460683135990548, 8.46055541654607, 8.460433216150866, 8.460307019039085, 8.460180340102262, 8.460056324010607, 8.45992795938776, 8.459801969836459, 8.459675122660173, 8.459546263709923, 8.459419577148726, 8.459290358357855, 8.459161576641238, 8.459033023491957, 8.45890256896384, 8.458773309027245, 8.45864271026049, 8.458511762549888, 8.458381154041517, 8.458249121552278, 8.458117578829452, 8.457985269529775, 8.457852414196887, 8.457719724725473, 8.457586011355827, 8.457452397863342, 8.45731824236832, 8.457183557902445, 8.457048850271423, 8.456913378572084, 8.456777812439084, 8.456641778849344, 8.456505282907026, 8.456368623013951, 8.456231357873936, 8.456093900847803, 8.45595599924398, 8.455817696417343, 8.455679135563061, 8.455540069720834, 8.455400756576735, 8.455261010530034, 8.4551209057852, 8.454980483095055, 8.45483962296983, 8.454698477219916, 8.454556912931647, 8.454415013464237, 8.454272760942999, 8.454130117937492, 8.453987159286962, 8.453843801612056, 8.453700116382162, 8.453556062213316, 8.453411648335578, 8.453266896133188, 8.453121766817121, 8.452976306517357, 8.452830476183872, 8.452684302578508, 8.452537777071285, 8.452390893927516, 8.452243671531141, 8.452096087409068, 8.451948164848796, 8.451799886776204, 8.451651263937517, 8.451502294986188, 8.451352975542937, 8.451203315849249, 8.451053304860416, 8.450902954295673, 8.450752256062975, 8.450601215917299, 8.450449832950826, 8.450298105948328, 8.450146039608846, 8.449993629153314, 8.449840880575335, 8.449687789716556, 8.449534360489878, 8.449380591662994, 8.449226483989687, 8.44907203903213, 8.44891725538021, 8.44876213593466, 8.448606678796558, 8.448450886576925, 8.448294758169867, 8.448138295059453, 8.447981497383687, 8.447824365438391, 8.447666900301943, 8.447509101583577, 8.447350970747287, 8.447192507297954, 8.447033712538362, 8.446874586269601, 8.446715129389045, 8.446555342139, 8.446395224979353, 8.446234778497502, 8.446074002871226, 8.445912898875337, 8.445751466584646, 8.445589706770887, 8.445427619550664, 8.445265205599652, 8.445102465155305, 8.444939398744488, 8.444776006724924, 8.44461228950184, 8.444448247531087, 8.444283881132666, 8.44411919080132, 8.44395417682258, 8.44378883969924, 8.443623179718061, 8.4434571973509, 8.443290892904157, 8.44312426681567, 8.442957319421323, 8.442790051117244, 8.442622462259818, 8.442454553215683, 8.44228632435986, 8.442117776035237, 8.441948908619281, 8.441779722442341, 8.441610217883252, 8.441440395265714, 8.441270254958239, 8.441099797282163, 8.440929022598414, 8.44075793122891, 8.440586523521361, 8.440414799796752, 8.440242760393865, 8.44007040563474, 8.439897735847152, 8.439724751349864, 8.439551452463819, 8.439377839506665, 8.439203912791184, 8.439029672630125, 8.438855119330618, 8.438680253202959, 8.438505074548061, 8.43832958367024, 8.438153780866037, 8.437977666435843, 8.43780124067125, 8.437624503866651, 8.437447456309194, 8.437270098288904, 8.437092430088917, 8.436914451993362, 8.436736164280983, 8.436557567231503, 8.43637866111968, 8.436199446219595, 8.436019922801542, 8.435840091135505, 8.435659951487581, 8.435479504122537, 8.435298749302069, 8.435117687286741, 8.434936318334113, 8.434754642699984, 8.434572660637102, 8.434390372397514, 8.43420777822976, 8.43402487838108, 8.433841673095765, 8.433658162616632, 8.433474347184161, 8.433290227036792, 8.433105802410367, 8.432921073539294, 8.432736040655373, 8.432550703988543, 8.432365063766634, 8.432179120215343, 8.431992873558267, 8.431806324017014, 8.431619471811082, 8.431432317157915, 8.431244860272871, 8.431057101369463, 8.430869040658694, 8.43068067835015, 8.43049201465096, 8.430303049766481, 8.430113783899804, 8.429924217252257, 8.429734350023006, 8.429544182409288, 8.429353714606338, 8.429162946807505, 8.42897187920401, 8.428780511985202, 8.428588845338293, 8.428396879448794, 8.428204614500089, 8.428012050673605, 8.427818990598446, 8.427625828424885, 8.427432367912871, 8.427238609236225, 8.427044552567374, 8.426850198075911, 8.426655545929467, 8.426460596294733, 8.42626534933562, 8.42606980521481, 8.425873964091966, 8.425677826125742, 8.42548139147328, 8.425284660288725, 8.425087632724722, 8.424890308932488, 8.424692689061366, 8.424494773258006, 8.424296561667823, 8.424098054434532, 8.42389925169982, 8.423700153603217, 8.423500760282627, 8.423301071874215, 8.423101088512288, 8.422900810329201, 8.42270023745536, 8.422499370019736, 8.4222982081492, 8.422096751968821, 8.421895001601852, 8.421692957169991, 8.421490618792802, 8.421287986587894, 8.421085060671617, 8.420881841158353, 8.420678328160314, 8.420474521788384, 8.420270422151638, 8.42006602935701, 8.419861343509808, 8.419656364713731, 8.419451093070624, 8.419245528680626, 8.419039671641928, 8.41883352205112, 8.418627080003233, 8.418420345591228, 8.418213318906409, 8.418006000038572, 8.417798389075472, 8.417590486103258, 8.417382291206458, 8.41717380446765, 8.416965025968038, 8.416755955786664, 8.416546594001339, 8.41633694068788, 8.416126995920514, 8.415916759771598, 8.415706232312127, 8.415495413611051, 8.4152843037358, 8.41507290275234, 8.414861210724679, 8.414649227715046, 8.414436953784492, 8.414224388991927, 8.414011533394925, 8.41379838704911, 8.413584950008799, 8.413371222326433, 8.413157204052895, 8.412942895237254, 8.412728295927462, 8.41251340616918, 8.412298226006829, 8.412082755483253, 8.411866994639556, 8.411650943515191, 8.411434602148047, 8.411217970574496, 8.411001048829304, 8.410783836945473, 8.410566334954616, 8.410348542886709, 8.410130460770098, 8.409912088631692, 8.409693426496542, 8.409474474388302, 8.409255232329285, 8.409035700339851, 8.408815878439036, 8.408595766644355, 8.408375364971603, 8.408154673435206, 8.407933692047889, 8.407712420821106, 8.407490859764474, 8.407269008886379, 8.407046868193248, 8.406824437690581, 8.406601717381896, 8.406378707269383, 8.406155407353763, 8.405931817634217, 8.405707937784383, 8.405483767948503, 8.405259308293893, 8.405034558813886, 8.404809519500201, 8.40458419034335, 8.404358571332052, 8.404132662453566, 8.40390646369408, 8.403679975038, 8.403453196468199, 8.403226127966427, 8.402998769512818, 8.402771121086012, 8.402543182663244, 8.402314954220314, 8.402086435731666, 8.401857627170308, 8.401628528507759, 8.401399139714128, 8.401169460758181, 8.40093949160706, 8.400709232226939, 8.400478682582168, 8.40024784263595, 8.40001671234978, 8.399785291684207, 8.399553580598065, 8.39932157904888, 8.39908928699302, 8.398856704385123, 8.398623831178616, 8.398390667325586, 8.398157212776855, 8.3979234674816, 8.397689431387882, 8.397455104442388, 8.39722048659038, 8.396985577775796, 8.396750377941238, 8.396514887027983, 8.396279104975982, 8.396043031723856, 8.395806667209003, 8.395570011367026, 8.395333064132922, 8.395095825439874]