Model Setup for Atypical Patient 7:
ITERS=1000
LEARNING_RATE=0.001
OPT_RESET=500
ATOL=1e-09
RTOL=1e-07
METHOD=dopri5
Input channels=2
Hidden channels=11
Output channels=2
Runtime=64.11948895454407
Optimizer=Adam (
Parameter Group 0
    amsgrad: False
    betas: (0.9, 0.999)
    capturable: False
    differentiable: False
    eps: 1e-08
    foreach: None
    fused: None
    lr: 0.001
    maximize: False
    weight_decay: 0
)Loss over time=[5325.563628528649, 5236.883232895606, 5148.986122800101, 5061.934097106018, 4975.800086341672, 4890.665216709266, 4806.614527098844, 4723.731786780537, 4642.093814473923, 4561.764992418708, 4482.793033056958, 4405.208426546341, 4329.020925058471, 4254.224103480404, 4180.798399052972, 4108.713884214358, 4037.9336254202367, 3968.4164586685497, 3900.1192913927594, 3832.9969406973646, 3767.0079460441657, 3702.108026944191, 3638.2563275113584, 3575.4133881505545, 3513.5413644515343, 3452.6042049833327, 3392.567696765177, 3333.399519325825, 3275.0693194610753, 3217.548797745447, 3160.8117865435956, 3104.8342905479276, 3049.594459407631, 2995.072461246654, 2941.2502237751128, 2888.1110343413575, 2835.639059869944, 2783.818916602777, 2732.6354167431855, 2682.0735367913735, 2632.1185649223016, 2582.7563587087975, 2533.9736633579623, 2485.7584558958088, 2438.1002788837573, 2390.990517735847, 2344.4225668424638, 2298.3918277903717, 2252.8954940899, 2207.9321058616156, 2163.500904203397, 2119.6010663829024, 2076.2309447704015, 2033.3874281526043, 1991.065513056844, 1949.2581118398018, 1907.956064763441, 1867.1482896040834, 1826.8219976613611, 1786.9629224400421, 1747.555534497297, 1708.5832434502895, 1670.0286097140988, 1631.8736048092521, 1594.0999688523968, 1556.6897170581738, 1519.6258413071541, 1482.8932329218107, 1446.479815475255, 1410.377814127464, 1374.5850056033594, 1339.105716107496, 1303.9512874835893, 1269.1397632135224, 1234.6946790867687, 1200.643059342676, 1167.0129482371306, 1133.8309524341528, 1101.1202704004404, 1068.8995470614154, 1037.1826798778538, 1005.9794949994146, 975.2970615571589, 945.1413326683777, 915.5187830032112, 886.4377418482104, 857.9091974280552, 829.9469362785097, 802.5670307174568, 775.7868078739524, 749.6235284067651, 724.0930339531931, 699.2085843810175, 674.9800316305463, 651.4133835017373, 628.5107339682686, 606.2704866795314, 584.687776847243, 563.7549969577772, 543.4623527233667, 523.7983887101793, 504.7504559842398, 486.3051085984589, 468.4484247797333, 451.1662675477323, 434.44447932290774, 418.26902586398813, 402.62609882667016, 387.50218413173394, 372.8841033152463, 358.75903398869536, 345.1145145054261, 331.93843695253184, 319.219031725867, 306.9448462303748, 295.10471931053746, 283.68775613811727, 272.6832951144466, 262.08088949563245, 251.87027626502598, 242.04135183678508, 232.5841507287366, 223.48882697644467, 214.7456383762196, 206.34493372711276, 198.2771432201266, 190.53277247400248, 183.10239945847934, 175.97667445114212, 169.1463226616701, 162.60214912073243, 156.3350454345662, 150.3359979968782, 144.59609725891983, 139.10654760084824, 133.85867757063932, 128.84395009707129, 124.05397242595588, 119.4805055633687, 115.11547305748478, 110.95096899007852, 106.97926509307075, 103.19281693708386, 99.58426916829616, 96.14645979398996, 92.8724235373161, 89.75539429437491, 86.78880673943216, 83.96629692863834, 81.28170234072672, 78.72906192844258, 76.30261436501006, 73.99679623578702, 71.80623997835606, 69.72577097630821, 67.7504044136549, 65.87534183097006, 64.09596736750035, 62.40784375890042, 60.8067081383085, 59.28846767353303, 57.84919507512389, 56.48512400676968, 55.19264442661783, 53.96829788514631, 52.80877281824282, 51.71089981074708, 50.671646878671226, 49.688114809961846, 48.75753253403038, 47.87725237704542, 47.044745883288485, 46.25759936156073, 45.51350946621764, 44.810278954478676, 44.14581259264736, 43.518113087208114, 42.925277129154615, 42.36549160377564, 41.8370298792808, 41.338248205948815, 40.86758222629208, 40.423543596246994, 40.00471671695894, 39.60975557637282, 39.23738069951839, 38.88637620607292, 38.55558697323826, 38.243915825428594, 37.950321005184584, 37.673813677204116, 37.41345543199199, 37.168355947037846, 36.93767074050565, 36.72059901482916, 36.51638159100091, 36.324298923561166, 36.143669199414155, 35.973846517168916, 35.814219144472105, 35.66420784848555, 35.52326430021478, 35.3908695486827, 35.26653256145169, 35.149788720845386, 35.04019863978442, 34.93734692988533, 34.84084091003921, 34.75030944969149, 34.665401865744634, 34.58578687096123, 34.511151571798685, 34.44120051367159, 34.375654771681916, 34.31425108492114, 34.256741032507506, 34.202890249572654, 34.15247766121714, 34.10529478937755, 34.06114510356054, 34.019843357317086, 33.981214978676306, 33.94509549081441, 33.9113299614529, 33.879772479518756, 33.85028565762443, 33.82274015897488, 33.79701424750182, 33.77299333799085, 33.75056917749976, 33.72964010260403, 33.710110615135214, 33.691889701203294, 33.67491918846925, 33.659082849981814, 33.64432090201913, 33.630563989743806, 33.61772536960953, 33.605804796714786, 33.59470028333433, 33.58436017832854, 33.57473469043366, 33.56577710784549, 33.557443676947514, 33.54969364542531, 33.54248940423308, 33.535795445197955, 33.529567791141694, 33.52376468772221, 33.51837120103749, 33.513362831797416, 33.50871229932161, 33.50439424388811, 33.50038525874066, 33.49666363291436, 33.4932091670731, 33.490003040565504, 33.48702770586994, 33.48426679862421, 33.48170505763173, 33.47932825203629, 33.47712311414922, 33.47507727703287, 33.47317921625784, 33.47141819542333, 33.469784215124385, 33.46826796511146, 33.46686077942413, 33.465554594300656, 33.464341908694244, 33.46321574723586, 33.462169625496934, 33.461197517413325, 33.460293824743026, 33.45945334843693, 33.458671261810096, 33.45794308540613, 33.45726466345504, 33.45663214182921, 33.45604194740833, 33.45549076876878, 33.454975538118894, 33.45449341440353, 33.45404176750819, 33.45361816349571, 33.45322035081202, 33.452846247402064, 33.452493928679495, 33.4521616162975, 33.451847667670826, 33.45155056620207, 33.45126891216832, 33.45100141422601, 33.45074688149559, 33.45050421618811, 33.450272406739664, 33.45005052142135, 33.44983770239333, 33.44963316017428, 33.44943616849965, 33.44924605954296, 33.44906221947546, 33.448884084343206, 33.448711136239226, 33.44854289975138, 33.44837893866765, 33.448218852921016, 33.44806227575757, 33.44790887111374, 33.447758331186265, 33.44761037418355, 33.44746474224455, 33.44732119951411, 33.44717953036365, 33.44703953774654, 33.4469010416793, 33.44676387783929, 33.44662789627038, 33.44649296018906, 33.4463589448836, 33.44622573669976, 33.44609323210598, 33.44596133683298, 33.44582996508218, 33.445699038797066, 33.445568486993494, 33.44543824514438, 33.445308254614694, 33.4451784621421, 33.44504881936155, 33.44491928236821, 33.444789811317484, 33.444660370058514, 33.44453092579866, 33.444401448796185, 33.444271912079564, 33.44414229119071, 33.444012563950714, 33.44388271024539, 33.44375271183031, 33.44362255215231, 33.443492216187636, 33.44336169029373, 33.44323096207488, 33.44310002025972, 33.44296885459002, 33.44283745571994, 33.442705815123695, 33.44257392501276, 33.44244177826051, 33.442309368333504, 33.442176689230095, 33.44204373542398, 33.44191050181405, 33.44177698367856, 33.441643176633775, 33.44150907659705, 33.44137467975308, 33.44123998252394, 33.44110498154193, 33.440969673625155, 33.4408340557556, 33.44069812505958, 33.44056187879004, 33.440425314310964, 33.440288429083026, 33.44015122065113, 33.440013686633336, 33.4398758247104, 33.43973763261703, 33.43959910813417, 33.439460249081485, 33.43932105331143, 33.43918151870337, 33.439041643158866, 33.4389014245973, 33.43876085719265, 33.43861994083851, 33.43847867535145, 33.4383370586113, 33.43819508856837, 33.43805276325651, 33.437910080493026, 33.43776703837635, 33.43762363477257, 33.43747986762915, 33.43733573494502, 33.43719123462435, 33.43704636448865, 33.43690112258757, 33.43675550674217, 33.43660951488227, 33.43646314489039, 33.43631639461916, 33.436169261905334, 33.43602174458263, 33.435873840546215, 33.43572554756251, 33.435576863468974, 33.43542778601307, 33.435278313044506, 33.435128442259206, 33.43497817145716, 33.43482749834964, 33.43467642066266, 33.43452493609033, 33.43437304241574, 33.434220737253824, 33.434068018225815, 33.433914883018616, 33.433761329303024, 33.433607354657006, 33.433452956700165, 33.43329813305166, 33.43314288120125, 33.43298719882573, 33.43283108332952, 33.43267453236641, 33.43251754333875, 33.43236011383232, 33.43220224124957, 33.432043923074005, 33.43188515676933, 33.43172593973979, 33.43156626936982, 33.43140614313276, 33.43124555828258, 33.4310845122664, 33.43092300232711, 33.430761025940654, 33.43059858024167, 33.430435662600786, 33.43027227025453, 33.43010840039029, 33.42994405036854, 33.42977921725472, 33.429613898280294, 33.42944809061677, 33.429281791412485, 33.42911499779759, 33.428947706863504, 33.42877991571764, 33.42861162132356, 33.42844282082267, 33.42827351118409, 33.4281036894705, 33.42793335250747, 33.427762497438486, 33.42759112106285, 33.42741922033386, 33.427246792095744, 33.42707383324158, 33.42690034059212, 33.42672631100218, 33.426551741232295, 33.42637662804367, 33.42620096818046, 33.42602475832091, 33.42584799524764, 33.42567067555923, 33.42549279590554, 33.42531435289416, 33.425135343149805, 33.42495576322239, 33.424775609604666, 33.4245948788708, 33.42441356747097, 33.4242316718337, 33.424049188449445, 33.42386611365218, 33.42368244386444, 33.423498175439434, 33.42331330465059, 33.423127827789315, 33.42294174112015, 33.42275504085828, 33.42256772324419, 33.42237978440934, 33.422191220478496, 33.42200202755247, 33.42181220169635, 33.421621738993416, 33.42143063541655, 33.42123888697868, 33.42104648960081, 33.42085343917486, 33.42065973159915, 33.4204653627176, 33.42027032829051, 33.420074624228924, 33.41987824613713, 33.41968118977613, 33.419483450853186, 33.41928502491727, 33.41908590761624, 33.41888609455689, 33.41868558118237, 33.41848436305822, 33.41828243558297, 33.41807979419825, 33.417876434247134, 33.59929933569513, 33.41636980599849, 33.52830402136449, 33.501636636292105, 33.42065308650831, 33.398249766751015, 33.43596444070641, 33.455378339053695, 33.420515646395195, 33.37870643385639, 33.37580538500332, 33.39693111523016, 33.402221531358116, 33.38477427341265, 33.36156535901885, 33.350621552932594, 33.35674339154763, 33.36386727118097, 33.35558130222838, 33.338097579027504, 33.32733678610488, 33.3267809513367, 33.32858497762458, 33.32482354360929, 33.31385151451697, 33.30237945475893, 33.29782333737297, 33.29744751837353, 33.29345294336765, 33.284739282055014, 33.27556998219089, 33.269309974518244, 33.26603559456732, 33.26199018564501, 33.25428636505765, 33.245521346909165, 33.23905327319949, 33.234204089182604, 33.228713811582345, 33.22143778650901, 33.21323311825012, 33.20624423589626, 33.20054985089605, 33.194129639204085, 33.18640810297396, 33.17842302203982, 33.17106535223027, 33.16431955670857, 33.157114303398096, 33.14897166769425, 33.140808874790906, 33.133149456103325, 33.12557678350494, 33.11757000572083, 33.1090162648776, 33.1004646577875, 33.092229622241874, 33.083863991577076, 33.07508934420511, 33.06607154480512, 33.05708121850173, 33.048183574593295, 33.039059936193546, 33.02958274212612, 33.01998407328998, 33.01037959534558, 33.00069635502924, 32.99077188285294, 32.980597821158554, 32.97034482603892, 32.96001610068881, 32.94949962539483, 32.938742376334076, 32.92778739022349, 32.916721692131915, 32.905502230452406, 32.894053553444856, 32.882386371551995, 32.870537057224276, 32.85851976294527, 32.84627984425223, 32.83378481196175, 32.821063152516835, 32.80812629176362, 32.79495861752389, 32.7815249487721, 32.767821689713806, 32.75386492016785, 32.7396407417983, 32.72512568025323, 32.71030193927367, 32.69517403666935, 32.67974172011426, 32.66398455405436, 32.64788685359246, 32.63144065762555, 32.61464462725683, 32.59748484105082, 32.579941892573395, 32.5620053237122, 32.543668820461626, 32.524924618758575, 32.505755859565724, 32.48614892226892, 32.46609487568423, 32.445584267678754, 32.424603270188975, 32.40313527816025, 32.3811687876242, 32.35869329199, 32.33569664752197, 32.3121631167139, 32.28807812773387, 32.263429035993596, 32.23820172568332, 32.21237960587785, 32.18594454936693, 32.158880233002506, 32.131169855900886, 32.10279473703665, 32.0737335713823, 32.04396443569796, 32.01346428954616, 31.982207366196096, 31.95016454746177, 31.917303906624532, 31.883591407692588, 31.848989658560058, 31.813457248227255, 31.776948485500032, 31.739414322913003, 31.700802363981495, 31.661057648557627, 31.620123638436237, 31.57794400403515, 31.534463782548126, 31.48963057813199, 31.443395067926204, 31.395711489331457, 31.34653797070173, 31.295837031919447, 31.243575583785343, 31.18972488084604, 31.134260494264627, 31.077162377625015, 31.01841431867462, 30.95800310927018, 30.895917536523577, 30.832147082925648, 30.766680132537022, 30.69950198687457, 30.630592375953075, 30.55992274031486, 30.487453588154743, 30.413132121075158, 30.336890047257032, 30.25864211732279, 30.178285575193176, 30.095699806834293, 30.010746283503803, 29.923269472700238, 29.833098479506578, 29.74004916123894, 29.643927200581313, 29.54453182148304, 29.441658944548347, 29.335103862571053, 29.224663592550385, 29.11013795979264, 28.991329700969654, 28.868044534656757, 28.740090515139016, 28.60727711011809, 28.46941511370262, 28.326316366097966, 28.17779401614066, 28.02366393083739, 27.86374596398538, 27.69786671318734, 27.525862880993643, 27.34758516777972, 27.16290310069345, 26.971710955113, 26.77393385071389, 26.56953408664452, 26.35851806041973, 26.14094676159286, 25.916948609150726, 25.686932425561682, 25.453415659644097, 25.24532709774826, 25.346115121898688, 25.57036050454636, 24.667333118156172, 25.17036990663489, 24.40629348167416, 24.813437993465342, 24.15579989594744, 24.469377119443404, 23.964365769330424, 24.070557041503402, 23.830102226860603, 23.673409093244494, 23.674197999474142, 23.359293207378936, 23.455152890686737, 23.133434708986968, 23.177846727623365, 22.9565006046761, 22.88338494062298, 22.783641566409056, 22.612108107084467, 22.586334226704995, 22.378836170385885, 22.365737902533997, 22.170359152028595, 22.136160061379044, 21.97218197211848, 21.90765919644176, 21.775897917294273, 21.6870229699375, 21.577219197685796, 21.475310562148678, 21.377514753813646, 21.271154447212705, 21.17820152933442, 21.07368856788371, 20.98057395472059, 20.88167385035339, 20.785784273215754, 20.69461366187487, 20.594575978545965, 20.51186485696388, 20.408181969284843, 20.331886278775787, 20.228353252857115, 20.153841480104962, 20.056379992761524, 19.976800817952913, 19.8913159350711, 19.8039507440098, 19.728934494960804, 19.639969965590172, 19.56575189388167, 19.485685827215875, 19.404942364112824, 19.33399988892725, 19.254504354800087, 19.1808174144408, 19.111083580379173, 19.035494794782043, 18.965873419752203, 18.898623187059812, 18.82739435059517, 18.76026378601026, 18.69629084140134, 18.62965938293687, 18.56439551345724, 18.503062605559727, 18.441501262033878, 18.37897152315829, 18.31875134073458, 18.260988956832637, 18.203214181636646, 18.14510467499274, 18.088392028314573, 18.0337170454841, 17.980064460924265, 17.926524898305328, 17.873274895073653, 17.821028165630807, 17.770140289664113, 17.720429598489172, 17.671515398681326, 17.623145102981674, 17.575282746238823, 17.528020362686977, 17.48145940302504, 17.435658435196366, 17.390625581788278, 17.346339020938554, 17.302766616689834, 17.259877667714566, 17.21764676421101, 17.176053834365298, 17.135082515884427, 17.094719080459978, 17.05495206558629, 17.015772829161815, 16.97717984894258, 16.939187641421846, 16.90185913609056, 16.86538630028143, 16.83035585651129, 16.798477014212793, 16.774918090937224, 16.773869711362785, 16.83100136475733, 16.97650743496482, 17.098955011793464, 16.8380301236999, 16.567226027313783, 16.71655287071948, 16.746250478145033, 16.50529644133883, 16.548136852798308, 16.600859316879696, 16.42350912725248, 16.454239829819333, 16.47148433475186, 16.340166316759397, 16.379432972326594, 16.355967221279236, 16.268667875388406, 16.30619869226012, 16.25440382566908, 16.208286926626855, 16.22943271845631, 16.1684225049853, 16.15235521583852, 16.150832813339402, 16.096686704578797, 16.095128679939755, 16.074626517870346, 16.03489415134636, 16.034709419397515, 16.004002376984452, 15.978154703519836, 15.972329238713487, 15.939722967631024, 15.923025037302962, 15.910269051182134, 15.88070606719643, 15.868075563799279, 15.850267453564289, 15.825279702885261, 15.813283800244063, 15.793009237704599, 15.772067225696652, 15.75914493804741, 15.738386162181422, 15.720262851635493, 15.706115182354885, 15.68597005442474, 15.669532193013646, 15.654443821045914, 15.635331496594098, 15.61979980086628, 15.604194505684909, 15.586148109507802, 15.571077483643018, 15.555315421555632, 15.538203462331593, 15.52338136625054, 15.50770746985848, 15.491361997630657, 15.4767102965468, 15.4612670567384, 15.445539057318484, 15.43104476213779, 15.415901249439212, 15.400675585089544, 15.386349812631453, 15.371529704338286, 15.356723560569547, 15.342582421023302, 15.328085155849397, 15.313641082820356, 15.29969818646825, 15.285511796867297, 15.271389746999416, 15.257653734852694, 15.243761506952826, 15.22993243571443, 15.216407098582511, 15.202791168867869, 15.189233059281916, 15.175918587453618, 15.16256180978217, 15.149257185127448, 15.136151255622993, 15.123037787889855, 15.109971958964737, 15.0970704112504, 15.084185707802872, 15.07134565923222, 15.058643119607286, 15.04597401083543, 15.033347994431933, 15.020838435323826, 15.008373054374703, 14.995950220733375, 14.983627180498532, 14.971354744239305, 14.959124902507973, 14.946981629480792, 14.93489226484188, 14.92284578746819, 14.910875383361782, 14.898960004804481, 14.887087804887397, 14.875283345477015, 14.86353353963409, 14.851827022501062, 14.84018159591755, 14.828589482484544, 14.817040497286074, 14.805547254330925, 14.794105394601049, 14.782706203394099, 14.771358417351712, 14.760059783798294, 14.748803153190147, 14.737594243097858, 14.726432120231008, 14.71531092906743, 14.704234518073504, 14.693202516356164, 14.682210254650364, 14.671260152956643, 14.660352142813121, 14.649482534538867, 14.638652767950294, 14.627862872131585, 14.617109940055842, 14.606394814244853, 14.595717358591715, 14.585075392665413, 14.574469242371073, 14.563898864120638, 14.55336242991362, 14.542860010932484, 14.532391486440396, 14.521955381924327, 14.511551594463795, 14.50117992912759, 14.490839178288876, 14.480529132966057, 14.470249534366737, 14.45999953730227, 14.449778552134198, 14.439586421484671, 14.429422288282307, 14.419285846182618, 14.409176751798505, 14.399094264841205, 14.389038061627621, 14.379007776215058, 14.369002759007003, 14.359022801048843, 14.34906727993553, 14.339135742581483, 14.329227857972404, 14.319343243463097, 14.309481375090797, 14.299641922167195, 14.28982450356569, 14.280028642983355, 14.270254010452334, 14.260500230672609, 14.25076687140554, 14.241053614433755, 14.231360094238193, 14.221685912786855, 14.212030758628567, 14.202394283726328, 14.19277612267252, 14.183175971651279, 14.173593492421315, 14.164028343402585, 14.154480229363292, 14.144948393180757, 14.135433397649727, 14.12593452036234, 14.11645145666455, 14.106983909868397, 14.097531604054844, 14.088094253292134, 14.078671581019428, 14.069263323191414, 14.059869212600383, 14.050488991097483, 14.041122407394244, 14.031769212677652, 14.022429165850117, 14.013102029270163, 14.00378757193867, 13.994485568818284, 13.985195797095086, 13.975918044065246, 13.966652100148854, 13.957397757209582, 13.94815481751109, 13.938923074027601, 13.929702375649383, 13.920492509704417, 13.91129329550973, 13.902104556684408, 13.89292613116598]