0.000000000000000000e+00 5.857407142857141480e+00
1.500000000000000000e+01 5.740207142857143729e+00
3.000000000000000000e+01 5.136257142857142632e+00
4.000000000000000000e+01 6.487142857142857544e+00
5.000000000000000000e+01 1.005892857142857011e+01
6.500000000000000000e+01 1.010450000000000159e+01
8.000000000000000000e+01 9.553535714285715130e+00
9.500000000000000000e+01 8.426432142857143148e+00
1.100000000000000000e+02 7.557183928571427955e+00
1.250000000000000000e+02 6.646966964285714319e+00
1.400000000000000000e+02 5.736750000000000682e+00
