0.000000000000000000e+00 2.238133333333333042e+01
1.500000000000000000e+01 2.283186666666666298e+01
3.000000000000000000e+01 2.473746666666666272e+01
4.000000000000000000e+01 3.667186666666666639e+01
5.000000000000000000e+01 5.580626666666667290e+01
6.500000000000000000e+01 4.030720000000000880e+01
8.000000000000000000e+01 3.714655000000001195e+01
9.500000000000000000e+01 3.174527499999999591e+01
1.100000000000000000e+02 2.920537083333333328e+01
1.250000000000000000e+02 2.556808541666666912e+01
1.400000000000000000e+02 2.193079999999999785e+01
