0.000000000000000000e+00 7.413479999999998959e+00
1.500000000000000000e+01 6.966973333333333684e+00
3.000000000000000000e+01 6.772020000000000373e+00
4.000000000000000000e+01 1.063670666666666698e+01
5.000000000000000000e+01 1.676806666666666601e+01
6.500000000000000000e+01 1.765113333333333756e+01
8.000000000000000000e+01 1.340253333333333430e+01
9.500000000000000000e+01 1.131441000000000052e+01
1.100000000000000000e+02 9.868148333333332189e+00
1.250000000000000000e+02 8.683337500000000375e+00
1.400000000000000000e+02 7.498526666666665896e+00
