0.000000000000000000e+00 1.897735714285713726e+01
1.500000000000000000e+01 1.895157142857143029e+01
3.000000000000000000e+01 1.947957142857142898e+01
4.000000000000000000e+01 2.309035714285714036e+01
5.000000000000000000e+01 3.013492857142856707e+01
6.500000000000000000e+01 2.353671428571428592e+01
8.000000000000000000e+01 2.074453571428571408e+01
9.500000000000000000e+01 1.793741071428571132e+01
1.100000000000000000e+02 1.619820535714285725e+01
1.250000000000000000e+02 1.495756696428571431e+01
1.400000000000000000e+02 1.371692857142856958e+01
