0.000000000000000000e+00 2.170464795539999869e+01
1.500000000000000000e+01 2.151191836486666631e+01
3.000000000000000000e+01 2.243810351280000148e+01
4.000000000000000000e+01 2.876171385813332648e+01
5.000000000000000000e+01 5.066826666666666057e+01
6.500000000000000000e+01 3.666046111399999319e+01
8.000000000000000000e+01 3.082458236446666433e+01
9.500000000000000000e+01 2.515424609186666416e+01
1.100000000000000000e+02 2.100754462226666774e+01
1.250000000000000000e+02 1.816530863480000235e+01
1.400000000000000000e+02 1.532307264793333523e+01
