0.000000000000000000e+00 2.071677102294827932e+01
1.500000000000000000e+01 2.080653061160345274e+01
3.000000000000000000e+01 2.223530263262068729e+01
4.000000000000000000e+01 2.892187427365517394e+01
5.000000000000000000e+01 4.333977586206896859e+01
6.500000000000000000e+01 3.218670546051723846e+01
8.000000000000000000e+01 2.824250837012069226e+01
9.500000000000000000e+01 2.394834597203447757e+01
1.100000000000000000e+02 2.123641994541378963e+01
1.250000000000000000e+02 1.891084005641378951e+01
1.400000000000000000e+02 1.658526016756896837e+01
