0.000000000000000000e+00 1.000000000000000000e+00 5.000000000000000000e+00 5.000000000000000000e+00 2.000000000000000000e+00
1.043478260869565188e+00 1.509989792288175758e+00 6.103838288599191308e+00 8.004340422836119018e+00 2.046054818793861418e+00
2.086956521739130377e+00 1.569426616015824560e+00 7.271759257114428721e+00 1.108211683876259990e+01 2.150274904102089213e+00
3.130434782608695343e+00 1.323142663822958420e+00 7.844621682356595294e+00 1.392665066751816560e+01 2.286282432421005595e+00
4.173913043478260754e+00 9.659651595001287339e-01 7.776900365943371085e+00 1.606941419036707686e+01 2.422614181241513176e+00
5.217391304347826164e+00 6.654585803438362035e-01 7.290333471570685120e+00 1.729066296669637381e+01 2.536237666547694225e+00
6.260869565217390686e+00 4.801600311074388783e-01 6.592266097957769411e+00 1.763002713023892554e+01 2.618049571407711884e+00
7.304347826086956097e+00 3.831057055485921348e-01 5.803288691135242594e+00 1.724363676849316107e+01 2.669120846944484704e+00
8.347826086956521507e+00 3.372228593757153892e-01 4.980973763165642332e+00 1.631000797695223170e+01 2.694451979806527842e+00
9.391304347826086030e+00 3.190090837873221785e-01 4.152812968617222822e+00 1.498484110499327571e+01 2.699254311352146551e+00
1.043478260869565233e+01 3.174006206566103439e-01 3.334323950420220672e+00 1.339212145479060467e+01 2.687473891352601729e+00
1.147826086956521685e+01 3.277673450035766822e-01 2.537724653640248906e+00 1.162816070697786230e+01 2.661559784507375070e+00
1.252173913043478137e+01 3.491269755283233911e-01 1.777108530090627525e+00 9.770262093196594222e+00 2.622647127099357878e+00
1.356521739130434767e+01 3.831034552733570409e-01 1.074501762556654860e+00 7.885112471384009503e+00 2.570992268220377852e+00
1.460869565217391219e+01 4.338331084522357717e-01 4.793592091652594811e-01 6.048300361644455947e+00 2.506143247811596808e+00
1.565217391304347849e+01 5.084906259582616661e-01 1.312198344832600228e-01 4.384578509341776176e+00 2.427930716301981651e+00
1.669565217391304301e+01 6.180676842691691375e-01 1.085229714293893949e-01 3.104380721790507724e+00 2.338363779931460051e+00
1.773913043478260931e+01 7.765717941430380078e-01 2.119794538967197384e-01 2.263482045266187459e+00 2.242402152957191142e+00
1.878260869565217206e+01 1.000544861480014092e+00 5.038354432592969667e-01 1.839137797693301213e+00 2.145977168585742501e+00
1.982608695652173836e+01 1.304302621776764370e+00 1.231728505306087351e+00 1.955416869763888066e+00 2.057632393156263895e+00
2.086956521739130466e+01 1.677371970079586383e+00 2.699093203804186825e+00 2.941887611275981751e+00 1.993017414519260511e+00
2.191304347826086740e+01 2.030952178796785024e+00 4.978811419640551961e+00 5.198902225127992160e+00 1.978018181595145419e+00
2.295652173913043370e+01 2.180488207365161024e+00 7.531730103975834645e+00 8.813733326845321514e+00 2.038431096305236334e+00
2.400000000000000000e+01 1.967847278809746525e+00 9.380483820466141154e+00 1.316214909835931834e+01 2.175576792123388614e+00
