Model Setup for Atypical Patient 1:
ITERS=4000
LEARNING_RATE=0.0001
OPT_RESET=None
ATOL=1e-05
RTOL=1e-05
METHOD=dopri5
Input channels=2
Hidden channels=32
Output channels=2
Runtime=189.09360790252686
Optimizer=Adam (
Parameter Group 0
    amsgrad: False
    betas: (0.9, 0.999)
    capturable: False
    differentiable: False
    eps: 1e-08
    foreach: None
    fused: None
    lr: 0.0001
    maximize: False
    weight_decay: 0
)Loss over time=[0.19414387504310032, 0.16633044443962494, 0.14150720742026832, 0.11975681066570276, 0.10122663121939889, 0.08599259652589218, 0.07400580901787619, 0.06510752351295843, 0.059024363942040754, 0.05536267544782385, 0.05360706758256524, 0.053188587436830075, 0.05355810537923837, 0.054259321285622095, 0.05496757024396448, 0.05548904519077094, 0.05574387645220058, 0.05573164244169329, 0.05550337431314443, 0.055131535713147946, 0.05469151478701187, 0.054245368463208085, 0.05383088084061845, 0.053462178586962755, 0.0531299728451565, 0.0528126683188545, 0.052485679042920536, 0.05212783990074074, 0.051727678259053285, 0.05128897289400152, 0.05082500714284522, 0.0503592537558875, 0.04992030510730767, 0.04953637449872159, 0.04923033371042435, 0.04901743077675979, 0.048902729624945795, 0.048880598144771394, 0.04893560079274593, 0.049043518293523686, 0.049175964524001727, 0.04930538507523033, 0.04940727466313884, 0.04946367831143673, 0.049465683844076326, 0.0494128425711589, 0.04931310408515346, 0.04918107082651881, 0.049033323776399046, 0.04888721442833834, 0.04875587286306579, 0.04864994546574128, 0.04857408695958379, 0.04852795079639314, 0.04850665114088944, 0.04850323129915652, 0.04850948046832498, 0.048517766823486526, 0.0485206238652712, 0.04851658006647106, 0.04850116653119256, 0.04847463259101578, 0.04843863919969021, 0.04839709192358663, 0.04835279758916377, 0.04830745286525984, 0.04826354770469799, 0.048223412013197194, 0.04818155737319765, 0.04814919116795504, 0.04811963779264587, 0.048091025732774684, 0.04806283465582317, 0.048034797852161255, 0.048006865958043224, 0.04797916917098755, 0.047955654137066484, 0.047934474999755804, 0.047913958513295336, 0.04789362127799313, 0.047873065036834576, 0.04785216696724175, 0.04783059052131267, 0.047808137978284135, 0.0477847864800796, 0.047760688384924775, 0.0477361318619536, 0.04771147000480061, 0.047687045311527114, 0.04766312821284871, 0.047639830410536294, 0.047617176282944866, 0.04759503452782738, 0.047572961573210885, 0.04755079017544973, 0.047528351679442665, 0.04750599334725405, 0.04748361694233119, 0.047461254130911845, 0.047439027645190104, 0.04741711736056455, 0.04739560724350374, 0.04737463045017048, 0.04735414774495538, 0.0473340736374884, 0.047314284223408505, 0.04729465023000015, 0.04727507028805838, 0.047254354586170624, 0.04723274076540417, 0.047211488882799975, 0.047190644812002164, 0.04717022028220701, 0.047149352589121646, 0.0471289731188782, 0.0471089676637851, 0.04708849401418431, 0.0470683047858152, 0.047048333783689555, 0.04702858987530949, 0.04700822993911969, 0.04698729343959544, 0.04696669285168016, 0.04694644568479301, 0.04692659383338196, 0.04690717661273966, 0.04688820469578125, 0.04686820779680869, 0.04684719672103154, 0.04682660531035889, 0.046806396548628545, 0.04678654808189342, 0.04676704830965002, 0.04674789651658453, 0.04672907473508428, 0.04671056015081334, 0.04669050291943922, 0.046669165855278694, 0.04664840984268206, 0.046628134962921335, 0.04660825978738526, 0.04658874152975325, 0.04656957185540285, 0.046550763278577725, 0.04653231889192826, 0.046514222722855526, 0.046494133836278366, 0.04647229002103784, 0.04645102621927322, 0.046430267610593406, 0.04640994336234854, 0.04639000932905399, 0.04637044679701796, 0.04635124605980219, 0.04633239154615886, 0.04631384638504533, 0.04629558794732111, 0.04627751847806075, 0.04625950023701219, 0.04623816529229777, 0.04621712211794133, 0.04619641285816229, 0.04617600442104317, 0.04615587434104981, 0.046135993239495354, 0.04611635942060151, 0.046094234279242086, 0.04607022010488417, 0.046046117572812344, 0.04602235420989744, 0.04599920612828448, 0.04598034714160833, 0.0459606187178585, 0.045940247445995425, 0.0459204882055468, 0.04590130775825025, 0.04588262026925587, 0.045863041056967084, 0.04584278280299705, 0.04582205026866575, 0.045801205585688676, 0.045780182432687715, 0.045758936868665966, 0.045737437104617036, 0.045716079192251395, 0.04569476821746405, 0.045673026335516204, 0.045650882835258096, 0.04562868876120525, 0.04560654396463697, 0.045584438235783835, 0.04556225191062653, 0.04553992767969253, 0.04551742479325023, 0.04549471003814052, 0.0454717900245103, 0.04544869130927714, 0.045425447165388606, 0.045402112287921674, 0.04537873072133664, 0.045355343261526175, 0.04533223292506648, 0.045309203587887564, 0.04528621614350472, 0.0452634876860225, 0.04524083303639092, 0.04521815468774229, 0.04519543713183529, 0.04517266283519961, 0.04514981926359625, 0.04512689711501684, 0.04510388237600065, 0.045080772787951154, 0.04505756363680627, 0.04503425008348703, 0.0450108266081276, 0.044987293016706724, 0.04496365395076052, 0.0449399227621184, 0.04491609926345228, 0.0448921887043452, 0.04486819047395731, 0.04484410421845754, 0.044819926075055326, 0.04479565182684229, 0.04477127067026485, 0.04474677203254541, 0.044722142725922204, 0.04469740841313678, 0.04467256696165351, 0.044647620042910584, 0.044622561306437956, 0.04459737592113074, 0.04457204671828061, 0.04454458517012932, 0.044517525742264814, 0.04449070313923576, 0.044463957035306145, 0.044437229276661855, 0.04441056125822482, 0.04438250637573922, 0.04435464324704091, 0.04432689750269862, 0.044299277090825456, 0.044271823092292856, 0.04424289588274656, 0.04421421479098241, 0.04418570268797342, 0.04415733557309264, 0.04412911892732551, 0.04410104286142398, 0.04407123539360172, 0.0440417424674799, 0.04401245458990705, 0.043983350519511404, 0.043954213481228445, 0.043925045821773014, 0.04389419331308854, 0.04386380807365851, 0.04383367669852263, 0.04380370068951282, 0.04377391680333271, 0.043742829868322536, 0.04371117253869419, 0.043680113044645884, 0.04364903999771048, 0.043617791121192774, 0.04358659000280557, 0.043555753669401884, 0.04352519276926215, 0.04349265493500862, 0.04345895438772785, 0.04342629034549852, 0.04339382723156857, 0.04336117813365532, 0.04332851141498072, 0.04329627126239488, 0.043264763014723914, 0.043231718559609764, 0.043197007456215304, 0.04316299796758089, 0.04312915260446345, 0.04309521192849102, 0.04306127332654411, 0.04302732356513376, 0.04299207324965577, 0.04295667795485127, 0.042921838170869024, 0.04288665965033163, 0.04285117052293221, 0.04281605340257653, 0.04278159171457591, 0.042745418518421306, 0.04270791485586616, 0.04267128510239702, 0.04263474122818262, 0.04259794210805304, 0.04256114828959749, 0.04252395134450329, 0.0424864338789769, 0.04244891296313102, 0.04241096668667992, 0.04237327918305807, 0.04233606129189518, 0.042297358326754436, 0.042258233062993894, 0.042219850244273965, 0.04218110604536931, 0.042141918078254535, 0.04210301426382876, 0.04206492241714398, 0.04202516465071662, 0.041984035126801496, 0.04194376095972686, 0.04190358901804853, 0.04186322214768805, 0.041822783125136785, 0.04178146304366319, 0.04174049583473199, 0.04169972499694024, 0.041657901164780936, 0.041615758658609565, 0.04157471351527932, 0.04153274099642093, 0.041489580073110204, 0.0414469744701268, 0.04140452047183301, 0.04136210345281021, 0.041319239121304856, 0.04127476711397724, 0.041231229927149775, 0.04118764344581639, 0.04114417352262636, 0.0410998600034103, 0.04105512009102238, 0.04101066963329798, 0.040966208605744535, 0.04092190115181081, 0.04087589990381051, 0.040830307834781705, 0.040784921732749835, 0.040740024915237864, 0.0406931025839336, 0.04064682008354183, 0.040600607213735436, 0.04055338168550897, 0.04050650024958507, 0.040460342692772995, 0.04041251019099841, 0.040365210371391506, 0.040318368802020506, 0.040269474736928386, 0.04022141212965053, 0.04017331719319255, 0.040126038461043505, 0.040077345434097904, 0.04002936468801119, 0.03998095779500611, 0.039930384580427955, 0.03988182813242138, 0.039832449985193544, 0.03978321791574679, 0.03973696291918031, 0.03968739872527942, 0.03963397799986599, 0.03958407308671406, 0.03953382724005914, 0.03948336963716892, 0.03943551861872954, 0.03939210215774966, 0.03933763519673858, 0.0392805449719721, 0.03923059468255485, 0.03917994721568145, 0.039126817999147884, 0.039075843807092475, 0.039031874248351535, 0.03898271051060229, 0.038922557639980586, 0.03886761768106204, 0.03881490841228862, 0.038762923311367416, 0.03871283994310873, 0.038666300545406276, 0.03862080307188332, 0.038558576123990655, 0.03850212342474904, 0.03844880553673895, 0.03839667190759641, 0.0383467552402498, 0.03829203165964321, 0.03823514459179775, 0.03818136180946899, 0.038127622849448886, 0.03807659820446782, 0.03803084865111494, 0.03796801764243896, 0.03790967927451896, 0.03785439059074113, 0.03780109880270599, 0.03775002342528566, 0.03770149282795767, 0.03763737557461475, 0.037579151100285924, 0.03752361432587012, 0.03747029414822668, 0.03742111602385923, 0.03736228384171931, 0.03730607056913305, 0.037251933137570456, 0.03720013153233819, 0.0371367807797205, 0.037078262624529575, 0.03702253819744483, 0.03696957337386888, 0.03692025624713477, 0.036852216967321764, 0.03679341197941466, 0.036735873595637375, 0.036679700983627044, 0.0366305801867888, 0.03659027905458814, 0.0365136385321078, 0.03644902399373106, 0.03639033261132576, 0.03633337200070846, 0.036280729364782126, 0.03623656312997663, 0.036192674048364855, 0.03611031471642651, 0.03604506535069032, 0.035987690617511815, 0.03592905592246451, 0.03587777614986692, 0.035840768508014854, 0.035776464246748504, 0.03571353701488806, 0.0356530680797152, 0.03559528712137267, 0.035540707790729736, 0.03548899976198569, 0.0354360784153229, 0.0353613486376896, 0.03529820088045977, 0.035240204958947634, 0.035186570956844715, 0.03512450274581461, 0.035075320539836766, 0.03501132157401454, 0.03495552733987753, 0.03489323205817026, 0.03483569367352249, 0.03478385447346379, 0.03468971465304486, 0.034687832940072265, 0.034602093837667124, 0.03448840239470772, 0.034491547821499206, 0.034431071543100614, 0.034351241290657246, 0.03428183162174833, 0.034207063797591086, 0.03418262008091416, 0.03411789472973906, 0.03404480283296495, 0.03402141401562912, 0.03394417911676142, 0.03386767910831741, 0.03379922601089529, 0.03374239882318493, 0.03367944297610621, 0.03360008355696583, 0.03353712350880527, 0.03348235650496455, 0.03342770444470835, 0.03336304234198539, 0.033356815015320916, 0.0332975542054377, 0.03318702814343091, 0.033128681962822835, 0.03312177480798435, 0.033048950990979306, 0.032987745396119726, 0.032937203610954195, 0.032885986502279155, 0.032799384403003916, 0.03271433045019229, 0.03263124430139596, 0.032577872294976495, 0.03258295625665816, 0.032454134308863215, 0.032412807238325424, 0.032369587813377294, 0.03233977797660666, 0.03227943995441171, 0.03221849792366232, 0.03209437250472858, 0.032107175490078424, 0.03197627626573396, 0.03197557647525618, 0.031914491977618066, 0.03186660322794505, 0.03175787327642185, 0.03169504984531621, 0.031685268365213584, 0.031585614182970664, 0.03157562090168626, 0.03150819695614448, 0.031455233713209844, 0.03139420252576857, 0.03131109429453906, 0.031234500295470688, 0.031220269742013165, 0.03117182344409826, 0.031101484073195827, 0.030994017372762483, 0.031089928152986127, 0.030920977098229354, 0.030865467949666915, 0.03081006914885047, 0.03075025758172685, 0.030717666274992506, 0.030689765406621026, 0.030581815398710518, 0.03052664261799386, 0.030467775138905875, 0.030410513838030673, 0.03035939017820577, 0.030345570852515293, 0.030242893217269976, 0.03021931922561946, 0.030166139102512736, 0.030072969810178526, 0.030058041421430516, 0.030122341647255066, 0.0299239730648056, 0.029899881694302587, 0.02986668044515611, 0.029748523908368595, 0.029668203488220614, 0.029838921146686414, 0.02961500241926821, 0.029577154605186538, 0.02955037474947125, 0.02943700665950687, 0.02939844994083203, 0.02951222802420589, 0.02930299762527405, 0.029277205211393854, 0.02924298563724722, 0.029133858530278004, 0.029116860285461857, 0.029225413100427155, 0.028994863896298673, 0.02900572783320561, 0.028961829480821377, 0.028837516039978296, 0.028839297029181053, 0.02898623242669637, 0.02869947298988765, 0.028748687792858843, 0.028707386390071397, 0.028545301502489188, 0.028584302845015386, 0.028735954612277747, 0.028416487742026583, 0.028485701007087437, 0.02845812677084638, 0.028260765259208967, 0.028316167239956638, 0.028476143667319306, 0.02814001649524668, 0.028222995332560452, 0.028203445726926256, 0.02798672410090258, 0.028048731526676893, 0.02824164570623552, 0.02788892352641307, 0.027916152081653677, 0.027922523727566192, 0.02772037196669863, 0.027723753760661492, 0.02793197825236379, 0.027621932899074574, 0.02765127966029922, 0.02763934523680157, 0.027464694817655264, 0.02752948645883415, 0.027659872207438194, 0.0273501380047742, 0.027436820259738915, 0.02738600338436611, 0.02722005410678866, 0.02733928064742612, 0.027475113236796724, 0.027089403688649448, 0.027263983546446567, 0.027176073739386655, 0.026979678529933496, 0.027175773042290696, 0.026892029337377846, 0.026836294737244925, 0.026845804381321656, 0.02675579668460584, 0.026774628985003858, 0.02676404754521513, 0.026760417848024354, 0.026586436404782147, 0.026563244356210814, 0.026524557642425586, 0.026490885613285695, 0.026429108086718143, 0.02647466199806113, 0.02639523751752255, 0.026302812705681407, 0.026306787635356866, 0.026269312900087462, 0.026197810049229206, 0.026187361321365957, 0.026215530592481273, 0.026149195895600195, 0.026236809457669527, 0.026032433832757187, 0.026186794239446354, 0.025911760183109457, 0.025903691026083763, 0.025863650872991875, 0.025843564619843596, 0.025846006376412167, 0.025858981864245675, 0.025828722887709845, 0.02604374403233368, 0.02562966253212677, 0.026134841963213716, 0.025568233574688314, 0.025698377280752294, 0.025589599637298344, 0.02548409440451059, 0.025737694359392473, 0.025366080297485712, 0.02553147297643942, 0.025322631362030126, 0.02526806111394987, 0.02562292335853993, 0.02518908311623772, 0.025470875300382653, 0.02520640197160581, 0.025142051013817755, 0.02557036899476853, 0.025020800219129793, 0.025373780648662345, 0.024983664821616392, 0.02507899448804748, 0.024943856433363373, 0.024858709728399153, 0.024828343732659554, 0.024829370613483195, 0.024814495788329585, 0.02480337428401943, 0.02466255529448689, 0.02467106486887979, 0.02464204985535682, 0.024570313814207486, 0.024636475247669543, 0.024642787585781437, 0.024747517866377258, 0.024496507522283054, 0.024854781019515108, 0.024420707502570485, 0.024679554999362415, 0.024365442762855963, 0.024522571974391436, 0.024306545031774273, 0.024273035966992776, 0.024221646346771285, 0.024158424023825367, 0.02429248596213853, 0.0242532002446248, 0.024463192069254434, 0.024067176578090436, 0.02453124292837043, 0.02402119842548076, 0.024135058079408536, 0.02401817238060616, 0.023879640333196565, 0.024232830452750778, 0.023897360599006757, 0.024204718203235474, 0.023799847064267812, 0.02412591850942358, 0.023682552113749148, 0.023795988913051312, 0.023704063630996763, 0.023661469274322677, 0.023858928319978347, 0.023700217453014316, 0.02398650550954321, 0.023477147599525797, 0.02404944707747113, 0.02350523181595822, 0.023622498239421377, 0.023488930153258668, 0.0234288816876577, 0.023725178948566336, 0.023436619287104107, 0.023788282881974317, 0.02330147779125377, 0.02384818091492634, 0.02324967402439376, 0.023348011970686033, 0.0232778544713405, 0.023176142380769517, 0.02345765577784902, 0.023179039889634764, 0.023541430631680783, 0.02306756867157063, 0.02357325420155818, 0.023047703409297845, 0.02313262624771117, 0.023016600709635796, 0.022950188906160126, 0.02340303861414189, 0.02306624065531844, 0.02347833519960281, 0.02287083671695763, 0.023986806427631048, 0.02294838595384291, 0.023900161353965957, 0.02274851736768857, 0.0240109888781504, 0.022699687852820054, 0.02331205693325088, 0.02266414327764795, 0.02326190311488372, 0.02260388662770666, 0.02263463188608855, 0.022640792617398806, 0.02252455502383965, 0.02285269849523417, 0.02253384035016964, 0.0227854814734703, 0.022457504345736727, 0.02286984769561312, 0.022416049064717513, 0.02253751889321379, 0.022373196199223025, 0.022474513306803626, 0.02232306959455719, 0.022328459669078773, 0.022295348332877885, 0.022380706936611164, 0.02227914847242034, 0.022376718377096916, 0.022211499439459617, 0.02261214958915744, 0.022176885831309678, 0.02238883899886571, 0.02210451128176971, 0.022715547314496987, 0.022065714190224926, 0.022238196718272735, 0.02203172113473484, 0.02215194423331471, 0.021970556611521908, 0.02196518695605964, 0.021852871215565613, 0.02210087301008463, 0.021963981124709014, 0.022020847979851436, 0.02172925119363595, 0.022456815571341177, 0.021800668627621023, 0.022066667786842104, 0.021757096739024928, 0.022168977741774728, 0.021729906982396324, 0.021771763356045734, 0.02167240210685177, 0.021852186414853658, 0.021643080766825515, 0.021678680478406837, 0.02151451910965991, 0.021979535535913582, 0.02156664988703141, 0.02175873211498194, 0.02151796368401906, 0.022055997273645604, 0.021470092216424267, 0.02163251187614655, 0.021429185458909813, 0.0218191475938754, 0.021387244159648298, 0.021475420122592792, 0.021290197845983835, 0.02173489883448971, 0.021318007142816328, 0.02142854460032557, 0.021173172819238768, 0.021801185381209377, 0.02124933215240947, 0.02143647552684206, 0.021099976217538927, 0.021920495760191443, 0.021223953787848655, 0.021580562674991966, 0.021053820985686738, 0.022160998786220243, 0.02161772914875371, 0.022245472530394373, 0.021149106992517087, 0.02142536416661301, 0.021160233752620185, 0.021380853989387074, 0.020846692128349286, 0.022065018863242667, 0.021513748372800588, 0.02231287645760927, 0.0208498324390322, 0.02411238476422849, 0.02237601517166891, 0.024423515135094418, 0.020874715535280943, 0.025505908841322176, 0.02123557601504235, 0.024502984213635785, 0.021828434270370616, 0.022505006874496882, 0.022017214655928867, 0.021919658944664796, 0.023168019642981482, 0.020905255221696308, 0.022384255719858512, 0.021106647728126517, 0.02159567971439906, 0.022090489332349385, 0.020720940328326335, 0.022468588281386186, 0.02078730293591911, 0.021937206556317892, 0.022124986929367072, 0.020670757794472337, 0.022588756682415057, 0.02083571531368931, 0.021703066683174874, 0.022174364614246322, 0.020593242813664606, 0.022239150528756278, 0.020926903939108673, 0.021284939603109555, 0.02222942792646862, 0.02061201069036616, 0.02146045723451513, 0.02104709286323225, 0.020525419559834647, 0.02112410407491938, 0.020647233140312228, 0.020429878502338062, 0.020513306686925248, 0.0204305642270347, 0.020531560753028925, 0.020396114416443144, 0.02039036675684501, 0.0202828308917014, 0.020346948726994014, 0.02020506746009385, 0.020231269041565015, 0.020290125206939052, 0.020284516777005986, 0.02030903471535266, 0.020123379919693582, 0.02031585603133975, 0.02007943666278716, 0.020188506652750512, 0.020170776194453087, 0.020078554018921155, 0.020144583859444412, 0.0201345411655478, 0.02001402127517695, 0.01998001762440684, 0.019937904154065086, 0.019989672860272336, 0.01989653937684442, 0.01992561368182329, 0.019944606884146978, 0.01999658449941124, 0.01997390848776282, 0.01989721676922583, 0.019943530786398808, 0.0199298922443667, 0.019847181969333657, 0.019901324311058146, 0.01987841389847547, 0.019792343243734464, 0.019846500547412303, 0.01983106198436702, 0.019769373415507042, 0.019799388236419045, 0.0196759505209798, 0.019731267942771604, 0.019753188315251836, 0.01962952372552521, 0.019693844027815186, 0.019715855205802914, 0.019558370019151002, 0.019650295046079385, 0.019570733977543865, 0.019534028366139947, 0.019604314059720976, 0.01962440087297528, 0.019610536809880938, 0.019511185333177132, 0.019578265604667612, 0.019557896691676332, 0.01954727023128872, 0.019534821565193775, 0.01952074635037309, 0.01947246974358646, 0.01949162936080767, 0.01947067671238608, 0.019414399326583124, 0.01944628162259129, 0.019432074875862668, 0.01934150660587886, 0.01940362207922468, 0.0193840967704959, 0.019387546006773792, 0.01935874404156228, 0.01934237651949854, 0.019332312888864223, 0.019316868707941356, 0.01929918448672044, 0.019305989978534742, 0.01927421161045916, 0.019257674321158942, 0.01926398929262986, 0.019232338613947745, 0.01921475456823999, 0.01923170343508899, 0.019190173417690245, 0.019173404770585722, 0.019191769068876152, 0.019148589069716258, 0.019131041862876782, 0.019163289574884106, 0.01910740742026706, 0.01909077460732239, 0.019092772624229246, 0.019065644708948223, 0.0190480927866998, 0.01910176598757425, 0.0190251836603116, 0.019009475347390684, 0.019015257634572937, 0.018984493507912727, 0.01896672911247689, 0.01903007040052412, 0.01891934770439526, 0.019244419558452908, 0.01901975615523065, 0.019190123649784542, 0.018778417996977183, 0.019347006616709274, 0.01904472471362527, 0.01929450592111828, 0.018722815019171227, 0.01924487842076237, 0.019109072107930954, 0.018937209400122827, 0.018822083608633022, 0.01906272907558295, 0.019005506318740383, 0.018825539037783976, 0.01922994220410217, 0.01884648680763642, 0.018944910944605774, 0.018721578931328264, 0.018720232699570915, 0.018873741857091092, 0.018720647736047542, 0.01882589792906558, 0.018652635257567, 0.01931748330191072, 0.018807794936235304, 0.019086586959669704, 0.01867578419277244, 0.01923455531586188, 0.01907371759980062, 0.018627717462073343, 0.019868879447171615, 0.01870004569220353, 0.019468625061841237, 0.018391074751777845, 0.020000905370777648, 0.018505474778471503, 0.020330606524631617, 0.019176203131809594, 0.019116895284650624, 0.01959512970370289, 0.018863724245057414, 0.01990664478806431, 0.018391993075574358, 0.02072103837173852, 0.01828592848389463, 0.019456900115142783, 0.018675847354360446, 0.01888937576337142, 0.018817635232372988, 0.018676283794240026, 0.018999102469926907, 0.018179124466876508, 0.01980928006873792, 0.018330550330323284, 0.02001438006213919, 0.019282905349607433, 0.01848372342227335, 0.01933464661072396, 0.01837859830503039, 0.01905528232595903, 0.018220953106104068, 0.018974926935618964, 0.018512294355312577, 0.018583312356702273, 0.018940432806750517, 0.01820388394357836, 0.018309086470408045, 0.018263087499122723, 0.018434197785581433, 0.018441012435464373, 0.018181196476681795, 0.018196164043012282, 0.01822235765506779, 0.01820259205573962, 0.018152175248234103, 0.01810142193506227, 0.01838469468749636, 0.018189193355473962, 0.018204217944893117, 0.018102973427742933, 0.018326123494028904, 0.01825664732232656, 0.018085360785158728, 0.01805219322492715, 0.018257048852986332, 0.01817040173547047, 0.01805487991710897, 0.01800142836961642, 0.01824862795500788, 0.01813561944257491, 0.01802097869964301, 0.018553916757009462, 0.017898436852925456, 0.018034031532415253, 0.017877877082946417, 0.018207822696700293, 0.01787184159069477, 0.018470931947143065, 0.01820928642808065, 0.017976413872428643, 0.017971890137458223, 0.017814371059604258, 0.017847909718956168, 0.017794262580512213, 0.017762893498968032, 0.017760796325190217, 0.01769796888724868, 0.017731665403378952, 0.01789535502256009, 0.017763486446064677, 0.018109914821819624, 0.017999871341184595, 0.017803046341390537, 0.018430539488755646, 0.017665616078418676, 0.018057573220657954, 0.01763036157622962, 0.01765123889720262, 0.017527695549411467, 0.017504720136204608, 0.01775474704425746, 0.017450828670032136, 0.017487890605647854, 0.017605136673447194, 0.01752164164163308, 0.017536206007852204, 0.017532633718809733, 0.01751432377961033, 0.01733314917013164, 0.017533578660025886, 0.017413393428659586, 0.017356464984316446, 0.01761827119701819, 0.017518060891242453, 0.018177780585968074, 0.01786591569493788, 0.01762477761097717, 0.01756755495421799, 0.017870897533961934, 0.017830775417076568, 0.017459075671463622, 0.017395254797478006, 0.017786956656396628, 0.01743167276867975, 0.01765342371494026, 0.017229647829585852, 0.017894275127738505, 0.01741918421521822, 0.017749122989735102, 0.017570675952421316, 0.01729339603993484, 0.017402011592368996, 0.017214516300943443, 0.017120033324050325, 0.017532090325423442, 0.017145881328544412, 0.017609045386892012, 0.017128178954357677, 0.01712343962223623, 0.017139228344836957, 0.017410637532900716, 0.0171281258571818, 0.0172485108199672, 0.01712704293908895, 0.01699459821255089, 0.01749200603407811, 0.017082728155358252, 0.017576197589521704, 0.01718316539500854, 0.018244696300108484, 0.017807018351327697, 0.017371931783675038, 0.017314800872962298, 0.0175815913556393, 0.017618788678957806, 0.017092375568177415, 0.018257596238279026, 0.017018227060604872, 0.01772995414371128, 0.0168858963736967, 0.018450412304251426, 0.016815055542168413, 0.018768240764375457, 0.017534453851542984, 0.017763680203189438, 0.0175556872350412, 0.017299979243832298, 0.017615688115059647, 0.01683196339389255, 0.017042146485819087, 0.016858216607362655, 0.01743322453493397, 0.017091772515448935, 0.01715746374133351, 0.016829899400100348, 0.0174042261328653, 0.01708684061131657, 0.01709183152798273, 0.01685380999205518, 0.01764517873864194, 0.017319388396483584, 0.016975717181917607, 0.017093561727444608, 0.017208470623640473, 0.01728483017992445, 0.016693593855284416, 0.016850477481331203, 0.01722204277638114, 0.017143761499531725, 0.016848325960425913, 0.01658328360436674, 0.017210364916513926, 0.01675151949616687, 0.017097126683826732, 0.017013450846753157, 0.01727118134574085, 0.0174166750260466, 0.01663125203176913, 0.016844329901047943, 0.01657415194961099, 0.0165358707823958, 0.01656564063876592, 0.016826649667759618, 0.016546325689639416, 0.016498456658846056, 0.016515590993831524, 0.016697636460416186, 0.016490446897867897, 0.01691086497732863, 0.01660440139353216, 0.017498000538576138, 0.017144330677482496, 0.016912016901099405, 0.017653528466956867, 0.017015681631820764, 0.01767628930193738, 0.01639398691458107, 0.01865782871142745, 0.016653446337508725, 0.01807307181929941, 0.01642499934232519, 0.01850349407196657, 0.01640180943785995, 0.017253453163299334, 0.016441164931394383, 0.01746929345250847, 0.016452560325458523, 0.018070453395452078, 0.017317921623329294, 0.016897605090164178, 0.017649578812996745, 0.016815467074980172, 0.017695479126665616, 0.01630916454355139, 0.01852659540183756, 0.0163381076302742, 0.017313605066601723, 0.016397887380384515, 0.017217969730245284, 0.01642192958038774, 0.016536616137357973, 0.016529871194777536, 0.016323698590750862, 0.01709934504823787, 0.01623276328994515, 0.016360735873622047, 0.016174440140817856, 0.016143454784931167, 0.016341808846638353, 0.016309451580591414, 0.01611130517189757, 0.016172475463135935, 0.016254238938513896, 0.016356449236266033, 0.016318783045599854, 0.016332352139152552, 0.016265549654862824, 0.016691870023777464, 0.016149491027636166, 0.016261682788682234, 0.01604878976632774, 0.01610100288168491, 0.01610993032445198, 0.016328636756654143, 0.016115885644810302, 0.01659211430524675, 0.01617043446370771, 0.016131239879478978, 0.01603964719779526, 0.01639832958927181, 0.01628453804410038, 0.016094720297021366, 0.01607206200074373, 0.016221493762105552, 0.01629031317177505, 0.01594584297027452, 0.01738409037671401, 0.016116043716117842, 0.017539141861804185, 0.015935600144851115, 0.01648993471265883, 0.015976765603331642, 0.016965580103684097, 0.01596439371516133, 0.016217499031357108, 0.015949695614017566, 0.016532516093467616, 0.01603153072194018, 0.01672279219191359, 0.016236683100055792, 0.01643072559034424, 0.016365492455205664, 0.016142578901055284, 0.016252921473870557, 0.015927015810735436, 0.016593324229666136, 0.015826117988575097, 0.01595738878292681, 0.015839358413706896, 0.01621109651309971, 0.015704316727846113, 0.015797258522539215, 0.01594297791886445, 0.015768329897562477, 0.015785706681180692, 0.016192769591701392, 0.015735831089468143, 0.016960151849569928, 0.015770908905141535, 0.01609175699554212, 0.015739944449905827, 0.01570774920379482, 0.015729137171048114, 0.015784733430898826, 0.015666323968380354, 0.016175384725184202, 0.015700754576856216, 0.016742984177058485, 0.01567521418083612, 0.01757535186082284, 0.016195586338106773, 0.017348432400078016, 0.015761115548702923, 0.01761440574688625, 0.016634694269027597, 0.01672604077312829, 0.01658644308817453, 0.016382148808002702, 0.016814852963481754, 0.015702711029705472, 0.0175472485556008, 0.016212799381687012, 0.017402027964757663, 0.015517771729548912, 0.01566341249542466, 0.015639772313036645, 0.015462375505931082, 0.015481899554682094, 0.01569163698791728, 0.015536662712856409, 0.016355619034787394, 0.015790811084458664, 0.01614419090263253, 0.01591824784734696, 0.015646917995077916, 0.015687005702547472, 0.015616122702803338, 0.015936118681103884, 0.015540109061859401, 0.01554934673442025, 0.015396929453192399, 0.01584232064438733, 0.015453895991448818, 0.01548851331597776, 0.01584912112126772, 0.015406959154747778, 0.016462219296744237, 0.015386316374147587, 0.01565007891475486, 0.01537285404400856, 0.015363902212866699, 0.01549483829896311, 0.015397657795101698, 0.015354393243993602, 0.015763206072997617, 0.01537660979004748, 0.015357876752550636, 0.015349440281460049, 0.015470115387615963, 0.015322085696184302, 0.015237725476754747, 0.015430185692259402, 0.015375963002051306, 0.015201805939194447, 0.015294441104256052, 0.015745238843312113, 0.015277118172430555, 0.016482872487006448, 0.015282603998983875, 0.015554522687535498, 0.015238299966201314, 0.015210833448633287, 0.015268659591737344, 0.015281201392597, 0.015234539315579797, 0.015802632226497547, 0.015236275922664822, 0.015809231959312633, 0.015199351572309859, 0.015394057131387725, 0.015186689997223068, 0.015768039635818132, 0.015194186173271429, 0.015360232293468622, 0.01515271102704354, 0.015889452601351384, 0.015068034438434531, 0.016860965324621988, 0.015345078001079782, 0.017727976072077534, 0.015171553769017106, 0.01603736637419825, 0.01510905634659094, 0.016839058512943626, 0.015416234815491285, 0.016096279963845713, 0.015055755445242958, 0.016664331575146036, 0.015309011087671187, 0.01591931767334093, 0.015068017163292646, 0.016238702171926078, 0.015032462102484035, 0.015631599393109534, 0.014999811584028895, 0.016394172687593814, 0.015068597538765547, 0.0153443191623253, 0.015061031412923791, 0.01558776736306387, 0.014990493708658464, 0.015084788201912164, 0.01508365545292178, 0.015360987081801584, 0.015570260850846474, 0.015411220006012279, 0.015501114701197355, 0.015504600939961373, 0.015235816333940156, 0.01519231686721167, 0.015424728394776316, 0.015148957036953535, 0.014971450872091945, 0.014896991560993944, 0.015273738155718874, 0.015156815290913683, 0.01502420826244839, 0.015557978012579564, 0.015051140001445059, 0.015023959230482387, 0.014894483191842082, 0.015370623771155367, 0.014891546878817219, 0.015037170655656433, 0.014847018231887676, 0.015230293896373252, 0.014670331384704497, 0.014814263369408987, 0.014960581499861118, 0.014956875660817975, 0.014813704184886554, 0.014764200784771041, 0.015120805393178045, 0.014745934908118924, 0.01540412138164205, 0.014797740561649321, 0.014782180925144243, 0.015146566440605864, 0.01492895236467967, 0.014825309092259037, 0.014721503233849808, 0.014966813122211327, 0.014779548809816802, 0.015165652874547055, 0.014758514749054668, 0.014753905676468766, 0.015618092369066866, 0.01475942641373057, 0.01597424049423783, 0.015219853165986624, 0.015217053858709277, 0.015547784919871037, 0.015344176973110728, 0.015141477943595933, 0.014897839257890566, 0.015578960324260059, 0.015011474986490253, 0.015732660064756657, 0.014988416175386578, 0.016169056574827003, 0.014673877312391394, 0.01877743401937926, 0.015004976994235813, 0.020145712549174775, 0.015472375267595989, 0.01789291337941066, 0.014562841158025187, 0.020304543891973226, 0.015803852638063533, 0.01925466801786314, 0.014794071428729088, 0.02110106977370846, 0.014858810753333824, 0.017876607967786215, 0.015286095934406689, 0.017152611011061927, 0.015148746013164878, 0.016404162446954418, 0.016819492975006217, 0.014671422619625675, 0.018123219514647706, 0.014703037672357805, 0.016435430851395406, 0.01514052549500277, 0.015695515373896907, 0.015906976136440452, 0.014785942337755952, 0.015480358449206083, 0.01465165547798166, 0.014676369055876966, 0.014780241951956558, 0.015009157740262432, 0.014918460706731713, 0.014974896467484755, 0.014704815794825932, 0.015212563158508914, 0.014632537041590454, 0.01470244245670408, 0.01457735171870334, 0.014919998723429135, 0.014597716860156217, 0.016444815539220187, 0.015530019375528892, 0.015168387117366372, 0.016710004528043255, 0.014895244846175241, 0.01623982775063464, 0.014738336578433335, 0.016490386155930074, 0.014850445401951939, 0.01625834933969805, 0.016457272563886457, 0.014495694060631205, 0.01750745748140889, 0.014576412628060307, 0.015785820933370567, 0.014772187065814048, 0.015607874693714115, 0.01556499171411982, 0.014616475358658409, 0.015098473163553096, 0.014470503300799381, 0.01454532724086849, 0.014588946430760147, 0.014456294642727054, 0.014455501815937515, 0.014393983243513103, 0.014535780634297857, 0.0144861408539107, 0.014457367032036888, 0.014368714977946838, 0.014565774167391382, 0.0144551059518998, 0.014817827791563175, 0.014382973021471866, 0.014459858863376938, 0.014368088695318589, 0.014747735466573179, 0.01436655215823998, 0.014467049477575182, 0.014349055726652115, 0.014714778814606762, 0.014330945868677631, 0.01443898482843507, 0.01497795310827463, 0.01431937096525227, 0.015247222705732795, 0.014671985865974428, 0.014853726618996936, 0.014805805780940167, 0.014558112062748547, 0.014791406499934323, 0.014291007371428688, 0.014384978865679495, 0.014343482315519417, 0.014828192101266872, 0.014252201848908425, 0.014344136407146935, 0.01542409347233807, 0.014317346264981252, 0.015821779110582735, 0.01421746709749653, 0.014763180429530363, 0.014301210787093267, 0.014305602163654129, 0.014807052962051663, 0.014162867228116912, 0.015187758849650427, 0.014483099988862234, 0.014810249073857463, 0.01467842187699201, 0.014547890338512625, 0.014656587772283762, 0.01417321982122216, 0.014259297047235126, 0.01423647284663675, 0.014653946472470904, 0.014163966739334899, 0.014265724115418543, 0.014181108674396882, 0.014543712069841648, 0.014098783564770094, 0.014158470955944717, 0.01409292939351771, 0.014415966454149482, 0.014091675798229931, 0.015107435633010981, 0.014222034774769882, 0.015428902923741607, 0.014299315008359863, 0.015607650635226246, 0.01522335792100985, 0.01449641976634456, 0.01544668187734302, 0.014269165081752593, 0.01483436388282418, 0.013873277497929713, 0.014207695897461868, 0.014127273531600164, 0.015855070048401042, 0.01428820116692286, 0.016147000114066678, 0.014177826182917509, 0.014690553984685129, 0.014336540564317624, 0.014623087913004257, 0.014981490012048253, 0.014030620170660684, 0.014811113465215443, 0.014036968241560376, 0.014065545241676873, 0.014185702543771654, 0.014211822537494806, 0.013979664025622406, 0.014189604939251465, 0.013949701347515274, 0.014422602827859447, 0.013954825732211275, 0.015234786387666876, 0.014277342294984972, 0.015283482221635879, 0.014192675894097546, 0.015568931272885585, 0.015109764984421424, 0.01439999010005888, 0.01585066619689207, 0.014248304599509699, 0.015235372155270037, 0.013919679285871588, 0.01606047013836603, 0.013913424338866942, 0.015219074115174354, 0.014281444078426757, 0.014871012525375538, 0.015524136220695343, 0.014586183297716694, 0.01552314866828997, 0.013879698216868446, 0.01428054097381823, 0.013939252430190018, 0.014015295900893716, 0.01386407482245896, 0.014148981238829432, 0.01399087595421935, 0.013950033692621943, 0.015605711930453146, 0.014221861290256805, 0.01533215247222119, 0.01411189229594733, 0.014564830925898746, 0.014412040561792693, 0.014159695342304218, 0.014517112111460844, 0.013814088795256352, 0.015460758854212798, 0.014252266656089403, 0.014905274217180225, 0.015227698459920563, 0.014228100089471578, 0.015086340502536736, 0.013605845107616782, 0.016145594203279115, 0.01378966939400702, 0.014722178751498621, 0.014029672938633725, 0.014667940514244032, 0.014994963480513306, 0.01413676172210101, 0.014839913320823923, 0.013744489773173552, 0.015213604707246281, 0.013756712754762083, 0.0159314081183461, 0.014680337533060887, 0.01452469487839072, 0.01633397947138709, 0.014103509163004891, 0.015718316022425786, 0.013919571891850906, 0.015903518510413654, 0.014003659468194802, 0.014311794189355615, 0.01428617817715413, 0.013844622431003635, 0.01521005847697917, 0.013687432337679549, 0.014436706370162576, 0.013783834400158996, 0.013764013801745344, 0.014188634194260709, 0.013692695080452122, 0.01368995725254824, 0.013849191746959538, 0.013722841293840753, 0.013664759508959295, 0.0140779899581444, 0.01372541971944617, 0.01377552816889554, 0.013776976731769584, 0.01373208656011196, 0.013652241696396457, 0.01363565414583009, 0.013750252732223562, 0.013629875438531476, 0.014327900834097825, 0.01378946771265877, 0.013702533664616058, 0.015579603050637963, 0.013923605306189801, 0.015345711439724756, 0.013885974574102688, 0.014574296926307427, 0.014540765471023469, 0.013751739364454972, 0.015497467192567822, 0.013679113105685835, 0.014962478223209869, 0.013700144097793071, 0.015252240171570557, 0.01370004468837222, 0.014925253417154507, 0.01443041187627326, 0.013909227243612033, 0.014854821113067252, 0.01377858943726204, 0.014356099623064621, 0.013527981928023515, 0.014792535841742914, 0.013553229946141453, 0.014162843507919208, 0.013766256337371162, 0.014203788366792702, 0.014541171168683394, 0.013607044728284461, 0.014272134809378974, 0.013599538735098698, 0.014498011923341752, 0.014227173640750183, 0.013591627819627637, 0.016295439929168896, 0.014282653479273736, 0.01500409531458431, 0.014497874848020377, 0.0137640671352132, 0.014153071564737885, 0.013466866389175847, 0.01434118507750107, 0.013731278755009325, 0.01359497651174924, 0.013738521379863654, 0.013522800094741138, 0.013886012575250838, 0.013454189427048539, 0.013642217053039642, 0.013424389467656256, 0.014036593364393647, 0.01353560966017444, 0.013543265773704403, 0.014976361124123054, 0.01357963141090739, 0.015385815510868105, 0.013565971553935156, 0.014964668856242775, 0.014650386888007407, 0.013624220241197204, 0.014874144398941368, 0.013523870627675995, 0.014394012638058628, 0.013459913777436733, 0.014623125565952726, 0.013424681411413853, 0.013840986233185108, 0.013443865002721407, 0.013525620160467185, 0.013551914702351007, 0.014025923536757601, 0.013350490763422283, 0.013749121990464236, 0.013363489398459882, 0.014004522965332956, 0.013760337138364763, 0.013609664308397218, 0.013603965900346964, 0.013618978512979165, 0.01363780179475476, 0.013449464808217486, 0.013663881963302054, 0.013387555534641389, 0.014228478112049137, 0.013379319395184991, 0.013689081739711017, 0.013401274759091357, 0.013429571221405727, 0.013529183167823448, 0.013463766329538244, 0.013340364292156077, 0.015016766630195265, 0.013506126280976584, 0.015392193012304324, 0.013397979153171707, 0.013807622623978168, 0.013525407358593271, 0.01393407564378934, 0.014262293180751158, 0.013331557663582027, 0.016246328322499313, 0.014324449576078398, 0.01458144565269573, 0.014661226752753866, 0.014265825489173399, 0.015322038226268753, 0.013206711069008165, 0.013463694065810132, 0.013228896964349672, 0.013322839027040739, 0.013285035547935909, 0.013374471770604902, 0.013202874945164499, 0.013311949773216748, 0.013209980623610184, 0.01347185144382425, 0.013204549664429344, 0.013302646895163722, 0.014440417479073453, 0.013278293239594185, 0.014323109849642855, 0.01327695637846824, 0.013683012108969828, 0.013351355259371627, 0.013667453503638832, 0.013708637290917335, 0.013249585287125294, 0.015582710105371567, 0.01391704099409991, 0.014628414397931439, 0.01401336127568855, 0.013370741605579727, 0.013750680347264716, 0.013157219434833995, 0.014404653913339, 0.013174138631704184, 0.016339558724185393, 0.014491915808859451, 0.014380789651886293, 0.014407384756494711, 0.013970750806570474, 0.014887296773390641, 0.013108006493728381, 0.01582502539318818, 0.013227787748888114, 0.015026787853768264, 0.01350903975871665, 0.014802138382883035, 0.013125995717982982, 0.014198242411725591, 0.014105876411648273, 0.013272121249491137, 0.01377883016527884, 0.013139630681159132, 0.013506150592159722, 0.01313921117849154, 0.0132167530912923, 0.013079326675792419, 0.0132328746616736, 0.013102343905415897, 0.013067640189503653, 0.01324133005073813, 0.012990620725951045, 0.013444381564938311, 0.013030457429544123, 0.013306418209299014, 0.013028723375126667, 0.013030928749420386, 0.013261334037884744, 0.012962674961983734, 0.013656124746958948, 0.013139924088810389, 0.013080750084935994, 0.014436904300451074, 0.013219082684340348, 0.01466277988461201, 0.013128778818305325, 0.014621282414358016, 0.014203836290421124, 0.013410222808854157, 0.014680164366981729, 0.013283760501249915, 0.014183304169334039, 0.012973853695148052, 0.014518901040014687, 0.012958208233688963, 0.0138922323133097, 0.013240424948590634, 0.013762650241191022, 0.01400555873376713, 0.012950754941505575, 0.013404725296904335, 0.01294957313143023, 0.013747860250700019, 0.013152197126291594, 0.013457654581822277, 0.013308494103947239, 0.013339300048175433, 0.013405514966630285, 0.013074688847950456, 0.01343020708204674, 0.012950015397989588, 0.013941080807210071, 0.01309881263457214, 0.013564316402807041, 0.013268332375500368, 0.013493174389284364, 0.014028818652971327, 0.013474996919378635, 0.013971566388147701, 0.012878459540865934, 0.014729427115012366, 0.012903454525595864, 0.013953595664706593, 0.013008466365548093, 0.013734639909214223, 0.01364103148218765, 0.012934289294967665, 0.01350069838074296, 0.012846014628342102, 0.013963795877649936, 0.013166162146526167, 0.013571559173787955, 0.01333870254875653, 0.013283255002255013, 0.013465368566187323, 0.012847138507815792, 0.014952693726455767, 0.013544115826428494, 0.01441792152896228, 0.01335807499530982, 0.013341680716329574, 0.013412259460489396, 0.013000104764522536, 0.013353937952877535, 0.01281526365469779, 0.013066683231047073, 0.012824240136665834, 0.013257935909018954, 0.012830618952193791, 0.012863592264552819, 0.013999426114684153, 0.012858206669587141, 0.014152345519405425, 0.012759555393715833, 0.013208562077263975, 0.0128986829681688, 0.012932740532612275, 0.012906428855562136, 0.01326767466814045, 0.012979035441950053, 0.013077926666864644, 0.012963328898657504, 0.012955775934755687, 0.013038749839343782, 0.012798758522347102, 0.013050695322440964, 0.012759127247674085, 0.014548820916624149, 0.012928621235192271, 0.01491005182034267, 0.012866711846789265, 0.013372266513185977, 0.013068261356926897, 0.013056869906442064, 0.01309196637942025, 0.012903540847148821, 0.013165361871289636, 0.012784213242446484, 0.01350600300152736, 0.012706839045558666, 0.012941000150712001, 0.012855860674107537, 0.013051857245641079, 0.01266229680351434, 0.013605308462829696, 0.012769579838931093, 0.01303544002132047, 0.01285999566258114, 0.012835047488960511, 0.012753068797609091, 0.012652671578962283, 0.012761686551835754, 0.012761538891656342, 0.012630603783346083, 0.013011699612181656, 0.012612602330566961, 0.012884502279171038, 0.012695175015188466, 0.012998317870658443, 0.012633049359045613, 0.012641909619112324, 0.012617402702916482, 0.012800053640996827, 0.012448111348966694, 0.013304578132706786, 0.012604515670038176, 0.013395226379964976, 0.012955571529907268, 0.013072064528098533, 0.013029913427208743, 0.01276117571875836, 0.01286046478775036, 0.012723179776815386, 0.014588374153861505, 0.012689801439764569, 0.01269297379501834, 0.013004953510471385, 0.01262179284597944, 0.01329425507276641, 0.0125535394241984, 0.013269093647155138, 0.012667326404746675, 0.012723947135786028, 0.01416680950081939, 0.012601826702615653, 0.014793426756105382, 0.012625803164532602, 0.014056583332435231, 0.012814831996693386, 0.013587225505459561, 0.012849048520183003, 0.01325775717385358, 0.012959429907425506, 0.013004289760240489, 0.01298588827788885, 0.012755196386905587, 0.013026635580585021, 0.01258283980662696, 0.013281741317496848, 0.012530979836041777, 0.012670879931556932, 0.012615257816932991, 0.01269924419204193, 0.012562762436815443, 0.013031449436661622, 0.012668953069967188, 0.012781165283560054, 0.012667362862845128, 0.012776427025000274, 0.012776052894640032, 0.01256129025021711, 0.01308887138992646, 0.012462409032859606, 0.01272216860296339, 0.012502065428906016, 0.012711083940284, 0.01242649574393313, 0.013072999761317854, 0.012519334793153375, 0.012699489035919704, 0.012588197606477985, 0.012735305053748302, 0.012459755107160226, 0.013119529025935361, 0.01245216825887152, 0.012599274914785796, 0.012503057051559407, 0.01276520198100667, 0.01237216849053695, 0.012763523051015212, 0.012382354598198997, 0.012712570783839583, 0.012440500253297614, 0.012587825390105056, 0.012387747841042756, 0.012711026151755874, 0.012382768794265841, 0.012446426461491343, 0.012366554735662044, 0.012451131259126513, 0.01234143158807374, 0.012357576283212261, 0.0123639295475985, 0.012365877003020071, 0.012495049564990758, 0.012417780777673698, 0.012757023428601112, 0.01234103451139078, 0.013116634064053685, 0.012379854916044314, 0.012744640292929564, 0.012452839533207428, 0.012692355112047977, 0.012349787321069132, 0.012333474216845646, 0.012307380460089118, 0.012319344429931616, 0.012382442720892483, 0.012308963229228559, 0.012295167886090736, 0.012316467829614718, 0.012662847151437267, 0.012234128592611353, 0.012843189598190115, 0.012330565464103348, 0.012409491625077146, 0.013658642049322801, 0.012292589592794513, 0.014781604773782701, 0.013129839195501296, 0.013727399575498051, 0.012614754711210867, 0.013429722611107354, 0.013098477000965498, 0.01310349848418803, 0.012645989554771203, 0.01356261802512297, 0.013381103249423147, 0.013430999122740166, 0.01287523050162258, 0.014119772016540633, 0.013636104613992228, 0.014217781150175218, 0.01249252279963155, 0.014143285972035104, 0.013038045604929306, 0.014108949281101048, 0.01229248767159819, 0.015151588022780861, 0.013147614149681474, 0.0150960088842671, 0.012264532181192028, 0.016885922924923892, 0.012553531865319944, 0.015220876767626977, 0.012615591587507646, 0.015310121128680264, 0.012249353343642555, 0.013485571393244218, 0.012592393151184295, 0.01310190297813693, 0.013447538170851097, 0.013031114866618959, 0.013951934436110208, 0.01222898468481684, 0.014109939309106635, 0.012274357417530845, 0.013097012686506008, 0.012336423612503328, 0.012274683657195128, 0.012313739053078183, 0.012519877147825702, 0.012266932879457354, 0.012307373053828424, 0.012221654493828974, 0.01228749558678624, 0.012259057355922648, 0.012201797753723497, 0.012206105791388429, 0.012242802428359519, 0.012234906677706275, 0.012190339427019407, 0.012124329157003899, 0.012984206252156584, 0.012192582270532316, 0.01218026858395549, 0.012330701971021246, 0.012226876488281397, 0.012167008573734643, 0.012235177005845132, 0.01215950333470132, 0.01226584936747812, 0.01218912075660683, 0.01219868331967338, 0.013471584938185831, 0.01220973771410873, 0.012172235137314606, 0.012428234746801513, 0.012153714626402932, 0.013294783384883147, 0.012216711528657291, 0.013735398585195468, 0.012144502356754067, 0.012894152953569831, 0.012203051028984602, 0.012172581097235902, 0.012357786354808753, 0.012178292633831224, 0.012119627230595674, 0.012085264386244642, 0.01265255894484023, 0.012101645960212154, 0.012842921277337181, 0.012266257105195254, 0.012700867627276548, 0.012469598353687151, 0.012331751673906662, 0.012416166774374453, 0.012178220544777761, 0.014333918647626665, 0.012240392155069042, 0.012127947156541379, 0.012437712205954106, 0.012115731657101069, 0.012210112221914772, 0.012731608002118077, 0.012131463669865788, 0.013148058182264858, 0.012169462438544608, 0.01532901421407235, 0.012720774442034621, 0.014661448120868626, 0.012019296977116985, 0.013077448455446424, 0.012190714827258886, 0.01200433387263225, 0.012022531907209972, 0.01194019911668106, 0.012046712947476472, 0.012007466509913033, 0.012002333678621526, 0.011988034632610617, 0.011997836576704545, 0.011992904505362629, 0.01199195638068292, 0.011999361075214564, 0.012156151933036803, 0.01208395095769888, 0.013821727423174685, 0.01208345868436752, 0.012017060452388624, 0.012418504851170787, 0.011972093618460482, 0.012169984136638123, 0.011966511286873803, 0.012375163574052762, 0.011959774531492494, 0.012098451991449629, 0.011955327326950203, 0.012059843189244803, 0.012063171646113324, 0.012007978165829042, 0.012036738778448342, 0.011949308880040534, 0.012020082796745102, 0.011908149913851274, 0.011923946875698073, 0.01189754397896539, 0.011769096629982562, 0.012002584471006411, 0.011919603615640035, 0.012715349171668172, 0.011933841503374305, 0.012954132745543296, 0.01193015324662044, 0.014952469280974308, 0.01238683050170349, 0.014530407071247104, 0.012114238091455039, 0.013706570373864317, 0.011906492296343203, 0.011964335465145203, 0.012085944253691668, 0.011990554425971104, 0.013815813596221988, 0.012035641983333095, 0.01191661560493551, 0.012351640738446827, 0.011891896005697828, 0.012524948024289672, 0.01180816991078686, 0.011881524543617213, 0.011886199193974562, 0.011871006771199096, 0.011831759612511749, 0.011877893209979512, 0.012832249248750134, 0.011868473302924853, 0.013246112467670068, 0.012130760514963791, 0.012993992189281732, 0.011822813692414204, 0.01324773194013224, 0.011981762409149516, 0.012741756092682138, 0.011819442497820232, 0.013508848220833047, 0.012269931106549937, 0.01281753381714608, 0.011872807761705568, 0.01372280580774795, 0.012394032924182613, 0.01327409194362182, 0.011824447465034521, 0.014263978372022259, 0.012033507353217282, 0.013564338683549759, 0.011837604719638973, 0.014054247755380379, 0.01195804149079391, 0.013274276651491779, 0.011839466523482544, 0.014236059074835035, 0.011811948207296873, 0.01477598271159825, 0.012700744966422163, 0.013825501363640373, 0.011980141241700578, 0.013203801201818598, 0.01258949298594323, 0.012478150943643594, 0.013139643283762631, 0.013138065367299424, 0.01411076880209207, 0.011789049219974675, 0.01595961680650495, 0.012422444861600044, 0.014548374013507165, 0.011891508788337214, 0.012104587398250518, 0.01186961062938215, 0.011778083156154208, 0.012393701997177703, 0.01178462247466064, 0.011813233618795653, 0.011940396109850253, 0.011779291346229369, 0.012625268550696312, 0.011848500237051226, 0.012506777613629689, 0.012271050288304814, 0.012174421278722397, 0.012095577816830102, 0.011995405693036188, 0.011941890810495688, 0.011958754312686792, 0.011932993680465898, 0.011969625763925245, 0.01180589030853741, 0.011727234273465649, 0.011730214120121487, 0.011719095926955424, 0.011746018699076582, 0.01169832118917385, 0.012154198186467423, 0.01155688354740163, 0.011717521068499125, 0.011760890529911184, 0.011729704063097956, 0.011696682156398429, 0.011679149372527797, 0.011707402966449516, 0.011754248974875814, 0.011728543423730075, 0.011670506357713785, 0.011614163328937216, 0.011755040840149304, 0.011732909207224907, 0.01163570099322523, 0.011632198527864472, 0.011665180418115118, 0.01178901659646297, 0.011644113314872667, 0.012001623851753684, 0.011632376574368958, 0.011763281454172143, 0.012362874571804551, 0.011682279151127144, 0.01295244083979308, 0.012185861980887704, 0.012717479194088888, 0.011753410171771174, 0.013496999985905554, 0.012534157734765756, 0.013308062955565607, 0.01178543925014331, 0.014319329459052272, 0.012846487376472966, 0.014391934371940746, 0.011747154180026316, 0.015616008689546618, 0.013026844172272406, 0.015532517095983057, 0.011759177233646197, 0.017208979878644125, 0.012247756970081307, 0.014841795334198412, 0.012007536373594318, 0.01491233451409147, 0.011630002178793468, 0.013434484053215252, 0.012320347120716032, 0.012841938763289911, 0.01185643977726138, 0.012442156293583405, 0.012177523887211921, 0.012121795884940313, 0.012278940167830588, 0.011658309464688326, 0.012149755904533184, 0.011636752066488678, 0.012045679918334195, 0.011636252477744828, 0.011696253536593239, 0.011653885621803188, 0.01180081818353274, 0.011611324036288643, 0.011972973657279683, 0.011599967483896174, 0.011720377152300475, 0.012547758055905996, 0.011637898435395116, 0.011701491014730413, 0.011907258335097428, 0.011624870899117684, 0.011786705188116165, 0.011579923070374561, 0.011861615378494476, 0.011563468239867024, 0.012023699612368644, 0.011575311896323342, 0.012063033640936678, 0.011745602432508911, 0.012013179662052008, 0.011781492637439066, 0.011789579452741394, 0.011638641896386283, 0.011902559045747855, 0.011547427258886293, 0.011766435141385655, 0.011541274050560714, 0.01183701428855919, 0.011552758539622093, 0.011585968709186238, 0.012610035442717759, 0.011557237419461696, 0.012632053307504014, 0.01154755025698926, 0.014450353947759426, 0.01257337471953928, 0.013052466834107945, 0.011762592118490366, 0.01250736479553294, 0.012228570356114833, 0.012096042868063673, 0.012791141884168737, 0.012758225977517822, 0.013677871067737208, 0.011510041905303626, 0.014147473089747535, 0.011575299108926396, 0.01605686018351739, 0.013153014328802882, 0.013315103033991416, 0.012324069743589143, 0.01215039679688319, 0.01240822543343145, 0.011536140223943243, 0.013452369162565673, 0.011594131892366492, 0.0155428483520827, 0.013321666277050998, 0.01233036262490811, 0.01564818414584291, 0.013388648062110002, 0.017323533891504064, 0.011964962318504802, 0.018385204152473692, 0.011519927939923319, 0.01461962910136651, 0.013525507698446211, 0.011868127243501387, 0.013981632339150903, 0.011420257613712355, 0.012901384607461049, 0.012037121172453204, 0.012253720866326092, 0.012786814172296103, 0.011901486797205253, 0.012737400939760501, 0.011598003492150805, 0.012684579317367696, 0.011601688009357587, 0.011837842858099272, 0.011716791504051636, 0.011608512777817392, 0.01213418158088948, 0.011575844535050889, 0.01159786253120713, 0.012859569178712772, 0.011857932478116175, 0.012273577556229666, 0.0124325383346035, 0.011536644677427406, 0.012249055913015859, 0.011529208181903906, 0.012130760909424988, 0.01183861113747885, 0.011732121791173921, 0.012063221311317708, 0.011486266980384463, 0.012334842430529609, 0.011644397790198975, 0.011944931915195028, 0.011878828064742912, 0.011557390695843496, 0.011812547924783433, 0.011436210408645509, 0.011625652922872414, 0.01231623509618522, 0.011434876025480257, 0.012496096362659742, 0.011427310156232183, 0.011992603021077564, 0.011540120567737216, 0.01145906868871483, 0.011561842993251763, 0.011997146848807283, 0.011423226463630748, 0.012144816945081046, 0.011574410637752181, 0.012008836757427081, 0.011917227239946815, 0.01151660409548741, 0.012537286102866651, 0.011659098100525784, 0.012544683681541645, 0.011419134835438561, 0.011519135178842949, 0.01177769667823119, 0.011427933669188999, 0.011717926482910403, 0.01138813532355002, 0.011729542921989163, 0.011389643058084471, 0.011509154453155163, 0.012428765659149653, 0.011435262530360845, 0.01229599330606741, 0.011365214481882067, 0.011723440006958635, 0.011325168283530772, 0.011444768425829777, 0.011372677379490055, 0.011588270503694447, 0.01132831918465463, 0.011578133908420475, 0.011377616447691863, 0.011652618215467342, 0.011433789497161562, 0.011390657951040604, 0.011891462139105186, 0.011377933032209388, 0.012040489567780603, 0.01144865418149641, 0.011761893453432877, 0.011657622796161312, 0.011557633990147973, 0.011460600536361075, 0.01142261594317714, 0.012987643809475417, 0.01161254971979611, 0.012459741342764351, 0.01128185164919232, 0.01166932486136431, 0.011462708710454033, 0.01146238540809335, 0.011416884178611569, 0.011276829666233744, 0.01194064514804739, 0.011333548697508229, 0.011303848420760645, 0.011524950588069351, 0.011299486598289216, 0.011379236949792666, 0.011870251222574296, 0.011279080878385096, 0.011839732987783978, 0.011314524728253674, 0.011365239057796324, 0.011279679422538342, 0.01128450768241711, 0.011373592133970312, 0.01130139924797408, 0.012157893688636477, 0.011277022985183483, 0.011816716923039004, 0.011399790617738702, 0.01171071796425392, 0.011622940624294024, 0.01136591445017285, 0.011495985757633448, 0.011397318516535498, 0.01321897057000234, 0.011597822953138439, 0.01304682309145926, 0.011281492545117278, 0.011847237946323254, 0.011387242783076136, 0.011293756775414941, 0.011776289829553359, 0.011201062548054683, 0.011454695632736005, 0.012476329790656777, 0.011284263565838799, 0.011881233094553318, 0.011494591996419577, 0.011811822757097494, 0.011690203189637538, 0.011363035221572736, 0.011585496773263943, 0.011314544417034155, 0.013311169016313053, 0.011635947558511968, 0.012663282484609599, 0.011354021356212845, 0.011946626534336785, 0.011471241055725188, 0.01175468414910419, 0.01173595409286257, 0.011333486056122895, 0.013675202534188018, 0.011773425316800916, 0.013129401309065751, 0.011600150533466908, 0.012031383396356447, 0.012262908348964102, 0.011265479045289144, 0.01319065501974104, 0.01123637203692774, 0.014165775220884008, 0.01220149276540412, 0.012740759351195802, 0.011803882543975004, 0.011795348009887841, 0.01211170256557737, 0.011297012283724402, 0.012404728849668582, 0.011171740819422108, 0.01213234893066203, 0.011375952424364798, 0.01190999377837515, 0.01173885661247509, 0.011323941344996704, 0.011644159100610074, 0.011274022557682221, 0.011957883000458207, 0.011192265187445559, 0.01133632554981421, 0.01263926212048974, 0.011307061121299913, 0.012673096603264784, 0.011208731864090946, 0.011759606545871838, 0.011393919618723098, 0.011522100711480347, 0.0113950991440789, 0.011340512836589685, 0.011359560081142367, 0.011225157049291388, 0.011761805353080312, 0.011111163677736053, 0.011475631416093262, 0.011114445133320475, 0.01162441737786349, 0.011208219108486107, 0.011187388918650234, 0.011974748034886528, 0.011116594847432916, 0.01230909814907561, 0.011091152740783265, 0.011815411341790892, 0.011174554991963405, 0.01111822684141287, 0.011172452748411983, 0.011368237328142032, 0.011161064674419996, 0.012245995468613928, 0.011178599763499797, 0.011073036724509202, 0.011225811844021234, 0.011074328398115651, 0.011048594902293964, 0.011116240757157296, 0.011097776221459408, 0.01103951777835481, 0.01105348505919209, 0.01105881256132889, 0.011098132479180014, 0.011146070170638412, 0.01106943385159418, 0.011102444849763238, 0.01104738739883501, 0.011120674435257737, 0.01102265089380776, 0.011105721118862797, 0.011038364292383356, 0.011170205496929144, 0.01111626092245634, 0.011384741474203252, 0.01102563389138375, 0.011710083065125122, 0.011039907597964289, 0.011193497911621166, 0.012312163765066813, 0.011044104172747355, 0.010993909872424644, 0.011094135358495448, 0.011006293507066743, 0.010982038778276948, 0.011036108969642772, 0.011205401150041362, 0.011115336126870417, 0.011926207161873542, 0.010963731590589998, 0.012497762988616651, 0.011169488621769764, 0.011844248349775786, 0.01101896831561167, 0.01229222743164856, 0.011235611240164119, 0.014700775792068554, 0.01145807294474873, 0.015185226733655528, 0.011296662980170612, 0.013571709763685774, 0.011117085045865704, 0.01407245217346973, 0.01109712432266065, 0.014695073945880044, 0.011778207836924267, 0.013710650537615747, 0.010995199303441477, 0.01208882398559052, 0.011472201879725731, 0.011458464752247544, 0.011574682937803756, 0.011057443528250858, 0.012722302421820693, 0.011403970191033732, 0.01234886713735661, 0.011322827795041228, 0.011647740900365673, 0.01177552803813431, 0.011055299754133179, 0.012348190947278136, 0.011207175172165303, 0.01222994778884236, 0.01102798235633358, 0.012245957095346564, 0.010967079994662328, 0.011430794180903437, 0.011119275894516582, 0.011165516773271598, 0.011066473637754542, 0.011591835287959262, 0.010953482710952124, 0.011224152402223065, 0.010944516321829682, 0.011449479663714181, 0.011022509433606081, 0.01098220232514538, 0.012314920874799724, 0.011158853935423417, 0.01191434108174947, 0.011129703263616916, 0.011739969219351576, 0.011543858110298975, 0.011255292542615232, 0.01159751824240593, 0.010952755806034444, 0.013560808630587813, 0.011970516081643371, 0.01199737121140646, 0.0114967840195556, 0.0112669749145389, 0.011471934259370932, 0.010970948163183935, 0.01153093608056514, 0.010902056957292976, 0.011256992478011952, 0.010976404947898206, 0.011191981219348076, 0.010913618438081163, 0.010857159577921856, 0.010849357928789261, 0.010931285088111675, 0.011109836034104762, 0.010912109099010699, 0.012556757769987421, 0.011230688767278467, 0.010869954726834923, 0.011276314926092438, 0.010867347956157132, 0.011006983694985834, 0.011320914256688935, 0.010881315129225688, 0.011545135534464174, 0.010931659580995956, 0.013720402539104004, 0.011847697927100036, 0.01233544295907655, 0.011126774561351539, 0.011774661755727911, 0.011701427057771059, 0.011090923299390772, 0.011537215913879417, 0.010931865307625226, 0.011303582069951941, 0.010844189508295287, 0.011628906021074041, 0.010865989627819674, 0.01122125456865426, 0.010801697185852362, 0.011442589659161988, 0.010870478008015811, 0.01107949841936848, 0.010905101149355752, 0.010898293567892035, 0.01083359030383537, 0.01081349194170047, 0.010813630755110356, 0.010802746052308299, 0.010883932708930568, 0.01081409633490648, 0.011491355368877505, 0.01082300168782583, 0.011636138170432665, 0.010765778223366749, 0.011016033983127478, 0.011467713965885735, 0.010818137942022223, 0.01206014866124827, 0.011047408573921908, 0.013264414672515955, 0.011137395277675228, 0.010920180854814788, 0.010903625195251032, 0.010726086464174238, 0.01079797386332167, 0.011074611242284638, 0.011585050166513096, 0.01078589849485334, 0.011826920661107809, 0.010948365357715846, 0.011564615635128561, 0.010754820823562928, 0.011670490557858758, 0.010876603651248842, 0.011770959275318625, 0.010754297281852331, 0.012085553023200652, 0.010956396180361195, 0.013276894317202385, 0.011163073412391353, 0.012640470265300378, 0.010853173424679303, 0.011369421522929034, 0.011101071248404848, 0.010992618112005421, 0.01096502642081472, 0.011005815540355757, 0.010849777113425873, 0.011031574119476993, 0.01080786381393306, 0.010735210026889359, 0.0112504520968259, 0.010699930498494999, 0.011357784391800317, 0.010764840255999204, 0.010874237805834207, 0.010955479376286633, 0.010825916403690369, 0.01075631208586038, 0.01088153690453849, 0.010715831763083834, 0.010655710252427337, 0.010756263446814015, 0.011008286454485523, 0.010711089049861839, 0.011579013516080393, 0.010689033858713151, 0.011487266780539433, 0.010728922814629284, 0.01149623744884174, 0.010726180680104273, 0.010697935538505428, 0.010910680940767815, 0.010876297897498307, 0.010740405005596067, 0.010727932029792305, 0.0107831790567401, 0.010898471539299527, 0.010686835363060825, 0.011161499393641526, 0.01065049870200674, 0.011022232150100758, 0.010674016423755628, 0.011015219073691839, 0.010737364996059129, 0.01091948032338963, 0.010805464794226815, 0.010680719625392047, 0.01097362623471354, 0.010616530545991381, 0.01067405693035935, 0.01066817998410832, 0.010771637317430026, 0.010516785803641425, 0.010677188577627127, 0.010628146323740293, 0.010950461818689241, 0.010635820554625898, 0.010929086305366036, 0.010643085567265849, 0.010697427942252959, 0.011509889408208419, 0.01059020266585392, 0.012240962326944662, 0.011146923134273398, 0.011555496321476634, 0.010740690526417901, 0.010960724642074374, 0.010794704324318206, 0.010957161067784467, 0.010675555571923602, 0.010982576917583841, 0.010605852636637134, 0.010627540985264696, 0.011072240275662, 0.010580539569759762, 0.011063780993709528, 0.010579683591677588, 0.01181098861871757, 0.010650281911375297, 0.011758712366489848, 0.010952048227461469, 0.01442114142817078, 0.011009821022009675, 0.011165979773996183, 0.010860473873973776, 0.011317625425499151, 0.010998176121420329, 0.01098216225232111, 0.010719143572155594, 0.011199030019986846, 0.010802554555539223, 0.010687779575677714, 0.010855352839780126, 0.010605409399685862, 0.010641814424780273, 0.011847611313432775, 0.010478610690355578, 0.010575592150920163, 0.010659769272561563, 0.010643169227227838, 0.012387370178617603, 0.010773674828310572, 0.011017839921646944, 0.010638022530821372, 0.01072399797550882, 0.010573528019892291, 0.010598375314209648, 0.01054859892346735, 0.010524342183667205, 0.010547685509832675, 0.0105715918280695, 0.010497644576385119, 0.010511049353348395, 0.01049525362336316, 0.010720276249182854, 0.010581489382555044, 0.010742443655606103, 0.010649452644141019, 0.010649814108795102, 0.010574127016459572, 0.011046441043974542, 0.010516970895082224, 0.011510541586531042, 0.010930786442085783, 0.013920244662962033, 0.010643844513138025, 0.011093353454516617, 0.010598638535351552, 0.010712089725400574, 0.01201692462977414, 0.01051011113855412, 0.012765684526516895, 0.011110685204582514, 0.01246742636284271, 0.010527909991152823, 0.013008850065466898, 0.011425783700753821, 0.012552031437647685, 0.010538368358440586, 0.013467163191119595, 0.0127940551267767, 0.014087876978031199, 0.01074371469136811, 0.014271936771147102, 0.01436862182162099, 0.016363692747496574, 0.010460767429770548, 0.01968228228131436, 0.014915255107355417, 0.021755804421555624, 0.0106720055395838, 0.029384969869252743, 0.011210689053953187, 0.020426696907479745, 0.012990735349443712, 0.01462416472927887, 0.010753608206986178, 0.012812444225735197, 0.012665202178331164, 0.010644440784369548, 0.01432041913809143, 0.011949183713416795, 0.015796923660377757, 0.011894713248004028, 0.012666507638498537, 0.01233083426697152, 0.01174249667969775, 0.013672196659167985, 0.01132906053643437, 0.012051670015867107, 0.012689348023018087, 0.011172085265234, 0.012959456404458775, 0.011348292859226637, 0.011410656412660427, 0.011759691107945603, 0.010775342299387513, 0.011390452697036814, 0.01077111373908575, 0.010654281094208202, 0.011020688767435198, 0.010657559815635665, 0.010729773777782321, 0.010709073910428586, 0.010741677204851835, 0.010629550919012519, 0.010909131418237534, 0.010618912521137875, 0.010668774412464848, 0.011523007315855443, 0.010834094363948306, 0.010562025357012212, 0.010758686761785992, 0.010564620998513808, 0.010653640438273083, 0.010928422672737859, 0.011415105013257893, 0.010601877985699547, 0.011117138305332987, 0.01078105798004178, 0.010974103932903968, 0.011367316716355725, 0.010560025063646604, 0.011590125384351186, 0.01055135661948513, 0.011289309820299938, 0.010799792996051293, 0.0105231696621053, 0.010986438320413792, 0.010545570029408232, 0.010593651443280451, 0.010540047569172973, 0.01056075060658685, 0.010605030932816369, 0.010512280905435725, 0.010803149784917547, 0.0104912748311577, 0.010587770835639288, 0.010926400317415336, 0.011282192364083626, 0.01049037660155257, 0.011525984233868532, 0.010496063679319295, 0.012232953858825528, 0.011335109348659817, 0.010816428138768654, 0.011517204499530264, 0.011081193028511592, 0.012057774705464552, 0.010475137507306852, 0.011440924319898875, 0.01045914098507455, 0.012237183977669734, 0.010932694696573098, 0.011412679204939834, 0.010887425259563573, 0.010959779121217565, 0.0133416507413751, 0.011298458069198401, 0.011454850474958068, 0.010865492766242197, 0.010997621727441249, 0.011539948728221488, 0.010468396958288361, 0.010711416268616781, 0.010473857272058252, 0.010420392422713321, 0.011333875972523137, 0.010788244170782208, 0.01047332487163246, 0.011045261067294592, 0.010466616268946537, 0.010898895287806857, 0.010691387672662462, 0.010707200986816547, 0.010813719685912665, 0.010675694856503253, 0.012690137095655939, 0.011079088381805184, 0.011182787912980684, 0.011312444689859135, 0.011077392479676153, 0.01224802384839681, 0.010444903221541353, 0.011934628968412651, 0.01041080311653626, 0.011923986502161404, 0.011541599585888879, 0.010629890506710848, 0.011328946147931167, 0.010702294161924558, 0.011272717729411486, 0.010453490676594745, 0.01081206706181956, 0.010436651796279887, 0.010559113221519957, 0.011880491009178602, 0.010595521405055191, 0.010390033136157557, 0.010935147340092004, 0.010426728472440519, 0.010727201885563718, 0.010460459110871814, 0.010487340181118767, 0.010482226967479587, 0.010477908656696745, 0.011281350887301363, 0.010497312661888508, 0.01089714543864797, 0.010525242614212433, 0.01086895940250716, 0.012555743849955135, 0.010449629118080044, 0.01209811655765685, 0.010366859822118548, 0.01135404514839143, 0.010742472737012444, 0.010388645383030899, 0.010505888864782905, 0.010345228412506733, 0.01034946033579692, 0.010426728669446689, 0.010380344658870446, 0.010345090563560727, 0.010453651148248701, 0.01033112805233969, 0.010382972715793649, 0.010344300106694642, 0.010381649109077715, 0.010400231095269143, 0.010703850807986916, 0.010998420904095606, 0.010345523996401847, 0.010601040115884296, 0.010295664879302694, 0.010991445704009544, 0.01050370335203142, 0.010394823579238125, 0.01032391652592537, 0.01032053789744868, 0.010313866973258102, 0.010408513426405856, 0.0103193606243501, 0.010315776001792863, 0.010366035694855667, 0.010306674339853274, 0.010577958816793387, 0.010269433711708381, 0.011018346898251275, 0.010284177122286397, 0.010629940958169388, 0.010339957374992888, 0.010348997751867412, 0.010279770994801417, 0.010319370553457916, 0.010273506669325794, 0.010479463914637764, 0.010252863847831063, 0.01060031024596666, 0.010286650227056451, 0.010387603079613561, 0.010274332194870622, 0.010258341628095186, 0.010384658444262758, 0.011229492202495238, 0.010324025292949858, 0.01093147810421181, 0.01031500868699934, 0.01099731423005884, 0.010866122825357176, 0.010517920580706497, 0.010796331925981811, 0.010288424711337453, 0.010879868612189793, 0.010997578358836824, 0.010239724741347949, 0.011816434193452945, 0.010540703978389928, 0.012856711564433713, 0.010826156223687959, 0.012374549464004986, 0.010268320629726308, 0.012149041688313112, 0.011236873270777319, 0.010885657488473883, 0.01060945822436629, 0.01050830662287139, 0.010853130850613669, 0.010659808275316436, 0.010378196998831421, 0.01043195701885392, 0.010320022479411599, 0.01226455074565635, 0.01087379810066675, 0.010232338496109133, 0.010413497517879088, 0.010232045750136982, 0.010593261335287048, 0.010204106092891914, 0.010976870156521414, 0.010445897653722398, 0.011131544008662082, 0.010221432914707115, 0.010404541616986828, 0.010251579589101696, 0.01110178076633309, 0.010225548536956048, 0.011168028922227654, 0.010186445694687251, 0.011341450567021419, 0.010689749097623815, 0.01025239865024677, 0.010294629220217318, 0.010267123337290567, 0.010304728322326519, 0.010496836509664997, 0.01022419985945277, 0.010320158505378057, 0.010243535618653578, 0.010510598797038523, 0.010413702320095579, 0.01024324740627301, 0.010602661511767135, 0.010195227226076796, 0.010849717182729464, 0.011294621807331375, 0.010150070646189125, 0.012295062321041045, 0.010537467323220988, 0.01334179227593668, 0.010438804868745034, 0.013449815815524872, 0.010699644032894041, 0.014588535008850358, 0.011164381705326529, 0.012718220622984668, 0.010194954844119685, 0.014367871528392973, 0.012091740170422239, 0.011038782339485966, 0.01107315947729419, 0.01117730073193793, 0.012263999815183346, 0.010245808878995346, 0.011857482045515687, 0.010249894431237087, 0.012442672633720927, 0.011381610785505763, 0.010598122196429631, 0.011507721762352718, 0.011108149536170862, 0.01231029929471336, 0.010286997924114909, 0.010232328593879382, 0.010572001266340435, 0.0101970352437035, 0.011404538549198805, 0.010521843824210654, 0.010410602795793856, 0.010472213172905897, 0.010288883106402769, 0.010343860310259308, 0.010153094819259868, 0.010617633757049105, 0.010171564053365119, 0.01025449247747574, 0.010124623792418868, 0.010137919964267222, 0.010198308731486562, 0.01018510872062909, 0.010132041704852997, 0.01024763693357081, 0.010148328059880522, 0.01051078300119451, 0.010707889872230737, 0.010124682358993869, 0.011339956331785687, 0.010402679041696733, 0.011292395897326078, 0.010142471132961737, 0.010708068263921408, 0.010075321263886227, 0.010224888150592413, 0.011116731811073855, 0.010117395057341333, 0.01030964740760919, 0.010117533937328034, 0.010120175198343838, 0.010413700148763859, 0.01016607100690718, 0.01035012453463935, 0.010165110295814914, 0.010461907180209297, 0.010503996975813735, 0.010132978401371957, 0.010318197184254911, 0.010095488433352536, 0.010153581479370193, 0.01059244960572709, 0.010895922399666679, 0.010396183656653792, 0.010166752886547925, 0.010391563489154014, 0.01023902631524787, 0.010690039811053072, 0.010700254851465137, 0.01007890838525949, 0.010138578155773821, 0.010181746775260722, 0.010282154570188003, 0.0104405009669153, 0.010130858150435702, 0.010151132234081976, 0.010276050274008797, 0.010259855684028969, 0.010537571504409052, 0.010154622628680093, 0.010751772049835236, 0.01008094050804753, 0.011024649493119442, 0.010394000137468417, 0.010785955584526762, 0.010236856198143266, 0.010765142219691305, 0.011573496338273872, 0.010056242952943835, 0.012742688215464272, 0.012474798774226303, 0.014965996783052705, 0.010061319050824323, 0.01962469157510586, 0.015367114173379649, 0.021113739578284836, 0.010099373027771336, 0.017326844174296634, 0.012130811585309952, 0.017883069333928428, 0.010768167738724325, 0.012428498693768499, 0.010161017836463653, 0.013052635068493528, 0.011822379008302391, 0.010394150556836563, 0.012021103040090068, 0.011035822858997851, 0.01303019820419482, 0.010714704360693212, 0.010197368677297473, 0.01130151861599575, 0.010278197489306024, 0.011664192597606954, 0.010382085760472167, 0.010385953169692519, 0.01039089716993649, 0.010430067886143956, 0.011665635729277818, 0.010256878191389856, 0.01081787282329673, 0.01033222939753752, 0.0107480811569566, 0.012273296917143168, 0.010403187329468615, 0.010131871691671372, 0.010494585610346037, 0.01010249412695474, 0.011183184842580376, 0.010603364608597942, 0.010065142111709722, 0.010129824758344773, 0.01016079778295648, 0.01035670747504448, 0.010453830130361962, 0.010150217959997298, 0.010334733419242181, 0.0101211988279045, 0.010062661707997213, 0.010700649083007682, 0.010806208442682118, 0.010146363888501883, 0.010068761153736151, 0.010072923771741111, 0.010114382183988826, 0.010035304334151578, 0.010025235463879529, 0.01010910019730185, 0.01003751396069387, 0.01021256659271416, 0.010086362062044468, 0.010165114528464615, 0.010025728833313598, 0.01000575810973432, 0.009973390510606868, 0.010246521140464893, 0.009999371326599367, 0.00997307429587234, 0.010136440267446799, 0.009990009492593177, 0.009985797134980476, 0.010339494768667941, 0.01003002492046613, 0.009941000939211969, 0.010194478154461256, 0.009971206103985893, 0.010716728686164642, 0.010705851153892764, 0.009973348946362303, 0.010858752399706925, 0.010060859330765741, 0.011150033757918345, 0.010002836373263359, 0.009950748063151573, 0.009935158139113017, 0.010066861333249204, 0.009930918195972745, 0.0103075793590397, 0.009947370660988627, 0.010882421221941897, 0.010247155281018144, 0.010486216133482737, 0.010075182835538639, 0.010304364378512355, 0.010569262437044901, 0.009986235829863266, 0.00999481190652051, 0.009982000285333846, 0.009985427349223454, 0.01021527779917495, 0.010060648675595205, 0.010198274086679336, 0.00993962224720893, 0.01053107489775988, 0.009975754286551395, 0.010276009299718536, 0.00993749917155432, 0.009932937437691393, 0.009906022881695955, 0.01011445540337774, 0.009885914436983475, 0.009891011738906325, 0.009954586181877246, 0.010143833886477542, 0.009975313243779899, 0.010373388455790368, 0.01016187720259606, 0.010353426879854829, 0.009836984439123975, 0.00992132199316392, 0.009888663913733638, 0.010294797160304976, 0.009893843363158511, 0.009893431296430347, 0.009948123081322735, 0.01108145815933448, 0.010946827077380705, 0.009939051925990022, 0.009887792710463462, 0.010118224725067227, 0.009907175642701672, 0.010579574820386519, 0.01044220047168193, 0.00986283583714061, 0.010445501537445162, 0.009865298174271135, 0.010986495182260879, 0.011168853647501352, 0.009884576234248023, 0.012201401580692894, 0.011226979059580118, 0.012057533344174504, 0.00998450797536289, 0.013009368457995347, 0.012669546428387928, 0.015848206769227043, 0.009924562704209373, 0.012337296808503338, 0.010777984998596887, 0.012452804366355546, 0.00988486711096581, 0.013410744830033756, 0.013405271850531104, 0.015897388788658904, 0.009945128821045313, 0.018910280041998424, 0.011817604695341538, 0.01883501120480153, 0.01113702050645076, 0.015504774011309825, 0.010273873193692273, 0.015636310227856588, 0.012190875673672046, 0.010945690000879298, 0.010984120854474094, 0.011027969519192205, 0.015070943878510495, 0.010229077307183214, 0.014049625780727463, 0.010780739539388623, 0.016330593619336913, 0.012545981930850618, 0.010905194498549294, 0.012542114716048469, 0.011372396461887764, 0.01484602887589888, 0.011004156978990032, 0.010628336929763017, 0.011516656190508446, 0.01027475434015173, 0.012241305944647502, 0.010791471480353214, 0.010009896540944556, 0.010932666632707028, 0.010246597483002585, 0.012517353939635762, 0.010550696858061464, 0.0101878754660772, 0.010002637585638076, 0.010269280639193868, 0.011113030113489478, 0.010195929946335065, 0.01009994560099345, 0.010177428829817767, 0.010178149080145953, 0.010211865508675779, 0.010025562568505307, 0.01015148009962672, 0.009933256318310742, 0.010277179215102107, 0.010045184335493569, 0.009949499761043099, 0.010394737141854543, 0.009945182486448408, 0.012145507441579401, 0.010619740458313353, 0.01003171380104014, 0.011087526220017073, 0.01027379423294044, 0.011882777882124485, 0.010481449934806191, 0.010286867787063579, 0.010036556927192256, 0.010279461562883507, 0.011210035383211163, 0.010113104583288538, 0.01009412050828523, 0.009923615683251157, 0.009866610143191878, 0.010441114668607185, 0.010409539041617122, 0.009871649115565527, 0.010445857430480243, 0.009839006809790699, 0.010852315693536669, 0.011414362791542497, 0.009866071569981922, 0.009858260641952695, 0.009976884044753302, 0.009880724729993916, 0.0101681897579469, 0.009809474967922461, 0.01044135445123085, 0.00982587875071444, 0.011017990023095335, 0.012721129167728856, 0.010085896834018058, 0.012515375692922133, 0.010191437086015808, 0.012131879433263382, 0.010542444870101203, 0.009993988333010571, 0.010405280242190397, 0.009888165136978058, 0.011492328608334566, 0.010437624875033226, 0.009870524269882417, 0.010873284465543786, 0.010292515460006089, 0.012760046849445013, 0.010146713116095244, 0.011151248739100854, 0.009767848737410335, 0.011806580709242221, 0.010469906364738114, 0.009955187942727465, 0.009872930615627983, 0.010013299677626864, 0.010269931274627124, 0.009809943647979996, 0.009808021371954655, 0.009771150054314748, 0.009824422905898461, 0.010549706824044658, 0.009865245520941897, 0.010246971938414397, 0.009850088263098258, 0.010647315060676628, 0.011482656425681526, 0.009832635176291444, 0.011614093692374327, 0.009807365606961813, 0.012290300762141836, 0.010291502372598347, 0.010477939521998917, 0.009883964165040391, 0.010152939531315035, 0.010949569188543515, 0.010045630289888325, 0.00978213038677096, 0.010241372676445853, 0.009941270005751596, 0.0108376070492277, 0.010281904946238901, 0.009753876835207807, 0.0107563503461966, 0.010373825099161222, 0.012418576133930355, 0.010211582563630615, 0.010860564370138168, 0.009749942471169292, 0.011763956373566704, 0.009930402230988006, 0.010095159684965691, 0.009716711187205983, 0.010791070393683443, 0.010628658322594643, 0.009705407836010795, 0.009790910592547235, 0.009809191712957872, 0.009693233935419444, 0.009823561968062984, 0.009694627963286469, 0.009951957396650541, 0.00975320133845447, 0.010690937437876932, 0.010463619855829907, 0.009677194247998818, 0.010206018117095074, 0.009671499607864443, 0.011259800903401895, 0.009791868901538216, 0.011326968930254354, 0.009924366496082452, 0.011622904781658151, 0.010034470151210983, 0.009849528599095832, 0.00975234283950168, 0.009707977322610988, 0.01050270046781239, 0.009960781154164424, 0.009666900475255615, 0.009908857794373272, 0.009761437070229284, 0.010714157452526988, 0.010156222438880598, 0.009693119497494036, 0.010451544038698921, 0.009749967189155852, 0.010216815957555398, 0.009646526325565584, 0.010799319053034035, 0.010070396414577255, 0.013198092560447683, 0.010523731881144135, 0.010642453695265452, 0.009669848429102219, 0.010061017973522239, 0.010582300273928064, 0.009740925635277816, 0.009710677380988488, 0.00983083108593505, 0.009643295378673067, 0.009704062603541012, 0.009620297318990766, 0.00964231946249904, 0.010146339734845118, 0.010076715445588053, 0.009612548440283726, 0.00960703968981791, 0.009613611464821037, 0.009638992087273318, 0.009617839484575242, 0.009868866330802174, 0.009590915362314168, 0.009597724009533425, 0.009871841808973629, 0.0098786594265787, 0.009602426055489438, 0.00960020111663797, 0.010161254771114592, 0.009582808717863931, 0.010145150089296808, 0.010009201866680091, 0.012251664908617448, 0.009618000299801343, 0.01420858196583505, 0.017157338798709263, 0.021649239719344793, 0.0096275540156063, 0.02830668554025922, 0.01658208270402516, 0.02692116534759983, 0.009812266461433851, 0.03182944194327496, 0.01188928795040532, 0.02909037616281557, 0.014421726129739193, 0.02195888866004049, 0.010533978443822319, 0.015294006514872447, 0.01824717249173047, 0.010489993113929884, 0.013789906929486622, 0.009803859231382592, 0.013695305066940848, 0.014215244873667527, 0.0102010739549611, 0.010859680175426005, 0.010375240687460428, 0.011197119077150956, 0.01576253412306172, 0.010759704241598942, 0.011035716446473796, 0.01138443693845783, 0.010476950497602734, 0.01251673226429285, 0.011253838249451979, 0.009881049858460788, 0.012387023814130498, 0.009960314373596173, 0.010584464261328193, 0.010949152482137259, 0.009938410914855932, 0.010843328446320773, 0.010037312713024783, 0.010053443517869527, 0.010587811475102656, 0.0102865594317994, 0.009890063775927944, 0.009817104888779318, 0.009906629140135188, 0.010191892497637215, 0.010007239780291445, 0.009850492738307893, 0.0099984839098345, 0.01012580331913044, 0.010308106138570623, 0.009965041092971392, 0.009858111478171576, 0.010436223626018289, 0.009846008974776261, 0.011544749944749072, 0.011145589932270418, 0.009700606799848667, 0.011848513104637604, 0.009733997213698959, 0.01099419774585081, 0.012062413910348123, 0.010009267163388883, 0.010276842314324377, 0.010815435135353792, 0.009867461751288534, 0.011375343295398016, 0.011817750203419396, 0.009826369891672902, 0.009770540634968145, 0.009795812990615731, 0.009842264739427687, 0.010749187031452712, 0.010262315757642922, 0.00988076854515201, 0.010082656663546812, 0.009805623152596804, 0.012049692211723795, 0.010247960588843865, 0.010055424693140082, 0.0105267992344093, 0.009918379657966213, 0.012074312600530624, 0.010777719021799597, 0.009741087532447255, 0.009959762272326448, 0.009793501138773975, 0.011967278235482236, 0.01112120982340242, 0.009654700720995611, 0.011846367102183926, 0.009662390573360453, 0.01071527711145253, 0.011072957418607256, 0.00984858228093765, 0.00977162773604391, 0.01035797620031369, 0.009622904887105157, 0.011392401981094324, 0.01209160676385204, 0.009605725429536029, 0.014532979132092332, 0.010531555988525138, 0.015340260038089465, 0.010682277788742256, 0.01130400024703875, 0.009845244387942662, 0.010324594970631693, 0.010662901301271132, 0.009753042760696266, 0.009617965787613321, 0.009670085776708677, 0.010078354425710428, 0.009837338177670317, 0.00982496750571884, 0.009701855518425595, 0.009605558442618439, 0.009600582802376127, 0.009713744176141906, 0.009639268425158748, 0.009632482871723413, 0.009627146476458449, 0.009726451856355884, 0.010290284956511478, 0.01027445112335515, 0.00976626412628684, 0.009989884652496488, 0.00978768248475666, 0.009868680403036517, 0.010069212826146335, 0.009691086379362175, 0.009667586244097453, 0.009980507048559214, 0.009870861571106561, 0.009628180466435448, 0.009790430338198928, 0.00982692701416421, 0.01090144220497413, 0.010045511321058057, 0.009585924540421339, 0.01053196394291187, 0.009553263581614319, 0.010258446275419318, 0.009816531294688574, 0.009548634235974894, 0.00966940504888363, 0.009539549842305005, 0.00959640150496155, 0.00994166931096848, 0.009877956804069936, 0.00958045983728863, 0.009507020761141046, 0.009534778913951459, 0.00952354658556597, 0.009514993920982597, 0.010019299192157981, 0.010288139776779174, 0.009687366095400359, 0.009680595585309634, 0.009680579254472162, 0.011188474505051919, 0.009769924148226482, 0.009737696141911641, 0.00975253284336529, 0.009655229786965876, 0.011490781214803864, 0.010562130427363257, 0.009504288102838812, 0.009722371844823103, 0.009524125834142529, 0.01062484696765178, 0.01027261206842897, 0.009556513475414273, 0.009565536843917253, 0.009704713175216411, 0.009525504674206516, 0.010612845837982481, 0.010333847784926103, 0.009531832027267624, 0.00947805193765837, 0.009617360638226486, 0.009482713524711084, 0.010088693469750996, 0.009990296254579239, 0.00946147007969523, 0.009967666587767725, 0.009633730034169955, 0.010027339820946536, 0.010020822368965596, 0.009583323678459715, 0.009594330337017816, 0.009474363027290924, 0.009528229088074432, 0.010487928239387101, 0.009505239557041781, 0.009626232390607807, 0.009433716570267994, 0.009525587078733092, 0.010286678981753916, 0.009546184416833702, 0.009442142699549112, 0.009800302302303164, 0.00978182151001001, 0.009516624406458868, 0.00949613912096306, 0.0097895173378642, 0.009797159710211084, 0.009605143855239926, 0.00963769352195009, 0.009487855081548468, 0.009555976590647379, 0.009921759237916302, 0.009420228637860736, 0.010000466865462496, 0.009457672964127873, 0.010428183040777096, 0.01144821108736896, 0.009863480948063653, 0.009841275352603552, 0.009614224224098218, 0.011995585704574667, 0.011330878959352255, 0.00940165846225401, 0.011786649763054675, 0.0094820468056529, 0.013982674514988537, 0.012982907686805505, 0.009419063220128322, 0.01388495415027776, 0.01205275374983137, 0.018309021414105953, 0.00962974878626772, 0.014594642134511886, 0.010684871211532436, 0.01742334294961304, 0.012408029617179595, 0.010469124799094691, 0.013036603051781163, 0.013361856289819674, 0.020372560737290525, 0.012658126742478588, 0.014334106438516247, 0.00953058608758099, 0.011094709351596893, 0.010582590405191555, 0.00951179430946872, 0.009735611262289133, 0.009482361218450376, 0.00963398611073204, 0.01046417315949774, 0.009724563300818109, 0.009472161224531718, 0.009459758178596345, 0.010085686710636367, 0.010822431947098267, 0.010127767677511374, 0.00950576447638331, 0.009492713546484228, 0.009866625281177365, 0.010710453794889618, 0.010283863589302396, 0.009586341924772597, 0.009477075890530866, 0.00950986271521267, 0.009993452712203872, 0.01102730334373341, 0.010093814829781363, 0.009470608721387335, 0.009885212795943722, 0.010553267865300335, 0.011355753035153389, 0.009506916495459657, 0.010071768520900954, 0.01017655619952012, 0.012755118944567717, 0.010976902658434236]