Model Setup for Atypical Patient 5:
ITERS=1000
LEARNING_RATE=0.001
OPT_RESET=500
ATOL=1e-09
RTOL=1e-07
METHOD=dopri5
Input channels=2
Hidden channels=11
Output channels=2
Runtime=255.9399962425232
Optimizer=Adam (
Parameter Group 0
    amsgrad: False
    betas: (0.9, 0.999)
    capturable: False
    differentiable: False
    eps: 1e-08
    foreach: None
    fused: None
    lr: 0.001
    maximize: False
    weight_decay: 0
)Loss over time=[1442.6557297575598, 1398.1622367580242, 1368.220435031409, 1344.5792863000765, 1324.6825799731398, 1307.4941792326185, 1292.550076385124, 1279.3550091808013, 1267.9643205035115, 1258.5246911453703, 1250.1090741270025, 1242.1729012458734, 1234.6487867130609, 1227.4222663507792, 1220.5500092554682, 1214.0072953641536, 1207.7471231911939, 1201.724808168972, 1195.9473802651846, 1190.4197373150357, 1185.122434080656, 1179.9455221341354, 1174.9566102822093, 1170.105023547472, 1165.3837894359456, 1160.7581806688115, 1156.268569072964, 1151.7404013839143, 1147.2039172873178, 1142.640469058189, 1138.0134347966982, 1133.4274004925358, 1128.8626805540841, 1124.4809044432775, 1120.3523067212045, 1116.4501816771265, 1112.7078250506831, 1109.1092576058252, 1105.6936224925075, 1102.3764659192993, 1099.1833123960146, 1096.1145466959533, 1093.114605998925, 1090.166367943015, 1087.3521561546129, 1084.6085551941517, 1081.873271199579, 1079.256757321553, 1076.6992086985529, 1074.1760801251671, 1071.7107359056934, 1069.3158913755747, 1066.9389301864314, 1064.6235246943536, 1062.3543507589654, 1060.1041941786116, 1057.9190633291194, 1055.7376392909784, 1053.6085523058462, 1051.4930878714338, 1049.415215862343, 1047.3761793586057, 1045.3339466525701, 1043.3146609758246, 1041.3189962046251, 1039.3384860670822, 1037.3996169769523, 1035.4436640827873, 1033.506228467468, 1031.6150603662963, 1029.7118072305232, 1027.8378451460974, 1025.970849294516, 1024.1010986048461, 1022.2778913357245, 1020.444630564596, 1018.6411434587401, 1016.8126901249681, 1015.0176010268856, 1013.2257690402929, 1011.453384951564, 1009.7066358562469, 1007.9185432152103, 1006.1789539338431, 1004.4443811712, 1002.7119300232948, 1000.9798783232621, 999.2558589447867, 997.5447208459432, 995.8494214497997, 994.129992169802, 992.4335316074884, 990.7370712652074, 989.0521697140347, 987.360754098466, 985.6707630328514, 983.9861278819856, 982.3077139293858, 980.6696515850784, 978.9577265605446, 977.2792959543575, 975.6150743643246, 973.9428785999564, 972.2835170103198, 970.6105622504773, 968.955346453802, 967.3133862779, 965.6463036019908, 963.9962717531292, 962.3392074951818, 960.7000639211165, 959.0522036822069, 957.40233314574, 955.7624893039097, 954.1236568109002, 952.5134452209059, 950.859005914415, 949.2357381108806, 947.6056751756619, 945.9860993766961, 944.3497850924662, 942.7301314355583, 941.129310023972, 939.4957897758818, 937.9038164186582, 936.2735658952132, 934.668696149002, 933.0604494492909, 931.4624705722185, 929.8604554810416, 928.2566889491662, 926.659367652738, 925.0644420557062, 923.5021028260181, 921.8950089550904, 920.2978156433911, 918.709063639535, 917.1399206757255, 915.5553931977472, 913.9774107565262, 912.404746152036, 910.8291348042359, 909.2612085204786, 907.6959907559554, 906.1280805233877, 904.5726770493948, 903.011668197961, 901.4594296277445, 899.9059074183962, 898.3629982661266, 896.8186376837028, 895.2825797358141, 893.7339436488909, 892.1990923356177, 890.66896325085, 889.1401965005665, 887.6207038677752, 886.0986720869853, 884.583484012057, 883.0825995808199, 881.564305386132, 880.0611407072379, 878.5662269928679, 877.0632179031593, 875.5607128474087, 874.0670151380716, 872.5853552394714, 871.1124736236834, 869.6394816445921, 868.1501149363546, 866.6794670213217, 865.2091310041843, 863.7368482247435, 862.3028591944766, 860.8192638851466, 859.3657284585323, 857.9110847970194, 856.4754768639664, 855.0242960096609, 853.5892639332229, 852.1485466093087, 850.7054143478773, 849.2736574759178, 847.8378450531201, 846.4188529661923, 845.009362062805, 843.5764906470395, 842.1746130294504, 840.75902533699, 839.3547504956782, 837.9478704164918, 836.5377955038625, 835.1511054575028, 833.7380300050966, 832.3592092089173, 830.9617024787987, 829.5711988488226, 828.1852077346362, 826.8044050625745, 825.4214222043342, 824.0451305149666, 822.6787880702647, 821.310984441525, 819.9499208701709, 818.5835773152077, 817.2136975384842, 815.8599201784472, 814.5166582262419, 813.1556369034527, 811.800343579357, 810.4653825419551, 809.1140513925315, 807.7660417447315, 806.4318674051473, 805.0987220842952, 803.7657284952057, 802.4515627286422, 801.1177779173784, 799.7995057843959, 798.4879108553822, 797.1589006041183, 795.8454711502305, 794.5225708175647, 793.2133322865706, 791.9917954329027, 790.6084730855026, 789.3202905206055, 788.0037038024933, 786.7064529267093, 785.4127565985717, 784.1348653715123, 782.9175717058644, 781.5561878525226, 780.2687056666149, 778.9859428369068, 777.7114403481681, 776.4491880078381, 775.1561966289191, 773.8956976412228, 772.6357733912902, 771.3709518939428, 770.0981547960135, 768.8485297058309, 767.5883460860957, 766.3411975230454, 765.0729906286125, 763.8410008826736, 762.5900614969634, 761.3309170389621, 760.106453992298, 758.8615413253142, 757.6187056971655, 756.3803594384643, 755.1537627617876, 753.9206541866816, 752.691210702023, 751.473629135819, 750.2648896790124, 749.025520181073, 747.8101719935178, 746.5940011598123, 745.3801452482202, 744.1766663409272, 742.9662498013873, 741.7617657132521, 740.5741083191587, 739.36294875514, 738.1599785918056, 736.9688770140311, 735.7880602555048, 734.5927798566064, 733.3935795000525, 732.2170857240868, 731.0296356423079, 729.8424460950158, 728.6591891778797, 727.4937082568928, 726.3166504050281, 725.1510310216822, 723.9720440377467, 722.8025049975148, 721.6356580622306, 720.4755422555924, 719.3270857174406, 718.1551110821728, 716.9984741197331, 715.8450664486844, 714.686961305195, 713.5375786036948, 712.3876171065812, 711.2444709680581, 710.1145650831122, 708.9629101714879, 707.836947776912, 706.6958131311113, 705.5551586673676, 704.4213973380533, 703.2951328123694, 702.1627268914958, 701.0408676188246, 699.9233172801229, 698.7954535608956, 697.67771355435, 696.5691311065799, 695.4496175439443, 694.3378661921347, 693.2453577550635, 692.1132156428577, 691.0119142027238, 689.909794660646, 688.8068899728471, 687.7094029909372, 686.61744661333, 685.5184535482827, 684.4284007615508, 683.3394511087349, 682.2503946710345, 681.1614527950512, 680.0760428605201, 679.0001700910466, 677.9272213504831, 676.848607679588, 675.7634211242207, 674.6974410504376, 673.6285457441456, 672.5488661821884, 671.4793231058952, 670.4282899628432, 669.3488354962063, 668.2941007540403, 667.2288147788818, 666.1830110342881, 665.1243412423286, 664.0767440230509, 663.0172321368375, 661.9831594754235, 660.9200755527465, 659.8886055034162, 658.8476782577068, 657.7982520637872, 656.7548689134762, 655.724429997839, 654.6914548312337, 653.654755481003, 652.6190254838966, 651.5996257534197, 650.5708394789636, 649.5439104106233, 648.5154102183609, 647.4987288989399, 646.4822158240711, 645.4571403755235, 644.4511378181955, 643.4318239179672, 642.4239081931318, 641.4155393569923, 640.4023949367449, 639.3930087612839, 638.3926824857057, 637.3994192265098, 636.4007918911988, 635.4031505560463, 634.3980199166853, 633.4051429451453, 632.412990831125, 631.4225476422157, 630.4376160911039, 629.453731029893, 628.4747159541635, 627.4840535112352, 626.5049468523794, 625.5246263320856, 624.552088398981, 623.5787678293534, 622.5983300306696, 621.6277235220904, 620.6575159359037, 619.6885415382641, 618.7225016175994, 617.7660767817961, 616.7998677120014, 615.8398128872121, 614.8916798236979, 613.9253026446808, 612.9725435954671, 612.0269968355758, 611.0654857317106, 610.1172877170746, 609.171732446142, 608.2245229256741, 607.2827212963621, 606.3417474280031, 605.4001923816812, 604.4615815181635, 603.5259335737918, 602.5922569374715, 601.6624020382814, 600.7423425273456, 599.8074068363271, 598.8807066601228, 597.9499149686908, 597.0282841028264, 596.1041485137529, 595.1949753900831, 594.2714426051843, 593.3593911400575, 592.4375181919045, 591.5343244163995, 590.6219960499567, 589.7102942062214, 588.7997271502114, 587.8937848255867, 586.989579093428, 586.0871065514458, 585.1863637922911, 584.2873474239874, 583.3900540594585, 582.4944074607027, 581.5997741661054, 580.7067031483583, 579.8151371989185, 578.9301987798245, 578.0435774573011, 577.1533825857008, 576.2765571248789, 575.391673321247, 574.5093969350656, 573.6301615087799, 572.7510850366765, 571.8781373961032, 571.0055546708268, 570.1356193149189, 569.2652594465467, 568.4010081123622, 567.5305040657254, 566.6612625816484, 565.7988520327635, 564.9378463306085, 564.0783138720482, 563.220292832945, 562.3633492199632, 561.5080455392938, 560.6543788753562, 559.8023461824976, 558.9519442826215, 558.1031698816524, 557.2560195804764, 556.4104898905075, 555.5683341119727, 554.7184568158116, 553.8808227159617, 553.044001986562, 552.2056589835852, 551.3739269226721, 550.5318662396243, 549.7027012789889, 548.8760366614806, 548.0372087896151, 547.2097081231609, 546.3889039431972, 545.5570518728368, 544.7361039683866, 543.9188959111394, 543.0990623928969, 542.2766724546316, 541.458750752852, 540.645042612929, 539.8357056218374, 539.0162511160389, 538.2033477471276, 537.408096863012, 536.5889555768662, 535.7897175403864, 534.9793272757538, 534.1732984203817, 533.3754849169131, 532.5879831099388, 531.775827832288, 530.9818619036035, 530.1818942199544, 529.3895403477161, 528.5977541012992, 527.8167927887326, 527.0211594102616, 526.2311885405336, 525.44858599336, 524.664702842187, 523.8812371212729, 523.0992566057377, 522.3187576549813, 521.539245275769, 520.7613577686283, 519.9869912356419, 519.2093069900527, 518.435556286786, 517.6631195178096, 516.8995757999735, 516.1311358642702, 515.3600086191635, 514.6018638614163, 513.8331414996637, 496.0472739582623, 478.5839429196736, 461.4464743883775, 444.63688759830876, 428.1703039777501, 412.0647825212489, 396.3246742303778, 380.96469578440525, 365.9952288359234, 351.42594607805063, 337.2621444651109, 323.5075782805862, 310.1696435438883, 297.24935870113535, 284.7484953856781, 272.6645520935797, 260.99649325891556, 249.74104443354025, 238.89386491794497, 228.44832415511385, 218.3973999473014, 208.73467898895944, 199.44924554857565, 190.5290626171363, 181.96802848178476, 173.7525192571671, 165.86912392848828, 158.30861363251037, 151.05521015108846, 144.10185082717862, 137.43057770126435, 131.030447643105, 124.8893013022219, 118.99210975115938, 113.32783902462228, 107.8858561455541, 102.6553515318105, 97.62330283095388, 92.77753131656772, 88.1090085138649, 83.60999034113719, 79.26912805150437, 75.0769153611236, 71.02323322784228, 67.10048226040384, 63.301779259775685, 59.61811664692116, 56.03970301952204, 52.55952498897389, 49.17353648439518, 45.86876704230849, 42.642825474833174, 39.48801704974698, 36.4023258140068, 33.38584249735655, 30.45470517703369, 27.643814606185256, 24.984389533165043, 22.48298578703884, 20.144840070794725, 17.97387642556342, 15.972673723599549, 14.142374100863531, 12.482552849526604, 10.99107420619609, 9.66395900012538, 8.495290545309484, 7.477098985271078, 6.595478573510681, 5.835879126886817, 5.182614567274045, 4.620256452010952, 4.170847454686735, 3.8648386477255356, 3.652366270806311, 3.4573855105868314, 3.2404205857251838, 2.991353221741417, 2.714995890418021, 2.4236793643508436, 2.13281466268993, 1.8563985397442198, 1.605493932889024, 1.386274846069803, 1.2090170906200155, 1.061079776711817, 0.9375528663401673, 0.8367378676687159, 0.7570653094745109, 0.6965382455476571, 0.652820804472928, 0.6232954972178099, 0.6053082497037959, 0.5961829003643818, 0.5934679374422488, 0.5951266798871042, 0.5992087850013867, 0.6042503045048379, 0.6093838305844974, 0.6138875798155066, 0.6172680028297406, 0.6194511877575523, 0.6205066405832173, 0.6205795750214628, 0.6198552610539452, 0.6184805388174345, 0.6167346662572931, 0.6147977272425558, 0.6127981549178106, 0.6108352437942994, 0.6090065537222727, 0.6073589590800688, 0.6058937448383183, 0.6045760168894856, 0.6033462817774393, 0.6021326842205993, 0.6008625672120005, 0.599472291995259, 0.5979145896405492, 0.5961630731113851, 0.5942138799069894, 0.5920847090550768, 0.589811738626877, 0.587445045702549, 0.5850432044060382, 0.58266771110188, 0.5803777986073784, 0.5782260722173177, 0.5762552502983581, 0.5744961405474007, 0.5729668454019408, 0.5716730778679208, 0.5706093881780536, 0.5697610542119343, 0.569106372468667, 0.5686190970020101, 0.5682708048991297, 0.5680330118191421, 0.5678789131295023, 0.5677846793765379, 0.5677302844637088, 0.5676998873155097, 0.5676818208209313, 0.5676682646238628, 0.567654690466971, 0.5676391714825455, 0.5676216413655865, 0.5676031776296374, 0.5675853671676959, 0.5675697941614136, 0.5675576718933651, 0.5675496228439152, 0.5675455968639253, 0.5675449060676012, 0.5675463478248091, 0.5675483838867479, 0.5675493439349065, 0.5675476251090312, 0.5675418645591666, 0.5675310689032144, 0.5675146917840599, 0.5674926577134896, 0.5674653364266212, 0.5674334765982452, 0.5673981107504211, 0.5673604444667945, 0.5673217427637102, 0.5672832249196392, 0.5672459765973831, 0.5672108851025096, 0.5671786004963407, 0.5671495223619618, 0.5671238095726074, 0.5671014086071894, 0.5670820948784453, 0.5670655211790563, 0.5670512676306138, 0.5670388883090123, 0.5670279508560522, 0.5670180666995301, 0.5670089108325889, 0.5670002313105738, 0.5669918496087344, 0.5669836536833819, 0.5669755859700234, 0.5669676286458057, 0.5669597883211387, 0.5669520819670546, 0.5669445254008337, 0.5669371251156009, 0.5669298737148896, 0.5669227487554351, 0.5669157144470408, 0.5669087254292643, 0.5669017317433283, 0.5668946841339974, 0.5668875389280861, 0.5668802619152324, 0.5668728308710066, 0.5668652365826016, 0.5668574824369559, 0.5668495827915775, 0.5668415604572036, 0.566833443675239, 0.5668252629745024, 0.5668170482490112, 0.5668088263242458, 0.5668006191861124, 0.5667924429490349, 0.5667843075486113, 0.5667762170695506, 0.5667681705664698, 0.5667601632068073, 0.5667521875597872, 0.5667442348707112, 0.5667362961901822, 0.5667283632672141, 0.5667204291583586, 0.5667124885450785, 0.5667045377861345, 0.5666965747565474, 0.5666885985392444, 0.5666806090397113, 0.566672606589107, 0.5666645915898805, 0.5666565642416436, 0.5666485243680064, 0.5666404713478523, 0.5666324041406343, 0.5666243213848978, 0.5666162215433647, 0.5666081030665225, 0.5665999645488982, 0.5665918048574586, 0.5665836232185305, 0.5665754192569935, 0.5665671929886961, 0.5665589447727314, 0.5665506752342271, 0.5665423851704524, 0.566534075453048, 0.5665257469378329, 0.5665174003909242, 0.5665090364367039, 0.5665006555296749, 0.5664922579491593, 0.5664838438133585, 0.566475413107555, 0.5664669657206112, 0.5664585014839013, 0.566450020207738, 0.5664415217114562, 0.5664330058448762, 0.5664244725004435, 0.5664159216165116, 0.5664073531733426, 0.5663987671840238, 0.566390163682653, 0.5663815427121526, 0.566372904313439, 0.5663642485174953, 0.5663555753407822, 0.5663468847841482, 0.5663381768348411, 0.56632945147072, 0.5663207086657217, 0.5663119483956259, 0.5663031706431688, 0.5662943754018899, 0.5662855626783585, 0.5662767324926423, 0.5662678848772287, 0.5662590198746528, 0.5662501375344202, 0.5662412379095465, 0.5662323210533465, 0.5662233870166663, 0.5662144358459181, 0.5662054675819501, 0.5661964822597416, 0.5661874799088724, 0.5661784605544063, 0.5661694242182101, 0.566160370920226, 0.5661513006797243, 0.5661422135163071, 0.5661331094505159, 0.5661239885042093, 0.566114850700548, 0.5661056960637851, 0.5660965246188936, 0.566087336391143, 0.5660781314056442, 0.5660689096870509, 0.5660596712593511, 0.5660504161457971, 0.5660411443689634, 0.5660318559509029, 0.566022550913343, 0.5660132292779244, 0.5660038910664072, 0.5659945363008376, 0.5659851650036263, 0.5659757771975941, 0.5659663729059237, 0.5659569521520819, 0.5659475149596677, 0.5659380613523358, 0.5659285913536325, 0.5659191049868864, 0.565909602275168, 0.565900083241234, 0.5658905479075165, 0.5658809962961597, 0.5658714284290479, 0.5658618443278624, 0.5658522440141389, 0.5658426275092808, 0.5658329948346316, 0.5658233460114559, 0.5658136810609808, 0.5658040000043543, 0.5657943028626607, 0.5657845896568982, 0.5657748604079479, 0.5657651151365779, 0.5657553538634263, 0.5657455766090078, 0.5657357833937069, 0.5657259742377891, 0.5657161491614103, 0.5657063081846304, 0.5656964513274173, 0.5656865786096629, 0.5656766900511828, 0.5656667856717136, 0.565656865490928, 0.5656469295283993, 0.5656369778036487, 0.5656270103360673, 0.5656170271449891, 0.5656070282496363, 0.5655970136691344, 0.565586983422515, 0.5655769375286899, 0.5655668760064978, 0.5655567988746731, 0.5655467061518553, 0.5655365978565904, 0.5655264740073497, 0.5655163346225014, 0.565506179720333, 0.5654960093190553, 0.5654858234367862, 0.5654756220915534, 0.5654654053013075, 0.5654551730839047, 0.5654449254571271, 0.5654346624386605, 0.5654243840461035, 0.565414090296996, 0.5654037812087545, 0.5653934567987485, 0.5653831170842556, 0.5653727620824699, 0.5653623918105107, 0.5653520062854104, 0.5653416055241407, 0.5653311895435805, 0.5653207583605332, 0.5653103119917327, 0.5652998504538232, 0.5652893737633832, 0.5652788819369072, 0.5652683749908132, 0.5652578529414419, 0.5652473158050704, 0.5652367635978852, 0.5652261963360011, 0.565215614035464, 0.5652050167122383, 0.5651944043822208, 0.5651837770612316, 0.5651731347650216, 0.5651624775092619, 0.5651518053095547, 0.5651411181814358, 0.5651304161403583, 0.5651196992017116, 0.5651089673808113, 0.5650982206929079, 0.565087459153172, 0.5650766827767139, 0.565065891578568, 0.5650550855737003, 0.5650442647770115, 0.565033429203335, 0.5650225788674355, 0.5650117137840022, 0.5650008339676674, 0.5649899394329915, 0.5649790301944733, 0.5649681062665293, 0.5649571676635308, 0.5649462143997759, 0.5649352464894897, 0.5649242639468368, 0.5649132667859201, 0.5649022550207742, 0.564891228665372, 0.5648801877336204, 0.5648691322393612, 0.5648580621963712, 0.5648469776183761, 0.5648358785190202, 0.564824764911898, 0.5648136368105365, 0.5648024942284056, 0.564791337178905, 0.5647801656753767, 0.5647689797311101, 0.5647577793593163, 0.5647465645731585, 0.5647353353857372, 0.5647240918100874, 0.5647128338591864, 0.5647015615459611, 0.5646902748832594, 0.5646789738838932, 0.5646676585605941, 0.5646563289260462, 0.5646449849928717, 0.5646336267736414, 0.5646222542808551, 0.5646108675269695, 0.564599466524366, 0.5645880512853857, 0.5645766218222991, 0.5645651781473308, 0.5645537202726423, 0.5645422482103313, 0.5645307619724595, 0.5645192615710114, 0.5645077470179206, 0.56449621832508, 0.5644846755043147, 0.5644731185673783, 0.564461547526005, 0.5644499623918405, 0.5644383631764947, 0.5644267498915241, 0.5644151225484151, 0.5644034811586185, 0.5643918257335148, 0.5643801562844403, 0.5643684728226744, 0.5643567753594528, 0.5643450639059359, 0.564333338473249, 0.5643215990724575, 0.5643098457145835, 0.5642980784105832, 0.5642862971713639, 0.5642745020077875, 0.5642626929306575, 0.5642508699507262, 0.5642390330786998, 0.5642271823252231, 0.5642153177008933, 0.5642034392162628, 0.5641915468818219, 0.5641796407080174, 0.5641677207052518, 0.5641557868838583, 0.5641438392541318, 0.5641318778263174, 0.5641199026106127, 0.5641079136171581, 0.5640959108560404, 0.5640838943373044, 0.5640718640709496, 0.5640598200669169, 0.5640477623350945, 0.564035690885338, 0.5640236057274378, 0.5640115068711437, 0.563999394326151, 0.5639872681021182, 0.5639751282086344, 0.5639629746552658, 0.5639508074515008, 0.56393862660681, 0.5639264321306006, 0.5639142240322289, 0.5639020023210098, 0.5638897670062065, 0.5638775180970383, 0.5638652556026794, 0.5638529795322476]