Model Setup for Atypical Patient 7:
ITERS=1000
LEARNING_RATE=0.001
OPT_RESET=500
ATOL=1e-09
RTOL=1e-07
METHOD=dopri5
Input channels=2
Hidden channels=11
Output channels=2
Runtime=193.16210889816284
Optimizer=Adam (
Parameter Group 0
    amsgrad: False
    betas: (0.9, 0.999)
    capturable: False
    differentiable: False
    eps: 1e-08
    foreach: None
    fused: None
    lr: 0.001
    maximize: False
    weight_decay: 0
)Loss over time=[648.8735356174939, 633.8608526643443, 623.7430892496297, 615.6204492909352, 608.6362017123084, 602.3930937749628, 596.6761028897766, 591.3587532083576, 586.3526887415184, 581.5984044908553, 577.0560834954939, 572.6831649209307, 568.458269944711, 564.3581543593846, 560.3662431097231, 556.47076378997, 552.6504667473691, 548.9127943229419, 545.2402946717201, 541.5914501663076, 538.0083500294478, 534.4608409872089, 530.9486399185321, 527.4599687397083, 523.9940540824125, 520.546222331278, 517.1176112913898, 513.7106516337273, 510.32996362834115, 506.95740395558454, 503.6033284800451, 500.26884221687015, 496.9478298288728, 493.63167861081206, 490.3276484537284, 487.0242157548862, 483.7250321731737, 480.4350887856284, 477.1504734664055, 473.8705430013022, 470.59324797100385, 467.3172547607246, 464.04897835711563, 460.7756056653821, 457.50158812882876, 454.2153234206906, 450.9342326810301, 447.6313768708811, 444.35100940916976, 441.05256190034964, 437.7617562899661, 434.47286422248834, 431.17223301474843, 427.8721208314244, 424.5573154347523, 421.23873993197867, 417.92044405430994, 414.6031565033163, 411.28935689026554, 407.9781963934815, 404.6693054796309, 401.3610153803291, 398.0448185229936, 394.74474483024693, 391.4527733183844, 388.16561523690837, 384.89663096945054, 381.6489729701731, 378.39980763028996, 375.1675653766913, 371.95008796505505, 368.7586452110774, 365.59875092264616, 362.4607620683017, 359.35376875076673, 356.2747055303043, 353.21888534443775, 350.19616429623966, 347.2192240923022, 344.2926716095688, 341.40815790076795, 338.5660788266861, 335.7682180778724, 333.0107427777484, 330.2884432424017, 327.60440205892166, 324.9595678499512, 322.3490191727486, 319.77509773065174, 317.23068195292615, 314.72736344629834, 312.2494824279763, 309.806191255238, 307.3959522315602, 305.0124646509303, 302.658325291356, 300.3334369864287, 298.0387475240184, 295.7709230334122, 293.5303276704555, 291.32038789844734, 289.13357930375884, 286.9722128648026, 284.8392348757683, 282.72940484657533, 280.6443360511917, 278.5823224920997, 276.54281689513437, 274.5296154072977, 272.5377631054212, 270.56800054161897, 268.6189927277957, 266.6944849563361, 264.7850876364591, 262.90044250593724, 261.036133521372, 259.19097556902585, 257.3645894201291, 255.56265844449916, 253.7779244376022, 252.00590424328632, 250.25457726114584, 248.52592478744438, 246.81136861137318, 245.11460518200383, 243.43735414779042, 241.77536426742378, 240.13215467191102, 238.5038641356121, 236.89212649938747, 235.2982497190471, 233.7171154415737, 232.15490061365975, 230.60195489859746, 229.06866485587068, 227.55403143686223, 226.04865483930269, 224.55798970949607, 223.0834112919414, 221.62363523052724, 220.17642564904256, 218.74598367926902, 217.3254817190343, 215.92118163048227, 214.5324031270187, 213.15397759833715, 211.7924360360559, 210.44304424917382, 209.1072687872753, 207.7819019975638, 206.477155615263, 205.1793686334271, 203.8972681464888, 202.62675443954086, 201.36952823023884, 200.12537323686627, 198.89296225189716, 197.67439980852413, 196.46767635167197, 195.27543560173126, 194.0922605609144, 192.9242138810575, 191.7647011062402, 190.61629521837642, 189.48176196694413, 188.355079293298, 187.2419652857111, 186.13780988363717, 185.04602278376376, 183.9600879475827, 182.8873004508465, 181.8227501995404, 180.7679208107571, 179.72641443551436, 178.68605986433707, 177.66052998508874, 176.6419683476765, 175.63444371191102, 174.634890329413, 173.640876346239, 172.6580683825594, 171.68033504136173, 170.71684866171097, 169.75493191472663, 168.80753602893284, 167.86013253674855, 166.925834319126, 165.99858817742444, 165.0789512032162, 164.167955872608, 163.26322566699736, 162.36746485284866, 161.47829432770698, 160.59622312759367, 159.72270088014457, 158.85452206946124, 157.99599356042174, 157.1431648544866, 156.29732861881126, 155.45897017514963, 154.6270263738462, 153.80196746746833, 152.98283828865723, 152.1716145912458, 151.36590196503832, 150.5671802721922, 149.77551465112072, 148.99032557238854, 148.2105934572337, 147.43874101264657, 146.6706485085968, 145.91081264460743, 145.15744131440508, 144.40789993039772, 143.6658500953967, 142.93023397399594, 142.20015707275297, 141.47647038936873, 140.75803207600242, 140.0455417042921, 139.33912038536423, 138.6380097423177, 137.94251605342154, 137.25288151442794, 136.56859931445686, 135.89065626756064, 135.21674409352337, 134.55060809609924, 133.88699616582863, 133.2318207555292, 132.57794936806934, 131.9311543789331, 131.29219109831877, 130.65404455765713, 130.02277098477091, 129.39590768192755, 128.77502199275526, 128.15825306495287, 127.54634876917845, 126.93930225213741, 126.3363037255263, 125.73921834378149, 125.14609433003714, 124.55775276690525, 123.97395111680108, 123.39494408630857, 122.81963865657339, 122.24996295806504, 121.68354703488397, 121.12199755445026, 120.56414708279344, 120.01102701781998, 119.46237536108464, 118.91749379384596, 118.37698676690502, 117.84059961580583, 117.3077514581009, 116.77999447572533, 116.25575406797917, 115.73499408752251, 115.21925780015312, 114.70681904057383, 114.19771766211505, 113.69399993503447, 113.1928776717675, 112.696230402695, 112.20255089500937, 111.71242367758576, 111.22776625711045, 110.74551668024456, 110.26740645979399, 109.79227159942523, 109.3219941687479, 108.85414923870712, 108.39038590764493, 107.92968059634154, 107.47260570672793, 107.01920064794244, 106.56904217168463, 106.1220174597971, 105.67853377560351, 105.23855972512543, 104.80126216266235, 104.36758823164934, 103.93656121287633, 103.50958131017259, 103.08505631707276, 102.6637459421115, 102.24565908364788, 101.83087342950826, 101.4193094592506, 101.01030650570259, 100.60425628895258, 100.20171562548413, 99.80202525435907, 99.40505217324018, 99.01163190826672, 98.62037517362513, 98.23200696447174, 97.84674869972717, 97.46446142951639, 97.0849441316339, 96.70823885393233, 96.33424028087346, 95.9629077690388, 95.59417481180311, 95.22825138948943, 94.86468775700622, 94.50401318028352, 94.14545801402214, 93.7898721604613, 93.43657983402214, 93.0859694238417, 92.73774400844991, 92.39185501684901, 92.04905244092532, 91.70797899903754, 91.36945765424457, 91.03358792447538, 90.70010350430886, 90.36904356719756, 90.04003249484124, 89.71333323407345, 89.38929006647287, 89.06795509755038, 88.74787624693396, 88.43074662683968, 88.11568441484049, 87.80267340662955, 87.49194878642714, 87.18323880570968, 86.87659221806396, 86.57200443165465, 86.26935282282138, 85.96883341513545, 85.67028732857858, 85.37400281568783, 85.0797249628772, 84.78671761046, 84.49626472932913, 84.20771939666355, 83.9211564746866, 83.63630792715085, 83.35335080351626, 83.07260496099528, 82.79348376980087, 82.5162578418881, 82.24085442893801, 81.96716539786648, 81.69503344930526, 81.42450291499006, 81.15567367226168, 80.88837378430415, 80.62268680004385, 80.35852506293894, 80.09594893471318, 79.8349491801674, 79.57543450384128, 79.31743550089472, 79.06094203535207, 78.8059441674162, 78.55243213665337, 78.30039634706885, 78.04982735366069, 77.80071836345826, 77.55307706938174, 77.30687852141716, 77.06212931967197, 76.81877896074731, 76.57683693271612, 76.33631089408124, 76.09718079570654, 75.85943704061582, 75.62307388959658, 75.3880830157468, 75.15445620218628, 74.92218529987555, 74.69126222502081, 74.46167895673861, 74.23342753496235, 74.00650005855879, 73.7808886836369, 73.55658562204682, 73.33358313999597, 73.11187355679952, 72.89144924381408, 72.67230262394759, 72.45442616976247, 72.2378124027594, 72.0224538928701, 71.80834325774138, 71.59547316207988, 71.38383631703698, 71.17342547964414, 70.96423345228419, 70.75625308219679, 70.54947726102182, 70.34389892434132, 70.13951104905136, 69.93630665782484, 69.73427881724308, 69.53342063477005, 69.3337252599109, 69.13518588389192, 68.93779573933662, 68.74154809995589, 68.54643628023089, 68.35245363508251, 68.15959355966997, 67.96784948905785, 67.77721489793981, 67.58768330036581, 67.39924824947433, 67.21190333722897, 67.02564219415736, 66.84045848909545, 66.65634592893343, 66.47329825837215, 66.29130925968101, 66.11037275240459, 65.93048259314993, 65.75163267536327, 65.57381692908093, 65.39702932069603, 65.22126385272007, 65.04651456353956, 64.87277552719488, 64.70004085314908, 64.52830468623007, 64.35756120648479, 64.18780490031783, 64.01902947008644, 63.85122947089872, 63.68439921996799, 63.51853306838552, 63.35362540090558, 63.18967063573018, 63.02666322429779, 62.86459765107566, 62.70346843333114, 62.54327012093352, 62.38399729614621, 62.22564457342009, 62.06820659918913, 61.91167805166629, 61.75605364064075, 61.60132810727893, 61.44749622392385, 61.29455279389704, 61.142492651347474, 60.991310661319744, 60.84100171892783, 60.69156074940222, 60.54298270843207, 60.3952625919633, 60.24839541875212, 60.10237621657051, 59.95720005858238, 59.81286204701521, 59.669357312971606, 59.52668101625682, 59.38482834519639, 59.243794516456575, 59.10357477486723, 58.964164393244936, 58.825558672219046, 58.687752940070595, 58.550742552541486, 58.414522892669815, 58.27908937062134, 58.14443742352153, 58.01056251528474, 57.87746025755614, 57.74512592538784, 57.61355518273165, 57.482743599012885, 57.35268676964018, 57.22338031584149, 57.09481988450148, 56.96700114800406, 56.8399198040758, 56.71357157563071, 56.587952210616024, 56.46305748185865, 56.33888318691331, 56.21542514791033, 56.09267921140506, 55.970641248224304, 55.84930715341116, 55.72867284599674, 55.608734268757416, 55.489487388177714, 55.37092819429657, 55.253052700564474, 55.13585694370159, 55.01933698355031, 54.90348890293123, 54.788308807603634, 54.67379282940498, 54.55993711853953, 54.44673784539102, 49.61875429203631, 45.652585224972995, 42.446793501516666, 39.90386575475525, 37.93707587888765, 36.49194009255496, 35.53062825575126, 35.00236131937343, 34.82474029527054, 34.89438550982827, 35.116919219092864, 35.416888074737805, 35.72207744852018, 35.97799764633993, 36.155428970742236, 36.246702678692735, 36.25705524844907, 36.1973414617284, 36.08836536111125, 35.937896972321596, 35.756938085566944, 35.56039942918438, 35.36351090148231, 35.179740497662394, 35.01894959580982, 34.8869043475842, 34.786069102440784, 34.716615384651014, 34.67673808244197, 34.662401000331755, 34.66737010468065, 34.684096959421915, 34.705116530205515, 34.724140956104655, 34.73642080537887, 34.73865517514087, 34.72895989597231, 34.70702468407384, 34.67416036181664, 34.63295099741818, 34.586592764616, 34.53826281797741, 34.490762301224315, 34.44638986435996, 34.40685009285712, 34.37310048516966, 34.345228211810785, 34.32250298343688, 34.30362935540697, 34.28707028561872, 34.27129476564634, 34.25491394207865, 34.23677280119787, 34.2160559821396, 34.19238496925763, 34.165838095980675, 34.13686262362932, 34.1061201681882, 34.07433731355476, 34.042202181548845, 34.01029839789956, 33.979050666235004, 33.94867717030087, 33.919169237645, 33.89031746930673, 33.86177897940798, 33.8331589629288, 33.80408011559007, 33.774229983413605, 33.74339053059657, 33.71145524968869, 33.67843212946208, 33.64442758203597, 33.609611972771496, 33.57417615016853, 33.5382919002156, 33.50208502965031, 33.465622459041974, 33.42891024248176, 33.39189953977367, 33.354499414676035, 33.31659553747726, 33.27807190084313, 33.238830684428585, 33.19880562216292, 33.15796672674878, 33.116317215351295, 33.073885200340634, 33.0307128022963, 32.986844702091666, 32.9423177301622, 32.897152997034375, 32.85135198376782, 32.804897205551306, 32.757756810720025, 32.70989156279441, 32.661262128580624, 32.61183503382432, 32.561585968148435, 32.51050124985037, 32.458577516811715, 32.40581748231773, 32.35222717101947, 32.29780954423357, 32.242565803576596, 32.18648965548311, 32.12956880301107, 32.07178539076037, 32.01311875174114, 31.95354758077608, 31.893052339578013, 31.831616599523514, 31.769227766698773, 31.705876391073744, 31.64155552260902, 31.57625869575733, 31.509978831860796, 31.442707104959023, 31.37443226679708, 31.305140848050584, 31.234817820894957, 31.16344743043019, 31.091014116811515, 31.017503058323033, 30.942900362043613, 30.867192932156037, 30.790368050273063, 30.712412750773698, 30.633313361689808, 30.553055209442253, 30.471622542535723, 30.38899870281988, 30.30516637861616, 30.220107870268613, 30.133805290814713, 30.046240982893337, 29.957397412315036, 29.867256829302345, 29.775801039279255, 29.68301116505585, 29.588867463498328, 29.493349238117336, 29.396434855328756, 29.298101836999948, 29.198326921713246, 29.09708628475055, 28.994355547766432, 28.890109636790783, 28.78432264550563, 28.67696768429281, 28.568016754565715, 28.45744076239099, 28.345209360445196, 28.23129095153687, 28.115652861274125, 27.998261202649754, 27.879080978470917, 27.758075867409005, 27.63520813971488, 27.51043857863424, 27.38372635986063, 27.255029020649996, 27.12430241643351, 26.991500778132263, 26.85657645063719, 26.71948008636368, 26.58016059566809, 26.438565110671266, 26.29463927458468, 26.148327098859273, 25.999571308286647, 25.848313334308532, 25.694493529124692, 25.538051444951023, 25.37892614231438, 25.217056519978247, 25.052381713128455, 24.884841680811622, 24.714378042798284, 24.540934606101505, 24.364458213481054, 24.184900032930088, 24.002216731566946, 23.816371541028218, 23.627336004539266, 23.43509159649416, 23.2396315352006, 23.040962461207442, 22.839106520965103, 22.634103679536718, 22.42601365529744, 22.214918367210586, 22.00092389569808, 21.784162350336313, 21.564794065026124, 21.343008981319187, 21.11902820913972, 20.89310482436632, 20.665523985763105, 20.436602424977107, 20.206687458294848, 19.976154899724932, 19.745406319099132, 19.514068410827676, 19.282749441598483, 19.053885004893615, 18.82848174078621, 18.60710322616261, 18.390225032647944, 18.17825768564548, 17.971508560462613, 17.769700570648727, 17.572557684979586, 17.379803397315968, 17.191303962371332, 17.007077897014337, 16.826607273011852, 16.650012751230683, 16.477056225851317, 16.308357291476064, 16.143745197882684, 15.983840652270384, 15.828814194730215, 15.678834984389423, 15.534155459136919, 15.394575003589155, 15.260153068013967, 15.130844715253376, 15.00615590843999, 14.88623263934337, 14.770659055978852, 14.659580830415377, 14.55248300224759, 14.449334508812273, 14.349922308061828, 14.254116573713679, 14.161782712396809, 14.073114118013262, 13.987766960114191, 13.905783807886808, 13.827015377484367, 13.751482871547678, 13.679023112878339, 13.609475525033208, 13.542839487716533, 13.479110005143934, 13.417991458369757, 13.35940234730134, 13.303156089922124, 13.249479553518405, 13.197878717548717, 13.148545842592434, 13.101251187607915, 13.055926959890325, 13.012616175151503, 12.971067709790082, 12.931363467992092, 12.893471194970134, 12.857215764013569, 12.822612142819974, 12.789285782979913, 12.75753656738214, 12.727225695457669, 12.698200518194945, 12.670434086641627, 12.643917884519972, 12.61845879364991, 12.59417908013841, 12.570897214152206, 12.548752012159225, 12.52756619844065, 12.50735046469821, 12.488041504415039, 12.469604362974867, 12.451985707299103, 12.435458697136614, 12.419750014002922, 12.404770828869617, 12.390371958114299, 12.376895901306613, 12.363949763844765, 12.351842314513675, 12.34029445070878, 12.3292115583888, 12.31885949675947, 12.308871314568968, 12.299781681002967, 12.29086050129185, 12.282601134328003, 12.274545834440636, 12.267078873595244, 12.259736491354914, 12.252845189404502, 12.246598936469109, 12.24027494986535, 12.234192340869196, 12.228779263500162, 12.2232802940942, 12.218062669232625, 12.213268555920905, 12.208720723895647, 12.203926432498863, 12.199521825270152, 12.19549008334713, 12.191559594939395, 12.187527097190262, 12.183911350326504, 12.180165487929974, 12.176612182686075, 12.173241282779685, 12.170043076271968, 12.166902012139502, 12.163833270784483, 12.160948361354956, 12.157599844116339, 12.15466311473002, 12.151816635249645, 12.14917020602003, 12.146379998604282, 12.143857780195402, 12.14123133888118, 12.138435467499214, 12.136011575363465, 12.133544513000555, 12.131202404202208, 12.128725054518629, 12.12632157561873, 12.12402230675168, 12.121475303987866, 12.11916395356647, 12.116863737164596, 12.114503380459274, 12.112346117861904, 12.110187901767864, 12.108014679404219, 12.105823926107757, 12.103475757706065, 12.101345778388774, 12.099126180151387, 12.09703959025718, 12.094966341627968, 12.092860182749321, 12.090674627777314, 12.088551891663428, 12.086369525906933, 12.084281600075515, 12.0821688154972, 12.080009128164596, 12.07807814433175, 12.076008298111441, 12.073912960361957, 12.072016089401215, 12.069805412368995, 12.067879250022544, 12.06580832020732, 12.06374652216189, 12.061737303396182, 12.059635834709532, 12.0576365179472, 12.05564586305768, 12.053537725826429, 12.051609106925083, 12.049451822302625, 12.047535606748522, 12.045441265814265, 12.043506203461568, 12.041381313482018, 12.039441115888032, 12.037432407490739, 12.035683440862057, 12.033255090121271, 12.031418618797916, 12.029223351295723, 12.027389610658231, 12.025270919273511, 12.0232832643728, 12.021410081564818, 12.019408656315981, 12.017387534275928, 12.015440415374792, 12.013469605873684, 12.011290626594045, 12.00938561351519, 12.0074595778914, 12.005422894996288, 12.003359574308945, 12.001389565952048, 11.999379401002962, 11.997278338298862, 11.995206347108626, 11.993207740403523, 11.991359943124701, 11.989284611496652, 11.987200603414026, 11.985179957439868, 11.983273727464473, 11.981236738621362, 11.979300573210384, 11.977222436786041, 11.975363992889406, 11.97322866144335, 11.97134365396758, 11.969295558482607, 11.967402049642025, 11.965456552841601, 11.963427719873545, 11.961510923226484, 11.959512710696062, 11.957416557241306, 11.955433729193139, 11.95350245794499, 11.951539794752978, 11.949391551206714, 11.947413559456328, 11.945469601354791, 11.943577305669267, 11.941422713172539, 11.939693257700565, 11.937626183864335, 11.935566488597487, 11.933690839422697, 11.931634264304135, 11.929606124291178, 11.927703529127514, 11.925632778613407, 11.923614937047619, 11.921566588103365, 11.919607663170824, 11.917603029844248, 11.915830962440783, 11.913815805788614, 11.91167528768899, 11.909495865267838, 11.90759817639426, 11.905843215866215, 11.903857939770488, 11.901733371323791, 11.899783306591337, 11.897749109012757, 11.89599352252474, 11.89392019543739, 11.891968234883295, 11.890117826403126, 11.888055209423444, 11.886107506974355, 11.884195201248362, 11.882130616327915, 11.88026907974182, 11.87819430844777, 11.876288070213706, 11.874311507540362, 11.872365424687088, 11.87035372358947, 11.868287429097707, 11.866280951506566, 11.864486061139344, 11.862537368364752, 11.86058353673227, 11.858472052987407, 11.856645545979562, 11.85456989562079, 11.8524979038018, 11.850610855341356, 11.848668008791845, 11.846816642794947, 11.844832957291123, 11.842826279629003, 11.840942202413595, 11.83898208601206, 11.836961147298068, 11.834908672353414, 11.833135845329986, 11.831058025226007, 11.829037831268273, 11.827094974928157, 11.825210650203623, 11.82324925366183, 11.821416685097132, 11.819322698414053, 11.81746270601897, 11.815577707232494, 11.81349076056555, 11.811503663042053, 11.809525510093017, 11.807668408208116, 11.805579863707782, 11.803636489305337, 11.801868528920266, 11.799837287265474, 11.79789686648599, 11.795809598686448, 11.794248466383259, 11.79217172955216, 11.790118173499677, 11.788302726348233, 11.786177962458096, 11.784269967710175, 11.782316878363282, 11.78051152611684]