Model Setup for Atypical Patient 8:
ITERS=2000
LEARNING_RATE=0.001
OPT_RESET=500
ATOL=1e-09
RTOL=1e-07
METHOD=dopri5
Input channels=2
Hidden channels=11
Output channels=2
Runtime=532.3841598033905
Optimizer=Adam (
Parameter Group 0
    amsgrad: False
    betas: (0.9, 0.999)
    capturable: False
    differentiable: False
    eps: 1e-08
    foreach: None
    fused: None
    lr: 0.001
    maximize: False
    weight_decay: 0
)Loss over time=[899.712087585283, 870.9136953500816, 851.0100096331058, 835.016391010828, 821.3308582426241, 809.1914143216601, 798.2419437022513, 788.1846836178186, 778.8589726684503, 770.1393433525689, 761.9367776630891, 754.1631217581333, 746.7825148327327, 739.7426636390263, 732.9976530003146, 726.5270658442104, 720.3230463291912, 714.3317311509101, 708.5564431162429, 702.9766480242718, 697.5659015975988, 692.3369807401027, 687.2540975228845, 682.3122667487634, 677.5091794195181, 672.8250725243502, 668.2720659005304, 663.8166038075949, 659.4772303892822, 655.2294030345238, 651.089596415225, 647.0216720988509, 643.0530100250319, 639.1648805262016, 635.350185178114, 631.6042801501943, 627.9444904089561, 624.3433246132638, 620.8086968768034, 617.3355104169066, 613.925561562876, 610.5681034497248, 607.266193849235, 604.0226759536739, 600.8262815717727, 597.6857017375888, 594.5877334322578, 591.540603574237, 588.5364739885194, 585.5719064984622, 582.6537895891128, 579.7727213950964, 576.9352627914651, 574.1347863048703, 571.3751034222001, 568.6461183622159, 565.9559219108415, 563.3009076572359, 560.6659652608764, 558.0802872045472, 555.5200839836602, 552.9902003595988, 550.4928617956733, 548.0193075772166, 545.5824791701887, 543.1638772704009, 540.7823682475454, 538.423745700654, 536.0887878456377, 533.7767349441912, 531.4934421027106, 529.2364924531851, 526.9976155717706, 524.7866584688403, 522.5921001947244, 520.4236558523451, 518.2762443124121, 516.1505910792323, 514.0477807267661, 511.9618606195718, 509.90000620004326, 507.85322769906304, 505.8278369409298, 503.8229054481857, 501.83383865511865, 499.8763487518612, 497.9119039818834, 495.98331803624245, 494.0589923883024, 492.1589862334189, 490.2778720955205, 488.4155990463442, 486.5596541455023, 484.7205512239627, 482.90348065725595, 481.0984261528611, 479.3072244268944, 477.53244411944945, 475.7787205716497, 474.0323611829834, 472.29722615678855, 470.58227000994407, 468.87701808985275, 467.1872150547402, 465.50689120113515, 463.8439109185513, 462.1857740575999, 460.549760288709, 458.9193708936796, 457.30129230782626, 455.6953667103009, 454.1022171471005, 452.521093242315, 450.940756536681, 449.378287373338, 447.83061005586427, 446.2889551370124, 444.7575271650107, 443.231687875581, 441.7202388830217, 440.2145910344969, 438.71922482974463, 437.233629240408, 435.755903285325, 434.28857464556074, 432.8262633015113, 431.3781659932342, 429.9316305619057, 428.4966269751312, 427.06643863818914, 425.6403983783932, 424.22964541978274, 422.83184290197346, 421.4335506833651, 420.0419083376706, 418.6620422317624, 417.2851301330158, 415.9148992168166, 414.55322889375924, 413.196165246887, 411.84983155702815, 410.5030409564854, 409.16917154333845, 407.836223922827, 406.5057750877666, 405.1819859797807, 403.8655216391557, 402.56845387502386, 401.2711465206441, 399.97665423076074, 398.68588955055026, 397.40418891861174, 396.11989813312636, 394.8495545725296, 393.5834782996335, 392.3094146716143, 391.0450258508314, 389.8006053603549, 388.5427161592837, 387.31259408882454, 386.0739392838161, 384.84172854927033, 383.60755944703925, 382.38800310261246, 381.1662914961585, 379.9470862342476, 378.7353331180136, 377.5284651402675, 376.3167312755122, 375.12452421564393, 373.9268951866376, 372.7347044673536, 371.5449876717091, 370.3621779692606, 369.1802664860865, 368.0018399160111, 366.8287507788142, 365.6550020742701, 364.48636292874784, 363.3281606395276, 362.16804134815834, 361.00971857157725, 359.85668415356605, 358.70470888759047, 357.56082346965997, 356.4142624859192, 355.2736404078003, 354.131328575886, 352.9946529585708, 351.86357837962044, 350.73867415157827, 349.60624757440587, 348.47899913005057, 347.3600028404823, 346.2410955870838, 345.12340321256755, 344.010662083362, 342.8946511989958, 341.7889637808412, 340.6771049634131, 339.57335672562436, 338.47153907559635, 337.37592738811094, 336.2763584160667, 335.18064414305235, 334.0844002270625, 332.99569929640757, 331.9038603602504, 330.8166000773706, 329.7319235200921, 328.65035979113, 327.5707983732479, 326.4926913557404, 325.4098504477876, 324.3374917412121, 323.2632055851004, 322.18654020984945, 321.1190766305869, 320.04840755034763, 318.98267087761894, 317.9181286128876, 316.86382699313833, 315.79768003914234, 314.7290111857678, 313.6910477774866, 312.6224074979728, 311.5585338405113, 310.5042238346081, 309.4633510250735, 308.39782368038317, 307.353172651966, 306.2952262613148, 305.24413858846646, 304.2005652828941, 303.1534053224886, 302.1107353299985, 301.06764762531145, 300.0224077122312, 298.98300511228786, 297.94008017272904, 296.90004155303853, 295.86384659747836, 294.8238354026201, 293.78629255906594, 292.75330001977295, 291.7180532180951, 290.69120211659333, 289.658782599739, 288.6164970027754, 287.5825048068988, 286.5521948371815, 285.51967923294563, 284.4911636660952, 283.46547086928354, 282.4338480097221, 281.4015881851834, 280.3711520747804, 279.34005503240917, 278.3168436800149, 277.2859003952313, 276.2617482838208, 275.23287467343573, 274.20900456308743, 273.1821952651364, 272.15686555267496, 271.1309770351073, 270.10369546121854, 269.07946842887804, 268.0516441219876, 267.02923422192777, 266.01060975191217, 264.982069006283, 263.9655155195818, 262.9329727487793, 261.9107840293047, 260.88996798561527, 259.86677228995137, 258.84139679662917, 257.81612672963143, 256.7940240876294, 255.76590918578825, 254.74390251137638, 253.7280211156545, 252.69791625968125, 251.6767742322959, 250.65797068475212, 249.6294698983124, 248.6080580608989, 247.58306452887211, 246.5570161225892, 245.5349247220265, 244.51350385732528, 243.48254534051028, 242.45719403886548, 241.4351751244638, 240.408084045296, 239.37780877884913, 238.34879982976992, 237.31965909272856, 236.3027637279656, 235.26949619801414, 234.24100950332505, 233.20925624824432, 232.17925970048543, 231.14461892053953, 230.1130639358203, 229.07419451394688, 228.05269134459175, 227.01052810329966, 225.97463958955785, 224.93984330452543, 223.90434610491857, 222.86598426832595, 221.82648032954705, 220.78183602553133, 219.73642685734075, 218.69730321129694, 217.65085989322685, 216.60618968880644, 215.5557259962531, 214.5043869153801, 213.4537644533041, 212.4008549913514, 211.34999640719425, 210.29381702863648, 209.23819596313558, 208.1819446881271, 207.1223687817511, 206.06173356397483, 205.00003617863413, 203.93590031221794, 202.87054258706274, 201.8055063007052, 200.7338884847885, 199.66321597781146, 198.59338910618143, 197.51714508107335, 196.4428953242841, 195.36666294955685, 194.2899089210391, 193.20718360507962, 192.12519572123054, 191.03998450963726, 189.9544074752728, 188.8652217291595, 187.77370313395178, 186.67933430560788, 185.58904816842974, 184.49013911110157, 183.3927550901076, 182.28706240426325, 181.18534984820354, 180.07594770300872, 178.96985585136238, 177.8595444579694, 176.74450289642843, 175.62999561718232, 174.50818306307224, 173.38284304048935, 172.2603881308129, 171.13196369452126, 169.99888395526557, 168.86587236103608, 167.72899949673385, 166.58934835596915, 165.44736662237486, 164.3007930715892, 163.14746145697748, 161.99561580720652, 160.84096813949665, 159.68310020259253, 158.52335414793117, 157.35514307086177, 156.1873856962188, 155.0129902171892, 153.83570761260114, 152.6533970153333, 151.4739163711154, 150.28732555512417, 149.1041133716417, 147.91030891824246, 146.71432672779335, 145.5221110108, 144.31496508872772, 143.11236799922474, 141.90293578647427, 140.69136802401627, 139.47146761953502, 138.2527483432966, 137.03016335627925, 135.80311447030107, 134.5637153895793, 133.33280224867738, 132.0889115759801, 130.84585378102378, 129.59859242599967, 128.34455146165215, 127.08797736487087, 125.8280515245711, 124.56065864746796, 123.29417593361094, 122.0206213743022, 120.73870171203389, 119.46064701043147, 118.17245622167985, 116.88399259741895, 115.59151351019618, 114.29785851517946, 112.99831261781497, 111.6970668191806, 110.38960003087296, 109.07831982383227, 107.76960663676724, 106.45230323956571, 105.13492481107369, 103.81946079582899, 102.49435791641463, 101.16874379914303, 99.83998244328859, 98.51068347100644, 97.1768399561944, 95.83568361310476, 94.4960221111222, 93.15471175886701, 91.81369433798626, 90.4709042777764, 89.1296843492411, 87.78572551790376, 86.44594981679633, 85.1041649627501, 83.76885647987079, 82.43381837607154, 81.10160577047083, 79.77153090215118, 78.44682742435766, 77.12539164470591, 75.80399863901107, 74.49656598656314, 73.19390241604619, 71.89878993932612, 70.61704691268555, 69.34889190571373, 68.09422701151138, 66.85263464814419, 65.62704538378715, 64.41551236753689, 63.21833514710245, 62.0430919389385, 60.8859029623403, 59.75336401791292, 58.643497118023284, 57.5563198209453, 56.49586974267797, 55.46120399065724, 54.45390164416821, 53.471035583621806, 52.514601697202586, 51.58438809780112, 50.68144571198952, 49.80823837833018, 48.96086644878467, 48.14270783469413, 47.35323521174029, 46.592097352286075, 45.85894487315218, 45.15284675096079, 44.47296954047584, 43.81994100178036, 43.1959068928156, 42.59838544893193, 42.02743103363221, 41.481083490205826, 40.95817665475467, 40.45800214430794, 39.97997008507751, 39.522841822332516, 39.08485115357337, 38.66611719294264, 38.26513880442556, 37.88133348235947, 37.513619123225446, 37.16103905097212, 36.82319334287243, 36.49947243102079, 36.18887928933571, 35.89076214403666, 35.60437066410882, 35.32921196877682, 35.06468092967084, 34.8102243197713, 34.5652114478203, 34.32950605978301, 34.10227033258319, 33.88309088581885, 33.671555762736496, 33.46712086100569, 33.269582087626524, 33.07847494820226, 32.89348200412267, 32.714207385169146, 32.540406296173316, 28.743998551730396, 26.48941730646376, 23.57605320593117, 21.464224836833104, 19.861490534038463, 18.269957860002815, 16.76742764137309, 15.658900543004338, 14.980760520586218, 14.475889451244631, 14.01269887113199, 13.717761119158496, 13.684721348809473, 13.806740504786289, 13.921390243282106, 14.016039090705618, 14.17389004169529, 14.388404395812138, 14.53424852609601, 14.59561659217578, 14.62370352044602, 14.649838242979381, 14.639924131353764, 14.562178044938292, 14.444332794550787, 14.332667976008311, 14.229972782131608, 14.11298329699515, 13.986623303211598, 13.88268045721304, 13.813001402540168, 13.758425722078046, 13.70877470003274, 13.679788480096555, 13.679826587511373, 13.691674504747446, 13.701319497741542, 13.71642435622686, 13.7416775685656, 13.763836068996083, 13.774130101349668, 13.779648615972212, 13.784688032441931, 13.781967367349774, 13.768936096384998, 13.753665385483963, 13.739794306092659, 13.723129011428261, 13.70418857619244, 13.689097809131916, 13.678733015847024, 13.669394058266835, 13.661981129133038, 13.65952268449566, 13.660027707584977, 13.66045039258164, 13.661911297312235, 13.665216390253589, 13.667785000994146, 13.668512854521605, 13.668975173475703, 13.668954672113262, 13.666994481065512, 13.663924593978539, 13.661017595748449, 13.657614716047766, 13.653562856262637, 13.65011823983657, 13.64740311290612, 13.644749924505502, 13.642643887019522, 13.641479699868349, 13.640560506963567, 13.639716293624172, 13.639330545067876, 13.639004919459246, 13.638340640158724, 13.637637903030669, 13.636846800740454, 13.635639234915214, 13.634250558723032, 13.63285813158916, 13.631262799653355, 13.629599845665894, 13.628090293516356, 13.62659901059103, 13.625146916881334, 13.623893538029222, 13.622717673212428, 13.621559831083498, 13.620515481003384, 13.619485686665673, 13.618395517461634, 13.6173178588857, 13.61619527322701, 13.614981433664314, 13.613751177140506, 13.612481416185181, 13.611152897375694, 13.609834777203433, 13.608513985887857, 13.60718027621099, 13.60588078283384, 13.604592188972708, 13.60330282487987, 13.60203829772724, 13.60076880064151, 13.599486965529524, 13.598205696116963, 13.596898989215264, 13.595571248417137, 13.594231279515434, 13.59286336738463, 13.591480832346553, 13.590087210721446, 13.588675455915363, 13.58725935405734, 13.585834748639178, 13.584399444545756, 13.582960839587827, 13.581510126285536, 13.580048820490344, 13.57857695499555, 13.577087251098227, 13.575583667070076, 13.57406252659119, 13.572522586768041, 13.57096692939865, 13.569391810422122, 13.567800305403408, 13.566192153782834, 13.564566273246998, 13.562924962002148, 13.561265411911277, 13.559588668278222, 13.557893724910299, 13.556179058283693, 13.55444515639575, 13.552689550347166, 13.55091277729461, 13.549113690010728, 13.547291826692687, 13.545447153377909, 13.543578391441672, 13.54168612656501, 13.539769267484472, 13.537827855700163, 13.535860913177528, 13.533867803285244, 13.531848136785607, 13.529800888493012, 13.527725595913699, 13.525620966866535, 13.523486704548281, 13.521321827314317, 13.519125828591207, 13.516897667383382, 13.514636768150064, 13.51234243593129, 13.510013949508743, 13.507650406902565, 13.505250942384471, 13.502814856209978, 13.500341246112988, 13.497829143152256, 13.495277534918108, 13.492685629372916, 13.490052458183806, 13.487376966753144, 13.484658127650704, 13.481895056292702, 13.479086738992997, 13.476232054914128, 13.473329891767747, 13.47037923359815, 13.467378957146815, 13.464327804402522, 13.461224682595228, 13.45806841943405, 13.454857715906927, 13.45159128266485, 13.448267943655122, 13.444907985011183, 13.44151786811638, 13.438133041269298, 13.434718032770785, 13.431255417309599, 13.42778913614295, 13.424288969513906, 13.420746868006548, 13.417216191109354, 13.413622059749303, 13.409970347472864, 13.406255037369492, 13.402476697052645, 13.398632697312099, 13.394719735851522, 13.39072844211753, 13.38666719425592, 13.382522135298307, 13.37831402615605, 13.374058389252292, 13.369728228344075, 13.365329933397941, 13.360852598297315, 13.356317537199857, 13.35169261310229, 13.34699316020401, 13.34226936283231, 13.337649116516895, 13.333679377253985, 13.333600739423737, 13.351885423079471, 13.44309479398221, 13.53483279591412, 13.499686203718431, 13.317278916071253, 13.383154252835334, 13.498651689849897, 13.343489580171093, 13.32232233819364, 13.437445443434576, 13.348190395889453, 13.297277032080967, 13.372691593690687, 13.337926591124985, 13.28522945569016, 13.321719340478161, 13.325490268214624, 13.284062533530888, 13.286379347601853, 13.30938089016243, 13.292743000604315, 13.268239532790284, 13.285183206510437, 13.297641751495235, 13.26901078472104, 13.26033183947085, 13.276273339945307, 13.271884117039322, 13.254602787226617, 13.248750086715619, 13.25730984988565, 13.259493886201078, 13.245537098518549, 13.2363971224885, 13.23888563887699, 13.241822685615604, 13.23830391797893, 13.228415531053862, 13.222040668069921, 13.221583060734968, 13.222864194285927, 13.22235768843012, 13.217446402323663, 13.211386074185993, 13.205233271941081, 13.200969685538103, 13.198597748426065, 13.197452945067987, 13.197301968539819, 13.197504338543844, 13.201034803807966, 13.20761898525783, 13.231509577862893, 13.261511927165522, 13.324784675355561, 13.32480475473031, 13.311465584725521, 13.220072715091218, 13.170954578826228, 13.162014613244851, 13.186734723165625, 13.236575150311536, 13.248784049317244, 13.244321269950122, 13.1865625280073, 13.153358207961004, 13.142050476944348, 13.15296306801257, 13.17727425927543, 13.189880316745729, 13.206874214489027, 13.183973624830406, 13.16738782394201, 13.139958180479073, 13.1239641620938, 13.118949312325208, 13.123556199911963, 13.134852049210757, 13.145935383638074, 13.17021051784573, 13.177236585284597, 13.200190406819042, 13.179340521280132, 13.169891751094964, 13.133670134721417, 13.11346611204162, 13.096209377546739, 13.087504832122438, 13.085803364606102, 13.089072232760277, 13.097146165108011, 13.108633234735345, 13.138548632315333, 13.163231134749106, 13.226139266657208, 13.214558224351986, 13.213168530104701, 13.130908392460244, 13.087761903769097, 13.059657122828089, 13.056547002720272, 13.072374548006774, 13.095570210530532, 13.1408925609771, 13.146870313793427, 13.165822950092924, 13.114623802154364, 13.086966883847, 13.051000125425245, 13.033584660150892, 13.032114298455763, 13.042343592292326, 13.06218535286073, 13.07745000600608, 13.116126954532922, 13.114902754029448, 13.135715522108496, 13.092644955156498, 13.075424402826444, 13.037509633382722, 13.015929615499134, 13.00388100091192, 13.001694559711058, 13.007022965095034, 13.01703444643506, 13.036748341093737, 13.052458880689441, 13.104053349423713, 13.113119140175222, 13.157149396774031, 13.098146178466093, 13.0709321620175, 13.011923261252726, 12.982453926534417, 12.971200177581146, 12.976024960940036, 12.992523053986774, 13.01145511598528, 13.05254787019938, 13.061780032711873, 13.108985658494113, 13.069487655964583, 13.061008398839254, 13.001967969304758, 12.97155967458698, 12.94967945319579, 12.942961622844841, 12.94817964336665, 12.961287784661078, 12.985734721263755, 13.002047341662188, 13.054436424073971, 13.052503486249774, 13.091279258701654, 13.031841778851208, 13.013595964667832, 12.959585817403813, 12.931204781166604, 12.915534496042602, 12.913634249347059, 12.92201054168544, 12.936337936271673, 12.963846549297047, 12.979336286237965, 13.037257067702122, 13.03074939180786, 13.071091657656213, 13.004034116761051, 12.985249926392585, 12.929401633744279, 12.900284929119653, 12.884741833723485, 12.883107888839492, 12.891806279303095, 12.90666702932373, 12.935143871638779, 12.950174100831306, 13.007943865976474, 12.999901788973387, 13.045563384219948, 12.979572414626052, 12.96656767876188, 12.906680787329519, 12.875849223754242, 12.85624389739301, 12.8510510984152, 12.857199548122646, 12.870838956252316, 12.896557260357566, 12.912932675116842, 12.96691680547638, 12.964090287825467, 13.024459307007417, 12.966220392854966, 12.965452383271117, 12.89329596284284, 12.859060712627246, 12.830878651173084, 12.820031575470335, 12.822725613734496, 12.83553540543591, 12.859825680815282, 12.877657477360403, 12.928817118922867, 12.927974460943073, 12.99722757908698, 12.945108828381251, 12.955615663731656, 12.875641110021947, 12.84034388741312, 12.805213456170259, 12.790090624218925, 12.790138328285503, 12.801403977729558, 12.823651688376513, 12.841312738576278, 12.887198453253314, 12.888201850968331, 12.954998213576602, 12.912403009266091, 12.939256863326206, 12.861403359504386, 12.834200675508235, 12.789004471252547, 12.765734882499684, 12.756446882603814, 12.758435775952535, 12.768991887845552, 12.783604191430696, 12.812916877791464, 12.8262531101785, 12.883428068873679, 12.87477969431863, 12.952331857108504, 12.890616763687126, 12.908064859022401, 12.819611883044644, 12.783092267747607, 12.74268864460255, 12.724695242064694, 12.722914249870918, 12.733220327702014, 12.754698857775084, 12.77327085159147, 12.818401413064105, 12.820253698796131, 12.884635634270513, 12.844570668968565, 12.888645962408901, 12.813816577825834, 12.799837239270875, 12.74254695164183, 12.713145654984242, 12.69388868732957, 12.68768114225973, 12.690988530528749, 12.701451098732266, 12.72184209259525, 12.738178755405052, 12.783916711191774, 12.79007705592094, 12.871160415740052, 12.835529574815963, 12.901015914362967, 12.80531071459521, 12.798179557255997, 12.721908639556117, 12.68510398753126, 12.659516627371586, 12.651711553402684, 12.6570089419817, 12.671235974981293, 12.698233780734721, 12.714810593194915, 12.765616401336574, 12.759319675450682, 12.823791825173993, 12.774752672439048, 12.810697977408187, 12.735926032780016, 12.718616452389176, 12.666832119346564, 12.64037144792989, 12.622526508460407, 12.615324189693688, 12.615238526622472, 12.620552345827457, 12.632874282826991, 48.95224647425361, 15.589421228826883, 19.45336960553259, 30.193294047563462, 32.88226024515298, 29.276302928324615, 21.925824095408107, 14.587015868007517, 13.416351035540215, 19.669684920015285, 22.654507631442858, 19.89596020849095, 14.68319766115074, 12.688981634717917, 14.615158487536792, 16.88756004945211, 17.775222439688203, 16.93423440179547, 14.98410749604627, 13.134033602437189, 12.793279309608083, 14.278015095290838, 15.41629861923683, 14.83885350189978, 13.371829151293799, 12.664458090948706, 13.169966777599482, 13.919996085762403, 14.191231166469207, 13.823863748356954, 13.141393880570172, 12.68355422089732, 12.891459151852592, 13.4143626900745, 13.495095792529996, 13.061197836448995, 12.68078345132584, 12.772808667807569, 13.053396858337264, 13.173978021371978, 13.028356673670844, 12.769729732074195, 12.660991067758953, 12.80857441178592, 12.965375137182445, 12.878304527861927, 12.6944716766577, 12.668865232406098, 12.773733606484763, 12.84237858132852, 12.793187643206894, 12.68917143720393, 12.653623275346918, 12.718506255168615, 12.767382973718322, 12.719520934318512, 12.654942056452391, 12.660660055992526, 12.705567236958473, 12.71696144247794, 12.680576170957153, 12.646818401931778, 12.658435185017698, 12.6870836407353, 12.681544595878227, 12.652187524735133, 12.644229786192012, 12.661625079992557, 12.67069872119181, 12.657224063158452, 12.641800330241228, 12.645705269351998, 12.657321955287387, 12.654393599250271, 12.641932121636508, 12.639544911774788, 12.647172250295393, 12.649025900066794, 12.641663134605205, 12.63652925605845, 12.640173486294687, 12.643376352621368, 12.639325673065157, 12.634658146363078, 12.635868549363789, 12.638453142791315, 12.636425348760973, 12.632745311332123, 12.632656714655917, 12.634443007746233, 12.633323572340034, 12.630513732397418, 12.63001809491759, 12.631021232773158, 12.630225491218617, 12.628205702409524, 12.627538964167048, 12.62808346922148, 12.627392955592875, 12.625745950293089, 12.625152559524729, 12.625239988709971, 12.624510282567178, 12.623297177357564, 12.622677562189223, 12.62260319150742, 12.621862229596102, 12.620730896804874, 12.620235670937406, 12.619899081336866, 12.619140477524644, 12.618246171451723, 12.617701876900247, 12.617272774667981, 12.616472863183676, 12.615618846764555, 12.615137093792539, 12.614567767994192, 12.61378917026294, 12.613039672255088, 12.612516682317647, 12.611878825170852, 12.61109231282204, 12.610378585139342, 12.609752630283277, 12.609067734990425, 12.608358957504953, 12.607726332895743, 12.607047180273243, 12.606356870533064, 12.605620674618892, 12.604941534965883, 12.604251504060494, 12.603529999449457, 12.602753648954858, 12.602009888423288, 12.601301375663555, 12.600656284103149, 12.599905352606356, 12.599197273274735, 12.598377554416743, 12.597714428961725, 12.597028069300745, 12.596230862673245, 12.595529260188801, 12.594808059394387, 12.594060698400869, 12.593238377924104, 12.59250518191081, 12.591774714423993, 12.59102138380308, 12.590251804946, 12.589486039584171, 12.588724253621109, 12.587960491680429, 12.587187104321504, 12.58640614646489, 12.58562338648797, 12.584835722235058, 12.58404884328793, 12.583257812796374, 12.582447728700133, 12.581645584988918, 12.580829836265554, 12.580021422390667, 12.579214764097491, 12.578419192138654, 12.577609503410947, 12.57680586708015, 12.575991771959178, 12.575167357505954, 12.574330897139886, 12.573493106709872, 12.572649123323318, 12.57179779570148, 12.570950979772846, 12.570121484305469, 12.569291804599828, 12.568454939605063, 12.567606905680718, 12.566747859042444, 12.565855093376365, 12.565013011945437, 12.564160614117968, 12.563293594619399, 12.562410921383066, 12.56150042701322, 12.56061930146784, 12.559806141614565, 12.55886483571831, 12.557999955121884, 12.557090334246006, 12.556166453317365, 12.55522106186997, 12.554306741258154, 12.553464299459005, 12.55259502261781, 12.551691857473598, 12.550799792292038, 12.549840575963106, 12.548947964044833, 12.548021761796212, 12.547114285033787, 12.546041327281245, 12.545117435862755, 12.544166416652006, 12.54333200486147, 12.542315002922974, 12.541371489631468, 12.54042308170895, 12.53958032179679, 12.53856288924449, 12.537603470701486, 12.536708418670147, 12.53572341776186, 12.534711678372078, 12.533683834078785, 12.53269944758053, 12.5317633803996, 12.530787487217292, 12.52980588556204, 12.52883975652503, 12.527884023962072, 12.52684191031982, 12.52588318247214, 12.52488687879712, 12.523883176554119, 12.52287492573355, 12.521863482365102, 12.520848637137629, 12.519830411909295, 12.518808816575932, 12.51778385314236, 12.51675551766317, 12.515723777092974, 12.514688626364034, 12.51365010072492, 12.512608223413507, 12.511563001954805, 12.510514427765843, 12.509462488730781, 12.508407211225688, 12.50734864099204, 12.50628680534075, 12.505221719973541, 12.504153398661758, 12.503081868244486, 12.50200717036948, 12.500929329917021, 12.499848353879374, 12.498764255362612, 12.49767705182662, 12.496586748062834, 12.495493317711805, 12.494396709896971, 12.493296885091036, 12.492193821102545, 12.491087483052892, 12.489977804798762, 12.488864700406925, 12.487748094266516, 12.48662792911833, 12.485504137977786, 12.484376625407107, 12.483245282267577, 12.482110012722314, 12.480970746930744, 12.47982744635815, 12.47868014936176, 12.477534293947611, 12.47637821148149, 12.475191531275765, 12.473977193475305, 12.472741790164315, 12.471664014781853, 12.470523925470138, 12.469340496905987, 12.468140934510165, 12.466978348712546, 12.465771651625124, 12.464671858970767, 12.463460211047668, 12.462272451217023, 12.461081571346336, 12.45988725253283, 12.458689000994713, 12.457481103725451, 12.45627401353214, 12.455063420770392, 12.453849203270135, 12.452623383501633, 12.451400200325542, 12.450173236001355, 12.448934191079125, 12.44769860179201, 12.446459161330194, 12.445215886380264, 12.44396879419308, 12.442707463843812, 12.441451688550574, 12.440192064121673, 12.438928661364985, 12.437661451587479, 12.436390318982246, 12.435103631395934, 12.433824071912762, 12.432540793222485, 12.431253768395276, 12.42996284927486, 12.428667976070018, 12.427369274557238, 12.42606687513432, 12.424760744734368, 12.423439904770847, 12.422125843004885, 12.420808038701516, 12.419491953452642, 12.418184810183481, 12.416873045051114, 12.41552294257911, 12.41420512945332, 12.412882451358824, 12.411554965549055, 12.410218282631014, 12.408875944372049, 12.407504711592871, 12.40616349328099, 12.404817545425948, 12.403467140468024, 12.402108635759806, 12.400744556895996, 12.399376275608205, 12.398003703571465, 12.396592552075749, 12.395221431108018, 12.39384595071753, 12.392466011995333, 12.391081705524368, 12.389693221576488, 12.388298917877792, 12.386897980821987, 12.385492993252107, 12.384083986326816, 12.38267095153991, 12.381253808486251, 12.379832452709786, 12.378406785978301, 12.376976645801314, 12.375500729189655, 12.374072831987744, 12.372640421200714, 12.37120353761536, 12.369762535684691, 12.368317495359953, 12.366868164149384, 12.36541436869835, 12.36395625731326, 12.3624939920892, 12.361027510033331, 12.359556624127514, 12.35807972667891, 12.35659890827866, 12.355114193129431, 12.353625541558955, 12.352132912845677, 12.35063633007596, 12.349135813612724, 12.347631349566864, 12.34612289784104, 12.344610439125603, 12.343093977618878, 12.341573484927018, 12.340048890409525, 12.338520106658224, 12.336987029165346, 12.335449476501053, 12.333907154869319, 12.332359643478908, 12.330806281662417, 12.329199546422837, 12.327651917729703, 12.326099763483548, 12.324543051755017, 12.32298217098479, 12.321417216798862, 12.319847896548202, 12.318274045126419, 12.316695866151736, 12.315113508457214, 12.31352683392749, 12.311838885168896, 12.310286755982503, 12.308694900415338, 12.30704468274538, 12.305476098010178, 12.303761962151139, 12.30216424823377, 12.300584024493048, 12.298923610982097, 12.297299211862276, 12.295685323896846, 12.294063241462856, 12.292426212119103, 12.290776687991881, 12.289115346217601, 12.28744409146704, 12.28577458071714, 12.284113885938883, 12.282441261587836, 12.280682792577153, 12.279119762622374, 12.277406886334804, 12.275671381168115, 12.273965998609112, 12.272281080728243, 12.270585802115255, 12.268888138151311, 12.26718137599323, 12.265470292558518, 12.263754846978886, 12.262033535515142, 12.260305040536206, 12.258570656113836, 12.256830212086442, 12.255114108772615, 12.25337153927066, 12.251610415451978, 12.249870877696928, 12.248114750370968, 12.24637986568578, 12.244642826334086, 12.242909878054252, 12.241166336631965, 12.239333374174093, 12.237553599140938, 12.235773709961173, 12.23399185993191, 12.232205591790382, 12.230414770512402, 12.228619227537585, 12.226819055175893, 12.225014281542865, 12.223204815623625, 12.221390616028243, 12.219571687283015, 12.217747927874104, 12.215919311108491, 12.21408586489838, 12.212247469195477, 12.210403950217296, 12.208555382145459, 12.206701818638253, 12.204846782962301, 12.203024488162193, 12.201078274844726, 12.199219017822204, 12.197379835688222, 12.195510257729687, 12.193642856070943, 12.191762833714439, 12.189876007459924, 12.187983980806466, 12.186081927340762, 12.184155243503698, 12.182275793303598, 12.180391095184781, 12.17850443644258, 12.176595428958224, 12.174669743658825, 12.172725468601925, 12.17076535581116, 12.168805037991365, 12.166835686069307, 12.164906237815483, 12.16295482275916, 12.161028358852132, 12.159051072886085, 12.157120299419388, 12.155165442386417, 12.15319966853188, 12.151194653672688, 12.149241796973167, 12.147278235914582, 12.145306232051968, 12.143321743428016, 12.14133161041269, 12.139301241342165, 12.137246703244443, 12.135106070028689, 12.133244180634987, 12.131263289492784, 12.129277272449416, 12.127238305006983, 12.125164781498547, 12.12311956620917, 12.121142364189877, 12.11901281642227, 12.117058887963175, 12.114976627580221, 12.112969673434892, 13.347453919403904, 28.90647557378944, 13.943030092752702, 18.11376704233204, 22.70979973699699, 18.954348040173254, 12.945148308787408, 14.486940465938169, 18.192268373246506, 15.966886979260993, 12.241685289577994, 13.586589129053158, 15.623027060082649, 15.539521264532427, 13.709834897010246, 12.244273056724989, 13.119556743818316, 14.39176946332863, 13.48321870124368, 12.252244465976718, 12.602851328732964, 13.379539160730126, 13.447566843296928, 12.78475394900479, 12.216881516528206, 12.507734100275258, 13.040780674256398, 12.714397769313353, 12.202935464094743, 12.33464412245201, 12.66860599264392, 12.659211557846858, 12.333902479551371, 12.154041860648288, 12.367362439562909, 12.505814463500569, 12.270355768547178, 12.133748710399141, 12.266737229982086, 12.364105392082955, 12.256882773859324, 12.121049715354388, 12.173185525861827, 12.272143806789218, 12.195221226548822, 12.103824058908407, 12.152955782755015, 12.208644203200056, 12.158318682570673, 12.095798744655191, 12.12962729614158, 12.167429748483402, 12.12075879806688, 12.089697859453667, 12.123437704204814, 12.13577984568681, 12.098877401788139, 12.087111140260005, 12.113840172664622, 12.109926820635316, 12.082636880586849, 12.087605879224753, 12.102586901787442, 12.088843094176093, 12.075023857583785, 12.085341731353706, 12.088046974915228, 12.073191486756139, 12.071577854716024, 12.079247329214214, 12.072708072007565, 12.063971636137545, 12.068101631197043, 12.068504690611302, 12.059960659147258, 12.058816513923752, 12.061561032891474, 12.056364120705966, 12.051896242498037, 12.053669082790675, 12.051566427123218, 12.046535725740794, 12.046272234368915, 12.04584333587249, 12.04143324665863, 12.039617703880037, 12.039479945727965, 12.036219934937975, 12.033602868403648, 12.0331686153502, 12.030680399023414, 12.027812352290038, 12.026910428871036, 12.02488364154167, 12.022157534367443, 12.020696155548457, 12.018857567328512, 12.016262184729122, 12.014564676191988, 12.012907418703515, 12.010269249859782, 12.008462306028948, 12.006605331328664, 12.004260547086204, 12.002293382915362, 12.000441831391425, 11.998032675457136, 11.99608364793738, 11.994044388146143, 11.991753027522897, 11.989683614387538, 11.98760807926942, 11.985314374839703, 11.983232316134984, 11.981127712626414, 11.978854329906317, 11.976768130826507, 11.97460135978913, 11.972338818008636, 11.970142498240113, 11.967954209079902, 11.965652804780154, 11.963488238545068, 11.961166056206212, 11.958841809449247, 11.956623163492706, 11.954237474860115, 11.951971417910977, 11.94966838007379, 11.947375171108057, 11.945060939447092, 11.942666425025827, 11.940307973903236, 11.937982115648, 11.935597063366394, 11.933244582225846, 11.930843070020535, 11.928445054600672, 11.926039624478454, 11.923620125031931, 11.921203713645998, 11.918773871562388, 11.91624994192406, 11.913859275725194, 11.911368487146746, 11.908875369018373, 11.906385967014437, 11.90389158931448, 11.9013777282148, 11.898856302011108, 11.896388911226051, 11.893836400981117, 11.89131898692378, 11.888754854026644, 11.88621800657025, 11.883555200727647, 11.88105458249283, 11.878457595389627, 11.875836624288814, 11.873226894860295, 11.870597738921914, 11.867954075232024, 11.865315929106691, 11.86266885813717, 11.860013296474346, 11.857354798949693, 11.854619152371846, 11.851935353189498, 11.849271353996265, 11.846568819786347, 11.84389395986239, 11.841109657946372, 11.838361985466076, 11.835586397210479, 11.832847686990727, 11.830097771062439, 11.827335337689117, 11.824556410522128, 11.82176032366757, 11.818946541561472, 11.81608606813589, 11.813318199025462, 11.810519653202205, 11.807652677977108, 11.804803743404063, 11.801992197407184, 11.799042863087214, 11.796190919134393, 11.793276607970855, 11.790437622309618, 11.787524204382004, 11.784635240750367, 11.78176083728733, 11.778806323594155, 11.7758866022968, 11.772931935885351, 11.76995582366719, 11.76685206450682, 11.7638747923057, 11.760963685866427, 11.75792337453497, 11.755000005958925, 11.752000040327676, 11.74897327732711, 11.746003450045144, 11.742936004222178, 11.739968618877157, 11.736772072727497, 11.733768146170148, 11.730684234792607, 11.72753810115048, 11.724465920737261, 11.72138518942533, 11.718368140735965, 11.715136461689491, 11.711991827930426, 11.708906418521696, 11.705841986584982, 11.702704414408805, 11.699538100780275, 11.696269671772018, 11.69312217150453, 11.689971597255793, 11.686731354109329, 11.683593496245054, 11.680351263305688, 11.677110650154425, 11.673951449372877, 11.67073717655174, 11.667622000050867, 11.664245454847123, 11.660894305032649, 11.657740716589485, 11.65440626825587, 11.65112577608449, 11.647844786612138, 11.644577670435849, 11.641353613773948, 11.638102263764893, 11.634797737777886, 11.631443984453343, 11.628145459504417, 11.624793336409414, 11.621456777233204, 11.618107012460483, 11.6147554134862, 11.611189607196282, 11.607789186498309, 11.60447368725637, 11.601084775308196, 11.597647999074704, 11.594328670996518, 11.590995128419342, 11.587555564423008, 11.584157603632896, 11.580598307546241, 11.577173177785935, 11.57363070066213, 11.570201894107136, 11.566732422334404, 11.563202771315463, 11.559805057773222, 11.556260025898455, 11.55277826996909, 11.54926704175106, 11.545752235762324, 11.542224698950848, 11.538720640874939, 11.535221326008022, 11.531590657782338, 11.528105740128499, 11.524548988241163, 11.52098314451722, 11.517449531379336, 11.51383967775265, 11.51026536909831, 11.506683593229006, 11.503117042698438, 11.499519414189333, 11.495907981165459, 11.49229911402616, 11.488653220057088, 11.485029880224198, 11.481377203820605, 11.477780628349974, 11.47416904060097, 11.470532486315884, 11.4668950211087, 11.463199285505825, 11.459606326718673, 11.45585648413364, 11.452218352764413, 11.448531376923135, 11.444894710820087, 11.441212256274078, 11.437343994972261, 11.43361117174385, 11.429895914426133, 11.42612701714334, 11.422375626645483, 11.418656696982913, 11.414944426085158, 11.411153675403687, 11.407439441808105, 11.403639289956462, 11.399924515182882, 11.396109384012293, 11.392331366963136, 11.388544842780744, 11.384775274957441, 11.380955511416955, 11.377181108303295, 11.373381372778356, 11.369553909706697, 11.365768546048734, 11.361932618032851, 11.358087211266637, 11.354248006690158, 11.35041927825627, 11.34654508877123, 11.342728771953063, 11.338862644822548, 11.335008072670705, 11.33122313219667, 11.327273196176803, 11.323490953775506, 11.319623614942227, 11.315731669736946, 11.311793057795226, 11.307942978818533, 11.304087867126615, 11.300482557732083, 11.296562451127938, 11.292660523866015, 11.28878420030058, 11.284875937886518, 11.280995539157557, 11.277217376598324, 11.273463921528021, 11.270122168729044, 11.267364860319802, 11.266609668614532, 11.269873015580343, 11.285106098916891, 11.320821129547078, 11.441949365013473, 11.610299415989646, 12.32584773749992, 12.142414270225192, 12.624215309695893, 11.487695134008687, 11.238212017866871, 11.567026011704412, 11.745096587366197, 12.028708914837578, 11.302921957596759, 11.37387220116198, 11.923934100708795, 11.34178565691107, 11.318608855604042, 11.654092510386333, 11.277548440608989, 11.308292542007832, 11.496136720536144, 11.24093895238822, 11.262536905166876, 11.474438803657058, 11.295741809449419, 11.191177864673607, 11.246439309363419, 11.300103599464723, 11.298500284952802, 11.193904530430968, 11.184019614306463, 11.251490161429789, 11.259951269868989, 11.23492694384404, 11.173134691194658, 11.161187402716576, 11.192580350001323, 11.21449026814259, 11.21949064552649, 11.178303073214332, 11.148435678761764, 11.14053489638748, 11.152341575128299, 11.170637759028319, 11.170952751419247, 11.164341281615608, 11.142744228678353, 11.125923453976158, 11.116086001802074, 11.114293078161118, 11.117730316759193, 11.122602824275635, 11.128869109695286, 11.128857979862682, 11.13154123341364, 11.12566230718275, 11.124996468224214, 11.118144217911123, 11.119860400140038, 11.11695941486861, 11.126042999888243, 11.129818657845563, 11.158103073149483, 11.174527339055821, 11.255453392890443, 11.283634482060235, 11.467760500496105, 11.413095144625554, 11.606007726666947, 11.366198243377873, 11.330121928638661, 11.154667001826555, 11.079213661894801, 11.04040895798791, 11.041770150195685, 11.073644481838931, 11.114346354202, 11.194462983787732, 11.198523776343364, 11.269449057651881, 11.193768458245906, 11.19060434214087, 11.109399446172178, 11.076374643545442, 11.037819874046264, 11.0190903591118, 11.005933939259076, 10.998525395253283, 10.99371157743198, 10.99035817779528, 10.987273310707538, 10.985707059166453, 10.985326901474577, 10.987840204026917, 10.999850961067606, 11.025990759529181, 11.10775312637976, 11.218752485882764, 11.641436244642, 11.684310129945386, 12.478290947535681, 11.4705856771358, 11.157896742093614, 10.958286482323782, 11.022771495665976, 11.288029128253596, 11.291788507471136, 11.359369381953416, 11.046854007710296, 10.9433929310736, 11.006836307377002, 11.099281727436527, 11.201254954268503, 11.03695997357611, 10.946042967114794, 10.935838316392918, 10.992024010836573, 11.07373771463994, 11.014991756836444, 10.963180111339211, 10.914083502208156, 10.918697981986675, 10.960327538887599, 10.972981493295409, 10.976096961676523, 10.926769408704839, 10.895561928035715, 10.887965393803372, 10.90085181164561, 10.921159485590254, 10.914644922445595, 10.89991049562206, 10.874626332907253, 10.863275907536257, 10.866614916715877, 10.872131237438406, 10.86917345858258, 10.854973727832794, 10.84534006248718, 10.845107747593987, 10.846339802502333, 10.842597594387586, 10.832093613579604, 10.823010933759726, 10.817993934898304, 10.816425674085506, 10.816384599445437, 10.81345759657401, 10.80849739910689, 10.800090084895546, 10.791893639885581, 10.78551572115794, 10.781702062935143, 10.778898810891539, 10.775063039841088, 10.77020715500508]