Model Setup for Atypical Patient 9:
ITERS=2000
LEARNING_RATE=0.001
OPT_RESET=500
ATOL=1e-09
RTOL=1e-07
METHOD=dopri5
Input channels=2
Hidden channels=11
Output channels=2
Runtime=509.77032017707825
Optimizer=Adam (
Parameter Group 0
    amsgrad: False
    betas: (0.9, 0.999)
    capturable: False
    differentiable: False
    eps: 1e-08
    foreach: None
    fused: None
    lr: 0.001
    maximize: False
    weight_decay: 0
)Loss over time=[15045.975656813056, 14078.664343115704, 13472.587377606647, 13014.822155805981, 12641.470195070973, 12323.759279213204, 12046.09351805357, 11798.55277233993, 11574.811151514625, 11370.383513257493, 11181.948961127722, 11007.039908241119, 10843.704997309316, 10690.430862080322, 10545.882498943753, 10409.091078832722, 10279.21258748789, 10155.568771077196, 10037.408741014158, 9924.194331705306, 9815.590117164533, 9710.936026369907, 9609.864889743572, 9512.201943309106, 9417.303518200815, 9324.906891824088, 9234.495505637145, 9145.333268957302, 9056.63185335618, 8966.607960047464, 8874.23359438886, 8785.448864407806, 8701.007971356345, 8620.13386088185, 8542.465454958683, 8467.531831551503, 8395.345641211945, 8325.35459361514, 8257.647499962752, 8191.936421524606, 8128.1480986917395, 8066.154407210203, 8005.814537950949, 7947.0282521185845, 7889.776397215877, 7833.936632621545, 7779.426969884466, 7726.209020354243, 7674.255319632587, 7623.4021098038365, 7573.70714729492, 7525.076755848008, 7477.483481000646, 7430.873716208566, 7385.197981698765, 7340.449679246717, 7296.558141194903, 7253.478141381322, 7211.2543725792, 7169.82017732623, 7129.08345647583, 7089.1339794744445, 7049.811213487521, 7011.233003496215, 6973.291307545968, 6935.990773108876, 6899.291579487625, 6863.214236182727, 6827.686284336689, 6792.748249480675, 6758.3353783361645, 6724.450234243818, 6691.095340955318, 6658.237222199436, 6625.844801059414, 6593.934877984752, 6562.486653558251, 6531.475065051834, 6500.888934260973, 6470.767281341523, 6441.0321913643575, 6411.697041869862, 6382.751594629189, 6354.197434754416, 6326.01388897289, 6298.202351749676, 6270.745284282257, 6243.613964934639, 6216.818205959804, 6190.399164942577, 6164.262446326023, 6138.459755018452, 6112.955240729282, 6087.743682441479, 6062.834183099857, 6038.231697962011, 6013.896679457565, 5989.8328745410045, 5966.050963076755, 5942.508714069648, 5919.259542929992, 5896.25806311541, 5873.46994867618, 5850.971547974475, 5828.679474683319, 5806.655247838503, 5784.809444883595, 5763.249208412572, 5741.942694937749, 5720.723931471968, 5699.792676657061, 5679.06644225033, 5658.592733630067, 5638.231234165834, 5618.096596847192, 5598.182472517662, 5578.430174788356, 5558.888272347596, 5539.512281242936, 5520.317622949064, 5501.3087071569835, 5482.471524620415, 5463.799152364407, 5445.305837334034, 5426.981389014918, 5408.807658930349, 5390.801806575516, 5372.943543936085, 5355.240950022573, 5337.6978730158635, 5320.312308918934, 5302.944146701577, 5285.954798765803, 5268.998042626516, 5252.182446855388, 5235.502900315879, 5218.964475697268, 5202.553516362336, 5186.273467747724, 5170.127951113613, 5154.110049201626, 5138.204224551402, 5122.441533120859, 5106.797326238537, 5091.27160972754, 5075.8529971895905, 5060.5718528959105, 5045.402454846181, 5030.341805842472, 5015.398573611619, 5000.555760682754, 4985.82528627866, 4971.212318266482, 4956.70056135461, 4942.296152649025, 4927.991690780363, 4913.792198684372, 4899.689184614083, 4885.676211553312, 4871.774169749898, 4857.971325515387, 4844.262681128946, 4830.614680145803, 4817.111524217387, 4803.682142612404, 4790.340995756116, 4777.080657666168, 4763.9112028578, 4750.834946595994, 4737.850953242306, 4724.918859106853, 4712.1133920475, 4699.368236547809, 4686.713113272738, 4674.125822775692, 4661.6394591912795, 4649.216710469423, 4636.882660906595, 4624.612578149483, 4612.427188888571, 4600.319745253467, 4588.269784528721, 4576.353562915182, 4564.418746568566, 4552.5966959251555, 4540.84580517203, 4529.181104433405, 4517.569974545747, 4506.033473564411, 4494.561767652477, 4483.152516942366, 4471.810390499674, 4460.542702581412, 4449.322765590119, 4438.184758232578, 4427.127612973697, 4416.103227862444, 4405.118720487207, 4394.234018519521, 4383.404913321222, 4372.629428885851, 4361.908684758048, 4351.275803462777, 4340.664430704815, 4330.12427140861, 4319.645711401632, 4309.213428899332, 4298.841628407925, 4288.54065044616, 4278.244995368827, 4268.072179626102, 4257.911035361011, 4247.811809854561, 4237.766385009195, 4227.773530230084, 4217.831205270913, 4207.935761493941, 4198.094776779215, 4188.305636077096, 4178.568136953968, 4168.861308962241, 4159.219367674528, 4149.623066997004, 4140.055192703014, 4130.574981931632, 4121.095920243155, 4111.697108046675, 4102.330280179584, 4093.017487955229, 4083.7391518279037, 4074.499302743144, 4065.3244031265986, 4056.1893366074655, 4047.0779765431816, 4038.023598858355, 4028.998950559484, 4020.016950183646, 4011.1010132375186, 4002.2069538165383, 3993.350653961745, 3984.545539838774, 3975.783731375385, 3967.0402141563104, 3958.365777058678, 3949.70336736764, 3941.090848321955, 3932.5203411753823, 3923.970212242013, 3915.490365153942, 3906.983436421351, 3898.600981388069, 3890.210232435959, 3881.847841152562, 3873.534193678311, 3865.23233195355, 3857.01970072438, 3848.7920889537945, 3840.603152012508, 3832.4813810220776, 3824.3809723281574, 3816.2868910492007, 3808.250295542179, 3800.251667164536, 3792.2766185793794, 3784.3291939480737, 3776.435697465007, 3768.541266978213, 3760.6919521409623, 3752.8659749523435, 3745.1008945740655, 3737.334365535238, 3729.574641626808, 3721.9240350143864, 3714.2285776042363, 3706.587056410972, 3698.9968308295183, 3691.4655954851128, 3683.87606793162, 3676.3933557793007, 3668.916393606523, 3661.4496446046933, 3654.023004636607, 3646.5942999954646, 3639.2595681096454, 3631.9018960169865, 3624.5648220220187, 3617.270241801621, 3610.0153290403236, 3602.7824889312806, 3595.5581611473285, 3588.3438926743943, 3581.2051198095414, 3574.0508520942185, 3566.963719754005, 3559.8567855803094, 3552.805305763136, 3545.780280696425, 3538.7524482604586, 3531.7764714281675, 3524.781879486384, 3517.851454975967, 3510.935536098741, 3504.037616114352, 3497.153887976143, 3490.2918379419234, 3483.4713866204415, 3476.6951939332093, 3469.9098672296504, 3463.148677093079, 3456.394844628574, 3449.6921464150682, 3442.9669720671213, 3436.307664853375, 3429.6428280489095, 3423.02868512861, 3416.4029451144042, 3409.8213731376572, 3403.2230335796526, 3396.676794126572, 3390.088081843975, 3383.6061862801494, 3377.113612498096, 3370.660388180908, 3364.1729021492542, 3357.7381606824983, 3351.296155282264, 3344.8883047244713, 3338.496889805372, 3332.1507850685066, 3325.7761383198417, 3319.438650001079, 3313.116529120368, 3306.8050788559167, 3300.512228656166, 3294.2203046204363, 3287.9707058840036, 3281.731429675345, 3275.4930823006634, 3269.2826597154694, 3263.0620121103743, 3256.879630026844, 3250.7027742901964, 3244.538675816375, 3238.353830582398, 3232.247484534992, 3226.1208947571517, 3220.001482084015, 3213.9210883947367, 3207.812964144978, 3201.734084640049, 3195.677808598174, 3189.611068582608, 3183.5516271374586, 3177.4145738142556, 3171.479139059299, 3165.4701599950463, 3159.4231760132866, 3153.4318855454712, 3147.4442561953865, 3141.430773461929, 3135.4038581985606, 3129.416171312753, 3123.4561123807903, 3117.483839945817, 3111.518087844286, 3105.543287603583, 3099.537992478223, 3093.6130300411883, 3087.6287038940673, 3081.6551823800573, 3075.696404086951, 3069.6998119507666, 3063.750176931427, 3057.746734278418, 3051.83010545072, 3045.870103444576, 3039.8534528168234, 3033.852114402693, 3027.8637000737112, 3021.88889119144, 3015.848609186763, 3009.831536210777, 3003.863411726701, 2997.797817548831, 2991.739801919309, 2985.7058948136196, 2979.662634870193, 2973.5522095635465, 2967.4183355028813, 2961.3051863924993, 2955.1903351233113, 2949.053016292098, 2942.9167045548875, 2936.689548638526, 2930.517072007347, 2924.269213979765, 2918.0413067712825, 2911.7818188673523, 2905.5651850589657, 2899.270367185428, 2892.9608229492023, 2886.6680510458496, 2880.312893917005, 2874.028449497081, 2867.714470789413, 2861.3648387106423, 2855.0750437244524, 2848.755087293711, 2842.3993016109553, 2836.092191074533, 2829.7357967385283, 2823.385112764029, 2816.9969277743553, 2810.6308140481324, 2804.2322041390335, 2797.79415862117, 2791.4062819395917, 2784.9825522143597, 2778.5334713408906, 2772.0988763527116, 2765.610083854935, 2759.195083109114, 2752.7714556250226, 2746.3584915850124, 2739.982403893188, 2733.6055015124634, 2727.249886936134, 2720.894819474413, 2714.585629750666, 2708.2685513339206, 2701.98477375189, 2695.6951766043244, 2689.445514945545, 2683.1969421627014, 2676.956795841008, 2670.7255872502083, 2664.5196175182014, 2658.328532862545, 2652.148489958991, 2645.9745635646586, 2639.8235531945047, 2633.6826059853584, 2627.5247875069454, 2621.4328268314757, 2615.3381403500957, 2609.239592314968, 2603.1617702499775, 2597.0873709802836, 2591.0342553591754, 2584.991477450141, 2578.9333513163515, 2572.93019301103, 2566.9162667307523, 2560.9106301791066, 2554.916261934711, 2548.9449420741994, 2542.9693170705477, 2537.00567389347, 2531.05255743274, 2525.102376043319, 2519.180611809965, 2513.249599449269, 2507.322663244616, 2501.4123123135346, 2495.495790339188, 2489.60324721595, 2483.7241546499554, 2477.8501318846043, 2471.964381721777, 2466.108368127951, 2460.247283217682, 2454.3996896486346, 2448.5505960517476, 2442.7140155960915, 2436.8905030668475, 2431.0640988187283, 2425.2456903286798, 2419.436570137124, 2413.6260027047097, 2407.8337947959876, 2402.0453647571844, 2396.2568676091532, 2390.4675128648846, 2384.6985779200536, 2378.9071555889577, 2373.123550827683, 2367.346519113591, 2361.5568529911225, 2355.7641000047233, 2349.982334764163, 2344.177027103219, 2338.374744838504, 2332.5472454052992, 2326.7290701227275, 2320.8970589648675, 2315.052113289106, 2309.1862566847344, 2303.2737727668377, 2297.406490403623, 2291.489129917121, 2285.525507681914, 2138.185156727076, 1996.962256608108, 1859.283191626569, 1724.074393529594, 1597.2031465592697, 1479.7540353712477, 1371.226834134313, 1271.0818388516543, 1178.7003897304558, 1093.5104202870448, 1014.7902185542367, 941.7858165524472, 873.7814870216268, 809.7881190439424, 748.6837707681615, 690.4889257457907, 637.4094305247155, 589.2959813161233, 545.7875421575052, 506.4951789633191, 471.0189028085087, 438.95291233531947, 409.9066216375304, 383.509245331292, 359.3887928764602, 336.90493302111446, 315.91643932928116, 296.3492007213596, 277.82913925410753, 259.4089507105684, 241.9373852374303, 225.53749861484678, 210.09699470723436, 195.50434998454523, 181.6423282383594, 168.32649330184958, 155.32163784831636, 142.2512171086761, 128.18778865968235, 114.0737324545221, 99.55052952582137, 83.90332206197397, 68.12219713440231, 55.41115264988676, 47.51309262932161, 49.84725863728698, 63.15018000233927, 50.278576031352195, 33.222154752803085, 27.73425080929303, 27.7923127929634, 28.974549767713594, 29.884006283660597, 30.185643923670526, 29.69628984172856, 28.334487193256397, 26.108228078168633, 23.08593482870068, 19.326160903947276, 14.809511724482524, 9.603865500234342, 7.978530287550188, 11.187370396203933, 13.549485092974823, 10.580211818126578, 6.061341345210986, 4.278674220360654, 5.430668189715538, 7.073226609099118, 7.190586517842926, 5.727009524445912, 3.471007061344221, 2.2555379302851053, 2.756201484004051, 3.891955082949165, 3.965251715072854, 2.776169941592415, 1.6796665058859015, 1.5816496002844522, 2.194911332516178, 2.6432192350042354, 2.4173236799042335, 1.7548915270406178, 1.2918432191636626, 1.3965845454121288, 1.8092715977011609, 1.9735318565739952, 1.6931577827200526, 1.332833027679857, 1.2614435509664526, 1.4681256096677944, 1.6600783274947135, 1.6226747821218757, 1.4190118830160354, 1.2769725495955713, 1.326175801472172, 1.4687133134866281, 1.5175029872650896, 1.4235215763519142, 1.3091691566484467, 1.2962986314025822, 1.3700957881093188, 1.4241180671111888, 1.3943879532139953, 1.3204624156473914, 1.2843239311393453, 1.3123437119992696, 1.3534318749335545, 1.3500604148533144, 1.306834787291452, 1.2741794091499044, 1.2809472805312063, 1.3054221012710217, 1.3101532272326313, 1.28763104782154, 1.263434125562828, 1.2610481914625031, 1.2747085155152649, 1.2809507161357438, 1.269650377775937, 1.2538884698148143, 1.2500019169110312, 1.25740923083958, 1.2625064499187801, 1.2572643151084981, 1.2477470773683466, 1.244345414078615, 1.2484570995948343, 1.2522727079001017, 1.2499227498388337, 1.244374097505249, 1.2421568951024564, 1.2446200978924684, 1.24720940040368, 1.246159402835511, 1.2429900846504198, 1.2416668446442622, 1.2432048253713242, 1.244888051559335, 1.2443453525913253, 1.2424980489251378, 1.241789996049041, 1.2427871856910264, 1.2437928210616553, 1.2434228417941513, 1.242318785266626, 1.2419596337804901, 1.242600168445886, 1.2431521227793538, 1.242840151373873, 1.2421623188489477, 1.2420073138761678, 1.242414059217376, 1.2426743655167136, 1.2424034307630312, 1.2419917536015312, 1.2419481877698395, 1.242199754421087, 1.2422926738411033, 1.2420712695529879, 1.2418354167977788, 1.2418530010477207, 1.2420024813220942, 1.2420085936536993, 1.241845245877772, 1.2417265307291365, 1.2417701279519389, 1.241852357316584, 1.2418219877771615, 1.2417146783629514, 1.2416696843754689, 1.2417169660151641, 1.241754868496294, 1.2417159240436653, 1.2416551382476273, 1.2416503254461497, 1.2416878921025811, 1.2416982453861223, 1.2416645256981098, 1.241636942819345, 1.2416487694561351, 1.2416715972958112, 1.2416671026658674, 1.2416438343905984, 1.2416363107697639, 1.241650303899694, 1.241659554253526, 1.241649678704127, 1.241636953343325, 1.241638925506885, 1.2416484307024187, 1.2416485690299146, 1.2416393378152957, 1.241634569167707, 1.241638950531961, 1.2416427199931237, 1.241638807801862, 1.2416329009686982, 1.2416326349079574, 1.2416358041955358, 1.2416354680242614, 1.2416312660414983, 1.2416287755576916, 1.241630003355072, 1.2416309939869912, 1.2416289280399604, 1.241626215142731, 1.2416258651376502, 1.2416267714078482, 1.2416261557546167, 1.2416241423156762, 1.2416230365039636, 1.241623364450168, 1.2416233782152177, 1.2416221781460708, 1.2416209541076497, 1.2416207463218127, 1.2416208432843818, 1.2416202105686702, 1.2416191689263094, 1.2416186397701023, 1.2416185805355484, 1.241618224591815, 1.2416174241837086, 1.2416167698671707, 1.2416165151074794, 1.2416162322198172, 1.241615617979206, 1.2416149550100122, 1.2416145511079792, 1.2416142396196985, 1.2416137339802857, 1.2416131117649754, 1.2416126227016588, 1.2416122525970497, 1.2416117945764886, 1.241611220896719, 1.2416106956337403, 1.2416102718716895, 1.24160982532293, 1.2416092907865022, 1.2416087586720812, 1.2416082977982685, 1.2416078458629485, 1.2416073364626228, 1.241606809883037, 1.241606326771874, 1.2416058635931442, 1.2416053672541076, 1.241604849127888, 1.2416043541680413, 1.2416038793257724, 1.2416033873494128, 1.2416028756180693, 1.2416023741343807, 1.2416018888116016, 1.2416013958169538, 1.241600887356395, 1.241600381898246, 1.2415998878512697, 1.241599390991149, 1.2415988828344375, 1.241598374053775, 1.2415978726416579, 1.2415973706603083, 1.2415968608099301, 1.241596348880992, 1.2415958413349644, 1.2415953339830876, 1.2415948211857906, 1.2415943059068446, 1.2415937929872873, 1.2415932803809269, 1.241592764006659, 1.2415922452697778, 1.2415917275969837, 1.241591210050873, 1.2415906897778801, 1.2415901673876393, 1.2415896452491593, 1.2415891229928382, 1.2415885986790525, 1.2415880725329338, 1.2415875461475248, 1.2415870193941276, 1.2415864909633976, 1.2415859609173514, 1.2415854303274407, 1.2415848991736638, 1.2415843665857584, 1.2415838325661788, 1.2415832978238328, 1.2415827623616573, 1.2415822255967566, 1.2415816875203542, 1.2415811486086066, 1.2415806088719872, 1.241580067925813, 1.2415795257661886, 1.2415789827074073, 1.2415784387476898, 1.241577893629138, 1.241577347357489, 1.241576800145024, 1.2415762519858051, 1.2415757027109158, 1.2415751523332135, 1.2415746009915793, 1.2415740486708557, 1.2415734952584294, 1.2415729407721887, 1.2415723853055782, 1.2415718288429796, 1.2415712713123435, 1.2415707127328532, 1.2415701531635246, 1.241569592585855, 1.241569030953328, 1.2415684682851815, 1.2415679046201664, 1.2415673399425564, 1.2415667742245589, 1.2415662074830427, 1.2415656397405554, 1.2415650709821515, 1.2415645011915155, 1.241563930383547, 1.241563358572208, 1.2415627857463407, 1.2415622118978278, 1.2415616370382176, 1.2415610611741188, 1.2415604842963468, 1.2415599064015692, 1.2415593274991745, 1.2415587475927437, 1.2415581666762925, 1.2415575847495006, 1.2415570018187931, 1.2415564178848257, 1.2415558329433816, 1.2415552469957514, 1.2415546600468272, 1.2415540720967202, 1.24155348314329, 1.2415528931884223, 1.24155230223493, 1.2415517102821112, 1.241551117328933, 1.24155052337756, 1.2415499284300617, 1.241549332486084, 1.2415487355456185, 1.2415481376104467, 1.2415475386815518, 1.2415469387585378, 1.2415463378419604, 1.2415457359334379, 1.2415451330338014, 1.2415445291431473, 1.2415439242622464, 1.2415433183922675, 1.2415427115335567, 1.2415421036863803, 1.2415414948516785, 1.241540885030503, 1.2415402742233317, 1.241539662430669, 1.2415390496533891, 1.2415384358921466, 1.2415378211473447, 1.2415372054196019, 1.2415365887097922, 1.2415359710186007, 1.2415353523465351, 1.2415347326943067, 1.2415341120625643, 1.2415334904518411, 1.2415328678626651, 1.241532244295769, 1.2415316197518287, 1.241530994231436, 1.2415303677351852, 1.2415297402636958, 1.2415291118175373, 1.2415284823972668, 1.2415278520034512, 1.2415272206367909, 1.2415265882978517, 1.2415259549872182, 1.2415253207054624, 1.2415246854531543, 1.2415240492308421, 1.2415234120390706, 1.241522773878457, 1.2415221347495733, 1.2415214946529682, 1.2415208535892122, 1.241520211558845, 1.2415195685624112, 1.2415189246004237, 1.241518279673439, 1.2415176337820506, 1.2415169869267637, 1.2415163391081239, 1.2415156903266493, 1.2415150405828559, 1.241514389877285, 1.2415137382104147, 1.2415130855828476, 1.2415124319950288, 1.2415117774475168, 1.2415111219408013, 1.2415104654753817, 1.241509808051755, 1.2415091496704236, 1.2415084903319076, 1.241507830036685, 1.2415071687852521, 1.2415065065781017, 1.2415058434157151, 1.2415051792985639, 1.2415045142271401, 1.2415038482019165, 1.2415031812233672, 1.2415025132919764, 1.241501844408202, 1.241501174572521, 1.2415005037853748, 1.241499832047242, 1.241499159358562, 1.2414984857198137, 1.241497811131444, 1.2414971355938955, 1.241496459107631, 1.2414957816730707, 1.2414951032906558, 1.2414944239608439, 1.2414937436840836, 1.2414930624607872, 1.241492380291397, 1.2414916971763168, 1.2414910131160164, 1.2414903281108747, 1.241489642161359, 1.241488955267847, 1.2414882674307828, 1.2414875786505692, 1.2414868889276205, 1.2414861982623528, 1.2414855066551558, 1.2414848141064498, 1.24148412061664, 1.2414834261861136, 1.2414827308152574, 1.241482034504496, 1.2414813372542102, 1.2414806390647861, 1.2414799399366054, 1.2414792398700703, 1.2414785388655547, 1.2414778369234474, 1.2414771340441073, 1.2414764302279309, 1.2414757254752913, 1.2414750197865494, 1.241474313162086, 1.241473605602266, 1.2414728971074502, 1.2414721876780086, 1.2414714773142987, 1.24147076601668, 1.2414700537855077, 1.241469340621151, 1.2414686265239363, 1.2414679114942302, 1.24146719553238, 1.2414664786387357, 1.241465760813629, 1.2414650420574311, 1.241464322370453, 1.241463601753025, 1.2414628802055212, 1.2414621577282197, 1.2414614343215222, 1.2414607099857038, 1.241459984721125, 1.2414592585280908, 1.2414585314069297, 1.241457803357967, 1.2414570743815327, 1.241456344477917, 1.241455613647471, 1.241454881890484, 1.241454149207271, 1.2414534155981662, 1.2414526810634348, 1.241451945603429, 1.2414512092184253, 1.2414504719087216, 2.3815800419296433, 19.570650710619983, 1.4014204285550051, 7.465518407495455, 12.594338970721848, 12.76375110908986, 9.388913621539267, 4.0296267868671345, 1.34704629304124, 4.875943771536663, 7.7795769129718755, 4.844938491499391, 1.667672476610936, 1.6922451914968624, 3.66154190272768, 4.752175944342655, 4.235948520616846, 2.584088605697035, 1.3335886557067427, 1.6422423984125865, 2.808309728226899, 3.183568154959917, 2.3048488378141267, 1.3961805413077373, 1.3404304387478745, 1.9320859868425324, 2.354406029196421, 2.1400408538701283, 1.5681271587161474, 1.2474586590028982, 1.435358137613533, 1.797936917750471, 1.8547368611004125, 1.5561763480690438, 1.2764492042102304, 1.2948845314633082, 1.5077066470931442, 1.6184410064427837, 1.5005045350441315, 1.3060477646679578, 1.2516840402993206, 1.361163242506361, 1.4622583130455586, 1.4210415633163467, 1.299487201214725, 1.2469936781161892, 1.303463483528843, 1.3713626072621332, 1.357832019046587, 1.2855455490233694, 1.2462357747115616, 1.276766674428696, 1.3204614735122127, 1.313396042407096, 1.2684328748657652, 1.245828903298113, 1.2665719454634374, 1.2920357683794927, 1.2846531910006302, 1.2567203993025033, 1.246002149338108, 1.2613111371404633, 1.2749871179337224, 1.2664290443716093, 1.2493914099019532, 1.247144592599284, 1.2585232037490734, 1.2637945665919361, 1.2553471667211307, 1.2462957767334737, 1.2485139243877563, 1.2558447414812035, 1.255876618100133, 1.2490247313986809, 1.2457669867858452, 1.2495352222834752, 1.2528846980796602, 1.2503582513726506, 1.246233828069416, 1.2464941078274672, 1.2495287332119447, 1.249830281094243, 1.2470610170013836, 1.245691895866362, 1.2472779493707102, 1.2485573931638454, 1.24734789285336, 1.2457617266857361, 1.2461574291026452, 1.2473693408868136, 1.2471545529627195, 1.245961743243, 1.2457458237082781, 1.2465530861412621, 1.246777852614314, 1.2460566109161748, 1.2456450679278905, 1.2460781026714356, 1.2464094839783249, 1.2460355299577324, 1.245641670098589, 1.245830338075807, 1.246123166379082, 1.2459561650264181, 1.2456488396680572, 1.2457067905139183, 1.2459250019962709, 1.2458628398810538, 1.245644887778038, 1.2456461036843693, 1.2457959331076098, 1.245779521276422, 1.24563166153409, 1.2456141046257032, 1.2457134671676735, 1.2457129063796708, 1.2456137737636657, 1.2455946816930443, 1.2456596974338217, 1.245661738208665, 1.2455948499581289, 1.2455800010717466, 1.2456224069621717, 1.2456223064279137, 1.2455764403750391, 1.245566931098061, 1.2455943867985928, 1.2455911939479873, 1.2455593345104583, 1.2455543114712027, 1.245571660435742, 1.2455659384875253, 1.245543704134259, 1.245541837557968, 1.2455520830801794, 1.2455447970355669, 1.245529396659238, 1.245529325085779, 1.245534424549029, 1.2455265136024687, 1.2455160191304129, 1.2455165955188077, 1.2455179223722501, 1.2455101556426833, 1.245503136927743, 1.2455035038031645, 1.2455021543566736, 1.2454950739441002, 1.2454903905847188, 1.2454900065018932, 1.2454869107350233, 1.2454808191180877, 1.2454775351834118, 1.245476159252938, 1.2454721065685745, 1.2454670602926723, 1.245464421257372, 1.2454620638182254, 1.245457673477106, 1.245453523856751, 1.245450974699383, 1.2454478308291614, 1.2454435189008723, 1.245439982352461, 1.2454371863604103, 1.2454335459748438, 1.2454295171998322, 1.2454262721637128, 1.24542310597522, 1.2454192598373572, 1.2454155330898373, 1.2454123082721886, 1.2454088138106874, 1.2454049749695322, 1.2454014470277452, 1.2453980806834863, 1.2453943876046714, 1.2453906518307782, 1.2453871772930771, 1.2453836271003642, 1.245379869487791, 1.2453762266744932, 1.245372690702927, 1.245369000472924, 1.2453652588385085, 1.2453616408460635, 1.2453579956667988, 1.245354238110243, 1.2453505248306609, 1.2453468634222251, 1.245343122579971, 1.245339349437885, 1.245335632012589, 1.2453318950483139, 1.2453280983179469, 1.245324320579989, 1.2453205606820126, 1.2453167547085096, 1.2453129319108986, 1.2453091314848341, 1.2453053117791553, 1.245301459836963, 1.2452976157349605, 1.2452937713246528, 1.2452898977090816, 1.245286015388961, 1.2452821381126737, 1.2452782424395719, 1.2452743287180077, 1.2452704159664714, 1.2452664943670073, 1.2452625533950568, 1.245258606508789, 1.2452546553813912, 1.2452506881787322, 1.2452467098134892, 1.24524272738064, 1.2452387330955248, 1.2452347254202358, 1.2452307115962047, 1.2452266889251797, 1.245222653030252, 1.2452186086102413, 1.2452145566220112, 1.2452104927224754, 1.2452064186693421, 1.2452023370298264, 1.2451982449052272, 1.2451941419455332, 1.2451900307658619, 1.2451859101280265, 1.245181778685804, 1.2451776383097095, 1.2451734889919603, 1.2451693292480654, 1.2451651600464901, 1.2451609820333263, 1.2451567940521302, 1.2451525963516674, 1.2451483897558964, 1.2451441735679631, 1.2451399476050713, 1.2451357125943987, 1.2451314682469516, 1.2451272142013383, 1.2451229509736428, 1.245118678549367, 1.2451143965535978, 1.2451101052906617, 1.2451058048969987, 1.245101495069931, 1.2450971759470697, 1.2450928477164587, 1.2450885101696547, 1.2450841633367717, 1.245079807403916, 1.2450754422518233, 1.2450710678527825, 1.2450666843610365, 1.245062291722256, 1.2450578898856757, 1.245053478969098, 1.2450490589637306, 1.2450446298173612, 1.24504019161266, 1.245035744364887, 1.2450312880294958, 1.2450268226630286, 1.245022348294362, 1.2450178648914025, 1.2450133724912233, 1.2450088711256286, 1.245004360773325, 1.2449998414592398, 1.244995313215796, 1.2449907760321541, 1.244986229925464, 1.2449816749247826, 1.2449771110258845, 1.244972538241812, 1.2449679565991887, 1.244963366099849, 1.2449587667546562, 1.244954158586489, 1.244949541600089, 1.2449449158054648, 1.2449402812233201, 1.244935637861399, 1.2449309857295292, 1.2449263248456854, 1.2449216552185776, 1.2449169768579866, 1.2449122897806364, 1.2449075939965424, 1.2449028895158345, 1.2448981763534528, 1.2448934545194972, 1.2448887240242037, 1.2448839848817856, 1.244879237103005, 1.2448744806983434, 1.2448697156809325, 1.244864942061257, 1.2448601598498528, 1.2448553690594635, 1.244850569700921, 1.2448457617848645, 1.2448409453233138, 1.2448361203267515, 1.2448312868058309, 1.2448264447723274, 1.2448215942369258, 1.244816735210257, 1.2448118677035973, 1.244806991727305, 1.2448021072919409, 1.2447972144086519, 1.244792313087894, 1.2447874033401718, 1.244782485176195, 1.244777558606158, 1.2447726236404812, 1.244767680289806, 1.2447627285643366, 1.244757768474383, 1.244752800030234, 1.2447478232418978, 1.2447428381195733, 1.244737844673503, 1.244732842913667, 1.244727832850111, 1.2447228144927935, 1.2447177878515248, 1.2447127529362652, 1.2447077097569044, 1.2447026583232152, 1.2446975986449638, 1.244692530731827, 1.2446874545934223, 1.2446823702394278, 1.2446772776794768, 1.2446721769230877, 1.2446670679797824, 1.2446619508589793, 1.2446568255700858, 1.2446516921225366, 1.2446465505257016, 1.244641400788871, 1.2446362429212967, 1.244631076932203, 1.2446259028307656, 1.2446207206261943, 1.2446155303275923, 1.2446103319440407, 1.244605125484569, 1.2445999109581747, 1.2445946883738381, 1.2445894577405043, 1.2445842190670835, 1.2445789723624245, 1.2445737176353513, 1.2445684548946367, 1.2445631841490885, 1.244557905407396, 1.244552618678264, 1.244547323970355, 1.2445420212922602, 1.2445367106525866, 1.2445313920598848, 1.2445260655226984, 1.2445207310495068, 1.2445153886487532, 1.244510038328863, 1.2445046800982262, 1.244499313965235, 1.2444939399381978, 1.2444885580254004, 1.244483168235122, 1.2444777705756005, 1.2444723650550331, 1.244466951681609, 1.2444615304634574, 1.2444561014086934, 1.2444506645254096, 1.244445219821651, 1.2444397673054552, 1.2444343069848074, 1.2444288388676872, 1.244423362962015, 1.244417879275714, 1.244412387816657, 1.2444068885927029, 1.2444013816116837, 1.244395866881379, 1.2443903444095628, 1.2443848142039848, 1.2443792762723602, 1.2443737306223674, 1.2443681772616735, 1.2443626161979098, 1.2443570474386847, 1.244351470991588, 1.2443458868641566, 1.244340295063932, 1.2443346955984107, 1.2443290884750744, 1.2443234737013782, 1.244317851284748, 1.2443122212325772, 1.2443065835522473, 1.244300938251116, 1.2442952853364935, 1.244289624815703, 1.244283956696018, 1.244278280984682, 1.2442725976889242, 1.2442669068159662, 1.2442612083729816, 1.244255502367137, 1.2442497888055568, 1.244244067695351, 1.2442383390436234, 1.2442326028574344, 1.2442268591438341, 1.2442211079098333, 1.244215349162422, 1.2442095829086086, 1.244203809155315, 1.2441980279094889, 1.24419223917804, 1.2441864429678586, 1.2441806392858028, 1.2441748281387235, 1.2441690095334499, 1.2441631834767781, 1.2441573499754803, 1.2441515090363344, 1.2441456606660866, 1.2441398048714352, 1.2441339416590813, 1.244128071035715, 1.244122193007994, 1.2441163075825494, 1.2441104147659952, 1.2441045145649412, 1.2440986069859605, 1.2440926920356132, 1.2440867697204274, 1.244080840046938, 1.2440749030216405, 1.2440689586510174, 1.2440630069415284, 1.2440570478996045, 1.2440510815316896, 1.2440451078441777, 1.2440391268434607, 1.2440331385359091, 1.2440271429278684, 1.2440211400256678, 1.2440151298356341, 1.2440091123640473, 1.2440030876171948, 1.2439970556013291, 1.2439910163226948, 1.2439849697875256, 1.243978916002016, 1.2439728549723588, 1.2439667867047364, 1.2439607112052877, 1.2439546284801717, 1.243948538535491, 1.2439424413773532, 1.2439363370118495, 1.2439302254450497, 1.243924106683011, 1.2439179807317715, 1.243911847597341, 1.2439057072857436, 1.2438995598029434, 1.2438934051549386, 1.2438872433476738, 1.2438810743870818, 1.2438748982791064, 1.243868715029648, 1.2438625246445945, 1.2438563271298255, 1.2438501224912157, 1.2438439107345938, 1.2438376918658176, 1.2438314658906746, 1.2438252328149906, 1.2438189926445296, 1.2438127453850856, 1.243806491042409, 1.2438002296222335, 1.2437939611302817, 1.2437876855722942, 1.243781402953947, 1.2437751132809312, 1.2437688165589116, 8.707413648827515, 4.960325932767171, 10.08129229143263, 9.467289764376517, 5.489992862637219, 1.3315856755138737, 3.9860099914969993, 6.096087684275884, 2.6686647016720433, 1.2774865518701453, 2.8699083618841295, 4.021312967095062, 3.6504918567857527, 2.1830082196626335, 1.2500412818172442, 1.9839852876205364, 2.9391170431932454, 2.4701891245902763, 1.4775285308437456, 1.3263580633220131, 1.9355076361878956, 2.278893641952619, 1.9022576872769221, 1.353058270903754, 1.3188950590398703, 1.7076566102741615, 1.86556162802291, 1.5695040360052523, 1.2703031682410184, 1.336784441831388, 1.5761713483773712, 1.604775646711447, 1.3949339419615698, 1.2486349696810164, 1.3360978219684667, 1.4742491468310595, 1.4373056586622177, 1.2926345310576604, 1.2529340296090785, 1.3421789144986986, 1.3962050073883665, 1.3321423201417895, 1.2535708148842033, 1.2698657649367917, 1.3321846678663045, 1.3300985844306792, 1.270984013108741, 1.2493504621840066, 1.2857555633306703, 1.3082523321851196, 1.279515222623636, 1.2488371386718675, 1.2609386330715173, 1.2852889698069296, 1.2768458584986535, 1.2519177514668223, 1.25123490318531, 1.2688802038475158, 1.2701255003903673, 1.2536072647479328, 1.248023157858564, 1.2590883518252272, 1.2634108581673524, 1.2532791709878404, 1.247393429745239, 1.2539594487500005, 1.2582431284614246, 1.2521815157819318, 1.2473668034611465, 1.251299708328119, 1.2546616189513946, 1.2508219894118526, 1.2473900095266195, 1.2499522649329053, 1.2522340351629864, 1.2496248163711834, 1.2473679181089543, 1.2491870906310931, 1.2505859076425174, 1.2486710271101642, 1.2473470923728585, 1.2487370982603134, 1.2494478715023054, 1.2480099580303297, 1.247366916315069, 1.2484314775486947, 1.248651969012191, 1.2475933519518392, 1.2474268619967646, 1.2481912726838866, 1.2480866361420946, 1.247372238766552, 1.2474907207623895, 1.247964032485491, 1.2476886669940879, 1.2472834872621232, 1.247527685875633, 1.2477381009739354, 1.2474279078895096, 1.2472758382087723, 1.2475165450539263, 1.2475287691524324, 1.2472836536386926, 1.2473014771528588, 1.247458203703676, 1.2473610869158431, 1.2472296938629825, 1.247319945246074, 1.2473692952505528, 1.2472521471873046, 1.2472267497052574, 1.2473075887371257, 1.2472768233592795, 1.2472006045114112, 1.2472338507119076, 1.2472637083834255, 1.2472058949302793, 1.2471863435458528, 1.2472238173523051, 1.2472070379877116, 1.2471668615686282, 1.2471816798492457, 1.247192172948734, 1.2471599580788535, 1.24715099110523, 1.2471666893042945, 1.2471521737690892, 1.247132106239239, 1.247139732711618, 1.247138568486739, 1.247119302454218, 1.2471165471110335, 1.2471202872172003, 1.2471072619069987, 1.2470978634608387, 1.247100331540029, 1.2470934667452562, 1.2470820772633509, 1.2470808894898122, 1.247077693657232, 1.247067339259643, 1.2470627989586704, 1.24706073825497, 1.2470524749070337, 1.247045918138116, 1.2470434089657718, 1.2470370301246492, 1.2470297460896844, 1.2470261907107785, 1.2470210023386983, 1.2470137990454686, 1.2470092171290315, 1.2470045449414682, 1.246997767655799, 1.2469924447906282, 1.2469878323500359, 1.246981516826309, 1.2469757601855538, 1.2469709735067427, 1.2469650176631246, 1.2469590639924222, 1.246954029516939, 1.246948295305991, 1.2469422824442091, 1.2469370078143174, 1.2469313769568118, 1.2469253714299111, 1.246919899896734, 1.246914288891619, 1.2469083074541094, 1.2469026836692698, 1.2468970421081824, 1.246891080700119, 1.24688534424392, 1.246879646851157, 1.2468736911320635, 1.2468678686595775, 1.2468621049006525, 1.246856141041601, 1.2468502514230968, 1.246844419660313, 1.2468384348422943, 1.2468324878275503, 1.2468265893128119, 1.246820574436091, 1.2468145762826521, 1.2468086142017556, 1.246802562319849, 1.2467965151474603, 1.2467904922166815, 1.246784399215882, 1.246778304702813, 1.2467722239573817, 1.2467660870222137, 1.2467599451859748, 1.2467538087205223, 1.2467476265162496, 1.2467414377931427, 1.2467352476520963, 1.2467290192145513, 1.2467227831897032, 1.246716540649107, 1.2467102657003415, 1.2467039824858697, 1.2466976888031367, 1.2466913670638289, 1.246685036314229, 1.2466786923368203, 1.246672323936344, 1.2466659457913534, 1.2466595524010984, 1.2466531373321732, 1.246646711650853, 1.2466402695264356, 1.2466338080337336, 1.2466273350219252, 1.2466208448250435, 1.246614336949287, 1.2466078166248766, 1.2466012789235545, 1.246594724887752, 1.2465881575124804, 1.2465815728130345, 1.246574972656123, 1.246568358396868, 1.2465617271849452, 1.2465550811065678, 1.2465484202889117, 1.24654174294711, 1.2465350510114235, 1.246528343922155, 1.2465216208421765, 1.2465148832493222, 1.2465081302419434, 1.2465013616899114, 1.246494578562485, 1.2464877799786267, 1.2464809662505536, 1.2464741378194468, 1.2464672939911245, 1.24646043527798, 1.2464535617487387, 1.246446673008301, 1.2464397695497231, 1.2464328511914797, 1.246425917814279, 1.246418969788797, 1.2464120068691849, 1.246405029137963, 1.2463980367764276, 1.2463910295710465, 1.2463840077052943, 1.2463769712186752, 1.2463699200050888, 1.2463628542445264, 1.2463557738775393, 1.2463486789022598, 1.246341569449309, 1.2463344454462726, 1.246327306960696, 1.2463201540440478, 1.2463129866490419, 1.2463058048683562, 1.2462986087063526, 1.246291398165409, 1.2462841733166625, 1.2462769341405868, 1.24626968067701, 1.2462624129690087, 1.246255131009882, 1.2462478348511334, 1.246240524504996, 1.2462331999854297, 1.2462258613392765, 1.2462185085724302, 1.2462111417161912, 1.2462037607981318, 1.2461963658276913, 1.2461889568427225, 1.2461815338611404, 1.246174096904143, 1.2461666460019862, 1.246159181167768, 1.2461517024305264, 1.2461442098139988, 1.2461367033367603, 1.246129183026767, 1.246121648901276, 1.2461141009841261, 1.2461065393003599, 1.2460989638689168, 1.2460913747148858, 1.2460837718579543, 1.2460761553195328, 1.2460685251242152, 1.246060881291531, 1.2460532238445259, 1.2460455528039724, 1.2460378681903364, 1.2460301700268948, 1.2460224583338524, 1.2460147331329736, 1.2460069944449779, 1.2459992422900557, 1.2459914766904405, 1.2459836976663838, 1.2459759052388466, 1.2459680994283977, 1.2459602802549357, 1.2459524477397723, 1.2459446019030418, 1.2459367427652095, 1.2459288703463676, 1.2459209846662531, 1.245913085745508, 1.245905173604224, 1.2458972482622968, 1.2458893097395993, 1.2458813580555004, 1.2458733932300612, 1.245865415282809, 1.2458574242333058, 1.245849420100867, 1.2458414029047893, 1.2458333726644844, 1.2458253293992243, 1.2458172731281765, 1.2458092038702249, 1.2458011216443825, 1.2457930264697146, 1.2457849183650649, 1.2457767973491305, 1.2457686634407448, 1.2457605166583219, 1.2457523570206044, 1.2457441845461623, 1.2457359992533588, 1.2457278011605797, 1.2457195902860332, 1.245711366648095, 1.2457031302649093, 1.2456948811545603, 1.2456866193350904, 1.2456783448244848, 1.2456700576406674, 1.2456617578015352, 1.2456534453248538, 1.2456451202283048, 1.2456367825296057, 1.2456284322463615, 1.2456200693961492, 1.2456116939964486, 1.2456033060657221, 1.2455949056217965, 1.2455864926820395, 1.2455780672636507, 1.2455696293838032, 1.2455611790596655, 1.2455527163083275, 1.245544241146769, 1.245535753591975, 1.2455272536608446, 1.2455187413702322, 1.2455102167369625, 1.2455016797777752, 1.2454931305092962, 1.2454845689482796, 1.245475995111188, 1.2454674090146414, 1.245458810675068, 1.2454502001089247, 1.2454415773325633, 1.2454329423623205, 1.2454242952145014, 1.2454156359052782, 1.2454069644508436, 1.2453982808673745, 1.2453895851708443, 1.2453808773773571, 1.245372157502853, 1.245363425563295, 1.2453546815745264, 1.2453459255524237, 1.2453371575127163, 1.2453283774712094, 1.2453195854435566, 1.2453107814454343, 1.2453019654923947, 1.2452931376000536, 1.2452842977838792, 1.245275446059374, 1.2452665824419265, 1.245257706946928, 1.2452488195897267, 1.2452399203855962, 1.2452310093497791, 1.2452220864975074, 1.2452131518439276, 1.2452042054041366, 1.2451952471932506, 1.2451862772262954, 1.2451772955182567, 1.2451683020840925, 1.2451592969386966, 1.2451502800969683, 1.2451412515737303, 1.2451322113837775, 1.2451231595418568, 1.2451140960626865, 1.245105020960918, 1.2450959342512193, 1.245086835948176, 1.2450777260663357, 1.2450686046202284, 1.2450594716243233, 1.2450503270930797, 1.2450411710408844, 1.2450320034821225, 1.2450228244311228, 1.245013633902192, 1.2450044319095754, 1.2449952184674884, 1.244985993590152, 1.2449767572916886, 1.244967509586227, 1.2449582504878518, 1.2449489800106042, 1.2449396981684877, 1.2449304049755154, 1.2449211004455767, 1.244911784592633, 1.2449024574305207, 1.2448931189731107, 1.244883769234186, 1.244874408227561, 1.2448650359669302, 1.244855652466051, 1.2448462577385655, 1.2448368517981379, 1.2448274346583734, 1.244818006332874, 1.2448085668351503, 1.2447991161787562, 1.2447896543771717, 1.2447801814438544, 1.2447706973922152, 1.244761202235667, 1.244751695987568, 1.2447421786612514, 1.2447326502700222, 1.2447231108271575, 1.2447135603459143, 1.2447039988394826, 1.2446944263210578, 1.2446848428038146, 1.244675248300865, 1.2446656428253178, 1.2446560263902329, 1.2446463990086662, 1.2446367606936186, 1.2446271114580951, 1.2446174513150419, 1.2446077802773892, 1.2445980983580507, 1.244588405569891, 1.2445787019257766, 1.2445689874385135, 1.2445592621209025, 1.244549525985719, 1.2445397790456958, 1.244530021313561, 1.2445202528019954, 1.244510473523671, 1.2445006834912171, 1.2444908827172585, 1.2444810712143672, 1.244471248995126, 1.2444614160720524, 1.2444515724576606, 1.2444417181644474, 1.24443185320487, 1.244421977591371, 1.244412091336354, 1.2444021944522143, 1.244392286951314, 1.2443823688459998, 1.2443724401485807, 1.2443625008713608, 1.2443525510265896, 1.2443425906265324, 1.244332619683408, 1.2443226382094088, 1.2443126462167269, 1.244302643717499, 1.2442926307238615, 1.2442826072479278, 1.2442725733017854, 1.2442625288974976, 1.2442524740470982]