Model Setup for Atypical Patient 4:
ITERS=3000
LEARNING_RATE=0.001
OPT_RESET=500
ATOL=1e-09
RTOL=1e-07
METHOD=dopri5
Input channels=2
Hidden channels=11
Output channels=2
Runtime=1445.6442379951477
Optimizer=Adam (
Parameter Group 0
    amsgrad: False
    betas: (0.9, 0.999)
    capturable: False
    differentiable: False
    eps: 1e-08
    foreach: None
    fused: None
    lr: 0.001
    maximize: False
    weight_decay: 0
)Loss over time=[200.0939875599147, 186.46881305316938, 177.23283538511905, 169.91029763468003, 163.73478186409804, 158.35874092920338, 153.58450127481657, 149.26353462760235, 145.2918111141432, 141.58686946711663, 138.0944398269816, 134.7789119399292, 131.62573444347555, 128.61167222585505, 125.55775853637043, 122.41084432195261, 119.55885925726034, 116.94644286083107, 114.53696696632915, 112.29685444536572, 110.20869012316852, 108.25139647949432, 106.41630493157058, 104.69217596633712, 103.07214164944918, 101.54577283241879, 100.1119287239887, 98.76292086378575, 97.49227566192657, 96.30060364361026, 95.1914224237793, 94.15072498489018, 93.17655236038041, 92.26361869441776, 91.41238749595865, 90.61323133983264, 89.86611227934188, 89.16521324384175, 88.50784521088457, 87.89324486713694, 87.31635319519833, 86.77436121461137, 86.26509325410466, 85.78768579357923, 85.33692359537639, 84.91271224951747, 84.51427005225194, 84.13736334619868, 83.78220904444137, 83.44707966010112, 83.12816893684247, 82.832477403757, 82.55490562191245, 82.29545850820801, 82.05263472601173, 81.82339431944655, 81.60921503406041, 81.40728637110755, 81.21664022484664, 81.03782916378884, 80.86943463427616, 80.7104585092825, 80.5602841984043, 80.41885090644595, 80.28418689533747, 80.15672251711594, 80.03698207203023, 79.9231460186715, 79.81468580528328, 79.71261657556606, 79.6165166139108, 79.52680426999585, 79.4429257257946, 79.36334025596668, 79.28860535578957, 79.2174155884885, 79.15064897345756, 79.08696445322431, 79.02600925248629, 78.96745055373172, 78.91100405691101, 78.85646635346046, 78.80386965636183, 78.7521126794867, 78.70308734538293, 78.65396794969408, 78.60668798033316, 78.56068660005134, 78.51522368727984, 78.47045559880695, 78.42524868398276, 78.38113563222524, 78.33754356491428, 78.29376329266644, 78.25083362225338, 78.20835070780377, 78.16559414100917, 78.1229648699226, 78.08014973880137, 78.0375908422475, 77.99594383886186, 77.95353908177701, 77.91127485419798, 77.86964592981846, 77.82709826337705, 77.78537196676665, 77.74434359045367, 77.70315995995475, 77.66190809872863, 77.6208117018875, 77.5798766293282, 77.53989192245058, 77.49989881734854, 77.4605798127937, 77.42110724432226, 77.3825181295061, 77.34398796846645, 77.3056787264024, 77.26752181786809, 77.22991312923448, 77.19216947587496, 77.15556290809626, 77.11837268725446, 77.0819367745074, 77.04570636226035, 77.01007250553398, 76.97455795464951, 76.93870627106992, 76.90356331827206, 76.86915460290903, 76.83431011884785, 76.79990545619968, 76.7652158355239, 76.73192550069994, 76.69843332984698, 76.6644431069189, 76.63139940776803, 76.5981438880532, 76.56610314962698, 76.53341095700058, 76.5009186285184, 76.46903773455826, 76.43723675230245, 76.40618582929143, 76.37542410227735, 76.34464204988565, 76.3137919608097, 76.28314774654622, 76.2528096120442, 76.22279493092218, 76.19308066112889, 76.16280510247367, 76.13359646133257, 76.10443727265907, 76.07528659320887, 76.04618475372841, 76.01792395686269, 75.98954737918002, 75.96120492253905, 75.93254150591252, 75.90497819033135, 75.87749243205889, 75.84969839920458, 75.82254996032357, 75.79532643921571, 75.76772691949732, 75.7406326751536, 75.71426991304408, 75.6880820692126, 75.66115377845436, 75.63461272707946, 75.60900613424351, 75.58317696580018, 75.55709983502358, 75.53162287454664, 75.50584688672974, 75.48019711203023, 75.4557385958853, 75.43001279294273, 75.40485520436847, 75.38023675794719, 75.35498232872574, 75.3307095852234, 75.30655027434048, 75.28252097270921, 75.258531509401, 75.23364890976396, 75.21024842148982, 75.18659860561102, 75.16292645677349, 75.13968350381334, 75.11664311562214, 75.09366297907661, 75.07044198135303, 75.04738816577829, 75.02433628862342, 75.00095520952586, 74.97921707302348, 74.95609135093474, 74.93351461307378, 74.91158599632885, 74.88918055811835, 74.86617234767799, 74.84491110588287, 74.82324499243572, 74.80127258031082, 74.779034771919, 74.75798647611107, 74.73626672153962, 74.71487183602963, 74.69363016378855, 74.67162494667838, 74.65077969606558, 74.62978849215335, 74.60925219563123, 74.58706552239607, 74.56773852796549, 74.5469387633155, 74.5262474375137, 74.50582372249981, 74.48524952149643, 74.4646168424374, 74.44462277883243, 74.42392772742703, 74.4038831998363, 74.38351214501053, 74.36413416501001, 74.34424001097874, 74.32426276523269, 74.30448841401572, 74.28434601165422, 74.26505120815256, 74.24539430950296, 74.2260070410582, 74.20635951592634, 74.186626899434, 74.16794067117796, 74.14765970491112, 74.12906281965284, 74.1097813060371, 74.09146998377334, 74.07145958177956, 74.05354299599475, 74.03367701950009, 74.01571367098218, 73.9962772708077, 73.97745848939623, 73.95874957024255, 73.93993856242024, 73.92213020762657, 73.90338454247014, 73.88509611263603, 73.8661160273476, 73.84757222398035, 73.82864929310516, 73.8115277154887, 73.79221050970459, 73.77462741092415, 73.75709678817736, 73.73884784956732, 73.71991781256831, 73.70200488277386, 73.68549786902324, 73.66658390039044, 73.64990822014046, 73.63241834043468, 73.6147261491193, 73.59675138422361, 73.5792793188428, 73.56136377358501, 73.54317604910983, 73.52600816702876, 73.5089024312669, 73.49195420123154, 73.47377547687596, 73.45652963027925, 73.43924932316007, 73.42185798559444, 73.40425902434671, 73.38780461240702, 73.37004338379954, 73.35318729723939, 73.33571937576552, 73.31918804625388, 73.30183902346954, 73.28379911424794, 73.26796652049943, 73.25048383525431, 73.23380174348227, 73.2171275797915, 73.19992787723942, 73.18336785319894, 73.16652505819027, 73.14995307915241, 73.13266578686209, 73.1161031729614, 73.09958698280576, 73.08305652854258, 73.06613728088554, 73.04932031531658, 73.0321910094259, 73.01620657901611, 72.99937237939977, 72.98360771920888, 72.96781772647816, 72.95147219365047, 72.93492996002072, 72.91848748675255, 72.90235031240843, 72.88617604656477, 72.86975534240769, 72.85322466528633, 72.83625626140342, 72.82070968478567, 72.80307275587113, 72.78705863863858, 72.77235489482014, 72.75557931854267, 72.7408970096288, 72.72271813133948, 72.70788112684791, 72.6919610349474, 72.67624542928306, 72.65989113610387, 72.64314354592415, 72.62752421692882, 72.61246141403363, 72.59517941365431, 72.58170650324452, 72.56548486850168, 72.54991326194607, 72.53354875103447, 72.51768366054301, 72.50184740786864, 72.48595120583586, 72.47007903551861, 72.45516183206419, 72.4392744758678, 72.4239704816967, 72.40786127169142, 72.39198899706358, 72.37740305618173, 72.36089826557158, 72.34643564173903, 72.33055922489675, 72.3156027392441, 72.299917111517, 72.28380765778454, 72.26830534056617, 72.25293734642274, 72.23742091920218, 72.2218212116574, 72.20646522475884, 72.19094364881151, 72.17519250312606, 72.15983742418668, 72.14455645385819, 72.1293672481101, 72.11442370363314, 72.09899040137914, 72.08332459666684, 72.06838215709948, 72.05338053156716, 72.03781958705358, 72.02242498520411, 72.00717692308702, 71.99232128156832, 71.97693268745321, 71.96162959698368, 71.94633875649443, 71.93123782107479, 71.91575556721332, 71.90057486833936, 71.8857805506551, 71.87052428020547, 71.85523420229578, 71.84014712625759, 71.82558561618372, 71.81050333884444, 71.79553541334961, 71.780510052508, 71.76555295997711, 71.75067057344148, 71.73597958685151, 71.7207542763496, 71.70582747466383, 71.69077649229224, 71.67609902269199, 71.66021841006865, 71.64525663312374, 71.63077176608202, 71.61600702571471, 71.60097187408346, 71.58583291810683, 71.57082111625795, 71.5559062405788, 71.54121963434794, 71.5264429163545, 71.51189193874266, 71.4968949831964, 71.4821675500859, 71.46687173732437, 71.45205649469825, 71.43741352378669, 71.42220655644202, 71.40767012301768, 71.39278849453602, 71.37801266680344, 71.36403163228438, 71.34842417652679, 71.33454014213709, 71.3195233412125, 71.30468966935247, 71.28987416352103, 71.27514081830725, 71.25957499513072, 71.2451879983686, 71.2303254735857, 71.21592429851238, 71.20118637022068, 71.1865653629872, 71.17101798009546, 71.15653088033196, 71.14182119932589, 71.12743499783458, 71.11120035146709, 71.09769112639437, 71.08300955550637, 71.06816482639391, 71.05381437587542, 71.03932172194119, 71.02425076554368, 71.00952632571355, 70.99535720994157, 70.98064695364633, 70.9659581836912, 70.95115313273102, 70.93676956734204, 70.92179284074554, 70.90736452559955, 70.89263663504886, 70.87790252351029, 70.86301371615953, 70.84857823972764, 70.8342558406303, 70.81915871658319, 70.80423489039107, 70.79009250706638, 70.77568507505394, 70.76099701896398, 70.74610709546448, 70.73175668724457, 70.71703313255486, 70.70253325028645, 70.68829749996782, 70.67325170425876, 70.65896624228365, 70.64466195293636, 70.6300550553654, 70.61597605015878, 70.60111736325705, 70.58690918014861, 70.5723230935064, 70.55773299238247, 70.54313886525587, 70.52853998821287, 70.51393559205222, 70.49962405812381, 70.48455850509016, 70.4698205035564, 70.4553618159419, 70.44079112126012, 70.42626505821714, 70.41150749945074, 70.3965425574553, 70.38233663409139, 70.36785739432112, 70.3534273220291, 70.33876166356916, 70.32418367016821, 70.30943019790975, 70.29546911325355, 70.28037954564265, 70.26592262275513, 70.25218568256642, 70.23671702388967, 70.22283006060607, 70.2085037937622, 70.1933139846758, 70.1787227975016, 70.16466200311889, 70.14973988178139, 70.13567529016734, 70.12160584461218, 70.10706260296837, 70.09248297841262, 70.07787001482018, 70.06338112199977, 70.0489053341432, 70.0343722550214, 70.01968207728584, 69.71114957576457, 70.19649781644115, 69.69065217913248, 68.61638993923185, 68.9386261406985, 68.60158575742024, 67.85883415077791, 67.85372048678647, 67.81022375535758, 67.34760604986481, 66.81466624496137, 66.64642370699711, 66.5319104633255, 66.03926452454876, 65.63043978353112, 65.45142333879043, 65.19406301665056, 64.74983217716274, 64.33536694567441, 64.08907537025243, 63.76965259913054, 63.30495098748284, 62.93866909742923, 62.639276833288726, 62.229299088924385, 61.770624318384606, 61.412074691082644, 61.031567180708954, 60.55409416248849, 60.14032957902014, 59.743179433977275, 59.2608612791114, 58.80062281101197, 58.375816412481306, 57.87260719541791, 57.39538910807218, 56.93200694177915, 56.40648394601646, 55.91523008788303, 55.40789764332697, 54.867373488572916, 54.36019721722509, 53.80424264632704, 53.265577682344016, 52.70811683464062, 52.13560170505332, 51.56977244529288, 50.97155200818339, 50.38830333373749, 49.77071958927779, 49.20275810057201, 48.5997477034574, 47.9773788724838, 47.365731142625606, 46.76385022112852, 46.154789669176274, 45.53433682736434, 44.90414785120936, 44.273177384444736, 43.647194017726946, 43.024805684386244, 42.395836224919805, 41.76142703700268, 41.12851806260097, 40.501474917300705, 39.88100490418008, 39.28525658953979, 38.86610309733154, 39.70034804310751, 38.568472259216634, 37.36976285362257, 36.94599324010171, 37.073375834898854, 36.399458719812976, 35.684721284313355, 36.151506573710215, 35.45947982435414, 34.802255763582956, 35.31160836974047, 34.19470710423573, 34.070380134862994, 33.843363906082146, 32.986396603136996, 33.12074407561277, 32.45478900850484, 32.34751719906989, 32.207041758350734, 31.566608093744534, 31.76314055674737, 31.366659780805403, 30.781919562211133, 31.115443696427427, 30.59526497945692, 30.0479533894469, 30.50781142341876, 29.931449220465677, 29.424444571518755, 29.972700281840915, 29.273812631153604, 28.849077793976036, 29.274842747471556, 28.39649248144127, 28.23868796721016, 28.190146933067354, 27.45543734098517, 27.516903393740993, 27.0961379727966, 26.999296549072902, 26.880620416668105, 26.512461842326374, 26.562052544394067, 26.146314495895478, 26.038588127372126, 25.89334219339087, 25.579033496146618, 25.531886184075873, 25.29533364406792, 25.10082384614228, 25.007971250864816, 24.764551192857798, 24.617744900989567, 24.499678176812985, 24.2746199897922, 24.14588647644291, 24.029153047437276, 23.819265452642853, 23.68206951382047, 23.569759271534473, 23.37867759615938, 23.219129160454496, 23.111574149212, 22.968690538248392, 22.803634110854883, 22.661712829677775, 22.54569738312838, 22.42481923049214, 22.276123812373356, 22.12681353906035, 21.996323404722542, 21.88005626935831, 21.765097645546167, 21.6377053123982, 21.505594988172604, 21.37295374073888, 21.24754883976328, 21.13007688127025, 21.016650406520814, 20.908538390482356, 20.79941983342742, 20.698606104729166, 20.599857947337647, 20.52551890061622, 20.451673892450184, 20.451209909884234, 20.394086977281447, 20.48542923786381, 20.270155904361108, 20.171893448574295, 19.846813875801573, 19.637842438982293, 19.538315647861825, 19.52446746777107, 19.568023059754896, 19.49344819671993, 19.461341209385385, 19.240571353176865, 19.073040582026135, 18.91916372485375, 18.83144026975514, 18.79436906582843, 18.76134843594395, 18.744936414565334, 18.641472946306415, 18.55764281628086, 18.412227247237404, 18.293069060905466, 18.189678841812768, 18.113192696175194, 18.057650922267268, 18.01021794751591, 17.982565221030054, 17.935544493947024, 17.93718085472098, 17.86499984008229, 17.87123298370385, 17.73355665438317, 17.66187253626531, 17.49367167203318, 17.368852064605388, 17.263881901721785, 17.19888469262671, 17.16437959691431, 17.1374915159376, 17.136101772056573, 17.086486096514886, 17.08827530275687, 16.99086442756916, 16.953533508365307, 16.817513599995166, 16.72158896349413, 16.60565339103061, 16.51923304844394, 16.457941316614257, 16.41513335062371, 16.386095192765758, 16.354963792984226, 16.347628211499377, 16.30580057667244, 16.31803842061929, 16.250643678802177, 16.260260984257883, 16.143921894512474, 16.093227550465443, 15.954150400325041, 15.854368057760263, 15.76432074437396, 15.704790597279327, 15.670491083559268, 15.647681127385738, 15.641843719755725, 15.618586766043723, 15.639542682205564, 15.595474594964008, 15.630246552522118, 15.526445662587708, 15.497251795874648, 15.350754483689451, 15.250707849483524, 15.157515711627486, 15.103561729211465, 15.08134668070155, 15.072774996099518, 15.084809342942433, 15.057660520825532, 15.073247547127202, 15.005920842251927, 14.99841050407179, 14.897821091081694, 14.84116603600371, 14.74561007980899, 14.675383735283042, 14.618791522725378, 14.58041142344042, 14.555796450312208, 14.535444015345206, 14.523402236468407, 14.496156075523102, 14.485376596628333, 14.446194172579812, 14.436435800624544, 14.387909811708239, 14.37536254833476, 14.319239452126821, 14.298832733249002, 14.237783266542912, 14.203420604185597, 14.143168188786591, 14.09825962544209, 14.04662884470011, 14.003975475451568, 13.966339941064774, 13.931427681342415, 13.9002658595652, 13.870651197242777, 13.843349254877758, 13.818116572540344, 13.797383495784795, 13.777385820473683, 13.76789611749885, 13.765364337391174, 13.821687991175118, 13.864845994256779, 14.104305165699424, 14.022831534936826, 14.246982395260913, 13.808113615446196, 13.601620242642111, 13.49293478341583, 13.555980768277031, 13.75387351840786, 13.710682246453603, 13.74801464207624, 13.495017042156627, 13.367187747366069, 13.32520286759342, 13.366776628890648, 13.476039881051896, 13.460042977533611, 13.481186383276308, 13.320303915337886, 13.225292113222695, 13.171687434886657, 13.168366950550775, 13.19572227845278, 13.20245631741492, 13.21883894201023, 13.155043575311588, 13.110416411257326, 13.053466100845753, 13.015800061303445, 12.992834514946024, 12.982906048147155, 12.985227512362805, 12.990755223358713, 13.022318564318471, 13.022676152113128, 13.073825946288935, 13.017591308705683, 13.014844700948906, 12.922156653125352, 12.87034269421608, 12.816715306649973, 12.78321236646771, 12.762643221178827, 12.754031486456512, 12.756573308681737, 12.76641612116802, 12.810117898748159, 12.830050256594836, 12.94509898060428, 12.90454292243175, 13.009904605082726, 12.830782100283194, 12.769530213462984, 12.644780713829194, 12.584202894089891, 12.569010773960231, 12.588559793469665, 12.639471991024175, 12.653949622371936, 12.725806562921234, 12.667762068110097, 12.694140211953105, 12.601772330047949, 12.578360314018594, 12.50691178798997, 12.471527974539102, 12.433373615638367, 12.40824972274748, 12.386851123421128, 12.372104433261569, 12.361533189489803, 12.353143700648376, 12.348584895149678, 12.344727498891272, 12.349345444804026, 12.353176099321905, 12.39275483483296, 12.424619987192676, 12.580822068817547, 12.578370253349544, 12.837565268598338, 12.552649000812416, 12.48728399863137, 12.278265370964165, 12.20370945092365, 12.235759758837338, 12.320101660877556, 12.498914484651998, 12.417557794377684, 12.4637832282565, 12.28309780860111, 12.208843688656556, 12.135893244893305, 12.102999008135292, 12.096384694164731, 12.10759170649351, 12.136118489430642, 12.149480125878274, 12.200741360788157, 12.189179955189156, 12.247684085543522, 12.18183958094225, 12.18371528269119, 12.092541404322212, 12.044533568705237, 11.999409888944154, 11.9782177285807, 11.974942874317067, 11.984799303922365, 12.01146558719941, 12.033188176760602, 12.112325206644936, 12.131098658807423, 12.310913538966206, 12.225538206793006, 12.36010051411486, 12.103735643840947, 11.998337572351415, 11.893501646175935, 11.884656923315163, 11.946067049403457, 11.990367581224922, 12.08523663663393, 12.010767778148386, 12.022402700620802, 11.928488037268512, 11.894480469794784, 11.84140660485748, 11.812170203372752, 11.7921845654621, 11.779076726994258, 11.773531416681818, 11.771647835761827, 11.774362396150702, 11.777148577721094, 11.789489912868993, 11.794472649710896, 11.827799836853087, 11.835444535097565, 11.916259269098408, 11.91693699696982, 12.073363734175599, 11.984246393325973, 12.09908401342423, 11.895592305389032, 11.831100580266742, 11.714868652612807, 11.66611618795143, 11.66912107318579, 11.705758692272855, 11.79107954439933, 11.838715483952932, 12.062016346724027, 12.010088069604357, 12.294785241565863, 11.94007714791668, 11.848153379704032, 11.65281381073183, 11.606415690229603, 11.674279454721109, 11.745131242684458, 11.862082586961066, 11.748149995479018, 11.713604452896375, 11.61948389806435, 11.573509513864224, 11.550025614149417, 11.547635458886674, 11.562344456615682, 11.588324665623485, 11.64989550332168, 11.6766904662681, 11.802103852030188, 11.755304450008545, 11.852014302478038, 11.680283973717708, 11.606988354093183, 11.516304676860946, 11.491520454721387, 11.518307785713807, 11.566846968009829, 11.677648852708591, 11.690240401484614, 11.865049974057003, 11.766181949983853, 11.916325750351797, 11.696836937466253, 11.650646205119811, 11.501388880425413, 11.440836605814972, 11.443084981822427, 11.485604184418406, 11.566589449032024, 11.572237084237058, 11.651361549523692, 11.58166757202216, 11.614991883531912, 11.53519817096979, 11.534341057871783, 11.472009860176259, 11.452009861212781, 11.413720268913817, 11.391868361523233, 11.371781204896468, 11.36214102599192, 11.358843195771733, 11.361064940246832, 11.367983475907307, 11.37727761506752, 11.403160783698398, 11.427448564072465, 11.52644554690247, 11.573618515191724, 11.854620531728294, 11.722011196049664, 11.919132712542153, 11.55033255835665, 11.402027238289742, 11.31682031398758, 11.364998547285486, 11.516551520715176, 11.547152599602798, 11.734312481797557, 11.564478365269348, 11.604535669761587, 11.435607915431868, 11.38297552274973, 11.307815847347989, 11.272876508706132, 7704.297198728481, 33.41369184179226, 17.561500260928337, 38.03059977526952, 53.53829219333163, 62.754717135396184, 67.35045579070139, 68.75844847913463, 68.07741066495058, 66.12647051610638, 63.4906352748944, 60.57925455204566, 57.62285826923184, 54.75648369265341, 52.07395642745894, 49.71727754790907, 47.925957136633684, 46.85280744052368, 46.56714745241979, 47.0511265280807, 48.161205349503525, 49.637818855965584, 51.14250758858816, 52.34784222024633, 53.03194820621857, 53.13305709001284, 52.73248852791809, 51.99912383482585, 51.13058921818571, 50.29450628924804, 49.61807892848062, 49.16546041808752, 48.943484664585434, 48.92302035512459, 49.04797519393601, 49.261911128811896, 49.493958316579615, 49.69461908960106, 49.82567704322451, 49.868566273527605, 49.815629122826515, 49.6741132644792, 49.46377365942531, 49.2066244505567, 48.93552261771904, 48.669275690981316, 48.435911124322246, 48.247687048337575, 48.11002140487278, 48.01642068702484, 47.95433825492505, 47.89828369213667, 47.83549276537824, 47.74325960118015, 47.613845605057506, 47.444749575941636, 47.242623206431965, 47.02005511708844, 46.79556513728307, 46.57724765327932, 46.375627702763694, 46.19598002469317, 46.033340579282054, 45.88353419598064, 45.74774252568457, 45.62264320752478, 45.50269008078544, 45.380923038023504, 45.249464211553146, 45.10764378137257, 44.962519355349194, 44.81313882255783, 44.66150783708134, 44.51078040197188, 44.35671229088887, 44.20117116805881, 44.03995087490778, 43.87370660173791, 43.69715846550112, 43.51485255346495, 43.32689965045636, 43.13460147565139, 42.93954274830032, 42.742171890627326, 42.5391173281908, 42.33340222311578, 42.121880826362165, 41.90158078996302, 41.675250487408924, 41.44058721630236, 41.20089727506368, 40.958930415808815, 40.710831847499726, 40.45650717950043, 40.19313677701663, 39.92813496670218, 39.653437892807005, 39.3719816459889, 39.08683122004564, 38.79566484235559, 38.50113067715017, 38.20065229049678, 37.89612075130951, 37.58088961510966, 37.26492022346474, 36.9396472097552, 36.61093844321071, 36.27949767013357, 35.93927916963323, 35.5926318247154, 35.243403230510424, 34.885484074179494, 34.52370926079122, 34.15907304346427, 33.78541499017957, 33.40795264632856, 33.025145522170504, 32.639770213587944, 32.2471582906528, 31.85493915219678, 31.45757060004943, 31.058889394150697, 30.660960235616287, 30.25845804860469, 29.859233480825107, 29.460628386539238, 29.06498690699299, 28.672591899968836, 28.2853558960118, 27.90153981413712, 27.527979007310265, 27.160002561013076, 26.80410177516924, 26.45891328694036, 26.123728910728428, 25.802257403099553, 25.493012733631282, 25.197863537824016, 24.921631227961953, 24.65863161232502, 24.412500680066795, 24.182572375871885, 23.966984553565307, 23.769954165364922, 23.587589129306874, 23.422859427563353, 23.273603753551516, 23.140697498869823, 23.019944009791427, 22.9120726168456, 22.81550577102133, 22.728861789383622, 22.649896553834022, 22.578176980236663, 22.512173203460335, 22.45043531704297, 22.392662615242042, 22.335965286707964, 22.280202156624078, 22.224735546067542, 22.169491899182635, 22.113450152233472, 22.05616452002675, 21.99743757155252, 21.938126433702312, 21.876779515822555, 21.813953105940353, 21.74942425449027, 21.68449814626618, 21.619725666580436, 21.553474235089187, 21.487194381214103, 21.42006307333606, 21.352973180088632, 21.285848491094757, 21.219721217832326, 21.153406189527153, 21.087978410015975, 21.022515665144965, 20.959039958681156, 20.895769195411074, 20.833497138809573, 20.773554647994875, 20.712839531840228, 20.657404990840824, 20.599968436147947, 20.545534349819658, 20.49257091274125, 20.439894996074198, 20.38584127497151, 20.33397620440239, 20.281071609554907, 20.228971487226644, 20.176000903934234, 20.122968503556635, 20.07025186527929, 20.01909749510011, 19.96525598966164, 19.913611646264652, 19.859623335441462, 19.805354326712493, 19.754165937806036, 19.69969772214135, 19.647405540260806, 19.59541238124335, 19.544722268695594, 19.49452327743014, 19.445263294382777, 19.401145881464757, 19.362948664426987, 19.3401465375071, 19.375118203489023, 19.48183738005327, 19.863734044092247, 19.73090841607224, 19.51324769328915, 19.038351491500023, 19.22738424589356, 19.55660145717126, 19.026176388320184, 18.979348720650215, 19.28211859867629, 18.91844476565512, 18.8388460939598, 19.038921209934276, 18.786061632030297, 18.717696792838993, 18.848514682997404, 18.66898078286254, 18.594669739611035, 18.67924207888237, 18.562336005076105, 18.473532349538914, 18.514766144181703, 18.46406400618847, 18.37108001722192, 18.356355172166495, 18.35577989178482, 18.295585843642584, 18.230369416926624, 18.224375880392717, 18.209930945846526, 18.142460992035506, 18.09632004629111, 18.085742650949825, 18.05469909427681, 18.000565974791154, 17.95752989194294, 17.937551556944808, 17.910285673644605, 17.861388732675564, 17.819090038416476, 17.791191193563108, 17.760994945159897, 17.72112183634049, 17.679506994964306, 17.648586013212306, 17.61935757969571, 17.58123249743325, 17.542743520144267, 17.50797959423301, 17.478004759816432, 17.444508586624252, 17.4071790434416, 17.371779152670157, 17.340176121457297, 17.30748152294874, 17.27192253651568, 17.23894454909281, 17.20537717043342, 17.174787968894346, 17.141112024740206, 17.106049342248188, 17.07279379369039, 17.040982032684326, 17.009077686094827, 16.975058925438468, 16.942863792594512, 16.91056300308051, 16.879171014570176, 16.847457425317767, 16.814807019595243, 16.78189634194721, 16.751008997075903, 16.71916212223433, 16.686950222635684, 16.656444207623938, 16.62491695894056, 16.594841432524525, 16.563009666537727, 16.531656961545853, 16.50074465240085, 16.470020341283497, 16.439532438397546, 16.40823467134369, 16.37864890771324, 16.347602792781554, 16.31726511578383, 16.2873052830242, 16.25709587796074, 16.227255148124993, 16.19687665383101, 16.16719039634248, 16.13795428947735, 16.108446009086563, 16.077716388017848, 16.049380763473383, 16.019883513196667, 15.98997815685043, 15.96089294591971, 15.931630270872414, 15.903521890497844, 15.87450202939079, 15.845936007173128, 15.817548304210328, 15.788213016676632, 15.760162692040103, 15.732035802523127, 15.7033394482117, 15.675079786735683, 15.646255202121733, 15.61888479914312, 15.590294709386416, 15.563257080866599, 15.534367391043924, 15.507362887062362, 15.479118305686205, 15.451725117567827, 15.424110935396072, 15.396940272056954, 15.370392714227044, 15.342925881390853, 15.316217551465956, 15.289534484771469, 15.261864138755737, 15.23539783817242, 15.208762071113581, 15.182002011124183, 15.154993874712375, 15.128957673411975, 15.10291735706927, 15.076969920153113, 15.050147164079759, 15.024539317733383, 14.998380393873976, 14.972616915367814, 14.946509745744027, 14.92122349420812, 14.896034544022227, 14.870176083481084, 14.844692760242605, 14.818750011057961, 14.794345314844618, 14.769241457942888, 14.743979282196959, 14.718950624001913, 14.693798195562835, 14.668971299828543, 14.644977591358725, 14.620205422005837, 14.59547504551337, 14.571655845092732, 14.5468562409539, 14.522451570416138, 14.498500018445304, 14.474536325249998, 14.450827741102579, 14.426770813694372, 14.402456429594828, 14.379244387966525, 14.355880619757961, 14.33191210161963, 14.308410931582017, 14.285645230895064, 14.262334723430763, 14.23906026753054, 14.215872544978787, 14.193578893321485, 14.170804483238914, 14.147564532958553, 14.124798277603743, 14.102896283661824, 14.080262868380878, 14.057631610696008, 14.035564786324086, 14.013093199599535, 13.990950431400085, 13.969327822177235, 13.946725011458557, 13.92569754050371, 13.903760663411918, 13.88197938296098, 13.860663270836959, 13.839189847847779, 13.81799813611509, 13.796511757339779, 13.775485328033062, 13.753991844588596, 13.73345914485188, 13.711946115179986, 13.691448243989338, 13.671240550098265, 13.649424949364423, 13.629558647649286, 13.609150761767893, 13.588533846690604, 13.568677543833674, 13.548141073528752, 13.52832468133564, 13.508302514383884, 13.48824788143642, 13.468715904959014, 13.448892465501034, 13.429214336326266, 13.409918489926701, 13.390596033996276, 13.371071869541153, 13.351532506601474, 13.332640166727879, 13.313913716771845, 13.294957959828109, 13.276006030844888, 13.256812627614819, 13.238455111125548, 13.219848378948939, 13.201585321856903, 13.183167313564264, 13.164775143822995, 13.146382259294388, 13.128101738749717, 13.11009544202838, 13.092359190216369, 13.074645806336582, 13.057072796399677, 13.039566620079489, 13.021591712994324, 13.00464860304376, 12.987214726770999, 12.97003340790924, 12.95264277777156, 12.93540128666276, 12.918961687882767, 12.901560938837953, 12.884918860917653, 12.8681969182878, 12.851462397020038, 12.835402639702425, 12.818344810857694, 12.802274707885973, 12.785881462348543, 12.769580078353728, 12.753768163828816, 12.7375787079006, 12.72168923800655, 12.706043966319788, 12.690599469641693, 12.674566917071877, 12.659504659408906, 12.643906509978319, 12.628523115662476, 12.613570862644979, 12.5981268959504, 12.583109516383912, 12.568190604727919, 12.553235202536301, 12.538693200315993, 12.523831402666893, 12.509313971634073, 12.494811126813495, 12.480167697779216, 12.46585333728496, 12.451700457480321, 12.43772767963593, 12.423572430442851, 12.409473549113697, 12.395335641158225, 12.381592108860714, 12.368181945467347, 12.354406615505832, 12.340669396903412, 12.327204995074768, 12.313895672337965, 12.30056546555727, 12.287398345545654, 12.274251790943447, 12.261208801899164, 12.248215363799131, 12.235391862590511, 12.2226864481446, 12.209961301154776, 12.197278070551038, 12.184611521421205, 12.172343213450784, 12.159877521951158, 12.147721479005316, 12.135063703068655, 12.123051982961481, 12.11109423289193, 12.098804996120508, 12.087132587115866, 54.20485517031254, 30.097153836085695, 68.18359473510222, 79.92736150452309, 71.29514108336024, 52.921645805542056, 33.443760936926395, 19.029794180398685, 13.896257236872339, 22.962141351975507, 38.43940398209349, 31.12658958320543, 19.37344425858928, 16.10409298311256, 17.975418944425897, 21.223634630699507, 24.04584205816744, 25.72595144706444, 26.042384763731466, 25.111118928281794, 23.239163589800498, 20.88895413602011, 18.62992099412091, 17.111430018000775, 16.933154553268817, 18.149531554081527, 19.650609289026388, 19.850386717789636, 18.384516860011303, 16.489113085939653, 15.345012747108523, 15.163587258866949, 15.5231997464977, 15.91109323722627, 15.946376777671935, 15.488039139713898, 14.64757490790595, 13.71955382059395, 13.084003815536768, 13.00555786264547, 13.343962185752808, 13.529770437470916, 13.144878503856724, 12.468120471040509, 12.063099317791274, 12.113215501514942, 12.364816983263141, 12.463520642461766, 12.26203116911242, 11.91343426354142, 11.740254240116966, 11.888362048966997, 12.115964832352246, 12.082014507838785, 11.85729584035201, 11.763680557227827, 11.887304119430711, 12.023272953104309, 11.99543787322607, 11.854934612864202, 11.788407493162419, 11.862081702268718, 11.932440141906334, 11.872463822509742, 11.768255667173548, 11.749485999278384, 11.795340229519512, 11.803608862165827, 11.744596984356917, 11.683018600133197, 11.679530053793512, 11.705753927270052, 11.69710197024266, 11.652583189128762, 11.626120180892855, 11.6358154125405, 11.648467295119008, 11.636184003558036, 11.610517568123454, 11.601212210300623, 11.610897326631125, 11.615535475336541, 11.60295217299613, 11.58818190070663, 11.586617790377153, 11.591659242469072, 11.58920511600832, 11.577447343378667, 11.568248574600885, 11.56781536421605, 11.568163914362518, 11.561228753136795, 11.551602084437304, 11.54661544990159, 11.545775889991091, 11.5425324769664, 11.534721887759533, 11.52853201837455, 11.526122163990744, 11.523988159906542, 11.51911152971867, 11.513577100288897, 11.510432160137736, 11.508580053241172, 11.504973078320047, 11.50040956129982, 11.497050662896049, 11.494949893883824, 11.492600338561608, 11.48857834324145, 11.485125772451662, 11.482802788515466, 11.48033572518735, 11.477123807052914, 11.474018394569702, 11.471241570446585, 11.469161383427625, 11.466209752034125, 11.463162738177882, 11.460616725568173, 11.458098508152696, 11.455665343955971, 11.453110626460743, 11.450488798391673, 11.448423902923992, 11.446070627475343, 11.443492831721924, 11.441021059629376, 11.439141399463667, 11.436989027283625, 11.434607310161418, 11.432489317095019, 11.430542994713512, 11.428368618826338, 11.426328767903644, 11.424257011470953, 11.422425491253342, 11.420272635691633, 11.4183277209424, 11.416448129948792, 11.414633401318103, 11.412459098429308, 11.411011595294282, 11.408949794756511, 11.407061615805027, 11.405467882661782, 11.403657806289646, 11.401730388766095, 11.40006115479515, 11.398126151071212, 11.396341417966012, 11.39479941857986, 11.393075360876255, 11.391179255142617, 11.389754368896147, 11.387973327659314, 11.386346642202954, 11.384546484362458, 11.382897437314485, 11.381099364793176, 11.379632214556976, 11.37787674869039, 11.376399877191131, 11.374700966768053, 11.373166977088111, 11.371434385785628, 11.369772035498345, 11.3683437409261, 11.366943486796911, 11.365049431747316, 11.363510971984086, 11.362067526795906, 11.360343962045242, 11.35881390035796, 11.357091431460937, 11.355635261915378, 11.354087279531022, 11.352761614427335, 11.35126855657377, 11.349430481908108, 11.348185592953428, 11.346623289331307, 11.345005869223622, 11.343358208580055, 11.341978021502474, 11.340117348859073, 11.338828000146602, 11.337358829872299, 11.335931437693361, 11.334350197829066, 11.332787721897317, 11.33153450124006, 11.329722926312918, 11.328369188467512, 11.326655773419521, 11.325137108510575, 11.323736413097292, 11.322129656717241, 11.320856387145424, 11.319223482595635, 11.317975406261741, 11.316266433925648, 11.314809814739654, 11.313127660197281, 11.311845289656302, 11.31027242812598, 11.308938368848025, 11.307203775215097, 11.305630519942467, 11.304133996964968, 11.302482065249407, 11.301194838122916, 11.299710283441835, 11.298251985296801, 11.296415337472228, 11.295108269475675, 11.293898895000893, 11.292471893499442, 11.291006847118773, 11.28929160503454, 11.288035269295962, 11.286251415750788, 11.284806292263504, 11.283612725899145, 11.281786716276912, 11.28046149851336, 11.27907153917698, 11.27758527581129, 11.27575918923791, 11.27462193954007, 11.27316489249401, 11.27148546774039, 11.269986101120468, 11.26850788210486, 11.267347978100439, 11.26542630213297, 11.264211511476127, 11.262622391790815, 11.26123879261407, 11.259493176875104, 11.258275394412907, 11.25667923770321, 11.255269535772634, 11.253736941048464, 11.251999901095532, 11.250597345182202, 11.249375466642867, 11.247777537516269, 11.245906202354279, 11.244605953839637, 11.242932656386763, 11.241524504691824, 11.240225747810209, 11.2386346524005, 11.237178492243954, 11.235665720950024, 11.234391643781642, 11.232987851402331, 11.231309557473692, 11.229786696914646, 11.228356145871595, 11.22689511898331, 11.225186993505258, 11.223749709622894, 11.222103198186021, 11.220654890036993, 11.219281779146838, 11.217883880959743, 11.216085411871813, 11.214971810895529, 11.213105490055353, 11.211736038509411, 11.210252533879453, 11.208957854628343, 11.207437653426512, 11.206005756266569, 11.203951977622348, 11.20293850199455, 11.201310950466171, 11.199878703584888, 11.198046382921179, 11.196667767878886, 11.194985815665007, 11.19364137907016, 11.192271836474662, 11.190812986913881, 11.189351080641046, 11.18737435101561, 11.186122897362047, 11.184596826397485, 11.182917134677782, 11.181404916505443, 11.179892290582565, 11.178494417617978, 11.177146138881245, 11.175440648270579, 11.173970556033925, 11.17244572235124, 11.170919807475318, 11.169210896245362, 11.168065770267166, 11.16628405506917, 11.164849721649967, 11.163344371997296, 11.161782719853232, 11.160204419342627, 11.158701010773704, 11.157107677356253, 11.155577243325254, 11.154035323546266, 11.152688889879599, 11.151347811726328, 11.149526930114883, 11.148067605795852, 11.146471206722934, 11.1449396916287, 11.143507310623345, 11.142003402898057, 11.140342081242528, 11.13870153183699, 11.137469860527682, 11.135759389223802, 11.134060650142702, 11.13253779549452, 11.130834462290734, 11.129828189044337, 11.127933841949801, 11.126547182743302, 11.124881588351354, 11.123284113018535, 11.12207015599875, 11.120521877183942, 11.118695302997994, 11.117505370477074, 11.115859832731791, 11.114119456324197, 11.112641013388345, 11.110869677249719, 11.109343392452917, 11.10780330649535, 11.105993041583234, 11.104905297166106, 11.103272832879584, 11.101516924308086, 11.100206112209127, 11.098434573463534, 11.096753865994902, 11.0955577073343, 11.093981173820938, 11.092183093895018, 11.090879085477399, 11.089341905356429, 11.08735362522418, 11.085998395894123, 11.08444083287194, 11.082891600247933, 11.081489357382681, 11.079920294511346, 11.07805769671519, 11.076830758799577, 11.075142945860868, 11.073707484851939, 11.072132168952644, 11.07047268850929, 11.06893016862447, 11.067512701228797, 11.065866576302133, 11.064083035861922, 11.06226763809878, 11.06086617299286, 11.059532805303457, 11.057925141761796, 11.056104840929617, 11.054627435546191, 11.053237722934837, 11.051488125578054, 11.04994247552411, 11.048380369135096, 11.046806231530061, 11.045149058990324, 11.043556747808937, 11.042113122137707, 11.040429033256034, 11.03879763459645, 11.037248335787929, 11.035934217162103, 11.034298376819105, 11.032433119663876, 11.031202082655376, 11.029632042173505, 11.027603099976657, 11.026231805485097, 11.024673422889535, 11.022885969020479, 11.021325871509005, 11.01983024632322, 11.018293749243686, 11.01676051094436, 11.01525197396876, 11.01330618728657, 11.012006688399353, 11.010610077402008, 11.008758404980663, 11.007231631918113, 11.00532452478307, 11.004164323662911, 11.002570577773149, 11.000890857656678, 10.999183568399078, 10.99762874400632, 10.996117255660305, 10.994558045307725, 10.992950449435936, 10.99125644578358, 10.989474128985837, 10.98796500358853, 10.986514761493039, 10.985064252495725, 10.983229175311735, 10.981493966209126, 10.979902455867549, 10.97845234039702, 10.976795122645486, 10.975268019210658, 10.973701888796741, 10.97214893044798, 10.97034094891972, 10.968921374351403, 10.967236992693758, 10.965949840464448, 10.964086702652502, 10.962460206066725, 10.960801567098354, 10.959128498498261, 10.957769607488167, 10.956086478828816, 10.954597190412693, 10.952803912067592, 10.951194806036984, 10.949791222823182, 10.948005089062338, 10.946387752149809, 10.944676340478894, 10.943191860275839, 10.941575313511532, 10.939897710018135, 10.938540444486899, 10.93668057002278, 10.935320787735845, 10.933446810871763, 10.931850754139447, 10.930554581325493, 10.928813933381543, 10.927003950538456, 10.92550423819961, 10.924106180051613, 10.922539527031722, 10.920663574769703, 10.91893826431919, 10.917349471396399, 10.915995924477523, 10.914389877755951, 10.912491927197284, 10.911175131907699, 10.909383325259329, 10.908026117497194, 10.906123381310582, 10.904663926861973, 10.903197935927055, 10.901293149185307, 10.89989690892058, 10.898118792707626, 10.896558911631159, 10.895080312327325, 10.893480425261151, 10.891934630860957, 10.890055383513412, 10.888533552872655, 10.887055680296912, 10.88547442365116, 10.88378896138286, 10.882143062228732, 10.88053879513958, 10.878673976572871, 10.8773819361474, 10.875688406118346, 10.874251512254599, 10.872287989135522, 10.870629321765364, 10.869223785652146, 10.867579233484285, 10.865932171807785, 10.864282636090758, 10.862791604629022, 10.86125533743067, 10.859288693763334, 10.85789718516608, 10.856265350193532, 10.85455871594565, 10.85315756227579, 11.136223276530385, 45.1206953540953, 13.16855112871338, 48.850223068280364, 12.247003697969573, 14.76529421439951, 24.081458870220725, 28.984920086616736, 27.954775790161627, 23.250199319281514, 17.853388886174386, 14.04849934661109, 13.576165282266055, 17.070795229064487, 20.856678676828697, 19.74199718705182, 15.98630999146741, 13.931852625928242, 14.141376339057361, 15.367940346096749, 16.460061340005772, 16.752742672872504, 16.055843744245678, 14.622405353672862, 13.075097019678275, 12.205428057419034, 12.455345437190637, 13.321457314540474, 13.486799040155667, 12.464455695590635, 11.338154560850839, 11.07992051011971, 11.57275975373009, 12.065660916910703, 11.96862294804774, 11.336870173628402, 10.83071747317672, 11.035287283709147, 11.609263080592491, 11.625258377184638, 11.118786303148847, 10.928132844146914, 11.218612008046012, 11.456783514064119, 11.293326971246357, 10.963353064654795, 10.891118510338158, 11.08206409653129, 11.137067844098434, 10.936981138746065, 10.782949462343375, 10.840160682021825, 10.950167045025701, 10.932105506794404, 10.817970399298998, 10.763692820261017, 10.82516827728742, 10.888768323189304, 10.855765509301882, 10.785638882252004, 10.777824277080951, 10.82101714457981, 10.835951269585468, 10.795932933078014, 10.752603777657624, 10.75599497028899, 10.779529017562242, 10.769729963077113, 10.733857902089802, 10.719922649377793, 10.734887349761344, 10.740892593141846, 10.722796898237625, 10.706241906275427, 10.712591188877845, 10.722497149068376, 10.713464262786143, 10.699246527371333, 10.699930230705919, 10.705908951042362, 10.701280252779457, 10.689138748397736, 10.68608774401552, 10.689028626864333, 10.685404636652187, 10.676557559456485, 10.672773406521294, 10.674566437293244, 10.671893221658229, 10.665957382277567, 10.662573864243297, 10.663052504001298, 10.661301867085644, 10.656552373914339, 10.653561424468, 10.653121021118277, 10.65125924043657, 10.64727033377957, 10.644445820239538, 10.643005721322782, 10.641064887748126, 10.637287598734105, 10.634769111287206, 10.633374578533143, 10.631011092333049, 10.628002238516387, 10.625846367573963, 10.624262964616118, 10.622022400315618, 10.619301198643932, 10.617477148967307, 10.61556393280146, 10.613078479636313, 10.61057442722395, 10.608625631791996, 10.606699919176025, 10.60442524565898, 10.601914732592844, 10.599952728314102, 10.597908729474874, 10.595715862196979, 10.593467880002873, 10.591412898100671, 10.589103426822724, 10.587036595304738, 10.585021477520373, 10.582932427910144, 10.580608182627067, 10.578375654373314, 10.576341409087433, 10.574247354446706, 10.571792335390645, 10.569778314948477, 10.567637305658446, 10.565558440256655, 10.563254793589044, 10.56121263993717, 10.558849903450382, 10.556833743739967, 10.554602319046374, 10.55242425192637, 10.550063116265113, 10.548006903890355, 10.545633467569111, 10.54354816139002, 10.541396626438676, 10.539074377354098, 10.536871763000583, 10.53477774082901, 10.532259118375931, 10.530182526785124, 10.527975563205178, 10.52568172697205, 10.52345619503628, 10.5209941396666, 10.518905306396796, 10.516731618456639, 10.51439676524489, 10.511983675720087, 10.509558761179598, 10.507487218522353, 10.505144600075067, 10.502652483825587, 10.50052692226689, 10.498034716258225, 10.495621422854514, 10.493485988258186, 10.491045439833524, 10.48886962248303, 10.48637136353326, 10.484257459151578, 10.481830097650697, 10.479483682502103, 10.477167240317415, 10.475014230987345, 10.472464148604141, 10.470412082380783, 10.467990777251199, 10.465817170257997, 10.463628750794022, 10.461336425551323, 10.45907072078849, 10.457081869398957, 10.454710370731739, 10.452560449574989, 10.450405321268988, 10.448276073639091, 10.446080756633727, 10.443503907771593, 10.441730669054946, 10.43939105368694, 10.437377623878076, 10.43515675814996, 10.433230703707553, 10.431342824118234, 10.428958203268595, 10.427200548950974, 10.425004070407537, 10.423201209636174, 10.421069520089516, 10.41914729377627, 10.417398035075655, 10.415628057764998, 10.41341820347116, 10.41167789634407, 10.409928203275344, 10.408133563506032, 10.406255763962209, 10.404403459019873, 10.40277714099151, 10.401120687400288, 10.399224481965597, 10.397748052376498, 10.395703056307166, 10.394138088562196, 10.392902646262307, 10.391365235452325, 10.389977787068313, 10.388351086398576, 10.386837724335145, 10.385182815088003, 10.383645122491235, 10.38258474796291, 10.381360259755944, 10.379377635688511, 10.378326134399886, 10.376991148746395, 10.375711797875255, 10.37426026360735, 10.37265993414191, 10.371695542346167, 10.37008940608448, 10.36893614157101, 10.36754087315243, 10.366355735493928, 10.365469640340233, 10.363987720158129, 10.362849256885566, 10.361503104587964, 10.360263757470902, 10.358403034901917, 10.35763444359622, 10.357088944091641, 10.35574291339343, 10.354708980973811, 10.353409237308638, 10.352033208204592, 10.351319822683859, 10.3499626028306, 10.348498438156463, 10.347787866272368, 10.346957560155674, 10.34528750123143, 10.344369147951006, 10.343213878259904, 10.342002058115096, 10.341123459481377, 10.339730612589499, 10.339000344280686, 10.337755795552026, 10.336965556233487, 10.335942188488225, 10.334762407983312, 10.333542088115479, 10.33280063284964, 10.331435413887718, 10.330622251254567, 10.32942478351437, 10.32846595675456, 10.327375805909531, 10.326325365072599, 10.32517635882261, 10.324016176216894, 10.32271513681311, 10.322014726720765, 10.321048711775186, 10.31979211819929, 10.318631612871762, 10.317541680002385, 10.3167133011053, 10.315639640405363, 10.314566198176305, 10.313673818506288, 10.312662761328975, 10.311360906957377, 10.310359687747727, 10.309011217162613, 10.30833147956188, 10.307157191240561, 10.305960007762527, 10.305042063736359, 10.304014262854588, 10.303114144151927, 10.302013110670016, 10.300832507351782, 10.29985966943466, 10.29893217815934, 10.29784358221076, 10.296865026834507, 10.296015859538366, 10.294793484258388, 10.29368895747116, 10.292484853311283, 10.291604369270248, 10.29042182744822, 10.289867699967646, 10.288445431482751, 10.287792241807853, 10.286689331483133, 10.285528102967495, 10.284833091055184, 10.283813296282785, 10.282897754375206, 10.2817156946911, 10.280612361143586, 10.279407339429325, 10.278394912916236, 10.277486433596314, 10.276516533843203, 10.275300765050396, 10.274450535181712, 10.273461668474011, 10.272293500838678, 10.271487790895707, 10.270149596286778, 10.269150069695014, 10.268140893728678, 10.266964402131503, 10.266167885555447, 10.265045847061213, 10.263994364754474, 10.262789146983435, 10.261975520784471, 10.260731314995072, 10.25983955928269, 10.258821696328878, 10.257644235910526, 10.256579035136722, 10.255630592242683, 10.254606006524073, 10.253381175816124, 10.252236580401977, 10.251292382550597, 10.250324140007518, 10.249086944302412, 10.248299643639966, 10.247204099452794, 10.245768954920718, 10.244939148026205, 10.24402130629556, 10.24293321127095, 10.24180306504111, 10.241061214245361, 10.239804514502895, 10.238777013259584, 10.237693088890996, 10.236655792122916, 10.235593059341772, 10.234528913627383, 10.23346663036052, 10.232402893241039, 10.231353260898855, 10.230237495082154, 10.229271136155406, 10.228096404824804, 10.226935747938343, 10.225955825083927, 10.224783121757543, 10.223648456696393, 10.222597775853949, 10.221617546396777, 10.220310155674966, 10.21953912072734, 10.218490589832463, 10.21737506144903, 10.21608498019078, 10.215098124658534, 10.214152282029964, 10.213002205907644, 10.21191938941066, 10.210822800046916, 10.20956822202789, 10.208610686288864, 10.207674505056456, 10.20660781365421, 10.205703045401046, 10.204491364635453, 10.20341490763377, 10.202298498211583, 10.201358755909455, 10.20004219118326, 10.198853885535183, 10.197823526064935, 10.196914133629084, 10.19577779501603, 10.19479850313406, 10.193592750929001, 10.19257998763158, 10.191375445666662, 10.190309021871869, 10.18934768503986, 10.188090928155534, 10.18698843132811, 10.18598617699997, 10.18483239144329, 10.18358606330621, 10.182723274089817, 10.18152581930399, 10.180230255011733, 10.179376994745411, 10.178307933425904, 10.17722116136762, 10.176021800068396, 10.174922762529693, 10.173641463826367, 10.17268645152312, 10.171553573058869, 10.170575417857101, 10.169315239758577, 10.168237126205305, 10.167192642944396, 10.166074697736413, 10.165019017646124, 10.163899766410713, 10.16266759542575, 10.161604800358687, 10.160473310488886, 10.15921649133373, 10.158231258763788, 10.157094008860277, 10.156013885424084, 10.154958299656471, 10.153824430340753, 10.152742378021038, 10.151791602087973, 10.15054009736109, 10.149400196112419, 10.148084258177986, 10.147160796591692, 10.146123269198062, 10.144833706572994, 10.143774467348676, 10.142660065538955, 10.141630537343387, 10.140391300353379, 10.139312367561688, 10.1382847201555, 10.136785628861743, 10.13600280460525, 10.13460664940952, 10.133674482610129, 10.132578979688299, 10.131492077464856, 10.1301857135032, 10.129227450856968, 10.128073638241638, 10.126926992755523, 10.125713456468732, 10.124650078595103, 10.123483441128105, 10.122420589106047, 10.121345895395883, 10.120318130195367, 10.118917205153167, 10.117846379308165, 10.116604639262247, 10.115520227617004, 10.114576189355711, 10.113430769936976, 10.112172619481466, 10.11113847155197, 10.109799050024565, 10.108892599434636, 10.107749706862785, 10.106715439950305, 10.10548694568892, 10.104339056908849, 10.103174805677481, 10.102030286960462, 10.100922068847531, 10.099760504945026, 10.098598556672554, 10.097459106669156, 10.09643806668356, 10.09518160531536, 10.09413545490038, 10.092928926086108, 10.09173936468723, 10.090602290784783, 10.089421575815821, 10.088317278050532, 10.087171588333327, 10.08601576210836, 10.085010122676625, 10.083753860327908, 10.082585159972432, 10.08142952300937, 10.080186024695562, 10.079136259587498, 10.078229583456466, 11.399889620757916, 569.787382863887, 10.080492858691956, 28.221089238053594, 56.43667970667048, 82.45533072558337, 103.91827056526728, 120.60800404886169, 132.8198230242667, 141.0577296854373, 145.91708693980328, 147.98433758921146, 147.79175403464316, 145.81500844774118, 142.47996766325508, 138.155929462362, 133.18192727615607, 127.77823207287724, 122.1852324551634, 116.61125589643142, 111.2168585575025, 106.08785991740669, 101.29190674565794, 96.90826683293285, 92.95786884361983, 89.43885700154694, 86.36452029767818, 83.71863902166338, 81.45503710358047, 79.5032843248031, 77.81071000300936, 76.32466259078723, 74.99443581929485, 73.78660849562245, 72.67357577686765, 71.63630779706293, 70.6607652608202, 69.7379294077184, 68.86542083290583, 68.04527510542462, 67.28282562126425, 66.5513824432019, 65.85710691502557, 65.19714966453648, 64.56398715488648, 63.95596646560359, 63.367817826300914, 62.79980007783999, 62.250276283414244, 61.7221486279761, 61.21633236371267, 60.73208459425511, 60.271640914882504, 59.83327588411891, 59.41649101647126, 59.018447752612275, 58.64326906725907, 58.286237500036286, 57.94913848783945, 57.62969261873118, 57.33060261049388, 57.048298531113225, 56.78781623167936, 56.53664853667656, 56.305065740501625, 56.08934329255056, 55.89014145423362, 55.70366547298311, 55.53275019007403, 55.373542872305755, 55.22701315970457, 55.09319319896314, 54.970437953340486, 54.85872689435589, 54.757493575134, 54.664481050646835, 54.58121229993221, 54.50485066766162, 54.436110929534905, 54.37352259628212, 54.31710346849331, 54.26661048610944, 54.22083032041857, 54.17772098287707, 54.1395415327187, 54.102936661980856, 54.070912869897704, 54.04063776276243, 54.012214445787166, 53.98545717839925, 53.959439246801274, 53.93350086048226, 53.90905079677778, 53.88367205589913, 53.85993769503738, 53.83488968776363, 53.81005939702299, 53.78337047600771, 53.75830649380582, 53.73120321387452, 53.70486437419629, 53.67959132185831, 53.6477020397319, 53.61865102978857, 53.587829666831404, 53.5581953557437, 53.52571657301098, 53.49427532768393, 53.46122226949058, 53.42780487641183, 53.39469916781615, 53.359765237976944, 53.324775691568135, 53.288250734825354, 53.25347554729974, 53.21716723356612, 53.180761554496826, 53.1427698143776, 53.10522460029199, 53.06761381412179, 53.02872948455916, 52.99001267573028, 52.95116119424561, 52.910976963959705, 52.87175686362614, 52.83180532882518, 52.78998123814715, 52.74833595238477, 52.707309843200555, 52.665036487917966, 52.622687186799254, 52.579800716036054, 52.53537727600262, 52.491346971715295, 52.446496096049074, 52.40082941948146, 52.357197022289526, 52.30980846463398, 52.26264702130314, 52.21502952716899, 52.16703472455577, 52.11854737537255, 52.0694704695306, 52.01970761041202, 51.97006884679335, 51.91954992510684, 51.867679194096645, 51.81675381416578, 51.76347620357076, 51.71132653628145, 51.65732253798533, 51.6045483559448, 51.54892158473899, 51.49317136495902, 51.43776655736746, 51.38239314710841, 51.324885745114784, 51.26724050695047, 51.2086330169649, 51.149134489840215, 51.09013542590649, 51.03028757539214, 50.96884873585461, 50.90776773768686, 50.84461528346007, 50.783037931486824, 50.717516530166925, 50.655228769441116, 50.590599113686764, 50.524831971319024, 50.45944646206206, 50.391300095917956, 50.32480797783697, 50.25607454183459, 50.18685396877641, 50.11814285052714, 50.047302666603265, 49.97516731658539, 49.903627982985405, 49.83114297977547, 49.75902874631861, 49.68464490572926, 49.61078792380567, 49.53247458975938, 49.45680631922937, 49.381379350443005, 49.3018930460293, 49.22373185151742, 49.14395782354204, 49.06279863744789, 48.98362126942568, 48.90028348749449, 48.818538241584356, 48.733242186086976, 48.64777752293764, 48.5613662432587, 48.47479039454876, 48.38638046909185, 48.29797898585397, 48.20570122027634, 48.116382712595254, 48.024212926016574, 47.92937400874207, 47.83511505459945, 47.73873962647138, 47.641528220423986, 47.54388604035547, 47.4449499506377, 47.3438789159791, 47.24177974725778, 47.138170564078344, 47.03267324600598, 46.92835408388778, 46.81982578357297, 46.71095607613418, 46.60404959149155, 46.49091678188958, 46.37939173711116, 46.266412238363394, 46.150143857490995, 46.034029726178396, 45.91712480223368, 45.79775835881106, 45.67601679674178, 45.55457004176306, 45.43016883952228, 45.30616338436151, 45.18004107588089, 45.051310418293525, 44.922517211494, 44.79038108813466, 44.657872708266105, 44.52421266423275, 44.38649147095241, 44.25017487103153, 44.11263714886479, 43.97177118437329, 43.83083057169555, 43.68640469168429, 43.54113106545021, 43.3950256356479, 43.24662204910698, 43.096503743405236, 42.944771128354084, 42.792473845021135, 42.63712663544811, 42.48118420484806, 42.323365327588704, 42.163576126778075, 42.00057887905423, 41.83722267627137, 41.67452421302867, 41.507285657361955, 41.33847368730225, 41.16859275531851, 40.99861208604885, 40.827093802992984, 40.65057798022165, 40.47532821444216, 40.29768611101384, 40.120206951668585, 39.93835762230235, 39.755555671559776, 39.5709471697588, 39.386279610232904, 39.197772307523046, 39.0102732429176, 38.819680135422644, 38.627669352140344, 38.43383704279363, 38.23689939189998, 38.040869207471246, 37.84331119200682, 37.643706444011976, 37.442363159559214, 37.24162795785594, 37.03609651812958, 36.831945790695094, 36.62631476087445, 36.419115750938325, 36.21074547716059, 36.00193938993572, 35.79119565423648, 35.58159978704063, 35.371070437846726, 35.15816001707258, 34.945783433955064, 34.730305879509274, 34.516021929061885, 34.301677509149286, 34.08483533173094, 33.86927456054058, 33.65128126206264, 33.433628606588734, 33.21562945270672, 32.99848165592329, 32.77909927937015, 32.562208599710466, 32.34206105272787, 32.125288498306176, 31.906487876976936, 31.6886225133823, 31.47129366459304, 31.253331796730585, 31.037613411247264, 30.822369327239656, 30.606456570196272, 30.393258139018187, 30.179378162271085, 29.96833702892729, 29.7560804410441, 29.54607717346357, 29.337695492700085, 29.131043946748196, 28.926287589116836, 28.721987642668196, 28.519416699623868, 28.319446885908008, 28.121316832215744, 27.92379134105458, 27.729585748712182, 27.537361809617643, 27.34675754801225, 27.158324339183817, 26.97086954866109, 26.789186356973982, 26.607019392454223, 26.42823186318692, 26.251167314851056, 26.078431783375514, 25.908385962329536, 25.741150128182937, 25.577146750882626, 25.416361729872165, 25.25728094213899, 25.10351128691876, 24.951223702092886, 24.806084536867658, 24.659909677990253, 24.519160135962554, 24.382455359170407, 24.249747628245917, 24.119578733195908, 23.993942704183226, 23.87141158073533, 23.75287721162392, 23.63786680172734, 23.528006218960947, 23.419418001125226, 23.31482869667898, 23.2134427265207, 23.11789218118059, 23.024197825421993, 22.933314212795864, 22.847155735406407, 22.761725596188764, 22.68219290206109, 22.60520644818417, 22.531739201473354, 22.460525550162842, 22.3940360429012, 22.329365589044162, 22.268212361407333, 22.21036483290396, 22.154343172509616, 22.1020921324046, 22.050661748044025, 22.003636325116606, 21.956741113989363, 21.914047001957776, 21.871335242903072, 21.83124225323091, 21.793467241717682, 21.75834953902286, 21.723207550644297, 21.68921655608167, 21.65754110766081, 21.626794757213116, 21.59828068889406, 21.56913206197004, 21.5422586670742, 21.515317406885938, 21.490281428787025, 21.46510870420037, 21.441635878682774, 21.419155779540848, 21.395268654760354, 21.37366898161685, 21.352458465390487, 21.330810883567374, 21.310193185211574, 21.28873482944771, 21.269304150165222, 21.249197390163758, 21.22901408906268, 21.209441691888436, 21.189979268715373, 21.1710727284756, 21.152754650088365, 21.13413092266544, 21.11469696998253, 21.096172796735033, 21.077417209625313, 21.058523259205824, 21.040614619772644, 21.022154086441354, 21.00369912443941, 20.985058477344236, 20.96699972172983, 20.948702093173516, 20.930817606014024, 20.912773495098772, 20.894374632447832, 20.875239148743752, 20.85747222925977, 20.840020174153537, 20.822753850695292, 20.80366927840712, 20.785141859986307, 20.768400104654617, 20.74944047026617, 20.73017147167052, 20.712884544759245, 20.69572694848907, 20.6773898464707, 20.657601337551153, 20.640086139248144, 20.623344158348676, 20.603305464632513, 20.58441940087787, 20.566611868173847, 20.548326399910266, 20.531040565786615, 20.512691617236435, 20.493226268835883, 20.476951069095303, 20.459281283636734, 20.439198815403383, 20.421735748957513, 20.404378740737048, 20.385189426758313, 20.36599736944492, 20.348842284723396, 20.331257016347788, 20.312195035059418, 20.29431724259638, 20.276710541242416, 20.258176127036705, 20.239708414999743, 20.221337532006785, 20.20334559393341, 20.185426981832084, 20.16768716265943, 20.14918887055071, 20.132225122001937, 20.113840252602678, 20.094244094283077, 20.076905357834928, 20.059424887832233, 20.04122970664955, 20.022523206023497, 20.004007032918683, 19.986682552349308, 19.968294708435614, 19.950360371801356, 19.932053953248992, 19.91437018755679, 19.89636213805813, 19.87786726624077, 19.86038576520497, 19.842994032534737, 19.824562877450774, 19.806776990190045, 19.788756657775995, 19.770739972347926, 19.75218254995566, 19.734795669247095, 19.716828009434497, 19.69814556427783, 19.680237021934772, 19.66211163218582, 19.644766941091245, 19.627096646077078, 19.609317206057142, 19.590896847293, 19.572841700824505, 19.55524470176229, 19.537174492579055, 19.519741670926784, 19.502071499479477, 19.484147460510876, 19.46576896229233, 19.44754284519088, 19.43040506993816, 19.412533470402305, 19.394460442124625, 19.376952894103493, 19.359021281800647, 19.341654560137776]