Model Setup for Atypical Patient 13:
ITERS=3000
LEARNING_RATE=0.001
OPT_RESET=500
ATOL=1e-09
RTOL=1e-07
METHOD=dopri5
Input channels=2
Hidden channels=11
Output channels=2
Runtime=1233.0440700054169
Optimizer=Adam (
Parameter Group 0
    amsgrad: False
    betas: (0.9, 0.999)
    capturable: False
    differentiable: False
    eps: 1e-08
    foreach: None
    fused: None
    lr: 0.001
    maximize: False
    weight_decay: 0
)Loss over time=[13895.52583803373, 11446.6747586297, 10121.675769173817, 9202.914497894719, 8500.48133709915, 7933.433520857282, 7459.6610926570565, 7054.182344999194, 6700.655334770642, 6388.152726093194, 6108.8006602662645, 5856.872869845742, 5627.7622508403765, 5418.189892181154, 5225.4438663552855, 5047.22967596081, 4881.749207110126, 4727.4825590371365, 4583.417040772586, 4448.0923627636275, 4320.808341626268, 4200.833083749918, 4087.213243197426, 3979.7713872247828, 3877.6580106629062, 3780.399775011657, 3687.49705164944, 3598.7281450765227, 3513.3652576158156, 3431.0135150369883, 3351.374832368136, 3273.6483081238157, 3196.260332564272, 3115.4086495212414, 3035.6305852854393, 2961.3744949254924, 2891.550164340183, 2825.566128433733, 2762.953836623114, 2703.3930214096354, 2646.581928551495, 2592.246847212763, 2540.2927124930634, 2490.422334590046, 2442.5616962831623, 2396.5507382064193, 2352.3247275285935, 2309.6707502343934, 2268.569636975145, 2228.8872056265022, 2190.578978691385, 2153.5536786891, 2117.7697104878976, 2083.030485044266, 2049.5476870645634, 2017.0110280518652, 1985.5140341688448, 1954.9328866486917, 1925.2240046601235, 1896.402556954189, 1868.4328753689736, 1841.2353451482452, 1814.7751076522693, 1789.0373028314173, 1763.9678373653026, 1739.5830094877397, 1715.8327990311643, 1692.709040372731, 1670.1770108375101, 1648.1886463374015, 1626.755539934178, 1605.781300935059, 1585.406236098941, 1565.4907685999963, 1546.0035313719445, 1527.0168293325553, 1508.441797515845, 1490.3066709296502, 1472.5670081560163, 1455.2161968253777, 1438.234645200148, 1421.6347988255768, 1405.3922329232228, 1389.519696028706, 1373.959108910487, 1358.7248667290985, 1343.8097081027515, 1329.1915617361153, 1314.8766242702734, 1300.8440419724398, 1287.0937015360466, 1273.6001397618945, 1260.375281449136, 1247.3991604090943, 1234.6816069928439, 1222.186341209283, 1209.95460248404, 1197.9222074559323, 1186.1161527721595, 1174.5608478522574, 1163.1644208375362, 1152.0141777459785, 1141.0301078245159, 1130.265336385655, 1119.6762410453623, 1109.2396912584334, 1099.0329739132096, 1088.9691911591317, 1079.0787368352037, 1069.3794317221607, 1059.8149485413633, 1050.412017666724, 1041.164546264483, 1032.0754678621236, 1023.1202369392978, 1014.3206594144725, 1005.6323890595849, 997.118095926163, 988.6986449156641, 980.4402665784993, 972.3151758286936, 964.2921144432095, 956.3952144405891, 948.6190463747621, 940.9407867831186, 933.4069965161511, 925.9592282526701, 918.6371558129277, 911.4209764176517, 904.2952999921217, 897.2792998977037, 890.361139596349, 883.5226840833152, 876.7898412577028, 870.1742737387879, 863.6195995268373, 857.1678961426068, 850.7853953173258, 844.5022270020818, 838.3105314779307, 832.185119585213, 826.1496211833569, 820.1904494899973, 814.2982693868745, 808.485795462613, 802.7535057517363, 797.0688307428923, 791.4803909907957, 785.949602260018, 780.499071724884, 775.095927562299, 769.7603680647862, 764.4795371248779, 759.2836534294595, 754.1242630471821, 749.0405684471551, 744.0223418261518, 739.0478454641114, 734.1338344332777, 729.2719349979088, 724.4576698353001, 719.6926662113791, 712.9883812801237, 704.358743476271, 695.320097639173, 686.1852272219617, 677.1151668323572, 668.0725659825129, 659.1960647963157, 650.418372270434, 641.8029500752159, 633.3809072980362, 625.1213751748137, 617.0865793147825, 609.1613230802415, 601.3982295724098, 593.7403843543517, 586.1840190791708, 578.7416937095375, 571.4087527694579, 564.1875625556258, 557.058212453663, 550.0324191097751, 543.080459531602, 536.1922608436132, 529.4118419031248, 522.7448104827955, 516.1686693505029, 509.70059219047124, 503.3278265903575, 497.04095010898857, 490.86314852137815, 484.85260510320455, 478.95990010886925, 473.210216958956, 467.5822326235239, 462.08309734338434, 456.7915564214331, 451.69479981374934, 446.7874795532614, 442.0436489354761, 437.4665985803997, 433.0502906939397, 428.7746240836535, 424.64263889334256, 420.6448051509407, 416.7798327986521, 413.03158179876215, 409.40367539552426, 405.88988374480886, 402.48158933172795, 399.1735427274302, 395.96219331748995, 392.8460098350228, 389.8190819282212, 386.87976946576333, 384.02375470897806, 381.2485800327882, 378.551394094116, 375.922728684941, 373.36783977424426, 370.8836606160527, 368.4655731217022, 366.1058722970038, 363.8132179454957, 361.5751196991341, 359.3978313392791, 357.27259439568866, 355.2012000825949, 353.18133878808163, 351.2111627684194, 349.2888554757779, 347.4129437359533, 345.58182155013293, 343.79357048209755, 342.0882735248734, 340.3991405320913, 338.7291331887996, 337.09848393731426, 335.50460620070174, 333.94889576192895, 332.4428049971741, 330.9522164504135, 329.51021389657495, 328.08960104252344, 325.94290126673013, 323.37509138654883, 320.9668608879514, 318.8286250900724, 316.87897833092916, 315.08537109023564, 313.4221601772269, 311.86449337335796, 310.40326938533093, 309.0248999341709, 307.7174107398619, 306.4681092097248, 305.2799171128823, 304.13743934841443, 303.04678592027017, 301.99975887474756, 300.9901558132677, 300.0166226303373, 299.07494132108286, 298.1703327816923, 297.29038198208934, 296.43624704127683, 295.6089720858833, 294.8069860596598, 294.0235364943444, 293.2587503577222, 292.51749745080957, 291.790035903081, 291.07586680489476, 290.37987892505697, 289.698385398345, 289.0297038341673, 288.37540363788116, 287.73088373443403, 287.0974948533707, 286.47463907518414, 285.8598000554767, 285.2569139974208, 284.6631660108979, 284.0774429456357, 283.49973951105346, 282.92937738810303, 282.3654308747102, 281.8096032891442, 281.2607809599662, 280.7183825199761, 280.18432504981206, 279.6547730367009, 279.13172259197336, 278.6134090832629, 278.10009508718724, 277.59202614580295, 277.0899060749135, 276.59496428967356, 276.10327723338384, 275.616619691922, 275.1303688057313, 274.6526648633598, 274.1786305863659, 273.7075300351246, 273.23843069378904, 272.7741899017752, 272.31957620336675, 271.864493061731, 271.4126192120136, 270.96171080819744, 270.5199072011917, 270.07824429371516, 269.63951960664514, 269.20283303472985, 268.76979350413535, 268.3411332270845, 267.9145566497193, 267.49426240010195, 267.0755725941466, 266.6578232332097, 266.24194394448153, 265.8297947183048, 265.42203271622697, 265.01415091153484, 264.6117283157844, 264.2100204528904, 263.8066405197037, 263.41128015118693, 263.01586015371834, 262.62346409530744, 262.2338507746199, 261.84528311530454, 261.4609713712571, 261.0762645104451, 260.6957940965016, 260.31485335064417, 259.9369733493047, 259.56258898836893, 259.18889651883825, 258.81864802828295, 258.4501062720159, 258.0804941945792, 257.714362177127, 257.3532415508506, 256.9891682471631, 256.63001501003896, 256.2706982987267, 255.91424197420335, 255.55890689294813, 255.20557072398043, 254.8535909669162, 254.50449313010938, 254.15754222151674, 253.81118379199881, 253.46680738455126, 253.1221218745487, 252.78105094496712, 252.43942656477776, 252.10229016748625, 251.76500340635795, 251.42870675492094, 251.0936672234814, 250.7652568626805, 250.43421091413703, 250.10258475164085, 249.77486455097096, 249.44653504936844, 249.12344483681426, 248.79637359322277, 248.47723893445166, 248.1556980424156, 247.83279154329037, 247.51484937684626, 247.1967023046802, 246.8840765118059, 246.5677373038858, 246.2529878117114, 245.94162342501158, 245.62963038399167, 245.3210084338514, 245.0119372555985, 244.70541887219596, 244.39987291095665, 244.09190224919755, 243.7890022216163, 243.4871088026255, 243.18718143528648, 242.88649503629634, 242.58816477241282, 242.2894790915491, 241.99220527656914, 241.69632479194306, 241.40507573020867, 241.10946625294002, 240.8164051891299, 240.52506425159206, 240.23412492515, 239.94457373981052, 239.65565057633333, 239.37073053048607, 239.08437555117843, 238.79790981111057, 238.51339540059024, 238.23276778404536, 237.94878492318347, 237.6672468053347, 237.387815600458, 237.10805715498626, 236.8312906079751, 236.55393304980623, 236.27696012236777, 236.0019180671904, 235.7282247369423, 235.4547978097964, 235.18135550038576, 234.91031241039175, 234.63924406987232, 234.3697349342473, 234.10041868098125, 233.83164995984637, 233.5638243113769, 233.29735940047124, 233.0318464476759, 232.76715299375044, 232.50316356895365, 232.23971103023786, 231.97717392452222, 231.71554769901132, 231.455684194458, 231.19611521596332, 230.9369687425419, 230.67921248926706, 230.42196005977482, 230.16425460300525, 229.90866201170618, 229.65440956270058, 229.40007366487214, 229.14705150417433, 228.89417704848663, 228.6417097592026, 228.3910949821502, 228.1402369164866, 227.8908282431208, 227.64189920093125, 227.3938048042466, 227.14644184813685, 226.9013858571075, 226.65556469569864, 226.41048518176078, 226.16619725227648, 225.9230374600782, 225.6798761792438, 225.43759929871712, 225.19555992742823, 224.95489823614682, 224.71497293331922, 224.47537298169092, 224.23708583083624, 223.99876497578816, 223.76172078551537, 223.5249808120877, 223.28855587658697, 223.05327187748892, 222.81824882090044, 222.5825900207263, 222.35117824337914, 222.11868946402421, 221.88594970109213, 221.65517956175788, 221.4251158108075, 221.19448822035574, 220.96544490233308, 220.73659989641635, 220.50809154851385, 220.27992423157363, 220.05317092734842, 219.8263913541907, 219.60163270983438, 219.37622573443406, 219.15218525766934, 218.92830014646424, 218.70455354787975, 218.482234325832, 218.25981505438548, 218.03808564751864, 217.8174938869483, 217.5970154288476, 217.3892226040666, 217.17026956892312, 216.95186342721593, 216.73341829772735, 216.5164973799603, 216.29971228501353, 216.08323407474597, 215.86764942541834, 215.65237432381153, 215.42805397174354, 215.21408733127845, 215.00085182535747, 214.78690643447308, 192.82055690629866, 173.68637733933093, 157.1570000869187, 143.07162444872577, 131.19866663931546, 121.36967429134626, 113.38032111638267, 106.97017511328012, 101.9373017720834, 98.10167237219366, 95.26449315528608, 93.24814670924903, 91.91153204469461, 91.10755043549204, 90.70527089332501, 90.61535739152549, 90.75104203872894, 91.02747662831176, 91.38854510317462, 91.78534059837682, 92.1707081516504, 92.52063513659262, 92.81752090953395, 93.04130426033193, 93.18697980746778, 93.25442772503612, 93.24050256930968, 93.15235023433512, 92.99882667922353, 92.78479230326238, 92.52208969367581, 92.22155074908495, 91.89059729009594, 91.54154356738108, 91.18286490898731, 90.82151361989095, 90.46693238543361, 90.12334476538821, 89.79623005794046, 89.48963268935819, 89.20434438165897, 88.94310282221055, 88.70451251117944, 88.48840650212355, 88.2926753420877, 88.1186741733932, 87.9641426140886, 87.82350200997404, 87.69335432847899, 87.56648262325149, 87.43780871960337, 87.30492744144748, 87.1642038729063, 87.0138783437765, 86.85400080773465, 86.68323032931376, 86.50180194986794, 86.31272355057565, 86.11388703778276, 85.90697654915313, 85.69238636487097, 85.46979275916695, 85.24111493085782, 85.00541447163158, 84.76277270109244, 84.51367611967771, 84.25826346503847, 83.9972672371813, 83.73359666888197, 83.48375910001663, 83.3943394518082, 84.2329515617851, 85.59815659278766, 82.67561763264771, 84.31341991702351, 83.34532990344375, 82.83720186647992, 83.52439191957406, 82.02685785865755, 83.30196307519164, 81.68054456699961, 82.90583758163592, 81.50802916165854, 82.2613670944542, 81.42913382856646, 81.62590045567622, 81.44872609468158, 81.02845558011708, 81.43620486338325, 80.61655135288468, 81.0404323295374, 80.53035844115914, 80.41288275122226, 80.58602472687913, 80.00638148238274, 80.23264096112307, 80.14080815440524, 79.6264180285453, 79.929800506915, 79.86960442884572, 79.247110539491, 79.5251357232229, 79.79151176032077, 78.94878505131295, 78.96096302678816, 79.5227415836143, 78.84330341181588, 78.3795829445637, 78.44565982162038, 78.61391239333688, 78.74863780204129, 78.13979456109121, 77.77983069691027, 77.72006713197185, 77.8650867602289, 78.31239694104978, 78.19569979577325, 78.44966472443956, 77.6128614302608, 77.2123809113236, 76.88920507939004, 76.74706336295678, 76.7493075595566, 76.93060950971734, 77.82417728982612, 78.42123724639364, 80.58826145425411, 76.85822891994293, 76.11949586982652, 77.42764784037075, 77.76171008155124, 78.24766824213155, 75.88458746507126, 76.39927599188192, 79.1032908353879, 76.18668084872199, 75.5623305511465, 76.911001852648, 76.38711782813496, 75.86846414593893, 75.16880047851623, 75.54085621759745, 76.4893750210245, 75.55638769592512, 74.97648126164, 74.8659782693123, 75.17473404569454, 75.73552069153278, 75.22143225274257, 74.91333731482017, 74.52481142182893, 74.39549189803186, 74.47005605873285, 74.65902336090795, 75.24855490266556, 75.23746796439235, 76.36081380780477, 75.1125038666591, 74.96272429293619, 74.17686137420702, 73.85796055363964, 73.70085756994337, 73.65994943165997, 73.74356455622552, 73.99444358817622, 75.08976044390339, 75.58632241499245, 79.69871211543249, 74.28195478736527, 73.23334924624113, 74.61133464018957, 75.64348211254675, 79.2851763988859, 73.20382794025898, 76.26527776400046, 86.5499835240472, 73.98729183920612, 103.774976942478, 98.10715499041488, 112.21187556985036, 78.20152571232806, 127.89217199196695, 73.24417345364085, 95.54769078885529, 98.03584058106698, 75.50528163725029, 100.12401446625216, 75.23296277037656, 84.27177492586917, 90.6883267071871, 78.27969481271268, 79.52715707463688, 82.97484984240518, 74.49712330248923, 81.88365212172276, 79.53701052961053, 73.59038333651922, 81.0470677692309, 75.02150512195522, 75.86496215825355, 78.93977446200454, 75.41707267102194, 74.5988354590782, 77.68877717453555, 73.70295494508406, 75.69391866183767, 76.13391173417423, 73.81863222355494, 75.2273562135358, 74.91760311574977, 73.78420297872428, 75.12779776925164, 74.43699261286795, 73.66392354474398, 74.82941410218766, 73.73702559330098, 73.93240015044658, 74.36022190149863, 73.58841286390569, 73.8493932424721, 73.9729686930586, 73.4193463754227, 73.84541139095334, 73.64189126699014, 73.36070043744483, 73.70844228635055, 73.33298012946221, 73.39043224385924, 73.48057356652504, 73.18667166943523, 73.33978443703876, 73.23594158949474, 73.11511146488506, 73.23174955088798, 73.04726530733707, 73.06407848825008, 73.0568678282516, 72.92310082268384, 72.99004652939082, 72.87875760039209, 72.85287871440953, 72.85145860757139, 72.74759789362453, 72.77429977985504, 72.69326040586151, 72.66565499202586, 72.64590035434524, 72.57163600296721, 72.57408075842528, 72.50389977334561, 72.4834756201087, 72.44521802677447, 72.39460235664234, 72.37794871596462, 72.31748512415653, 72.30004692818656, 72.24912678384868, 72.2173037944733, 72.18074249205762, 72.13656569602071, 72.1097912088956, 72.06135067362507, 72.03446931661325, 71.98848392789661, 71.95705358342555, 71.91625947173462, 71.87870655044527, 71.84289242047386, 71.80231064830996, 71.76885652221148, 71.72738717810445, 71.69402215702654, 71.65281067920105, 71.61886493450926, 71.57806852694993, 71.54330750729368, 71.50335825716466, 71.46768504103188, 71.42847320635556, 71.3916521363481, 71.35373007251833, 71.3168513019769, 71.27824940767141, 71.24133335507804, 71.20301465194443, 71.16573167595735, 71.1279472121702, 71.09020530585408, 71.05230012294645, 71.01427659324617, 70.97606293297346, 70.938993073135, 70.9006793711701, 70.86369139725579, 70.82534493807542, 70.78802637058378, 70.74959308897554, 70.71206440274769, 70.67386216688868, 70.63618407062772, 70.59835117338973, 70.56033094477513, 70.52261367792762, 70.48435508326644, 70.44664165056153, 70.40848716618463, 70.37072028851586, 70.3325595110376, 70.29453437807295, 70.25666166161184, 70.21840051117637, 70.1804522912088, 70.14254397881922, 70.10466000500243, 70.06643410585806, 70.02838159795863, 69.99056290843336, 69.95280007356195, 69.91502625315911, 69.87702869314113, 69.83902912622051, 69.80077816669687, 69.76303319016837, 69.72487114715078, 69.68645599576286, 69.64848163267607, 69.61049220050451, 69.57255799709027, 69.53459510263511, 69.49663051735926, 69.45880249402505, 69.42085910123862, 69.3828241222836, 69.34527666666914, 69.30707482334732, 69.26914170873812, 69.23119179011684, 69.19335960247194, 69.15554069791403, 69.11760402260414, 69.07970859891954, 69.0419902562471, 69.00413951156, 68.9662921842401, 68.92840720433003, 68.8903376838395, 68.85274277916645, 68.81500562534289, 68.77734943364285, 68.73961538203801, 68.70178250676055, 68.66397923763499, 68.626149714875, 68.58862698961268, 68.55084808843317, 68.51332799858594, 68.47558982067471, 68.43809380567629, 68.40054783850566, 68.36310040230218, 68.3253770003997, 68.28782046375103, 68.2503915861182, 68.21289167376023, 68.17535336769903, 68.13796153443333, 68.10063535324464, 68.06329789123741, 68.02601999222867, 67.9893747181279, 67.95176631161057, 67.9152233738595, 67.87903174478204, 67.84618232813258, 67.82458065192272, 67.84198317898606, 68.05488015648466, 68.78494879851924, 73.28204695004696, 72.80764210183226, 87.5273546125664, 68.81744146322943, 136.19735907986546, 159.84854750023445, 225.73079360401096, 215.04010197114079, 145.20321444846988, 72.54043492825416, 202.12385412540934, 87.17599234261407, 138.28174486650178, 150.02578766227822, 129.76955809894548, 91.64771238731285, 72.51607142859271, 133.88444864844305, 71.0481023376108, 81.035704706903, 91.26919116836591, 92.13422662124896, 86.00750354030276, 78.09805454817882, 75.64001620037054, 83.88456142685183, 84.56118313902546, 78.29651981982077, 76.49490779971141, 78.5058525041628, 80.8603052317498, 81.66217798517945, 80.58853186287624, 78.44200508221753, 76.61369268768709, 76.44043254773992, 77.82699329243985, 78.65472652673004, 77.55144768197934, 75.83473040478981, 75.23197284229099, 75.62995696307901, 76.04409628658249, 75.82071559606871, 74.94644283393106, 73.99986200776017, 73.81865417631728, 74.45126694510454, 74.31953877267243, 73.34479018385431, 73.06156428706937, 73.35740731768017, 73.44125917826729, 73.02665753776989, 72.50546773353629, 72.50146260033961, 72.76720570768549, 72.4606770816737, 72.05209763802617, 72.08809936001262, 72.18255396560902, 71.98541570238048, 71.68238190534144, 71.6477743494624, 71.72725065836988, 71.51652924261906, 71.3050713522312, 71.31401443294486, 71.28750985560671, 71.10181845629367, 70.95740208947993, 70.96246365847902, 70.88317609230056, 70.70581795009774, 70.63942251233607, 70.60598498315427, 70.48192861381284, 70.35748661244652, 70.32002718801517, 70.24815851638172, 70.12142589423227, 70.05795610595523, 70.01018442180818, 69.91292693614228, 69.83397650720632, 69.79705582421064, 69.72664755605582, 69.65051708787747, 69.6111087642719, 69.56033679046946, 69.49338255723312, 69.45383746611051, 69.4135935827759, 69.35519823703196, 69.31543178389467, 69.27993074036988, 69.22985458207899, 69.19024633251978, 69.15734216889824, 69.11206872425278, 69.07459496324245, 69.0426857001981, 69.00150355957958, 68.96589980233922, 68.93422442072098, 68.8964392985731, 68.86221687895953, 68.83079149011982, 68.79449398558076, 68.7613222833699, 68.73030913588877, 68.69608887327563, 68.66423906711681, 68.63367292255806, 68.60025350104708, 68.56916369672858, 68.53889805281868, 68.50662567447974, 68.47580708559643, 68.44524661529888, 68.41447614458555, 68.3844127141757, 123.8740625388988, 70.04283801950974, 101.36748735001196, 77.12383164600125, 99.87382628107434, 104.94051080925423, 94.51316997997469, 76.8138804223409, 69.21000987394497, 95.98089408239831, 74.01617466585982, 70.0799573887996, 78.23264848767464, 83.15183955437864, 82.27974950273162, 76.90401408992119, 70.59801689154519, 69.90485435439756, 78.10904599282465, 74.09177004587374, 69.13697617480133, 71.13639132482194, 73.9878525715708, 74.66701644972976, 72.88966761646171, 70.17395555705956, 69.33703050049728, 71.94044984145687, 72.23837749693035, 69.56832925895186, 69.45093195433337, 70.76214303350667, 71.34984471751578, 70.59572108993157, 69.33341989419918, 69.15385680537014, 70.27156894905241, 70.08915351479091, 68.97565733500285, 69.0310745132259, 69.61329570887705, 69.62409527033213, 69.00266533539683, 68.60777880120816, 69.0010387115082, 69.13453353898575, 68.5570449963288, 68.4391142126205, 68.70868403167479, 68.67592047437273, 68.31002248360078, 68.18732436148419, 68.40722789641363, 68.27340379289211, 68.0040287681816, 68.075696364916, 68.14085695414698, 67.95552326893265, 67.82848744631461, 67.93016424070935, 67.86772823173105, 67.7077579811756, 67.74617552854475, 67.75427569297901, 67.62602832544827, 67.59321608972417, 67.63193081701868, 67.53594898480709, 67.48843449195245, 67.51327540432648, 67.45065680079736, 67.38986098080763, 67.40632225185368, 67.35467352135937, 67.30254852140973, 67.30764751941592, 67.2638059874077, 67.21405493784732, 67.21180418328316, 67.16666657564907, 67.12849148064626, 67.11886076913676, 67.07526689434276, 67.04104081244054, 67.02445890684903, 66.9801547398857, 66.95422841796295, 66.92971075324668, 66.88644290986696, 66.86361129661984, 66.83190729135647, 66.79462388507788, 66.77025757793415, 66.73189081117884, 66.70096686210269, 66.6722185946016, 66.63483330712876, 66.60599298739966, 66.57165593295456, 66.53727733432464, 66.50705897009276, 66.47040056451407, 66.43882375966747, 66.40458453550949, 66.36964852750343, 66.33725032442216, 66.30092993164352, 66.26736900581419, 66.23213740194566, 66.19693483275759, 66.1621896844423, 66.12571789000052, 66.09077979371024, 66.05447674018137, 66.01875564093079, 65.98209419886653, 65.9449703389218, 65.90901077749298, 65.8718259009367, 65.83490545579151, 65.79723807730616, 65.76023525438367, 65.72323480003286, 65.68573437514299, 65.64824137073985, 65.60986833496787, 65.57255950512179, 65.53399036212247, 65.49631662154447, 65.4572169132065, 65.4191822150034, 65.38015337351504, 65.34133823466078, 65.30205510525595, 65.26326355906528, 65.22364702785619, 65.18385071583143, 65.14397224536495, 65.10467383549197, 65.06426227532732, 65.02443028675943, 64.98398571386377, 64.94291508177359, 64.90254043676612, 64.8612484218865, 64.8203933754267, 64.77924249015228, 64.73764593712373, 64.69555191214182, 64.65412940950733, 64.61224891831165, 64.56983531685599, 64.52780253242044, 64.48580447054643, 64.44251367860862, 64.40060170710443, 64.35801866901568, 64.31441533823248, 64.27195776168459, 64.22905358549234, 64.18574511088322, 64.14251554763713, 64.0994550041267, 64.05589327907279, 64.0126225218732, 63.969134844543596, 63.925366751651154, 63.88095634246535, 63.838106299038365, 63.79440829553052, 63.7497693188807, 63.70584823801439, 63.66182713455248, 63.61764872709214, 63.57343495724184, 63.529646472644096, 63.48513360327999, 63.439764572714196, 63.39607638647503, 63.35129056445503, 63.30641660589245, 63.26221906234213, 63.217222033571986, 63.17247889055691, 63.127466180542996, 63.08307777959908, 63.03785835660676, 62.99308035441957, 62.94814497201849, 62.90272253450275, 62.858244460417374, 62.81290650070907, 62.76789634508543, 62.72243459578417, 62.676584588993975, 62.63213979535847, 62.58658957923976, 62.54106100348922, 62.49566256422222, 62.44979639470151, 62.40458060011748, 62.35951051255986, 62.31387635293763, 62.26897968968408, 62.22320910720057, 62.17830524109461, 62.132460608035736, 62.087634092251534, 62.041771456886636, 61.99693153563053, 61.951390401762346, 61.90619815337919, 61.86018960426085, 61.81696815723445, 61.77870813746609, 61.76543184399982, 61.8642600689766, 62.70672713263962, 65.34317151191898, 87.2574211070553, 65.30986685243784, 206.96560593362585, 172.453078072178, 284.7517079013929, 329.8269823162365, 326.2063478689454, 286.4168775920344, 220.2467317977731, 139.01695066433788, 71.07730642486271, 178.3842309705173, 106.87680749539612, 68.42365907325552, 84.62405386237607, 100.92300427837753, 108.01475934943393, 105.56780834876653, 96.2864653107622, 84.37425047005912, 74.77589132067064, 72.4330816338449, 78.51156315271831, 86.71514627284837, 87.96982028662077, 82.19710304020826, 76.16842063797905, 73.37264849213358, 74.29615522077523, 76.95031695748149, 79.29803157132311, 80.23050465344431, 79.55192632302683, 77.71591831686985, 75.58133703660825, 74.09198285510156, 73.89333782639143, 74.86866514295986, 76.09984606140466, 76.69511314943911, 76.31944015443052, 75.29870403218412, 74.28424201451958, 73.81818982316885, 73.99337551686995, 74.48903983657631, 74.91005727380846, 75.01231349533936, 74.75698603869617, 74.28951910784134, 73.84447209620583, 73.6219551680257, 73.67852218247667, 73.89491713437145, 74.06442330983595, 74.03678220123966, 73.82178835921655, 73.55266826208911, 73.37126905143413, 73.32828776843279, 73.38402993746632, 73.44442101213188, 73.4379349893735, 73.343362277292, 73.19295469577757, 73.04984214982018, 72.96253416818978, 72.9380786623133, 72.94013994926927, 72.92019378354951, 72.85255833709591, 72.7459592461926, 72.6329877991251, 72.54473222867048, 72.48823067512491, 72.44534924375832, 72.3958065668064, 72.32072221023074, 72.22541275615909, 72.12221370585154, 72.03073773267957, 71.95562742552517, 71.88814041450851, 71.81267597149922, 71.72310451501892, 71.62000671435065, 71.5146403259262, 71.41459411531285, 71.3220343597991, 71.22962003397126, 71.12993777933383, 71.02227753068783, 70.91223694194395, 70.80891285946838, 70.7081753731755, 70.61122231049946, 70.51319707258432, 70.41099306550295, 70.30654205466581, 70.20510067038313, 70.10940229144889, 70.01502167982254, 69.92220219654354, 69.8276551040064, 69.73447396429171, 69.64634855977887, 69.56224515425684, 69.48146812904592, 69.4005273244401, 69.32001243437637, 69.2423240745943, 69.16948779158638, 69.09819536139, 69.02776315032033, 68.95756358080912, 68.88956690660697, 68.82467274914502, 68.76090056804509, 68.69928468617671, 68.63812742437825, 68.57798725045681, 68.52051726051538, 68.4644426846574, 68.40876387998567, 68.35332939686987, 68.2994480047728, 68.2469047306937, 68.19612805674474, 68.14401891951469, 68.0943247967474, 68.04475648528084, 67.99583570094666, 67.94808536564648, 67.89862380554752, 67.8520036308843, 67.80651907036683, 67.75967854658262, 67.71375232893746, 67.66837177796837, 67.62324607212082, 67.57975239100261, 67.53455659664756, 67.4916574486161, 67.44805208702239, 67.40443024770921, 67.36149993861176, 67.31733585478162, 67.27473073725612, 67.23351027257957, 67.18980876894365, 67.1486351582528, 67.10610395432083, 67.06478529303547, 67.02405174121405, 66.98216696968107, 66.94087374829684, 66.9002744337364, 66.85772276792488, 66.81815830395995, 66.7774260527441, 66.73631719731355, 66.69518287976298, 66.65452206335503, 66.61480908589478, 66.57349898123512, 66.53371568457817, 66.49372812229136, 66.45348932720101, 66.41310093629839, 66.37203327719406, 66.33222461919289, 66.2912183329288, 66.25140933178369, 66.21143398735741, 66.17016905812942, 66.13009690436432, 66.09002148451533, 66.04963698917237, 66.00890845423272, 65.96854035705685, 65.92768093636988, 65.88705904121504, 65.84665636626357, 65.8063254484273, 65.76502100655603, 65.72436188769188, 65.68446065453544, 65.64251485746586, 65.60100530660749, 65.55977734552663, 65.51835819558526, 65.47726996099505, 65.43616542194341, 65.39437445863612, 65.35193987594708, 65.30966948083945, 65.26737782053884, 65.22498111672678, 65.18187483712182, 65.13911566749975, 65.09609611155582, 65.05257774151802, 65.00844387330811, 64.9648292729428, 64.92103409132665, 64.87580382926556, 64.83060531143958, 64.7858269175699, 64.74011155823257, 64.69379239363182, 64.64765839386148, 64.60037369472833, 64.55398943249442, 64.50644101340278, 64.45772399055396, 64.4086693510919, 64.35942043182507, 64.30959112682628, 64.25944582987191, 64.20914524336611, 64.15695242169971, 64.10427519025528, 64.0518916935307, 63.998476165404966, 63.943712403226485, 63.8886260988802, 63.8327095000094, 63.775635613555615, 63.71811893255994, 63.658862177370885, 63.59909812891934, 63.53811950211488, 63.47580989985614, 63.412341384059864, 63.34837269969385, 63.281368390376684, 63.21204456095314, 63.14143130833677, 63.06877533611789, 62.994688354390114, 62.91747433384833, 62.838525457716464, 62.75729232782685, 62.67286473278186, 62.586755496790005, 62.49753377428674, 62.40678653101088, 62.314696132216206, 62.221149120288516, 62.12615790183927, 62.02936862496135, 61.932305045134086, 61.834615095305644, 61.737752251364554, 61.64410970373345, 61.552843785753424, 61.463762706068174, 61.378703962329034, 61.294369448354466, 61.2156620990902, 61.1377783154086, 61.06571698080952, 60.99721958455914, 60.93321118662265, 60.87424666714769, 60.82072810594657, 60.76957009226132, 60.72447375271805, 60.682278104797476, 60.64262460704145, 60.606436632073155, 60.57224372590719, 60.54118633767193, 60.510724105169466, 60.4812987078232, 60.453667941726685, 60.42597269194911, 60.399353203329184, 60.3732822208178, 60.34728161325131, 60.32096873043909, 209.83066041880667, 113.08774288295982, 187.80996094157948, 225.37743951753475, 237.7439213942613, 232.46359151878187, 214.06381953757108, 185.56245597444487, 149.4414609551796, 108.93794162825844, 71.92025310816148, 69.49850363694674, 155.64073554722933, 92.32365128987303, 62.696210329286025, 70.2894845639539, 83.54931867601005, 93.13369811058847, 97.06736985035045, 95.48829657583109, 89.39493988677465, 80.36609475137135, 70.84762194170447, 64.69945631693612, 66.76780211042777, 76.34416001319036, 80.3538653193467, 74.12746508082819, 66.27250402025106, 64.70536164880174, 67.33880191570881, 70.5758669600882, 72.4265474222216, 72.23695125946564, 70.28288224980794, 67.4521094669843, 65.15522837797057, 64.79877745680814, 66.6760716919963, 68.60252098467637, 68.04095370122526, 65.89484680214194, 64.6547365244864, 64.9368469308598, 65.89761466018282, 66.60254784372506, 66.58588353480876, 65.90390138148912, 65.0099153547977, 64.49880853040821, 64.71129786787273, 65.33020622254107, 65.56046039878544, 65.11632795169761, 64.53314203016792, 64.35058556196606, 64.55843905408342, 64.82323642219403, 64.8739749619288, 64.66000220779735, 64.34703987784437, 64.17076629588307, 64.23615802925765, 64.40258555313653, 64.41735074384255, 64.23614234629595, 64.04437178853237, 63.99315805112789, 64.05414357750966, 64.10023887876451, 64.05159783684506, 63.928965493881265, 63.818644240142184, 63.791432007295946, 63.82152723012876, 63.818332001755465, 63.74484883710957, 63.64970207458054, 63.59770298300946, 63.59048425000551, 63.58318336394493, 63.53837934233125, 63.46793174235333, 63.40650427058028, 63.377184630365264, 63.360914172181054, 63.324756257787264, 63.26600833967773, 63.20794566073446, 63.170272200721094, 63.14192362807628, 63.10445320762116, 63.05243852473084, 62.99826765871317, 62.95647203206975, 62.92119058201036, 62.88090356345795, 62.828154101696754, 62.77647702473853, 62.73062757024724, 62.688278926617116, 62.64256438899279, 62.58825071433025, 62.53441044911448, 62.486004647837895, 62.43719992982332, 62.38344549026499, 62.32548558997678, 62.26890033951125, 62.21394497536683, 62.15657594404747, 62.095640169059216, 62.033642739058, 61.9725432544556, 61.9113619496918, 61.84712585624427, 61.78096002928912, 61.71480481277895, 61.649312745972445, 61.58284239805014, 61.51515033098645, 61.44740361983498, 61.37896880708143, 61.31060652710027, 61.241590625177054, 61.17292651291826, 61.105578461185814, 61.04022526023129, 60.975369290572665, 60.911522643951336, 60.850556852358224, 60.78999223230012, 60.730872878348094, 60.673310957958485, 60.61753414130517, 60.562537484577845, 60.50909469877601, 60.456636217215376, 60.40542793065891, 60.35632081264361, 60.307206336663995, 60.259239480354175, 60.213283694905606, 60.168003951242845, 60.12434144691913, 60.0819697368868, 60.041279432017404, 60.00071969945361, 59.96260092528123, 59.92643378357052, 59.89064767442985, 59.85765387450494, 59.82585490877031, 59.79576333101243, 59.766559752514326, 59.73879516093976, 59.71231830573938, 59.68670231153913, 59.66233162718784, 59.63853198867212, 59.6160393061888, 59.59421534684132, 59.57292624278043, 59.55207015179712, 59.53125590613491, 59.51148813663144, 59.49256796841228, 59.47342743756762, 59.45446108047543, 59.435750135850206, 59.417032206978426, 59.39783432362389, 59.37893772670487, 59.36064837931296, 59.34259035432738, 59.32397662970705, 59.30478047180224, 59.2862180194599, 59.26814978459295, 59.24902205726537, 59.22995123596463, 59.21131275132513, 59.19230713398288, 59.173508171871845, 59.15401663658643, 59.135884946211014, 59.11745724884988, 59.098916448781715, 59.079571183800425, 59.061783074953475, 59.043047555284744, 59.025051240884906, 59.00646095353302, 58.988305048274476, 58.96981284107028, 58.95231839995481, 58.93489021478583, 58.9173827563015, 58.9004386630322, 58.882855997845375, 58.8643681393303, 58.846713101932785, 58.82871126050602, 58.80996466431893, 58.791949714661406, 58.77352800559404, 58.755341518066416, 58.73720984549859, 58.718498561987275, 58.70000888189925, 58.681066370790795, 58.66259725880014, 58.644180154789474, 58.625599623380715, 58.60668434930672, 58.58770369423296, 58.568811351268884, 58.55091323744378, 58.53140709781674, 58.51242756830032, 58.493276743556, 58.474485607527384, 58.4553964689253, 58.43631898544452, 58.41718184691003, 58.39776397885581, 58.37805774572737, 58.35874291867804, 58.33879691847304, 58.31937640140927, 58.299530378281084, 58.279848212543335, 58.260022307758256, 58.23974572571557, 58.219751866470936, 58.19993845241163, 58.17933783135436, 58.1593105840765, 58.13909513115614, 58.11841539826071, 58.09787600815505, 58.07711486354154, 58.05682765714662, 58.0356937893425, 58.01467922857844, 57.99349144173828, 57.9726859912248, 57.9516525531558, 57.93019613553493, 57.908968209377555, 57.88740052661536, 57.86583910868571, 57.844323485491344, 57.82244097751513, 57.800536467668366, 57.778944959692836, 57.75719870765824, 57.73416655682252, 57.71197916288606, 57.68939027773749, 57.667966430404476, 57.64543303974927, 57.62279929506137, 57.59988195967871, 57.57679358998495, 57.55410168530348, 57.53071677310782, 57.50817342233224, 57.48519793093532, 57.46141144881636, 57.4380767551553, 57.41504257741321, 57.391650129424534, 57.367695476497936, 57.343679141545515, 57.31954618232212, 57.29628728972282, 57.272262829647225, 57.24798716809435, 57.22401270839507, 57.19984140625263, 57.17559847094423, 57.15091301663262, 57.126466092930855, 57.10143569946486, 57.076865019993015, 57.052268498831786, 57.026922083704555, 57.00187092754734, 56.97612014324136, 56.95173760406659, 56.92593565236909, 56.89983268702992, 56.87521368636655, 56.84898850697138, 56.824049320499334, 56.79803090650485, 56.77223234740045, 56.74613178067036, 56.71948516293969, 56.69393253494009, 56.667417108980295, 56.641116319445906, 56.614580145843554, 56.58744885902019, 56.56061586058848, 56.53435240212057, 56.50667618363709, 56.479663469549216, 56.452442824045015, 56.424945780419925, 56.39832519776428, 56.37069481312256, 56.34358219670043, 56.316336396259246, 56.288946254776846, 56.26087351194753, 56.23320600866764, 56.20559147126126, 56.17707095018872, 56.14892057624884, 56.12117206758737, 56.09321392346585, 56.06492711189131, 56.03671140980862, 56.008774513199704, 55.98023316560894, 55.9513420044633, 55.92331314266392, 55.89424986182153, 55.86464419725571, 55.83613512475358, 55.8075745812868, 55.77765427616169, 55.74895447744675, 55.71919977568516, 55.689985416012384, 55.66140821410577, 55.63192645768349, 55.6022006564078, 55.57266313352068, 55.54313402134954, 55.51330146130547, 55.48378813613763, 55.4534416692287, 55.42351128139947, 55.39383442178042, 55.36389798952048, 55.333835518438974, 55.30352697188666, 55.272726816280034, 55.24293758808319, 55.21294502902626, 55.182666817687625, 55.151989717558315, 55.12069059048322, 55.090427376838825, 55.060044881792535, 55.02907760514788, 54.99820184283907, 54.967470794725024, 54.93693193566077, 54.905422463623516, 54.87441192432551, 54.84325992408346, 54.81266189009336, 54.781426597800106, 54.74997077393603, 54.71872819262437, 54.68778044515475, 54.65622543575053, 54.62527858775223, 54.59329327420444, 54.56195116106883, 54.53078964044387, 54.49897523934049, 54.46765043163191, 54.436021222818844, 54.40443517047922, 54.3726762455735, 54.34045213623005, 54.309040962277145, 54.27722977839404, 54.24498647882485, 54.21357739523842, 54.18141629489841, 54.1495370631691, 54.11798661924243, 54.08500509520016, 54.05373506864772, 54.022009340480935, 53.98910557633143, 53.95728783881271, 53.92517980243403, 53.892318876934155, 53.86091461803019, 53.8288085889755, 53.79585201879909, 53.76379408149358, 53.73172194003461, 53.699371687494136, 53.66677117938596, 53.63405121849893, 53.60171359265308, 53.56997804998278, 53.5371636958167, 53.50534769123113, 53.47270138444489, 53.439471244181235, 53.408282727338246, 53.37480736730482, 53.34236207681277, 53.310157931135, 53.277284039962616, 53.24497298605207, 53.21320107908981, 53.18032989574011, 53.14738986256661, 53.11527154422895, 53.08268681290308, 53.05004003013603, 53.01773786201773, 52.98444536086313, 52.95295142133319, 52.91949506730802, 52.88705934524134, 52.85471615433905, 52.82213237041379, 52.79027993302579, 52.75736799175001, 52.7251889661863, 52.69269680938791, 52.66011711771782, 52.62780638934791, 52.59479783792256, 52.562814920798495, 52.53034030720665, 52.497986994628064, 52.46523151874901, 52.433222127389996, 52.40004079029426, 52.368110850920424, 52.335594895270496, 52.30359076066481, 52.27105785569253, 52.238482210476654, 52.20698431583754, 52.17384494114935, 52.14199002904279, 52.109663302532816, 52.078031860700435, 52.04525407081143, 52.01307269309766, 51.98012529974767, 51.94849162289372, 51.91665753859108, 51.88509736877742, 51.85275801289006, 51.82007246045773, 51.78892853189891, 51.75694651710573, 51.724310167349174, 51.69258839803113, 51.660501662591294, 51.628203279145126, 51.59634829291283, 51.56546838043516, 51.53337299568921, 51.501193512600224, 51.46963844037334, 51.438095299863654, 51.40676082999444, 51.37406452663979, 51.34295995016023, 51.31137091910744, 51.28029415718545, 51.24882044527968, 51.21651776590452, 51.18586798722465, 51.15372940878626, 51.12293152921493, 51.09137835172425, 51.060210200215415, 51.029005629944, 50.99819878449238, 50.96578350883136, 50.935456446774424, 50.90437710380877, 50.87334979798882, 50.84228107128311, 50.811600556192985, 50.78088606285156, 50.74915866175734, 50.71905485948839, 50.687680140805575, 50.65706358260213, 50.625674945887994, 50.5954756634522, 50.5648457817481, 50.534283508804215, 50.15512479046033, 1886.706564666531, 171.579380404863, 106.66073477805972, 162.94073608792218, 199.36074716478117, 223.80653252823322, 239.8300212700963, 249.53066538598412, 254.3208782582146, 255.23569713237174, 252.98460290633867, 248.14398261348768, 241.2771413984482, 232.88254525198042, 223.37094514707525, 213.0486038846151, 202.205882469057, 191.12269164490561, 180.1015172803024, 169.33731739114248, 158.86115263432976, 148.74513215630904, 138.94228728368606, 129.407820870267, 120.25534491973302, 111.76187806799821, 104.1501669280035, 97.53153202201594, 92.02477667745019, 87.69068659164462, 84.5524386528922, 82.58199697163082, 81.70238725976415, 81.77227303809232, 82.59591943476836, 84.54826883406304, 87.04702156830307, 88.88658014301296, 90.15327795971422, 90.85772583610077, 90.99396909197313, 90.6101668892246, 89.79881128506614, 88.67958744121277, 87.3690897442919, 85.93787493818617, 84.70005108004943, 83.82760121551502, 83.1523051500556, 82.66468915057467, 82.35602341083069, 82.2060081713505, 82.18330265134588, 82.253459173716, 82.38310106888271, 82.5383419827973, 82.69132715531448, 82.82194502000087, 82.91439247087895, 82.95903267132756, 82.95252317098124, 82.89657217515263, 82.79525256051062, 82.65762784413626, 82.49304603692491, 82.31380900243863, 82.12719142936406, 81.94387829840406, 81.7733468528605, 81.61831244425974, 81.48247839565853, 81.36722293324434, 81.27062555460377, 81.18933515212876, 81.11948288119554, 81.05519808304685, 80.99099803328345, 80.92186123095598, 80.84398905130428, 80.75387296551024, 80.64991276841171, 80.53156673903369, 80.39873732351376, 80.25322608868825, 80.09617944935809, 79.93175996829073, 79.76180802006598, 79.589885615529, 79.41811371709603, 79.25057442181297, 79.08805132733971, 78.93074889469005, 78.77820128995353, 78.62974827981519, 78.48565529596537, 78.34592995063683, 78.21095650579694, 78.08137410285282, 77.95616924417764, 77.8339631287172, 77.71418069002037, 77.59507988309635, 77.47659293441431, 77.35877847379396, 77.23979765659834, 77.12118883229397, 77.00278803364246, 76.88432495940243, 76.7660926351089, 76.64795211180147, 76.52892294932786, 76.40958630354243, 76.288908655877, 76.16695156670866, 76.04326954256284, 75.91841001243321, 75.79206429198057, 75.66394331587124, 75.53398645993944, 75.40253355240311, 75.26876520949739, 75.13266391825618, 74.99376441498072, 74.85286753347008, 74.71141019658624, 74.57068106975186, 74.4314694941289, 74.29533395043426, 74.16367727024023, 74.03798026459357, 73.91785897312963, 73.80574616694307, 73.70476116856628, 73.61129572743583, 73.52267463507809, 73.43915917650362, 73.36149631921009, 73.28886487432653, 73.21884249112665, 73.15038936758927, 73.08336967711497, 73.016862388116, 72.94920245457264, 72.88169619263006, 72.81232914609025, 72.74176189266122, 72.6690046395709, 72.59450290605064, 72.51847400342704, 72.441220899816, 72.36282678713081, 72.2837287495902, 72.20418364059103, 72.12377659664655, 72.04290664503736, 71.96128189737838, 71.87921435420769, 71.79712785466792, 71.71517469935915, 71.63360111693439, 71.55190024971537, 71.47044361175668, 71.38922767676422, 71.30778694631196, 71.22630500209303, 71.14476261066399, 71.06307204560008, 70.981440251957, 70.8994231759272, 70.81726118477393, 70.73500356843937, 70.65268164133612, 70.56974214521493, 70.48682032304282, 70.40347632222559, 70.3194782754923, 70.23607369102442, 70.15212626557435, 70.06811344339968, 69.98278717518369, 69.89723240039852, 69.81227709992164, 69.72674614413452, 69.6407428176475, 69.5548377002173, 69.46887281391652, 69.382285065592, 69.29527097983454, 69.20826086661914, 69.12095646889827, 69.03322085193624, 68.94528594452201, 68.85680421683782, 68.76847842345423, 68.67958311943578, 68.59089778368866, 68.50184328490512, 68.41267501432209, 68.3232665301531, 68.2334489669707, 68.14340293789407, 68.0529417648388, 67.9622995543184, 67.87139715607401, 67.77986661763136, 67.68985456343164, 67.59769555544214, 67.50607264412525, 67.41445665461323, 67.32255536666744, 67.2302199408428, 67.13719631439325, 67.04402187072107, 66.95216860296097, 66.85912148045581, 66.76547364026578, 66.67215291777322, 66.57820576650455, 66.48434808910439, 66.39055538796127, 66.29606042687082, 66.20152115417791, 66.10701593421817, 66.01192951211023, 65.91659282243845, 65.8216884051893, 65.72647209216922, 65.630950334089, 65.53545805785532, 65.43906566365094, 65.34296890002256, 65.24695622055852, 65.15076464550421, 65.05498338605722, 64.95874116176071, 64.86221837219634, 64.7655689916167, 64.66846322978125, 64.57076867409192, 64.47359790608583, 64.37666261040498, 64.27938350480545, 64.1818177243125, 64.08497077480234, 63.987846814992686, 63.891241327640984, 63.794776161063254, 63.69827575784017, 63.60248742604872, 63.50657275949052, 63.41145217389524, 63.31635723524193, 63.22158071114915, 63.12632043137137, 63.03268881209849, 62.93907856322491, 62.846482296921984, 62.75348190502855, 62.66217119601777, 62.57085857400143, 62.479905228086835, 62.38877184247201, 62.29793417098149, 62.20952340003712, 62.11984688274916, 62.03094721924885, 61.942954154071984, 61.85504640229306, 61.76682703340372, 61.68120127336881, 61.59484421227144, 61.50847851507049, 61.42205271954311, 61.33713220956076, 61.252730897618, 61.16848484936761, 61.08490639509382, 61.00184087176181, 60.92005440150038, 60.837822204563786, 60.756316483661436, 60.67479637568162, 60.59400716710454, 60.51303877480857, 60.433539092222084, 60.354326113663824, 60.27511059904685, 60.19603382640013, 60.11817005117864, 60.0397984695067, 59.9621663951953, 59.88529270538052, 59.80810299975107, 59.73117034677395, 59.65444111515055, 59.57901978787998, 59.503983954446106, 59.42870138703583, 59.3542118418279, 59.2795575010665, 59.20823497274253, 59.133981945450266, 59.059875292699125, 58.986442873651065, 58.91416521072244, 58.841487817119535, 58.768901036741454, 58.69785587358053, 58.62553954073249, 58.554652107857514, 58.48339798145108, 58.4123954666416, 58.34220259632377, 58.27137807696931, 58.20261323902514, 58.13311762084502, 58.06362246762603, 57.99449523441768, 57.925694140239074, 57.857482790731346, 57.7885947178507, 57.722034890536776, 57.65364432523833, 57.58593982486318, 57.518519708439406, 57.45172420175063, 57.38548241092322, 57.318856280996506, 57.25253032103792, 57.18654135029717, 57.12219886170483, 57.056799082633944, 56.9921227985672, 56.928507647795634, 56.8636948420927, 56.800627288542344, 56.73577855821538, 56.67320981167279, 56.60996147372773, 56.54794788735134, 56.48546117671985, 56.42294909972919, 56.360852990009015, 56.2993849753666, 56.23891856734049, 56.17751785102019, 56.117642613696425, 56.056187759543974, 55.996869823887614, 55.93642920540715, 55.87667403972025, 55.817705815673, 55.76137460586081, 55.70026204471385, 55.64439028725733, 55.58341444744613, 55.52542955159657, 55.46801829532317, 55.411466155230436, 55.35439877615708, 55.29783836598727, 55.24147782287161, 55.1853150638299, 55.12950827578716, 55.073830741798865, 55.018338776005116, 54.962694634436474, 54.90787962144623, 54.849975809949996, 54.79821704136641, 54.74460566526238, 54.69118124848009, 54.63748165783293, 54.584448148890964, 54.531869999525924, 54.48227530377048, 54.42613619438382, 54.3746297175112, 54.32141640353371, 54.2697815506237, 54.21990251115728, 54.16889815056846, 54.11809839481749, 54.06624059846736, 54.017059929403565, 53.966967112296196, 53.91694916753115, 53.86720094225779, 53.817774033626755, 53.76874858747013, 53.71910054682359, 53.67046878775196, 53.621383723832906, 53.57361542385188, 53.52613782739075, 53.478801321187866, 53.43113888644427, 53.38400711511438, 53.336730015635226, 53.2900400615857, 53.24418140675768, 53.19728775873994, 53.151811613644256, 53.10680367094641, 53.05980333866913, 53.01505301509132, 52.97010910632651, 52.92465600124836, 52.88032590516156, 52.83576030268762, 52.791643772311176, 52.74775438947983, 52.7038015802699, 52.65976207994143, 52.61681455467585, 52.57372938674658, 52.530495778820935, 52.487252461378354, 52.44472345736442, 52.40239671138019, 52.35977583919039, 52.31849525103278, 52.276393363196796, 52.234513374086895, 52.191889428343934, 52.15094506029802, 52.10995543697526, 52.06913109615873, 52.027770202196756, 51.98686611768463, 51.94636141716333, 51.90722601813589, 51.86597857893202, 51.82513418220404, 51.78527657404283, 51.745058193599334, 51.706306448874436, 51.665849683418514, 51.63311566836227, 51.588349725781335, 51.54865049492603, 51.509890220595096, 51.470811411350184, 51.43245232014932, 51.39318389352479, 51.35560950762265, 51.316425475457784, 51.27884526178295, 51.24070619079757, 51.202967235857635, 51.1644677786376, 51.126321622088376, 51.08830102138617, 51.05099898011074, 51.01381276587192, 50.97550873173555, 50.94041361328307, 50.90281592228578, 50.86401707913191, 50.827760681316974, 50.79104849171024, 50.753526088689135, 50.71780805695016, 50.68093546958969, 50.643493922898294, 50.608308158026325, 50.571990573067204, 50.536044657575125, 50.49957139063019, 50.46515379319848, 50.43018051412551, 50.3933451486824, 50.35942952702657, 50.32530840225929, 50.28772911374497, 50.25407447942202, 50.22113944337034, 50.1854988482932, 50.1528081146585, 50.11774655735115, 50.084052074392325, 50.04960546897591, 50.01522889276807, 49.981764487325584, 49.94928535449007, 49.91579204336477, 49.8862151910183, 49.84967040462921, 49.82035634644753, 49.78360181323203, 49.75332234923179, 49.71885328603485, 49.688158907817154, 49.65736112375793, 49.624229802001985, 49.59149040652417, 49.56092100316567, 49.52672242182089, 49.49382230189074, 68.17114983656657, 97.06479203404257, 120.05687823233293, 100.5922434161706, 64.47710830819994, 53.36711931258398, 103.69895672900185, 51.74902836059602, 55.895536560932925, 69.92960211635139, 77.54778120316134, 76.41725366928807, 68.54233832061948, 58.15101549601986, 51.44697724662128, 54.71297397585388, 64.63597646127093, 62.4252233012656, 53.81740271000699, 51.62871886379809, 54.324568672041785, 57.60688928676714, 58.92721090306329, 57.674399010295275, 54.73931454301371, 51.99448209290906, 51.44618690090354, 53.48331892519382, 55.21778603473029, 53.82900193412281, 51.42174187853954, 50.71055807934468, 51.57234322562841, 52.52023624137653, 52.46368470068167, 51.361056839180875, 50.124623447588945, 49.872763511097716, 50.68377001148433, 51.09187815071516, 50.273559188381746, 49.441125350194596, 49.530614287840216, 50.0362321921876, 50.13670264762602, 49.66000704983747, 49.172849563697625, 49.25193740660186, 49.62907938346743, 49.549751673865096, 49.11517903310784, 48.991226319085975, 49.19924297576119, 49.28025357894389, 49.04818877731761, 48.80622045409143, 48.84714694342063, 48.965326645335224, 48.82912345685167, 48.6178473080023, 48.60829374240423, 48.67106544906773, 48.5872694446288, 48.4202195129082, 48.370193471494346, 48.40617507871527, 48.33337011006037, 48.19861560163772, 48.16320979829031, 48.16818158250778, 48.09356286059438, 47.99327163844345, 47.96795419124232, 47.95146508620973, 47.87837854352945, 47.803995900964644, 47.785715577105435, 47.758037623176556, 47.6835530696696, 47.634348603337564, 47.61631250209889, 47.56586681973745, 47.50347364785609, 47.47130999134147, 47.438646522955395, 47.383623458387156, 47.334259611616204, 47.30514395485736, 47.254850361060406, 47.20437984932902, 47.1718229973013, 47.12734825506095, 47.0760602055572, 47.04017144913721, 46.99915466209022, 46.950729057322384, 46.909994843379586, 46.87146391455861, 46.82656406408276, 46.78489904443284, 46.746055655434596, 46.70381529438014, 46.660493026858084, 46.622725644067216, 46.584741453845254, 46.54271659488883, 46.50015389471399, 46.46009994749271, 46.41717096128134, 46.37847084397294, 46.338236471032104, 46.30005921613858, 46.25809968818147, 46.21707456885574, 46.17841614481056, 46.137497702876345, 46.09707778644673, 46.06021921746947, 46.0220193817559, 45.9797934243911, 45.93972901715839, 45.9048073555752, 45.863091991962136, 45.823517763708054, 45.78468209041987, 45.745540677820024, 45.70879069513913, 45.668145177013066, 45.62979814994752, 45.59186017543129, 45.552611414745655, 45.514385638034824, 45.477557820447316, 45.43715157109712, 45.399837010452664, 45.36175282333864, 45.32348799417818, 45.28807714384138, 45.248690518026564, 45.211106509508674, 45.17512592070727, 45.13615464625682, 45.098695346525155, 45.060420130651806, 45.02393256336068, 44.98777632177252, 44.94989352506134, 44.91293399943298, 44.875801105147076, 44.837989862927486, 44.801229911160966, 44.764977235679254, 44.72785241908053, 44.6905009807922, 44.65392769101004, 44.61752723974631, 44.58097073920187, 44.544832508865824, 44.5083565695185, 44.47224107425906, 44.436035152995764, 44.40016540294795, 44.362752934071096, 44.32692688090467, 44.29014520367756, 44.25378720891965, 44.21844421703411, 44.18261745254819, 44.14656875240596, 44.11018099079446, 44.075526452839775, 44.03960891810878, 44.004073333326524, 43.967589427132076, 43.931824516181116, 43.896461367242345, 43.86068084145299, 43.82532986896936, 43.789814557305355, 43.75392436045309, 43.71846914088282, 43.682520917012646, 43.64772841205419, 43.6121233201066, 43.57689543022967, 43.541957273359436, 43.50674881063578, 43.47119139729833, 43.43689616624121, 43.40120614324937, 43.36639378814254, 43.331604056748056, 43.29642456234284, 43.26197117531601, 43.22689003886798, 43.19186554349101, 43.157782831754204, 43.12237194531658, 43.08763813397243, 43.05269905047016, 43.01866269986504, 42.98397870359633, 42.949105674242425, 42.914574118718946, 42.8797480148174, 42.84528927982867, 42.81093421810365, 42.77520834845609, 42.74123736874989, 42.70771194881548, 42.673262389567505, 42.63897329044278, 42.60446846521871, 42.569597566494025, 42.535589368283134, 42.501357668962434, 42.46730232573301, 42.43307931003034, 42.398692134311005, 42.365432784517076, 42.33056084040671, 42.29660176049691, 42.26346493917717, 42.228963449712325, 42.194627436007735, 42.16062495944529, 42.12658931606788, 42.0927265318343, 42.05967398396968, 42.025533007844274, 41.99168398581197, 41.95825273660952, 41.92370350747567, 41.890374253679646, 41.856596378892384, 41.82279476538473, 41.7892945605536, 41.75562521106755, 41.72193520079958, 41.68830117072038, 41.65448133757861, 41.62105123622104, 41.58794096699276, 41.55432873667958, 41.52109779197471, 41.487840566933386, 41.454284436976835, 41.42091398533148, 41.387451081784434, 41.354228992455496, 41.321135237934975, 41.287630771009034, 41.254881186727815, 41.22130545384434, 41.18829202550766, 41.15537017213426, 41.122058564525894, 41.08896710112828, 41.05576183862804, 41.022294541319866, 40.98956692400474, 40.95666746101258, 40.922823403380605, 40.89115885095066, 40.85802877656105, 40.825524455920274, 40.79260907120696, 40.75921895917144, 40.727317517436816, 40.69377292977161, 40.6609787718765, 40.628290671885956, 40.59568727043378, 40.56294228381144, 40.53076175089073, 40.497984470833245, 40.465200292421315, 40.432296908147904, 40.40018349231868, 40.36707236786935, 40.33487213800194, 40.30281073463234, 40.27040843282743, 40.23821195320237, 40.20467545870076, 40.17289338682576, 40.14061114459157, 40.10832417280449, 40.07583088111244, 40.04375014240946, 40.01207721834035, 39.9798490400582, 39.94782540519613, 39.915500385910214, 39.88383894022518, 39.85113560718872, 39.81895322503626, 39.78651689529969, 39.75530610632969, 39.72287894291855, 39.69110677816226, 39.65946217851065, 39.62724334319471, 39.595804069873004, 39.56363407731754, 39.532122995923125, 39.50017837960618, 39.46918974177822, 39.4366329139819, 39.40562228093589, 39.37397084938773, 39.34239530188457, 39.31090240976564, 39.27975555669846, 39.24803440171459, 39.21621417052157, 39.18538486469342, 39.15357294737033, 39.121853560386164, 39.09088141606682, 39.05945697047145, 39.02775852079448, 38.998001664176655, 38.966316144350905, 38.93419266947209, 38.90328081421242, 38.873123823167205, 38.841764095302615, 38.81410480275218, 38.783034617641974, 38.7489602065703, 38.71800825666747, 38.68743907613453, 38.65697294767514, 38.62567169096523, 38.594139214325544, 38.56297591059823, 38.53291556178331, 38.50273756756651, 38.47161452128393, 38.44114566550273, 38.41004371726708, 38.37948778673245, 38.350466527780796, 38.31926082982035, 38.28894524909869, 38.25833147895465, 38.22791120297702, 38.19734254254658, 38.16942391387813, 38.135461112942245, 38.10539436089405, 38.07466100093364, 38.046431097789906, 38.01329466886046, 37.982252260603424, 37.95136579428612, 37.92176193004508, 37.890049842803506, 37.858498363102385, 37.82704417189486, 37.800650962671625, 37.76684968511382, 37.73778309859297, 37.708856433598, 37.68252203813867, 37.66127826513046, 37.65065075699102, 37.65504017689643, 37.71774191693425, 37.83684746672523, 38.27633961967603, 38.87430316483425, 41.09686370602631, 41.09059647632251, 42.6953419667259, 37.514493405880984, 40.675442075520905, 45.568629947587134, 37.99468570905265, 50.42253003514563, 53.430322157282305, 52.04828214111414, 42.246972481994966, 44.915075394861894, 45.76269406620864, 49.133578809267625, 38.19663263915084, 51.79977853996536, 39.382433849972415, 47.72611471615585, 42.482984070801166, 40.23148809740424, 45.26829180926537, 38.909214494936435, 43.833968553960396, 41.692429469549566, 38.82099722775643, 43.1720525651226, 38.72660692193835, 40.46656548928618, 41.17514636714273, 38.53763590464259, 40.211684512909024, 39.5845884861342, 38.508506865109744, 39.951325080195836, 38.80129335936335, 38.415474757161505, 39.396579584207174, 38.006545893318, 38.66450044193265, 38.60105919759322, 37.77741236573485, 38.50197921313546, 37.81115737595579, 37.80605319622713, 38.03050177653108, 37.38374820289004, 37.748606201608965, 37.3841140759216, 37.29618253946409, 37.41563190190446, 36.985560482267786, 37.23789978728382, 36.89070108282264, 36.956146928004635, 36.875183080986055, 36.704443151670056, 36.801184403373924, 36.560732995372284, 36.67920708651963, 36.46482717041443, 36.54458325274219, 36.381504206136405, 36.41341821227818, 36.30840939010688, 36.298553358675186, 36.22094082810623, 36.201211062220914, 36.13497938409052, 36.114237313321674, 36.043469801585225, 36.03578772040767, 35.95602944373613, 35.95850560731585, 35.870281478713146, 35.87227374841006, 35.791667347408456, 35.78490994519626, 35.719494907459456, 35.689380573401316, 35.64946220448858, 35.59887361704979, 35.57746457372892, 35.52051773824124, 35.50147615864354, 35.45272198904883, 35.42474559367747, 35.39085156750054, 35.35025707726228, 35.32675589841751, 35.28261588654998, 35.25832071793593, 35.22161705710984, 35.18679719095044, 35.16216909558342, 35.12353020046005, 35.09611449296663, 35.06607120065624, 35.031409464414715, 35.00646675582574, 34.97528117522329, 34.94339353082962, 34.91794163986531, 34.887210573085355, 34.857778855232944, 34.832341508319985, 34.80202313144948, 34.77271010883897, 34.7470899048896, 34.71860458776895, 34.6901033576951, 34.663734569992044, 34.636914310964976, 34.608610661679926, 34.58165461768959, 34.5555892194059, 34.52844678927607, 34.50095852200963, 34.47439702001521, 34.447948061544714, 34.42095998876971, 34.394733980830786, 34.36797636159284, 34.34207446243865, 34.315792801881585, 34.28931242852475, 34.262818183376254]