Model Setup for Atypical Patient 14:
ITERS=2000
LEARNING_RATE=0.001
OPT_RESET=500
ATOL=1e-09
RTOL=1e-07
METHOD=dopri5
Input channels=2
Hidden channels=11
Output channels=2
Runtime=9189.157143831253
Optimizer=Adam (
Parameter Group 0
    amsgrad: False
    betas: (0.9, 0.999)
    capturable: False
    differentiable: False
    eps: 1e-08
    foreach: None
    fused: None
    lr: 0.001
    maximize: False
    weight_decay: 0
)Loss over time=[2368.1848975497546, 2233.0995637821275, 2149.3963863740482, 2086.527360968906, 2035.4952858197998, 1992.251254071043, 1954.5330721090838, 1921.0486211429627, 1890.8655474614204, 1863.3647017935969, 1838.1248407542516, 1814.731126638445, 1792.9471478334394, 1772.5917845251113, 1753.4080464548517, 1735.3419696873718, 1718.2372619604075, 1702.0050876955124, 1686.5339281876861, 1671.7940925681544, 1657.704617954544, 1644.2186530100057, 1631.2854569115761, 1618.8392215290116, 1606.8839436549686, 1595.3427872848981, 1584.1958906689513, 1573.4645086166477, 1563.0777784505349, 1553.0077850684365, 1543.2904375101534, 1533.8236161449904, 1524.6128173269171, 1515.6938807026554, 1507.0189438854038, 1498.558160879703, 1490.3436948189344, 1482.3320146652736, 1474.4913180610122, 1466.8465632062528, 1459.3827239385193, 1452.071880400466, 1444.9207809223992, 1437.9154133791506, 1431.0745110334915, 1424.3602453280328, 1417.7949734328502, 1411.3390419509478, 1404.9249861721746, 1398.3802759291166, 1391.7214426280254, 1385.0317212461264, 1378.4177622666525, 1371.8868074560705, 1365.4380363956343, 1359.1170139277003, 1352.8806676742083, 1346.736549296191, 1340.7077013043677, 1334.7726270185544, 1328.9308116021812, 1323.1802453145262, 1317.5246987491626, 1311.939232452657, 1306.4419435125965, 1301.0155309471704, 1295.6810584047475, 1290.4057570925029, 1285.2166773095553, 1280.0922819077596, 1275.0309017800448, 1270.045916330509, 1265.109519567766, 1260.2458043507024, 1255.437215097742, 1250.6939839973434, 1246.000094025869, 1241.3670802261427, 1236.7818602573188, 1232.2561096259005, 1227.7788932909543, 1223.3525950501921, 1218.9748871830234, 1214.6450848141506, 1210.3630292632597, 1206.1274603396269, 1201.9378017114389, 1197.7908600000208, 1193.6816512183648, 1189.629385496918, 1185.592830339824, 1181.6155938645884, 1177.672694641779, 1173.7687808793228, 1169.9009567018518, 1166.0635827378142, 1162.2729113836176, 1158.5110986137224, 1154.7802558780352, 1151.0945057634724, 1147.429537994166, 1143.8034544386094, 1140.2058706411035, 1136.631096483322, 1133.1145101393488, 1129.6035979247715, 1126.1239662916255, 1122.6820975240191, 1119.2591211371703, 1115.8679098739528, 1112.50862390789, 1109.168065206284, 1105.8608460023893, 1102.5760526979868, 1099.316402355319, 1096.0807433589835, 1092.8677907515698, 1089.6824751608415, 1086.5181140520474, 1083.378051812072, 1080.2605775155992, 1077.1659549382362, 1074.0947875019954, 1071.0464689547982, 1068.0144768387752, 1064.9866110282385, 1062.0044575758047, 1059.0312723588781, 1056.0772862837568, 1053.1409832274833, 1050.2339362545245, 1047.3344439585273, 1044.4632350970787, 1041.5971331139465, 1038.759502142079, 1035.9338288336053, 1033.1250456519397, 1030.3288049424095, 1027.5596693770146, 1024.7996854872467, 1022.061676508085, 1019.3332214207145, 1016.6267434753164, 1013.93113433604, 1011.2439677277459, 1008.5859936029827, 1005.9280944471267, 1003.2943510724613, 1000.6776191750068, 998.0643071237133, 995.4701235854495, 992.8878255379935, 990.3240861277492, 987.7652251147377, 985.2249108452434, 982.7001026302086, 980.1872119635395, 977.682647481788, 975.1906980924272, 972.7044463134152, 970.2398287394049, 967.7805080671994, 965.3371799500019, 962.9044560676425, 960.4785848571893, 958.0702649289389, 955.6639963714274, 953.2745514565107, 950.8906099319657, 948.5235404709118, 946.1617949736506, 943.8134733545179, 941.4733477288638, 939.1322589341572, 936.81168195725, 934.4982408083789, 932.196672984996, 929.8995773350754, 927.6127378060613, 925.3298967612322, 923.0593942109987, 920.796112478109, 918.540171857116, 916.2943674137651, 914.0572959157176, 911.8240398139526, 909.6035719321018, 907.3850592446453, 905.1714532877363, 902.9674111252006, 900.7715464127174, 898.5810070065684, 896.3969050328359, 894.2076852999397, 892.0272268817004, 889.853790238071, 887.6826844239473, 885.515606630091, 883.3595245361844, 881.1990287424692, 879.0362933341236, 876.8768732302149, 874.7181997760734, 872.5506079343937, 870.3890233827495, 868.2207819591526, 866.0648400316645, 863.9215467138652, 861.7845583674584, 859.6577969110814, 857.5391114112995, 855.4295775284828, 853.331076611901, 851.2392166889423, 849.1586023858455, 847.0832804458388, 845.0176360011984, 842.9630148361134, 840.9553160754683, 838.8733752317191, 836.8430769794988, 834.8190200382028, 832.8027468088269, 830.7990215058384, 828.7976775832682, 826.8040678924597, 824.8210125444112, 822.8423811651959, 820.873915257832, 818.9073352133114, 816.9513224980205, 815.0067097135976, 813.0625540696866, 811.1241358617441, 809.1950076244899, 807.2733943319221, 805.3562720625374, 803.445608063284, 801.5404685991251, 799.6443222221134, 797.7480435447912, 795.8588167204631, 793.9815073772356, 792.1039499343877, 790.2361817834505, 788.3743412243443, 786.5129872709102, 784.6615050879224, 782.8152001193768, 780.9735274631904, 779.1306566543176, 777.295777089577, 775.4654602775074, 773.6405520622772, 771.8177981674878, 769.99693335316, 768.1839353278996, 766.3727076849492, 764.5646712709708, 762.7568091544209, 760.9539507853303, 759.147301851996, 757.3498430797375, 755.5496759972498, 753.7502935347715, 751.9536366581407, 750.1500433083281, 748.3531961747834, 746.5498548256711, 744.7495404038614, 742.9446967774545, 741.1366913831866, 739.3240226325266, 737.5063576626882, 735.6853261675491, 733.8573871246643, 732.0175258512841, 730.1734720518078, 728.3196557196537, 726.4527169077782, 724.5689438832892, 722.6769635518096, 720.762742448298, 718.836237737253, 716.8877566450512, 714.91786716427, 712.9173440083285, 710.910359292493, 708.8822471664336, 706.8286579781629, 704.7605088514091, 702.6842344043561, 700.5956410218461, 698.5179148143968, 696.4586277673795, 694.4144808435304, 692.3833089348857, 690.3780938849534, 688.3828622060013, 686.4038635501025, 684.4384251410576, 682.4867809676714, 680.5431632546579, 678.6172175578848, 676.7036287081185, 674.7946620271176, 672.8928713693567, 671.00864533617, 669.1308978614633, 667.2600202314567, 665.4018579305274, 663.5475886772824, 661.7070925800509, 659.8701461195892, 658.0420003355039, 656.2225078697014, 654.4076931099848, 652.6024383272622, 650.8037095209719, 649.0102260679469, 647.223599697836, 645.4396948389484, 643.671052586046, 641.8976695646762, 640.1335694400817, 638.3726062610759, 636.6131917636022, 634.8595237482546, 633.1129152355588, 631.3676064376867, 629.6255744578185, 627.8875020258027, 626.1514071947962, 624.4186427047882, 622.6916510910713, 620.964055799005, 619.2412054825131, 617.5202431575518, 615.7981576764003, 614.0728656357571, 612.3579090880838, 610.6329477451833, 608.9097627702678, 607.1838374694918, 605.4595518866602, 603.7299896597469, 601.9949293701258, 600.2545797602537, 598.5068200999575, 596.7439872904265, 594.9821332173732, 593.2246094776957, 591.4810809892174, 589.739908343209, 588.0109794719963, 586.2871171096784, 584.574753048499, 582.8706754375913, 581.1757255767493, 579.487581047369, 577.8030622220194, 576.1351128862683, 574.4661834888477, 572.8102343454689, 571.1633215287276, 569.5210572111358, 567.8858637604258, 566.2578809029837, 564.6358358758979, 563.0252403974305, 561.4146470774708, 559.8158739888094, 558.2249172158416, 556.6385485674739, 555.0586137675451, 553.4857607350987, 551.9174437936116, 550.3576310028127, 548.8040627460068, 547.2580752483005, 545.7146325022278, 544.1802435292794, 542.6525571787093, 541.126193664248, 539.6107652357219, 538.0917925993477, 536.5924373332033, 535.0894089340321, 533.5938955296506, 532.1015078458981, 530.6176810139659, 529.1421071572786, 527.667239708369, 526.1973616369895, 524.734329350301, 523.2735753554643, 521.8242451832014, 520.3754196724011, 518.9310404534557, 517.49644732157, 516.0629212053808, 514.635966477379, 513.2124094304135, 511.79533620177443, 510.382724838265, 508.97396255421353, 507.5744465813317, 506.17454233677563, 504.779491058969, 503.3931474379453, 502.00883741307587, 500.6307039377096, 499.2590351311848, 497.890949657369, 496.5337727915913, 495.18052236138993, 493.8365868323115, 492.49573111998166, 491.16868640174386, 489.85168511386894, 488.53388697205645, 487.2209493633767, 485.90998536755944, 484.6065941827022, 483.30358163678244, 482.0036734857829, 480.70888171707065, 479.41437231882776, 478.12710944189325, 476.8393110515568, 475.5544913686124, 474.2770049993716, 473.00105629554145, 471.7279749453077, 470.4568421538699, 469.1863256535886, 467.92869449408136, 466.6680269523551, 465.40663746742155, 464.15214919392366, 462.89663865698026, 461.64910728694815, 460.40106951092724, 459.1617881080226, 457.91749757958894, 456.68398324988664, 455.4468020326045, 454.21666612843006, 452.9874971960104, 451.75937361953726, 450.53904495110476, 449.31882951496954, 448.1002165722975, 446.88568349864977, 445.6735317745777, 444.46247009372297, 443.25373946210476, 442.04792335348117, 440.8478483919156, 439.646087095298, 438.45336460016694, 437.25677087209823, 436.0631619775788, 434.8725050304296, 433.69040784002556, 432.5040925643432, 431.31867351007077, 430.14225003209, 428.9614151254922, 427.7893850117482, 426.61514628920014, 425.44263894682496, 424.27555283459645, 423.10443469074, 421.94333485336995, 420.78002086771977, 419.61944608358243, 418.4621234021552, 417.3077618188183, 416.15271942931287, 415.003048952973, 413.8542424964771, 412.7056903222847, 411.559435726779, 410.4195311538859, 409.27673974953524, 408.1379952240622, 407.0001530422124, 405.8645288470752, 404.7297480231366, 403.59839720883923, 402.4714042397038, 401.33910156992187, 400.21125149850945, 399.0873509678717, 397.9636807015309, 396.8402611842091, 395.7182397574295, 394.6000344331121, 393.48112489106165, 392.3650720795694, 366.71127492517684, 341.6505565811131, 317.8553709299724, 295.31098081388905, 273.96163922656524, 253.73278515030213, 234.53846233317702, 216.2917426037388, 198.93212934925296, 182.3582094595397, 166.60597378522382, 151.1782776861507, 135.3740609857765, 121.16496621247393, 114.90335408676243, 115.25941794317886, 118.11157895268083, 117.00284151556757, 110.99237050535166, 101.54193487361111, 91.68565791514555, 83.12158385318057, 76.60287859230141, 72.12984532831248, 69.23001176874367, 67.25731565732569, 65.6089848594359, 63.83717863763412, 61.666472830267345, 58.995695656403, 55.87580000962862, 52.47030362947178, 49.03031452833379, 45.88588491710841, 43.410195556314925, 41.91662654361034, 41.49669365723037, 41.488183898490725, 40.91902052560754, 39.38702352202412, 37.2820243004966, 35.334642736225526, 34.0585041797975, 33.502645712256076, 33.35305699837414, 33.19573287025123, 32.74938258441443, 31.97140884583026, 31.037817169794767, 30.171644298500794, 29.613392074877755, 29.406375491443985, 29.407556866299956, 29.344293597994696, 29.048248611409655, 28.590193385006543, 28.190768031690666, 28.003512684493547, 27.998466008601614, 28.019181259311537, 27.9399586791341, 27.745371981043125, 27.505266357638526, 27.311066236986616, 27.22038378024487, 27.205362856740223, 27.183224702065967, 27.107883458561215, 27.0042284335025, 26.929058205611344, 26.90478935252116, 26.89374004789761, 26.85007640796463, 26.77072111081839, 26.68655294004628, 26.62586156159732, 26.584415297399755, 26.53613494084167, 26.464032516618804, 26.379753884575067, 26.30298636905983, 26.240240553412335, 26.178384156311406, 26.102143392245456, 26.01267558274354, 25.92242888282564, 25.838980976258906, 25.75904846996526, 25.672800158010133, 25.577452656186914, 25.47873946394171, 25.38303507209292, 25.288747341830035, 25.190867982446402, 25.086338560995728, 24.977539804476645, 24.868029376942584, 24.76098769140457, 24.65155206429898, 24.53863458055832, 24.422013294960514, 24.305097421100267, 24.18781758862259, 24.069387889861176, 23.947552595456173, 23.82227324566687, 23.694649182357253, 23.5654848600263, 23.434913713558277, 23.30217065101363, 23.166735192469385, 23.02900572985843, 22.889314962167113, 22.747876094863823, 22.604650491153368, 22.458610186097566, 22.31022006727863, 22.159575482101218, 22.006904642164645, 21.852361314049855, 21.695997915267892, 21.537826515526937, 21.378021143432992, 21.216220263355915, 21.052982543903088, 20.88846782672022, 20.72229341887942, 20.554836477303056, 20.385943835508144, 20.215614018796362, 20.044182847222782, 19.871622508873564, 19.698609936727465, 19.524488128040986, 19.34968929214435, 19.174427428188544, 18.998592084669667, 18.82238668826969, 18.6458220852635, 18.46885343195819, 18.2916741115853, 18.11454196951328, 17.937063938712953, 17.75984532890284, 17.582807666800758, 17.405933312450443, 17.229154686345957, 17.05322574156548, 16.8774983794808, 16.702241260424298, 16.52757404268954, 16.35370570320385, 16.180604273661135, 16.008405544634886, 15.837135094134412, 15.666573044116772, 15.49731171035727, 15.329035928114704, 15.161996713195492, 14.99615074484509, 14.831565656636617, 14.668619704229359, 14.507048943696306, 14.347118393218823, 14.188752524878401, 14.03196705041413, 13.876894966511559, 13.723588617880624, 13.572135029667697, 13.422392652454125, 13.274717943787607, 13.129062263221156, 12.985050029282196, 12.843072962879203, 12.703339641387856, 12.565523930566348, 12.42948079664336, 12.296053801119903, 12.164523680701647, 12.035031527610249, 11.907953520529254, 11.782855354355009, 11.660234668350869, 11.53959050580618, 11.421217841040935, 11.304979650983118, 11.191058137548024, 11.079543122975265, 10.969898175710119, 10.862545685869874, 10.757671531606483, 10.654899261711021, 10.554476725231028, 10.455860207030922, 10.359816010246815, 10.265719128810952, 10.173949500164321, 10.08418304441859, 9.996393093141831, 9.910441299839007, 9.826339800712907, 9.74405158862014, 9.662906152374937, 9.585414030082347, 9.508631674618137, 9.434059381045815, 9.360962531791778, 9.289722113447032, 9.22036998923849, 9.152808270350222, 9.086795884959189, 9.022478140315192, 8.959894549542087, 8.89925135510792, 8.840004725535168, 8.781719157219753, 8.725375145980202, 8.670236113368277, 8.616805533786714, 8.56480679431046, 8.513967841422556, 8.46431106388135, 8.416180114055742, 8.369131119931717, 8.323450378664406, 8.278665257324997, 8.235195885300055, 8.193010422567692, 8.15162872406491, 8.111547128762938, 8.072177093955588, 8.034128150996324, 7.996780307259996, 7.960346089059328, 7.924766900027277, 7.890444044290968, 7.856806323730058, 7.824101380796659, 7.79220795648877, 7.761061914951165, 7.730421277121082, 7.700932684562383, 7.671918463766446, 7.64395994729137, 7.6163042565761, 7.589749430456842, 7.563773104619873, 7.5381613425906915, 7.513341312568681, 7.489517640188941, 7.4659146836283385, 7.442933323385643, 7.420346150348525, 7.398718021106358, 7.377339602572952, 7.356452384077574, 7.336281526619398, 7.316576899522301, 7.297307440383903, 7.278629791802424, 7.260302487959226, 7.242485986803112, 7.22526572916106, 7.208440765042866, 7.191858449281415, 7.175586596919509, 7.160215962081614, 7.144825175562849, 7.129598212922041, 7.115275782921511, 7.101114263284117, 7.087389840939998, 7.073690253983213, 7.060736139032351, 7.047742253645447, 7.0352693217195785, 7.023306744348849, 7.011406917015248, 6.999856896184998, 6.988485924526193, 6.977634263614338, 6.966935381308898, 6.956450279881181, 6.946170649505562, 6.936414950732087, 6.9266988046402105, 6.917284891114736, 6.908118537434782, 6.899145239393345, 6.890342287964151, 6.881724296306606, 6.873452877815638, 6.865353285404139, 6.857664685445289, 6.849612830845749, 6.842027941822391, 6.834777280509064, 6.8274311831211385, 6.820482713131463, 6.813560183219871, 6.806973190797635, 6.800322829410373, 6.794084339275371, 6.787777521492876, 6.781653124896497, 6.775515356094843, 6.76977221429172, 6.764199022984331, 6.758488145678694, 6.753262499939624, 6.747977820684171, 6.742523339704477, 6.73759009479621, 6.732439279067045, 6.727749972624411, 6.7229918777272255, 6.718338865406867, 6.713855108121663, 6.709265346984963, 6.704922201810746, 6.7007505807545575, 6.696577936036394, 6.692312356672759, 6.688342487098447, 6.684517941205417, 6.680688072621987, 6.676798405358392, 6.673322626900634, 6.669640891595794, 6.666145858743634, 6.662796697900908, 6.659383321508617, 6.656136080374603, 6.652781939523816, 6.649761972288146, 6.646591214925182, 6.643511924943601, 6.640712336313558, 6.6377562799871805, 6.635046716177485, 6.632188919375702, 6.629522863756782, 6.626764853418029, 6.62443136800185, 6.621831866338195, 6.619176767513047, 6.616946923616124, 6.6146409536442485, 6.612220656578739, 6.609986470441865, 6.607785406501123, 6.605461031359249, 6.603342576609898, 6.601215880162715, 6.599261471337423, 6.597288713017954, 6.595104695964298, 6.593295358023335, 6.591192215536164, 6.589424616761857, 6.587633320450408, 6.585784987621113, 6.5842056259183215, 6.58242041822435, 6.580670559473001, 6.579060505307755, 6.577341698024097, 6.575918914195182, 6.574190370732757, 6.572703100518489, 6.571233359875932, 6.569667131427957, 6.5681727546260245, 6.5669812398992295, 6.565298362467325, 6.564012804071364, 6.562867199369958, 6.561292738326881, 6.5601017963184916, 6.558863831966646, 6.557384198809687, 6.556366445141527, 6.555134383656476, 6.553867347323267, 6.55277922024353, 6.551641812835104, 6.550415159455496, 6.54932499911969, 6.5482394709316445, 6.546959302423168, 6.5461491611359515, 6.54503217379079, 6.544062573631064, 6.543066731244053, 6.541988843387942, 6.540596679924133, 6.539999133951341, 6.538854396577659, 6.537933759861196, 6.5367532424634085, 6.535993133223162, 6.535248226101756, 6.534050945398206, 6.5333609256283385, 6.532493103195449, 6.531671357322559, 6.530775482245672, 6.530147423890224, 6.529211562589979, 6.528336936409307, 6.52732775649421, 6.526709100039355, 6.52583939972408, 6.5250476592837465, 6.5242250660454095, 6.523310136010708, 6.522873529600951, 6.5219393643885, 6.5212659672673565, 6.520340846896906, 6.519771578255324, 6.518987550001326, 6.518276891858057, 6.517595078937129, 6.516804718744354, 6.5160854536488, 6.515430908411127, 6.514828933931773, 6.514157054948826, 6.513454699679806, 6.512915152290978, 6.51194919623136, 6.511418168579239, 6.510821840718839, 6.510088233966064, 6.509421959727377, 6.508795272029548, 6.508116273744622, 6.507692084543276, 6.506924112778074, 6.506423432253987, 6.505834351502859, 6.505081269326893, 6.504441931587826, 6.503859600339982, 6.503215106485199, 6.502629373652809, 6.502089693060724, 6.501623575857732, 6.500722388082013, 6.500170246368365, 6.49963807320594, 6.4991452821316384, 6.498652195099723, 6.497928274850111, 6.4972498298047725, 6.496830841921445, 6.496226346733101, 6.495611215027558, 6.494972245120525, 6.494558457763373, 6.49383275728757, 6.4933484901523455, 6.492926955694158, 6.492326425171626, 6.491799578511168, 6.491237993600212, 6.490757055760084, 6.490044453069431, 6.489788417913446, 6.489074060390658, 6.488548091304384, 6.488033564175411, 6.487643182015298, 6.486877572034689, 6.486269116368288, 6.485858703216516, 6.485456853357295, 6.4847172095491805, 6.4843985743291475, 6.483813282115673, 6.483130038017432, 6.482782303121767, 6.482087101768355, 6.481785675435106, 6.481030228102492, 6.480449773144198, 6.47999911595629, 6.479414052144377, 6.478907966874089, 6.478522231817638, 6.4781333041344205, 6.477352610549243, 6.477001924079724, 6.476594459431195, 6.475856284120977, 6.475589530254059, 6.474972392506453, 6.474299247525141, 6.474012443958272, 6.52827819954402, 6.898673871332801, 6.489505420603617, 6.601592428642544, 6.670858759262313, 6.473553045887238, 6.4871171096031155, 6.593240728651637, 6.543421202405432, 6.44367536525717, 6.462078875917234, 6.52763596616227, 6.493291235338142, 6.431712057583749, 6.445877731095404, 6.484830592297937, 6.467932322508151, 6.424194500693107, 6.423217181912156, 6.45118875589522, 6.444274282865707, 6.413486601402017, 6.411238991655465, 6.428912350153779, 6.424702258677752, 6.402768296435548, 6.398279278203182, 6.409751051819617, 6.405773899028481, 6.389875284713567, 6.388121957326174, 6.394852793800009, 6.389290808190783, 6.377771291788192, 6.376982165961382, 6.380045105423725, 6.3733179515908285, 6.36558584217828, 6.366366532181974, 6.365874654138692, 6.358603616184743, 6.354011138133997, 6.354393592169094, 6.350971331604549, 6.34467990947997, 6.342769799022235, 6.341332405600249, 6.336240603238448, 6.331986196723321, 6.330530789337791, 6.326973049767779, 6.322108077567546, 6.31964046043978, 6.316992020087489, 6.312396715772527, 6.308887562605469, 6.306206601964157, 6.3019973488852745, 6.298136349509494, 6.295325589626909, 6.291488646160631, 6.287346429078624, 6.284187064169512, 6.280558624703718, 6.276313499634199, 6.272770802141751, 6.269068582352198, 6.264995212171286, 6.261221813677065, 6.257530195363623, 6.253283347982674, 6.249506699672794, 6.245487306670225, 6.241442931159162, 6.237419395953378, 6.233381912814872, 6.229134307219738, 6.225148144241512, 6.221105133570005, 6.216890398951263, 6.212773056494647, 6.208625907589293, 6.204304703003739, 6.200478830132758, 6.196016957378618, 6.191674031425177, 6.187631454198563, 6.1833491362176405, 6.178949251617181, 6.174803648110774, 6.1705080848225435, 6.166274829264082, 6.1620304092536, 6.157691033585366, 6.153427804982885, 6.149207917694088, 6.1448296059345555, 6.140523384358243, 6.136120144041627, 6.131691794479493, 6.127358215962945, 6.123055592857011, 6.118620870519536, 6.1142581102636395, 6.10981991635926, 6.1053675326858645, 6.100691162189684, 6.096328474529186, 6.091662940824604, 6.087190096273691, 6.082583005468342, 6.077816726395756, 6.073285506078924, 6.068644793783852, 6.063815791140359, 6.059059740022448, 6.054225807968873, 6.0496513799548755, 6.044632882514308, 6.0397925156003796, 6.034870009787144, 6.029696388651012, 6.024970103542299, 6.019939781643203, 6.014985814616944, 6.009873448505564, 6.004739626523972, 5.999583008486027, 5.994348285892678, 5.989175992164475, 5.983974840065815, 5.978642090800719, 5.973244904902808, 5.967871680487522, 5.962480223176609, 5.957112612549874, 5.951537660166804, 5.945872171016775, 5.940377528356339, 5.934674051026531, 5.928898135562145, 5.923156021467935, 5.916286054418827, 5.911350656979973, 5.9052727596385015, 5.899077389489133, 5.8908038591969385, 5.886410731389313, 5.880152914186038, 5.873736281640044, 5.867222467444813, 5.860808329813781, 5.854381361907358, 5.8479102585671905, 5.841354270096207, 5.834711351595633, 5.828103456462617, 5.821396012591086, 5.814653676471083, 5.80781198033904, 5.801036822123995, 5.794098464752602, 5.787275069254469, 5.780358704249029, 5.77309046678088, 5.766100080067232, 5.758955831553831, 5.7517824736162, 5.74449085196842, 5.737079871832388, 5.72977749114319, 5.722406318799291, 5.714972997994595, 5.707418230157247, 5.699815207197968, 5.692376004107537, 5.684612821192958, 5.676889904617543, 5.669122489925012, 5.661146800523528, 5.65330438027932, 5.645395364775519, 5.637269714802027, 5.629245408548184, 5.62107309061795, 5.612746650512678, 5.6046026231424, 5.596345177368803, 5.588003097134044, 5.579373768177468, 5.57106677869352, 5.562455565076574, 5.553890226645591, 5.5450501460383625, 5.536394759704773, 5.527557783954872, 5.518555733310797, 5.50972566612172, 5.5005748540894235, 5.491576206371435, 5.482497021217962, 5.473118535838142, 5.463888100513766, 5.454574295310745, 5.445169495759665, 5.435786576409903, 5.426118867524506, 5.416749684980721, 5.406825764337905, 5.3971105139550355, 5.387200597850687, 5.377323643495443, 5.367500591324771, 5.357362937691765, 5.346291359090333, 5.337200677564291, 5.32687612221843, 5.3165261256336755, 5.306156207089228, 5.2957255323165375, 5.285134194818847, 5.274628202593895, 5.263941738139726, 5.253121407939518, 5.242501791506414, 5.231632442695252, 5.2205661033041535, 5.209577675514924, 5.198732073597025, 5.187301044289938, 5.176072478426119, 5.164862578302149, 5.153479576945333, 5.1422897142241535, 5.130673091769825, 5.1190385436977754, 5.1075376177179015, 5.095804317793196, 5.084120027153773, 5.07232370118674, 5.060475116357282, 5.048439174573182, 5.036512685017578, 5.024279620270163, 5.012235594790059, 5.000103204692443, 4.987958546413346, 4.97550585119878, 4.963286801802041, 4.950970103796885, 4.939202816068496, 4.927830223062113, 4.919738854751116, 4.921870146653598, 4.950515622566167, 5.045536823962204, 5.0548444669762125, 4.9427350255208715, 4.850692171186854, 4.959710096466745, 4.94112975188423, 4.819005661815624, 4.926515355799408, 4.8792085259304905, 4.8030353754770445, 4.899426980004628, 4.801089347623619, 4.80630192084374, 4.826901069980081, 4.747299836558818, 4.796119222150703, 4.744572717018923, 4.743390165508712, 4.751738034061424, 4.706156763162858, 4.735989877371967, 4.698396174527243, 4.694642293939044, 4.6965606342475485, 4.66349951855079, 4.6764425314664, 4.652015617408034, 4.6459731598469505, 4.645140609016168, 4.621746285155743, 4.626870657833901, 4.610869941518425, 4.599893029864273, 4.599583966085975, 4.580891007579655, 4.577366393992532, 4.569686255160255, 4.555189028071255, 4.552765933100606, 4.541264384160185, 4.530926430689251, 4.526604453003262, 4.514445457857662, 4.5068650806977155, 4.5005077098349675, 4.48891701924127, 4.481803513586032, 4.474626305738459, 4.463908035116193, 4.456695739286354, 4.4491894067513345, 4.439065808128934, 4.431476813810283, 4.4240461645248725, 4.414330339382975, 4.406511790121252, 4.3988960701031345, 4.389791800834811, 4.381054273120398, 4.37377531455528, 4.365202207785025, 4.3561541874923835, 4.348177396725996, 4.3404386157875425, 4.331733649217349, 4.323263762618234, 4.315330634048382, 4.307519349493112, 4.298785034675105, 4.290405161990545, 4.282383572751277, 4.274300710279497, 4.265913780825243, 4.257637681226736, 4.249411452654028, 4.241310645334046, 4.233133428962237, 4.224941971695014, 4.216491901473488, 4.208506974402094, 4.200351297703262, 4.192354120919642, 4.184045845411722, 4.175904347523395, 4.168042471033613, 4.159582778594243, 4.151714185895193, 4.143717846357098, 4.135321934160433, 4.127505302030893, 4.119198859780384, 4.111465714761308, 4.103411303566778, 4.095182661922454, 4.087650332561602, 4.079734354271064, 4.072617341632724, 4.066962865470721, 4.0638781632993375, 4.069348764284421, 4.087614509156419, 4.152930225448768, 4.189838693233693, 4.248050091688174, 4.070067275154252, 4.008739268000972, 4.100928020638416, 4.101652562831229, 4.033691176650608, 3.9836925309641344, 4.050873113395276, 4.081529162391335, 3.970906840970942, 3.991865086899487, 4.050844780839965, 3.9609883475054777, 3.9502096876039854, 4.00056901694616, 3.9415903109677157, 3.9266404117671856, 3.9632888623247995, 3.924371658752381, 3.9025918492080454, 3.9230036565488318, 3.9056905427058366, 3.88173149478848, 3.88893508812712, 3.8857364856448444, 3.8660435737797685, 3.862403864755477, 3.864741356038745, 3.8539678513749185, 3.8416120423091367, 3.842589624175172, 3.8398157318116093, 3.8259691261843303, 3.8195441663566667, 3.8196083221368737, 3.811813269391314, 3.8011373007841955, 3.7966218560945806, 3.794116149871074, 3.7870121545823974, 3.7781333719983254, 3.773071936566881, 3.7697589584688647, 3.7631850312720716, 3.755489780353699, 3.749738458799889, 3.7450986486962035, 3.7400961448897068, 3.7332602242388337, 3.7265573853378773, 3.721022328680586, 3.71641005150201, 3.710868479101499, 3.704634991014579, 3.6984355613555766, 3.6927184608334684, 3.687035124197969, 3.6817532792477228, 3.676471524239619, 3.6706561876491963, 3.6655501908362678, 3.6591110884529185, 3.653024430336046, 3.6474307195134745, 3.641775464889561, 3.6360820257272497, 3.6309167370071447, 3.6253386185958134, 3.61995590974427, 3.6146504212073514, 3.6098289447604603, 3.6054716935888482, 3.602523395916228, 3.601905382098916, 3.6088972117621, 3.6220623381313573, 3.675699353514523, 3.700420865544088, 3.811542948272081, 3.666073977280661, 3.575814220288514, 3.556564091452309, 3.60573039040157, 3.694745348915559, 3.5969028187009915, 3.5319997044776015, 3.565183883341884, 3.598002656009166, 3.630353326886417, 3.526695069858377, 3.5440241867325053, 3.649320253971055, 3.5862820389285246, 3.516003024921297, 3.508135606771029, 3.577578501344776, 3.6265482183317066, 3.514708614674545, 3.517843358256315, 3.648584887106514, 3.5175814693837313, 3.4748072811941166, 3.5150252899875913, 3.4905443138699823, 3.4589797216082148, 3.450790678194453, 3.471160578432361, 3.456453832897432, 3.434101337480357, 3.443618837573321, 3.456410598989187, 3.432704124154385, 3.4171634481289046, 3.4340420153055065, 3.4269233994351014, 3.412229128750641, 3.402220782593616, 3.4073127053111993, 3.4124097441141843, 3.3940409508115934, 3.385469194377734, 3.3856952220404946, 3.386607600910578, 3.380131197541912, 3.36888300334533, 3.3648609223722703, 3.365065468920534, 3.3629418135188107, 3.3554620565472324, 3.348315697183419, 3.343554539582805, 3.342887427654851, 3.3398647246908326, 3.334953607005049, 3.328450473363991, 3.3227444450056187, 3.3204305300277253, 3.3178781774044968, 3.315183705776515, 3.309950647030981, 3.304301112942834, 3.299491445497, 7.648481108838828, 3.8352892256994, 7.3437671842674455, 4.169002120710068, 3.5303742084141585, 4.909826185616345, 5.407499135809714, 4.651715566168111, 3.587861242491125, 3.394342275966858, 4.301322088941327, 4.427454375030359, 3.6634902867588846, 3.3719922166422402, 3.6405601292335916, 3.95814086822771, 3.9369580234702437, 3.602442172784396, 3.322975395485967, 3.4616052103127073, 3.7103736481158176, 3.5535758093882737, 3.347642219589699, 3.377388427686755, 3.507805882145247, 3.554742986434343, 3.4563962296895387, 3.315540959558892, 3.3097238496799872, 3.4416901698827753, 3.437268856568574, 3.3102202224973323, 3.2908025158098315, 3.3593007493058678, 3.3936285439986293, 3.352007609774803, 3.293611527852046, 3.294630347838972, 3.338543652266195, 3.3309454513090824, 3.28602436508279, 3.2867939167892435, 3.3147196455821, 3.3123513080585543, 3.2828390909817062, 3.2729710023432066, 3.2933773091894136, 3.29914360555605, 3.276403799952439, 3.266313010467961, 3.279377226556092, 3.284989501446223, 3.2717887465982414, 3.262591871613648, 3.2697712762533375, 3.2726423692595716, 3.2633050430170716, 3.259195356349349, 3.2638571384873454, 3.263889360577902, 3.2565560240638645, 3.2540978089434187, 3.257989925586327, 3.256272402838221, 3.250293013604173, 3.249824971572016, 3.2518490577840153, 3.2493991831956763, 3.245533386099339, 3.245436890076664, 3.246016959673659, 3.2432571358597015, 3.2409051122838406, 3.2415608326582643, 3.2402517386515424, 3.2376596221578424, 3.2368663316305972, 3.236679959410864, 3.2343406658480287, 3.2326296782580473, 3.232021428413557, 3.231355487614556, 3.229018794374161, 3.2279552829254743, 3.2275390878463344, 3.225870195324674, 3.224360104568345, 3.223665036471147, 3.2222276355568735, 3.2205939320276613, 3.219742916054631, 3.2187024936812008, 3.2171666424677197, 3.215738894839532, 3.214777790792165, 3.21327927493746, 3.2121075966578103, 3.2109291112879883, 3.2096561356675335, 3.2082292544000683, 3.2070425011286745, 3.2058843404791584, 3.2043712854831914, 3.203158318968505, 3.2019944890103473, 3.2004099319629757, 3.1992753592846044, 3.197855559865889, 3.196861476795847, 3.1952196214849833, 3.19394482454804, 3.19270631406784, 3.191311325970167, 3.1901573537879457, 3.1888925564323998, 3.187269020780393, 3.186107598933251, 3.184933957028313, 3.183539973537762, 3.182360766968378, 3.1810406461493557, 3.1794493439656977, 3.1781213843388234, 3.176935229842138, 3.1753850854224983, 3.174246484155858, 3.1727378808869933, 3.171508081587841, 3.1700071767033506, 3.168819613968222, 3.1675165070924836, 3.1659000739225576, 3.1647620090977155, 3.163246108433282, 3.161764000647271, 3.160471234527663, 3.1589999938714133, 3.15782898880154, 3.156232201758975, 3.1551830782501655, 3.153512682380997, 3.1520625929370043, 3.1506143849773647, 3.1492785001533306, 3.148102593980278, 3.146510922668497, 3.1452676426940953, 3.1436284775717955, 3.14222910894281, 3.141027513970772, 3.1395223657046913, 3.138186530239482, 3.1365622252185275, 3.1351398343806114, 3.133993936280564, 3.132480372100927, 3.1309876695083174, 3.1294503207130777, 3.127939055492931, 3.1264896048262134, 3.1251040911491277, 3.1238350809180857, 3.1223506096059803, 3.1207978574353947, 3.1194736744081664, 3.118025387544728, 3.1165300700832828, 3.1152177677174673, 3.1137587034589433, 3.1122152322542815, 3.110639003727084, 3.109280365833206, 3.107862911109068, 3.1063241894865525, 3.104857708698262, 3.1032919656935265, 3.1016970001802786, 3.1002347325202804, 3.0989036559448224, 3.0973263202213874, 3.0956818624474707, 3.094556079739898, 3.09305391269497, 3.0915365789351084, 3.089793959993143, 3.088297169463017, 3.086709199073867, 3.085213596823269, 3.083698089260507, 3.0825800443157463, 3.0810652366627873, 3.0794344870015875, 3.0778181614813347, 3.076265480803346, 3.0749114618204563, 3.073189018195299, 3.0716083727408146, 3.07032493577656, 3.068708963531384, 3.067136956936011, 3.065793927443009, 3.064213918063152, 3.0626250824881054, 3.0611485228040833, 3.059504618717112, 3.0578382784123503, 3.056636963956444, 3.0551194878678576, 3.053403775755845, 3.0518511534532275, 3.0503579564028116, 3.0489342707127864, 3.0472782965012355, 3.0456336292485067, 3.044193080540891, 3.042512607988085, 3.041075821902214, 3.039422428380303, 3.0379759133840554, 3.036294003676098, 3.034759568305498, 3.0332624884834716, 3.0315247840439583, 3.0300485682610296, 3.028495049746452, 3.0268350585390817, 3.0251867106640944, 3.0236614826769763, 3.022178173415313, 3.0203142924524755, 3.019084351389694, 3.0173960121636445, 3.0158579741994185, 3.0140747713861344, 3.012458813243249, 3.010893271712264, 3.009480864026246, 3.0078841686055937, 3.006247960209112, 3.0046073157864495, 3.003107426585722, 3.001170311620507, 2.9999641082008237, 2.998191413031381, 2.9968475294380967, 2.995028404581929, 2.9933572281319756, 2.9919525754067546, 2.990188580368993, 2.9887068656795948, 2.9870333038284556, 2.9855086480713084, 2.9838988602160854, 2.982188406743532, 2.9806706921652806, 2.978888982430646, 2.9773867533503773, 2.975711322252252, 2.974057661824088, 2.9723592396904963, 2.971075417779362, 2.9691422315171034, 2.9676644710679794, 2.9660077515564, 2.964277983774977, 2.9627639362970757, 2.9610615341376203, 2.9593539216454285, 2.9579306137340264, 2.9562472919889498, 2.954451683424563, 2.9531424845354333, 2.9513484462282147, 2.9497040881926098, 2.9479884899224187, 2.946164118342541, 2.9448268785186644, 2.943104895443493, 2.9414785547107245, 2.939860026946425, 2.938201212732741, 2.9365065367281544, 2.935008794354958, 2.9332913867123414, 2.93149666158687, 2.92979338903093, 2.9283846757929797, 2.9266548522338045, 2.924879360414252, 2.923328047434973, 2.9218411490648366, 2.920102602444712, 2.91846549214103, 2.9167271207839516, 2.915016490813842, 2.913455922027535, 2.9115795752704487, 2.9101738854698955, 2.9084106420179956, 2.9067037968696634, 2.9050281259067265, 2.9035119319945824, 2.901718724729689, 2.8999111780540368, 2.898340417254478, 2.896573782155247, 2.8949950435048803, 2.893506401977616, 2.8916831285027116, 2.890005811356342, 2.888359322633642, 2.8864898041358362, 2.884969880130507, 2.883154328345417, 2.881544528133832, 2.8799025016735404, 2.8782569400301097, 2.8765874380239045, 2.874883766334057, 2.873081068418213, 2.8714399011034404, 2.8696244714968775, 2.8679902181992363, 2.8663177068857624, 2.8646173604259118, 2.863092597394702, 2.8613834292016285, 2.8596966739868956, 2.8578285743747163, 2.856189305116987, 2.8547837935302596, 2.853005004264117, 2.8512816219981336, 2.8494439530933695, 2.847990657844231, 2.8460695443349597, 2.8442812449071804, 2.8426776285588335, 2.8412127749927194, 2.8392458779125835, 2.837683194174073, 2.835971089788245, 2.8343069166405064, 2.83254796994035, 2.830899663593883, 2.829160215627674, 2.8274892358819326, 2.825866836641307, 2.823856750788664, 2.8221758896687503, 2.820480591698662, 2.818782698198177, 2.8172339588773223, 2.815484288388831, 2.8139385729852977, 2.8119362101708916, 2.8103882051743967, 2.808553084639158, 2.8069833972961793, 2.8052521264359025, 2.8035217755153954, 2.8016314688828428, 2.8001232729993504, 2.798361391938732, 2.7965308024973288, 2.7948167703321665, 2.7932997152891357, 2.7915141354599644, 2.7898458622524767, 2.7880934438701908, 2.7862798662006187, 2.784644357093297, 2.782964146209571, 2.781068613877775, 2.779328288982776, 2.7776571110035033, 2.775887385380166, 2.7742933773013347, 2.7724890493687195, 2.7710489361085666, 2.7690051314751414, 2.7674297525257487, 2.765530193111472, 2.76398635479356, 2.7621773836115087, 2.760508444791057, 2.758726560699792, 2.7571444907657447, 2.755209476673135, 2.7534647525484384, 2.7519534641873107, 2.750012807729831, 2.7484939460448863, 2.7467428800045752, 2.7450061148487985, 2.7432704024916683, 2.7415679898925496, 2.739730565585422, 2.738069291987997, 2.7363320116765415, 2.7347282736423586, 2.7329334089569257, 2.7312957097442596, 2.7293146663297034, 2.7276896550907224, 2.7259227226611022, 2.7241860857476903, 2.722530806333947, 2.720791925410454, 2.7190270253688804, 2.717297300133, 2.7157099322441502, 2.7137898477930635, 2.712231737878756, 2.710324988849739, 2.708517721082277, 2.706907615952476, 2.704994363374089, 2.703416261511957, 2.7016806612878623, 2.700069819655777, 2.698215584465626, 2.6966357885533543, 2.6946069946064912, 2.692946871471295, 2.6912295422745074, 2.689521486305808, 2.687641790321898, 2.686000246627441, 2.684294092725303, 2.6824758348684337, 2.6808069156058423, 2.6788889080929668, 2.677378417087149, 2.6757004594528575, 2.67382613997244, 2.672109100464336, 2.670409813175897, 2.66864893808247, 2.666907469140319, 2.665227992704299, 2.663452744521342, 2.6617395928288543, 2.660024705182775, 2.6582440751984664, 2.656394401709305, 2.654816012188485, 2.6528414972739087, 2.6511539278139127, 2.64939933205794, 2.64764470996284, 2.64601090815827, 2.644234491650624, 2.6425429100700732, 2.640697037831527, 2.639058994045963, 2.637212467322211, 2.635553212967739, 2.633842045815548, 2.632186891306379, 2.6303000839855484, 2.628695559400325, 2.6270441514428984, 2.625417368232715, 2.623880214521446, 2.6227168810225314, 2.6222523236238273, 2.622341629048678, 2.626499859618318, 2.632472965916395, 2.6616622465772517, 2.6760816467138433, 2.800342797328189, 2.708457601642985, 2.755679272350874, 2.6440037837195183, 2.611987760607412, 2.602561796894921, 2.6100118836343826, 2.6409882897883894, 2.655709857776038, 2.738111928874952, 2.66260436738894, 2.669143659809951, 2.6160574832309256, 2.5982005116703792, 2.5887527048891905, 2.588022777980034, 2.5941434993207326, 2.603119828859694, 2.631758329466109, 2.6301681514466932, 2.6825682858143645, 2.635981089570218, 2.649987197266207, 2.603464917193407, 2.5897675711543777, 2.576668556953542, 2.5709880937559366]