Model Setup for Atypical Patient 12:
ITERS=1000
LEARNING_RATE=0.001
OPT_RESET=500
ATOL=1e-09
RTOL=1e-07
METHOD=dopri5
Input channels=2
Hidden channels=11
Output channels=2
Runtime=231.10143113136292
Optimizer=Adam (
Parameter Group 0
    amsgrad: False
    betas: (0.9, 0.999)
    capturable: False
    differentiable: False
    eps: 1e-08
    foreach: None
    fused: None
    lr: 0.001
    maximize: False
    weight_decay: 0
)Loss over time=[2248.2030639216173, 2169.43739169771, 2115.4883735506505, 2072.2670834380588, 2035.3203145397829, 2003.1349985283312, 1975.117032679915, 1950.1741637639498, 1927.2610325971943, 1905.9338706740573, 1885.8300681990838, 1866.6944630026335, 1848.3911388235144, 1830.7570252061216, 1813.682970475379, 1797.0978566631086, 1780.9544172492863, 1765.213435904502, 1749.8468373599937, 1734.7479216819695, 1719.9148678856945, 1705.296775540761, 1690.8759554683745, 1676.5060598058612, 1662.2086520476898, 1647.8607059247508, 1633.4554659956311, 1619.0879477170645, 1604.8936256208135, 1590.876667793356, 1576.9449724969234, 1563.1894924498129, 1549.5643848051993, 1536.0601132016586, 1522.6492122217496, 1509.2921595557307, 1496.041263206258, 1482.9492494875935, 1469.9556624842587, 1457.0918576244776, 1444.3300213730297, 1431.8122749442664, 1419.5463470442119, 1407.4749072163004, 1395.6321407193345, 1383.9852666715997, 1372.5179204061353, 1361.184771241774, 1350.080290770826, 1339.1171964629686, 1328.2903642855028, 1317.6004772949054, 1307.051229832401, 1296.6371113877576, 1286.3345851935003, 1276.1463971044789, 1266.0598241454709, 1256.1097718292765, 1246.2299690949876, 1236.4720324156908, 1226.7932520110278, 1217.222785786623, 1207.7297502732654, 1198.3149266053688, 1188.9685688351185, 1179.7069000489885, 1170.5176410269787, 1161.3882982553127, 1152.3357025378168, 1143.3310365077352, 1134.4088477782834, 1125.5176324363745, 1116.7025570475598, 1107.9414518561382, 1099.2276101542147, 1090.5376137498286, 1081.938087155881, 1073.347026418793, 1064.8299407708946, 1056.3377518076156, 1047.8860266125214, 1039.491109219156, 1031.1214000401933, 1022.8172950810437, 1014.5078007155058, 1006.2651164613828, 998.045054965969, 989.8517088900105, 981.670881307336, 973.5406853558293, 965.4342450339523, 957.3329104214906, 949.2666780708615, 941.2273174301919, 933.2041637209331, 925.208221023844, 917.2348049066616, 909.2716518136754, 901.3271154982679, 893.3977703113229, 885.4734195533082, 877.5731344711007, 869.67342607695, 861.7949678591532, 853.9195948399647, 846.0601876291082, 838.1865674220912, 830.3238318649685, 822.4831865407399, 814.6539367383252, 806.8220523375348, 799.0074332470896, 791.1736509630814, 783.3403099805113, 775.5379968665122, 767.7115738140059, 759.8835105825823, 752.0683313756691, 744.2238352904434, 736.3763058531584, 728.506848130158, 720.6380627745365, 712.7482805911812, 704.8478074378513, 696.9450765344912, 689.0020512968586, 681.045578117546, 673.0896700996823, 665.1006722561071, 657.1263537573576, 649.1291492087262, 641.1271781462475, 633.0916055298129, 625.0436133093051, 616.9834966681749, 608.8933136860277, 600.7833495662261, 592.6487930541789, 584.4694013526833, 576.2628614976574, 568.0169211797507, 559.7166806047811, 551.3930266917715, 543.0511409691691, 534.702799531973, 526.3264989121705, 517.9416842918642, 509.52627617568146, 501.07286137948574, 492.60446431110324, 484.1077675268041, 475.5753350393343, 467.0119708277038, 458.41947407924306, 449.845206707712, 441.3036230802756, 432.7696261190828, 424.25052833772713, 415.73885820385675, 407.23615100920637, 398.73736801333126, 390.2321489705704, 381.7687932342855, 373.4002128008353, 365.1480152015404, 357.0011052654841, 348.98277112934323, 341.06487778445813, 333.2592519744912, 325.54713620182514, 317.941914343536, 310.4239235578802, 303.0034112730205, 295.67396862279907, 288.41543412120313, 281.238619122753, 274.140376881695, 267.11216225660917, 260.0127361215775, 252.90035787931131, 245.95248428043288, 239.14707277568905, 232.45205159007938, 225.8836016653425, 219.41837073135096, 213.06200543544475, 206.78753285886623, 200.64046874797694, 194.62136885836054, 188.73202522262406, 182.95404387256178, 177.28063453932756, 171.71973637223343, 166.26027010346573, 160.92224073181245, 155.77581318661626, 150.80757318808017, 146.00787413053612, 141.3751801526355, 136.91020300364218, 132.5986793862591, 128.4514401425563, 124.4338205472061, 120.56676125364976, 116.82498099131962, 113.22922226766208, 109.75433044284397, 106.40257419046446, 103.17103869962396, 100.0571338257501, 97.05579320419416, 94.1561291664391, 91.36390730432078, 88.66829805212988, 86.07233608873253, 83.57538283580192, 81.16547154780423, 78.84653084371722, 76.60560620485923, 74.4500095086592, 72.37145834234556, 70.37097489088279, 68.44585962163978, 66.58668648366252, 64.79660500146132, 63.080926626204615, 61.418718571520934, 59.82545080406009, 58.28858229709706, 56.80825301287459, 55.38390678095414, 54.00856177477317, 52.689586981694156, 51.419370875052046, 50.19287445085718, 49.01395338090158, 47.87950671886463, 46.78675852194017, 45.73444699534624, 44.720477575718206, 43.7448225725446, 42.80455751836373, 41.9004021285109, 41.028700204126125, 40.18901744850553, 39.382484128249395, 38.60870522841544, 37.86183695270721, 37.142102366254306, 36.45131136222944, 35.78703533374477, 35.14619254679901, 34.53170629183017, 33.93892251869715, 33.37383691183716, 32.83302606921618, 32.31106946030251, 31.802748220476204, 31.30794631492705, 30.82796091031414, 30.36020298498672, 29.905533736813684, 29.46244728281058, 29.03109374712077, 28.609447185341605, 28.19912393531017, 27.79881429447438, 27.40805793516665, 27.02651752469919, 26.654183488453477, 26.290991268196798, 25.933637005688173, 25.58489637039842, 25.241429739073386, 24.90104430098412, 24.56235897680332, 24.236309359184645, 23.921226198118504, 23.617821169342175, 23.32543574397006, 23.042941219502744, 22.77045946445699, 22.507364089278575, 22.252973654396616, 22.007246146748333, 21.768907316554724, 21.539150864525865, 21.316221163476953, 21.10066117561628, 20.89183442029385, 20.6895195887817, 20.493664152555624, 20.302985233892034, 20.11821249450873, 19.938641723984542, 19.764550250020935, 19.595124042530436, 19.43027210097119, 19.27011439660856, 19.113401773385387, 18.962066272785066, 18.813826999491656, 18.669815624972735, 18.528574850131083, 18.391296639398206, 18.257335143692803, 18.12643756630416, 17.998600682218548, 17.87362196684411, 17.75145264238177, 17.631614091104908, 17.514013687707976, 17.399751733346264, 17.28769582875791, 17.17744481444151, 17.069678683059266, 16.963723897110714, 16.859751181938634, 16.75769625947353, 16.6573657958771, 16.558840232718094, 16.462241158835162, 16.36702263393641, 16.273459620847685, 16.18155763782496, 16.090884194078576, 16.001830655523044, 15.914090309491293, 15.827645633549231, 15.74210137891406, 15.658165035302376, 15.575746628687602, 15.493541521413777, 15.413482279172824, 15.333956577918691, 15.255690777620833, 15.178398839122671, 15.10177323904068, 15.026485417644398, 14.951729492881288, 14.878375375469279, 14.805775968840031, 14.733717601262764, 14.662965893495048, 14.592544072777883, 14.523095775856394, 14.454533428711937, 14.386755729169751, 14.319499461880149, 14.253000280463626, 14.187451334068628, 14.122176176670287, 14.057712358906072, 13.994123587871945, 13.9311315130324, 13.868585954197902, 13.806858997095025, 13.745624769747002, 13.684907217997564, 13.624994344205293, 13.565523423084114, 13.506676702730173, 13.448323346771444, 13.390427861791478, 13.332872274695525, 13.276433279629801, 13.220319714442677, 13.164755321468645, 13.109749849476357, 13.055249410804384, 13.001247681862367, 12.947815436978077, 12.894854342370769, 12.842276096448613, 12.790454668041038, 12.739102479623114, 12.688102976740337, 12.637547100485103, 12.587623980873854, 12.538088904829527, 12.48890627219978, 12.440327763084467, 12.392149111322794, 12.344416721127896, 12.297106294246085, 12.250217011200112, 12.203834119900106, 12.15776237791308, 12.112134842013207, 12.067028203236752, 12.022196811163367, 11.977806992705894, 11.933847980555784, 11.890301459289786, 11.847145958458576, 11.804248923062401, 11.761872128074566, 11.719816507749117, 11.678169337361076, 11.636828790006204, 11.595937677968212, 11.55535388361529, 11.515201605907013, 11.475341026179091, 11.435832620606124, 11.396677733199146, 11.357833278331974, 11.31930397323781, 11.28117245527986, 11.24330307465167, 11.205772376017363, 11.168570788308216, 11.131678341818846, 11.095103849608579, 11.058708067791583, 11.022876624209859, 10.986986286868337, 10.951666737128134, 10.916683243412775, 10.88184577861376, 10.847409463708372, 10.813141131842483, 10.779254106474916, 10.745625527674159, 10.712317659126791, 10.679248781674243, 10.646468341768616, 10.613930802568166, 10.581643037734045, 10.549567700538839, 10.51796244547049, 10.486590828782726, 10.455342947461371, 10.424458116880409, 10.393779752297785, 10.363420453756747, 10.333247005088678, 10.303359557590836, 10.273723970498228, 10.244329663259121, 10.21522603624298, 10.18623803666823, 10.15767468095921, 10.129235692092944, 10.101047225375954, 10.073113253561074, 10.045417078653667, 10.017967087998992, 9.990754825380831, 9.963630897306627, 9.936930103517412, 9.910339783473018, 9.883992391672578, 9.857887483922191, 9.832049731532848, 9.806278242766627, 9.780835480904999, 9.755528217651811, 9.730474864269242, 9.70552323711395, 9.680778373355725, 9.656341115701638, 9.63207416573279, 9.607947057843957, 9.584063685476277, 9.56035930872397, 9.536905046192162, 9.513547617876768, 9.490409152270777, 9.467475711378718, 9.444653368162717, 9.422027903991031, 9.399655564183227, 9.377458197759383, 9.35538258942974, 9.33349914654701, 9.311831242404478, 9.29026648862116, 9.268957226786258, 9.247832352292239, 9.2268604746913, 9.205986360659407, 9.185299717716985, 9.164829244394555, 9.1444667996825, 9.124287390993818, 9.104295491643335, 9.08448508775684, 9.064884171174793, 9.04532084174361, 9.025992155329114, 9.00677514948213, 8.987743881292893, 8.968773119136209, 8.95011985792844, 8.931500266148246, 8.913045949540539, 8.89481121032588, 8.876670227102107, 8.85866090182026, 8.840856823150945, 7.3344880993785315, 6.99992744782798, 7.030453984465512, 6.78070104786787, 7.126718719299465, 7.01595337166996, 7.12056914015113, 7.086081236294858, 6.927974144350075, 6.951100991025455, 6.794436916437413, 6.735217771494769, 6.7570381278902625, 6.680662563432912, 6.7404979603993675, 6.766482863589558, 6.747948246543563, 6.806436510504711, 6.774897564970383, 6.754569768801809, 6.756911340007725, 6.699620508473675, 6.693394529241328, 6.6835804014577285, 6.660247292587939, 6.683733789774985, 6.679881596643363, 6.6836618655261955, 6.700405781382364, 6.6856909481426365, 6.688254377971345, 6.679903766306088, 6.662689116071743, 6.663843364268953, 6.650923148029249, 6.651726680041036, 6.654552911783116, 6.651256458110759, 6.659160046065316, 6.654608254465112, 6.655308950967679, 6.652155489303539, 6.645472506019801, 6.644792590502029, 6.638318102077355, 6.639400919191657, 6.637468708362317, 6.637728559628989, 6.638652634144103, 6.636493492459056, 6.6369914273646495, 6.633219446978049, 6.632312697693072, 6.629168310212044, 6.627818012564683, 6.626573093576123, 6.625368274511573, 6.625305507709836, 6.623813434726122, 6.623539935649044, 6.6214213704188065, 6.620501969772386, 6.618274431707568, 6.617220227199246, 6.615525780572326, 6.61466688650198, 6.613469908342709, 6.612552459462205, 6.611375488283921, 6.610112557050821, 6.608762020178603, 6.6072889070994165, 6.6059685498210206, 6.604583932226398, 6.6034309570059255, 6.602179440114806, 6.601068346738719, 6.599772506779672, 6.59853940381399, 6.597149303592129, 6.595832872286409, 6.594456046415664, 6.59316875902094, 6.5918725585210804, 6.5906138446236495, 6.589334778025693, 6.588024821895675, 6.5867078769847645, 6.585337599384954, 6.584002481849706, 6.582620367761848, 6.581311817023498, 6.57994887510101, 6.57864338359828, 6.577273061946587, 6.575936207664151, 6.574546417442256, 6.573178730014956, 6.571787538478113, 6.570409414315691, 6.569035853854618, 6.567645004517848, 6.566268653851671, 6.5648632392294894, 6.563468019144285, 6.562050085147348, 6.560635849203166, 6.559215038575808, 6.557797986041862, 6.556376928535027, 6.554944961877291, 6.553516002261502, 6.5520741582443796, 6.550632443026603, 6.54917564403205, 6.547720892610224, 6.546266067649273, 6.5448022683439255, 6.543338631512007, 6.54186537385219, 6.5403887974361306, 6.538907439455801, 6.537419728070852, 6.535930799513491, 6.534435042749209, 6.532936100824116, 6.5314333387952805, 6.5299233517394075, 6.528410032121372, 6.526891176368403, 6.525367359939543, 6.523836501753132, 6.5223069972921985, 6.520770551471883, 6.519225768599739, 6.517679725088288, 6.516128790582124, 6.514574046363535, 6.513013447611715, 6.511446938337603, 6.50987757371719, 6.508303243810101, 6.506723301497114, 6.50513791891006, 6.503547927761063, 6.501953152285309, 6.500353039362502, 6.498748230988512, 6.497138457706364, 6.495523273934404, 6.493903088317518, 6.492277764330871, 6.49064679759347, 6.489010161601517, 6.487367913883352, 6.48572249938642, 6.484068805532115, 6.4824117590203, 6.480752215118628, 6.479084821817884, 6.477412322091934, 6.475738393801862, 6.474047014181261, 6.47235456339229, 6.470659906506541, 6.468961007449068, 6.467259909007385, 6.465548150721273, 6.463823981209877, 6.462098114433428, 6.460371490297831, 6.458631423764103, 6.4568885385542245, 6.4551402810273455, 6.45338206136715, 6.451620897019518, 6.449851454335945, 6.448079336575662, 6.446299666089715, 6.444513716852509, 6.442717852479541, 6.440927780059747, 6.439112747570914, 6.43729489318306, 6.435473653579189, 6.433645594176306, 6.431806803809741, 6.429966766310824, 6.428118960218671, 6.4262657386158475, 6.4243950256417, 6.422522006187663, 6.4206480019298455, 6.418754372630699, 6.416859374499716, 6.414958389638613, 6.413052513109045, 6.4111294058652994, 6.409201656086642, 6.407250198914993, 6.4053157177987705, 6.403360730547828, 6.401396877619067, 6.39942378092812, 6.39744162902318, 6.395450395473163, 6.3934498155894115, 6.391439563136475, 6.389421016050047, 6.387383472384189, 6.385348883333592, 6.383301663577527, 6.381236532240874, 6.379172707715281, 6.377091704724901, 6.374998070928904, 6.372903839404251, 6.3707874555421595, 6.36866888741755, 6.3665266371603675, 6.364379235567032, 6.3622169897710386, 6.360050501491477, 6.357867106034657, 6.355677867794584, 6.353468889453857, 6.351248731488405, 6.349011284123889, 6.346753254968356, 6.344503239233074, 6.342229883839331, 6.339947245728005, 6.337638985195377, 6.335326708324374, 6.332989087163736, 6.33063466806177, 6.328284452482828, 6.325905767778369, 6.32351380478675, 6.321113139365405, 6.318679079802127, 6.316245591457352, 6.313790437146218, 6.311313804446908, 6.308807180332093, 6.306312548786574, 6.30378882243108, 6.301239322338092, 6.29866955679397, 6.296086303326399, 6.293482395608373, 6.290866410554781, 6.288211858539139, 6.285545285081025, 6.28285858008868, 6.280162069454743, 6.277423727644569, 6.274680482491817, 6.271915246144144, 6.2691249278109495, 6.266289595656288, 6.263454643751223, 6.260600099648507, 6.25770383964725, 6.254794256323771, 6.251852466388969, 6.248892562590899, 6.24589760328522, 6.242859859883016, 6.239818231726895, 6.236751924031785, 6.233640493314832, 6.230509905869585, 6.227346928864233, 6.2241509314857515, 6.220925855610232, 6.217678556598466, 6.214392165444053, 6.211063601757396, 6.207718233759772, 6.204324229229408, 6.200908498855495, 6.197452508166943, 6.1939589780605955, 6.190411176916045, 6.186863727587067, 6.183251698504008, 6.1796027184897175, 6.175931694459396, 6.172196540147848, 6.168439126437385, 6.164632440015782, 6.160790954770951, 6.156893069804325, 6.152963420450484, 6.148983157072586, 6.144957639001, 6.140863323251733, 6.136755961625082, 6.132584973209157, 6.128369625519269, 6.124100428195786, 6.119780544002082, 6.115391667392078, 6.110978667411349, 6.106499029654222, 6.101945181900265, 6.097366013826933, 6.0927166343878465, 6.088006402687807, 6.0832377384443115, 6.07840592048478, 6.073516391314664, 6.068556078363801, 6.063543733867306, 6.05845777953698, 6.053300957240151, 6.048093321827571, 6.042804323546338, 6.037450005702407, 6.032011992156566, 6.02652106732325, 6.02094577274386, 6.015296076367415, 6.009566488865608, 6.003762924723162, 5.997882979526096, 5.991916508829692, 5.985874764800069, 5.979744947744593, 5.973530087968714, 5.96722988139023, 5.960847895767966, 5.95436862971483, 5.947804405292456, 5.941148799409934, 5.934397674328599, 5.927559770576894, 5.92061607028007, 5.913584663599383, 5.906448623453963, 5.899209988882089, 5.8918782774675345, 5.884437500339743, 5.876897651348885, 5.86924622948047, 5.861496745706546, 5.85363243871623, 5.845662905687059, 5.837576036371673, 5.829387695814202, 5.821081420715913, 5.812659393206894, 5.804127334516448, 5.795477383553918, 5.786711339025214, 5.777827751299364, 5.768826962231737, 5.759709089062454, 5.750472353412326, 5.741116267543425, 5.731642787436955, 5.722050322524171, 5.712340151755262, 5.702512019455324, 5.692567576405184, 5.682507151933721, 5.672332245790467, 5.662043714722219, 5.651647552215047, 5.641135684765707, 5.630523852173243, 5.619802551790477, 5.608981525310249, 5.598065733198443, 5.587055307227965, 5.575944263684578, 5.564751210027046, 5.553472888448774, 5.542113499134954, 5.530665013574031, 5.519131009526254, 5.507501999363712, 5.495793741977083, 5.484021440364588, 5.472190117251494, 5.4603041111991955, 5.448370611286442, 5.436400417754073, 5.4244018803387695, 5.41238267011721, 5.400350512965902, 5.388313722910298, 5.376283090674786, 5.364269333385403, 5.352281935369273, 5.340330520094223, 5.328424802542038, 5.316574966169257, 5.304791795154932, 5.293085472184606, 5.281465430181482, 5.269941186939402, 5.258522134843388, 5.247217464485377, 5.236036228744035, 5.224987013950436, 5.2140778071236875, 5.203316172310342, 5.192709261381132, 5.182263602203293, 5.171985130625941, 5.161879289096374, 5.151951046097154, 5.142204925908526, 5.132645025388213, 5.123275010989688, 5.114098027541604, 5.105116773503746, 5.096333598256998, 5.087750507236796, 5.079369117629953, 5.071190738177406, 5.063216291631126, 5.05544639958726, 5.047881520618248, 5.040521959285081, 5.0333678529288095, 5.026411651069785, 5.01961676203301, 5.012986213666689, 5.006502134122515, 5.000154116308416, 4.993943831147177, 4.987845186133302, 4.981826109328005, 4.975852450152913, 4.9698742703994085, 4.96390054084522, 4.9578430783295335, 4.951892886575648, 4.946119946148221, 4.940591579397258, 4.935341376724452, 4.930429972860588, 4.925747222344491, 4.921362820540081, 4.917141000556236, 4.913130424161673, 4.909208721397238, 4.905345243125385, 4.901563505412479, 4.897854164334084, 4.894170489082182, 4.890618387077311, 4.887123687505954, 4.883785655068007, 4.880538519346739, 4.877390588866032, 4.874377761129149, 4.871472766661241, 4.868685889167575, 4.866048312974717, 4.863425061526458, 4.860891499412833, 4.858396560679018, 4.8559211746720665, 4.853519132073185, 4.851220981914069, 4.848809698738024, 4.84654520721542, 4.8443574000414955, 4.842174779545214, 4.839998303116156, 4.837993773612418, 4.836117701211514, 4.8341850777039035, 4.832121398710225, 4.83026382142227, 4.828322397203119, 4.826532402255492, 4.824631585994118, 4.822775145080131, 4.820882666776779, 4.819095516718789, 4.817349386614342, 4.815536975223424, 4.813728061335259, 4.811969003905869, 4.810186355961623, 4.808383614654901, 4.8065515720299645, 4.8048494353352975, 4.803086978860982, 4.801385385276254, 4.799574648137065, 4.797831841098991, 4.796061235789332, 4.79435811691177]