Model Setup for Atypical Patient 5:
ITERS=4000
LEARNING_RATE=0.001
OPT_RESET=500
ATOL=1e-09
RTOL=1e-07
METHOD=dopri5
Input channels=2
Hidden channels=11
Output channels=2
Runtime=614.0634701251984
Optimizer=Adam (
Parameter Group 0
    amsgrad: False
    betas: (0.9, 0.999)
    capturable: False
    differentiable: False
    eps: 1e-08
    foreach: None
    fused: None
    lr: 0.001
    maximize: False
    weight_decay: 0
)Loss over time=[1442.6557297575598, 1398.1622367580242, 1368.220435031409, 1344.5792863000765, 1324.6825799731398, 1307.4941792326185, 1292.550076385124, 1279.3550091808013, 1267.9643205035115, 1258.5246911453703, 1250.1090741270025, 1242.1729012458734, 1234.6487867130609, 1227.4222663507792, 1220.5500092554682, 1214.0072953641536, 1207.7471231911939, 1201.724808168972, 1195.9473802651846, 1190.4197373150357, 1185.122434080656, 1179.9455221341354, 1174.9566102822093, 1170.105023547472, 1165.3837894359456, 1160.7581806688115, 1156.268569072964, 1151.7404013839143, 1147.2039172873178, 1142.640469058189, 1138.0134347966982, 1133.4274004925358, 1128.8626805540841, 1124.4809044432775, 1120.3523067212045, 1116.4501816771265, 1112.7078250506831, 1109.1092576058252, 1105.6936224925075, 1102.3764659192993, 1099.1833123960146, 1096.1145466959533, 1093.114605998925, 1090.166367943015, 1087.3521561546129, 1084.6085551941517, 1081.873271199579, 1079.256757321553, 1076.6992086985529, 1074.1760801251671, 1071.7107359056934, 1069.3158913755747, 1066.9389301864314, 1064.6235246943536, 1062.3543507589654, 1060.1041941786116, 1057.9190633291194, 1055.7376392909784, 1053.6085523058462, 1051.4930878714338, 1049.415215862343, 1047.3761793586057, 1045.3339466525701, 1043.3146609758246, 1041.3189962046251, 1039.3384860670822, 1037.3996169769523, 1035.4436640827873, 1033.506228467468, 1031.6150603662963, 1029.7118072305232, 1027.8378451460974, 1025.970849294516, 1024.1010986048461, 1022.2778913357245, 1020.444630564596, 1018.6411434587401, 1016.8126901249681, 1015.0176010268856, 1013.2257690402929, 1011.453384951564, 1009.7066358562469, 1007.9185432152103, 1006.1789539338431, 1004.4443811712, 1002.7119300232948, 1000.9798783232621, 999.2558589447867, 997.5447208459432, 995.8494214497997, 994.129992169802, 992.4335316074884, 990.7370712652074, 989.0521697140347, 987.360754098466, 985.6707630328514, 983.9861278819856, 982.3077139293858, 980.6696515850784, 978.9577265605446, 977.2792959543575, 975.6150743643246, 973.9428785999564, 972.2835170103198, 970.6105622504773, 968.955346453802, 967.3133862779, 965.6463036019908, 963.9962717531292, 962.3392074951818, 960.7000639211165, 959.0522036822069, 957.40233314574, 955.7624893039097, 954.1236568109002, 952.5134452209059, 950.859005914415, 949.2357381108806, 947.6056751756619, 945.9860993766961, 944.3497850924662, 942.7301314355583, 941.129310023972, 939.4957897758818, 937.9038164186582, 936.2735658952132, 934.668696149002, 933.0604494492909, 931.4624705722185, 929.8604554810416, 928.2566889491662, 926.659367652738, 925.0644420557062, 923.5021028260181, 921.8950089550904, 920.2978156433911, 918.709063639535, 917.1399206757255, 915.5553931977472, 913.9774107565262, 912.404746152036, 910.8291348042359, 909.2612085204786, 907.6959907559554, 906.1280805233877, 904.5726770493948, 903.011668197961, 901.4594296277445, 899.9059074183962, 898.3629982661266, 896.8186376837028, 895.2825797358141, 893.7339436488909, 892.1990923356177, 890.66896325085, 889.1401965005665, 887.6207038677752, 886.0986720869853, 884.583484012057, 883.0825995808199, 881.564305386132, 880.0611407072379, 878.5662269928679, 877.0632179031593, 875.5607128474087, 874.0670151380716, 872.5853552394714, 871.1124736236834, 869.6394816445921, 868.1501149363546, 866.6794670213217, 865.2091310041843, 863.7368482247435, 862.3028591944766, 860.8192638851466, 859.3657284585323, 857.9110847970194, 856.4754768639664, 855.0242960096609, 853.5892639332229, 852.1485466093087, 850.7054143478773, 849.2736574759178, 847.8378450531201, 846.4188529661923, 845.009362062805, 843.5764906470395, 842.1746130294504, 840.75902533699, 839.3547504956782, 837.9478704164918, 836.5377955038625, 835.1511054575028, 833.7380300050966, 832.3592092089173, 830.9617024787987, 829.5711988488226, 828.1852077346362, 826.8044050625745, 825.4214222043342, 824.0451305149666, 822.6787880702647, 821.310984441525, 819.9499208701709, 818.5835773152077, 817.2136975384842, 815.8599201784472, 814.5166582262419, 813.1556369034527, 811.800343579357, 810.4653825419551, 809.1140513925315, 807.7660417447315, 806.4318674051473, 805.0987220842952, 803.7657284952057, 802.4515627286422, 801.1177779173784, 799.7995057843959, 798.4879108553822, 797.1589006041183, 795.8454711502305, 794.5225708175647, 793.2133322865706, 791.9917954329027, 790.6084730855026, 789.3202905206055, 788.0037038024933, 786.7064529267093, 785.4127565985717, 784.1348653715123, 782.9175717058644, 781.5561878525226, 780.2687056666149, 778.9859428369068, 777.7114403481681, 776.4491880078381, 775.1561966289191, 773.8956976412228, 772.6357733912902, 771.3709518939428, 770.0981547960135, 768.8485297058309, 767.5883460860957, 766.3411975230454, 765.0729906286125, 763.8410008826736, 762.5900614969634, 761.3309170389621, 760.106453992298, 758.8615413253142, 757.6187056971655, 756.3803594384643, 755.1537627617876, 753.9206541866816, 752.691210702023, 751.473629135819, 750.2648896790124, 749.025520181073, 747.8101719935178, 746.5940011598123, 745.3801452482202, 744.1766663409272, 742.9662498013873, 741.7617657132521, 740.5741083191587, 739.36294875514, 738.1599785918056, 736.9688770140311, 735.7880602555048, 734.5927798566064, 733.3935795000525, 732.2170857240868, 731.0296356423079, 729.8424460950158, 728.6591891778797, 727.4937082568928, 726.3166504050281, 725.1510310216822, 723.9720440377467, 722.8025049975148, 721.6356580622306, 720.4755422555924, 719.3270857174406, 718.1551110821728, 716.9984741197331, 715.8450664486844, 714.686961305195, 713.5375786036948, 712.3876171065812, 711.2444709680581, 710.1145650831122, 708.9629101714879, 707.836947776912, 706.6958131311113, 705.5551586673676, 704.4213973380533, 703.2951328123694, 702.1627268914958, 701.0408676188246, 699.9233172801229, 698.7954535608956, 697.67771355435, 696.5691311065799, 695.4496175439443, 694.3378661921347, 693.2453577550635, 692.1132156428577, 691.0119142027238, 689.909794660646, 688.8068899728471, 687.7094029909372, 686.61744661333, 685.5184535482827, 684.4284007615508, 683.3394511087349, 682.2503946710345, 681.1614527950512, 680.0760428605201, 679.0001700910466, 677.9272213504831, 676.848607679588, 675.7634211242207, 674.6974410504376, 673.6285457441456, 672.5488661821884, 671.4793231058952, 670.4282899628432, 669.3488354962063, 668.2941007540403, 667.2288147788818, 666.1830110342881, 665.1243412423286, 664.0767440230509, 663.0172321368375, 661.9831594754235, 660.9200755527465, 659.8886055034162, 658.8476782577068, 657.7982520637872, 656.7548689134762, 655.724429997839, 654.6914548312337, 653.654755481003, 652.6190254838966, 651.5996257534197, 650.5708394789636, 649.5439104106233, 648.5154102183609, 647.4987288989399, 646.4822158240711, 645.4571403755235, 644.4511378181955, 643.4318239179672, 642.4239081931318, 641.4155393569923, 640.4023949367449, 639.3930087612839, 638.3926824857057, 637.3994192265098, 636.4007918911988, 635.4031505560463, 634.3980199166853, 633.4051429451453, 632.412990831125, 631.4225476422157, 630.4376160911039, 629.453731029893, 628.4747159541635, 627.4840535112352, 626.5049468523794, 625.5246263320856, 624.552088398981, 623.5787678293534, 622.5983300306696, 621.6277235220904, 620.6575159359037, 619.6885415382641, 618.7225016175994, 617.7660767817961, 616.7998677120014, 615.8398128872121, 614.8916798236979, 613.9253026446808, 612.9725435954671, 612.0269968355758, 611.0654857317106, 610.1172877170746, 609.171732446142, 608.2245229256741, 607.2827212963621, 606.3417474280031, 605.4001923816812, 604.4615815181635, 603.5259335737918, 602.5922569374715, 601.6624020382814, 600.7423425273456, 599.8074068363271, 598.8807066601228, 597.9499149686908, 597.0282841028264, 596.1041485137529, 595.1949753900831, 594.2714426051843, 593.3593911400575, 592.4375181919045, 591.5343244163995, 590.6219960499567, 589.7102942062214, 588.7997271502114, 587.8937848255867, 586.989579093428, 586.0871065514458, 585.1863637922911, 584.2873474239874, 583.3900540594585, 582.4944074607027, 581.5997741661054, 580.7067031483583, 579.8151371989185, 578.9301987798245, 578.0435774573011, 577.1533825857008, 576.2765571248789, 575.391673321247, 574.5093969350656, 573.6301615087799, 572.7510850366765, 571.8781373961032, 571.0055546708268, 570.1356193149189, 569.2652594465467, 568.4010081123622, 567.5305040657254, 566.6612625816484, 565.7988520327635, 564.9378463306085, 564.0783138720482, 563.220292832945, 562.3633492199632, 561.5080455392938, 560.6543788753562, 559.8023461824976, 558.9519442826215, 558.1031698816524, 557.2560195804764, 556.4104898905075, 555.5683341119727, 554.7184568158116, 553.8808227159617, 553.044001986562, 552.2056589835852, 551.3739269226721, 550.5318662396243, 549.7027012789889, 548.8760366614806, 548.0372087896151, 547.2097081231609, 546.3889039431972, 545.5570518728368, 544.7361039683866, 543.9188959111394, 543.0990623928969, 542.2766724546316, 541.458750752852, 540.645042612929, 539.8357056218374, 539.0162511160389, 538.2033477471276, 537.408096863012, 536.5889555768662, 535.7897175403864, 534.9793272757538, 534.1732984203817, 533.3754849169131, 532.5879831099388, 531.775827832288, 530.9818619036035, 530.1818942199544, 529.3895403477161, 528.5977541012992, 527.8167927887326, 527.0211594102616, 526.2311885405336, 525.44858599336, 524.664702842187, 523.8812371212729, 523.0992566057377, 522.3187576549813, 521.539245275769, 520.7613577686283, 519.9869912356419, 519.2093069900527, 518.435556286786, 517.6631195178096, 516.8995757999735, 516.1311358642702, 515.3600086191635, 514.6018638614163, 513.8331414996637, 496.0472739582623, 478.5839429196736, 461.4464743883775, 444.63688759830876, 428.1703039777501, 412.0647825212489, 396.3246742303778, 380.96469578440525, 365.9952288359234, 351.42594607805063, 337.2621444651109, 323.5075782805862, 310.1696435438883, 297.24935870113535, 284.7484953856781, 272.6645520935797, 260.99649325891556, 249.74104443354025, 238.89386491794497, 228.44832415511385, 218.3973999473014, 208.73467898895944, 199.44924554857565, 190.5290626171363, 181.96802848178476, 173.7525192571671, 165.86912392848828, 158.30861363251037, 151.05521015108846, 144.10185082717862, 137.43057770126435, 131.030447643105, 124.8893013022219, 118.99210975115938, 113.32783902462228, 107.8858561455541, 102.6553515318105, 97.62330283095388, 92.77753131656772, 88.1090085138649, 83.60999034113719, 79.26912805150437, 75.0769153611236, 71.02323322784228, 67.10048226040384, 63.301779259775685, 59.61811664692116, 56.03970301952204, 52.55952498897389, 49.17353648439518, 45.86876704230849, 42.642825474833174, 39.48801704974698, 36.4023258140068, 33.38584249735655, 30.45470517703369, 27.643814606185256, 24.984389533165043, 22.48298578703884, 20.144840070794725, 17.97387642556342, 15.972673723599549, 14.142374100863531, 12.482552849526604, 10.99107420619609, 9.66395900012538, 8.495290545309484, 7.477098985271078, 6.595478573510681, 5.835879126886817, 5.182614567274045, 4.620256452010952, 4.170847454686735, 3.8648386477255356, 3.652366270806311, 3.4573855105868314, 3.2404205857251838, 2.991353221741417, 2.714995890418021, 2.4236793643508436, 2.13281466268993, 1.8563985397442198, 1.605493932889024, 1.386274846069803, 1.2090170906200155, 1.061079776711817, 0.9375528663401673, 0.8367378676687159, 0.7570653094745109, 0.6965382455476571, 0.652820804472928, 0.6232954972178099, 0.6053082497037959, 0.5961829003643818, 0.5934679374422488, 0.5951266798871042, 0.5992087850013867, 0.6042503045048379, 0.6093838305844974, 0.6138875798155066, 0.6172680028297406, 0.6194511877575523, 0.6205066405832173, 0.6205795750214628, 0.6198552610539452, 0.6184805388174345, 0.6167346662572931, 0.6147977272425558, 0.6127981549178106, 0.6108352437942994, 0.6090065537222727, 0.6073589590800688, 0.6058937448383183, 0.6045760168894856, 0.6033462817774393, 0.6021326842205993, 0.6008625672120005, 0.599472291995259, 0.5979145896405492, 0.5961630731113851, 0.5942138799069894, 0.5920847090550768, 0.589811738626877, 0.587445045702549, 0.5850432044060382, 0.58266771110188, 0.5803777986073784, 0.5782260722173177, 0.5762552502983581, 0.5744961405474007, 0.5729668454019408, 0.5716730778679208, 0.5706093881780536, 0.5697610542119343, 0.569106372468667, 0.5686190970020101, 0.5682708048991297, 0.5680330118191421, 0.5678789131295023, 0.5677846793765379, 0.5677302844637088, 0.5676998873155097, 0.5676818208209313, 0.5676682646238628, 0.567654690466971, 0.5676391714825455, 0.5676216413655865, 0.5676031776296374, 0.5675853671676959, 0.5675697941614136, 0.5675576718933651, 0.5675496228439152, 0.5675455968639253, 0.5675449060676012, 0.5675463478248091, 0.5675483838867479, 0.5675493439349065, 0.5675476251090312, 0.5675418645591666, 0.5675310689032144, 0.5675146917840599, 0.5674926577134896, 0.5674653364266212, 0.5674334765982452, 0.5673981107504211, 0.5673604444667945, 0.5673217427637102, 0.5672832249196392, 0.5672459765973831, 0.5672108851025096, 0.5671786004963407, 0.5671495223619618, 0.5671238095726074, 0.5671014086071894, 0.5670820948784453, 0.5670655211790563, 0.5670512676306138, 0.5670388883090123, 0.5670279508560522, 0.5670180666995301, 0.5670089108325889, 0.5670002313105738, 0.5669918496087344, 0.5669836536833819, 0.5669755859700234, 0.5669676286458057, 0.5669597883211387, 0.5669520819670546, 0.5669445254008337, 0.5669371251156009, 0.5669298737148896, 0.5669227487554351, 0.5669157144470408, 0.5669087254292643, 0.5669017317433283, 0.5668946841339974, 0.5668875389280861, 0.5668802619152324, 0.5668728308710066, 0.5668652365826016, 0.5668574824369559, 0.5668495827915775, 0.5668415604572036, 0.566833443675239, 0.5668252629745024, 0.5668170482490112, 0.5668088263242458, 0.5668006191861124, 0.5667924429490349, 0.5667843075486113, 0.5667762170695506, 0.5667681705664698, 0.5667601632068073, 0.5667521875597872, 0.5667442348707112, 0.5667362961901822, 0.5667283632672141, 0.5667204291583586, 0.5667124885450785, 0.5667045377861345, 0.5666965747565474, 0.5666885985392444, 0.5666806090397113, 0.566672606589107, 0.5666645915898805, 0.5666565642416436, 0.5666485243680064, 0.5666404713478523, 0.5666324041406343, 0.5666243213848978, 0.5666162215433647, 0.5666081030665225, 0.5665999645488982, 0.5665918048574586, 0.5665836232185305, 0.5665754192569935, 0.5665671929886961, 0.5665589447727314, 0.5665506752342271, 0.5665423851704524, 0.566534075453048, 0.5665257469378329, 0.5665174003909242, 0.5665090364367039, 0.5665006555296749, 0.5664922579491593, 0.5664838438133585, 0.566475413107555, 0.5664669657206112, 0.5664585014839013, 0.566450020207738, 0.5664415217114562, 0.5664330058448762, 0.5664244725004435, 0.5664159216165116, 0.5664073531733426, 0.5663987671840238, 0.566390163682653, 0.5663815427121526, 0.566372904313439, 0.5663642485174953, 0.5663555753407822, 0.5663468847841482, 0.5663381768348411, 0.56632945147072, 0.5663207086657217, 0.5663119483956259, 0.5663031706431688, 0.5662943754018899, 0.5662855626783585, 0.5662767324926423, 0.5662678848772287, 0.5662590198746528, 0.5662501375344202, 0.5662412379095465, 0.5662323210533465, 0.5662233870166663, 0.5662144358459181, 0.5662054675819501, 0.5661964822597416, 0.5661874799088724, 0.5661784605544063, 0.5661694242182101, 0.566160370920226, 0.5661513006797243, 0.5661422135163071, 0.5661331094505159, 0.5661239885042093, 0.566114850700548, 0.5661056960637851, 0.5660965246188936, 0.566087336391143, 0.5660781314056442, 0.5660689096870509, 0.5660596712593511, 0.5660504161457971, 0.5660411443689634, 0.5660318559509029, 0.566022550913343, 0.5660132292779244, 0.5660038910664072, 0.5659945363008376, 0.5659851650036263, 0.5659757771975941, 0.5659663729059237, 0.5659569521520819, 0.5659475149596677, 0.5659380613523358, 0.5659285913536325, 0.5659191049868864, 0.565909602275168, 0.565900083241234, 0.5658905479075165, 0.5658809962961597, 0.5658714284290479, 0.5658618443278624, 0.5658522440141389, 0.5658426275092808, 0.5658329948346316, 0.5658233460114559, 0.5658136810609808, 0.5658040000043543, 0.5657943028626607, 0.5657845896568982, 0.5657748604079479, 0.5657651151365779, 0.5657553538634263, 0.5657455766090078, 0.5657357833937069, 0.5657259742377891, 0.5657161491614103, 0.5657063081846304, 0.5656964513274173, 0.5656865786096629, 0.5656766900511828, 0.5656667856717136, 0.565656865490928, 0.5656469295283993, 0.5656369778036487, 0.5656270103360673, 0.5656170271449891, 0.5656070282496363, 0.5655970136691344, 0.565586983422515, 0.5655769375286899, 0.5655668760064978, 0.5655567988746731, 0.5655467061518553, 0.5655365978565904, 0.5655264740073497, 0.5655163346225014, 0.565506179720333, 0.5654960093190553, 0.5654858234367862, 0.5654756220915534, 0.5654654053013075, 0.5654551730839047, 0.5654449254571271, 0.5654346624386605, 0.5654243840461035, 0.565414090296996, 0.5654037812087545, 0.5653934567987485, 0.5653831170842556, 0.5653727620824699, 0.5653623918105107, 0.5653520062854104, 0.5653416055241407, 0.5653311895435805, 0.5653207583605332, 0.5653103119917327, 0.5652998504538232, 0.5652893737633832, 0.5652788819369072, 0.5652683749908132, 0.5652578529414419, 0.5652473158050704, 0.5652367635978852, 0.5652261963360011, 0.565215614035464, 0.5652050167122383, 0.5651944043822208, 0.5651837770612316, 0.5651731347650216, 0.5651624775092619, 0.5651518053095547, 0.5651411181814358, 0.5651304161403583, 0.5651196992017116, 0.5651089673808113, 0.5650982206929079, 0.565087459153172, 0.5650766827767139, 0.565065891578568, 0.5650550855737003, 0.5650442647770115, 0.565033429203335, 0.5650225788674355, 0.5650117137840022, 0.5650008339676674, 0.5649899394329915, 0.5649790301944733, 0.5649681062665293, 0.5649571676635308, 0.5649462143997759, 0.5649352464894897, 0.5649242639468368, 0.5649132667859201, 0.5649022550207742, 0.564891228665372, 0.5648801877336204, 0.5648691322393612, 0.5648580621963712, 0.5648469776183761, 0.5648358785190202, 0.564824764911898, 0.5648136368105365, 0.5648024942284056, 0.564791337178905, 0.5647801656753767, 0.5647689797311101, 0.5647577793593163, 0.5647465645731585, 0.5647353353857372, 0.5647240918100874, 0.5647128338591864, 0.5647015615459611, 0.5646902748832594, 0.5646789738838932, 0.5646676585605941, 0.5646563289260462, 0.5646449849928717, 0.5646336267736414, 0.5646222542808551, 0.5646108675269695, 0.564599466524366, 0.5645880512853857, 0.5645766218222991, 0.5645651781473308, 0.5645537202726423, 0.5645422482103313, 0.5645307619724595, 0.5645192615710114, 0.5645077470179206, 0.56449621832508, 0.5644846755043147, 0.5644731185673783, 0.564461547526005, 0.5644499623918405, 0.5644383631764947, 0.5644267498915241, 0.5644151225484151, 0.5644034811586185, 0.5643918257335148, 0.5643801562844403, 0.5643684728226744, 0.5643567753594528, 0.5643450639059359, 0.564333338473249, 0.5643215990724575, 0.5643098457145835, 0.5642980784105832, 0.5642862971713639, 0.5642745020077875, 0.5642626929306575, 0.5642508699507262, 0.5642390330786998, 0.5642271823252231, 0.5642153177008933, 0.5642034392162628, 0.5641915468818219, 0.5641796407080174, 0.5641677207052518, 0.5641557868838583, 0.5641438392541318, 0.5641318778263174, 0.5641199026106127, 0.5641079136171581, 0.5640959108560404, 0.5640838943373044, 0.5640718640709496, 0.5640598200669169, 0.5640477623350945, 0.564035690885338, 0.5640236057274378, 0.5640115068711437, 0.563999394326151, 0.5639872681021182, 0.5639751282086344, 0.5639629746552658, 0.5639508074515008, 0.56393862660681, 0.5639264321306006, 0.5639142240322289, 0.5639020023210098, 0.5638897670062065, 0.5638775180970383, 0.5638652556026794, 0.5638529795322476, 0.5638406898948213, 0.6854331223502007, 0.6027988750536049, 0.6477673970510268, 0.5845404059166064, 0.5710331192929016, 0.6137956451075591, 0.6115051911232882, 0.5787281111036702, 0.5713068093125044, 0.5867250605031523, 0.5857320942534426, 0.5690101140786846, 0.5653910250098444, 0.5782850658309002, 0.5838211370220278, 0.5737486654789151, 0.5641953236670965, 0.566605561586314, 0.5718595934755737, 0.5689633520000698, 0.5634261379646198, 0.5648233911257963, 0.5698156510448544, 0.56919733939761, 0.563789025179324, 0.5616580131994293, 0.5642464615080568, 0.5653388635152133, 0.5629586814472204, 0.5618543084893791, 0.5637496877359507, 0.5645072338453981, 0.5622826208816232, 0.560606080610096, 0.5615731598859095, 0.5624799308248293, 0.5615030441878522, 0.5607575571471171, 0.5614846202607958, 0.5617312937959579, 0.5605922086266559, 0.5599256836204922, 0.560512701214371, 0.5607582943689554, 0.5601313598243892, 0.5599152049357233, 0.5602435438943677, 0.5600115622205546, 0.5593970528862595, 0.5593917532572177, 0.5596724271851031, 0.5594501442940717, 0.5591269000435222, 0.5591881681492186, 0.5591495620529527, 0.5588021140714329, 0.5586759292281637, 0.5587891718342503, 0.5586680529570629, 0.5584307871175306, 0.5583951079102566, 0.5583369821361882, 0.558117876553593, 0.5580151212245702, 0.5580236623121739, 0.5578943067692528, 0.557727087484243, 0.5576688211638982, 0.5575712051081723, 0.5574108065114252, 0.5573351649854286, 0.5572759102891605, 0.5571346126083181, 0.5570152748735946, 0.5569380950374087, 0.5568150712451896, 0.5566945546264402, 0.5566185339136426, 0.556511345380424, 0.5563814070132795, 0.5562844380377158, 0.5561797585793172, 0.5560565476217707, 0.5559576991235314, 0.5558563717178466, 0.5557324310814958, 0.5556222359581301, 0.5555168677710973, 0.5553971257430061, 0.5552869067830735, 0.555180280364766, 0.5550595287894786, 0.5549437056011592, 0.5548327890589605, 0.5547132574802981, 0.5545975481592866, 0.5544843205966478, 0.5543628671250125, 0.5542437932413778, 0.5541271713259468, 0.5540054019710111, 0.5538857547885303, 0.5537665523268654, 0.553642553386695, 0.5535203153067417, 0.5533983508249921, 0.5532733573383546, 0.5531497800099019, 0.5530251318672263, 0.5528979350352721, 0.5527719555842808, 0.552644873221779, 0.5525162985599879, 0.5523883280718692, 0.5522586114796351, 0.5521278955416703, 0.5519974768449143, 0.5518655286990707, 0.5517330609861925, 0.5516001990028251, 0.5514657813793516, 0.5513310736414582, 0.5511956948933648, 0.5510591378646574, 0.5509222328581301, 0.5507842485919252, 0.5506453304859392, 0.5505059593778038, 0.5503654972779853, 0.5502243206217913, 0.5500823857288967, 0.5499393641331138, 0.5497957101052537, 0.5496511556344388, 0.5495056762679483, 0.5493594667353098, 0.5492122287125565, 0.5490642474451825, 0.5489152844087701, 0.5487654147462961, 0.548614734610844, 0.5484630794640409, 0.5483104973140378, 0.5481570530563039, 0.5480026164068464, 0.5478472882494113, 0.5476909944652025, 0.5475337222620035, 0.5473755347628879, 0.5472163436434222, 0.5470561992408544, 0.5468950669825247, 0.5467329224964679, 0.5465698080375997, 0.5464056670106113, 0.5462405244246766, 0.5460743588773972, 0.5459071503662307, 0.545738921879562, 0.5455696358869339, 0.5453993052812731, 0.5452279114974892, 0.5450554416726917, 0.5448819048313398, 0.5447072753324822, 0.5445315596795092, 0.5443547398994005, 0.5441768088915064, 0.5439977658392888, 0.5438175931567208, 0.5436362921756163, 0.5434538459551737, 0.5432702506407971, 0.5430854990455175, 0.5428995796821333, 0.5427124891695757, 0.5425242131378535, 0.5423347482211214, 0.5421440839360311, 0.5419522126012613, 0.5417591266265248, 0.5415648149805858, 0.5413692725780486, 0.5411724886162221, 0.5409744568056198, 0.5407751672361739, 0.5405746117158614, 0.5403727826646567, 0.5401696706726735, 0.5399652685350333, 0.5397595661797816, 0.539552556393291, 0.5393442300980779, 0.539134579296443, 0.5389235953332562, 0.5387112693769557, 0.5384975935550199, 0.5382825588687973, 0.5380661573638347, 0.5378483798413182, 0.5376292182479786, 0.5374086638820195, 0.5371867084168988, 0.5369633432407801, 0.5367385597245525, 0.536512349596774, 0.5362847041836207, 0.5360556151507195, 0.5358250736884645, 0.5355930715201186, 0.5353596000344992, 0.5351246508651069, 0.5348882153874386, 0.5346502851819005, 0.5344108518212497, 0.5341699068439231, 0.5339274417832353, 0.5336834481236971, 0.5334379175347402, 0.5331908415667488, 0.5329422118621941, 0.5326920199613532, 0.5324402575959887, 0.5321869164143694, 0.5319319881234001, 0.5316754643568339, 0.5314173368807544, 0.53115759745684, 0.5308962378743959, 0.5306332499044977, 0.5303686254048215, 0.5301023562822068, 0.5298344344487673, 0.5295648518212324, 0.5292936003719738, 0.5290206721491164, 0.5287460592120095, 0.5284697536461859, 0.5281917475916689, 0.5279120332792062, 0.5276306029631358, 0.5273474489302378, 0.5270625635203214, 0.5267761133222473, 0.5264875933574026, 0.5261974910623862, 0.5259056255037672, 0.5256119893850498, 0.5253165758636935, 0.5250193774594519, 0.5247203874190549, 0.5244195987097079, 0.5241170046704687, 0.5238125982875217, 0.5235063730892272, 0.5231983223873519, 0.5228884397187671, 0.5225767184277587, 0.5222631522923017, 0.521947734977569, 0.5216304603343983, 0.5213113222047674, 0.5209903147898559, 0.5206674322335977, 0.5203426687743313, 0.5200160187373619, 0.5196874767172331, 0.5193570373245762, 0.5190246952535709, 0.5186904454147511, 0.5183542829381605, 0.5180162030236541, 0.517676200937456, 0.5173342722044478, 0.5169904125049194, 0.5166446176215551, 0.5162968834554446, 0.5159472062075943, 0.5155955822325595, 0.5152420080097303, 0.5148864802044426, 0.5145289957497303, 0.5141695517241156, 0.5138081453514383, 0.5134447741104423, 0.513079435725693, 0.512712128099387, 0.5123428493323734, 0.5119715978167978, 0.51159837215978, 0.511223171157511, 0.5108459938608348, 0.5104668396103347, 0.5100857079693759, 0.5097025987388689, 0.5093175120343773, 0.508930448245924, 0.5085414080002735, 0.5081503922107375, 0.5077574021130495, 0.5073624392106093, 0.5069655052865563, 0.5065666024690173, 0.5061657332078856, 0.5057629002420818, 0.5053581066437732, 0.5049513558416655, 0.5045426515780577, 0.504131997924886, 0.503719399334738, 0.5033048606166038, 0.5028883869220518, 0.5024699837896089, 0.5020496571480625, 0.5016274132857863, 0.5012032588787988, 0.5007772010203264, 0.5003492471940921, 0.4999194052828152, 0.4994876836069212, 0.49905409090883135, 0.49861863634271947, 0.49818132950982014, 0.49774218046002533, 0.49730119967434677, 0.49685839809345517, 0.4964137871334525, 0.4959673786662746, 0.4955191850378268, 0.4950692190894655, 0.49461749413729894, 0.4941640239827025, 0.4937088229386553, 0.4932519058188985, 0.4927932879400418, 0.49233298514781637, 0.49187101381679293, 0.49140739083483004, 0.49094213362909167, 0.49047526016606385, 0.4900067889469486, 0.48953673903010847, 0.4890651300309361, 0.4885919821161124, 0.488117316025698, 0.4876411530936975, 0.48716351519677265, 0.4866844247870061, 0.48620390489937987, 0.48572197914732695, 0.4852386717393842, 0.48475400747753544, 0.4842680117535636, 0.48378071056353344, 0.48329213050732206, 0.48280229878391184, 0.48231124319898183, 0.4818189921642882, 0.4813255746987903, 0.4808310204383911, 0.4803353596278019, 0.47983862312402936, 0.4793408424017851, 0.4788420495429534, 0.4783422772283513, 0.47784155877027085, 0.4773399280942776, 0.47683741974078075, 0.47633406885916973, 0.47582991120394785, 0.475324983138669, 0.4748193216264615, 0.4743129642300313, 0.47380594909597723, 0.4732983149690399, 0.47279010119201315, 0.47228134768929575, 0.4717720949615021, 0.4712623840835597, 0.4707522566929678, 0.47024175498826026, 0.4697309217187382, 0.46921980017659703, 0.46870843419463293, 0.46819693008374724, 0.4676851569378867, 0.46717333534015065, 0.4666614481945175, 0.4661495433437197, 0.4656376663174843, 0.4651258657228125, 0.46461418867318555, 0.46410268368407837, 0.4635913996973445, 0.46308038511528854, 0.46256969045952123, 0.46205936432305916, 0.4615494584234334, 0.46104002174679837, 0.46053110701107536, 0.46002276352765514, 0.4595150451485976, 0.4590080010998214, 0.45850168704565597, 0.4579961513103923, 0.45749145353795967, 0.4569876403420002, 0.4564847839363175, 0.4559829358199918, 0.4554822300573177, 0.45498282102807663, 0.4544853035487588, 0.45399107597416166, 0.4535053410821789, 0.45304478771102374, 0.4526708062244964, 0.45260833843727855, 0.45369439330093486, 0.45909934284912857, 0.47768058678329695, 0.5205552218010414, 0.5195938752694873, 0.4585025159956901, 0.4691985415913036, 0.4935239389867176, 0.45165132932098023, 0.4703722221830216, 0.46999023926654987, 0.4489655338573259, 0.4709448738191837, 0.45040410708150963, 0.4585404031675182, 0.45863659011090924, 0.4482919323433255, 0.4605104019280871, 0.4467189226899842, 0.45491356104523833, 0.44995053566089394, 0.4483426734519135, 0.452313942365835, 0.44503960674604187, 0.451340070135404, 0.4452759226845948, 0.44783635681797657, 0.446791215376377, 0.4445938369334291, 0.447280909506289, 0.4432522069532624, 0.4460389355883547, 0.44355518478412165, 0.4438522803565817, 0.4441134928500723, 0.44219385981861553, 0.44377298402600734, 0.4417094218695755, 0.4425182071323314, 0.44188803302706864, 0.44114207424205626, 0.44178573655211467, 0.44040986633283746, 0.4409864293813462, 0.4402811254171029, 0.4399275784821243, 0.4401194852219609, 0.43922288834627826, 0.43950839990081647, 0.43896188462060565, 0.4386650962668623, 0.4387021419160723, 0.4380620088738762, 0.438121015935535, 0.43775618657824966, 0.4374200376106058, 0.43739992369033714, 0.4369272209017394, 0.43682009758290286, 0.4365969331799065, 0.43623312131565795, 0.4361567716790148, 0.43582459466103884, 0.43559123283710194, 0.4354465334807699, 0.4351130485674759, 0.4349459973951557, 0.4347332520490655, 0.4344434658729622, 0.43428701199401626, 0.4340401201797896, 0.4337927667936651, 0.433623470234306, 0.4333700199635675, 0.4331492558588461, 0.43296504541486186, 0.43271813897595685, 0.43251030387174494, 0.43231661478361033, 0.4320796892296323, 0.4318769404943131, 0.4316794398847573, 0.4314519399816943, 0.7405633058330866, 0.4606170487404087, 0.7073111326383773, 0.5386694798931349, 0.4307072750323782, 0.5342005614662404, 0.5774521022371263, 0.49140060556562143, 0.4296357266573439, 0.47088103135376147, 0.5197346016442149, 0.4908182305055307, 0.43805573700311223, 0.4366977904856912, 0.4729277281024478, 0.4826610571339043, 0.4534292891817911, 0.4297389527326841, 0.44103344950974627, 0.461939707138775, 0.45719896716982833, 0.4359994328687515, 0.430033628405832, 0.4431878571383749, 0.4508159288824027, 0.44098231140273536, 0.429707066141555, 0.43275617824646595, 0.44180497278888814, 0.4405875282161686, 0.43167142388380325, 0.42933756493006553, 0.435157221152658, 0.4376329149252822, 0.4326138642006024, 0.4287218087816786, 0.4314495412855402, 0.43454858348759, 0.43218532808753024, 0.42874651125199476, 0.4297435512473084, 0.4322402610378175, 0.43126765511161974, 0.428709210454353, 0.4289369603118109, 0.4307240452069337, 0.43027654506481805, 0.42848099256909383, 0.4285417700851797, 0.429751344454796, 0.42943206527405225, 0.4281983176576533, 0.4282817373211559, 0.42907762229640645, 0.4287380184338542, 0.4279136306400631, 0.4280884647029391, 0.42856283176613663, 0.4281806636327014, 0.42767218336044177, 0.4279015318464644, 0.4281200191303405, 0.42773308347269806, 0.42747909628999387, 0.4277019667737916, 0.42771329197258195, 0.42738319750569326, 0.42731587173597246, 0.4274661286226374, 0.4273410079886055, 0.4271177835208, 0.42715363406349477, 0.42719087885766027, 0.4270155815112647, 0.426912586789601, 0.4269611351564414, 0.4268954576067853, 0.42674877769149655, 0.4267288262724206, 0.42672538181688535, 0.4266113535481267, 0.42653134716432783, 0.4265280222180495, 0.4264622898268865, 0.42636258547904826, 0.42633069175915045, 0.4262939247757083, 0.4262038661477018, 0.42614501699416096, 0.42611379744066596, 0.42604212009291054, 0.4259697179259033, 0.42593089623577995, 0.42587349637498906, 0.4257990836170697, 0.42574982675852996, 0.42569928849907834, 0.4256286619866297, 0.42557137801393113, 0.4255218901967685, 0.42545618258563744, 0.42539446784865825, 0.4253431866114779, 0.42528130560615496, 0.42521785574894894, 0.4251639046546531, 0.42510423513190304, 0.4250406126660628, 0.4249842952408194, 0.4249255382135708, 0.42486231528895596, 0.42480417995797415, 0.4247454987352887, 0.4246827949772088, 0.42462343859592266, 0.42456441743733603, 0.42450208582372484, 0.424441897343483, 0.4243823596061377, 0.42432024729812184, 0.42425951697003017, 0.42419943730904436, 0.4241373850598524, 0.42407625575883007, 0.42401565588948, 0.4239535690457989, 0.42389214376294804, 0.4238310790890613, 0.4237688878704766, 0.4237072036524023, 0.4236457203914005, 0.42358339756455105, 0.42352149013101953, 0.42345964178890494, 0.4233971717897665, 0.42333504644700465, 0.42327287172945255, 0.4232102599140108, 0.4231479333247851, 0.4230854762473973, 0.4230227266920758, 0.4229601983606827, 0.4228974948075562, 0.42283462248637543, 0.42277190559297345, 0.4227089945238322, 0.4226460049665997, 0.42258310347103106, 0.4225200211756913, 0.42245692710383165, 0.422393858319144, 0.4223306385522685, 0.42226744161747654, 0.42220422108057465, 0.42214089633362983, 0.4220776053050038, 0.42201425818224325, 0.42195085180402997, 0.42188746947937106, 0.42182399374945717, 0.4217219991220254, 0.4215533734154875, 0.4212746470554693, 0.42078835423576727, 0.4198620176269587, 0.41828610084884765, 0.41553739641352583, 0.4114572302486075, 0.40771711126155646, 0.405366964305985, 0.4143368153867927, 0.401883594663272, 0.40990845168689155, 0.4113596978680443, 0.4009862469290635, 0.4142686666422531, 0.4020081922233445, 0.4052969568272111, 0.4062091812459745, 0.39832998304560424, 0.4057004834286941, 0.39825752595373837, 0.4020235262374115, 0.40170700550553384, 0.39771767058980617, 0.40285719710421525, 0.3976031136155129, 0.3990960136596744, 0.3995933630213409, 0.39613518835834244, 0.3989180875795952, 0.39653494441234793, 0.3964410176216648, 0.39757328381381646, 0.3951840168064681, 0.3966171702194414, 0.3960028394856789, 0.3947366041763853, 0.39606295364188, 0.3947506495040373, 0.39439914318882785, 0.39513588593176135, 0.39384611099226174, 0.39394936759995197, 0.3941824759560369, 0.39317208277945975, 0.3933470105742903, 0.39335590761206357, 0.3926303480434536, 0.3927327302088299, 0.3926624431809126, 0.3920860431394637, 0.39210600010497054, 0.3920584592542324, 0.3915857119196488, 0.39148653298976316, 0.39151061735475867, 0.3911312612930862, 0.390898158287037, 0.3909177914150021, 0.3906967437625276, 0.39038055549112455, 0.39029428563855145, 0.3902178039929151, 0.38994693970950595, 0.38973301764843077, 0.3896535785435852, 0.3895239984332079, 0.3892926879402145, 0.389096766803364, 0.38897977556604246, 0.38886781551459126, 0.38867241181452433, 0.38847789191071197, 0.3883279854988755, 0.3882067153139035, 0.38808142079908664, 0.3879026714621466, 0.38772526847074446, 0.3875556182210316, 0.3874365724335183, 0.38731653652923853, 0.38717724369013723, 0.38704396094416293, 0.38689031156162934, 0.3867363373349714, 0.3865595734490672, 0.38642402366268525, 0.3862613756380158, 0.38611994837398006, 0.3859916830749771, 0.3858412429335131, 0.38572621312227007, 0.3855744064576427, 0.385464492412204, 0.3853321515839859, 0.38526266286853783, 0.3852258304985497, 0.38545948821228343, 0.3862325797901407, 0.38907268678951684, 0.395934485392389, 0.4171761161650393, 0.42353303085235133, 0.4328313945095155, 0.38972571831609404, 0.39412491869922467, 0.4239932334035018, 0.3932624434884803, 0.3885148966125593, 0.4084657670460128, 0.3891387827902879, 0.3889118244462221, 0.4013789279892402, 0.38583910690287015, 0.3913816018187541, 0.3981963474638519, 0.38441147044273566, 0.3947612723437844, 0.39637091473363095, 0.3844132955811821, 0.3974936399719471, 0.39426679793201164, 0.3851369159825229, 0.39860770656335814, 0.39170228034454657, 0.38595841476329223, 0.39758502341202245, 0.38886795006235403, 0.3864501187547077, 0.3949123842551357, 0.3863679969202092, 0.3863568473787794, 0.39160295351170427, 0.38464919371902845, 0.38578047891629885, 0.3886815565698789, 0.3836517244073073, 0.384897763636188, 0.3865770998208821, 0.38309829854865496, 0.3839455317355547, 0.3851975652894888, 0.3828162667762735, 0.38306205851047836, 0.38426442406669553, 0.38272236462556747, 0.38236322495291586, 0.3835296544906747, 0.38275797335845635, 0.38190852521896973, 0.3827806069807517, 0.38276256278392895, 0.3817282950617493, 0.3820756942616551, 0.38255070636608296, 0.381777782628896, 0.3814770695795928, 0.38197616373013016, 0.38180089568756287, 0.3812873192327965, 0.38134040516472417, 0.3815789797080394, 0.3813574624934575, 0.38100903530500463, 0.38108677864896345, 0.38122912503991463, 0.38098908480740723, 0.38076501699268256, 0.38079496256377987, 0.38086248019128804, 0.3807317056250552, 0.38052100742896955, 0.38049194299322653, 0.38054465392702497, 0.38045666212723633, 0.38028755577873147, 0.38019589036962265, 0.38020512941066636, 0.3801935338858035, 0.38007460582061187, 0.3799603806663395, 0.3799114445947362, 0.3798913385539617, 0.3798440125558049, 0.37972872262130397, 0.37965207921049954, 0.37960193896086736, 0.37954461362584097, 0.379508549234942, 0.37942857519739276, 0.3793480684202726, 0.3792858483049512, 0.37923571916615617, 0.3791813526311643, 0.3791213089188734, 0.37904621690275525, 0.37897929550569226, 0.3789170067313927, 0.3788560967406667, 0.37880765739224337, 0.3787407032342482, 0.37868690089241674, 0.3786104530088766, 0.37855370072688665, 0.37848427065911755, 0.378423649322135, 0.3783675114934006, 0.37830074894292953, 0.3782523860907284, 0.37818535101601647, 0.3781344485208603, 0.37807479241397246, 0.3780127910769138, 0.3779508225747671, 0.3778895014543636, 0.37781846233484817, 0.37776664709355257, 0.3777054630445535, 0.37764738832601913, 0.377586989717631, 0.3775321411639096, 0.3774731079072929, 0.37743235708523726, 0.37740063291958753, 0.37738761649270347, 0.37742775495417025, 0.37751725466887814, 0.3778229391791051, 0.3783988869950832, 0.3799066386063721, 0.38246711315248305, 0.3896372549753507, 0.3966698245448064, 0.41943640405547034, 0.41300114701714696, 0.41892725212570897, 0.3864452640910294, 0.3770857204325362, 0.38953123153692243, 0.3932978186119118, 0.3883340023222347, 0.37699414998868686, 0.38331496238597484, 0.3930954556460474, 0.38123022128708756, 0.37755892308440375, 0.38515443492119206, 0.3824977320962717, 0.3771104593857608, 0.37887146768621777, 0.3814119249666636, 0.37899814647095587, 0.3766677348229857, 0.37928879437646396, 0.38027995060255365, 0.3769493604304978, 0.3770653372640884, 0.3793079604067534, 0.377868385202888, 0.37611945783871154, 0.3769012129773745, 0.3778195858903896, 0.3770765432152903, 0.37579703969831274, 0.37618401077954894, 0.37714915007085303, 0.37668430766106625, 0.37571817319280304, 0.3753961816078333, 0.3758774208603331, 0.3763633558111019, 0.37606192266261895, 0.375474353869302, 0.3750658267298025, 0.37513732557394736, 0.3754653872237416, 0.37560108704890216, 0.37554594239648753, 0.3751788239423624, 0.3748678304474749, 0.3746786727250452, 0.3746901841846792, 0.37482381170982854, 0.3749369537865803, 0.3750118813942859, 0.3749473690724701, 0.37486841044537944, 0.37470455935759833, 0.37455764566511507, 0.37438755043557403, 0.37425496089841576, 0.3741691049450689, 0.3741084811383841, 0.37406555815268433, 0.3740179468048062, 0.37399980697686935, 0.37397490877449985, 0.3739783788961452, 0.3739535226289249, 0.37398418029937375, 0.373990507455509, 0.3740832427819793, 0.3741738513385719, 0.37443701352702957, 0.3747361553304069, 0.37545565652560176, 0.3762694051562146, 0.3782927846304919, 0.37986810021508643, 0.3844550171317352, 0.385529507387657, 0.3916691990313481, 0.3874490351889394, 0.3872008929557427, 0.37913400733909197, 0.3745524603292924, 0.37307757879115155, 0.37505840093854487, 0.37857610078148807, 0.3784909294361745, 0.37735275979526084, 0.37410836014184085, 0.3728806138331224, 0.3739308125127907, 0.3753336943570569, 0.3760418978049009, 0.37452067463036937, 0.3731043096843612, 0.3726421641483753, 0.37330248551542344, 0.3742294568238181, 0.3741781453828192, 0.37369252895411653, 0.372787830954823, 0.3723130975030367, 0.3724062185122383, 0.37280160465424256, 0.37325287335503643, 0.37330727841918687, 2.4374204423780403, 0.5685615876197563, 1.8434392490583802, 0.5368987710706512, 0.4252346056118052, 0.7481905147418595, 0.9849195283580159, 0.9732619972371157, 0.7650603457813514, 0.5104683517000417, 0.3765051973519622, 0.4606731316685553, 0.6587402326132635, 0.662326419975145, 0.48859486094021404, 0.3825283380090872, 0.39893050232558325, 0.47320421661444884, 0.5300546763116489, 0.530417794660452, 0.4793624211756953, 0.41418168454774906, 0.3786803768310788, 0.394691090548821, 0.43982689682884574, 0.46172691877883343, 0.4364746760976057, 0.39598182500030094, 0.37824749627068016, 0.38963078778772375, 0.4115302972540487, 0.4227209087272868, 0.41498618490043415, 0.39574671629376373, 0.38071992424512113, 0.3809755358524892, 0.393263423135369, 0.40271485217142033, 0.39893882900900446, 0.3869999200346431, 0.3793809471346663, 0.38148208254570937, 0.3884998753536309, 0.3924106099962989, 0.3895893726830451, 0.3831139057689575, 0.37907433092771897, 0.3805870539341667, 0.3847966736588852, 0.38632796911583056, 0.38344385876585635, 0.3796663125963461, 0.37875225734240825, 0.38073390203276847, 0.38265827562669213, 0.3822247427872624, 0.379988983587061, 0.37833630238289423, 0.3787103118634363, 0.38013497784202066, 0.38052601178418827, 0.37933875319172206, 0.3780227573189558, 0.37791663976729806, 0.37869129590568923, 0.3790883609258017, 0.3785135414391778, 0.3776068387701741, 0.3773297312805655, 0.377742932955211, 0.37803232725879127, 0.37767531375319746, 0.3770607823797094, 0.37686180103657474, 0.3770798068304259, 0.3772061610725064, 0.376939063905159, 0.37653962221833037, 0.37641172606847567, 0.37653199569834944, 0.37654846466280323, 0.3763122110465909, 0.3760510016791004, 0.3759873860959328, 0.3760369035243748, 0.37597578851490304, 0.3757738320855147, 0.37560055515704743, 0.37557984630623975, 0.3756030270887649, 0.3754717475749608, 0.37533091803134916, 0.3752238511051688, 0.3752046549316513, 0.3751626314100181, 0.3750222762504818, 0.3749129823699105, 0.37486084482883403, 0.3748236395723914, 0.3747460484867194, 0.37464100190088717, 0.37457095399326046, 0.37452970534741276, 0.3744669023259652, 0.37437261397720645, 0.3743051349682292, 0.37425303359500767, 0.37419565111675845, 0.37411838637162814, 0.3740482864145992, 0.37399736618427293, 0.3739480391544342, 0.3738863047409104, 0.3738200225344989, 0.37377387062121153, 0.3737278337199916, 0.3736723784492428, 0.37361345058380285, 0.3735626888294231, 0.3735139336470233, 0.3734659881802976, 0.37341560349117464, 0.3733543171440373, 0.37331502268671407, 0.3732707080879111, 0.3732237901781532, 0.37317945644536615, 0.373137406497311, 0.37308820324232117, 0.3730491830167406, 0.37299549077798216, 0.37296471777513546, 0.3729229474506809, 0.37288299843722394, 0.37284534846862766, 0.37280798364326306, 0.3727645250687436, 0.37272445299618595, 0.3726921705302246, 0.372658336290254, 0.3726227684284147, 0.3725876785575215, 0.37255418401042506, 0.37252080131205206, 0.3724867204225724, 0.37245316226740766, 0.3724228192018972, 0.3723876842058349, 0.37234644102097453, 0.37232598464090344, 0.372299866564371, 0.3722602623320464, 0.3722430916897023, 0.37221228556593533, 0.37218473967827087, 0.37215705124183046, 0.3721300952582785, 0.37210362773673483, 0.3720771456820433, 0.3720510267916811, 0.37202509930059585, 0.37199957319247595, 0.3719742308734419, 0.3719492013704125, 0.371924489284642, 0.3718988700105483, 0.371874035050976, 0.3718534615282048, 0.3718298825252131, 0.3718096090290214, 0.3717887268483988, 0.3717644100822058, 0.37174516725050155, 0.3717259514547587, 0.3717062700936386, 0.3716864048385777, 0.3716666497983699, 0.3716470685131678, 0.3716251019551225, 0.37160751919110024, 0.37159000253825875, 0.37157247532042015, 0.3715548487164169, 0.3715370777472304, 0.3715195544882339, 0.37150227221837734, 0.371485228351092, 0.37146843765921744, 0.3714518547333927, 0.3714354376834336, 0.3714192154522271, 0.371403209875397, 0.37138737954494766, 0.3713671249248937, 0.37135312631695255, 0.37133906889732915, 0.37132488889161513, 0.371310701820528, 0.37129663124352513, 0.37128270058870533, 0.37126887423497207, 0.3712550796188401, 0.37124124705992917, 0.37122738961876445, 0.37119956533602994, 0.37118043079526386, 0.371172882042589, 0.37116204868240127, 0.37113483615382675, 0.37113246839982034, 0.37111290160558463, 0.3711043716036745, 0.3710945304395695, 0.37107051373055455, 0.3710610830713872, 0.37105139020449995, 0.37104090957206814, 0.37103025175386856, 0.3710176417063302, 0.37100465115495335, 0.37099268133600866, 0.37098061159429035, 0.3709667059517842, 0.370954324828874, 0.3709419330255026, 0.37092951084938636, 0.3709175648636116, 0.37090656549448886, 0.3708963866228521, 0.37088429092978836, 0.3708673808345812, 0.3708590449551678, 0.3708283678603533, 0.37081850190338217, 0.37080844081048114, 0.3707980306046123, 0.37078746241323157, 0.3707824925715864, 0.3707762832972062, 0.370769680389062, 0.3707579524684918, 0.3707443493800218, 0.37073190199756817, 0.370717131314685, 0.3707039187423853, 0.3706906921042363, 0.3706776034637002, 0.3706646709432149, 0.37065179829494194, 0.370636773807915, 0.3706237151559211, 0.37061073620577717, 0.3705979568325905, 0.3705878714245643, 0.3705783203207318, 0.37056858231860157, 0.3705587310432847, 0.3705478632141791, 0.3705307317888737, 0.3705208522434735, 0.37051072592676354, 0.3705003351114358, 0.3704897967546366, 0.37047923278243, 0.37046866301102405, 0.37045800299255033, 0.37044676772679924, 0.3704354800374276, 0.3704241606321231, 0.37041282171378515, 0.3704014597296037, 0.3703900639698375, 0.37037856882708087, 0.3703670395509414, 0.3703554943966471, 0.37034393376982994, 0.37033235688078625, 0.3703207618624312, 0.37030914757208305, 0.37029751507707476, 0.3702858655804626, 0.3702741991146222, 0.37026251475565564, 0.37025081114283953, 0.37023908809869144, 0.3702273466509165, 0.37021558742556576, 0.3702038101871143, 0.37019201403991603, 0.37018019824770154, 0.370168363152404, 0.3701565095151364, 0.37014463756243887, 0.3701251334759107, 0.37011332435975836, 0.37010148040082425, 0.3700895561708155, 0.3700775808161476, 0.37006561216704287, 0.37005366914193166, 0.370041720436422, 0.3700297170047492, 0.37001765189302593, 0.3700055665570941, 0.3699934948823367, 0.36998142996974753, 0.3699693346028494, 0.36995718400912153, 0.36994499644304174, 0.36993280631691244, 0.36992062355630995, 0.36990842650867733, 0.3698961871758643, 0.36988390548894096, 0.36987160720337187, 0.36985931037893105, 0.36984700709150337, 0.36983467403991727, 0.3698223009129327, 0.36980990222139903, 0.36979749712952636, 0.3697850872864741, 0.3697726568650141, 0.369760191982002, 0.3697476976465825, 0.36973518985492526, 0.36972267565179523, 0.36971014618911296, 0.3696975882808628, 0.3696850006757932, 0.36967239465788365, 0.36965977914993187, 0.3696471506907496, 0.3696344986282715, 0.36962181856626164, 0.3696091172935276, 0.36959640342926164, 0.36958367702386247, 0.36957093040185424, 0.36955815810097775, 0.3695453634481185, 0.3695325535979883, 0.36951973064054366, 0.36950688959086603, 0.3694940251047841, 0.36948113820580725, 0.36946823432065995, 0.3694553163479576, 0.3694423813250566, 0.36942942471495555, 0.36941644619930664, 0.36940344965291927, 0.36939043803870564, 0.3693774098676101, 0.36936436143609813, 0.3693512917809178, 0.36933820351872076, 0.36932509939476144, 0.3693119788001054, 0.3692988389450857, 0.3692856784698985, 0.36927249919198674, 0.36925930347789787, 0.36924609124529134, 0.36923286034850183, 0.369219609480856, 0.3692063397082199, 0.3691930531075153, 0.36917974983684715, 0.36916642832153584, 0.36915308736699276, 0.3691397276067832, 0.3691263506855696, 0.36911295699950486, 0.36909954529162675, 0.36908611451981876, 0.36907266520017606, 0.3690591985087313, 0.3690457148352592, 0.36903221328873653, 0.3690186930811332, 0.369005154490009, 0.3689915984637496, 0.36897802523910617, 0.36896443422723985, 0.36895082483936437, 0.36893719731609226, 0.36892355228335477, 0.36890988993542917, 0.36889620986005683, 0.36888251162961966, 0.3688687953788794, 0.36885506157857456, 0.3688413104264386, 0.36882754163108794, 0.36881375481017037, 0.36879995008182365, 0.3687861279116931, 0.36877228835695725, 0.36875843107751316, 0.3687445558758806, 0.36873066294411844, 0.36871675261626374, 0.3687028248756642, 0.36868887944041867, 0.36867491618568077, 0.36866093527114957, 0.3686469370490217, 0.36863292138876963, 0.36861888805881066, 0.36860483692560053, 0.3685907683046357, 0.36857668238065544, 0.3685625790510611, 0.368548458079305, 0.368534319398955, 0.36852016326436543, 0.3685059898685583, 0.368491799106447, 0.3684775907215665, 0.36846336469080077, 0.36844912134470315, 0.36843486070514425, 0.36842058266501476, 0.36840628708847056, 0.3683919740102546, 0.3683776436388811, 0.3683632960253918, 0.36834892784099, 0.36833454181972497, 0.36832013847442185, 0.3683057179485305, 0.3682912801257974, 0.3682768248122605, 0.36826235204212254, 0.36824786202615856, 0.36823335484342895, 0.36821883036947833, 0.3682042884897036, 0.36818972915563886, 0.36817515265638207, 0.3681605590256866, 0.36814594812286644, 0.3681313198358517, 0.36811667426326705, 0.36810201152387667, 0.3680873316325481, 0.368072634508793, 0.3680579200592788, 0.3680431883951824, 0.36802843964038273, 0.36801367371023513, 0.3679988905577247, 0.36798409018708206, 0.36796927267331375, 0.36795443814333506, 0.3679395864259483, 0.36792471741674687, 0.36790983129251803, 0.3678949282559707, 0.3678800081347386, 0.3678650707579081, 0.3678501161586574, 0.36783514464823774, 0.3678201561800391, 0.36780515065134334, 0.36779012782121717, 0.36777508799858016, 0.3677600312682706, 0.3677449576008751, 0.36772986679390746, 0.36771475884561755, 0.3676996339760174, 0.3676844923112456, 0.36766933359597204, 0.3676541577754802, 0.36763896492946563, 0.3676237552339909, 0.3676085287974759, 0.36759328526378937, 0.3675780246311005, 0.36756274717942783, 0.3675474529937039, 0.3675321418751368, 0.36751681376598705, 0.3675014686817894, 0.3674861067839385, 0.36747072815343707, 0.36745533268708397, 0.3674399202148818, 0.36742449090324814, 0.36740904488764503, 0.36739358209811035, 0.3673781023817178, 0.3673626058284621, 0.36734709255810755, 0.3673315626186937, 0.367316015836551, 0.36730045212038465, 0.36728487172896945, 0.4217055533153381, 1.3180330501129331, 0.5256319109240363, 0.7946089547389207, 0.51701764421755, 0.3845306396786102, 0.5547968602507287, 0.5959708630348249, 0.46876534147329835, 0.36813509056914673, 0.44937644634673785, 0.5145429086042014, 0.40801162476411484, 0.37191365128356735, 0.42592593877045687, 0.45971415767966234, 0.42793636112442374, 0.37776983167032374, 0.37834683602036456, 0.4201234980902694, 0.4171410491347331, 0.37832739551688677, 0.37296380826454345, 0.39630408105928616, 0.40542423709288183, 0.3878549971685539, 0.3705360870621831, 0.37835697110366623, 0.3933222810183757, 0.385708986100712, 0.371369584946513, 0.3742092621250938, 0.3843183146241857, 0.38327298405427573, 0.3734343643716093, 0.370950589361833, 0.37817941805440985, 0.37955106675975087, 0.37248895722111686, 0.37054134529079386, 0.37519561882509805, 0.37639511302772877, 0.3719828760466981, 0.369980265088979, 0.37313917882039777, 0.374021612801658, 0.37068985660445736, 0.36984618003050823, 0.37209759513748447, 0.3721163117995547, 0.36978199785968435, 0.36956575121530316, 0.37115567694048207, 0.3705294000861235, 0.3689483646230226, 0.36946535559959576, 0.3702287458898219, 0.36926524415297574, 0.3685226947120567, 0.36923070495551386, 0.36926311315793453, 0.36834788599347107, 0.36836496530413004, 0.36880319621356333, 0.3683208665501594, 0.3678673889574815, 0.36818943649258756, 0.3681407871654843, 0.36763156070301756, 0.36768914273659037, 0.3678242738196707, 0.367461162898693, 0.3673071679788466, 0.3674672154849311, 0.36726407609674055, 0.3670490264662584, 0.36714068031378755, 0.36705336034594216, 0.36683098229120914, 0.3668571817089379, 0.3668322288412995, 0.36663448023734374, 0.3666293185837752, 0.36661383379801843, 0.3664653957751764, 0.366432204553456, 0.3664149822873109, 0.36629485468314676, 0.36625765022383416, 0.3662404243043758, 0.3661342511703905, 0.36609625671889795, 0.36608036231608365, 0.36599524237935294, 0.3659601144911941, 0.3659341009671975, 0.36586197532256004, 0.36583855262230874, 0.3658073613585622, 0.3657467184120936, 0.3657226693092987, 0.3656870050610991, 0.3656381919223033, 0.365617064948769, 0.3655800832833153, 0.365539618692689, 0.36551800628777625, 0.36548139340866287, 0.36544254106082746, 0.36541983027914804, 0.36538133538051015, 0.3653603843959601, 0.36533248437685656, 0.3653032921499456, 0.36527951278435533, 0.365251378531662, 0.3652229667598425, 0.3651914060711473, 0.3651796069279541, 0.365139788139961, 0.3651210125505548, 0.3650985715698308, 0.3650784444277576, 0.3650559525892712, 0.3650349052958891, 0.365009195594163, 0.3649883486652168, 0.36496981627469205, 0.36495254511278313, 0.3649367029173133, 0.36491952070774053, 0.3648992226940769, 0.3648802131389997, 0.3648574659623449, 0.3648418610951944, 0.3648270533493301, 0.36479489833275625, 0.36478263552684004, 0.36476153684385565, 0.3647477121883858, 0.3647243101741226, 0.3647098654527232, 0.3646970571091297, 0.3646829853490266, 0.36468067484335637, 0.36465274730772584, 0.3646358094386594, 0.36462542952458765, 0.3645976306364759, 0.3645824857924867, 0.36456374298865857, 0.36455349640818535, 0.3645388124418464, 0.36452868041173725, 0.3645142672380668, 0.36449686242475726, 0.3644805295215108, 0.3644642076298185, 0.36444529621113253, 0.36442796908238845, 0.3644108650118717, 0.3643936210376826, 0.36437381969359106, 0.3643556421154828, 0.36433801889309625, 0.36432079123505184, 0.36430313498726724, 0.36428489708202993, 0.3642668478611935, 0.36424941214638407, 0.36423205511493056, 0.36421412906850836, 0.36419592213217095, 0.3641781318704816, 0.36416075531609804, 0.3641431400078807, 0.3641250372105685, 0.36410697550979554, 0.3640893504078387, 0.3640718269811634, 0.36405390803617815, 0.3640357391892488, 0.36401781580956577, 0.36400016590577167, 0.36398234451003764, 0.3639641756885879, 0.36394601434504814, 0.3639281191987555, 0.36391025035916924, 0.36389209190032096, 0.36387377175500063, 0.3638556079646147, 0.3638375730579918, 0.3638193694031658, 0.36380093749382786, 0.363782531497495, 0.36376426774805776, 0.3637459472354738, 0.36372741021798766, 0.36370879933419203, 0.36369029026664806, 0.3636717958793343, 0.3636531353009503, 0.36363434670500966, 0.3636156011050953, 0.36359690034613973, 0.36357808963679, 0.3635591351809882, 0.3635401705389509, 0.36352125123683, 0.36350226735835506, 0.36348314717253055, 0.36346397890949544, 0.363444841909392, 0.36342566999452564, 0.3634063799701038, 0.3633870190138125, 0.363367670289435, 0.3633483031846528, 0.36332883800270854, 0.3633092918875956, 0.3632897400355533, 0.36327017621849067, 0.36325053201536445, 0.36323080500811683, 0.36321105806705595, 0.3631912998145426, 0.36317147458489063, 0.3631515694141076, 0.36313163383581126, 0.36311168481735, 0.36309167885684474, 0.36307159693329, 0.3630514782584652, 0.36303134279605054, 0.3630111565110158, 0.3629908996148471, 0.36297060216321436, 0.3629502843566878, 0.3629299196673777, 0.362909489098172, 0.3628890168536139, 0.3628685206335998, 0.36284797973975497, 0.362827385166689, 0.36280674996724505, 0.36278608822986674, 0.3627653828082576, 0.36274461941426156, 0.36272381465694054, 0.36270298171283594, 0.36268210513643057, 0.362661173336041, 0.3626402012690924, 0.36261919894427, 0.36259815346074015, 0.3625770554670169, 0.3625559176227469, 0.3625347483560303, 0.36251353561306493, 0.36249227298179315, 0.36247097124731353, 0.36244963633756966, 0.36242614887078395, 0.36240459680909326, 0.3623831340737542, 0.3623617335267124, 0.3623401652905183, 0.36231847754362145, 0.3622968747596416, 0.3622752919794779, 0.3622535491613641, 0.3622317277063245, 0.36220998159794093, 0.3621882174627302, 0.3621663073821116, 0.36214435461189254, 0.3621224603218734, 0.36210051736207444, 0.36207844876696327, 0.3620563659466626, 0.36203431989688534, 0.3620122021863734, 0.36198998417880307, 0.3619677700694938, 0.3619455671248291, 0.36192327940091684, 0.3619009185823481, 0.361878570425231, 0.36185620656760964, 0.36183375608811735, 0.36181125903167355, 0.36178877160444456, 0.3617662460406492, 0.36174364177892543, 0.36172101157030867, 0.3616983800934942, 0.3616756941438167, 0.3616529447117435, 0.36163019401779056, 0.36160814279367975, 0.3615860160436069, 0.3615639018952873, 0.361541756801883, 0.36151952416290234, 0.3614972667678471, 0.36147500587249887, 0.36145267609146603, 0.3614302890008898, 0.3614078957703779, 0.3613854601604162, 0.36136295478779296, 0.3613404234721951, 0.3613178705920418, 0.36129525602808726, 0.3612725956572419, 0.36124963981474906, 0.36122664127303045, 0.36120359631244536, 0.3611733053325366, 0.3611514796360549, 0.36112826305382756, 0.3611049702710312, 0.3610828295390409, 0.36106003109818074, 0.3610364961582158, 0.36101383407204896, 0.3609912294925915, 0.36096774341657284, 0.3609445962106773, 0.36092192168735443, 0.3608985910384569, 0.36087512288213247, 0.36085219822320763, 0.36082897976601697, 0.3608053630929042, 0.3607821261026008, 0.3607588253148164, 0.36073505586728366, 0.3607113128750306, 0.36068761519554077, 0.3606637817950657, 0.36063989442176797, 0.36061605918355377, 0.36059215030380076, 0.360568148714187, 0.360544167802775, 0.3605201597900344, 0.3604960592864401, 0.3604719404817882, 0.3604478127003795, 0.3604167147802506, 0.3603935787932388, 0.36036935429185407, 0.36034521927011126, 0.36032185548641654, 0.36029777778022914, 0.3602734208699717, 0.36024975519581576, 0.36022573909244465, 0.3602012665175341, 0.36017731019198274, 0.3601532773104679, 0.3601287488959926, 0.36010453428486344, 0.36008041411245756, 0.3600558512574443, 0.36003142131183874, 0.36000716708167163, 0.35998256507608484, 0.35995796093546856, 0.359933548757361, 0.35990886044892867, 0.359883985342103, 0.35985917112282073, 0.3598342700440974, 0.3598092890022577, 0.35978435011990667, 0.35975935915075163, 0.35973427955094234, 0.35970921938273975, 0.3596841299502447, 0.35965895508914286, 0.35963377830448534, 0.35960858488582315, 0.3595833144077403, 0.3595580255287476, 0.3595327245610403, 0.3595073570234304, 0.3594819591883009, 0.3594565487364736, 0.3594310816134776, 0.35940557694249603, 0.3593800560044186, 0.35935448613656457, 0.35932887519955553, 0.3593032427782385, 0.3592775644804695, 0.3592518462999847, 0.3592261008796345, 0.35920031471659664, 0.3591744864124555, 0.35914862519288504, 0.35911640309089204, 0.35909150563165093, 0.3590654032489516, 0.35903986553127315, 0.35901472931456446, 0.35898861738661164, 0.3589629661195428, 0.3589376107912955, 0.3589114667867557, 0.35888570921536006, 0.3588601508652835, 0.35883395871997953, 0.3588080959289004, 0.3587823486957328, 0.35875609640569733, 0.35873012690698297, 0.35870294181488394, 0.35867592630737294, 0.3586482819764521, 0.35861995207123626, 0.3585923322073954, 0.35857135939116874, 0.3585447672957663, 0.35851778243104754, 0.35849083892061645, 0.3584640847970958, 0.3584365416455283, 0.3584092010490566, 0.3583822000457683, 0.3583524809836253, 0.35832174923452675, 0.3582926627086825, 0.35827130789839123, 0.3582445485358132, 0.3582113202830262, 0.3581825148070127, 0.3581583039761293, 0.35813033728176064, 0.35811084944183835, 0.3580758550581154, 0.3580681825136346, 0.3580266167454223, 0.3580145474189187, 0.35798643575231387, 0.35795934104604954, 0.3579320587121474, 0.3579029124662714, 0.35787706847475237, 0.3578436382662436, 0.35781186081886174, 0.3577862579116942, 0.35776469353515417, 0.3577400657009933, 0.35770678360712, 0.35766668733596224, 0.35763760953960266, 0.35761115825595713, 0.35759021875627667, 0.3575585354004967, 0.3575344423293058, 0.3575071818721897, 0.3574811849773528, 0.3574568407514736, 0.3574286662069863, 0.35740204397301506, 0.35736957780037104, 0.35734456382248736, 0.35731712600371957, 0.35729263212813483, 0.3572647198541855, 0.3572385744434729, 0.3572113181753114, 0.35718354318892653, 0.3571562884263015, 0.3571284320914756, 0.357100677546266, 0.35707308645746383, 0.35704504732017545, 0.3570172525499229, 0.35698938398062047, 0.3569612593770849, 0.35693337358008265, 0.3569052803892054, 0.35687710677971735, 0.35684908104594276, 0.3568208127305, 0.35679258372291806, 0.35676437466943195, 0.35673597281259056, 0.3567076375145861, 0.35667922152194537, 0.3566506945513448, 0.35662216911525496, 0.35658872991487417, 0.35656193353042, 0.35653190952946995, 0.3565052671863562, 0.676451076346694, 1.6042103897208833, 0.4020757295371873, 1.0131149583031798, 1.4964664706102775, 1.5508263825161535, 1.2516973746078024, 0.800809695285093, 0.43638452573260783, 0.393054153132338, 0.7778329293067153, 0.915088264300567, 0.537878233200919, 0.3659376875447253, 0.41126622261455714, 0.5321006085049282, 0.6239486107151498, 0.639040415741727, 0.5787255458640925, 0.4796034558057436, 0.39384276079554276, 0.3675134381155415, 0.4127656540356143, 0.4827215055897521, 0.49810519745932746, 0.4454340485086732, 0.3870841905866557, 0.3677388171109593, 0.3855302558045306, 0.41541384614531685, 0.4335089084832346, 0.42911170608593224, 0.40679749290197714, 0.3812773090326697, 0.36856529803322746, 0.3751783036655251, 0.3925121455000226, 0.4025532189939126, 0.3956460807386091, 0.3798419046618461, 0.369607686565176, 0.37085148197418183, 0.3790479757329098, 0.38578240550031045, 0.3855540201944296, 0.37906058812759014, 0.37156546348393377, 0.36861787577972505, 0.3715797275118719, 0.3764074316386015, 0.37771198624559266, 0.37419465067900276, 0.3695772271837124, 0.36783833443215563, 0.36950652480670154, 0.37197103176312746, 0.37248624989909235, 0.3705283711241903, 0.3678819582891233, 0.3667340656762679, 0.367631340248194, 0.3690132724217886, 0.36900089737758585, 0.3674674882589535, 0.3659660521410936, 0.3657262718289241, 0.36642059296247104, 0.36687059856243065, 0.3663558700618058, 0.3652762997393765, 0.3645814206811909, 0.36468976642790546, 0.36506168326939026, 0.364940920189601, 0.36426898939421926, 0.3636474112346739, 0.3635059839380377, 0.36366726637596725, 0.3636186610237642, 0.3632037037764311, 0.36271447749867297, 0.36250060059153344, 0.36252389571516647, 0.36247445196985956, 0.36216851811120515, 0.3618042302963684, 0.36163252926008843, 0.3615882692302893, 0.36149271609036243, 0.361253319015261, 0.36098001559857545, 0.360837388028977, 0.36077330005436825, 0.3606496442813641, 0.3604380662324496, 0.3602331459787194, 0.3601152605722471, 0.3600323573513528, 0.35989375842038407, 0.35970300794133186, 0.3595547012402236, 0.3594632331771794, 0.35936819940069165, 0.35922739520034386, 0.3590783718233803, 0.358966647437231, 0.3588722663869397, 0.358767517315164, 0.3586342348685662, 0.3585227313920933, 0.3584311144915173, 0.3583271129787467, 0.35823042763962304, 0.3581230739249939, 0.3580294204432756, 0.35795006095997056, 0.3578528313046187, 0.3577511483049143, 0.357660134729578, 0.35758318916627546, 0.35750192192120295, 0.3574180612269022, 0.3573389718328819, 0.3572673009547038, 0.3571944313468342, 0.35711589886809614, 0.35704249719994524, 0.35698587295632334, 0.3569153139020957, 0.3568534801504482, 0.35678392423724636, 0.3567240822794238, 0.35666371993586776, 0.35660048203954325, 0.35653835067134937, 0.3564800920107914, 0.35642144654837365, 0.3563634928785058, 0.3563087251483776, 0.356260539369536, 0.3562100937916386, 0.3561576053325824, 0.3561135263719788, 0.356068531273343, 0.3560231139611212, 0.35597533445053847, 0.3559336456417625, 0.355893262197562, 0.35585292046563616, 0.35581274808332847, 0.35577382672022, 0.35573584060966607, 0.3556981099667962, 0.35566082708663405, 0.355620901415184, 0.35558794215722284, 0.3555555013303968, 0.35552370613482603, 0.3554924189935481, 0.35544957747070655, 0.3554225479268134, 0.35539088972904764, 0.3553629941023131, 0.3553293480366024, 0.3553039726183261, 0.35527687519288814, 0.3552495078422185, 0.3552225561434955, 0.3551905577451009, 0.35516130878759006, 0.35514551571637126, 0.3551124169282034, 0.35508609477490727, 0.3550659630521749, 0.35504305924691876, 0.3550206209477929, 0.35499868821236336, 0.3549771570288523, 0.35495611268781874, 0.3549355806605121, 0.35491547283909475, 0.3548931113792353, 0.35487551541230666, 0.3548580592477038, 0.3548399217611667, 0.3548218760319016, 0.3548036637591796, 0.3547804646484081, 0.35476981803839125, 0.3547397776217674, 0.35473665338779486, 0.3547184888507665, 0.3546982363045591, 0.3546869606718271, 0.3546684694254206, 0.35465072344754345, 0.35464159234360076, 0.35462655705848933, 0.3546105261276557, 0.3545947134620487, 0.3545784622285783, 0.3545601145366688, 0.3545463705827167, 0.3545359179481798, 0.354520758560074, 0.3545098648058022, 0.3544975760831162, 0.35448495294626503, 0.3544700663352306, 0.35445657048601675, 0.35444280967651415, 0.3544325115423227, 0.35442442881088154, 0.35440392230759304, 0.3543948688449983, 0.35438927845586915, 0.35437888516620664, 0.3543645237116427, 0.3543536131299981, 0.35434151548609377, 0.3543291000078947, 0.3543218673215476, 0.35431047873414734, 0.354299065754164, 0.35428767483870194, 0.35427616006928636, 0.3542643476379461, 0.3542513425333704, 0.3542389781583394, 0.35422558859168646, 0.3542169711716199, 0.35420801427015997, 0.3541993289793115, 0.35419064185480637, 0.3541818222870038, 0.35417135127749066, 0.3541615768132188, 0.35415020368333217, 0.3541399763751596, 0.3541296952607242, 0.35411784509888383, 0.3541073499515812, 0.3540968698585493, 0.3540863918072526, 0.35407589525839583, 0.35406410481719824, 0.35405355218699586, 0.3540430411893993, 0.3540325802129525, 0.3540221488583672, 0.3540117153419562, 0.3540012700244483, 0.35399083521821506, 0.35398043867310375, 0.3539700870808583, 0.3539590380650214, 0.3539487189869741, 0.3539383919659551, 0.3539280874048627, 0.35391782611550976, 0.3539076008624891, 0.353897383306017, 0.35388715176805563, 0.3538769122264664, 0.353868743838608, 0.3538604137889449, 0.3538518675551521, 0.3538432352196612, 0.3538343798237919, 0.35381902594417824, 0.3538108874232437, 0.35380249068203773, 0.35379376669461887, 0.3537848971225832, 0.35377608437084623, 0.35376735608079923, 0.35375853788063893, 0.35374911707274176, 0.35373962985804197, 0.353730119673221, 0.3537206135382764, 0.35371110270245, 0.3537015588045326, 0.35368603722202796, 0.35367720608152026, 0.35366830267697336, 0.3536592809015701, 0.3536501686880185, 0.3536410207689733, 0.3536318787533638, 0.35362271552878616, 0.35361348508378326, 0.3536041748505012, 0.3535948161876891, 0.3535854416787206, 0.35357605150494353, 0.35356662457649723, 0.35355714493800994, 0.35354746879216686, 0.35353774959299816, 0.3535280200920883, 0.3535182745592607, 0.3535085043448183, 0.3534987077846418, 0.3534888914309431, 0.3534790616369992, 0.3534692178339518, 0.35345935407026335, 0.3534494662750282, 0.35343955679149486, 0.35342963095821306, 0.3534196908376235, 0.3534097335974202, 0.35339975519673245, 0.3533897552315205, 0.35337973710009807, 0.3533697036795392, 0.3533596543824951, 0.3533495863052481, 0.3533394978348006, 0.3533293905004714, 0.35331926695685295, 0.353309127851596, 0.35329897151350453, 0.3532887962380856, 0.353278602286198, 0.3532683914784368, 0.3532581650233497, 0.3532479222472013, 0.353237661772149, 0.3532273832485518, 0.35321708770485, 0.3532067763294776, 0.35319644913282267, 0.35318610513688214, 0.3531757437801313, 0.35316536559007256, 0.3531549715119886, 0.3531445618218622, 0.3531341359677422, 0.3531236934191427, 0.35311323431661434, 0.3531027593262422, 0.3530922688808849, 0.35308176270900915, 0.35307124036273424, 0.35306070180041593, 0.3530501474722923, 0.35303957774569467, 0.35302899257509485, 0.3530183916133935, 0.35300777476787465, 0.35299714229994444, 0.35298649453354364, 0.35297583150442996, 0.3529651529794799, 0.35295445881433557, 0.3529437491856987, 0.3529330243610254, 0.3529222843988331, 0.3529115291546072, 0.35290075849968355, 0.3528899725081487, 0.3528791714145832, 0.3528683553112022, 0.3528575240652452, 0.35284667756714155, 0.35283581587794133, 0.3528249391741939, 0.3528077215632134, 0.35279706467091726, 0.3527863184059896, 0.3527753358035843, 0.3527642775965672, 0.35275336135957874, 0.3527425804778124, 0.35273173519687323, 0.35272070583989706, 0.35270960975255145, 0.35269861740864134, 0.35268772758623407, 0.3526767868968135, 0.3526657021333074, 0.3526545625137369, 0.3526434994870483, 0.3526325113583044, 0.3526214792821634, 0.3526103336639901, 0.35259914474752124, 0.3525880131494568, 0.35257693396611284, 0.35256581412366106, 0.3525546039531451, 0.3525433613696839, 0.3525321619336811, 0.3525209964681773, 0.3525097919237019, 0.35249851553256306, 0.35248721587193704, 0.3524759485514198, 0.3524647004830539, 0.35245341452187373, 0.35244207133346983, 0.35243071228257405, 0.35241937671098783, 0.3524080486748541, 0.35239668410868324, 0.3523852740384289, 0.35237385374892577, 0.3523624492954317, 0.352351042988149, 0.35233960322980473, 0.35232812113198736, 0.3523166293664508, 0.3523051457000643, 0.352293658609568, 0.3522821403337239, 0.35227058815567464, 0.35225902567915307, 0.3522474678562728, 0.35223590150192274, 0.35222430612016287, 0.35221268243898535, 0.35220104923750856, 0.35218941574349877, 0.35217776999370076, 0.3521660974896948, 0.35215440112697444, 0.3521426956138367, 0.352130985996632, 0.35211926159142853, 0.35210751234769083, 0.35209574286254147, 0.35208396452377305, 0.35207217882746483, 0.35206037649842087, 0.3520485512292844, 0.35203670861314595, 0.35202485702378056, 0.3520129954195589, 0.3520011160180357, 0.3519892156827547, 0.35197730030211416, 0.35196537518702226, 0.3519534379503064, 0.35194148257582053, 0.35192950837309156, 0.3519175205953595, 0.35190552211066284, 0.351893509706025, 0.35188147938918113, 0.35186943233384493, 0.351857372525827, 0.35184530083314186, 0.3518332140402433, 0.35182111018944356, 0.3518089910829545, 0.3517968594378684, 0.35178471477765233, 0.3517725547083632, 0.3517603784117671, 0.35174818776228794, 0.35173598444805587, 0.3517237674633138, 0.3517115349006795, 0.35169928694760827, 0.35168702525735573, 0.3516747505473775, 0.35166246165371695, 0.3516501575945854, 0.3516378386920284, 0.35162550618973715, 0.35161316038839335, 0.3516008003416639, 0.3515884252818371, 0.3515760358243662, 0.35156363308318733, 0.351551216731579, 0.3515387859888227, 0.3515263403954643, 0.35151388091811936, 0.3515014083086414, 0.35148892183872155, 0.351476420636105, 0.35146390522892984, 0.3514513762660665, 0.35143883392673564, 0.3514262773061328, 0.3514137062967324, 0.3514011216383681, 0.35138852343581894, 0.35137591141439733, 0.3513632852235306, 0.35135064503814223, 0.3513379913309793, 0.3513253238903584, 0.3513126424786606, 0.351299947187743, 0.3512872380543556, 0.35127451538285565, 0.42440641111989824, 1.297542728628853, 0.6274733222360971, 0.5503086437794055, 0.6285936440811258, 0.3570331842992394, 0.5345464957880467, 0.6055181864756326, 0.4847078867344132, 0.3572722129534061, 0.42798884644216795, 0.5147564563457281, 0.38790060822453304, 0.36120044869523243, 0.4234152255289922, 0.4526417579269007, 0.4138249498205439, 0.36160888758179116, 0.3682222329016743, 0.4143955239037519, 0.4003127187918292, 0.35963008097045585, 0.3633436594838067, 0.3888268475753756, 0.39263930231797234, 0.3710142835216008, 0.3558920622708728, 0.3685590492171762, 0.38190635775478304, 0.3687948124767173, 0.3563048995050939, 0.36336090471478316, 0.37268708878770357, 0.36830282422890365, 0.3579453068440684, 0.35829866948620304, 0.366348837036074, 0.364691134347435, 0.3569906407522644, 0.3575362980831804, 0.3626064064431402, 0.3617250339935225, 0.35657343371653205, 0.35625648911885305, 0.35998409191473074, 0.35893817437064873, 0.3553017676618168, 0.35603238448432023, 0.35819496044372107, 0.35676775184908993, 0.3544978147740498, 0.3555017821418756, 0.3565749038022853, 0.3548075778594765, 0.35391401139162965, 0.3550704220420539, 0.3549561794201161, 0.3535282270623314, 0.35358947484586556, 0.3543012475362052, 0.35343907537407887, 0.3528078062333645, 0.35336243080122337, 0.35319538846876336, 0.3524137028464244, 0.35254604568478776, 0.3527359592021394, 0.35212067128503555, 0.35198772198603234, 0.35222405971169546, 0.3518494216195172, 0.35156151995992846, 0.35175487511082487, 0.35154334217001254, 0.3512431310348401, 0.35134725799637956, 0.3512302662324264, 0.3509667913478438, 0.35102003367260626, 0.35094413112704176, 0.3507170785857872, 0.3507552491935183, 0.35068375842019406, 0.35050929897884475, 0.3505103169495301, 0.35044412291364924, 0.35030848234497014, 0.3503096849538619, 0.3502402783033976, 0.3501402989716696, 0.35014273073345953, 0.3500607255606533, 0.34999636725334926, 0.34998795218642803, 0.34990962296334566, 0.34987297627097236, 0.34984307073652976, 0.3497765428809594, 0.34975499597346893, 0.34972010130849274, 0.34966926557171296, 0.3496588648974216, 0.3496170021132086, 0.3495807968613585, 0.34956353688377495, 0.3495226101331554, 0.3494925929909748, 0.34947359988348903, 0.3494371829859171, 0.3494193387606796, 0.34939069930091926, 0.3493630591260952, 0.34934177404393146, 0.34931359813221746, 0.3492962397364776, 0.3492714799456051, 0.34924869359689087, 0.34923156900011365, 0.3492088973036235, 0.3491907909977633, 0.3491747062020568, 0.3491569787167727, 0.34913844202588984, 0.3491192063913457, 0.3491026987665006, 0.3490874651792483, 0.3490728323953822, 0.3490580166511465, 0.3490403918602348, 0.34902504601848733, 0.3490091004867659, 0.348994370015922, 0.34897956988943674, 0.34896329192042413, 0.34894850063056226, 0.3489334026092086, 0.34891933270590275, 0.3489001694218099, 0.3488849741652054, 0.348871103458479, 0.34885822356006885, 0.34884540364870864, 0.34883072958564365, 0.3488160498144245, 0.3488021356521601, 0.3487887610832665, 0.348774809022945, 0.3487599354606243, 0.3487454696515188, 0.34873137595967174, 0.34871743473182404, 0.348702784292625, 0.348671148151776, 0.3486645953715666, 0.3486448577552612, 0.34863521794125824, 0.3486204727521549, 0.348605748841381, 0.34859057915281383, 0.348567321815282, 0.34854625299317926, 0.3485328059233936, 0.34852964685104015, 0.34851387181237237, 0.3484965203104398, 0.34847604172919666, 0.3484588097929669, 0.34844433576478784, 0.3484293754574659, 0.34841454412281314, 0.3484002712321311, 0.3483860227972931, 0.3483710635516339, 0.3483559852724967, 0.34834156664348326, 0.34832893044774543, 0.34831375870266496, 0.3482983399356205, 0.3482835076939047, 0.34827047912803194, 0.34825486595982214, 0.34823914251544114, 0.348223397875163, 0.34819844872297406, 0.3481824338909796, 0.3481665775000707, 0.3481507635883787, 0.34813474780445214, 0.3481186106153555, 0.3481025798797059, 0.3480866248250762, 0.34807052761802293, 0.3480542822696951, 0.3480380901199562, 0.34802198008820934, 0.34800577771995106, 0.3479894261694198, 0.3479730843948855, 0.3479568159800523, 0.34794048988831155, 0.3479240269131194, 0.3479075440080468, 0.3478911186469043, 0.3478746568610414, 0.3478580748819892, 0.34784145541602296, 0.3478248764219736, 0.34780827173486045, 0.34779156332889144, 0.34777480875060207, 0.3477580792457045, 0.3477413283639956, 0.34772448737010575, 0.3477075974038852, 0.34769072021260317, 0.3476738215548074, 0.347656843851683, 0.34763981779872394, 0.3476320192801577, 0.3476138578890705, 0.347596672419091, 0.34757949519593434, 0.3475622803242637, 0.3475447991279385, 0.3475257624850283, 0.3475103224678975, 0.347492836861538, 0.34747310560005024, 0.34745586724567856, 0.34744042310011325, 0.3474206711678387, 0.34740264584280117, 0.3473854350359417, 0.34736792741190725, 0.347349649595332, 0.347331690540592, 0.34731431815896835, 0.3472964950266921, 0.3472781505777842, 0.3472602436108088, 0.3472426623769207, 0.3472245595972373, 0.34720620664581126, 0.3471883053533064, 0.34717047523790334, 0.34715215528121796, 0.34713382380718705, 0.3471158627846776, 0.3470977665475688, 0.34707930374124496, 0.3470609911014146, 0.3470429015700967, 0.3470245569466272, 0.3470046445610485, 0.34698783237880887, 0.3469693775657421, 0.34694939266169017, 0.34693115130184754, 0.34691273548262946, 0.34689396260875743, 0.3468753983354825, 0.3468570174312857, 0.346838324231915, 0.3468195096191584, 0.3468009471123063, 0.3467823423432108, 0.3467634586006658, 0.3467446498449054, 0.3467259942239181, 0.3467071494346057, 0.3466881720044739, 0.3466693471869784, 0.34665051609944136, 0.3466314823500239, 0.346612468637382, 0.3465935599157958, 0.34657452305551656, 0.34655537799523267, 0.3465363249973194, 0.3465172623592074, 0.3464980527357746, 0.3464788484262048, 0.34645970571349266, 0.3464404619991574, 0.34642114079767583, 0.346401877555048, 0.346382588141079, 0.3463631939390113, 0.3463438028749804, 0.3463244368461695, 0.3463049845663356, 0.3462854825529107, 0.346266014587218, 0.3462465057391255, 0.34622691633810887, 0.34620733685931, 0.34618775610104585, 0.346168097257821, 0.3461484119891848, 0.3461287424962636, 0.34610901825616835, 0.34608924044211054, 0.3460694731543976, 0.34605078177238435, 0.34602967846936594, 0.34601112796626016, 0.3459911052230087, 0.3459710459451348, 0.34595127869591036, 0.3459313108053657, 0.34591112221629206, 0.3458911739519012, 0.3458712131482952, 0.34585096340755217, 0.3458308271003822, 0.3458108170533476, 0.34579055760569233, 0.34577026715320835, 0.3457501542679608, 0.3457298918046066, 0.3457094916259495, 0.34568924651408667, 0.34566896103648026, 0.34564849124257724, 0.3456281089138935, 0.3456077707109865, 0.34558725635106674, 0.3455667484339116, 0.34554632848126554, 0.3455257780260572, 0.3455051650095627, 0.3454846443467495, 0.3454640514853891, 0.34544335525407743, 0.3454240123734673, 0.3454032025495462, 0.3453824790392465, 0.3453617402181132, 0.34534086724265606, 0.3453200044282623, 0.34529915947180123, 0.34527821805238, 0.34525723242105977, 0.3452374394736149, 0.3452163128210657, 0.34518931182955975, 0.34516792151807113, 0.34514691968274214, 0.3451258477354197, 0.34510438453190606, 0.3450831770154904, 0.345062079922665, 0.3450405935978446, 0.3450192103272227, 0.3449980322721433, 0.3449765423545372, 0.3449550111796663, 0.34493371651685023, 0.34491221796161664, 0.3448905737520811, 0.3448691458923349, 0.34484762044484424, 0.344825891910763, 0.3448043225120872, 0.3447827476390904, 0.3447610195915196, 0.34473938454295316, 0.3447176206786556, 0.3446963714119647, 0.3446747677904352, 0.34465291982672414, 0.3446315167352118, 0.34460982817632735, 0.34458794146016236, 0.3445664210920802, 0.3445446424933174, 0.34452271289715514, 0.3445010798223849, 0.3444792104789997, 0.34445723228249664, 0.3444354908889057, 0.34441353060886243, 0.34439150014860737, 0.34436965337169795, 0.3443476030095548, 0.3443255168905727, 0.3443035663325849, 0.3442814294509508, 0.3442592835890074, 0.3442372304122374, 0.3442150097913217, 0.3441928011374167, 0.3441706472052996, 0.344148344837887, 0.3441260698274815, 0.3441038164203198, 0.3440814347185837, 0.34405908960639153, 0.3440367374710803, 0.34401427953003283, 0.3439918604132192, 0.34396941089129424, 0.343946878973173, 0.3439243821949551, 0.3439018379909948, 0.34387923381228214, 0.3438566553237472, 0.34383401994438945, 0.3438113436818637, 0.3437886814069151, 0.34376595801208076, 0.3437432090530044, 0.3437204608727394, 0.3436976526594654, 0.34367483031650353, 0.34365078130601834, 0.3436278534868771, 0.3436048550879348, 0.3435818643723055, 0.34355884340070086, 0.34353577025243215, 0.3435126993063978, 0.343489589633306, 0.3434664422194493, 0.3434432890884383, 0.3434200945956775, 0.3433968726127384, 0.3433724977350481, 0.3433491908175123, 0.343325872952886, 0.3433025116174251, 0.3432791313467851, 0.3432557356538623, 0.34323229522884285, 0.34320884319686457, 0.3431853681106158, 0.34316185167144847, 0.3431383280699858, 0.3431147728699298, 0.3430911836867117, 0.34306758734088433, 0.34304395285677397, 0.34302029352830216, 0.3429966225637724, 0.34297291102959826, 0.3429483708262218, 0.3429246003612588, 0.3429008405452421, 0.34287703054030216, 0.3428531988891519, 0.34282936601025377, 0.3428054809379946, 0.34278158826729827, 0.3427576789495444, 0.34273372432690263, 0.3427097683749469, 0.3426857819621119, 0.3426617624528662, 0.3426377394380599, 0.34261367799244036, 0.3425895959680271, 0.3425655024395811, 0.3425413765349532, 0.3425172434454971, 0.3424930878723599, 0.3424689021075251, 0.34244470304541536, 0.34242047563419786, 0.3423962245796113, 0.34237195728669795, 0.342347659895712, 0.3423233441692634, 0.34229900711279987, 0.3422746422275189, 0.34225026097408856, 0.34222585401676175, 0.3422014235955703, 0.3421769753817157, 0.3421522765976869, 0.34212777232288966, 0.3421032847828553, 0.34207873238401615, 0.34205417991301024, 0.3420296130659301, 0.34200510836602127, 0.3419805257490246, 0.3419561816628983, 0.3419315600658649, 0.3419069759816782, 0.341882329769833, 0.3418576665491357, 0.3418330106913634, 0.34180828288393217, 0.3417835808674827, 0.34175882950033887, 0.34173405317720557, 0.34170928480019974, 0.34168445123682334, 0.3416602034989286]