Model Setup for Atypical Patient 6:
ITERS=3000
LEARNING_RATE=0.001
OPT_RESET=500
ATOL=1e-09
RTOL=1e-07
METHOD=dopri5
Input channels=2
Hidden channels=11
Output channels=2
Runtime=523.7627120018005
Optimizer=Adam (
Parameter Group 0
    amsgrad: False
    betas: (0.9, 0.999)
    capturable: False
    differentiable: False
    eps: 1e-08
    foreach: None
    fused: None
    lr: 0.001
    maximize: False
    weight_decay: 0
)Loss over time=[1156.9282289461642, 1100.7582099088386, 1063.3465578177922, 1033.9815174724283, 1009.3687426104757, 987.9561599331383, 968.8603267488903, 951.5792857346045, 935.7035175753634, 921.0257589696243, 907.3385194529624, 894.4916358562218, 882.3735584245627, 870.9083652734561, 860.0063184089643, 849.5955266741362, 839.6502557138375, 830.1195883768531, 820.9659674438783, 812.1575649115414, 803.6686884722423, 795.457386710923, 787.5138243008656, 779.8313894602895, 772.3843745465155, 765.1577064114721, 758.1241939996893, 751.2865375083489, 744.6359384055894, 738.1532221416488, 731.828719347938, 725.6737614485439, 719.6444003034817, 713.7584873089385, 708.0185062472303, 702.3935430989568, 696.8952077638464, 691.4920086492027, 686.2235414498723, 681.0471884814032, 675.9805582605235, 670.9952643665237, 666.1220364715992, 661.3319522070823, 656.6199157983754, 652.00309130019, 647.4560207901792, 643.001212243718, 638.6151404253117, 634.2942616530904, 630.0508883641011, 625.8779584071988, 621.76257611429, 617.7245499915975, 613.7356588376459, 609.8071601414429, 605.9478075989192, 602.1399611105137, 598.390274715682, 594.6887713222774, 591.0444450835926, 587.4534415398658, 583.9061637100679, 580.4052490100829, 576.961926421667, 573.5585770253825, 570.1944324656744, 566.885055943737, 563.6104801180594, 560.388311323917, 557.1938386109472, 554.0471725590701, 550.9402608333572, 547.8691528840385, 544.8370507990277, 541.8402666573306, 538.8811863125284, 535.9607945900966, 533.0658599022106, 530.2074656925003, 527.3837334363965, 524.5919218612066, 521.8361503534114, 519.1025615115345, 516.4017433076779, 513.7343831388097, 511.086839638399, 508.4846502646698, 505.899809516294, 503.3453490395053, 500.81562797609365, 498.3133530310228, 495.83655642410355, 493.38531576447735, 490.96504493136325, 488.5629878068658, 486.18543468951543, 483.8339856912034, 481.51036412866, 479.20299820105504, 476.92027763689725, 474.65747513927687, 472.42253327671443, 470.20482018280677, 468.0087568917684, 465.83631352702866, 463.68210147788994, 461.5482637813427, 459.43402164845025, 457.34179265690915, 455.26517023995126, 453.2094268296874, 451.1758578275836, 449.1537523138702, 447.15332804321463, 445.17318949177735, 443.2077019079361, 441.2590144180527, 439.32399639816884, 437.41187495333327, 435.5183958284275, 433.63730089306375, 431.77739705234376, 429.930069031707, 428.09532398859534, 426.2815488189499, 424.4831527175587, 422.6997547245177, 420.9315590217418, 419.1798313422362, 417.44227546558176, 415.71974363513107, 414.01166510588826, 412.3207758170184, 410.6401275280704, 408.97514835824785, 407.3229914393238, 405.68758833406866, 404.0640842913743, 402.4514199832653, 400.85298432502566, 399.270453549631, 397.7005464702977, 396.14226868434326, 394.59664659450317, 393.0593625309391, 391.53907295519474, 390.029284670899, 388.5325914833471, 387.04501544566864, 385.5692681669449, 384.1089779953558, 382.65571620932644, 381.2140630500824, 379.7840498185332, 378.36586025330774, 376.95584568122734, 375.5575505714832, 374.17124995357204, 372.79290945642043, 371.425278914852, 370.06766394364286, 368.72068739404875, 367.38130820553505, 366.0528320407418, 364.7363453076683, 363.42521363271936, 362.12738483666595, 360.83709003942494, 359.5541248523642, 358.2821905012379, 357.0183906396372, 355.7654505523826, 354.5199144451208, 353.2830222272091, 352.0527661700604, 350.8344866818043, 349.6221373807219, 348.4184486773156, 347.2207518370358, 346.0325839836033, 344.85309871230544, 343.68249394359253, 342.51806188836923, 341.36201427419087, 340.2122486269888, 339.0702844361918, 337.9355738627255, 336.8086937422923, 335.6885411900727, 334.57366350469056, 333.4703998966925, 332.37163698902236, 331.27792555262323, 330.1953965861458, 329.1160998678657, 328.04700262916015, 326.98123846327746, 325.9244797646905, 324.8723463210097, 323.82870945935747, 322.79104350266135, 321.7592726526905, 320.7333316924631, 319.71383305902805, 318.701801458048, 317.6945106115591, 316.69209847284145, 315.69827036254577, 314.70827766666736, 313.72575319166674, 312.7473475120396, 311.77731508940167, 310.81060282292054, 309.85147005501284, 308.8981792501343, 307.9486411374209, 307.00456272320804, 306.06745276760506, 305.13565773064323, 304.20782427392777, 303.28721634826934, 302.36741417756997, 301.45823007264994, 300.5530678962048, 299.6503948098471, 298.75535930572846, 297.8650893786088, 296.97889078800324, 296.1006271035058, 295.22191903424516, 294.35180024470014, 293.4853353255136, 292.6256815155726, 291.7689261680824, 290.91751542803416, 290.0703878365401, 289.2279409087205, 288.38933991757466, 287.5583578495882, 286.7290472034624, 285.90545540888763, 285.08662778222674, 284.27179029693144, 283.4603704554481, 282.6549024056846, 281.8537596230915, 281.0566780924837, 280.26415247981896, 279.4736665232712, 278.6885297702994, 277.9096919959355, 277.13201954940564, 276.3586299868629, 275.5912766869188, 274.8268544599762, 274.0666879225398, 273.31018492915314, 272.55727655037066, 271.8092661763156, 271.0653453113441, 270.32368184089853, 269.5851565905214, 268.852791302701, 268.12357597092375, 267.397160011611, 266.67575981422834, 265.95749188336504, 265.2427440893068, 264.5304362831672, 263.824106061262, 263.1199557014649, 262.4199711508151, 261.723154586837, 261.0301017435138, 260.33829126407943, 259.65356400985644, 258.96950954130006, 258.29097504003875, 257.6134488768382, 256.94194076063394, 256.2720245910549, 255.60578234247913, 254.9422739648866, 254.28169998965214, 253.6266141036899, 252.97295667669442, 252.3209984729643, 251.6742549980049, 251.0309506077335, 250.38969451327404, 249.75138911894012, 249.11630020210086, 248.48496682020547, 247.85509412102166, 247.2288301681247, 246.6067131525629, 245.98686433525555, 245.36935586136667, 244.7551552396798, 244.14313602474903, 243.5341650702181, 242.93006982593354, 242.32736842962424, 241.72717509918604, 241.12905852654401, 240.53439351922205, 239.94334782420884, 239.35410965798718, 238.7681905540956, 238.18440848601583, 237.60235658447652, 237.02442478862906, 236.44877596751965, 235.8765700002286, 235.30606300783, 234.73842902419972, 234.17286293210572, 233.608836499244, 233.04860380618848, 232.49185839246923, 231.9348854507918, 231.383826536127, 230.83235490404684, 230.28424560872125, 229.7395705118017, 229.1956360510654, 228.65427013749013, 228.11568154167134, 227.579826100105, 227.0460562235204, 226.51535985280495, 225.98456830635504, 225.4574032206143, 224.93303346690266, 224.411965684933, 223.89210724559408, 223.37445969822892, 222.8577907487446, 222.34584670903902, 221.83439179702748, 221.3255180719999, 220.8190510916797, 220.31333178484172, 219.8101837126136, 219.31075256312945, 218.810992340565, 218.31522773035852, 217.82201643476807, 217.32889841703965, 216.83989921060927, 216.3500236733569, 215.86515373727497, 215.38112804349782, 214.89849584989142, 214.41931453959148, 213.94084160676223, 213.46493574017805, 212.99059189376504, 212.5178025326777, 212.04812605555563, 211.57905047919303, 211.1131247165679, 210.64766508344593, 210.18455648937734, 209.7250478677204, 209.26529339849722, 208.80648454158663, 208.35375867860554, 207.89867589454443, 207.4465370745248, 206.99651620180046, 206.5490434771555, 206.10342790821335, 205.65897317663175, 205.21436384587375, 204.7733069386636, 204.33566493207215, 203.89617722335709, 203.46269277602138, 203.02856378868876, 202.59532950377772, 202.16329043244787, 201.73627134371674, 201.30887525473602, 200.8831518194324, 200.4569586704348, 200.0349227402059, 199.61436148771648, 199.19632464955077, 198.7791691193137, 198.36233463809256, 197.94776967858496, 197.53683963628072, 197.12505450862156, 196.71554666703753, 196.3073654073436, 195.9010721722849, 195.49519083156372, 195.09243510135647, 194.68883849794994, 194.29079667776668, 193.89110593431568, 193.49502129069253, 193.09848279579322, 192.7046871611982, 192.31152565194068, 191.92084184174607, 191.5303725301318, 191.14172062965062, 190.7551979241719, 190.36946463171492, 189.98573722333876, 189.60253286714263, 189.21992524822463, 188.8411584865028, 188.46133562369516, 188.08484868076283, 187.70945789623113, 187.33654821108885, 186.96204592372143, 186.59040488601286, 186.22141542260235, 185.8516478059249, 185.48512258924663, 185.11673836776993, 184.7542887736108, 184.38913275302522, 184.0265345376056, 183.6665727436265, 183.3065498299957, 182.948257156556, 182.59176958522673, 182.23720578691555, 181.88156889077297, 181.52873268480997, 181.17680776817764, 180.8259334675858, 180.4775205283181, 180.12949930303046, 179.78216739419216, 179.4358152676297, 179.090873632834, 178.74868070965465, 178.40578199042199, 178.06621087465348, 177.72519596602618, 177.387869760428, 177.05125217308452, 176.71392384375824, 176.380141054829, 176.0458873478893, 175.71280450830855, 175.38161550558522, 175.05237836950042, 174.72368320775976, 174.39588997102737, 174.06912180068753, 173.743055918058, 173.41844373009468, 173.09552433809003, 172.77279836077525, 172.4514756179831, 172.13173687447454, 171.8138672354762, 171.49575949383654, 171.17918004517503, 170.8639225915228, 170.5499308763957, 170.23646552853762, 169.92458252086797, 169.61252850941017, 169.30362912264434, 168.9938016023252, 168.6866055362209, 168.3782154763366, 168.07322258624149, 167.76843957556073, 167.46438642979234, 167.16185907606484, 166.8601961950055, 166.5592071431627, 166.25924612853325, 165.9616343306914, 165.66373138947927, 165.36681679273016, 165.07184761406796, 164.77595531785147, 164.48276951702067, 164.19028700336852, 163.89887786516442, 163.6086353976999, 163.31884979748793, 163.03032065216908, 162.74180621164203, 162.45488908907572, 162.1695992841791, 161.88501041385805, 161.60040914478938, 161.31829195156095, 161.03596318869907, 149.88088759140692, 139.91255622999475, 130.89586432243132, 122.44300329845208, 114.5016139177213, 107.03405240825904, 100.01705954780499, 93.432286167685, 87.2616932734714, 81.48700528004566, 76.08935739429445, 71.049580660923, 66.34753176663467, 61.96345718465041, 57.87766718655512, 54.07229236408222, 50.53011761172754, 47.235217999391764, 44.172465727012174, 41.32710498793357, 38.68447171662517, 36.230288922149974, 33.95068414709865, 31.83328968278464, 29.86684464447568, 28.040962437626977, 26.345228397756976, 24.769300743602535, 23.304874849514302, 21.943205036375748, 20.676304782994393, 19.49678628505385, 18.397836105159357, 17.373568500391805, 16.418225130612942, 15.52687262198403, 14.694904564908773, 13.917953699143391, 13.192290805861814, 12.514044873810674, 11.879919344903966, 11.286585426122686, 10.731115846901504, 10.210787763708042, 9.722968819128118, 9.265946626655015, 8.837580873504072, 8.435832455029614, 8.058922407311591, 7.705121849413238, 7.372800687327831, 7.060596779360181, 6.767043573915182, 6.490911138520759, 6.231177411826212, 5.986759455743868, 5.756699195185802, 5.540076445584597, 5.336059481311664, 5.143853363391288, 4.962757460434822, 4.792216210549397, 4.631602496505466, 4.480344051977028, 4.337898438083067, 4.203734151857325, 4.077315053179851, 3.9582003978393163, 3.845982565946338, 3.7402696763928036, 3.6406832348264646, 3.5468629561746527, 3.4584757799790795, 3.3752181784515574, 3.2968089833616885, 3.22297989178265, 3.153470682361339, 3.0880333440241157, 3.026435950329962, 2.9684648478474247, 2.9139215298015246, 2.8626166977123693, 2.814367463241626, 2.768998958750917, 2.7263474948010753, 2.6862616341241847, 2.6485998371414126, 2.6132270965074804, 2.580013357500143, 2.548834452299458, 2.5195738443062514, 2.4921230026294596, 2.4663799307370975, 2.4422472691806005, 2.419631561527105, 2.3983056454177984, 2.3775859971696396, 2.3567728469263995, 2.3353270235636217, 2.314570752312932, 2.295189384095498, 2.277226710742532, 2.2605607189393955, 2.245096885722093, 2.2307283095480765, 2.217302484368261, 2.2047789569395535, 2.1930959972590576, 2.182302796671256, 2.172306136509523, 2.163014721083359, 2.1543917091099827, 2.1463597397972576, 2.1388881397221975, 2.1319094013011894, 2.1254092573268326, 2.1193105198404814, 2.1136034437232194, 2.1082572894968603, 2.103274032119817, 2.0985921101953493, 2.0941935414590387, 2.090092157770851, 2.08623394061351, 2.0826216768319457, 2.079247705751491, 2.076075093313616, 2.0731015570232163, 2.0703179541633556, 2.0677157850451326, 2.065283698965061, 2.06299168566382, 2.060867623200395, 2.0588708076561066, 2.0570021377543957, 2.0552645506174887, 2.053645203930554, 2.0521245016432896, 2.050700906129315, 2.0493660315005546, 2.0481131959952816, 2.0469448974351154, 2.0458576949987615, 2.0448365018515076, 2.043878419606887, 2.0429780259905654, 2.0421318273038622, 2.041335644341419, 2.040586237687226, 2.0398801913148983, 2.0392219378255914, 2.0386077319016214, 2.038032253239946, 2.0374857604964727, 2.0369651227548307, 2.036468157197428, 2.035993235562451, 2.0355400407164628, 2.03510328078707, 2.034682770383367, 2.034277026281472, 2.033884914618521, 2.033505193253944, 2.0331386552789654, 2.0327733379591986, 2.0324325231380596, 2.032099052205091, 2.031771119045933, 2.0314533301848354, 2.0311268968184817, 2.0308370230612383, 2.030534903718609, 2.030240452209138, 2.0299478056756017, 2.0296550291152275, 2.029363270099871, 2.029083642286881, 2.028789892791823, 2.028522324596098, 2.0282553432857027, 2.02797878917378, 2.027709114551183, 2.0274475333714914, 2.027176479553436, 2.0269063377306087, 2.026636970559039, 2.026368320314232, 2.0261001768189772, 2.025832569180851, 2.0255652623063813, 2.025298257725963, 2.025031447242765, 2.0247647298868796, 2.024498004068041, 2.024231196858333, 2.0239642721164284, 2.0236972077281554, 2.023429973464787, 2.0231625302516263, 2.022894840056167, 2.0226268665650524, 2.022358568497285, 2.022089901312013, 2.0218208300606917, 2.021551338711296, 2.021281424506316, 2.0210229504975885, 2.0207403167602367, 2.0204691012073748, 2.0201974242002794, 2.019925268984729, 2.0196526184397956, 2.0193794603395983, 2.019105790919065, 2.0188316129458004, 2.018556930449901, 2.018281745127218, 2.018006055785934, 2.017729858964294, 2.0174531493993233, 2.017175921274434, 2.016898170878626, 2.0166198989116038, 2.016341110141059, 2.016061810830713, 2.0157820061995326, 2.0155016994321455, 2.0152208916419228, 2.0149395823812157, 2.0146577705962745, 2.0143754562791143, 2.014092641739152, 2.0138093317108665, 2.0135255320170415, 2.01324124802878, 2.0129564837245217, 2.0126712414888286, 2.01238552249836, 2.012099327377396, 2.0118126572795347, 2.0115255147283815, 2.011237903656257, 2.0109498287511816, 2.0106612944091906, 2.0103723040430683, 2.010082859978895, 2.009792963660236, 2.00950261612223, 2.0092118187478945, 2.0089205737798395, 2.0086288843481737, 2.00833675400049, 2.00804418606433, 2.00775118326104, 2.0074577475350144, 2.0071638802157548, 2.006869582458561, 2.006574855671623, 2.0062797019174194, 2.005984123660757, 2.0056881237060953, 2.005391704660599, 2.0050948686665597, 2.004797617438983, 2.0044999522895224, 2.0042018745071952, 2.0039033856085493, 2.003604487448293, 2.0033051822856702, 2.00300547246363, 2.0027053602020413, 2.0024048474074814, 2.0021039356613035, 2.0018026264311275, 2.001500921138684, 2.0011988213788756, 2.000896329112959, 2.00059344640023, 2.0002901754509836, 1.9999865182321996, 1.999682476577197, 1.9993780520784576, 1.9990732463257224, 1.9987680609894967, 1.9984624977990142, 1.9981565587079657, 1.9978502457290894, 1.997543560847812, 1.9972365060242347, 1.9969290830859192, 1.9966212937029175, 1.9963131395576375, 1.9960046223337249, 1.995695743916973, 1.995386506266666, 1.9950769112757454, 1.994766960973699, 1.9944566571415194, 1.9941460016024424, 1.9938349960628883, 1.993523642228503, 1.9932119418835017, 1.992899896903787, 1.9925875091339913, 1.9922747805066272, 1.9919617128305556, 1.991648307919949, 1.9913345676008596, 1.99102049355701, 1.990706087440284, 1.9903913510524889, 1.9900762862441572, 1.9897608948738295, 1.9894451786670444, 1.9891291394374875, 1.9888127788917584, 1.9884960987205071, 1.9881791006291927, 1.987861786341626, 1.9875441576247985, 1.9872262161458272, 1.9869079637181344, 1.9865894020684025, 1.9862705328397583, 1.9859513577739292, 1.9856318784368374, 1.9853120966321052, 1.984992014003692, 1.9846716321333928, 1.984350952844401, 1.9840299777164352, 1.9837087085147758, 1.9833871467746496, 1.9830652941762024, 1.9827431522958505, 1.9824207228322712, 1.9820980074011443, 1.9817750076659322, 1.9814517252797919, 1.981128161856712, 1.9808043190506888, 1.980480198388859, 1.980155801557405, 1.979831130156687, 1.9795061858584448, 1.9791809701177754, 1.9788554846380024, 1.9785297309294023, 1.978203710560407, 1.9778774252504774, 1.9775508764708014, 1.9772240659334506, 1.976896995189251, 1.9765696657821665, 1.9762420791505733, 1.9759142369358544, 1.9755861406909496, 1.9752577920980763, 1.9749291926869879, 1.9746003439105386, 1.9742712473640651, 1.9739419044173543, 1.973612316791577, 1.9732824859580023, 1.9729524134303014, 1.9726221007508478, 1.9722915494853197, 1.9719607612674737, 1.9716297374145404, 1.9712984794249018, 1.9709669888242993, 1.9706352672021799, 1.9703033161497174, 1.969971137083462, 1.96963873151615, 1.969306101000393, 1.9689732469263468, 1.968640170794603, 1.9683068741217253, 1.9679733584339063, 1.9676396251938348, 1.9673056759357679, 1.9669715121005404, 1.9666371350904184, 1.9663025463469737, 1.9659677473787212, 1.9656327396101267, 1.9652975246721205, 1.964962103927941, 1.9646264787985728, 1.9642906507101652, 1.9639546210006955, 1.9636183912177245, 1.9632819627532259, 1.9629453371650476, 1.9626085157786202, 1.9622715001232294, 1.9619342915015459, 1.961596891353093, 1.961259301076467, 1.960921521995363, 1.9605835556500573, 1.9602454033661083, 1.959907066669624, 1.9595685468856139, 1.9592298453385282, 1.9588909635761995, 1.958551902838263, 1.9582126645216016, 1.9578732500986253, 1.9575336609636687, 1.9571938985391113, 1.9568539642366167, 1.956513859248153, 1.9561735848665736, 1.95583314265384, 1.955492533993523, 1.9551517601007071, 1.9548108223459615, 1.9544697221541099, 1.954128460826244, 1.953787039737764, 1.953445460272024, 1.9531037237014344, 1.9527618313498556, 1.9524197845934381, 1.9520775847136773, 1.9517352331541162, 1.9513927311425774, 1.9510500800096955, 1.950707281031704, 1.9503643356703158, 1.9500212452874448, 1.9496780110252687, 1.9493346341939748, 1.948991116093324, 1.9486474580053907, 1.9483036612327964, 1.9479597270952687, 1.9476156568441363, 1.9472714517738596, 1.9469271133478427, 1.9465826426224382, 1.9462380410361535, 1.9458933097950066, 1.9455484500417155, 1.9452034631100525, 1.9448583503892798, 1.9445131130067592, 1.9441677522871295, 1.9438222693975236, 1.943476665563601, 1.94313094217181, 1.9427851003443115, 1.9424391414828925, 1.9420930667058764, 1.941746877179211, 1.941400574318355, 1.94105415912291, 1.940707632988125, 1.9403609970028766, 1.94001425239988, 1.9396674004599423, 1.9393204424531267, 1.9389733794401338, 1.9386262126530094, 1.938278943388277, 1.9379315727648025, 1.9375841019473505, 1.9372365322104175, 1.9368888646866969, 1.9365411005728275, 1.936193241087256, 1.9358452872289325, 1.93549724039107, 1.9351491015900784, 1.934800872133445, 1.9344525531448298, 1.9341041456321135, 1.9337556508114113, 1.9334070698529024, 1.933058404061618, 1.9327096543455538, 1.9323608218625445, 1.9320119078635385, 1.9316629133450631, 1.9313138394890694, 1.930964687606103, 1.9306154588162576, 1.9302661542134252, 1.9299167748386998, 1.9295673217375908, 1.9292177960717525, 1.9288681990131484, 1.928518531605378, 1.9281687950571618, 1.9278189903194691, 1.927469118645194, 1.927119180947056, 1.9267691783489502, 1.9291315768275477, 1.9307638973584937, 1.9550652077821005, 1.9243638667634093, 1.935224154215074, 1.929743392631081, 1.9179754210186395, 1.9291123505211845, 1.9272426649073802, 1.9184116332402394, 1.9222917990167125, 1.9227205666310347, 1.9153767819382224, 1.9158159834334618, 1.9196609976028325, 1.9161138085962648, 1.913517979957473, 1.9157998304130823, 1.9142900280060469, 1.9105301130239687, 1.911250429274032, 1.9121023251140072, 1.9095852573865812, 1.908857368499235, 1.909679109453441, 1.9078268145877895, 1.9060084327704567, 1.9064655387736165, 1.9057419839058531, 1.9041010951270914, 1.9041552661518588, 1.9036855050797696, 1.902010786329688, 1.901503755748873, 1.901120362736706, 1.8997688620309061, 1.8992182130910138, 1.8988812370336516, 1.8976442612983637, 1.8968788591474286, 1.89634590237399, 1.8952059050838608, 1.8944987264722322, 1.8939563762961236, 1.892912073247606, 1.8921742216240263, 1.8914667854682181, 1.8904305058044992, 1.8897250962265117, 1.888959030794102, 1.888010967395509, 1.8873044134580652, 1.8864290216871806, 1.8854928420696608, 1.8847489447760217, 1.883834869861358, 1.8829922206743681, 1.8821818411943, 1.8812394666287864, 1.8804041763368813, 1.879521130112816, 1.8786006974692577, 1.8777699237959447, 1.8768449221341919, 1.8759591337523993, 1.8750653144120406, 1.8741273856046485, 1.8732462288341374, 1.8723090374693583, 1.871397852006448, 1.870473578724868, 1.8695239461382955, 1.86860258299615, 1.867653315869328, 1.8667234278270044, 1.865774244474234, 1.8648095806731404, 1.8638558099335576, 1.8628800894925446, 1.861920652928832, 1.860938559897454, 1.8599598212365294, 1.8589752755749378, 1.8579821837401176, 1.8569892556814849, 1.855983900912616, 1.8549839120084757, 1.8539663442417444, 1.8529509465943137, 1.8519274802941808, 1.8509058015390871, 1.8498740134747549, 1.8488349544953453, 1.847793150392395, 1.8467456988421724, 1.8456924615942152, 1.8446311556402095, 1.8435682307777745, 1.8424996807456546, 1.8414280177104558, 1.8403483879425295, 1.8392688979298748, 1.8381789590804323, 1.8370865103585374, 1.8359834253497092, 1.8348827909510665, 1.8337725734485204, 1.8326573946101143, 1.8315314508876257, 1.8304071258351016, 1.8292739684904902, 1.8281361549372661, 1.826992233419621, 1.8258421303541659, 1.8246856098588409, 1.8235232924750517, 1.8223500034190472, 1.8211772520575231, 1.8199979579689434, 1.8188129657654344, 1.817621746335773, 1.8164224406401759, 1.8152171140172653, 1.8140053658340731, 1.812787067387138, 1.8115621194167917, 1.8103304870857164, 1.8090921740603043, 1.8078467935416762, 1.8065878705975658, 1.8053313062104825, 1.8040669898452415, 1.8027953625531048, 1.8015170484107217, 1.8002313934288061, 1.7989380927418457, 1.7976377551105005, 1.7963299981070506, 1.795014325099576, 1.793691073157993, 1.7923599813510493, 1.7910209804362849, 1.7896742421273906, 1.7883196748510115, 1.786957003539589, 1.7855857135456341, 1.7842050506838674, 1.7828178427070904, 1.7814234844304169, 1.7800189476998853, 1.7786063265108458, 1.7771856656484273, 1.7757540791148718, 1.774312394824914, 1.7728713709796347, 1.7714143412934218, 1.7699478379029374, 1.7684647160411904, 1.7669819480772517, 1.7654902998504582, 1.7639886025892793, 1.7624773831380145, 1.7609565182969171, 1.7594254360502184, 1.7578848678821308, 1.7563337270147408, 1.754772897758278, 1.753201333538447, 1.7516078589519102, 1.750018834308706, 1.748416758066523, 1.7468030173484252, 1.745179444055732, 1.7435477877931114, 1.741908866371547, 1.740293561913334, 1.7387972730898336, 1.7379271387301243, 1.739756157532013, 1.751722347628283, 1.7712794017423277, 1.7518438338722329, 1.7311859429408158, 1.7546805295877907, 1.734414107846598, 1.7352581111309127, 1.7413961655970267, 1.7247775916467516, 1.7385220802079588, 1.7239841550361439, 1.7302974997514087, 1.7259342049950765, 1.7224235400880283, 1.726267077471654, 1.7176246435156408, 1.7238332491410715, 1.7157978516185575, 1.719340484821961, 1.7155082350954645, 1.714436703152893, 1.7149853654173213, 1.710606427541637, 1.7131147455126223, 1.708506242829113, 1.7097949936263104, 1.7075287798621197, 1.7060709536844625, 1.7063515157868245, 1.7032119037527267, 1.7040049090556122, 1.7016096039823296, 1.7007668059880912, 1.7002879999547162, 1.698003015362397, 1.6980764606897365, 1.696287301895935, 1.6951102098961208, 1.6946615210584575, 1.6927250753968883, 1.6921390674951653, 1.6910735378366129, 1.6894660630839093, 1.68890239705129, 1.687593208295582, 1.6862327103844499, 1.685528806747441, 1.6842082450430318, 1.6829206562841217, 1.6821350259772019, 1.6808800462215059, 1.679578201891507, 1.678681961165666, 1.6775476865379753, 1.676227344066836, 1.6751624436005808, 1.6741515530398468, 1.672905139297707, 1.6716711436798681, 1.670623001939848, 1.6695378376708212, 1.668293346437875, 1.6670743302630981, 1.665969907558315, 1.6648679177651928, 1.6636784587547522, 1.6624515635342711, 1.6612345485288171, 1.660082112192139, 1.6589509992229297, 1.6577961590863557, 1.6566178627611061, 1.6554084639851838, 1.654170211340221, 1.6496504303052724, 1.6428184796200682, 1.641300364124269, 1.691642118398015, 1.9523246046777105, 1.8597110025783308, 1.6954472711953612, 1.84703735035572, 1.6657769656354395, 1.789225346055157, 1.679403974169157, 1.723421591762991, 1.7042074770945903, 1.6650250741217183, 1.7224429804079626, 1.6342963163579365, 1.7151958186658702, 1.637735771990197, 1.6825415507936847, 1.659356239771637, 1.6467447002698028, 1.6741326692127707, 1.6304959705115232, 1.6683657953738646, 1.6357159351362762, 1.648722053630234, 1.6474675632226186, 1.6321797466484034, 1.651217492050318, 1.6279772770736658, 1.6439814295377821, 1.6325922465718075, 1.633009610333857, 1.6372177057877444, 1.6261182666357479, 1.636575433211994, 1.6251950308275525, 1.631488634576143, 1.6271896266447383, 1.625842551106565, 1.6284074794222207, 1.6223477592969089, 1.6272683814768139, 1.621292425425982, 1.6244441343366984, 1.6214127588980445, 1.6213006867239736, 1.6213574120548548, 1.6188690880565042, 1.6205579417489033, 1.61731781600589, 1.6190352543854674, 1.6163680703230825, 1.617220716648501, 1.6156061825736148, 1.6153970757280047, 1.61476612245626, 1.6137752499297413, 1.6137611727911647, 1.6123619901615507, 1.6125677248483148, 1.6111098526579006, 1.6112954830789703, 1.609939141287586, 1.6099724558418678, 1.6087973972835634, 1.6086613746369063, 1.6076570185275911, 1.6073559179950765, 1.6064951931167357, 1.6060839404310279, 1.6053206539717886, 1.6048267667478142, 1.6041217428254946, 1.6035930239638774, 1.6029179321365645, 1.602359840513728, 1.6017011249711572, 1.6011384898106522, 1.6004753345469815, 1.599922230898276, 1.599248043761515, 1.5986974681647856, 1.5980170169005243, 1.5974736698558134, 1.596790691733167, 1.5962427032843378, 1.5955599855704923, 1.5950112582521732, 1.5943341896588954, 1.5937663586617732, 1.5931060811258286, 1.5925195463302686, 1.5918799219628115, 1.591265285913505, 1.5906496831579966, 1.59001307759079, 1.5894064028335142, 1.5887627144199177, 1.5881560634492748, 1.5875164067623493, 1.5869017623253612, 1.5862670470527873, 1.5856361238462144, 1.5850195924165424, 1.584374372872177, 1.5837624368178789, 1.583116652399962, 1.5824871048174416, 1.581864858740459, 1.5812240721089497, 1.5805918886353603, 1.5799584033460319, 1.579322494213158, 1.5786898300884993, 1.5780477895360432, 1.5774126887744424, 1.5767747781509671, 1.5761325576366403, 1.575494011282639, 1.574852988654913, 1.5742105814351783, 1.573568378469889, 1.5729247570496545, 1.5722814501945237, 1.5716366161643784, 1.5709910635908058, 1.5703458560731702, 1.5696990767403305, 1.5690518583542052, 1.568404261456798, 1.5677558929908768, 1.567107200835695, 1.5664570755281146, 1.565812481763833, 1.5651620639089927, 1.5645102424397224, 1.5638588389357004, 1.563207244876872, 1.56255409717837, 1.5619003730666356, 1.5612467828216656, 1.5605923711463332, 1.5599375592864733, 1.5592804850413216, 1.5586219695632673, 1.557966042343737, 1.557307999710057, 1.556651434494936, 1.5559912172820463, 1.5553378266825388, 1.554677611125421, 1.5540301841004736, 1.5533648847089545, 1.5526967367776452, 1.5520478438023864, 1.5513725790421982, 1.5507222287924989, 1.5500517617756666, 1.549406229670558, 1.5487427348440903, 1.5481108802836507, 1.5474861981695247, 1.5469114692752022, 1.5464441248222427, 1.5462479735436532, 1.5469196780649797, 1.5500080511962393, 1.560569932307591, 1.5935652224272803, 1.6770484609987697, 1.7983291755271191, 1.7434134881367513, 1.5548134190923881, 1.6163618197205416, 1.691825600244306, 1.5575876377471685, 1.595851744171284, 1.637767115693287, 1.5421686929007805, 1.6032214294435851, 1.5876183514792508, 1.5450892350020375, 1.5996761129844084, 1.5497460803362673, 1.563394800842335, 1.575426936316814, 1.539477542347963, 1.5724771052121673, 1.5485687982014191, 1.5490272990026959, 1.5619339213363248, 1.5379388752506153, 1.5562263025856573, 1.5453978396927404, 1.5414256007525984, 1.5520035318535959, 1.5368605701845246, 1.5458114106405647, 1.54277841546898, 1.5365791231650439, 1.5447358082898965, 1.5362368854643995, 1.538315811060088, 1.5402255571861532, 1.5337377667572056, 1.538372837672179, 1.5358170288772734, 1.5331891267069593, 1.536672469848162, 1.53282721502285, 1.5327482839723812, 1.5343401109299961, 1.5309528974011977, 1.5318330166116907, 1.5321557417982974, 1.5295901612790652, 1.5305378601204611, 1.5302991860366868, 1.528366949378242, 1.5290630789505608, 1.5287148130180261, 1.5271615030531818, 1.5275313091884968, 1.5272883216755593, 1.52596985659804, 1.5259926339414636, 1.5259198988756866, 1.5248246453340577, 1.5244821785864529, 1.5245083408187021, 1.5237222585513643, 1.5230739112349079, 1.5230192760543664, 1.522593460451484, 1.521841608559759, 1.521506424746789, 1.5213073130643033, 1.5207319959162868, 1.520145509498304, 1.5198520877289996, 1.519560608594322, 1.5190202189173767, 1.5184835516172215, 1.5181354547773689, 1.5178155105964597, 1.5173568733431144, 5.788817073441641, 1.8022552051918495, 2.681604437610457, 3.6647169691049872, 2.6154909347922937, 1.5947518119192432, 1.7717389443156222, 2.481306028153151, 2.5412338705501365, 2.0122920126839166, 1.5625744162178885, 1.6086732466695095, 1.9516630976700078, 2.1129490030940827, 1.9277570751051731, 1.6309301360785917, 1.5223631767453332, 1.6563577486988459, 1.8256126309771517, 1.8262948749075378, 1.672919688016365, 1.5374884030184426, 1.5442198456747915, 1.648221558365718, 1.7098472393691708, 1.6604962104973866, 1.5632111105328577, 1.5224317648733745, 1.56503806339565, 1.622580669321845, 1.6220361117327429, 1.56811501038745, 1.5252319361406728, 1.5351104180376163, 1.5728652412867754, 1.5858255896527675, 1.5593278743188852, 1.5278325820857994, 1.5263774695716905, 1.5487478696649133, 1.5610045636763823, 1.5475518201238108, 1.5270579624230083, 1.524157969036338, 1.5376278115684472, 1.5458452409156187, 1.537622227070821, 1.5248990734714065, 1.523671753440938, 1.5322978989410247, 1.5365725660470593, 1.53047192810115, 1.5230468490395084, 1.5236929525690295, 1.5293535229301307, 1.5305591803133582, 1.5257306948897467, 1.5220203290052887, 1.5238821938105602, 1.5271047255707244, 1.5263400797002604, 1.5229029401728313, 1.5217972386853007, 1.5238323782919247, 1.5250883913857012, 1.523412699293042, 1.5215379235151554, 1.5219751213518184, 1.5233526148996959, 1.5231027296003532, 1.5216172057013324, 1.5211723454094352, 1.5220062612913892, 1.5223801795972014, 1.5214998368152122, 1.52081956219165, 1.5211466672112208, 1.5215835091838614, 1.521188172054021, 1.5205674581061013, 1.5205825481100215, 1.5209271654735141, 1.5207725034995598, 1.5202927597702816, 1.520170820775168, 1.5203787187910662, 1.5203209122817087, 1.519970691207321, 1.5198270034703463, 1.519922543416456, 1.5198886652890875, 1.5196356502866417, 1.5194847944201972, 1.5195176557695411, 1.5194774639738566, 1.5192805336651516, 1.5191423563329656, 1.519136126022986, 1.5190807522886103, 1.518918913592809, 1.5187982739032313, 1.5187633385502706, 1.5186929108047926, 1.518552523288676, 1.5184477205093656, 1.518395881631957, 1.518312145798823, 1.518184708146807, 1.5180893514560803, 1.5180249864144018, 1.517930965784794, 1.5178145504775145, 1.517722461722517, 1.51764412799643, 1.5175433752863225, 1.5174357997695367, 1.5173488178299381, 1.5172636282623768, 1.5171669003013184, 1.5170610047700825, 1.5169684907813596, 1.5168840834873634, 1.5167820477074416, 1.5166837120120178, 1.5165923107761494, 1.5164847935127357, 1.5163927823959442, 1.5162952221891315, 1.5161964531646739, 1.5161006643736783, 1.5160006093923373, 1.5159017893318705, 1.5158091126695787, 1.5157063414504535, 1.5156056532260982, 1.515506759051192, 1.5154049547113848, 1.5153022606000235, 1.5152017608379316, 1.515100430611185, 1.5149966248417657, 1.514893401652799, 1.5147911561147516, 1.5146874036264626, 1.514583041378062, 1.5144796170599322, 1.5143755313278187, 1.5142699887561668, 1.5141646224165533, 1.5140595231488845, 1.513953551474348, 1.5138540615839153, 1.5137488220687099, 1.5136431577159042, 1.5135366329806517, 1.5134300816309292, 1.5133234172732324, 1.5132160141067175, 1.5131083149815348, 1.513000627694372, 1.5128924299723858, 1.5127837568185136, 1.5126750226659438, 1.5125659813923207, 1.5124564594060244, 1.5123467728267599, 1.5122368685516854, 1.5121265033577294, 1.5120158639907175, 1.5119050471827615, 1.5117938625969343, 1.5116823689987002, 1.5115706832738818, 1.5114586656727922, 1.5113462999105354, 1.511233715534438, 1.5111208572890207, 1.5110076770267553, 1.5108942596325903, 1.5107805745039082, 1.5106665586481676, 1.5105521721437243, 1.5104374848553823, 1.5103225040782216, 1.510207273321953, 1.5100917384739196, 1.5099758765699873, 1.5098597260005278, 1.5097433169249683, 1.5096266339019204, 1.509509682439225, 1.5093924653685746, 1.5092749469554938, 1.5091571295473827, 1.5090390461073973, 1.50892069967741, 1.5088020908468236, 1.5086832183731473, 1.5085688696867043, 1.5084501154736214, 1.5083310748133136, 1.5082117548002236, 1.5080921605848536, 1.507972296826886, 1.507852167407397, 1.5077317755527837, 1.5076111240612888, 1.5074902148939615, 1.5073690497858365, 1.507247630849379, 1.5071259600341649, 1.5070040389211328, 1.5068818687710037, 1.5067594504464976, 1.5066367849514586, 1.5065136978403686, 1.5063902836410887, 1.506266613173311, 1.5061426869125996, 1.5060185049403927, 1.5058940689820324, 1.5057694003353683, 1.5056444819017416, 1.5055193143435857, 1.5053938980477468, 1.505272337787965, 1.5051469917039548, 1.5050214051787554, 1.5048955699458686, 1.5047694886368683, 1.5046431725719251, 1.5045166184420706, 1.504389831624456, 1.5042628134355085, 1.504135479922504, 1.5040076853939264, 1.5038796554991494, 1.5037513933948, 1.5036228972757077, 1.503494155780479, 1.5033651651617594, 1.5032359367615982, 1.5031102117107118, 1.5029810565773583, 1.50285168426711, 1.502722071836137, 1.5025921995853773, 1.5024618051215397, 1.5023311911183916, 1.5022003582307712, 1.5020692811382437, 1.501937949870234, 1.501806391004962, 1.501674617095523, 1.5015465165731363, 1.501414533505274, 1.5012822580953595, 1.501149713153322, 1.5010169448108053, 1.5008839744247757, 1.5007508819622415, 1.5006184151516175, 1.5004857512785021, 1.50035289022639, 1.5002198179888813, 1.5000865327695685, 1.4999530508538528, 1.4998193749845954, 1.4996864865356743, 1.4995523897934653, 1.4994180894602926, 1.499283596895066, 1.49914891254042, 1.499014035613572, 1.4988789584082993, 1.4987436824675617, 1.498608216553079, 1.498472562060205, 1.4983367184789786, 1.498200680876205, 1.4980644499228803, 1.4979280320464006, 1.4977914289104506, 1.4976546402285167, 1.4975186693403968, 1.497381480978605, 1.4972441119151243, 1.497106561435267, 1.4969688305932978, 1.4968309135533233, 1.4966928119652045, 1.4965545325054428, 1.4964160751047855, 1.4962774402846906, 1.4961386243139705, 1.495999629499452, 1.4958604600144538, 1.495722140783463, 1.4955825925974902, 1.495442870079836, 1.4953029752825877, 1.4951629086142817, 1.4950226706084047, 1.4948822608474202, 1.494741681338507, 1.4946009332288093, 1.4944600171651123, 1.4943189336003093, 1.4941776828980906, 1.4940362666206688, 1.4938956579056955, 1.4937538769653749, 1.4936119331932205, 1.4934698265096722, 1.4933275584254708, 1.4931851298888679, 1.4930425418278623, 1.4928997945188756, 1.4927568883914106, 1.4926138250215528, 1.4924706053461874, 1.4923272300410473, 1.4921836991075805, 1.4920400136059548, 1.491896174959689, 1.491752184007642, 1.491608821643897, 1.4914644908669337, 1.491320009364439, 1.4911753774329208, 1.4910305984560979, 1.4908856738284213, 1.4907406030363732, 1.4905953848591338, 1.4904500216154575, 1.4903045157331336, 1.4901588676092772, 1.490013076029083, 1.4898671416639373, 1.4897210672399515, 1.4895748539907023, 1.4894285012976611, 1.4892820087700223, 1.48913537857442, 1.4889886126251426, 1.4888417109716925, 1.4886946729100203, 1.488547499721588, 1.4884001935955957, 1.4882527552094573, 1.4881051839752608, 1.4879574804521511, 1.4878096467006487, 1.4876616838707228, 1.487513591709825, 1.4873653703472884, 1.4872170214908105, 1.4870686218399394, 1.4869171416248435, 1.4867736425262341, 1.4866273957664062, 1.4864764591579644, 1.486328579895545, 1.4861765688960054, 1.4860311241423134, 1.4858791273322915, 1.4857308695400038, 1.4855816638711858, 1.485426253722428, 1.4852725618213845, 1.4851254641982479, 1.484973169008584, 1.4848247856438774, 1.4846758907210074, 1.4845258922922198, 1.4843756363415723, 1.484225170283893, 1.4840711081574582, 1.4839207231002585, 1.4837701606579723, 1.4836194384561094, 1.4834686607603051, 1.4833178195684105, 1.4831668116504217, 1.4830156598280708, 1.4828644424114819, 1.4827131626801597, 1.4825617196396392, 1.4824101473558178, 1.482258499947836, 1.4821066755838197, 1.4819544527955673, 1.4818021053369288, 1.4816495948312147, 1.4814969377705678, 1.4813441542310015, 1.4811912358774828, 1.4810381325080486, 1.480884878402421, 1.480731501624678, 1.4805779573367985, 1.4804241744303759, 1.4802743787918802, 1.4801210675736165, 1.4799676174902985, 1.4798139910724595, 1.4796602437871313, 1.479506145920066, 1.4793513031822572, 1.4791959758987119, 1.4790445695588736, 1.4788904043359816, 1.478734715135971, 1.4785815477051278, 1.4784256238137454, 1.4782711001989144, 1.4781195857931257, 1.4779664470470708, 1.4778129905366535, 1.477660708183977, 1.4775079092800665, 1.4773541393061917, 1.4771989935468126, 1.4770395060935357, 1.476881531321097, 1.476721182090072, 1.4765654470175966, 1.476409675505291, 1.4762539598265436, 1.4760981080699376, 1.4759477043268723, 1.4757966027154588, 1.4756440138571472, 1.4754904839141845, 1.4753353879738234, 1.4751786041910548, 1.4750211498804433, 1.4748641821496897, 1.4747064794407607, 1.474549469865113, 1.4743921087979865, 1.4742340563540062, 1.4740769602036137, 1.4739204660970862, 1.4737656036462519, 1.4736099939587348, 1.4734514461498436, 1.4732963456226764, 1.4731403306296356, 1.4729842797692476, 1.47282778929473, 1.4726711324583057, 1.472511715896868, 1.4723550091103619, 1.4721979651745623, 1.4720409371557133, 1.4718837296327865, 1.4717265465447533, 1.4715693310040299, 1.4714152846913264, 1.4712580674617894, 1.471100802067898, 1.4709434874128262, 1.4707861280758125, 1.4706287225183714, 1.4704712726871014, 1.4703137784584308, 1.4701562411063067, 1.4699986628037847, 1.4698410414372767, 1.4696833801293614, 1.469525680223405, 1.4693679395704038, 1.4692101615095041, 1.4690523468375927, 1.4688944941541073, 1.4687366063643965, 1.4685786839568287, 1.4684207263269762, 1.4682627357482212, 1.4681047126207019, 1.4679466569429152, 1.467788570449514, 1.4676304368785245, 1.4674722666787858, 1.4673140696675488, 1.4671558460107272, 1.4669975967703577, 1.4668393227466707, 1.46668102404635, 1.4665227022702638, 1.466364357700436, 1.466205990519753, 1.4660476026425044, 1.465889193827932, 1.4657307645325475, 1.4655723168185297, 1.4654138499634306, 1.465255364886721, 1.465096863533814, 1.6984351181280943, 4.767771186392978, 1.61761161288146, 2.7565179277933485, 3.3087530255216717, 1.9203787924743374, 1.5482945194875304, 2.4085297283724745, 2.5236657459041356, 1.801856779007855, 1.4706455947972201, 1.8793687916904809, 2.166333218455805, 1.868805117408545, 1.4963402656234146, 1.560755730123431, 1.8444103268160694, 1.8501656682757441, 1.592814064171347, 1.4659000923250824, 1.6046856832832852, 1.7339164126424016, 1.6450614705257187, 1.489149350541834, 1.4903337543190744, 1.60397791476582, 1.625675036794617, 1.5256237003335165, 1.4656375576781429, 1.5192753281004543, 1.5742113651858924, 1.5366956304847903, 1.4728618736146828, 1.4803946470946214, 1.5284710843853746, 1.526687084796785, 1.480924532579503, 1.4682010525620037, 1.49887551274833, 1.5103772891416087, 1.482949473241544, 1.46578327843512, 1.4829543263746492, 1.4961656391540339, 1.4803644480206857, 1.4656836789155065, 1.4752442703050266, 1.4858557995110886, 1.4764374688764839, 1.4656352231520442, 1.471552047919704, 1.4790030704569985, 1.472593868767924, 1.4653938052399011, 1.469802433756805, 1.474456215244812, 1.4694878814107981, 1.4651838155316228, 1.4688464906011065, 1.4712053954511548, 1.4671821605035469, 1.4651524279398551, 1.468175561568553, 1.4687945527395099, 1.4656803628561816, 1.4652925678950366, 1.4674856968498249, 1.4669040534774282, 1.4648539709780872, 1.4654824356762113, 1.466675218805242, 1.4655210258754316, 1.4645713478322049, 1.4655323095626278, 1.465753084866652, 1.4646382220639809, 1.4646043385721845, 1.4652985603819, 1.4648638711218018, 1.4642509224387033, 1.4646595005826852, 1.4648151370135027, 1.4642326903994063, 1.464177843239305, 1.4645014865111612, 1.4642304852500858, 1.4639339547994155, 1.4641471514935354, 1.4641342414499112, 1.463814543862915, 1.463836958516776, 1.4639364875866567, 1.4637186911728108, 1.4636142913654433, 1.4637099508973572, 1.463600780918585, 1.4634452035783097, 1.463485099948591, 1.4634489698803999, 1.463298579576147, 1.4632813677161403, 1.4632742187076262, 1.46315325023729, 1.4630983889385127, 1.463095135062622, 1.4630026566893455, 1.4629256212240416, 1.4629041508975738, 1.4628367351783076, 1.4627571324756417, 1.462731453072298, 1.4626746700425222, 1.4625982622672167, 1.4625614645814538, 1.46251179789935, 1.4624369807339916, 1.4623907809300845, 1.4623415966646685, 1.4622717443626954, 1.4622212368874659, 1.4621711842290204, 1.4621040715389646, 1.4620501885703434, 1.4619985853463795, 1.461933883316899, 1.4618783314960362, 1.4618244248193475, 1.4617608072464507, 1.4617038746436912, 1.4616481747387657, 1.4615810819036368, 1.461521794204726, 1.461464497801768, 1.4614124549141907, 1.4613495047383334, 1.4612810848061777, 1.4612268241671875, 1.461171042395504, 1.461113298251631, 1.4610512032920815, 1.46099306563935, 1.4609326191882914, 1.460868682835133, 1.460807617706851, 1.4607499102360628, 1.4606875251089357, 1.4606278156707224, 1.4605644485724794, 1.460503481135146, 1.460441194346547, 1.4603800273407712, 1.4603163922559157, 1.4602554102388594, 1.4601950318342354, 1.4601347123218966, 1.460074641020509, 1.4600121849736742, 1.4599513282652878, 1.4598887766816384, 1.4598260241112357, 1.4597629763936688, 1.459698014976678, 1.4596328575783888, 1.459567940964498, 1.4595025496554341, 1.4594406193614105, 1.4593737432333627, 1.4593115240808736, 1.459251580117376, 1.4591791014660742, 1.4591148012112287, 1.4590733815616945, 1.4590067941380398, 1.4589419668670813, 1.4588760576318578, 1.4588093157889126, 1.458743791843383, 1.4586770204736679, 1.458610740963075, 1.4585445226641605, 1.458477145050272, 1.4584104692793347, 1.4583433405159705, 1.4582760668484676, 1.4582091080230837, 1.458130348272749, 1.4580678613750067, 1.4580003855077452, 1.4579309980873476, 1.45786309079039, 1.4577929488148038, 1.4577238825058039, 1.4576544454269609, 1.457585456745059, 1.4575173019118437, 1.457450033763774, 1.4573836379564782, 1.45731921356112, 1.457252803955464, 1.4571849702429693, 1.4571116981054664, 1.4570348597508849, 1.4569671195762501, 1.4568981112900437, 1.4568292791256032, 1.4567603384638341, 1.4566907797136677, 1.4566284640243643, 1.4565611773990952, 1.4564871845657152, 1.4564168801561233, 1.4563486135512314, 1.456271821357408, 1.456202113273851, 1.456130340951816, 1.4560593111550575, 1.4559883168784864, 1.4559171613274393, 1.4558457885775455, 1.4557744870625748, 1.4557027280689716, 1.455636116875045, 1.4555663375914187, 1.4554973188632794, 1.4554274662648465, 1.4553559519710264, 1.4552844475110007, 1.4552114110681083, 1.4551390559726456, 1.4550654767648032, 1.4549925923567486, 1.454920414367111, 1.454847968081438, 1.454775537930843, 1.4547037151291413, 1.454630966811752, 1.4545580306963373, 1.4544849795928554, 1.4544118175146759, 1.4543392493008767, 1.4542657466718245, 1.454192081323373, 1.4541183220166505, 1.454044386684467, 1.4539703355766305, 1.4538967005234849, 1.4538222901307642, 1.453747736279502, 1.4536730048709121, 1.4535981615416729, 1.4535231791757575, 1.4534480764081523, 1.4533727794823335, 1.4532973331236512, 1.4532213297973273, 1.4531468941368022, 1.45307642359168, 1.452999031201417, 1.452922612514167, 1.452845396022794, 1.4527703617761345, 1.4526987188918008, 1.4526193371206797, 1.4525457009054141, 1.4524720585863415, 1.4523960741645932, 1.4523190699060962, 1.4522409903442364, 1.4521630214990109, 1.452090717421938, 1.4520176728788228, 1.451941098151474, 1.451864018200351, 1.4517871934222826, 1.4517099983929886, 1.4516330066921945, 1.451555582353187, 1.4514782781890199, 1.451400741943398, 1.4513232842973478, 1.4512455686272008, 1.4511677875320117, 1.45108990675028, 1.451011973075673, 1.450933895152819, 1.4508556801164074, 1.4507774247488214, 1.4506990903020052, 1.45062066150753, 1.450542055915303, 1.4504634178277935, 1.4503846917225318, 1.4503058896740726, 1.4502322004310932, 1.4501537639248776, 1.450075284883529, 1.4499966268437696, 1.449917920026003, 1.4498390496952354, 1.449760133988557, 1.449681076995355, 1.4496019679554972, 1.4495227359992133, 1.449443451230357, 1.4493640466769528, 1.449284583752094, 1.4492050178605014, 1.4491253930273138, 1.44904566138808, 1.448965866869051, 1.4488859804889447, 1.448806030564434, 1.4487259825288334, 1.4486458686771027, 1.4485656701778913, 1.448485404278704, 1.4484050474616164, 1.4483246233815277, 1.4482441206116095, 1.4481635476718806, 1.4480828898866, 1.4480021632876303, 1.447921362307348, 1.4478404882332419, 1.4477594712729667, 1.4476783333127505, 1.447597121971711, 1.4475158242342805, 1.4474344494542997, 1.4473529974588641, 1.4472714691458324, 1.4471898540013062, 1.4471081580554028, 1.4470263886707633, 1.4469445435266988, 1.4468626126290867, 1.4467806049489218, 1.446698525291469, 1.4466163681276523, 1.4465341280150925, 1.446451815132409, 1.446369431225851, 1.4462906044755013, 1.446208514516442, 1.4461263354028306, 1.446044094908113, 1.4459617512798666, 1.4458793627970905, 1.4457968696981096, 1.4457143300577922, 1.4456317045012232, 1.4455490214603186, 1.4454662588792653, 1.4453834329215594, 1.4453005492331328, 1.4452175847017876, 1.4451345645128006, 1.4450514746840009, 1.4449683293661186, 1.4448851040232795, 1.444801650115285, 1.4447181366783746, 1.4446345363550008, 1.4445508649517353, 1.4444671341215165, 1.4443833358284779, 1.444299451789354, 1.4442155229879785, 1.4441315371963819, 1.4440474705603736, 1.443966291404832, 1.4438824805406782, 1.4437985854079545, 1.44371465627506, 1.4436306274721993, 1.443546573908309, 1.4434624253423096, 1.4433782289977133, 1.443293989071245, 1.4432096590153591, 1.4431251236173728, 1.4430404942130128, 1.4429557895896068, 1.4428710004079677, 1.4427861691077022, 1.4427012897340006, 1.4426163029157046, 1.442531274539899, 1.4424489396764508, 1.442364180470313, 1.4422793137840246, 1.4421944170109904, 1.4421094455934775, 1.4420241769582292, 1.4419388635416688, 1.441853512661539, 1.4417680877059302, 1.4416825741796258, 1.4415970306322576, 1.4415114397449338, 1.44142848350984, 1.4413429622596978, 1.4412572588625001, 1.4411714986453332, 1.441085708904418, 1.440999856828675, 1.440913893422488, 1.4408284384602583, 1.4407430701655939, 1.440657668098634, 1.440572953639581, 1.4404874351034573, 1.440401873031537, 1.4403162722527705, 1.4402306107921203, 1.4401449129998498, 1.4400591837243972, 1.4399733843860112, 1.4398875539069957, 1.439801696396256, 1.4397157682879582, 1.4396298113689505, 1.43954382629418, 1.4394577744659782, 1.4393716941166168, 1.4392855838431968, 1.4391994121851879, 1.4391132113983223, 1.4390277352720935, 1.4389414334777937, 1.438855097582003, 1.4387687342305535, 1.4386823192802587, 1.4385958706925097, 1.4385093900004307, 1.438422864986203, 1.4383363066603296, 1.438249712222605, 1.4381630798216773, 1.438076414761801, 1.4379897156889163, 1.437902978445213, 1.4378162096441118, 1.4377301451067501, 1.4376432916342081, 1.4375563997280003, 1.4374694625717863, 1.4373825070330764, 1.4372955206287683, 1.4372084862479044, 1.4371214302158548, 1.4370343489407256, 1.4369472240332415, 1.4368600715484492, 1.4367728949389829, 1.4366856833435817, 1.4365991624550705, 1.4365118669530736, 1.436424542451761, 1.436337195023791, 1.4362498165760191, 1.4361624070583543, 1.436074971827418, 1.4359875113850782, 1.4359000214703472, 1.435812505544812, 1.4357249639142553, 1.4356373963981597, 1.435549804267105, 1.4354621846122704, 1.4353745415269457, 1.435286875266588, 1.4351991822586936, 1.4351120608614076, 1.435024300700264, 1.4349365061467854, 1.4348486958156041, 1.4347608560848293, 1.4346729997955037, 1.4345851296671486, 1.4344972242244032, 1.4344093063666128, 1.4343213664205092, 1.4342334054752193, 1.4341454322474738, 1.4340574276734839, 1.4339694116151296, 1.4338813762669131, 1.433793319720735, 1.4337052523426628, 1.4336171571692953, 1.4335290514999193, 1.433440927063398, 1.4333527841821143, 1.4332646309839083, 1.4331764530891666, 1.4330882664603468, 1.4330000600953299, 1.4329118398578444, 1.432823608112174, 2.0201468598581003, 6.5721922587879895, 1.8188490661718313, 3.207663925011209, 4.220539146022753, 2.236448361816596, 1.5321172107455985, 2.821259001783409, 2.9677219416863903, 1.8625629394612275, 1.4704224372688393, 2.1650851576921815, 2.4557724644187546, 1.8813226767436342, 1.4351663840054614, 1.7162078325035004, 2.0785794926268077, 1.8901821017142892, 1.4972183435057311, 1.4952988611495668, 1.775898607933395, 1.814810107538432, 1.565385652012588, 1.435672720547118, 1.5806646726234916, 1.698641201915322, 1.5878199610501427, 1.443628156657684, 1.4838296822849955, 1.5953659776024727, 1.5698313184167616, 1.4593916052159521, 1.4479350404543452, 1.5255110502076674, 1.5373513819895777, 1.4658502115755376, 1.437411548700431, 1.4856964726344595, 1.5071582041909795, 1.4624670263171586, 1.4356222074910632, 1.4652017791095084, 1.4839948628390927, 1.4559925916622027, 1.4353710212900437, 1.4546952919604577, 1.4680347181133875, 1.4484944580393733, 1.4353513971862197, 1.4493872309335656, 1.457088857673516, 1.4424646828889427, 1.4355563167599257, 1.4462611154712928, 1.448925738363429, 1.438107424558602, 1.4360986280253734, 1.4439325977255366, 1.4430034777245704, 1.435600286678895, 1.43681245799927, 1.4417793772259824, 1.4386721591037253, 1.4346173376989944, 1.4374230623120179, 1.4393698909707162, 1.435838881912753, 1.4347465530714267, 1.4374307985813868, 1.4369370609742649, 1.4344439496822146, 1.4353190746877662, 1.4366479938296892, 1.4350438432860164, 1.434262452032523, 1.4355914142324526, 1.4353740574176628, 1.4341061741167536, 1.4346110141374488, 1.435175911669034, 1.434276814770785, 1.4340446680593806, 1.4347078257027983, 1.4343681752282742, 1.4338363939215006, 1.4342285899088358, 1.434349089745452, 1.433785433260274, 1.4339053602811938, 1.434127257166059, 1.4337678637469617, 1.4337057083189095, 1.4339220022891614, 1.4337253970396353, 1.4335631522862393, 1.4337236148038228, 1.43365601287968, 1.4334632990053064, 1.4335235526577346, 1.4335480669558227, 1.433372669796152, 1.433392827571764, 1.433424474356815, 1.4333013843239717, 1.4332747698713832, 1.4333172204126432, 1.4332224533417979, 1.4331797336566838, 1.43320147279591, 1.4331308475127449, 1.4330887827742593, 1.433091752821119, 1.4330358412413717, 1.4329932840749937, 1.432991718041208, 1.4329465839737434, 1.4329031665334016, 1.4328942007161003, 1.4328523233660972, 1.4328128433462421, 1.4327976207246893, 1.4327566196214727, 1.432715656854421, 1.4327044869814964, 1.4326605414970377, 1.4326246921886083, 1.4326019883985028, 1.4325665950287898, 1.4325369233633436, 1.432513346029431, 1.4324726015905633, 1.4324422090846274, 1.4324146887404179, 1.432382407158637, 1.4323458517240812, 1.4323128546964876, 1.4322827622215286, 1.4322507145177867, 1.4322227501596385, 1.4321847618077048, 1.4321532322234207, 1.4321224474696352, 1.432088244056406, 1.432056203884774, 1.4320232825518966, 1.4319894152312498, 1.4319560378827492, 1.4319272194723174, 1.4318948246305616, 1.4318602902316102, 1.4318261755294004, 1.4317928293519555, 1.431758200550875, 1.4317187088260042, 1.4316944271552499, 1.431660698774831, 1.4316239254481224, 1.4315890801575935, 1.4315591367621687, 1.4315282251993222, 1.4314941219448436, 1.4314600710625192, 1.4314248801051157, 1.4313893294427775, 1.4313553630566653, 1.4313207683130498, 1.4312851075673418, 1.4312495645788648, 1.4312155203127617, 1.4311800565506203, 1.431143474516139, 1.4311082465450926, 1.4310726121176702, 1.4310366808687187, 1.4310009538192512, 1.4309712225537181, 1.4309346683137454, 1.430899237012153, 1.4308638236401858, 1.4308287579033214, 1.4307933728715145, 1.430757664651631, 1.4307221610176803, 1.430686269582763, 1.4306504054884852, 1.4306144290776888, 1.430578165911619, 1.4305419956678136, 1.4305055345629227, 1.4304689668035862, 1.4304323204549645, 1.430395464442691, 1.430358568385381, 1.4303212727974255, 1.4302857847323596, 1.4302470245428502, 1.4302108440348318, 1.430174308919331, 1.430137360231286, 1.4301001175992154, 1.4300624858301847, 1.430024680056208, 1.4299868122543322, 1.429952895430359, 1.4299146857629166, 1.4298771633475005, 1.4298395936250055, 1.4298020204347703, 1.429764359645616, 1.4297259149867072, 1.4296888494749764, 1.4296516532401908, 1.4296140485003463, 1.4295759720638217, 1.429536984553708, 1.4294978809377432, 1.429458680016733, 1.4294224984250687, 1.4293843490125235, 1.4293457500493356, 1.4293073891661379, 1.42926841142737, 1.4292292580111985, 1.429190169078435, 1.4291525953993107, 1.4291146660319731, 1.429075434081959, 1.429034750339775, 1.4289948319166355, 1.4289590392117908, 1.4289193212879139, 1.4288800839225262, 1.4288416773423906, 1.4288033674023948, 1.4287646084771302, 1.4287276872959807, 1.4286880551505632, 1.4286482691020383, 1.4286110854603806, 1.428571711769287, 1.4285322298250436, 1.4284926031228495, 1.428452960996816, 1.428413749097298, 1.4283740612039626, 1.428334309009005, 1.4282950680055961, 1.4282552422429817, 1.4282172721745523, 1.4281762714894992, 1.4281367793657032, 1.428097010105918, 1.4280569305152733, 1.4280176272648886, 1.427977798539139, 1.4279368621280994, 1.4278983333588764, 1.4278569376368182, 1.4278153973478591, 1.4277736303895143, 1.4277328352519356, 1.4276918222742068, 1.427650985843539, 1.4276110364511643, 1.4275647312230497, 1.4275269190794904, 1.4274853545819313, 1.4274467566046711, 1.4274058594495358, 1.427366481106639, 1.4273237544567952, 1.4272849652800794, 1.4272456579209523, 1.4272058526355915, 1.4271627659503756, 1.4271213518925725, 1.4270802134779097, 1.4270389527744785, 1.4269977051308764, 1.426956288620137, 1.4269149652801383, 1.4268737167719647, 1.4268323219084666, 1.4267901284533018, 1.426748247318239, 1.4267062181681776, 1.4266615419165125, 1.4266205533053347, 1.4265775204082038, 1.4265329788060341, 1.4264934073132487, 1.4264469779136244, 1.4264013113207186, 1.4263712177759738, 1.4263252448830075, 1.4262815066780712, 1.4262389918543488, 1.4262002677476588, 1.426157680868252, 1.426115001132129, 1.4260711740771148, 1.4260278247638467, 1.4259858612265541, 1.425943339006513, 1.4259002469399622, 1.4258564951797763, 1.4258128040941331, 1.4257737039997702, 1.4257286073641213, 1.4256882013434764, 1.4256436836345627, 1.425600570189786, 1.4255600612589119, 1.4255178529191348, 1.425474626393158, 1.4254360281764837, 1.4253916824441586, 1.425349712300225, 1.4253059269141874, 1.4252635146198627, 1.4252215496467935, 1.4251790801101298, 1.4251349819143868, 1.4250899337437255, 1.4250467009639687, 1.425000680425512, 1.42495276130448, 1.4249107391587559, 1.4248712256807334, 1.424828692174054, 1.424782173188005, 1.4247395784931753, 1.4246889004756635, 1.4246494339663016, 1.4246063145275238, 1.4245811414062486, 1.4245367906457942, 1.4244925597474385, 1.4244486415906066, 1.424404451845537, 1.4243598848694, 1.42431708524903, 1.4242732429797218, 1.4242283334460597, 1.4241845181144113, 1.4241395002204813, 1.4240955344458681, 1.4240505556427294, 1.4240064686213805, 1.4239594390668306, 1.4239152680872158, 1.4238703176836347, 1.4238257747316612, 1.4237809114142916, 1.4237260000027165, 1.4236873871431126, 1.4236425516619244, 1.4235985230485126, 1.4235544675991572, 1.4235113310418244, 1.4234673471135428, 1.4234193209993131, 1.4233736410671893, 1.4233286039949482, 1.4232817765077093, 1.423236232658716, 1.42319166193504, 1.4231468341693068, 1.4231019919197865, 1.423056664873288, 1.4230114225352168, 1.4229662772800888, 1.4229225837390065, 1.4228803212945815, 1.4228343344776886, 1.4227917847610527, 1.4227474554216855, 1.4227040996220737, 1.4226583322850919, 1.4226128018296276, 1.422566998921022, 1.4225212717478322, 1.4224756375390857, 1.4224300942526673, 1.4223846639776399, 1.4223393576036383, 1.4222941115297354, 1.4222489758735504, 1.422203885845432, 1.4221588578892692, 1.4221138582687416, 1.4220688017921916, 1.4220237056234246, 1.4219782363253157, 1.4219330271104396, 1.4218857803283873, 1.4218393616884486, 1.4217963133995941, 1.421746901484833, 1.421699609683326, 1.4216554906967238, 1.421608614993397, 1.4215621958562876, 1.4215183378039618, 1.4214744578460028, 1.4214280592751611, 1.4213838418684086, 1.4213351856119154, 1.4212891931844482, 1.4212435828950165, 1.4211973241989488, 1.4211533671583207, 1.4211074533196386, 1.4210611286815185, 1.4210147423193662, 1.4209682950986575, 1.42092179208386, 1.4208752113717933, 1.4208285829924543, 1.4207819130849957, 1.4207371993895246, 1.4206905848494165, 1.420643649095413, 1.4205964995615974, 1.4205491293313848, 1.4205016897315508, 1.4204551081889252, 1.4204082271981184, 1.4203610276245149, 1.4203145583866004, 1.4202680825257046, 1.420221223829377, 1.4201738621563464, 1.4201264862039054, 1.42007976993769, 1.4200360004148196, 1.419988004893787, 1.4199415011849124, 1.4198992378219777, 1.4198530016941067, 1.419805853092967, 1.4197560660757256, 1.419706862823662, 1.4196596906313916, 1.4196129798063375, 1.4195688960813408, 1.4195242535877057, 1.419471635583686, 1.4194292255510865, 1.4193785292941805, 1.4193360934902708, 1.4192887246761658, 1.4192412306835798, 1.4191900764710519, 1.4191423039093847, 1.4190979430060966, 1.4190548699545935, 1.4190025872813934, 1.4189588658666514, 1.4189115465629, 1.4188641105017121, 1.4188167501519444, 1.4187693264341539, 1.4187218284771996, 1.418674411840743, 1.4186266187509278, 1.418578536412074, 1.4185311783768575, 1.4184849046995127, 1.418437746459773, 1.418388709892258, 1.4183421469808597, 1.4182969696824834, 1.4182470597682333, 1.4181991667403657, 1.4181513982359542, 1.4181037926958682, 1.418055687591565, 1.4180062665800994, 1.4179581551696214, 1.4179106016790664, 1.417863025867091, 1.4178151138995074, 1.4177671643933965, 1.4177191311418225, 1.4176711075161632, 1.4176230775725343, 1.4175749825006652, 1.4175305051832756, 1.4174829031756773, 1.417435029751385, 1.4173890011813264, 1.4173418136416542, 1.4172940902556064, 1.417245979716027, 1.4171980224260308, 1.4171501313871053, 1.417101909375027, 1.4170537177332319]