Model Setup for Atypical Patient 1:
ITERS=2000
LEARNING_RATE=0.001
OPT_RESET=500
ATOL=1e-05
RTOL=1e-05
METHOD=dopri5
Input channels=2
Hidden channels=32
Output channels=2
Runtime=96.28608584403992
Optimizer=AdamW (
Parameter Group 0
    amsgrad: False
    betas: (0.9, 0.999)
    capturable: False
    differentiable: False
    eps: 1e-08
    foreach: None
    fused: None
    lr: 0.001
    maximize: False
    weight_decay: 0.01
)Loss over time=[71.71473188920457, 59.10642838619394, 47.43606692018545, 37.23074187683573, 28.69106372488044, 21.117562087295955, 14.445132966366167, 9.23798662681479, 6.144727458565355, 5.571622716083909, 7.292687319374514, 10.121186283590385, 12.450482048068947, 13.399709834943756, 13.024126900680756, 11.832261615433652, 10.367677456772167, 9.003882375236246, 7.9050303453097, 7.092338540327779, 6.535387093810226, 6.20172640292667, 6.062076931525791, 6.082108098297035, 6.217270815579412, 6.415592314495957, 6.623772550233471, 6.792949565383074, 6.8836432233102665, 6.870751786006455, 6.748535503414433, 6.533182043402527, 6.260042152559553, 5.975178887949467, 5.724069006521466, 5.541397471716445, 5.444703195137656, 5.432642855608182, 5.487240875659719, 5.579182095157566, 5.675141510346034, 5.745619559441477, 5.771300676625468, 5.746309794329591, 5.677759722795422, 5.582142987863981, 5.47996494140221, 5.390241303523748, 5.326202375054364, 5.293023527362336, 5.2878315472756094, 5.301676515335827, 5.322732756015588, 5.339763027834534, 5.344889077894114, 5.334995891890397, 5.311590962800767, 5.279443422747127, 5.244637754184022, 5.2127123859714395, 5.187369285975131, 5.169957910237475, 5.159672100671535, 5.1542253940898455, 5.150713934487174, 5.146419168889562, 5.139396415313413, 5.128786982851648, 5.114851758041746, 5.0987570585603015, 5.082170255012374, 5.066757025386897, 5.053706002859356, 5.043414964450528, 5.035434574326935, 5.028683733737868, 5.021854893862891, 5.013860327594134, 5.004161816766994, 4.992878739190422, 4.980657554146921, 4.968371625307383, 4.95677340653299, 4.946227300696913, 4.936613484764994, 4.927425204715915, 4.918007541598005, 4.907831780302039, 4.896689070595323, 4.884726952149612, 4.872325471728994, 4.8598822915531885, 4.84761332464868, 4.835459858950035, 4.823134320815353, 4.81026633897859, 4.796565631928744, 4.781920099433336, 4.766392271266316, 4.750135921966181, 4.7332928851562, 4.715933747252428, 4.69806338078642, 4.679675400660399, 4.660804473993864, 4.641536961113086, 4.621974408083166, 4.6021882079376075, 4.582205636053152, 4.562051908003041, 4.541814518623903, 4.521671619612772, 4.50184673485602, 4.482514875540055, 4.46373428000263, 4.445462419015848, 4.427640300423201, 4.410262811384317, 4.393363026078381, 4.376925238237919, 4.360821817201154, 4.344851190958612, 4.328843191537777, 4.3127169564782655, 4.296432959842817, 4.279912561528769, 4.2630344848968775, 4.245707477335859, 4.227911794921189, 4.20964822781835, 4.19086941155974, 4.171496682669774, 4.15149721389605, 4.130902383563208, 4.109740923535306, 4.087994648798379, 4.065639519627365, 4.042684957607157, 4.019129051823215, 3.9949066813089873, 3.969933569294389, 3.9441768724253863, 3.917634284296413, 3.890281798360202, 3.8620948101362456, 3.833069069972494, 3.8031784823845594, 3.772412448296507, 3.740910734420159, 3.7089506803020593, 3.6768183949561832, 3.6447998278617293, 3.61317814037057, 3.5821474548516608, 3.551960338894632, 3.522633265852049, 3.494158167403782, 3.46635287280391, 3.439012747309585, 3.411868056566212, 3.3846732024338313, 3.357293769872142, 3.329566339704066, 3.3014889002081826, 3.273299952075328, 3.2448760446687275, 3.216332684308104, 3.1880686592676684, 3.159753655252477, 3.131870473854026, 3.104377359767483, 3.0774090868186295, 3.051031238482817, 3.025316349598199, 3.0001127217029535, 2.9756681094989386, 2.956853727112259, 2.9775871451051157, 3.0828192063850874, 2.9073432656332177, 2.9038105850462403, 3.0209430938654047, 2.83101395319777, 2.913838176091686, 3.1245453129786025, 2.784430591442937, 3.4585452892306163, 4.0394857878424135, 4.500246459006831, 2.9915662920271457, 5.975333407763338, 4.026626359555913, 6.482490984572689, 7.3633755661762885, 7.054981491829946, 5.9176536329473635, 4.315938644742247, 3.259098428138753, 4.959694813971345, 4.7241592380852175, 3.2635246164536835, 3.518016517048835, 4.080746388804866, 4.359559526141067, 4.238023705691484, 3.8158991800436284, 3.3709997710608235, 3.292071393675778, 3.697257267240734, 3.8724502309288322, 3.4891165638421286, 3.2337835363107206, 3.293958370146744, 3.456404369791612, 3.54110475620239, 3.489155579036043, 3.3432977200065563, 3.2089844126445453, 3.189960173142968, 3.284647734996537, 3.335735138718457, 3.2413009524267014, 3.1281862440138055, 3.116241436044121, 3.1707555795176163, 3.201088717951454, 3.1626099360144297, 3.0862835873343943, 3.0452472001423585, 3.071813056156835, 3.094057603134756, 3.0462083202999395, 2.9908488607008437, 2.9879701215942034, 3.0058338735022123, 2.994052226415329, 2.950342191233959, 2.917889826267727, 2.9225398984994326, 2.9223881649837127, 2.885709655220793, 2.8574297065100343, 2.8581726258695723, 2.852871725183102, 2.8240764857692002, 2.7998790221708387, 2.7983848519110315, 2.787173518797262, 2.7590585791207984, 2.7472477503508466, 2.7432481956099513, 2.724275232619145, 2.704643246687958, 2.7000077485368044, 2.688119265168618, 2.6684520486636902, 2.661326421807437, 2.6515613002755956, 2.633466101576822, 2.6249468298043563, 2.6152314322407415, 2.5990650892985516, 2.591835621029709, 2.5800928574020374, 2.5661787219620593, 2.5589281143376397, 2.5453222823002135, 2.53595711462469, 2.5266785041975783, 2.5141653053304616, 2.5068221351298035, 2.494796433896908, 2.4871845985444185, 2.4766343735392016, 2.4674773733576427, 2.458178913468167, 2.4490265696904796, 2.4404682346990967, 2.4308808721172217, 2.4224171390016194, 2.413780760318459, 2.40506051638564, 2.3967621308477436, 2.3877959078847915, 2.3806641606619237, 2.37131920908661, 2.3638730670893326, 2.3558845287050643, 2.347520124235095, 2.340357129062538, 2.3321980926040955, 2.3243009219615547, 2.3171260455373326, 2.309714157591257, 2.301597270047633, 2.294250273215432, 2.2874567953053884, 2.2801550523053433, 2.2732487324189052, 2.2657685010756294, 2.2589471885803407, 2.2518461855178833, 2.2457626599486127, 2.240396318462899, 2.243840106959164, 2.2747172851171267, 2.538537776557828, 2.784035013346452, 4.949646289669283, 4.691382106252193, 2.6052920105428607, 2.293043032145929, 2.866153156949085, 2.2758190139063106, 3.577823989307444, 5.793337286251662, 7.819292091056632, 7.675104804928546, 5.8967060396945365, 2.745604498437417, 16.3314815164974, 7.469946180175935, 12.811322191806074, 15.804360200863876, 17.349418686280035, 17.985142740132968, 18.094446618385213, 17.930705680887897, 17.64091868287283, 17.28237561810336, 16.851104274571654, 16.329637797249646, 15.714677497314115, 15.032121795871312, 14.331041223471635, 13.663121217084399, 13.061731141081266, 12.531507456246818, 12.053143192860396, 11.59796670394546, 11.145090999343154, 10.691170985755264, 10.250460602564011, 9.845370734449194, 9.494630987070979, 9.206677595291254, 8.979440653362538, 8.807762734856878, 8.690038715411168, 8.62918048510346, 8.623319089520946, 8.653217204912442, 8.679906425678977, 8.658504605671572, 8.557677440268888, 8.370133885393727, 8.111040563371496, 7.809742909630976, 7.5000435856891405, 7.211913883522818, 6.965739007636826, 6.769329301784438, 6.617904151911071, 6.497144170493403, 6.388581105603939, 6.275536985967551, 6.147476678982887, 6.001407805795065, 5.840425786562158, 5.6707760773322216, 5.499183537045388, 5.331567674050125, 5.173103861042537, 5.028656050971032, 4.902467987384143, 4.796735820152627, 4.709850611778527, 4.635921762037246, 4.566818158235015, 4.496141052834652, 4.42254465250293, 4.349816767637218, 4.283645776628563, 4.227745902873034, 4.182221804727678, 4.144747365267646, 4.112837601698593, 4.085197135748161, 4.061387084228671, 4.0406520727482205, 4.021277010491901, 4.001271389950471, 3.979865141795598, 3.958355415088717, 3.939243667445899, 3.924202179461352, 3.912661603010041, 3.902319759335958, 3.890938866322065, 3.8777130414247796, 3.863102580315724, 3.8477883523129717, 3.832078984768197, 3.8161948472785228, 3.8006124835559594, 3.785769171226788, 3.7715049218427708, 3.7570490795832545, 3.741673653450964, 3.7252621087132343, 3.7082909506083324, 3.691386543808243, 3.6746173470693297, 3.6581904989591894, 3.6419532151362124, 3.626023459556748, 3.610351162595974, 3.594743707713357, 3.579009769271487, 3.5631738802223896, 3.547470062485878, 3.5320998494216167, 3.517165283636366, 3.5025698809504577, 3.48822116557449, 3.4740882923168273, 3.460149604893839, 3.446348934481349, 3.432644462662115, 3.419064312135934, 3.4056913733858765, 3.3925762365217014, 3.379642867335326, 3.3669098469031415, 3.354372483832297, 3.3419663330064, 3.3296278588376556, 3.3173820524886897, 3.3052227628958324, 3.2931653510947485, 3.281229118277285, 3.2694066013624323, 3.2576608944782133, 3.245955242213422, 3.2342706198899047, 3.2225982931472648, 3.210819974454792, 3.199070686629106, 3.1873772151239312, 3.1754858134618136, 3.1635580789789417, 3.151449839438914, 3.139096859452295, 3.1266291664316204, 3.113980922714793, 3.101181309823413, 3.088291029752199, 3.0753788640365154, 3.062669782418449, 3.050255551064516, 3.0383811251171036, 3.0272304128852245, 3.016863151887151, 3.007087070585747, 2.9974573702896787, 2.987479106271216, 2.9769804017512174, 2.965951581816574, 2.9545194173817775, 2.9429062487984528, 2.9312854858340573, 2.9197358877424375, 2.9083517757985273, 2.8970283485554407, 2.8859373994920823, 2.8748910491171027, 2.8639845147087915, 2.85324992592077, 2.842886397348672, 2.832914977976898, 2.8235412175210075, 2.8146183333631893, 2.8062144918966427, 2.797925503761485, 2.789577172556253, 2.7811385214724114, 2.7726668372683783, 2.7642107870351853, 2.755676752391123, 2.7472621272506714, 2.7389151524362645, 2.7306646457618853, 2.7226037057495365, 2.7147154591361486, 2.7071479274613113, 2.699679471230159, 2.692374039591797, 2.685130260017005, 2.6779363454704677, 2.670707246261424, 2.6636296427055943, 3.087360213339089, 24.338872325576173, 2.879076847691163, 5.41186104864909, 7.716568775994322, 8.360375016770767, 8.032657416451306, 7.161867841496993, 5.995200103105858, 4.658370197534182, 3.5194377617096704, 3.5181552342993156, 5.218932132930553, 5.033946465917158, 3.456180642783471, 3.025324260657163, 3.3580867518518174, 3.804068361967202, 4.07025055994523, 4.062996279709169, 3.7920627461112066, 3.3701043087357574, 3.0408177450707767, 3.087770668185143, 3.46783807761462, 3.588663817811596, 3.2475972748930957, 2.958603231353774, 2.952218239638835, 3.098332532997091, 3.226265361743265, 3.248178157529274, 3.1598980358351487, 3.018530587788344, 2.915682458902704, 2.920344273445066, 3.0013848712549818, 3.027591616844005, 2.938363491985262, 2.8387132498778085, 2.8241496492475022, 2.8737810477996804, 2.912625677939991, 2.8935804008210266, 2.8296376411380084, 2.7767055318939757, 2.778475554484386, 2.8101905695278817, 2.806015029535428, 2.7609499933413963, 2.73114537699845, 2.739932113436516, 2.757935014093996, 2.7516676225285055, 2.72148328491448, 2.6967151734401287, 2.6981858589236527, 2.707214961127773, 2.694284876862127, 2.6708948503630925, 2.66503841636694, 2.6718013350867795, 2.6679925290121083, 2.650258291939291, 2.637381635994326, 2.6382902429241653, 2.63594787262269, 2.6221100735000062, 2.612303760441283, 2.612149955928229, 2.608935881755062, 2.5977594645827775, 2.5886682926069398, 2.58669355344627, 2.5814731178625077, 2.5709654902130326, 2.5651697608476662, 2.5626654195765406, 2.555652966826813, 2.5470415404099636, 2.542874611913339, 2.538244091809451, 2.5300492414782725, 2.5245456459073963, 2.520531880454394, 2.513539389387876, 2.5067706677247696, 2.5025173778289447, 2.4965062023434488, 2.489909320249414, 2.4855571754346535, 2.479593838452645, 2.4728847311910993, 2.4679846597437076, 2.4622894644941553, 2.456149445167199, 2.451509023818059, 2.4456262134414435, 2.4395159422324206, 2.4342692016987946, 2.428379254211762, 2.4229957055291766, 2.4178893015907224, 2.4118174553183196, 2.4064866216956573, 2.4010367447193675, 2.3954517385289775, 2.390301115034887, 2.384581359835197, 2.3791744018230787, 2.3737409965032157, 2.3684280709726058, 2.3632553511253374, 2.357597190492853, 2.3524056393956227, 2.347014090753296, 2.341931506073313, 2.336587088275281, 2.3313090472001474, 2.32606015911985, 2.320931414004732, 2.315746174479291, 2.3105240709127983, 2.3054169542032383, 2.300338324105003, 2.2951657561237067, 2.29010009491951, 2.2850026448648246, 2.2799989428385694, 2.2748966099962065, 2.269863737898649, 2.264907766851545, 2.259919631837811, 2.2549864650317075, 2.2500167988093547, 2.2450932503235417, 2.240228905153127, 2.2353151619196385, 2.2304687316259675, 2.2257286686482676, 2.220804595583667, 2.2160307174298777, 2.2112548366691915, 2.206442846643657, 2.2017000683657315, 2.197019008674763, 2.1922203198586936, 2.187573560259919, 2.1829859851862463, 2.1782548374414112, 2.173840944126469, 2.169107626693099, 2.164646112753101, 2.160242987909385, 2.1563041088663373, 2.1527140317309392, 2.1525693985227425, 2.1567572723541906, 2.1917680097151826, 2.266102082789873, 2.645153861581839, 2.256452339171923, 2.1827664479523725, 2.1437509155340218, 2.1488730736332546, 2.171675931066994, 2.337409769775284, 2.4025156219681048, 2.9890009803206294, 2.114361169490476, 4.117339735710747, 6.799513817785016, 9.621887720510454, 9.815433088458509, 8.228570076218402, 5.599274225909307, 3.003180681452154, 10.921296938742811, 5.088286037592749, 8.342788169817617, 10.349483389460804, 11.309860406979451, 11.490564115089784, 11.105499883218185, 10.321679155089887, 9.27101822290801, 8.046447413616157, 6.738884645972343, 5.350948838803674, 3.885388832325789, 4.313408991800646, 6.756577001407496, 5.486011826651185, 3.701130167104537, 4.005399602603949, 4.744884791995665, 5.193288831592178, 5.272926951614843, 5.037448081154801, 4.573626026146571, 4.015596883627416, 3.600960579887788, 3.643566239379153, 4.069578711941954, 4.218554015371994, 3.819993374555976, 3.3892429687110233, 3.2894752695035177, 3.417185950221912, 3.5493967341490777, 3.5526869013164433, 3.4016133480526647, 3.169941136024117, 3.0040789874700677, 3.0115345981835286, 3.118883682325101, 3.126075640075881, 2.983129369313497, 2.844755734525679, 2.820608896134455, 2.8703218385716016, 2.9010349070469834, 2.8623387666568907, 2.77505761174105, 2.705791034345226, 2.703799730086623, 2.7400414157474895, 2.7362381369267577, 2.679340379876922, 2.6350344265791787, 2.6406587173799183, 2.663407054449252, 2.658158777448726, 2.6219762089998344, 2.5920753604179634, 2.595199098953939, 2.6097960722485314, 2.599530800939218, 2.572722072029834, 2.562371609972704, 2.570650664378829, 2.5723283514836996, 2.556219295456076, 2.538708570318108, 2.5368024550824457, 2.540573743983592, 2.5318787897854933, 2.5169777664860664, 2.51216187506996, 2.5135356739158627, 2.5074513036530135, 2.494893626508244, 2.487557896095981, 2.4864038424206707, 2.4809479015423235, 2.470688539256666, 2.4645965870528865, 2.462376590894264, 2.4565895766698658, 2.44749438733037, 2.4415092545717516, 2.4380601655579555, 2.4317702588832515, 2.4242966621544224, 2.419790979881234, 2.415810017087303, 2.4092327330622405, 2.4026337923438246, 2.398284692050644, 2.3933790945747195, 2.3871075275661613, 2.382241160732134, 2.3780197632125204, 2.3724875970224506, 2.366718188601366, 2.362180943997324, 2.3572940886749234, 2.351856546395723, 2.347371397376257, 2.342940196679743, 2.3376176760452654, 2.3326356822640046, 2.3281680982501443, 2.323268663749138, 2.3185238156477492, 2.3141863379239314, 2.3094250005907697, 2.304564939609776, 2.300050062590807, 2.2954780338343594, 2.290878606635523, 2.286519697972632, 2.281909793423746, 2.277371846022878, 2.272912880722023, 2.2684389725952654, 2.2640545813505044, 2.259697059154598, 2.2552370013188, 2.2507944781324194, 2.2464513411724307, 2.241972035120028, 2.2377287302633784, 2.233411483330066, 2.2289531500199673, 2.224656812873968, 2.2203219933402107, 2.2161025295563794, 2.211897443057481, 2.207689120685791, 2.203548115469148, 2.199454847076593, 2.195413693810462, 2.191399355775239, 2.1872511806453407, 2.1830572812873967, 2.1789583531500454, 2.1748485667761233, 2.1707110589486787, 2.166562349278452, 2.162547681690722, 2.1585401706212504, 2.154717316399471, 2.150881709556802, 2.1469303487108817, 2.143422922345088, 2.139322439075525, 2.1356418623024584, 2.1317867448410754, 2.128026678473714, 2.124390003893491, 2.120802552774732, 2.116983073995442, 2.1132608186598048, 2.109665769303971, 2.106047145935526, 2.102305806868235, 2.098729758490663, 2.0952902890018383, 2.091681468924079, 2.088157323437642, 2.084731375901086, 2.0812985015500076, 2.077829881506491, 2.0744351059030013, 2.0711428195403006, 2.0676707701537693, 2.06443202138659, 2.060888203751126, 2.058003859518966, 2.0543370188189174, 2.051082168920043, 2.048378137438872, 2.0444790075940475, 2.041453199955802, 2.038377834919265, 2.03486180471654, 2.0318020506568755, 2.0287563396925843, 2.0255449249879476, 2.022411801249641, 2.0192426275007027, 2.0163076300423985, 2.013466463657976, 2.010423859712817, 2.0069276401427776, 2.0039399387897423, 2.0010051776591453, 1.9979622754544244, 1.9950320494564038, 1.992028157948689, 1.9894135502216856, 1.9864369384310274, 1.9840942101975665, 1.9805249170927588, 1.9775150529067467, 1.9757504065123437, 1.9739975345781497, 1.9745573491931872, 1.9717804533101109, 1.9697597465851047, 1.9673242113491405, 1.9692610021170338, 1.967353916892744, 1.9776758036255813, 1.992311661473068, 2.0512374125389323, 2.0949416204365607, 2.2984035846911195, 2.075482469537198, 2.0357937355166853, 1.9943737935458614, 2.0225422472021477, 2.056912284423304, 2.2608794711923283, 2.1167867740945394, 2.186882069249091, 2.046251554535158, 2.0620102184990357, 2.0381194513053402, 2.1472713370360967, 2.092692213344014, 2.2110934818114716, 2.0438140920611017, 2.0240732139285003, 1.9829343841968239, 2.0047309023072457, 2.0112975040781063, 2.1273471304854796, 2.0890384744038957, 2.2156547871922467, 2.0183286225160653, 1.9704096429199438, 1.934258974983316, 1.9255837859494191, 1.9197161432730068, 1.9265742733932898, 1.9415645341004086, 2.0048995039126165, 2.080147234828755, 2.3792987036837974, 2.0243990598746255, 1.931613253070838, 1.9018258627597986, 1.9083994493219214, 1.9580367819244096, 2.0564775661797, 2.4194202650806047, 2.032403516248996, 1.935535529548234, 1.8979682404064981, 1.89161221594386, 1.8943276710134775, 1.9061601325526347, 1.9696672158693418, 2.1023643965687757, 2.5898805173062645, 1.9560284692816516, 1.914376352604841, 2.2634073772065553, 2.2554124143877563, 2.6040805301057617, 1.8848949193899818, 2.5229825019204135, 4.066705809590572, 3.2189784453271657, 5.153672953299362, 4.338375368664624, 5.56334982178972, 3.5009590180053114, 4.945071497645717, 2.103170449161031, 3.135163662373501, 2.278610031518186, 3.0930282995510536, 2.013965120363976, 2.6674469919341464, 2.3998133454658177, 2.261816434451818, 2.37485973449714, 2.1917407440107937, 2.4044758854553083, 2.0493246142558554, 2.3367514675707484, 2.062630929269478, 2.2185494525711924, 2.1666043872590675, 2.080819965600441, 2.1864097408849363, 2.0385254647556783, 2.1565898219789275, 2.0342628310084927, 2.1076569890003882, 2.0479090784700404, 2.0618118305871693, 2.0725507825016973, 2.0138233141725626, 2.0687029222848783, 2.001632744279513, 2.0529515509596696, 2.0017536997584284, 2.033250467544846, 2.001826407384013, 2.017644706385805, 2.0060847935998116, 1.9991926871274048, 2.0017424988246795, 1.9911785334465237, 1.9978603027200812, 1.9832137210703538, 1.9885442526648802, 1.9798336246130674, 1.986481196537401, 1.9731582791143263, 1.9758594404095964, 1.9698473744758254, 1.9719999632308893, 1.9627825206643414, 1.9622396095861125, 1.9585340295210187, 27.760928307632557, 7.798152535003499, 6.811015125985369, 11.119927085369932, 12.821750560346826, 12.726807457412002, 11.571294345092639, 9.761294079443513, 7.687755726770232, 5.534650894903152, 2.819183971605905, 4.191502883539204, 7.120860779384251, 5.800249083314216, 3.0927639705714314, 3.0614580295715754, 4.178111313181366, 4.8115112539146425, 4.870064904140161, 4.458793078592924, 3.6881826821546126, 2.8530968678243522, 2.7119429399252986, 3.46919924409309, 3.906945693191017, 3.523582966093629, 2.870585709609768, 2.7220711035714076, 3.0334992484683174, 3.2883165375296346, 3.277843671959393, 3.0210871249000664, 2.6880437317509176, 2.5587539454480965, 2.7421366415668618, 2.924518023493509, 2.8403712890378063, 2.611476096101624, 2.5224434041454162, 2.6177570031551936, 2.716987180725162, 2.691266407210649, 2.553806234664963, 2.429450560589657, 2.4420692065026524, 2.5241195753251002, 2.522599345997089, 2.4299281951203655, 2.3707805156004897, 2.401750021074737, 2.440406051312884, 2.410260500017149, 2.3388684932746204, 2.3098721427868423, 2.337337173934912, 2.3474598899396977, 2.3080052521812426, 2.274389941967129, 2.285276550033913, 2.3026085617693206, 2.281993220462814, 2.2462481725051506, 2.240799740096685, 2.2513484484635957, 2.239205694770091, 2.2156612370236406, 2.2141371061199346, 2.223409730115869, 2.212762186621982, 2.1934036647239776, 2.1901903537875835, 2.1928257747650113, 2.1817158865953874, 2.170256425278088, 2.171439941140549, 2.1704174087884427, 2.159113148934137, 2.1519277445154077, 2.1517095493018323, 2.145760994935141, 2.138170677987938, 2.136390603413942, 2.1334452144743623, 2.1257271559070383, 2.1205942453927107, 2.117757788068521, 2.112411042094161, 2.1080497569205106, 2.105911611092109, 2.1008015657075916, 2.0949606889446, 2.0914645742711997, 2.086883855204885, 2.08255924677737, 2.079434407499856, 2.0748302609334797, 2.0699553474885026, 2.0660673843935506, 2.061621392579001, 2.0578350897510855, 2.054151475296169, 2.049454720770035, 2.045134971352903, 2.041086682632583, 2.0370157997784033, 2.03347752936814, 2.0292479827305665, 2.0248812818639452, 2.020980175980951, 2.016858902562655, 2.013440796909357, 2.0090974637278287, 2.0051456347656607, 2.0013226574733456, 1.9972086985707096, 1.994256196594008, 1.9895250239476567, 1.9859848514263705, 1.981683034132088, 1.9789728120663925, 1.974931273680397, 1.9706752812866517, 1.9672820562721818, 1.9631599056325177, 1.9600710239852077, 1.955500535782055, 1.9519569400175636, 1.9485962372427046, 1.9455473905445366, 1.9410725919889968, 1.9374031075142184, 1.934585936584403, 1.9303139486823306, 1.9272047747605725, 1.9230621858936319, 1.9213026298708593, 1.9162832935530902, 1.912837143572928, 1.9091316761259733, 1.906503508987537, 1.9022641177335367, 1.8990616916154615, 1.8955379440167415, 1.892674627281159, 1.8887330383108443, 1.885414115141723, 1.882185905451123, 1.8789661356606393, 1.8754784350737355, 1.872212395300926, 1.8692018793099299, 1.8656407019461787, 1.8624924426500842, 1.8593170360979328, 1.8563385982249052, 1.8529638581412415, 1.8499374975096288, 1.8475259464329454, 1.8435904775832148, 1.8411063562151162, 1.838864965949884, 1.8343608323710077, 1.8324210804637227, 1.8307887386438253, 1.8254106933157908, 1.8223144892592458, 1.8211554639796694, 1.817224516488955, 1.8145614641734797, 1.8109069334194012, 1.807825956986442, 1.8050799272643288, 1.8022070250377462, 1.7998788773715033, 1.7974689996489859, 1.7995183909824386, 1.7962777894294837, 1.8014002174806711, 1.8026793637600937, 1.8236728775634257, 1.8551423599589505, 2.0004281783911186, 1.9979252780620251, 2.1838557666964173, 1.9186352516661425, 1.8470407469692196, 1.7931206425599102, 1.7825770515744601, 1.7795302333509135, 1.8010064468895566, 1.8509235941740214, 2.0686592878616414, 2.062062421216794, 2.319009842425039, 1.8594563952244472, 1.755419855223854, 1.8266872053879035, 2.045400359857122, 2.568282405996865, 1.7966609205436477, 1.9699435198450308, 2.835093363277939, 1.7616627890297878, 2.60354567287248, 3.757080251887181, 2.569513390643966, 4.941357398465057, 1.8105490085232616, 3.2351841125533287, 1.8087109806284365, 3.7131328020493126, 1.885116778433364, 2.747381916743132, 1.8033077369333759, 2.7795248277958633, 1.9287012412039601, 2.3924313890545976, 1.8195752191397865, 2.3592752539826654, 1.9046458233808743, 2.1983956309861905, 1.8335001665632833, 2.1353980246154305, 1.8697233386842174, 2.058172995693548, 1.8298586944207436, 2.0035082178862926, 1.8465218600524855, 1.9695671992392603, 1.8255683083629803, 1.928525283424676, 1.8346575765607163, 1.9130400129332548, 1.8222186275948837, 1.8765392023883687, 1.8340089507966566, 1.8637063257229527, 1.8301983580703756, 1.8329246013462475, 1.8504365012372048, 1.817428196085019, 1.8444962482717209, 1.7971907900914827, 1.8450902966975884, 1.7930365074216772, 1.8226442388649213, 1.8027804047346523, 1.8081028221782167, 1.8020673038174109, 1.7864991402526398, 1.8096211175760721, 1.779632938008338, 1.7926812378996295, 1.7866598253189223, 1.7808753165141482, 1.7887984341698904, 1.770944572103234, 1.7820833510358602, 1.7731985115886149, 1.7633366804457835, 1.775128945193248, 1.7599179087487762, 1.7591357239859624, 1.7644666099236317, 1.752732698647803, 1.7517584769910963, 1.7560602540987966, 1.746140555427662, 1.7448042947745426, 1.7453821750209713, 1.7397727983091125, 1.7375240308731932, 1.7379272757967932, 1.7337640433246266, 1.7317808151310103, 1.7292249533496014, 1.727092029890368, 1.7251867202148425, 1.7232956811974305, 1.7208180869435012, 1.719218181246633, 1.7177451783769049, 1.7148607082151182, 1.7136799267351177, 1.7110956804260142, 1.7087514046482175, 1.7068929243047142, 1.7089404355413556, 1.7041658336641665, 1.7031558882728381, 1.7000335553661188, 1.7008255528131135, 1.6953491630878113, 1.6944297221236377, 1.691285086294184, 1.690455910174805, 1.6876402573323561, 1.686299506733378, 1.6841511101089692, 1.6823262828938474, 1.6807773536922581, 1.6785093927387045, 1.6775930358413114, 1.6747813668576945, 1.6754082306496059, 1.6718662017252077, 1.6713612204863841, 1.6678335702685914, 1.670850883897694, 1.6686382077675683, 1.6825044128973412, 1.730937712510817, 2.0306598401426785, 2.1899362759875687, 3.0775265603643644, 1.7923774977405154, 1.7271121950751136, 2.5101470508760593, 2.1075347197521186, 2.0952665877812904, 1.6931502448940534, 1.6876719144412784, 1.972422518310781, 1.986983971069926, 2.150272107295639, 1.7489133274188178, 1.6607927028314746, 1.7695682052344175, 1.8964448528830773, 2.1124855029901966, 1.662013748108268, 1.9728932332932312, 2.7041613996773872, 1.6619949214337133, 2.7123246578483755, 3.581309175157354, 2.1578037618586907, 4.445754901056923, 1.7299729038209177, 4.13827833149826, 2.131573253657825, 4.76655270226503, 2.4744937288564652, 5.079669112114299, 5.683610602599152, 2.3983745055021, 5.037124383269122, 4.447638899316155, 2.211462099354175, 3.907026216497751, 2.4019557139306653, 2.6450307872333934, 2.6799751694841394, 2.11450935239701, 2.8270130034813055, 2.019944719497666, 2.13677180209356, 2.131977694295918, 1.9506862671033587, 2.2875420460253935, 1.9210085620932646, 2.0275079719035976, 1.9876580193471638, 1.8934025341337495, 2.0857267672290223, 1.8452111830788012, 1.9437451977461933, 1.8777319818497522, 1.8642538696128719, 1.9595801287299153, 1.7938237001237711, 1.9006145444878042, 1.8004290165463401, 1.8527372116551413, 1.8490193510226058, 1.781829464499674, 1.8336831552559176, 1.7737020892398847, 1.8342627225627586, 1.7739490738245038, 1.8088338710983036, 1.771279994625557, 1.8018956231079999, 1.7853958293670218, 1.7746208504705743, 1.777514923891969, 1.7706129236956507, 1.7842454823492366, 1.7575063018600667, 1.769889317795872, 1.754867240891446, 1.7700656792802407, 1.7480674536788134, 1.7557808934721464, 1.7436837625414894, 1.755816247386099, 1.74047916822204, 1.7432417484351035, 1.7344906739702155, 1.7421313582029199, 1.7301911250900914, 1.731016068097221, 1.7260770735991344, 1.7297999222733174, 1.7212746069017222, 1.7206060836010253, 1.7168892548232473, 1.719765414607216, 1.7125664072316895, 1.7126062549452792, 1.7102561206408295, 1.7098224143605707, 1.7041906370940219, 1.7021150719706128, 1.7097556073135856, 1.698192809334534, 1.698190496246414, 1.6983957351991683, 1.711137027815312, 1.6981404148891448, 1.6899240466888779, 1.708864673871915, 1.6905461086487223, 1.684726243193591, 1.6806748476313473, 1.692036978138222, 1.678189945256981, 1.6749978053407424, 1.6833653432667148, 1.6749398747432038, 1.6782703424549537, 1.6715010032270028, 1.69169269769026, 1.6668899926342091, 1.6653610890494628, 1.6728537507687036, 1.6588041939004297, 1.6587657390518276, 1.6571258383747605, 1.665033370549267, 1.6533741862754832, 1.6523918323697906, 1.652644459714834, 1.6538326375540842, 1.6523291259726844, 1.6498382382433332, 1.6585645320544806, 1.6543717791426682, 1.6448747713595955, 1.6391658386271557, 1.6413242116063953, 1.6493502175538823, 1.6439251340270327, 1.6372585404201876, 1.6360448918005246, 1.6389281394544868, 1.6286236166371706, 1.6260554480500071, 1.6524261206478499, 1.6260731201998693, 1.6312871176405628, 1.635179977027484, 1.6292538401375696, 1.626840697463593, 1.6360576047048725, 1.6185626158324695, 1.6252229507721723, 1.6326808951156748, 1.615252851143056, 1.6281514095780323, 1.6444818704565003, 1.6085836060010938, 1.6400704302999414, 1.6899796958938518, 1.6019864418890277, 1.6257884166810335, 1.6808557642063433, 1.6313671595915287, 1.6056075425384913, 1.6176256411405603, 1.630497182052879, 1.6908900429593052, 1.591707450327477, 1.591352966269752, 1.6302182050625478, 1.5952770403756142, 1.5996175537071657, 1.5888970607778996, 1.6082713707199963, 1.6190768738105668, 1.662746931244069, 1.621683608294886, 1.6199213135562582, 1.5828438458671166, 1.587574886806136, 1.6616526414430057, 1.5922075995377414, 1.5967643662959192, 1.5817572699072293, 1.6509474792057313, 24.6326347312676, 15.442104593832955, 1.88866468827594, 9.696096850117298, 13.123148302602504, 13.780215946170136, 13.93231921017233, 11.534579879450929, 7.440700545299719, 3.274085598012944, 3.707342150052325, 5.140907221461719, 4.701434593857148, 2.8550685117119845, 3.040125105085576, 5.79028025541387, 6.117481477343728, 5.894106555351095, 4.91976738869595, 2.626848977733749, 3.531093167271798, 4.436568253817105, 4.177295950404972, 2.926918088551197, 2.562102349033286, 3.6518321856173244, 5.310008911742365, 6.278048566076151, 6.874765655975714, 7.3521721493960825, 7.714564375607636, 7.869893012008706, 7.81637128050672, 7.584089457925601, 7.225758958389486, 6.750080401726543, 5.498187249511823, 3.470441727639305, 2.185967064219661, 2.4819536477488167, 2.6761755837918875, 2.053932033330961, 2.4648357997945536, 3.542054846637464, 4.337886218240428, 4.351713872555981, 3.52286330070953, 2.421405925935443, 1.9191526308934272, 2.1533857242138983, 1.8873625334277557, 2.169795142308962, 2.185230631336436, 1.9547091247327553, 1.840646989493839, 1.8108660904838232, 1.80607345706907, 1.8605598821631346, 1.8701310333391434, 1.7922608859431832, 1.7634677627533504, 1.7613777178653616, 1.753847153268706, 1.815604926186715, 1.7662382223207354, 1.7309900016674633, 1.7471897623358734, 1.751585429668809, 1.8003988939573548, 1.7112248438447466, 1.7481870292384896, 1.7204136911255652, 1.785967278093211, 1.7495871005518338, 1.6919598468142718, 1.8167812451422714, 1.6921351673485574, 1.7376862296635542, 1.8036053535666279, 1.7344843742723393, 1.9046794107630014, 1.7459579031095729, 1.8326649914284696, 1.7509602206264354, 1.668282456501661, 1.7670962598969304, 1.668491438727419, 1.6968482701251697, 1.7571815149361123, 1.6591947588203715, 1.753012812600897, 1.7854673831028036, 1.6826566661492897, 1.9009342647765886, 1.8982200144678658, 1.6875283092950368, 1.9185645535923685, 1.8941967804875488, 1.6580987921456964, 1.8765716492546076, 1.9103080615132038, 1.7349803843882725, 2.1347469329350535, 1.9511790889088625, 1.7315396845186461, 2.242259142825038, 1.9454309644002772, 1.9807446386130065, 1.9385898917570878, 1.638398829490033, 1.8124831758131814, 1.6360299465559118, 1.6820193290161072, 1.7649444467843116, 1.6636956899762476, 1.876913277860298, 1.7981063308406784, 1.7986389600528314, 1.7876351941002142, 1.640250401532693, 1.780410438438826, 1.6357159419208542, 1.642026040331644, 1.7001458774042868, 1.6208446058352721, 1.6329592682576042, 1.6385370213019483, 1.644880560330524, 1.623566736716721, 1.623189109965559, 1.6432266208441428, 1.6128566254297938, 1.6145695201762071, 1.6397484807854708, 1.6257519653979153, 1.6775720628385005, 1.6997942019955423, 1.63407846095903, 1.6720645687823863, 1.6850277629980084, 1.6013911057569075, 1.6015299881184994, 1.6282077065466496, 1.6012881647020492, 1.6145399436098848, 1.708837590212404, 1.5899492655574894, 1.6109225604169097, 1.7342038020242136, 1.6698980712838662, 1.6364258970998464, 1.584643415912508, 1.584908838462473, 1.641265391638168, 1.5793082030947005, 1.5786745056686733, 1.6378397023463371, 1.6610375035982619, 1.7578335744501248, 1.6652223136259423, 1.688650877278669, 1.5919834740141139, 1.6636677397553967, 1.966779553583332, 1.7812012864461564, 1.7614572735266314, 1.5934529539357891, 1.567154040291414, 1.7270533597523714, 1.7128688621587145, 1.7899006444489047, 1.6019358745010512, 1.7703864258645423, 2.213538761544769, 1.8327833623631664, 1.8186968833113968, 1.9279546692548102, 1.5838060440465378, 1.573144333809458, 1.8227492645484544, 1.7196304195846155, 1.5984772382325374, 1.564290474238426, 1.702803505826042, 1.578273403025711, 1.5566855485193771, 1.5734264412523096, 1.5533423169776541, 1.5643709648242579, 1.7137551185816926, 1.5482188733569173, 1.550126202495094, 1.6898628103239266, 1.5546162594331647, 1.5515369666103884, 1.7239590880498314, 1.5496773327627311, 1.5679802276240802, 1.9606130542709346, 2.45832171274398, 3.2626877753577146, 1.911524312671827, 1.5419548408016028, 1.78553167233198, 1.6667648720471435, 1.9572832384601726, 2.414087653309513, 2.0402099406181007, 4.006262535657176, 1.5442207907819294, 3.2621562352487157, 2.0189115655553853, 1.6069675577467515, 2.4717181444120326, 2.346254009971707, 1.6303387370569518, 1.8109172869376529, 2.326548980794188, 1.6847693993996655, 2.7143496135121308, 1.6972337776005675, 2.294376027785302, 1.6462103049122314, 1.830175205374012, 2.2008007214812295, 3.0296453034754447, 2.518470946769866, 1.796398934527617, 2.9282397402829488, 1.7763890761895667, 3.045055827107717, 1.6500857494457402, 2.8663628781312678, 3.3347910398987253, 2.2867596058690016, 2.910903660415913, 2.3373014124963003, 4.970285177377309, 2.21588718719523, 2.2877547643552933, 2.220820885671385, 2.1551947748334555, 3.9339430708228234, 2.1289298189802066, 1.8270082466079742, 2.0043502108550455, 1.8417859518633852, 2.1175904914505477, 1.9502948530002155, 1.8204566412897565, 1.8629068506857853, 1.8011872459081528, 1.9472650461853382, 1.639013496974069, 1.9271738001962135, 1.6572629496567535, 2.185366117419801, 2.394438933669498, 1.8467674732541914, 1.614707499522437, 1.834866120438811, 1.6517745056939688, 1.9924432608101244, 2.0482316483519982, 1.7099594455902796, 1.6850412000803916, 1.6439586620253104, 1.7347021289611397, 1.673146817608063, 1.6021723011104185, 1.6366514386894346, 1.6584777174830385, 1.6932439779326929, 1.6195666179395707, 1.633784489285737, 1.655419745381996, 1.6719536613849661, 1.5745425877166581, 1.6517310871622064, 1.617434443305428, 1.7386476866247171, 1.5808090411744748, 1.7264429944940647, 1.6187093085587276, 1.805658668438266, 1.6082631259401525, 1.6399428088434773, 1.6890351939375572, 1.6980132090145041, 1.687448016476422, 1.5673977707693625, 1.7517756234881536, 1.7703818435102479, 1.5634449885876969, 1.789797508829996, 1.6473025467084879, 1.7026146788601422, 1.5573422730637707, 1.693652576801386, 1.629654193432159, 1.636643667449321, 1.5856135909974596, 1.564136303631998, 1.6708238136021956, 1.6615537220317627, 1.6731068835618372, 1.5459321603065233, 1.6404720521760374, 1.5898212009817427, 1.5921580784889122, 1.5433914558621007, 1.6632290971641388, 1.5891700132598663, 1.6080281037054993, 1.5556431681013847, 1.5866333496287823, 1.5443783575396537, 1.536964118108231, 1.5357054980795994, 1.5392344115820378, 1.5736500563236726, 1.6222155946078063, 1.5307877636147618, 1.6068143667561599, 1.6213106708069533, 1.7201211233765228, 1.5553033560303253, 1.5869823170419537, 1.5491736361205661, 1.5631174648099928, 1.526408525272682, 1.523495179578007, 1.5219579510799959, 1.5229857689581083, 1.5651983407107908, 1.5191883899393899, 1.5283250419939878, 1.5300872178414608, 1.5246951509769529, 1.5405240840184506, 1.5344017603168096, 1.5216296093734727, 1.51496174065434, 1.523934769476329, 1.5184533881098268, 1.5117964022923622, 1.5839472485433639, 1.5067022285641998, 1.5609730902453125, 1.6408990430854649, 1.9403283910307707, 1.5397834660764418, 1.9981208010850338, 2.5374777361188796, 2.019575847243654, 1.9314051958097052, 1.684514279657209, 2.3841266740669806, 1.5162341524951573, 2.1714268074375065, 3.5411025329551453, 1.5463563025533786, 2.80003728517952, 3.527885226198495, 1.6077132566134955, 3.3588694947401745, 1.5814345142153696, 2.516163812932527, 1.6170707689890582, 1.734139873399684, 1.5554445983147007, 1.6887408262218846, 1.5424087669944522, 1.5489373660269679, 1.5698029726859444, 1.5800582204183373, 1.5494881668846794, 1.5669538776210878, 1.686558739125177, 1.542754788620575, 1.6174297628061935, 1.6458956134420624, 2.2010832796518685, 1.8316256234740806, 1.6270299992698816, 2.054354455025549, 2.71476855066162, 2.232643204629772, 1.897184427627443, 2.6112600520097184, 1.7637249945966547, 2.5679507918999787, 1.5245271466264676, 2.1727357761904815, 2.242865286142006, 2.0197799323188335, 1.8056421747266413, 2.119609155782477, 1.7639498068524302, 1.5325948094575779, 1.729262892261273, 1.5626357185864448, 1.7172950178806852, 1.5367442016996051, 1.5712664352450303, 1.5513262134801502, 1.7967474857513217, 1.5429355917709031, 1.770239527603634, 1.5438651094647575, 2.0407078138819723, 1.5263100781099765, 2.0669362654061008, 1.5427726573135758, 1.8972373489323011, 1.5263634705099376, 1.7035824594640234, 1.5350315055429091, 1.6711846031245088, 1.5721767974906862, 1.5861653678911294, 1.5302167516438643, 1.5783169629191278, 1.827499251948003, 1.5383006715491996, 1.8008874496931648, 1.622662377260746, 1.8913863627304282, 1.6468070792468466, 1.514285181132579, 1.5205502640771826, 1.5105818227404455, 1.5205627965665007, 1.509178771694669, 1.5288836710922729, 1.5056160731557826, 1.5181519469633933, 1.5066593891973397, 1.620972558616752, 1.5028700208271302, 1.5109540339091738, 1.500935378862507, 1.5896427813361598, 1.5097099102533973, 1.577351213172293, 1.501956969589809, 1.5570502256587972, 1.6598475208935748, 1.5078208334552947, 1.5370338030783974, 1.560395044602393, 1.8999519248255787, 1.7548246832194083, 1.6997852322386422, 1.7877397935895807, 1.9908604637480756, 1.675295073333603, 1.8889671783517934, 1.730457600380673, 2.536445765660549, 3.6955935662932275, 4.836821577451516, 5.620992270265841, 6.051967581214041, 6.326472327018101, 6.546335197402623, 6.750560426986152, 6.935089153532785, 7.070331735302031, 7.007790524452364, 6.782057370277962, 6.458986696470344, 6.086381726390011, 5.553479951267128, 4.630438998183913, 3.5235072837023114, 2.74347294683517, 2.2962133169837395, 2.103447436310535, 2.074462689397456, 2.087798082361148, 2.0847615692396917, 2.083916333461567, 2.0546191755679497, 2.0005839722226124, 1.9887297060925193, 1.9571773303317008, 1.9799790761545197, 1.982462043296733, 1.949635101451963, 1.9276112873149573, 1.950544693991874, 2.049308257049043, 2.344704923224798, 2.671831043112577, 2.872140154027352, 2.751819052228802, 2.3498173695816438, 1.9944836749811587]