0.000000000000000000e+00 1.530000000000000071e+01
1.500000000000000000e+01 1.930000000000000071e+01
3.000000000000000000e+01 1.730000000000000071e+01
4.000000000000000000e+01 3.119999999999999929e+01
5.000000000000000000e+01 1.165999999999999943e+02
6.500000000000000000e+01 6.079999999999999716e+01
8.000000000000000000e+01 5.535000000000000142e+01
9.500000000000000000e+01 4.267499999999999716e+01
1.100000000000000000e+02 3.163749999999999929e+01
1.250000000000000000e+02 2.426875000000000071e+01
1.400000000000000000e+02 1.689999999999999858e+01
