0.000000000000000000e+00 3.299999999999999822e+00
1.500000000000000000e+01 5.200000000000000178e+00
3.000000000000000000e+01 3.899999999999999911e+00
4.000000000000000000e+01 3.600000000000000089e+00
5.000000000000000000e+01 4.000000000000000000e+00
6.500000000000000000e+01 8.800000000000000711e+00
8.000000000000000000e+01 3.725000000000000089e+00
9.500000000000000000e+01 3.312500000000000000e+00
1.100000000000000000e+02 2.906250000000000000e+00
1.250000000000000000e+02 2.653125000000000178e+00
1.400000000000000000e+02 2.399999999999999911e+00
