0.000000000000000000e+00 4.000000000000000000e+00
1.500000000000000000e+01 3.899999999999999911e+00
3.000000000000000000e+01 3.899999999999999911e+00
4.000000000000000000e+01 6.299999999999999822e+00
5.000000000000000000e+01 6.400000000000000355e+00
6.500000000000000000e+01 5.000000000000000000e+00
8.000000000000000000e+01 5.174999999999999822e+00
9.500000000000000000e+01 4.387500000000000178e+00
1.100000000000000000e+02 4.043750000000000178e+00
1.250000000000000000e+02 3.821874999999999911e+00
1.400000000000000000e+02 3.600000000000000089e+00
