0.000000000000000000e+00 2.000000000000000000e+00
1.500000000000000000e+01 8.300000000000000711e+00
3.000000000000000000e+01 6.599999999999999645e+00
4.000000000000000000e+01 5.900000000000000355e+00
5.000000000000000000e+01 1.519999999999999929e+01
6.500000000000000000e+01 1.680000000000000071e+01
8.000000000000000000e+01 1.167500000000000071e+01
9.500000000000000000e+01 1.028749999999999964e+01
1.100000000000000000e+02 9.543749999999999289e+00
1.250000000000000000e+02 8.771874999999999645e+00
1.400000000000000000e+02 8.000000000000000000e+00
