0.000000000000000000e+00 5.299999999999999822e+00
1.500000000000000000e+01 5.000000000000000000e+00
3.000000000000000000e+01 4.500000000000000000e+00
4.000000000000000000e+01 9.400000000000000355e+00
5.000000000000000000e+01 1.430000000000000071e+01
6.500000000000000000e+01 1.600000000000000000e+01
8.000000000000000000e+01 1.172499999999999964e+01
9.500000000000000000e+01 1.046250000000000036e+01
1.100000000000000000e+02 9.481249999999999289e+00
1.250000000000000000e+02 8.340624999999999289e+00
1.400000000000000000e+02 7.200000000000000178e+00
