0.000000000000000000e+00 1.559999999999999964e+01
1.500000000000000000e+01 1.610000000000000142e+01
3.000000000000000000e+01 1.530000000000000071e+01
4.000000000000000000e+01 1.689999999999999858e+01
5.000000000000000000e+01 2.750000000000000000e+01
6.500000000000000000e+01 1.860000000000000142e+01
8.000000000000000000e+01 1.807499999999999929e+01
9.500000000000000000e+01 1.588749999999999929e+01
1.100000000000000000e+02 1.639375000000000071e+01
1.250000000000000000e+02 1.669687499999999858e+01
1.400000000000000000e+02 1.700000000000000000e+01
