0.000000000000000000e+00 1.350000000000000000e+01
1.500000000000000000e+01 1.340000000000000036e+01
3.000000000000000000e+01 1.419999999999999929e+01
4.000000000000000000e+01 1.590000000000000036e+01
5.000000000000000000e+01 1.559999999999999964e+01
6.500000000000000000e+01 1.409999999999999964e+01
8.000000000000000000e+01 1.300000000000000000e+01
9.500000000000000000e+01 1.294999999999999929e+01
1.100000000000000000e+02 1.312500000000000000e+01
1.250000000000000000e+02 1.286250000000000071e+01
1.400000000000000000e+02 1.259999999999999964e+01
