0.000000000000000000e+00 2.860000000000000142e+01
1.500000000000000000e+01 3.189999999999999858e+01
3.000000000000000000e+01 3.139999999999999858e+01
4.000000000000000000e+01 3.000000000000000000e+01
5.000000000000000000e+01 2.930000000000000071e+01
6.500000000000000000e+01 2.700000000000000000e+01
8.000000000000000000e+01 2.397500000000000142e+01
9.500000000000000000e+01 2.173750000000000071e+01
1.100000000000000000e+02 2.046875000000000000e+01
1.250000000000000000e+02 1.993437499999999929e+01
1.400000000000000000e+02 1.939999999999999858e+01
