0.000000000000000000e+00 2.500000000000000000e+00
1.500000000000000000e+01 2.700000000000000178e+00
3.000000000000000000e+01 2.600000000000000089e+00
4.000000000000000000e+01 3.700000000000000178e+00
5.000000000000000000e+01 7.500000000000000000e+00
6.500000000000000000e+01 9.900000000000000355e+00
8.000000000000000000e+01 6.974999999999999645e+00
9.500000000000000000e+01 6.187500000000000000e+00
1.100000000000000000e+02 5.493750000000000355e+00
1.250000000000000000e+02 4.796875000000000000e+00
1.400000000000000000e+02 4.099999999999999645e+00
