0.000000000000000000e+00 5.400000000000000355e+00
1.500000000000000000e+01 4.599999999999999645e+00
3.000000000000000000e+01 5.700000000000000178e+00
4.000000000000000000e+01 8.800000000000000711e+00
5.000000000000000000e+01 2.289999999999999858e+01
6.500000000000000000e+01 1.839999999999999858e+01
8.000000000000000000e+01 1.452500000000000036e+01
9.500000000000000000e+01 1.201249999999999929e+01
1.100000000000000000e+02 1.045625000000000071e+01
1.250000000000000000e+02 9.128125000000000711e+00
1.400000000000000000e+02 7.799999999999999822e+00
