0.000000000000000000e+00 9.055999999999999162e+00
1.500000000000000000e+01 1.048799999999999955e+01
3.000000000000000000e+01 9.630200000000000315e+00
4.000000000000000000e+01 1.214000000000000057e+01
5.000000000000000000e+01 1.435500000000000043e+01
6.500000000000000000e+01 1.213499999999999979e+01
8.000000000000000000e+01 1.150725000000000087e+01
9.500000000000000000e+01 1.038952500000000079e+01
1.100000000000000000e+02 9.884162500000000406e+00
1.250000000000000000e+02 9.141581249999999770e+00
1.400000000000000000e+02 8.398999999999999133e+00
