0.000000000000000000e+00 7.400000000000000355e+00
1.500000000000000000e+01 6.500000000000000000e+00
3.000000000000000000e+01 6.799999999999999822e+00
4.000000000000000000e+01 7.500000000000000000e+00
5.000000000000000000e+01 1.989999999999999858e+01
6.500000000000000000e+01 2.239999999999999858e+01
8.000000000000000000e+01 1.882499999999999929e+01
9.500000000000000000e+01 1.706250000000000000e+01
1.100000000000000000e+02 1.553125000000000000e+01
1.250000000000000000e+02 1.286562499999999964e+01
1.400000000000000000e+02 1.019999999999999929e+01
