0.000000000000000000e+00 8.283599999999999852e+00
1.500000000000000000e+01 8.537100000000000577e+00
3.000000000000000000e+01 7.843399999999999928e+00
4.000000000000000000e+01 1.008900000000000041e+01
5.000000000000000000e+01 1.771799999999999997e+01
6.500000000000000000e+01 1.863400000000000034e+01
8.000000000000000000e+01 1.583724999999999916e+01
9.500000000000000000e+01 1.386062500000000064e+01
1.100000000000000000e+02 1.166231250000000053e+01
1.250000000000000000e+02 1.000895625000000067e+01
1.400000000000000000e+02 8.355600000000000804e+00
