0.000000000000000000e+00 7.200000000000000178e+00
1.500000000000000000e+01 5.200000000000000178e+00
3.000000000000000000e+01 4.500000000000000000e+00
4.000000000000000000e+01 3.899999999999999911e+00
5.000000000000000000e+01 9.000000000000000000e+00
6.500000000000000000e+01 1.869999999999999929e+01
8.000000000000000000e+01 1.090000000000000036e+01
9.500000000000000000e+01 9.849999999999999645e+00
1.100000000000000000e+02 9.074999999999999289e+00
1.250000000000000000e+02 7.937500000000000000e+00
1.400000000000000000e+02 6.799999999999999822e+00
