0.000000000000000000e+00 8.099999999999999645e+00
1.500000000000000000e+01 7.599999999999999645e+00
3.000000000000000000e+01 7.900000000000000355e+00
4.000000000000000000e+01 7.000000000000000000e+00
5.000000000000000000e+01 9.400000000000000355e+00
6.500000000000000000e+01 8.900000000000000355e+00
8.000000000000000000e+01 7.125000000000000000e+00
9.500000000000000000e+01 6.212500000000000355e+00
1.100000000000000000e+02 5.306250000000000355e+00
1.250000000000000000e+02 4.853125000000000355e+00
1.400000000000000000e+02 4.400000000000000355e+00
