0.000000000000000000e+00 7.599999999999999645e+00
1.500000000000000000e+01 8.000000000000000000e+00
3.000000000000000000e+01 7.500000000000000000e+00
4.000000000000000000e+01 9.699999999999999289e+00
5.000000000000000000e+01 1.630000000000000071e+01
6.500000000000000000e+01 1.569999999999999929e+01
8.000000000000000000e+01 1.127500000000000036e+01
9.500000000000000000e+01 9.787499999999999645e+00
1.100000000000000000e+02 8.593750000000000000e+00
1.250000000000000000e+02 7.896874999999999645e+00
1.400000000000000000e+02 7.200000000000000178e+00
