0.000000000000000000e+00 2.160000000000000142e+01
1.500000000000000000e+01 2.280000000000000071e+01
3.000000000000000000e+01 2.569999999999999929e+01
4.000000000000000000e+01 2.810000000000000142e+01
5.000000000000000000e+01 4.739999999999999858e+01
6.500000000000000000e+01 4.160000000000000142e+01
8.000000000000000000e+01 2.427499999999999858e+01
9.500000000000000000e+01 2.108749999999999858e+01
1.100000000000000000e+02 1.654374999999999929e+01
1.250000000000000000e+02 1.337187499999999929e+01
1.400000000000000000e+02 1.019999999999999929e+01
