0.000000000000000000e+00 2.400000000000000000e+01
1.500000000000000000e+01 2.900000000000000000e+01
3.000000000000000000e+01 2.280000000000000071e+01
4.000000000000000000e+01 3.279999999999999716e+01
5.000000000000000000e+01 5.120000000000000284e+01
6.500000000000000000e+01 3.870000000000000284e+01
8.000000000000000000e+01 2.882499999999999929e+01
9.500000000000000000e+01 2.121249999999999858e+01
1.100000000000000000e+02 1.700625000000000142e+01
1.250000000000000000e+02 1.480312499999999964e+01
1.400000000000000000e+02 1.259999999999999964e+01
