0.000000000000000000e+00 1.259999999999999964e+01
1.500000000000000000e+01 1.490000000000000036e+01
3.000000000000000000e+01 1.269999999999999929e+01
4.000000000000000000e+01 1.480000000000000071e+01
5.000000000000000000e+01 1.939999999999999858e+01
6.500000000000000000e+01 1.109999999999999964e+01
8.000000000000000000e+01 1.744999999999999929e+01
9.500000000000000000e+01 1.792500000000000071e+01
1.100000000000000000e+02 1.571250000000000036e+01
1.250000000000000000e+02 1.915625000000000000e+01
1.400000000000000000e+02 2.260000000000000142e+01
