0.000000000000000000e+00 1.901999999999999957e+01
1.500000000000000000e+01 1.587800000000000011e+01
3.000000000000000000e+01 1.536200000000000010e+01
4.000000000000000000e+01 2.397800000000000153e+01
5.000000000000000000e+01 3.929399999999999693e+01
6.500000000000000000e+01 2.720799999999999841e+01
8.000000000000000000e+01 2.507325000000000159e+01
9.500000000000000000e+01 2.076662500000000122e+01
1.100000000000000000e+02 1.737431249999999849e+01
1.250000000000000000e+02 1.501815625000000054e+01
1.400000000000000000e+02 1.266200000000000081e+01
