0.000000000000000000e+00 4.299999999999999822e+00
1.500000000000000000e+01 4.000000000000000000e+00
3.000000000000000000e+01 4.599999999999999645e+00
4.000000000000000000e+01 9.699999999999999289e+00
5.000000000000000000e+01 1.669999999999999929e+01
6.500000000000000000e+01 1.380000000000000071e+01
8.000000000000000000e+01 1.034999999999999964e+01
9.500000000000000000e+01 8.675000000000000711e+00
1.100000000000000000e+02 7.487499999999999822e+00
1.250000000000000000e+02 6.343750000000000000e+00
1.400000000000000000e+02 5.200000000000000178e+00
