0.000000000000000000e+00 2.069999999999999929e+01
1.500000000000000000e+01 2.160000000000000142e+01
3.000000000000000000e+01 2.110000000000000142e+01
4.000000000000000000e+01 1.202999999999999972e+02
5.000000000000000000e+01 1.660999999999999943e+02
6.500000000000000000e+01 1.034000000000000057e+02
8.000000000000000000e+01 8.552500000000000568e+01
9.500000000000000000e+01 6.136249999999999716e+01
1.100000000000000000e+02 4.068124999999999858e+01
1.250000000000000000e+02 2.859062499999999929e+01
1.400000000000000000e+02 1.650000000000000000e+01
