0.000000000000000000e+00 8.400000000000000355e+00
1.500000000000000000e+01 7.099999999999999645e+00
3.000000000000000000e+01 6.200000000000000178e+00
4.000000000000000000e+01 7.400000000000000355e+00
5.000000000000000000e+01 2.310000000000000142e+01
6.500000000000000000e+01 2.900000000000000000e+01
8.000000000000000000e+01 9.349999999999999645e+00
9.500000000000000000e+01 6.674999999999999822e+00
1.100000000000000000e+02 4.887500000000000178e+00
1.250000000000000000e+02 3.993749999999999911e+00
1.400000000000000000e+02 3.100000000000000089e+00
