0.000000000000000000e+00 6.700000000000000178e+00
1.500000000000000000e+01 6.500000000000000000e+00
3.000000000000000000e+01 8.699999999999999289e+00
4.000000000000000000e+01 1.600000000000000000e+01
5.000000000000000000e+01 2.960000000000000142e+01
6.500000000000000000e+01 2.489999999999999858e+01
8.000000000000000000e+01 1.805000000000000071e+01
9.500000000000000000e+01 1.502500000000000036e+01
1.100000000000000000e+02 1.256250000000000000e+01
1.250000000000000000e+02 1.088124999999999964e+01
1.400000000000000000e+02 9.199999999999999289e+00
