0.000000000000000000e+00 5.599999999999999645e+00
1.500000000000000000e+01 5.099999999999999645e+00
3.000000000000000000e+01 9.300000000000000711e+00
4.000000000000000000e+01 1.509999999999999964e+01
5.000000000000000000e+01 1.789999999999999858e+01
6.500000000000000000e+01 1.800000000000000000e+01
8.000000000000000000e+01 2.182499999999999929e+01
9.500000000000000000e+01 2.381250000000000000e+01
1.100000000000000000e+02 2.410624999999999929e+01
1.250000000000000000e+02 2.540312499999999929e+01
1.400000000000000000e+02 2.669999999999999929e+01
