0.000000000000000000e+00 7.799999999999999822e+00
1.500000000000000000e+01 9.900000000000000355e+00
3.000000000000000000e+01 1.059999999999999964e+01
4.000000000000000000e+01 9.199999999999999289e+00
5.000000000000000000e+01 1.730000000000000071e+01
6.500000000000000000e+01 2.030000000000000071e+01
8.000000000000000000e+01 1.732499999999999929e+01
9.500000000000000000e+01 1.571250000000000036e+01
1.100000000000000000e+02 1.455625000000000036e+01
1.250000000000000000e+02 1.297812500000000036e+01
1.400000000000000000e+02 1.140000000000000036e+01
