0.000000000000000000e+00 2.689999999999999858e+01
1.500000000000000000e+01 2.780000000000000071e+01
3.000000000000000000e+01 3.520000000000000284e+01
4.000000000000000000e+01 4.889999999999999858e+01
5.000000000000000000e+01 6.920000000000000284e+01
6.500000000000000000e+01 5.260000000000000142e+01
8.000000000000000000e+01 3.945000000000000284e+01
9.500000000000000000e+01 2.962500000000000000e+01
1.100000000000000000e+02 2.416250000000000142e+01
1.250000000000000000e+02 2.068124999999999858e+01
1.400000000000000000e+02 1.719999999999999929e+01
