0.000000000000000000e+00 3.600000000000000089e+00
1.500000000000000000e+01 3.100000000000000089e+00
3.000000000000000000e+01 3.000000000000000000e+00
4.000000000000000000e+01 2.399999999999999911e+00
5.000000000000000000e+01 2.299999999999999822e+00
6.500000000000000000e+01 3.600000000000000089e+00
8.000000000000000000e+01 2.174999999999999822e+00
9.500000000000000000e+01 2.237499999999999822e+00
1.100000000000000000e+02 1.718750000000000000e+00
1.250000000000000000e+02 1.459375000000000089e+00
1.400000000000000000e+02 1.199999999999999956e+00
