0.000000000000000000e+00 8.467719330999999627e+00
1.500000000000000000e+01 8.118775472999999465e+00
3.000000000000000000e+01 7.308552692000000128e+00
4.000000000000000000e+01 9.300707872000000265e+00
5.000000000000000000e+01 1.437199999999999989e+01
6.500000000000000000e+01 1.153391670999999974e+01
8.000000000000000000e+01 9.945235466999999829e+00
9.500000000000000000e+01 9.207441378000000398e+00
1.100000000000000000e+02 8.838544333999999836e+00
1.250000000000000000e+02 8.654095811999999555e+00
1.400000000000000000e+02 8.469647289999999273e+00
