0.000000000000000000e+00 8.000000000000000000e+00
1.500000000000000000e+01 7.400000000000000355e+00
3.000000000000000000e+01 7.000000000000000000e+00
4.000000000000000000e+01 7.099999999999999645e+00
5.000000000000000000e+01 7.900000000000000355e+00
6.500000000000000000e+01 7.299999999999999822e+00
8.000000000000000000e+01 6.000000000000000000e+00
9.500000000000000000e+01 5.200000000000000178e+00
1.100000000000000000e+02 4.500000000000000000e+00
1.250000000000000000e+02 4.299999999999999822e+00
1.400000000000000000e+02 4.099999999999999645e+00
