0.000000000000000000e+00 2.269999999999999929e+01
1.500000000000000000e+01 9.900000000000000355e+00
3.000000000000000000e+01 1.969999999999999929e+01
4.000000000000000000e+01 3.229999999999999716e+01
5.000000000000000000e+01 5.150000000000000000e+01
6.500000000000000000e+01 2.950000000000000000e+01
8.000000000000000000e+01 2.260000000000000142e+01
9.500000000000000000e+01 1.660000000000000142e+01
1.100000000000000000e+02 1.425000000000000000e+01
1.250000000000000000e+02 1.262500000000000000e+01
1.400000000000000000e+02 1.100000000000000000e+01
