0.000000000000000000e+00 3.100000000000000089e+00
1.500000000000000000e+01 5.500000000000000000e+00
3.000000000000000000e+01 6.900000000000000355e+00
4.000000000000000000e+01 7.799999999999999822e+00
5.000000000000000000e+01 8.800000000000000711e+00
6.500000000000000000e+01 9.199999999999999289e+00
8.000000000000000000e+01 7.450000000000000178e+00
9.500000000000000000e+01 6.924999999999999822e+00
1.100000000000000000e+02 6.412499999999999645e+00
1.250000000000000000e+02 5.656250000000000000e+00
1.400000000000000000e+02 4.900000000000000355e+00
