0.000000000000000000e+00 2.500000000000000000e+00
1.500000000000000000e+01 2.100000000000000089e+00
3.000000000000000000e+01 3.899999999999999911e+00
4.000000000000000000e+01 8.300000000000000711e+00
5.000000000000000000e+01 1.290000000000000036e+01
6.500000000000000000e+01 1.580000000000000071e+01
8.000000000000000000e+01 8.599999999999999645e+00
9.500000000000000000e+01 7.299999999999999822e+00
1.100000000000000000e+02 6.549999999999999822e+00
1.250000000000000000e+02 5.674999999999999822e+00
1.400000000000000000e+02 4.799999999999999822e+00
