0.000000000000000000e+00 2.899999999999999911e+00
1.500000000000000000e+01 2.899999999999999911e+00
3.000000000000000000e+01 3.700000000000000178e+00
4.000000000000000000e+01 4.000000000000000000e+00
5.000000000000000000e+01 8.900000000000000355e+00
6.500000000000000000e+01 1.150000000000000000e+01
8.000000000000000000e+01 9.849999999999999645e+00
9.500000000000000000e+01 9.224999999999999645e+00
1.100000000000000000e+02 8.862500000000000711e+00
1.250000000000000000e+02 7.981250000000000178e+00
1.400000000000000000e+02 7.099999999999999645e+00
