0.000000000000000000e+00 6.700000000000000178e+00
1.500000000000000000e+01 6.500000000000000000e+00
3.000000000000000000e+01 5.900000000000000355e+00
4.000000000000000000e+01 6.500000000000000000e+00
5.000000000000000000e+01 1.300000000000000000e+01
6.500000000000000000e+01 1.610000000000000142e+01
8.000000000000000000e+01 9.349999999999999645e+00
9.500000000000000000e+01 8.324999999999999289e+00
1.100000000000000000e+02 7.112499999999999822e+00
1.250000000000000000e+02 5.856250000000000178e+00
1.400000000000000000e+02 4.599999999999999645e+00
