0.000000000000000000e+00 1.330000000000000071e+01
1.500000000000000000e+01 1.540000000000000036e+01
3.000000000000000000e+01 2.019999999999999929e+01
4.000000000000000000e+01 1.730000000000000071e+01
5.000000000000000000e+01 1.619999999999999929e+01
6.500000000000000000e+01 1.419999999999999929e+01
8.000000000000000000e+01 1.412500000000000000e+01
9.500000000000000000e+01 1.451249999999999929e+01
1.100000000000000000e+02 1.395625000000000071e+01
1.250000000000000000e+02 1.367812499999999964e+01
1.400000000000000000e+02 1.340000000000000036e+01
