0.000000000000000000e+00 4.700000000000000178e+00
1.500000000000000000e+01 3.700000000000000178e+00
3.000000000000000000e+01 3.700000000000000178e+00
4.000000000000000000e+01 6.299999999999999822e+00
5.000000000000000000e+01 8.500000000000000000e+00
6.500000000000000000e+01 9.699999999999999289e+00
8.000000000000000000e+01 6.474999999999999645e+00
9.500000000000000000e+01 5.637500000000000178e+00
1.100000000000000000e+02 4.918750000000000178e+00
1.250000000000000000e+02 4.409374999999999822e+00
1.400000000000000000e+02 3.899999999999999911e+00
