0.000000000000000000e+00 8.500000000000000000e+00
1.500000000000000000e+01 8.300000000000000711e+00
3.000000000000000000e+01 7.599999999999999645e+00
4.000000000000000000e+01 9.099999999999999645e+00
5.000000000000000000e+01 1.559999999999999964e+01
6.500000000000000000e+01 1.660000000000000142e+01
8.000000000000000000e+01 9.875000000000000000e+00
9.500000000000000000e+01 7.987499999999999822e+00
1.100000000000000000e+02 6.043750000000000178e+00
1.250000000000000000e+02 5.271874999999999645e+00
1.400000000000000000e+02 4.500000000000000000e+00
