0.000000000000000000e+00 3.750000000000000000e+01
1.500000000000000000e+01 3.970000000000000284e+01
3.000000000000000000e+01 4.070000000000000284e+01
4.000000000000000000e+01 5.160000000000000142e+01
5.000000000000000000e+01 6.890000000000000568e+01
6.500000000000000000e+01 5.900000000000000000e+01
8.000000000000000000e+01 5.189999999999999858e+01
9.500000000000000000e+01 3.829999999999999716e+01
1.100000000000000000e+02 3.495000000000000284e+01
1.250000000000000000e+02 3.327499999999999858e+01
1.400000000000000000e+02 3.160000000000000142e+01
