0.000000000000000000e+00 2.810000000000000142e+01
1.500000000000000000e+01 3.100000000000000000e+01
3.000000000000000000e+01 3.100000000000000000e+01
4.000000000000000000e+01 3.629999999999999716e+01
5.000000000000000000e+01 6.620000000000000284e+01
6.500000000000000000e+01 4.989999999999999858e+01
8.000000000000000000e+01 4.452499999999999858e+01
9.500000000000000000e+01 3.756250000000000000e+01
1.100000000000000000e+02 3.028125000000000000e+01
1.250000000000000000e+02 2.669062500000000071e+01
1.400000000000000000e+02 2.310000000000000142e+01
