0.000000000000000000e+00 1.610000000000000142e+01
1.500000000000000000e+01 1.769999999999999929e+01
3.000000000000000000e+01 1.040000000000000036e+01
4.000000000000000000e+01 1.869999999999999929e+01
5.000000000000000000e+01 1.700000000000000000e+01
6.500000000000000000e+01 2.310000000000000142e+01
8.000000000000000000e+01 1.782499999999999929e+01
9.500000000000000000e+01 1.706250000000000000e+01
1.100000000000000000e+02 1.678125000000000000e+01
1.250000000000000000e+02 1.304062500000000036e+01
1.400000000000000000e+02 9.300000000000000711e+00
