Model Setup for Atypical Patient 7:
ITERS=2000
LEARNING_RATE=0.001
OPT_RESET=None
ATOL=1e-05
RTOL=1e-05
METHOD=dopri5
Input channels=2
Hidden channels=32
Output channels=2
Runtime=246.70802402496338
Optimizer=Adam (
Parameter Group 0
    amsgrad: False
    betas: (0.9, 0.999)
    capturable: False
    differentiable: False
    eps: 1e-08
    foreach: None
    fused: None
    lr: 0.001
    maximize: False
    weight_decay: 0
)Loss over time=[0.5400976450600813, 0.4967522364307133, 0.45466595702691764, 0.4133681793717632, 0.3697658334219247, 0.3324306110904652, 0.29601728162745977, 0.258027990097764, 0.2238251077633972, 0.1969823560457761, 0.1704866561928931, 0.14601296601783365, 0.12249597485604066, 0.10502991951623798, 0.09488694082859536, 0.080960596700811, 0.07315478926930595, 0.06613100473445259, 0.059902911037332564, 0.057920145497220424, 0.05677399391254538, 0.05394402619984107, 0.05590757815694376, 0.05642038477398999, 0.05825539660465369, 0.05753453556916082, 0.05867708577453486, 0.058289058007097494, 0.058681869183370414, 0.058629883491741544, 0.05880612469147102, 0.059046500917100425, 0.05779174822365587, 0.0570989089110268, 0.058129857659169254, 0.05700706372093056, 0.05356998052237478, 0.05354676517766817, 0.05138797222610299, 0.05053567962104551, 0.04825293051061083, 0.047188852735332645, 0.04591453623228288, 0.04475206417343324, 0.04402965478991953, 0.042188774751865096, 0.042142475932108285, 0.04150147074225446, 0.039788059167508084, 0.03915954222362807, 0.037326523923465825, 0.03772610575255141, 0.03825032079279802, 0.03575292982872234, 0.0363771007935931, 0.035712037617449316, 0.03397275200209988, 0.03303855342189657, 0.032474971190913686, 0.03221178692977986, 0.033247600627385715, 0.03267676184212047, 0.030838428527179818, 0.03035227755843742, 0.03109290956290421, 0.03106994685068615, 0.03012296288884517, 0.029952756126497903, 0.029318141316568666, 0.028255693780426326, 0.02756069484213178, 0.028183614146671306, 0.027270212211708677, 0.02762276820213908, 0.025802965875404347, 0.025955689920094636, 0.025246361082469106, 0.0253916096545124, 0.02451248139670682, 0.024213607051822947, 0.02386106059607327, 0.02352266038464883, 0.023156217127884623, 0.023632409625969627, 0.022651077094512553, 0.02187884521121948, 0.02207915959288672, 0.021500294584924255, 0.02191631346207532, 0.02173270193192374, 0.02117286910158051, 0.021126593764055925, 0.02075653175093153, 0.0202106418674944, 0.019899137298018885, 0.020107102202074498, 0.019623053273441493, 0.019494675110470427, 0.019316437285426976, 0.01945566060667425, 0.019430565571173272, 0.018926986777280056, 0.01894635812152182, 0.018802140692699584, 0.018427257375788954, 0.018606169462407497, 0.01823749691798946, 0.017897264786079378, 0.01781276309165751, 0.01781648599425891, 0.017915796623763733, 0.01767898508974341, 0.017505229506523712, 0.017318633979521218, 0.017299074981699705, 0.01710710682429911, 0.01695914065679328, 0.017128951839303828, 0.016917119780474475, 0.016881142373472616, 0.01659861432326891, 0.01649500086155997, 0.016308963404238336, 0.016343058823726383, 0.016255737678401685, 0.016189320279537952, 0.016122867584878502, 0.016008601983885044, 0.015817886179620187, 0.01582066847780194, 0.01573085216509968, 0.015489263998507847, 0.01553242092916002, 0.015424536408223482, 0.015369016569951773, 0.015238109738156907, 0.015245239514232033, 0.015213461922847255, 0.015081608891284414, 0.014859913482508667, 0.014922302919188345, 0.014669615570023824, 0.014705240622909054, 0.014767607108210292, 0.01466169136660763, 0.014409632361135105, 0.01435497880660171, 0.01445352879734757, 0.014498678721247044, 0.014304069558568238, 0.014190257968237585, 0.014063379146252098, 0.01414729446033624, 0.013998817355072081, 0.01389744695532117, 0.014004755563804355, 0.013839716876686487, 0.01371405124301765, 0.02997793281065148, 0.01368916774262077, 0.013550078291591385, 0.01347852392210691, 0.01356008796786189, 0.013547691709097247, 0.013424616534436606, 0.01327580801022857, 0.013520869437192258, 0.013239870487762014, 0.01326635836607584, 0.013091140266992712, 0.01296545035608561, 0.012977993811999593, 0.01299508090293734, 0.012838367066264084, 0.013224657664727994, 0.012761907943608623, 0.012854337814986915, 0.012615252071518368, 0.012745077250431685, 0.012574412858101753, 0.012500697143050592, 0.012527751682288745, 0.012522394483885146, 0.012351378229677391, 0.012343538840454126, 0.012289171206864591, 0.012271913216932195, 0.012308517523610934, 0.012119779985559919, 0.01213215479990125, 0.01213289370117879, 0.012025406310222874, 0.012000550480458588, 0.011925694658021126, 0.011901904919334915, 0.011802861678558856, 0.011864977176298528, 0.011837499442980291, 0.011719015212673595, 0.011899920643166835, 0.011664331399267995, 0.011497124302000566, 0.01146249599448214, 0.011425041110189816, 0.011396936008466944, 0.011336082904111582, 0.011365495087175518, 0.01137809806975485, 0.011221028577045973, 0.011177447536589934, 0.01118576897959468, 0.01113773065352519, 0.011101430215987773, 0.010995038578702486, 0.010917108777876052, 0.010850967080492747, 0.010898872420211198, 0.010848943892781245, 0.010747564699519653, 0.010717371880459896, 0.010718435068784294, 0.010696139105546516, 0.010600291641041435, 0.010586779288937533, 0.010505945674792634, 0.010532807235639112, 0.010494088542425473, 0.010352301908360149, 0.010295703971978641, 0.01053851937232684, 0.010318678371033826, 0.010257633607862063, 0.010272928955383868, 0.010149234717418012, 0.010103962901353437, 0.010063201517990322, 0.00999044840158423, 0.009968406482408015, 0.010054275640310877, 0.00991645547537799, 0.010034129431297594, 0.009900319333282188, 0.009781180467257136, 0.00976946519277164, 0.009746274698092807, 0.009684760346828698, 0.009756705278654491, 0.009709614047425432, 0.009648947626684473, 0.009555932445253977, 0.009524260487937319, 0.009479301500110598, 0.009492482007937115, 0.009431007201024943, 0.009497093729673634, 0.009465590680151612, 0.009402691239710662, 0.009323715334154685, 0.009285302178583683, 0.00932267555620817, 0.00922737389795087, 0.009250409482026961, 0.009188797173675782, 0.009186716611890145, 0.009192131432572692, 0.009104360468439293, 0.009073967509407945, 0.009047319487398661, 0.009007376801048985, 0.008974434461020824, 0.00893436700242291, 0.008946227935389635, 0.00894249110226096, 0.008885393659541573, 0.008846054873276677, 0.008828295878914745, 0.00885778071790784, 0.008775158001376753, 0.008752834775301735, 0.00874626993841176, 0.00870443977421191, 0.00868015531786618, 0.008656643547138897, 0.008619512164976598, 0.008759597859268513, 0.008582905310911782, 0.008597162427625543, 0.008536143977406213, 0.008541609053650891, 0.00851326246213621, 0.008542345627466525, 0.008476495761470894, 0.00838864837489247, 0.008370410024648615, 0.008415938698986913, 0.008346892376504803, 0.00838296976552741, 0.008340333418444508, 0.008306813711092766, 0.00843420590870866, 0.008218869952489842, 0.008192076192927354, 0.008201869477602673, 0.008154374450619862, 0.00818712406763734, 0.008139224289121392, 0.008114451358286142, 0.008091701361296073, 0.008158800084558392, 0.008046934276107483, 0.008475987682516265, 0.007977497455120372, 0.007950166806176918, 0.00791692723057583, 0.007898827639766385, 0.007905513682532667, 0.007975607959669506, 0.007943264598782078, 0.007873123476867867, 0.00783124760770603, 0.007797924909443502, 0.0077631233077480955, 0.0077637753198566105, 0.0077861819207380965, 0.0076873852282201395, 0.007694615381281731, 0.007716570764470692, 0.007645130095576201, 0.007670498560040576, 0.0076234073116831355, 0.00762394264478091, 0.007618133701110174, 0.007586359834072301, 0.007542849235428431, 0.007538910442038253, 0.007501093408160791, 0.007471290580896628, 0.007454983674886823, 0.0075287318370126305, 0.007450816680176545, 0.007408830698012515, 0.007435561978896359, 0.007381494379236084, 0.00738844967630915, 0.0074238613533645775, 0.007305620693327509, 0.007258048740454876, 0.007285284155108703, 0.0072748041357554695, 0.007229103644351059, 0.007236708344352124, 0.007185071533753385, 0.007185503599017714, 0.0071650748274454425, 0.007181149584986834, 0.007128744116931232, 0.007066467617673307, 0.007226151742485263, 0.0070304232268697305, 0.007020142942660709, 0.007004341995134061, 0.007020467835524566, 0.006969256567977538, 0.006951911988514795, 0.006949764950528855, 0.006923870666024154, 0.006886549096401884, 0.006892464332128165, 0.006888820214280212, 0.006871607068333786, 0.006876210368746233, 0.006786524400854001, 0.006772596014092699, 0.006766954979681714, 0.006742560025841227, 0.006712948707416041, 0.006703227302131204, 0.006769700318087135, 0.006703355065994085, 0.006677251117769783, 0.0066852109290324035, 0.006662634810124779, 0.0065871958417993, 0.006599172161673805, 0.006547090589372335, 0.006545264774853774, 0.006507994003829815, 0.006544427264194365, 0.006474692199486854, 0.006506442645193059, 0.006431488628516038, 0.006439092086152762, 0.006417372510310619, 0.006430980237157399, 0.006547164486290943, 0.006358565861629292, 0.0063335031367022865, 0.0063205620504182495, 0.0062689608462798835, 0.006297688143129337, 0.00632812105936821, 0.006261684990321336, 0.006333938308666229, 0.0062285426540351655, 0.0061930818979438005, 0.0062523482996076655, 0.006163115900133053, 0.0061455367046897415, 0.006117860329060301, 0.006118213260921243, 0.006154216567107556, 0.006064751370422957, 0.006155197926509836, 0.006108331361255609, 0.006010584412317325, 0.005989218314303792, 0.006051578493175279, 0.005940436679298178, 0.0059509709548971335, 0.0059647828016509054, 0.005942288308438978, 0.005916434365039242, 0.0058891412361204605, 0.005889950282108234, 0.005852089630559206, 0.005849005241288449, 0.005808163791346466, 0.0057870323879640004, 0.005813395946274166, 0.005735673849026978, 0.0057386311695991074, 0.005747530964336558, 0.0057069889254037914, 0.005686279542717342, 0.005725955147817455, 0.005685514256210645, 0.005683669383453527, 0.0056358242697457615, 0.00568899153796218, 0.005645883372108134, 0.005586273638381576, 0.005674770048931774, 0.005515720014153263, 0.005543796902022135, 0.005496396242284577, 0.005519905381511031, 0.005516829946786722, 0.005534661237565833, 0.005532491562376079, 0.005436611477849357, 0.005435193079898996, 0.005353171214232842, 0.005372688197191487, 0.005367980610672959, 0.005357236717139374, 0.0052947910943244875, 0.0053516600142449475, 0.005311356205813572, 0.0052936415886135355, 0.005252804501394216, 0.005234444986219352, 0.005255767437759097, 0.005183254675237153, 0.005162003500284287, 0.005151110977606182, 0.005153371632352369, 0.005165652915761031, 0.005131701550785928, 0.005102788129800955, 0.005098093017501695, 0.005072773753867625, 0.005044514807794478, 0.005025246873666031, 0.005016022220719855, 0.005027344826839689, 0.004978884189239378, 0.005048770534717016, 0.004959663272494698, 0.00506252568194362, 0.0049682368589476075, 0.004904919450448064, 0.004943450242692565, 0.004882037241720682, 0.004879419505060442, 0.004838333800700135, 0.004852736808347328, 0.004927370715989081, 0.004805014370781682, 0.004784199877212244, 0.004745191603888503, 0.00480002260916396, 0.004743678934633501, 0.004871914198010318, 0.0047503412810739245, 0.004686819211223877, 0.004681480331753769, 0.0049022007863853264, 0.0046575308600948, 0.004647370697966716, 0.004659136725606596, 0.004581245742822785, 0.004627172734285743, 0.004597499998281625, 0.00455229001832616, 0.004555714875824766, 0.004551641778861997, 0.00454218450490835, 0.004547612961836487, 0.0045032465995935664, 0.004464849031191737, 0.004512265247554433, 0.004448114702108414, 0.004469695209788735, 0.0044325954266591526, 0.004433090572592765, 0.0043883214378154225, 0.0044176910688951505, 0.00432874134824173, 0.004341591861317407, 0.00435629682156536, 0.004349926654545682, 0.0042692865527860745, 0.0043070183505092684, 0.004263696838093422, 0.004253519337245366, 0.0042306547267722565, 0.004222148833944423, 0.004166837105091066, 0.004316600184083168, 0.004259372097587887, 0.004154894155087367, 0.004156856431029957, 0.0041316818537477824, 0.004130267578551092, 0.004106763785599485, 0.004074267777889606, 0.004094762864921002, 0.004100359359647329, 0.004161332632353562, 0.004018207218426679, 0.0040071043126876016, 0.004004852383779963, 0.004046050766497441, 0.004022203891468222, 0.0040252832282596344, 0.0039556613643819015, 0.003951288637960674, 0.003959541943953007, 0.00392943301000185, 0.004033199975275168, 0.0039238406071284565, 0.003887332526299046, 0.0038402765878290347, 0.0037962373002841023, 0.003920897141333613, 0.003832488626561687, 0.0037682679086957003, 0.004007190967357654, 0.003813964257134932, 0.0037597177755561433, 0.0038801052558180035, 0.003777042772496732, 0.0037412253043534456, 0.00368804778245832, 0.003694972034409852, 0.003955229509756636, 0.003718652543786401, 0.0036251243636238563, 0.0036172989572558693, 0.0036196526083179027, 0.0036190668256120603, 0.0036168418065892463, 0.0035612967496672964, 0.003541731312200012, 0.003638134598968644, 0.0035631131385112365, 0.003547498604935922, 0.003566810902129218, 0.0035019919354479126, 0.0034892200427205393, 0.003510967091287764, 0.0035087570291234592, 0.003467550314970851, 0.003408264761001629, 0.003449556314591913, 0.0034176464313015477, 0.003410261134748378, 0.003429251620260082, 0.003348256906633282, 0.0033926715832691755, 0.0033347182516206123, 0.003326789362423539, 0.0033423230769393628, 0.0032890418990163452, 0.0033601317214857233, 0.003310223949826246, 0.00327079510898922, 0.0032788671322092192, 0.0032480050842669016, 0.0032608706522616895, 0.0032621254702822093, 0.003219201168913881, 0.003209354272690311, 0.003213532971462993, 0.0031858880339445963, 0.003233077499560964, 0.0031615237389647135, 0.003149767821873962, 0.0031210696147458907, 0.0031399217817006915, 0.0031210354072008575, 0.0031001357567828776, 0.0031713713995125516, 0.0030403148492832645, 0.0030693512502499337, 0.003069673699773932, 0.003054432822071641, 0.003040574982276738, 0.0030282796931053496, 0.003010933620862673, 0.003196919399440401, 0.0029846883781191797, 0.002951613049464063, 0.002962716355090701, 0.0031031758284160117, 0.0029709480978123313, 0.003064431913418319, 0.00297870515519712, 0.002973171985095449, 0.0029034702477457614, 0.0029391018306727124, 0.0029022021311140107, 0.0029299919838003535, 0.0029047489674908443, 0.0029005265657239556, 0.0028727049134749803, 0.002855230538235157, 0.002856562545623723, 0.0028207992709164314, 0.0029967748258010836, 0.002816822657423215, 0.002870775139543866, 0.002807878459513012, 0.0027455458948556135, 0.0027566632364873136, 0.002795027965277179, 0.0027548492146914723, 0.0027669562310470848, 0.0027466109351276823, 0.0026975560050126793, 0.0027486921190403167, 0.002700043067960608, 0.00272675382865461, 0.0026832195423089813, 0.002648023185013726, 0.002645373526085887, 0.0026954888682573517, 0.0026454370828529706, 0.0026539491263059462, 0.0026152412603539523, 0.0026050830827334445, 0.0026745044139007542, 0.002612853654021858, 0.002681819377696011, 0.002574045254029095, 0.0025409147900157638, 0.00251064761021559, 0.002542677456450708, 0.002550286975551945, 0.0025134870935526635, 0.0025583473549630796, 0.002481966085049518, 0.0025065773586311385, 0.0024765530020793365, 0.002445645422241615, 0.0024907679365953213, 0.0024078810918538728, 0.002444046266461452, 0.0024203457516259854, 0.0024108047030167766, 0.0025955755945669327, 0.002512528295584018, 0.002567350526763168, 0.0023715464283444545, 0.0023918562057265364, 0.0023671896246179863, 0.002389304719636935, 0.0023435924794017082, 0.0023895514389579843, 0.0023207335010213483, 0.002384582833864931, 0.002324624148956469, 0.002287754351282027, 0.0023392791532523337, 0.0023233429728726942, 0.0022868602220196574, 0.002291190004193032, 0.002284985796250864, 0.0022388079843748605, 0.0022558195247416733, 0.002223683437248952, 0.0022381587696298816, 0.0022223429430907747, 0.002184520709358307, 0.002188551053569848, 0.0021598722029150747, 0.002172818090946305, 0.002178630859858438, 0.002175794193781634, 0.00213708622361896, 0.002176786510735523, 0.002129420317918627, 0.002110047623962881, 0.002133356545474395, 0.0021708681910407412, 0.0021921594545611304, 0.002108873537699635, 0.002121911031716614, 0.0020694503609839728, 0.0020468200964278436, 0.002075286198952521, 0.0020595156926593887, 0.0020473231690558043, 0.0020405473258191652, 0.002025176195391502, 0.0020056214839292708, 0.0020158637055224865, 0.002004535691740733, 0.0019937650563667383, 0.001988471979765872, 0.0019979621481653765, 0.0019857802897822103, 0.0019637836219971107, 0.00200407408267294, 0.00196872941239159, 0.001947964729581244, 0.0019647319169085607, 0.0019869416621745768, 0.0019352443501613318, 0.0019876755749930453, 0.0019804076943363644, 0.0018971853526891123, 0.001920159070735066, 0.0018834326640577573, 0.0018897605104395926, 0.0019499470254289593, 0.00185525884067025, 0.0021032544629992584, 0.001874842792256305, 0.0018471265053883574, 0.001842382964325474, 0.0018614334561475182, 0.0018412042642605472, 0.0018014938320187331, 0.001812110208611377, 0.001789168323440686, 0.0017929489787100919, 0.0017637724869618314, 0.001764758393113232, 0.001786517731529908, 0.001757476162863285, 0.0017650050255056402, 0.0017866719299131312, 0.0017415816091133185, 0.0017575908062907137, 0.0017687418035773163, 0.001698384964315173, 0.0017161372207006949, 0.0017677108655537233, 0.0017105388532273342, 0.0017095353393985395, 0.001645140768404387, 0.0018215359770817204, 0.001673707804145845, 0.0017223854366813557, 0.0016684425553082597, 0.0016919207272422286, 0.001646469008038434, 0.0017013113815881739, 0.0016469552849809567, 0.0017221426074116588, 0.0016698259555127234, 0.0016416594585111162, 0.0016829102137469172, 0.0015852994308827944, 0.0016688008203470028, 0.0015889660878747969, 0.0015982769940015402, 0.0016501099852066362, 0.0016154720566552644, 0.001580080642554746, 0.0016065015946117001, 0.00159424898411304, 0.0015933282680656849, 0.0015545926859814275, 0.0015931346892709974, 0.0015424389168862275, 0.0015858501009765877, 0.0015486400272639268, 0.0015458809015114758, 0.0015011383857662507, 0.0015524079774928287, 0.0015066739890068727, 0.0014892890751199157, 0.0015404476988857946, 0.0014551132892415663, 0.0014761782521069036, 0.0016178469220586376, 0.0014655941218172513, 0.001499939574054926, 0.001452018971524395, 0.001450032729301319, 0.0014560920837925892, 0.0014612670218020916, 0.001434143686382871, 0.0015314377844425785, 0.0014263991720051313, 0.0014330123172120257, 0.0014107818693515188, 0.0014167040089816032, 0.0014844840444918858, 0.0014636374618906241, 0.0013895753277822457, 0.0013872261994664259, 0.0013657044110032478, 0.0013873188392954966, 0.001365272642953014, 0.0015700768936902484, 0.0013434709364574138, 0.0013822576596288442, 0.0013338590197302309, 0.0014185517944470033, 0.0013397933597657553, 0.0013458002101230501, 0.0014296436163607393, 0.001457442998696235, 0.0013185054744667467, 0.0013675410306272268, 0.001339949612384065, 0.0013501226215977711, 0.0013233837058492807, 0.0013399022260389, 0.0013424256664682393, 0.0012825693577030825, 0.0012948347787474076, 0.001286301288691122, 0.0012820446865513485, 0.0012637561899010426, 0.0012923864639559155, 0.0012724605243728962, 0.0013592236011994564, 0.0012708018558205897, 0.0012442126382405385, 0.0012413814651284622, 0.0012668790020017014, 0.0012348331725258476, 0.0014106685722030969, 0.0012132108499729162, 0.0012167179624959586, 0.0012443839825802717, 0.001276121741209595, 0.0012594653870673636, 0.0012123949551800554, 0.0012333085151764551, 0.0012156917028004052, 0.0013198955389305113, 0.0012037774531073883, 0.0011970416903964046, 0.0011963604056230302, 0.0011879938025047962, 0.0012800544485470913, 0.0011925174822947852, 0.001187811140958898, 0.0012204473240797092, 0.0011912073610612815, 0.0011649067368575095, 0.0011652827308033234, 0.0011902882219198033, 0.001193172510414229, 0.0011355913620535471, 0.0011102302227284468, 0.0011335662530533124, 0.001142006521838033, 0.0011123747892790264, 0.0011038782957781682, 0.0011417043353184652, 0.0010976744040573012, 0.0011016930931415049, 0.0010865488972196297, 0.0011654039026675908, 0.001087588435614152, 0.0010698082611497175, 0.0011522300815713718, 0.0011895436862234393, 0.0011342757438741315, 0.0010958208556701822, 0.0010393767024530088, 0.001053011896446434, 0.0010610639319211833, 0.0010713931606537235, 0.0011308305897112455, 0.0010070875719078046, 0.0010660844828487325, 0.001030957075827796, 0.0010399673717792395, 0.0010276694392376364, 0.0011250411965036415, 0.0010465996999138687, 0.0011485952720616387, 0.0009934359502394125, 0.0010153486146361158, 0.0009992205427877636, 0.0010088571363692418, 0.0010137942781138574, 0.0010672684435156495, 0.0012317349677569795, 0.0009944971574918546, 0.0010578979527919054, 0.0010203053545357783, 0.0009680510313542387, 0.0009805130055410688, 0.0010856387165437604, 0.0010097266773857624, 0.0009611633315542891, 0.0009824879718933284, 0.0009348168243524909, 0.0009484846379903752, 0.0009661368530283216, 0.0010727739918418746, 0.00093812046704289, 0.0010185257276451836, 0.0009371691993545105, 0.0009387556327069261, 0.001017489042413349, 0.0009091537078589195, 0.0009675251391250139, 0.0009153071655325265, 0.0008956361203938198, 0.0009365610440868383, 0.0009112608775242493, 0.0008705697920275878, 0.000911829336396014, 0.0009001600149020045, 0.0008766733588841675, 0.0008941176935237001, 0.0008722356908454982, 0.0009275205430513378, 0.0009220912507916627, 0.0009385805010051981, 0.0008659189272546366, 0.0009029079882243145, 0.0009703121100589854, 0.0008485980000242616, 0.0008427452551712025, 0.0009043718472402686, 0.0008875684663727482, 0.0009116848400175386, 0.0009056312996270109, 0.0008382468660019955, 0.0008449563367109429, 0.0008809760262799856, 0.0008575550452015937, 0.0008143055158891213, 0.0008849102643410818, 0.0008152405430245871, 0.0008156813918167045, 0.0008283721929143432, 0.0008082738312800961, 0.0008570470415625, 0.0008451995499049985, 0.0008316833301021596, 0.0008410502027261075, 0.0008279418225893395, 0.0008634554616192798, 0.0008207493034127557, 0.0008177809865242732, 0.0008088285523610333, 0.0008054293684813401, 0.0008269706192704674, 0.0008047236341789531, 0.0008252646220146986, 0.0008275009331814112, 0.0007905092953777814, 0.000830681226090026, 0.000840123996730048, 0.0007785237401844064, 0.0007840876902969808, 0.0007710761203298083, 0.0008317844427355816, 0.0008223209918431462, 0.0007670907220898309, 0.0008537802549746582, 0.0007495040649264533, 0.0007794269905959682, 0.0007847031573986469, 0.0007849456161901154, 0.0007803522370167507, 0.0007648276269569945, 0.0007743856735711971, 0.0007271274334762625, 0.0007271067095938937, 0.0007347259538263623, 0.0007367910638811145, 0.0007262456021340964, 0.0007815733916022807, 0.0007910295583258509, 0.0007535585708821925, 0.000730745038084657, 0.0007218268295053173, 0.0007145164951006777, 0.0007166090541203575, 0.0007529479424900163, 0.0007066432809469704, 0.0006999475106152532, 0.0007389094412908627, 0.0007266000378828874, 0.0007269341878270512, 0.0007172145461408899, 0.0006872368883195878, 0.0007383309263649998, 0.0007237116190147463, 0.0007024061375143169, 0.0007764014888688594, 0.0007244036195379901, 0.0006870243298857361, 0.0007053905412583752, 0.0007446684011921186, 0.0006685338569677357, 0.0006907796870179706, 0.000660632633668275, 0.0006450899256142601, 0.0006568660945493896, 0.0006627683735706145, 0.0006536465594937538, 0.0006650708754695817, 0.0007101001082722955, 0.000635345024696251, 0.0006719800555437779, 0.000639664850378142, 0.0006344307488089152, 0.0009432734578151991, 0.0007146086251803948, 0.0006553908486952021, 0.0007251060928917051, 0.0006610998135552728, 0.000663620960134724, 0.0006619718558361619, 0.0006437300543277535, 0.0006226929488566383, 0.0006517750890226239, 0.0006254967790298938, 0.0006509007813914406, 0.000619471783301919, 0.0006319433882576888, 0.0006072750909436537, 0.0006142739200887677, 0.0006144336559268247, 0.0006367816507961803, 0.000682412390723425, 0.0006322818908824333, 0.0006521171960464405, 0.0006239462090877517, 0.0006224380912174643, 0.0005978412270430962, 0.0006502452154577628, 0.00059442306593089, 0.0006163792054720108, 0.0006343943856132501, 0.0006502093523661489, 0.0006669808961710734, 0.0006284044578363645, 0.0005847020119907294, 0.0006418701692131156, 0.0006359953560577568, 0.0006117383769608055, 0.000586396376453316, 0.0005970966534654305, 0.0006481371169302761, 0.0006266192420059463, 0.0005716126171076706, 0.0006196199753505438, 0.0005743132067546435, 0.0005733864577039261, 0.0005805147917874023, 0.0006633155268958544, 0.0005776821295668475, 0.0005529631074071413, 0.000681257743211461, 0.0005747438420868624, 0.0005648091612956503, 0.0006047842367928005, 0.0005550325792229615, 0.0007434146919096815, 0.0006262263710260417, 0.0006336781682305968, 0.0005668380713852993, 0.0005857626924262639, 0.0006722258532082786, 0.0005627615218042261, 0.0005987168845719576, 0.0007634467427698147, 0.0005561393358640283, 0.0005582587665998925, 0.0005408841838834416, 0.0006153297742404471, 0.0005506799460033434, 0.0005565597614147444, 0.0005269600405831827, 0.0005507565316418571, 0.0005540833685676598, 0.000546432347625756, 0.0005248509855982176, 0.000568319711943166, 0.0005601450050990621, 0.0005337276859651744, 0.0005535445579397358, 0.0005428710522145072, 0.0005507326465049729, 0.0005178284916579572, 0.0005724720396527403, 0.0005324191251575447, 0.0005062298683903856, 0.000515023669439156, 0.0005354224642981705, 0.0005642791634626879, 0.0005649917628223976, 0.0005885224904743862, 0.0005405670168533487, 0.0005211829101948371, 0.0005013444273641938, 0.0005365631335372874, 0.0005117566974579776, 0.000598158580165255, 0.0005021203369373919, 0.0005303914658406259, 0.0005180042550347162, 0.0005181200106418488, 0.0004918383263029951, 0.0004842170160297495, 0.0005309191143603253, 0.0006482298299386644, 0.0005425380030341734, 0.0005026245397986552, 0.0005146052530857559, 0.0004846810639164189, 0.0005087625738812065, 0.0004935131722557302, 0.0005194555337018308, 0.0006000360746289935, 0.00047984510033359106, 0.000496718762130999, 0.00050305340595647, 0.0004910621143643396, 0.000521585145828336, 0.0004870973031956382, 0.0004663167013981707, 0.0004680324455193559, 0.0005190330440927354, 0.0005952980042781219, 0.0005860918685184867, 0.000456039042247651, 0.0004691802413012759, 0.00047293195767860943, 0.0006708984664001995, 0.0004959611860419554, 0.0004695520061707929, 0.0004840270701017188, 0.0004553280751954506, 0.0005359740622730848, 0.0005125443460423251, 0.0004976447360200603, 0.0005023202900445452, 0.0004334468827480921, 0.000517090351614191, 0.0004529041092801831, 0.0004826836604034693, 0.00041040427581659, 0.00045085541466693464, 0.00045173089998414994, 0.0004589013080353924, 0.0004732394143289574, 0.0005611391530595228, 0.00045736050523409563, 0.0004631237796318852, 0.0004708872273975521, 0.00042150729847805797, 0.0005121862932886451, 0.0004795592695909815, 0.00047064126960675234, 0.0004530228997219723, 0.00044612636480286216, 0.0004395610135540452, 0.0004643043504266768, 0.0004694684037317444, 0.00043454182731980596, 0.0004424467500474863, 0.0004639164073458976, 0.00042276510744431464, 0.0004118824886178523, 0.00040902776702681154, 0.0004463513968276231, 0.00048659614090118953, 0.00042308130224477626, 0.0004157705268544674, 0.00042713690141927955, 0.00040317099176749447, 0.0004186036550081066, 0.0004135018366812279, 0.0004001184863588364, 0.00043889290323264793, 0.0004221560958069493, 0.0005154650598554752, 0.0004093342452956119, 0.0004151929967432587, 0.0004093954416903443, 0.0005180016966744958, 0.0004324474142955395, 0.000404188469141846, 0.0004057886289032751, 0.0004525807743119699, 0.00045605135942284464, 0.0004820764312258125, 0.00042997586694273134, 0.0004149055461236588, 0.0004327536337878407, 0.0004309149083315377, 0.00038434762748836666, 0.00039009680930686874, 0.00039061362594224226, 0.00042284079657149817, 0.0004822076863444597, 0.0004729298931151374, 0.0003869522609254501, 0.000414770541133246, 0.00041866254669797057, 0.00039440412958901584, 0.00040856721435741195, 0.00041536225020885777, 0.0003914877719535052, 0.0005880129847314557, 0.0003895336731000576, 0.00039757181512673433, 0.00036904685209669994, 0.00037019002327846347, 0.00042562123562103776, 0.00037349082612466724, 0.00035763081553814776, 0.0003725283638518479, 0.0004033412278398011, 0.0004180382864135248, 0.0003659518940267006, 0.0004372276787388251, 0.00035481635845091976, 0.00037101216371132476, 0.00038686494417286863, 0.00039837722079438673, 0.00037585933694890674, 0.00035052534647415993, 0.0004519303820760779, 0.0003975783057986477, 0.00043089476629224756, 0.00035964473182620223, 0.00035095803547815547, 0.00035312992614922625, 0.0003715631056061136, 0.0003778655523302225, 0.0003712486772389698, 0.0003672058080600119, 0.00034580531640359915, 0.0003522604622974806, 0.00034642981478989125, 0.00037788690647061945, 0.0003751265810700085, 0.00039402095172145287, 0.00037760952260344175, 0.00047001318270545924, 0.00037393729943593896, 0.0004117912104221753, 0.000369779253213193, 0.0003523485831633636, 0.00036477479058101596, 0.00038073861355106487, 0.00035912513730969976, 0.0003551617136645203, 0.00037643850434627464, 0.00036399795668434526, 0.00035508929083405535, 0.0003891492663450085, 0.00032550803433824087, 0.0004497585461298988, 0.0003515951960226561, 0.00044503651373396926, 0.00033717229695354227, 0.00033293545077188577, 0.0004995514334387278, 0.0004680945927365102, 0.0003508680156031135, 0.00031655630484957355, 0.0003265499050643489, 0.0003349312633090793, 0.0003124924840497584, 0.00046410244890208454, 0.00047098761942572574, 0.00044437581177962995, 0.0003112587296085461, 0.00032364928721950666, 0.0003375923675935518, 0.00030324855834844554, 0.0004322096974491092, 0.00031832293236194764, 0.00036468386986772183, 0.00033295439940863203, 0.00037730273597337495, 0.0003200690984916396, 0.00033208955614081936, 0.0003232379623229725, 0.00035716678739609983, 0.0002998705512304215, 0.0003023699648160918, 0.00031270294763192474, 0.0003808504894335929, 0.0003124220153657854, 0.00032272450648642743, 0.00035613947245488245, 0.0003032734297578532, 0.0003255719629596194, 0.00033390947579270555, 0.0003295735907397332, 0.0004305736144474674, 0.0003261766854502126, 0.000309009036793092, 0.00031056924321917073, 0.0003449243902843059, 0.0003382029982063372, 0.00035038386329477216, 0.0003229192155400293, 0.00035930156601355517, 0.0003151034899248545, 0.00033945993526223535, 0.00032084063251376795, 0.00028937741556420865, 0.00036824412201196346, 0.0003052579691175892, 0.0003458588599781149, 0.0002859191636542116, 0.0003136826190589392, 0.000320210227842111, 0.00029928833967697783, 0.00035004688076828417, 0.0002885170488314585, 0.0003408817973022277, 0.0002849688345713552, 0.00028907144790307315, 0.00031576386447369434, 0.00032832796531417105, 0.0003243058668376741, 0.0002824085766810734, 0.0002874758880389169, 0.00036126940363782873, 0.0002801511479280034, 0.0003106526424676182, 0.00028171814020646344, 0.00032131037649044, 0.00027059194786001323, 0.0002906261707483556, 0.00027996623848345454, 0.0002720578459055678, 0.00030300112397502817, 0.00031672852118148567, 0.00032088388267864296, 0.0003129408885254977, 0.00028267729390178367, 0.0003024678970144437, 0.0002843716798462287, 0.0002925843129391136, 0.00027011943606321373, 0.000264636562115778, 0.00028979586255274513, 0.00031639338610050047, 0.0002869303347432695, 0.0002739467541856874, 0.0002965012283745423, 0.0002861833890827365, 0.0002665568074889688, 0.000267179932009739, 0.0002805933015590327, 0.0002904680256247735, 0.00030765085594951176, 0.00033197688537043424, 0.00027044603543763566, 0.00025405684783555194, 0.0002775909863281356, 0.0003125613129625388, 0.0002779018617391854, 0.0003033015465957296, 0.00027515750548218063, 0.00046823249181517215, 0.0002811518674248709, 0.00027332594494947207, 0.0002656453133695034, 0.00032911856432087664, 0.00029118524320326787, 0.0002988800674061858, 0.0002854572808675447, 0.00029207957129338564, 0.00026149910002152107, 0.00029765910779182454, 0.0002573863063244538, 0.0003007028399885801, 0.0003159552790688079, 0.0002943756587401917, 0.00027368222280603623, 0.00025828637277575426, 0.00025540698992295574, 0.00027592759972131946, 0.0003049308291061977, 0.00027216747210847576, 0.00024054667653373353, 0.00026216187612738864, 0.00025954542618240097, 0.00027569559295118024, 0.0002564867403206978, 0.00027009422260081904, 0.0002493082539646635, 0.0002662302248445458, 0.00023801605168697956, 0.00028339849818243386, 0.00029128377170211615, 0.0002484629125589692, 0.00025996436190055933, 0.000335319263117445, 0.00024555645535681884, 0.0002478716968950641, 0.00026393197594569304, 0.00026869580682666174, 0.000251563626021525, 0.0002452837869960026, 0.0002736897652774455, 0.0003390338599205694, 0.00024568008423237505, 0.00026351294821261816, 0.00024948913357160027, 0.0002647684094312207, 0.00024954206668742403, 0.00023683872664724271, 0.0002835568290114209, 0.0002472666227505778, 0.00022738937606430634, 0.0002866485472002383, 0.0002431178520875236, 0.00027356740450248436, 0.00025637865949733004, 0.0003133275504156747, 0.0002783813281865034, 0.0003649230500010153, 0.0002841813117421285, 0.00024014513223810928, 0.0002911625087895825, 0.00024087282213550883, 0.00025768181860095823, 0.0003048459287870854, 0.00025456774988802123, 0.0002958674714930102, 0.00027148121981520544, 0.0002513856668303403, 0.00027079593090313745, 0.00021736290861384237, 0.00023199462396154228, 0.0002305381051882348, 0.00026998782596407964, 0.00022223009256407917, 0.0002360738639292147, 0.000240586226605012, 0.0002483729456334104, 0.00025932427667503755, 0.00029934662509032274, 0.00022116602799964293, 0.000275982068741445, 0.00023267740336175975, 0.0003132223910172587, 0.00024973770281471743, 0.00022976197658439079, 0.00021528166462750684, 0.00023958504015040086, 0.0002515611813375003, 0.0002327149361324646, 0.0002514052977036173, 0.00022633219573321958, 0.00022286486990850233, 0.00023535089596269705, 0.00021057723129240953, 0.00021552403552679072, 0.00022587303228179247, 0.0002623523906862422, 0.00027662903334431816, 0.00022934834824200873, 0.0002245927405015876, 0.00026531209103316985, 0.00022137331352921894, 0.00021778207731152453, 0.00021031965943066292, 0.00025672780910793375, 0.0002090556797688034, 0.0002557826478327158, 0.0002761883980863828, 0.00022391732966179693, 0.00025075655759984323, 0.00024166109393892717, 0.00021649164631324085, 0.000262209409299223, 0.00021502922238917052, 0.00021070311309820657, 0.00022696125214680734, 0.0002327876053169983, 0.00023610218662494035, 0.00023148895353213806, 0.00021046411081449037, 0.00020937185557539268, 0.00022425272927093537, 0.00021084050295371246, 0.000203064735208924, 0.00021190703485442022, 0.00019449614903477663, 0.00023239994334460355, 0.0002000874194886033, 0.00020060492056172836, 0.000226315016454945, 0.00019446719235507935, 0.00021506481846120267, 0.00019625852347635158, 0.00021762430816100195, 0.00022679681532451816, 0.000283997720577199, 0.00033121683218331684, 0.0001920412427203752, 0.000260958114549205, 0.00023844252916466302, 0.0002493911028236211, 0.00022224496082002044, 0.0002457542446676299, 0.00022343407018435375, 0.0002225934432413036, 0.00021880894631199713, 0.00023522068492650165, 0.00025300205981302194, 0.00021537356231713167, 0.00021692345942495928, 0.00024534281242090216, 0.00022429604326160745, 0.00021686270812464137, 0.0002315977243974405, 0.0002521405194614085, 0.0002318462229211237, 0.00022174682494830917, 0.00020540657137098315, 0.00020675215864641736, 0.00020864800624155103, 0.0001944322344196856, 0.00025863523064186374, 0.00018510094937797099, 0.0002174424989162746, 0.0001945869536408384, 0.00020810783749894814, 0.00022762487092451155, 0.00023898747542087944, 0.0001997182116140686, 0.00024106296591349099, 0.00020883145446613612, 0.00019661313355669107, 0.00020086698327982056, 0.0002030255677224384, 0.0002158734965497817, 0.00021660477974159788, 0.00019349488449155303, 0.00020340833564186912, 0.0001882055979490832, 0.000224222914669468, 0.0002087854310321069, 0.0001921221711885107, 0.00018263050888634932, 0.00022289751941165367, 0.00022273138846172163, 0.0002064898273855395, 0.00023556454856993173, 0.00019282280800752186, 0.00023780172006703315, 0.00022993462211005805, 0.00021855533865822237, 0.00018775323124995967, 0.0002124921026730975, 0.00018593062122610512, 0.0002767819174436425, 0.00018371247579390462, 0.0001671149325318833, 0.00017533599074146002, 0.00019214824475843434, 0.0002201540151216825, 0.0002914510280150526, 0.00019036216770700187, 0.0001904951671026804, 0.0001854319287318464, 0.00016884065176280233, 0.00022112952044619816, 0.0001838871563236277, 0.00018242478732544124, 0.0002186246269839687, 0.00021491269330513554, 0.00016599757522066112, 0.00016237009556141084, 0.00017445050731958788, 0.00020469876359906761, 0.00016429329601359564, 0.0002365818572848863, 0.00020275711952670117, 0.00018921460241867362, 0.0002455620292573751, 0.00019392977304276722, 0.0002441449038048931, 0.0001979652553603475, 0.00022221638490548142, 0.00017870892318597506, 0.00022223875975147764, 0.0002459083591502894, 0.000175006859665449, 0.00015733435396399106, 0.00017991185066177777, 0.00022635213397861984, 0.00022937343572744854, 0.00021323649963532622, 0.00016044602239013495, 0.00022681433488938458, 0.00015831985277702884, 0.0001803174025793837, 0.0001757916218839489, 0.00018217819017167207, 0.00015803940393610473, 0.00020788971477839365, 0.00018077468672197995, 0.00016682931428266753, 0.00015521877844904773, 0.00021803638535629097, 0.0003039390646639021, 0.0001606923555678241, 0.0001823189768988301, 0.0001749902135690138, 0.00015675110040929772, 0.0001674796770883875, 0.00015100108819843353, 0.00018148360638875992, 0.00016547478818710733, 0.00018073309308307936, 0.00016604404201217768, 0.0001554252112542949, 0.00015501673844205458, 0.0001669322453979877, 0.00021549873348318608, 0.0001686818481790321, 0.0001573797388418604, 0.00019670303502446266, 0.00015684812293756205, 0.00017083786005507188, 0.0001549726707313261, 0.0007048594353530255, 0.00015735407150743063, 0.00014630898223891487, 0.00015377918557509324, 0.00014368940353218256, 0.0001743897995755804, 0.00019832215126158994, 0.0001563810263901852, 0.0002033064275972315, 0.0002162935250842567, 0.00032054193895390733, 0.000178275498213014, 0.0001467370452342589, 0.00015026555230132686, 0.0001487060498143132, 0.00017142772806380573, 0.00017338162889992266, 0.00018417628069322166, 0.0001723839075298536, 0.00021498560780680096, 0.00015703758624596587, 0.00015754163404971735, 0.00018060956975750236, 0.00018623190658347417, 0.00020122509041210713, 0.00014445095310451525, 0.0001527831637589076, 0.00015836410586815946, 0.0001508004913733176, 0.00014977254243035945, 0.0001412063262290808, 0.0001507579425512887, 0.0003108053354953791, 0.00018099622299013566, 0.0001440048262969365, 0.0001509304808788715, 0.000161173464365736, 0.00018823897419804547, 0.00017386242781707896, 0.0001468741666357929, 0.000247145591702853, 0.0002306819730044791, 0.00016908694897036346, 0.00017096665102284334, 0.00019200358992220703, 0.00017509125703839718, 0.00017607185775840212, 0.0001759352118291672, 0.00018109417100242449, 0.00016978797577313037, 0.00022682048224734002, 0.00020555071396394554, 0.00018714741179701934, 0.00021926235028282956, 0.0001717654906854858, 0.0001489225618676203, 0.00026205751592609867, 0.00014852969014642604, 0.0001584973614959365, 0.00017679730255519636, 0.00016228587101936974, 0.00019263934757418768, 0.0001352355908527021, 0.00015522598292399905, 0.00025426036711249635, 0.00014316379645531332, 0.00013274922964911468, 0.00041610153335194176, 0.0001364632919164044, 0.00014052364962658832, 0.00018856981590271903, 0.00014308796608466956, 0.0001743515664364474, 0.00013187526929702039, 0.00013925832739770095, 0.00014483964160062299, 0.00017483677336096545, 0.0001286627948819638, 0.00015107806822619517, 0.0001328835618136494, 0.00013622277476691493, 0.00020813514454411184, 0.00021698486934239485, 0.00012297028999254148, 0.00014565697340805504, 0.00013679225574399917, 0.0001451584794224705, 0.00016932755728907167, 0.00014291156452221423, 0.00013683066252707175, 0.0002412927109032137, 0.0001318781347112907, 0.00013614674097289602, 0.00024110826353563838, 0.00022376904483005118, 0.00041471137824344623, 0.00014698706512054782, 0.00015326011812316328, 0.00015854128056431692, 0.00018257405580195888, 0.00030913482359282846, 0.00012387095614362526, 0.00018264242081791651, 0.0001310942005466687, 0.00012328987553874722, 0.0001302323166357992, 0.00014994922268908651, 0.0001477199768340615, 0.0001383186766772168, 0.0001298676024535067, 0.00020544851521429733, 0.0001499066188371493, 0.00015478072058921306, 0.00014598868852152446, 0.00013667190987852373, 0.00018447618676040652, 0.0001938729747038236, 0.00022858058423495714, 0.0001353281315367667, 0.00012028803369589239, 0.00012941904097616615, 0.0001197326414657281, 0.00016004091798628607, 0.00020691990419527683, 0.00016979682046218877, 0.00015473355822976062, 0.00011432932006941883, 0.00012531163972203998, 0.00013852357739278223, 0.00012515970133670105, 0.0001304934096484292, 0.00013943419611007097, 0.000123601164087618, 0.00019762361522624233, 0.00016321780410592202, 0.00014997800077470907, 0.00012233515452146819, 0.00014436623839954307, 0.00012486325097258233, 0.0001106852910135134, 0.00017137918300716103, 0.00013978187716391223, 0.00012066123305290193, 0.000193872453390508, 0.0001086314058981885, 0.00012657892118640392, 0.0001677868129612166, 0.00012426430063631807, 0.0001845912048129286, 0.0001236299089520633, 0.00011848583684877843, 0.00015261254885794046, 0.00014067381004396912, 0.0001212933667180676, 0.00015067610237703562, 0.00014642554637694122, 0.0001362081872747911, 0.00034510736920044034, 0.0001211497386381022, 0.00013051235767825146, 0.0001508842519911864, 0.00018315098894245612, 0.00013340738643529283, 0.00014118225272284168, 0.0001619014357271218, 0.00013780703640397577, 0.00011278440007933119, 0.00012378384943134945, 0.00011964656348475336, 0.00015810787537112438, 0.0001468561959416077, 0.00013711602251791994, 0.00011939021194026316, 0.00011371904348935856, 0.00011321655814507358, 0.00014950287523586692, 0.00014647293825292975, 0.00012192403221695952, 0.00012171638168318744, 0.00017249840414924184, 0.00016073538277124646, 0.00010532410820999362, 0.00011308983911784697, 0.00012873422612765125, 0.00014184158086648672, 0.00011055439980937678, 0.00015754823209907393, 0.0001479159737268372, 0.00011323935690506802, 0.00010241271791813756, 0.0001324177420194148, 0.00013402953876870212, 0.00011279701373088756, 0.0001723696082445819, 0.00012176929046742806, 0.0001103328302717417, 0.0001248410728807988, 0.00010100764533510709, 0.00014366562617861852, 0.0001518501517416417, 0.0001110188998282793, 0.0001208214400340255, 0.00011258885344609744, 0.00011464931390616726, 0.0001180790497565579, 0.00010043660135067447, 0.00032472645100705707, 0.00014331813397565658, 0.00011089476045401367, 0.00012021689319489018, 0.0001087025633770985, 0.00011241990429263872, 0.00013545459300623745, 0.00010191002004102017, 0.00013377780511518865, 0.00010523601264318407, 0.00014459797934451274, 0.00011310990188233058, 0.00010705833855229096, 0.00010997575743615732, 0.00011122139260101683, 0.0001198804712869597, 0.00010058265473598408, 9.637672000395273e-05, 0.0001171543933296995, 0.00014207359254155626, 0.00015329414206776006, 0.00011385653038591279, 9.54949467305912e-05, 0.00010453445169054789, 0.00012710300397092195, 0.00010809209545839907, 0.00017446456071439998, 0.00010590793122566715, 0.00012659113034985253, 0.0001029828950748545, 0.00010323225555774209, 0.00012371328065267407, 0.00012768401166819517, 0.00011684636111323931, 0.00012052940444482871, 9.566491190920448e-05, 9.303117480775558e-05, 0.00010904114330619832, 9.689856160414282e-05, 0.00012610026714328948, 0.0001273674935122126, 0.00010120354753230013, 0.00012084558441589735, 0.00011688784872035538, 0.0001273306970339158, 0.00013887704226161343, 0.00013013844529155197, 0.0001011405012722095, 0.00011680508104064928, 0.00012609746454835804, 0.00011054788691685159, 9.490862307399203e-05, 0.0001103536854488247, 9.846277647903783e-05, 8.974058943067597e-05, 9.305397920165324e-05, 0.00011454582121164641, 0.00010975911254389276, 9.770309248957517e-05, 0.00010089664671788201, 0.00013617843925772558, 8.972791606487911e-05, 9.972788946578265e-05, 0.0001054572902086989, 9.12732930904965e-05, 0.0001144106927882406, 0.00017077058937007525, 9.005703314950985e-05, 9.632335390122476e-05, 0.0001339834038960887, 9.25945936082785e-05, 0.00011577237950228152, 8.512235339342077e-05, 0.0001662497009205271, 9.024977658102186e-05, 9.957388959686056e-05, 9.630232185802954e-05, 9.426529758697608e-05, 0.0001035181875446452, 9.18470883285814e-05, 0.00011790824642759789, 8.477555735007586e-05, 8.871218394034359e-05, 9.397687448826913e-05, 9.67422862923933e-05, 9.43666477619628e-05, 9.879688045355035e-05, 7.720669438608313e-05, 0.00010800541405500959, 0.00010625119553998798, 0.00010056690324108166, 0.00010183373963651675, 9.147785192393319e-05, 9.631065923362674e-05, 0.00019434795335475748, 0.00010360345054463684, 9.568229038478074e-05, 0.00012219231933684467, 0.00013782271815044082, 9.841626120779102e-05, 0.00010659704367849344, 0.00011006039814244108, 9.087899667821542e-05, 8.348837817373699e-05, 8.789801312847921e-05, 9.331166761508332e-05, 9.495373466852252e-05, 7.934201880361088e-05, 9.433058161284081e-05, 0.0001250573348729326, 0.00012536789225132605, 0.00011787944208093483, 0.00010476185243498714, 8.585527475156645e-05, 0.00011368149024852066, 9.737284436420308e-05, 8.373087859253132e-05, 8.999052786735598e-05, 8.141935834388367e-05, 8.355514597520073e-05, 8.91885715509094e-05, 0.00010359909796858139, 0.00018061558791310307, 9.929458730648963e-05, 0.00010481716676627365, 9.317354450870875e-05, 0.00011125053716174791, 0.00022885206050445348, 9.720711111097518e-05, 7.888388354879475e-05, 0.00011235904145313366, 8.944181042656482e-05]