Model Setup for Atypical Patient 4:
ITERS=2000
LEARNING_RATE=0.001
OPT_RESET=None
ATOL=1e-05
RTOL=1e-05
METHOD=dopri5
Input channels=2
Hidden channels=32
Output channels=2
Runtime=291.47830605506897
Optimizer=Adam (
Parameter Group 0
    amsgrad: False
    betas: (0.9, 0.999)
    capturable: False
    differentiable: False
    eps: 1e-08
    foreach: None
    fused: None
    lr: 0.001
    maximize: False
    weight_decay: 0
)Loss over time=[0.833421343319278, 0.7846336957836235, 0.7350556722488065, 0.6891383522927681, 0.6522594713992267, 0.6229314134125243, 0.5825379536974592, 0.5576216732258409, 0.5252004311381167, 0.49645023979023617, 0.4743324540457131, 0.4530820560378581, 0.4295893328154815, 0.41186478088277756, 0.39763089776291205, 0.38057211334688074, 0.36552900620985285, 0.3562738125145077, 0.34501704449256254, 0.33633952733422245, 0.3268950747129575, 0.3222597426084613, 0.3170961582239023, 0.3124706080868261, 0.307713276802223, 0.304793938364535, 0.30163959189422473, 0.29887590416850346, 0.29666520950494046, 0.29484618201274293, 0.29301166496234166, 0.2916076548314102, 0.28995262309915915, 0.2871614819426877, 0.2857582193557398, 0.2852339651682994, 0.282161875417956, 0.28085474441623054, 0.27836562781955193, 0.27616996627722284, 0.2745579493802037, 0.2728338497104668, 0.27142950949595646, 0.26869616055129764, 0.2670152369894798, 0.2648938125509599, 0.2636302300706425, 0.261214803302533, 0.2595931904044389, 0.25791491001516803, 0.2561127440267244, 0.2549865440165831, 0.2530071223042564, 0.2514156498829893, 0.2496091139887369, 0.24863364359503673, 0.24659280829827887, 0.2451776087300245, 0.24359188648301347, 0.24194208763099023, 0.2402040173593383, 0.2387741444475319, 0.2372775669206507, 0.2355957619605327, 0.23393959460352287, 0.23240287650631508, 0.23094807641717222, 0.22953516915511354, 0.2279821114149828, 0.2266803974865195, 0.22527550288003512, 0.22388158639112576, 0.22256315638452592, 0.2211264536697829, 0.2196930177640218, 0.21829819722140884, 0.21744605292010755, 0.21564595680921908, 0.2143184396964802, 0.21303838031956673, 0.2120357146481864, 0.21034320108460014, 0.2090102482256337, 0.20775372823653493, 0.20654578904588028, 0.20550077008010195, 0.20401790822612356, 0.20281059806529067, 0.2015202247930687, 0.200155749014215, 0.19889062582653375, 0.19786751260094587, 0.19644470321299287, 0.19541778661546516, 0.19398721587786721, 0.19292366704936503, 0.19179798772371157, 0.1906850526077454, 0.1893968507073544, 0.1883060830662453, 0.18708452195783226, 0.18611836146665556, 0.1849207914116917, 0.184099160632816, 0.1827916047287232, 0.18159488890682615, 0.18056003215359812, 0.1794770782775539, 0.17819512209208657, 0.17742227867692126, 0.176353714697615, 0.1750761668090462, 0.1743216999367817, 0.1734009571688472, 0.17219527758633493, 0.17110052828460767, 0.1698012588543355, 0.16871859188930663, 0.1679689953954716, 0.167125592784716, 0.16601105357365412, 0.16484400910828031, 0.16405408068045715, 0.16312087374611117, 0.16206518917267457, 0.16121809515732666, 0.16016741967413808, 0.15931009900462714, 0.15821298237644688, 0.1572095434796556, 0.15638959980924766, 0.15563387057802733, 0.15467014892397468, 0.15357389901919785, 0.1528247802882744, 0.151777978692303, 0.1508143550537347, 0.1500207721309668, 0.14925963722472743, 0.1482000354517225, 0.14740797636702108, 0.14653373650017515, 0.14561503849287044, 0.14474133538230605, 0.1441065590661682, 0.143098378376659, 0.1422777382046644, 0.14155631975114788, 0.14063092141236194, 0.13980436922275724, 0.1388882058312362, 0.13816816422147984, 0.1375242124549014, 0.1366298297875287, 0.1356717997737269, 0.1348587653306509, 0.13378343462290493, 0.1334165632043388, 0.13267155288908763, 0.1316338076997827, 0.1309038227472288, 0.1302267221116026, 0.12928357856708045, 0.12857042550903075, 0.12788237899503022, 0.12690508608234244, 0.12620903043896534, 0.12535010136431043, 0.12462388361270377, 0.12395004020356196, 0.12317558673299761, 0.12227827897700046, 0.12169161808458352, 0.12090545514145976, 0.12005339398693365, 0.11940343346473047, 0.11850131776942763, 0.11779070654474708, 0.117096043575606, 0.11631225941020583, 0.11572392405737476, 0.11477066649864015, 0.11418170509369158, 0.11350045743430534, 0.11282344195656534, 0.11194935963723339, 0.11124028914727112, 0.11056911990686746, 0.10988293819656124, 0.10922222342297162, 0.10837916149837758, 0.10756037435450487, 0.10682277480179997, 0.10597125662598268, 0.10541007422928211, 0.10470566285005588, 0.10390377601887903, 0.10313911634498135, 0.10240930261341172, 0.10171718048398608, 0.1009047329555036, 0.1002360512236237, 0.09937652217563629, 0.09857263530855237, 0.09806443040131262, 0.09714537731380855, 0.09635703982047482, 0.09559253155467339, 0.09506153710921844, 0.09427428620385032, 0.09329979210449403, 0.09271646264214012, 0.09201456921905747, 0.09112402762175145, 0.0904702661622767, 0.0898386773393697, 0.08909064755159, 0.08828227334944055, 0.0874444267034259, 0.08685121126372045, 0.0860353493832108, 0.0853341376597929, 0.0846237023066606, 0.08393619124703366, 0.0834163171351741, 0.08247604634828087, 0.08184877136519758, 0.08136202568020824, 0.08064917648388001, 0.08035153937125222, 0.07961248611257517, 0.0788098504289068, 0.07843347308162099, 0.07776662206194423, 0.07732720746368134, 0.07662400696856299, 0.07590363809451835, 0.07529819176290439, 0.0748085904077081, 0.07437074553187273, 0.0742139789850733, 0.07337593686768058, 0.07290194860226606, 0.07261580570075152, 0.07209704697197354, 0.07149419104821442, 0.07130982559689075, 0.07069132011599302, 0.07030023016458951, 0.06945563200943976, 0.06964245600282129, 0.06908056368337458, 0.06851241612514845, 0.06801862813703476, 0.06771637682566968, 0.06715331937157276, 0.06668847624907298, 0.06637067339062576, 0.06588384546379078, 0.06565085501446456, 0.06514638608572867, 0.06498778473320956, 0.0644840242924612, 0.06483921425318474, 0.0638140687793627, 0.0634935862622354, 0.06324007124067983, 0.06283691634320633, 0.0623932112958565, 0.06196305297629082, 0.06224360537236909, 0.061442597311829765, 0.060821323016317486, 0.06145927202461888, 0.060408515917222225, 0.06065714108531208, 0.05989910775851088, 0.05933114225343303, 0.05929879842415828, 0.05901049794116608, 0.058277137993619284, 0.0584161997200668, 0.058423509293162264, 0.05831678147495816, 0.05763556425398026, 0.05743434378774121, 0.056891133100027136, 0.05711592817848359, 0.056342755019818606, 0.056542521047801025, 0.056106787089812295, 0.05586767896318508, 0.05575447410706907, 0.05504842856002194, 0.05472724810481933, 0.05504967098753408, 0.05429913334933971, 0.05440076984907672, 0.054202357684077856, 0.053822722677616855, 0.054040729412107774, 0.053639887153532566, 0.0528264469924955, 0.05232995108150662, 0.052505544844984306, 0.05263223232926777, 0.05213281023933213, 0.051978629222510085, 0.052365001425733186, 0.052192486300168324, 0.05110360783851171, 0.05134754160205925, 0.05091609661260303, 0.05074117574644787, 0.05063066344088071, 0.04989049408004746, 0.04978241278727957, 0.049517158925620225, 0.05036621414347147, 0.049368476572638764, 0.0488536298493015, 0.049074519080288634, 0.048934602694589276, 0.04848833558602462, 0.04879175987852782, 0.048148527768317774, 0.047850144613923534, 0.04784717597057171, 0.04798713296114396, 0.048363716748023915, 0.047314185719275655, 0.0479273984992615, 0.04706418919281738, 0.04694038656421755, 0.047133467248436034, 0.04678484251931411, 0.04685751570703054, 0.04623365919788433, 0.04578922835872845, 0.04612346543987809, 0.04578150498806937, 0.04640287161215824, 0.045597419578787955, 0.045205375696230704, 0.04536850116511688, 0.04524909297420245, 0.044493506617444695, 0.04485941543048886, 0.0442083361365399, 0.04438444644526831, 0.04367587175289867, 0.04393028816048354, 0.04378669584514618, 0.04351071819704671, 0.04358858114531192, 0.044091755981549845, 0.04381659093998585, 0.043205700379162236, 0.042678680101978006, 0.043283937467884476, 0.0424178492612162, 0.04250263174123441, 0.04295077091171144, 0.04233346303138734, 0.042722626252948544, 0.04226758378871858, 0.042012776039317135, 0.04193580588980614, 0.041213365066111736, 0.04134954725484824, 0.04090157573259515, 0.041031905931366235, 0.04138228695957466, 0.04116543124084265, 0.040782761214818816, 0.04157586506258153, 0.0398587274572513, 0.04009990738258883, 0.0405056899874744, 0.03985930035506114, 0.040112196690473105, 0.03973638936056948, 0.03960417607518201, 0.039554622129184466, 0.038972371172679106, 0.03923408185916855, 0.03950700161895028, 0.03875691685225861, 0.03902612380432586, 0.03886561371674101, 0.039423157076482, 0.038880738741486724, 0.03874705012675935, 0.038588613489963015, 0.03852955479554002, 0.03814790540858647, 0.038808609548141644, 0.037861097518423745, 0.03756086953410159, 0.037326702894105675, 0.03697323318345872, 0.037170970411370984, 0.038579370362355266, 0.03688006390740605, 0.03677069435126734, 0.03734308657676858, 0.03688389183110308, 0.03671389109152208, 0.036557935067538815, 0.03659430949111, 0.03729838655976188, 0.03609342127517781, 0.035978949740527844, 0.03711674364169049, 0.03604309256332533, 0.03681281440294346, 0.03523567720916646, 0.03521467270968088, 0.03543508599135084, 0.03498538421471552, 0.035450020014442744, 0.03460193047295134, 0.03532922737156327, 0.03486438105121323, 0.03453627120177528, 0.035556877933328256, 0.03451078897095159, 0.03483899044255053, 0.03467333008462967, 0.03457692648464626, 0.03423153552106925, 0.03352795022231769, 0.03439289232114378, 0.03443749504746765, 0.03496716651811437, 0.033519691867486906, 0.03379921121874908, 0.03349033923731854, 0.03438899798066988, 0.03412398363323201, 0.03307795780753339, 0.03341776576321367, 0.03264844610978818, 0.032463513098386826, 0.032577732593143185, 0.03339531100702032, 0.03310884972980073, 0.03221060229420667, 0.032526922209008054, 0.03308450652879516, 0.03221448748385777, 0.032547994030494305, 0.03183159710129048, 0.03321654388802569, 0.03221028001367105, 0.031096754738128073, 0.03183473444788196, 0.03175167409391563, 0.031332106287280954, 0.03155125841248163, 0.032516834854694095, 0.031268277687504335, 0.031343215451085364, 0.030482051528847854, 0.03084467944384844, 0.030922278904019763, 0.03056357652509075, 0.030527256492295627, 0.030086261622323297, 0.030413141433651744, 0.03177449132234965, 0.030428084015122744, 0.03105758692256141, 0.030476814248134997, 0.029896849037091142, 0.029880063306776113, 0.029944278460352327, 0.030591974907701606, 0.029782017486357514, 0.030836767775305786, 0.02948342935257494, 0.030076141905894006, 0.02931670329770258, 0.02896684322132529, 0.029368280746039713, 0.029198082788033316, 0.029216827190059667, 0.02894936414001733, 0.02878263403593877, 0.029844274744468567, 0.02887858852359187, 0.0292451902308356, 0.028571752664565752, 0.029088312528002428, 0.028516800937063557, 0.02853649810606165, 0.02894232443311553, 0.028999774329653404, 0.027986903166012978, 0.027815519786085395, 0.027809833555040468, 0.02800992925636253, 0.02840037503631986, 0.027766063519789917, 0.02730264075679362, 0.027612975966837882, 0.027185749094689626, 0.027800637391510893, 0.027198480367779266, 0.026868626741804468, 0.02680232257675397, 0.027307655022104558, 0.027080674044818644, 0.027335265453853185, 0.02717306437412128, 0.026483067695620133, 0.02645543000473642, 0.026529194418006042, 0.02661386558936816, 0.026366877016737896, 0.026376016349401236, 0.026171619370567112, 0.02618845070869362, 0.026271782142925137, 0.027358672049823233, 0.025661372853191245, 0.026002846555435485, 0.025399492788830125, 0.025397793166877614, 0.025577133274471475, 0.02500039745780721, 0.024679008325677432, 0.024774010946894146, 0.024318028200452077, 0.02396283974190809, 0.024299578687920542, 0.023240096242014938, 0.022660708747747497, 0.022203156828286705, 0.02210037044784844, 0.021650115215391612, 0.02133305474754788, 0.02087419871683376, 0.02097431851998346, 0.020457004800882334, 0.020495726845244908, 0.020303863593722445, 0.020103276368187928, 0.01987982936297775, 0.01973008895636429, 0.019639773949773023, 0.01953776241612648, 0.019390132956523635, 0.019265844834135, 0.018844127227398064, 0.018707298183110455, 0.018740232406619595, 0.018223984146118026, 0.01814384293502001, 0.018444819166640904, 0.017974217539773622, 0.01765513436676509, 0.017466513887168633, 0.017505046324585657, 0.0173147048599715, 0.016968114009376527, 0.016761120798904523, 0.017055447469762095, 0.016784689528222957, 0.01645959743286922, 0.016456580788080596, 0.01623001168732592, 0.016043071747249903, 0.015880806079910523, 0.01563540086233638, 0.015386018941773234, 0.015580433695428142, 0.015601059971898435, 0.015479855742326513, 0.014956832699503876, 0.014889881675450384, 0.015066032012787934, 0.014972398370585414, 0.014479109598122496, 0.01429493594276784, 0.014658153693709609, 0.014485005497649008, 0.013902211313818384, 0.014027447423875829, 0.013982123020339602, 0.01385961606888027, 0.0138107706011651, 0.013439222678351855, 0.013508637598138883, 0.013380494125862778, 0.013211775103805194, 0.013040207099800487, 0.01307439664024812, 0.01294472802328796, 0.01265343200188415, 0.01274496911935335, 0.012338430776339969, 0.012344131134343517, 0.012270016822613788, 0.012332350609500144, 0.012168440832369646, 0.012137801751661346, 0.01196741158753513, 0.011991616937050082, 0.01175211623522775, 0.011599834629332902, 0.011525213430797073, 0.011501663262378432, 0.011358632640544956, 0.01142424196829764, 0.011850912938383723, 0.011194431052851004, 0.011414883187690805, 0.011478722889325787, 0.010834792520374895, 0.010700733613333442, 0.010805466354115445, 0.01068801796421337, 0.01053715040676478, 0.010504721580070193, 0.010432727560891362, 0.010407139267320785, 0.01031028345164105, 0.010232292067924111, 0.010171782790634744, 0.010007626815878566, 0.010061525767817764, 0.010008951314487658, 0.010249035550402847, 0.009708056896662055, 0.009620695642399977, 0.00955539294402971, 0.009526107280453732, 0.009455612463050324, 0.009382511246907707, 0.00933086532987168, 0.009256862130149954, 0.00929688360040109, 0.009445337747981765, 0.009357393682258401, 0.008969069569533934, 0.008958905685077477, 0.009070390786376921, 0.009028631890062123, 0.008776510351622491, 0.008793489579057194, 0.008911705953325416, 0.008835843337562741, 0.008433181942746651, 0.008374554618159993, 0.00848024731238871, 0.008489404735764027, 0.008548766633200368, 0.00837672972845953, 0.00833984356135665, 0.008153746176035393, 0.008056837652432404, 0.008024278959193954, 0.007960040697349248, 0.00824671372874352, 0.007868855670245494, 0.007814364544778183, 0.008122728423661059, 0.007877059059382617, 0.007694092444651635, 0.007613334483854828, 0.007687510046373819, 0.007947609142278806, 0.007444219446747399, 0.007603410048627781, 0.007526125059132641, 0.0074765003977626705, 0.007412086698180278, 0.007299499975902301, 0.007299322074198106, 0.00744518818127406, 0.007274050406283792, 0.007068251017094005, 0.007122364711506382, 0.007088425766833085, 0.007225660855075045, 0.007222655952053999, 0.0069280803032512606, 0.006814606772976414, 0.006878110103579963, 0.006998931967794825, 0.00680726351044299, 0.006766866666795429, 0.0067195763974588155, 0.006748268197449125, 0.006616145078689054, 0.006713526395078581, 0.006683828954105692, 0.006774599760866257, 0.006540030817874307, 0.006643607127952456, 0.0066361859659639115, 0.006569338796668942, 0.006473838312996214, 0.0065552190695789695, 0.00643139400663624, 0.006289654476872682, 0.006462159915077503, 0.006568655754528241, 0.006421674819489093, 0.006164347764566539, 0.006279290873860885, 0.00607110057437693, 0.006183811699274083, 0.0061773795776099835, 0.006070224044192674, 0.006076619982004927, 0.00583581633657719, 0.006057494211295525, 0.00653058221676996, 0.0061134564229921445, 0.005788266728854684, 0.005893049785288321, 0.00601487096625737, 0.005865722733679785, 0.0057486490847783464, 0.005672867213077628, 0.005796722529792523, 0.005868984718949114, 0.006019197586187689, 0.005619395195932426, 0.00569257365672489, 0.005722398666292394, 0.005570496489477972, 0.00564118826214284, 0.005655088865582237, 0.005525528268836497, 0.005368228398304323, 0.005490027102236031, 0.005421093345529128, 0.006003949837027427, 0.005732899770514002, 0.005314085050948262, 0.005361228005661635, 0.005619477739934846, 0.005535086980758553, 0.005467533931255853, 0.005382630235443525, 0.0051724383159739715, 0.0052769751158400595, 0.005682643772741075, 0.0055864951889511676, 0.005401409776911944, 0.005082214300286407, 0.00526796154688175, 0.005446848279450906, 0.005275413779614078, 0.0050405177665741215, 0.004986196767017608, 0.004921702800820691, 0.005158617430140901, 0.006248837465463719, 0.00501120777613844, 0.005058691101860575, 0.005028582686914303, 0.00505938799720894, 0.005049555801837163, 0.0049307897471022955, 0.004850385125581212, 0.005151772213451059, 0.0052283452260860515, 0.004885510628875752, 0.005008578635754636, 0.004886164355865235, 0.00483718132000102, 0.004797736284055324, 0.004835415810979163, 0.00472760972816085, 0.004740347690514676, 0.004678348955340559, 0.004660175912764699, 0.004773905229508421, 0.0045964739846401865, 0.004594220475132984, 0.004757092580081215, 0.004669015595195327, 0.004621008203808459, 0.004620648953065672, 0.00449377329981799, 0.004651575886533416, 0.004783911995873128, 0.004536314290265819, 0.004532463878425399, 0.0045131392123400685, 0.004420557783016161, 0.004568777404951459, 0.004476395778682065, 0.004480589008625874, 0.004364079911207492, 0.004428627423930686, 0.004454516135910958, 0.0043867079914707875, 0.004364051317524437, 0.004336860288333768, 0.004662830956262903, 0.00438429437989663, 0.004372633049815136, 0.0043484820383190015, 0.004322304086867828, 0.004327708790193354, 0.0044354089244384295, 0.004263290302126123, 0.0042719861700194735, 0.004187088207274267, 0.004350802173959917, 0.004297946954444958, 0.004219086171837538, 0.004308480201983707, 0.004256262162144391, 0.004103522227569627, 0.004213811811844216, 0.004340973570300266, 0.004220076617270703, 0.004151404808264574, 0.004177173700129836, 0.004315130531675725, 0.004149004159255649, 0.004208862093264596, 0.0040987643069565, 0.004232832307445123, 0.004122822993701306, 0.004100775669035337, 0.004298913590012831, 0.004377161067551264, 0.004141586701651632, 0.004065307193634383, 0.004115836671185938, 0.004144532960097916, 0.004088961663355592, 0.0040100860627740355, 0.004188073397825052, 0.003964525652601812, 0.004226005521663744, 0.004009793301026458, 0.004159962448250779, 0.004044222423167657, 0.004003441015263242, 0.003959568419049642, 0.00391227364192023, 0.004012174008238778, 0.0038839054838458228, 0.004022804137390286, 0.003966268922166531, 0.004001531303244735, 0.003982381197871792, 0.003931369467149406, 0.003884763811378074, 0.003947415746458889, 0.0038826811380562294, 0.004000494477783115, 0.0038549401422600976, 0.0038866826801212495, 0.00411998753196778, 0.003969428160857592, 0.0038526610738664844, 0.003881239518497827, 0.003834187471996352, 0.003830847054233076, 0.0038532168551548797, 0.0038549061734925462, 0.0038427128547150256, 0.003928804664141446, 0.0038175248335580226, 0.003736464342884453, 0.0038491606445740373, 0.003822577781351294, 0.003768425844081712, 0.003823927269353185, 0.003649447973234894, 0.00370608281304482, 0.003807777828183906, 0.003776185928731578, 0.003882530038784474, 0.003888751372882339, 0.003684601588972602, 0.0038030257888836947, 0.0037421261069631134, 0.0038904719796077443, 0.0038679917683295236, 0.0036447140741387514, 0.0037620667071610286, 0.0037674005972607436, 0.003844306527874646, 0.0037104279110331552, 0.0036768462361875323, 0.0036749815994630477, 0.0037218276488468023, 0.003674318097350622, 0.003693526768639788, 0.003662183525575544, 0.003669060712038707, 0.003696715293556238, 0.0037538163691494928, 0.003701647392162322, 0.003666210423264381, 0.003637165776091178, 0.0035736012345160524, 0.003728181212123581, 0.0036595714496841614, 0.0036713660156690035, 0.003592373786521956, 0.00368692209108908, 0.003599367211734863, 0.0037646091912221765, 0.0036715109619385056, 0.003618556402084092, 0.0036327664971680996, 0.0035641326241981144, 0.0036492798970832034, 0.003628999610301636, 0.0034884731569023923, 0.0034783440941508078, 0.003543570028816066, 0.0035142860425744007, 0.003548335260053799, 0.0035489766003950554, 0.0035169751321600193, 0.003439536051603777, 0.0035788348785258995, 0.00360709435739663, 0.00347895980211875, 0.003559328530256646, 0.0035068531097305774, 0.003489704760871504, 0.003496774062600061, 0.003644218619583101, 0.0035687248723275124, 0.003377282469554122, 0.003471981475150777, 0.003544193485436714, 0.0037299639624759472, 0.003415482416879915, 0.0034567681531180424, 0.0035084745282418298, 0.003424324677061094, 0.0034917933814636566, 0.003433122415314743, 0.0034921418489221533, 0.003384403863928348, 0.0034862201124597246, 0.0033998387518581617, 0.0034370703522985306, 0.003458301171188649, 0.00349146084055941, 0.003586950022162795, 0.0033874830114301925, 0.0034225283169255685, 0.00350593008325731, 0.003438584097384059, 0.0034604288909340507, 0.003400311372765691, 0.0033904937795422026, 0.003368312524368824, 0.0034977087336971915, 0.0038253084951035392, 0.003493501647169411, 0.003328421284604, 0.00337646356414141, 0.0033023237159615026, 0.0033873515667355793, 0.00340867250949823, 0.003568480959166367, 0.0034763356329705524, 0.0034043922379397083, 0.003356626844062922, 0.003434989243288963, 0.0034685484559741657, 0.003335919173449986, 0.003349553201067594, 0.0033284716347775968, 0.003392360635211431, 0.003499265870081904, 0.003415075564774051, 0.003429261865475298, 0.003347155114496707, 0.0033858100359984047, 0.003349301482938885, 0.003524822559493114, 0.0032992408607054598, 0.0033246026660533096, 0.0033252556762548503, 0.003281294472736289, 0.00340585875492565, 0.003292330397179426, 0.003269846432225229, 0.003331756975481678, 0.0032952530317491386, 0.003380122042296639, 0.003361879872408082, 0.0033734112927662095, 0.003343137297310092, 0.003282269413160142, 0.0033441125138269872, 0.003255122293432733, 0.003417696778989873, 0.0034081730151005398, 0.0032557546199933197, 0.003269896019513705, 0.003195613717483195, 0.0033651317953312114, 0.003437721248978238, 0.0034385944123283855, 0.003234595849178443, 0.003227685624770928, 0.003247154723368313, 0.0034033726782367463, 0.0033240415504921573, 0.0032502092638154066, 0.0031784894884439798, 0.003270210428535541, 0.0032141188179379606, 0.0036563549186876976, 0.0032834699937760656, 0.00332210456150849, 0.0032903003141783365, 0.0033030065393872443, 0.00336432263846586, 0.0033438225844074675, 0.0032812943239066113, 0.0032746723323077804, 0.0032193004754679498, 0.0032380415672090446, 0.0033133172113853724, 0.003235795115287274, 0.0032942797256091325, 0.003319332567000378, 0.003216849983012269, 0.0031355621090697894, 0.0032053753935348305, 0.003333583149225784, 0.0033155601464627303, 0.00326115035261557, 0.0032279706310861726, 0.0033522848218877905, 0.003258663904138359, 0.0032321115771614946, 0.0032818458946567205, 0.0032291919419522763, 0.003199031599549153, 0.0032603592633910633, 0.0031498096957566484, 0.0031781148886955196, 0.0031918642397260814, 0.003074421558692801, 0.0032986159016819352, 0.0032280039191824633, 0.003196454748238589, 0.003089238457851805, 0.003151202431996053, 0.0032627359653672984, 0.003234179883456047, 0.0031717525908115177, 0.00314239666207425, 0.003190718645821854, 0.003082357050155984, 0.003362056986135399, 0.003191635235102777, 0.003217732645113051, 0.003141359163201089, 0.003172366820931127, 0.003275487632968582, 0.00328108385969382, 0.0032017955996144335, 0.003141278749409072, 0.0031735783011406144, 0.0031835324980058048, 0.003125646593859632, 0.0031084580236855172, 0.0032740888009828236, 0.0030853218996645462, 0.0031289554025354482, 0.003064402434651597, 0.0030907107170417003, 0.0032032112779352977, 0.0032153742520009353, 0.003120726769848171, 0.0031159929505595488, 0.003178169170536237, 0.0031913148929284168, 0.0031578594470166713, 0.003070995697792492, 0.003089671087412259, 0.0030511258241606807, 0.0031026674044500476, 0.0031883065356677538, 0.003120560602755733, 0.0031197082702001484, 0.003039622207922875, 0.003077706205815789, 0.0031550225176046665, 0.0031413457555830556, 0.0030971520883708247, 0.003049335880116402, 0.003063255663729378, 0.003110240360786073, 0.0030750294187859295, 0.003084393168856023, 0.00312072460045388, 0.0031333931754823807, 0.003114603585336898, 0.0030773428837544844, 0.003072285363760226, 0.0030141176890413953, 0.003059736161693923, 0.0030465491770988867, 0.003102385930605317, 0.0030270643383212724, 0.003027657813346972, 0.003219796977170836, 0.0030326715707485715, 0.0030158555482609232, 0.003088052465954254, 0.00313624907880889, 0.0030491030192547897, 0.0030494869287541206, 0.0030684968261813213, 0.003091396935735662, 0.0031972060106180825, 0.003040260338544214, 0.003082244375755919, 0.003043574345541178, 0.0030665622178068256, 0.003017843558141015, 0.0031055800306329416, 0.003135778404365544, 0.003081379446706962, 0.002955405120460515, 0.002978359642113303, 0.003073724834256136, 0.0030716104303550305, 0.0030789326091920587, 0.0030437182002903155, 0.003016664221062307, 0.003030304374047406, 0.003020643665828923, 0.003005660801213018, 0.003008948717824388, 0.0030611177425475204, 0.0030657369305217663, 0.0029978202654626323, 0.0030753506257913264, 0.002963045938857703, 0.003055035499762124, 0.002978361941132234, 0.00302756929979951, 0.003074300831575737, 0.003033006839071348, 0.003070841255312923, 0.0030078947373010745, 0.002994712859698176, 0.0029660128706740733, 0.0029732027050708796, 0.0030361160522411235, 0.002974220806213794, 0.0030025619286422433, 0.0030343327855608766, 0.0030055547540153325, 0.0029652193911941294, 0.0030352334398606215, 0.0030262598970668447, 0.0030101122282162164, 0.0030332040014589235, 0.002954230547076801, 0.003012764171277231, 0.003033825974877448, 0.0029781250110102716, 0.003092469949617464, 0.0030077393057134968, 0.0031293257207608057, 0.003028986758571788, 0.002981919940438749, 0.002968013508871814, 0.002947503440339765, 0.0030137430856363163, 0.002927829745251689, 0.002950687176806158, 0.003029621569563067, 0.0029862412078199814, 0.0029370133906649193, 0.0029766251163052173, 0.003001246833520091, 0.0029657059118641817, 0.0029511332994584232, 0.002988153363501601, 0.0029933329272074575, 0.0029645075167413835, 0.0029735602323248053, 0.002916387992740933, 0.0029433785996416666, 0.0030137306806355194, 0.002931656873319904, 0.0029643248364802535, 0.0029226205165318164, 0.0029611742834687554, 0.0028950601882264874, 0.0029804621357245463, 0.0030004628545101057, 0.002972754852059679, 0.002932944624129038, 0.0029982945188895163, 0.00295429333690885, 0.002953403087304832, 0.0030480421270982494, 0.003015853992834659, 0.003001105642868128, 0.002947179454114285, 0.002981225106095474, 0.002902743943075887, 0.003068768666040474, 0.003025306663700916, 0.0029320690854287364, 0.003029043042901165, 0.002951538943654364, 0.00287817987828911, 0.003019394353569626, 0.0029298038645200284, 0.0029747773527166507, 0.002966404991973357, 0.0029939629117665336, 0.0029552190678793573, 0.002909093829194659, 0.0029659716718303006, 0.0030911400144251586, 0.0029782634673807176, 0.002928267249633225, 0.002903461947630703, 0.0030657006873274664, 0.002887846132953557, 0.0029397294526642883, 0.002907330320729075, 0.00287003171452412, 0.002892396114423396, 0.0029539947693070032, 0.0029177329099079404, 0.002914761401519497, 0.0028945173026346986, 0.002886744744873475, 0.0029057909544163733, 0.002917014949379418, 0.002887704628619686, 0.002887342950568681, 0.0028865209377885405, 0.0029300151732563366, 0.002878514647593028, 0.0028755780150250157, 0.0028986299013631658, 0.0029106076564724332, 0.002908653287937697, 0.002912425535305885, 0.0028563581247065444, 0.002897687106911612, 0.0029325823803808397, 0.00309887003749855, 0.0028917132750949297, 0.002884309687906092, 0.0028706714822668163, 0.002835769789085221, 0.0028520429972362146, 0.002826539548007086, 0.002884265994322823, 0.0028703283373706892, 0.0029485321458094433, 0.0029337070841601626, 0.002848652136617738, 0.002903848377910191, 0.002919568404537508, 0.002852688104616581, 0.0028733172109915235, 0.002897361261221147, 0.0028436474618162262, 0.0028410113670036268, 0.002834115860182421, 0.002856400464067122, 0.0028433192235805343, 0.0028643733687409747, 0.003680670202275238, 0.00289253383056254, 0.0028919964263838184, 0.002877724743178987, 0.003145178516546003, 0.002861509515235736, 0.0029524615321118723, 0.002840221347924148, 0.0029564955856571993, 0.0029298386388120295, 0.0029111424748683957, 0.0028979744723628964, 0.002897117532337963, 0.002819221792255054, 0.0028253570459860515, 0.002837991608374875, 0.0028598419700058162, 0.0029262347098658274, 0.0028473220940438723, 0.00285984500717186, 0.002839422892723105, 0.0029199885937424975, 0.0029002442591365657, 0.002835773641140726, 0.002779007100251161, 0.0028253086498045477, 0.0028386168260764485, 0.002777737162603228, 0.0028086356386457395, 0.0028442844638190707, 0.00289332977930079, 0.002773328692799893, 0.002817924304918513, 0.0028446941447584154, 0.002955292670256182, 0.0028518540035659787, 0.002826579742773337, 0.0027547220878145523, 0.002859538936980169, 0.002818206855714204, 0.0028737415264889197, 0.002853847656998257, 0.0028106712032037674, 0.0028389188344042156, 0.0028751843107255354, 0.002847892141713424, 0.0028221453018044316, 0.0028048009173275556, 0.002809792987747819, 0.00284479538467462, 0.002807799025814682, 0.0028091157875034423, 0.002814723459779025, 0.0028330026354606475, 0.002800263180770761, 0.002815169914856046, 0.0027620526145963648, 0.002785651113682339, 0.002774702303459066, 0.0028114315681679594, 0.0028136638028445076, 0.002807443882676433, 0.0027608254029016, 0.0028034445949648556, 0.0027684579515006736, 0.0028188941297681244, 0.0028093547606513744, 0.002762489909310032, 0.002803342741372499, 0.002732628208504598, 0.0027580069003655316, 0.002697941996053223, 0.0027636495927398598, 0.002740763623147914, 0.0027785979864786443, 0.002784131511022744, 0.002785981543741586, 0.002769010646650697, 0.0027306777021218983, 0.002745345952833907, 0.0027365862275526153, 0.0028051859709577634, 0.0027445795639216303, 0.0027739112052265046, 0.002758311967789581, 0.002785014309306204, 0.0028139356428443884, 0.002766406678181259, 0.002841087209730518, 0.002718711970823661, 0.0027182961051716308, 0.0027334841286294287, 0.002779589758728517, 0.0027952469700097825, 0.0027357705493308727, 0.0027460310862332925, 0.002744801565300149, 0.002757256017860515, 0.0027550523814811666, 0.00269851824306314, 0.002764439528541274, 0.0026885225713572792, 0.0027007143015984735, 0.002763257025104301, 0.0027338575973246343, 0.002762465707813765, 0.0027362220247935626, 0.002701938279523806, 0.0027560403324957323, 0.00277098618186283, 0.0027334078377225057, 0.002679025967504899, 0.0027956053938017135, 0.0028376948677911354, 0.00278699064051, 0.0026790198253421552, 0.0026783680179293494, 0.0026586073179233525, 0.002686148268737201, 0.002800907501366417, 0.0026992044298551534, 0.002659412604205164, 0.002723669118161165, 0.0026766631440242506, 0.0026907692751584086, 0.002670715555792229, 0.0026395015958696373, 0.00269765348959922, 0.002718292660065255, 0.0027083048673260846, 0.0027656796984509217, 0.002666937406258812, 0.0026324921748390835, 0.0026988848616954155, 0.0026770141068733727, 0.0026239274129809813, 0.0027908865743070995, 0.0026870996894236762, 0.002636315919073463, 0.002665375605088208, 0.002603463608056607, 0.002658734757443612, 0.0026830088445574276, 0.002677497088498774, 0.002728295241560497, 0.002689557872290667, 0.00271921112944416, 0.0026597503683500326, 0.002705312253677117, 0.0026842112146156245, 0.0026054506261893634, 0.0026886360787603003, 0.0026911973056353363, 0.002701647610675886, 0.002646687985425854, 0.0026396531890719613, 0.0026474383520813773, 0.002667213126189873, 0.002644447488487656, 0.0026489306727947156, 0.00269352645982226, 0.0025948872603593445, 0.002666954243284646, 0.0025975107331506586, 0.0026238899015301165, 0.002639536492886374, 0.002642554655735031, 0.002634573800935683, 0.00265589667623509, 0.002623892123399777, 0.0026044686994100515, 0.0025807035311588536, 0.0026457952662470095, 0.0027116438818860678, 0.002595225987387125, 0.0026390429770783174, 0.002604409646754621, 0.002594872444718451, 0.0026118172322823732, 0.002675538811118266, 0.002675354727625078, 0.0026866444855787024, 0.0026069983437028432, 0.0025867026779622026, 0.0027396692122048194, 0.0027096804890588662, 0.0026929317644933813, 0.0025952531583599715, 0.002605558357620132, 0.0027400315094235675, 0.002822675397484927, 0.002595135965935848, 0.0025865192088577295, 0.0027009737827046777, 0.0026121077037960694, 0.002617523250097869, 0.0025997664337862863, 0.0026428855527007022, 0.0025962228529458325, 0.0026358291159354493, 0.00266372811084385, 0.0025521485620501956, 0.0025565035144394445, 0.002545406350524654, 0.0025930945961068204, 0.0026119267048607714, 0.0025806685279692464, 0.002550875505848955, 0.0025570093859833827, 0.002551743218714066, 0.0025337287491744953, 0.002550826189331311, 0.0025126225476718718, 0.0026064552939052093, 0.00257275382262438, 0.002596468565975894, 0.0025319787890629, 0.0026277203975624084, 0.0026524831559354037, 0.0025323079911794503, 0.002549983614669361, 0.0025759276532400953, 0.0025695914022351857, 0.002674973712523168, 0.0026779553878950937, 0.0025603867877072254, 0.002621207268329529, 0.0025995397750192754, 0.0025266907383766028, 0.0025577416291643344, 0.0025321997875568003, 0.0025373952648873755, 0.0025497391268637392, 0.002547910294798801, 0.0025476000663805305, 0.002599087326451801, 0.0025620197461030895, 0.002533194076881639, 0.0025234976995324415, 0.002541571952984044, 0.002517177452553386, 0.0025649082169735306, 0.0025150717533010906, 0.0025910930989822456, 0.0025423124933710317, 0.002569818123169015, 0.002541559084411628, 0.002808974324197011, 0.0025237501600286205, 0.002520442625490373, 0.0025029911412318665, 0.002462891736237013, 0.0026315115251369803, 0.00249083096543258, 0.0026283224697117922, 0.002527176151493588, 0.0024705541955895886, 0.002638253208561149, 0.0025081926675560025, 0.002571013677186789, 0.002633578934994822, 0.00258615224829467, 0.002544982670011488, 0.002524706119511312, 0.002497669117688711, 0.0025211149822204452, 0.002508834670025664, 0.0024845616432735123, 0.002481599114326093, 0.002466200787885939, 0.0025436308254851185, 0.002455871419719492, 0.00248364848999813, 0.002506249403923064, 0.002610622607767762, 0.002651626999831021, 0.0026049774603180147, 0.0025189000536043945, 0.0024264885866616156, 0.0025293403875237407, 0.002534105703445338, 0.0027001624225574225, 0.0024861419675984734, 0.0025285476902296797, 0.0024882587891708174, 0.002485711459865136, 0.002647176614607982, 0.0025254716827455763, 0.0025470906411588826, 0.0024742609579702494, 0.0024205750508517736, 0.002458798394293037, 0.0025418245511249497, 0.002536784065522352, 0.0024172385322220676, 0.002527314507508618, 0.0026461059325711216, 0.002515570700562648, 0.002434500976439713, 0.0024260560626555186, 0.0024366958350044987, 0.0024593104348586197, 0.002446552888044672, 0.0023972602335014556, 0.0024302600837898965, 0.0024831389207670804, 0.0026045953925156766, 0.002444131923070078, 0.0024462432486400862, 0.002422005739236187, 0.0024542256510009354, 0.0024236837665858827, 0.002452005433127946, 0.002503904814482075, 0.00240457938988225, 0.0024529229128162386, 0.002455964868099305, 0.002398672489747234, 0.002716194749069403, 0.0024379475962252243, 0.0024194050914304512, 0.002403259373907, 0.0024988926210618993, 0.0024473246803868942, 0.0025566307918685285, 0.0025308996900956773, 0.002462761076232651, 0.002391709212672972, 0.0023933616451012533, 0.002392035175785812, 0.0024684156952314725, 0.00250678423497176, 0.0025305949273391553, 0.0024546153403176424, 0.0025248563241543416, 0.0024803530258693807, 0.002403799489523375, 0.002343488946118212, 0.0024505659126327337, 0.002422062353920448, 0.002400286682998241, 0.002423726100301839, 0.0023874445882326174, 0.0023901262552474007, 0.0024353279176183543, 0.002355234084119579, 0.002385335876803261, 0.0023510094553926757, 0.0023756508364133947, 0.00236944658990523, 0.002411806759336332, 0.002384842803928405, 0.002459478939952541, 0.0025756500654390627, 0.0024459565979218193, 0.0023740896682752574, 0.0023771399426420962, 0.002578234018564475, 0.0024141969624681078, 0.0023960885891164546, 0.002408190748856809, 0.002376184575485655, 0.0023187115151401356, 0.0022973552944213506, 0.0023846072286073145, 0.002357218857264391, 0.002340452933152525, 0.002383033758503999, 0.0023554252839153803, 0.0023534929314180677, 0.0023877864117387818, 0.002366964597456596, 0.002463796038306189, 0.0023350371356467056, 0.0023404458334320244, 0.0024464495551090606, 0.0026182101291280673, 0.0024206731373609806, 0.0023532198297720407, 0.0023553221127747027, 0.002435482593483736, 0.002779264890167499, 0.002302689861230685, 0.0024051371102829836, 0.0023957852364760615, 0.0023289874049723385, 0.0023136046327656753, 0.0023490877370467944, 0.002453275812242781, 0.0023511231690605074, 0.002336738438624743, 0.00236566201427586, 0.0024027968628762757, 0.0025122066354008443, 0.0023703192720415933, 0.0023207056444285263, 0.0022976527398344097, 0.0023082271255204473, 0.0022674169398458938, 0.002290617702365948, 0.0024070397948358986, 0.0023190687269204657, 0.002384708949013377, 0.0021859545018553545, 0.0024490800583595014, 0.0022639861451499363, 0.0022790536720061227, 0.002308934312145895, 0.002319192701231415, 0.0022752953534596124, 0.0023965457940278542, 0.0022942297056808285, 0.002303168743101026, 0.002267069111199302, 0.002364556385838484, 0.002294508267190787, 0.002370389832600495, 0.0023043542874173137, 0.002247904057847998, 0.002296848283207961, 0.0022952109808297766, 0.0023520899035428537, 0.0022932404589233895, 0.0023048843091067472, 0.002311865933041028, 0.0022501175304507665, 0.002333741621654328, 0.0023018267844654673, 0.002453511043049473, 0.002306176895939751, 0.00225627980679612, 0.0023114518034839395, 0.002258855251753618, 0.002297852972446462, 0.002290426411277998, 0.0023032277697741543, 0.0023022579400764423, 0.002193411946574897, 0.002284189603182706, 0.0022851193751845657, 0.002287079757374103, 0.0022615600721778016, 0.0022655877597412394, 0.0022354850736945988, 0.002302285485668847, 0.0022689344162300407, 0.0022062208037470867, 0.0022912405811094726, 0.0024034109162286038, 0.002202348585024988, 0.0023288710868717756, 0.0022524001760970444, 0.0022369384963619307, 0.002252021779497312, 0.0024248326424521683, 0.0023791778548179123, 0.002276023901487897, 0.002316577681869659, 0.0023324207608219375, 0.0021940285844684413, 0.002267741326158595, 0.0021834802238886244, 0.0021809270402572208, 0.00229279678820692, 0.0022191348031717286, 0.0021798830738944297, 0.0023400471334239915, 0.0023039941842396233, 0.002490331890062651, 0.0022331468494062824, 0.00217157362682493, 0.002248201737546562, 0.002455940476339551, 0.002180926323255807, 0.002200314986157602, 0.0022129525605901657, 0.0022271259859033984, 0.0021834691681708947, 0.002371187269084097, 0.00218424857607912, 0.0022038638283376484, 0.0023442632546654164, 0.002158832666847022, 0.00220011275938489, 0.0021838408674669757, 0.0021895061272188794, 0.0022074942778009944, 0.002216277531071054, 0.002214665222410491, 0.002192116701434514, 0.0021432280941357717, 0.002215297031904723, 0.0022223443798528816, 0.0021823808239019946, 0.0021171096296241543, 0.0022221700912166877, 0.002384983465006043, 0.002188158653214281, 0.002188137872967972, 0.002132931637746122, 0.0021716194262573606, 0.0022468033698647286, 0.0021512810473055467, 0.0022107117842718993, 0.002244416986507683, 0.002194733127503907, 0.002160283128065287, 0.0021733326761506247, 0.0021546623508439996, 0.002136561374139884, 0.002126189394850942, 0.002098001290843631, 0.002587341412863392, 0.002130735288555036, 0.0021728878608814725, 0.002052007013885765, 0.0021515855920453937, 0.0021409863557881083, 0.002099196364633989, 0.0021458806422757462, 0.0021119498713787514, 0.0021212165692696336, 0.0021563043936194026, 0.0021416354179497987, 0.002134379580245392, 0.002181836318540726, 0.002171952470029782, 0.0020666348983673353, 0.0020698416226863636, 0.0022866594195080506, 0.002105706895111478, 0.002137925306354126, 0.0021028543297496073, 0.0020969463649709733, 0.0020279572831849954, 0.002138507455196373, 0.0020708062996231606, 0.0021433890370093464, 0.0021340406232554267, 0.0020764827019456073, 0.002084933537242533, 0.0020838720183829124, 0.0020726488823046853, 0.0021568112251907556, 0.0021209884369735176, 0.0021120154833141782, 0.0021005636238054857, 0.002144499738636923, 0.0021398582377667665, 0.0020619826354033952, 0.002257111268222964, 0.0021136337525275656, 0.002116780920618864, 0.002140470086582134, 0.0021070279929252256, 0.002104012667345795, 0.0022741209964433763, 0.0021740722619081085, 0.002080675778017936, 0.002067484101378941, 0.0020887594318764586, 0.002081036939077827, 0.0021316396645018054, 0.0019765484511334868, 0.002029092573695449, 0.002070994743189576, 0.00207266630278362, 0.002044736755438682, 0.002079370478897575, 0.0020375515028166263, 0.002034046668963932, 0.0020552238179762897, 0.0020737925582320544, 0.0020054822848109806, 0.002041725087421645, 0.0019885249445607245, 0.002058395376763467, 0.0020394657557564876, 0.0020270417106849517, 0.0019524782167656227, 0.002001018356526063, 0.002013237331945397, 0.001978088240330539, 0.0019974469716003214, 0.0020418320805720303, 0.0020143849593450623, 0.0019844498424753812, 0.0019739933887912195, 0.001967941166112275, 0.0019968299618469856, 0.0020785407400402797, 0.0020062539015777646, 0.0020322553539588316, 0.0020774688897498613, 0.0020535771083068015, 0.0019802318702496365, 0.0020373433093813643, 0.0020205597833876507, 0.0020143020164002934, 0.0019962849889202214, 0.0020862017173373347, 0.0019588324110670317, 0.0019420843041594194, 0.00202532305334989, 0.0020765723117328527, 0.0020116654110919267, 0.001957402038537746, 0.0019937871196945597, 0.0019923449889860476, 0.002068101464571018, 0.002020204467850169, 0.0020805563907719724, 0.001967850308468137, 0.001974859381192173, 0.0019698295089791685, 0.002069920061780922, 0.0019077672172923476, 0.001967386269081134, 0.002037397636113446, 0.0019759742372572834, 0.0019304901184156286, 0.0019452915974131181, 0.0019336656771361072, 0.0019240525234172944, 0.001976202243208028, 0.001957292151922409, 0.0019490340691026978, 0.001953165807263808, 0.0019811620592879785, 0.0019119321243142773, 0.001971910305643346, 0.002055844446142205, 0.0019722030661135713, 0.0018981641621858012, 0.0019329265648814398, 0.0019273151215238456, 0.0019296814170675824, 0.0018713981473276189, 0.0019530134441376587, 0.0019147996301009025, 0.0018994255558385596, 0.0019261110741374916, 0.0018784188682336679, 0.0019320615631961255, 0.0018662955919729084, 0.0018867626549577598, 0.0018779674552484677, 0.0018900936049498955, 0.0020029038460124384, 0.0019428447493519455, 0.001884474525645288, 0.0018497878263794001, 0.001863801317904494, 0.0019294707951644835, 0.001852819187854786, 0.0019028733920296206, 0.0018675642623044123, 0.0019067242759292136, 0.001833636291526681, 0.0018384647643634462, 0.0018366131707509053, 0.001902641714386308, 0.0018478844926211975, 0.0018483779059493965, 0.0018373963259305575, 0.0018705685082426114, 0.0018390091806113993, 0.001837057075272463, 0.0018265835647598876, 0.001871286689639447, 0.0018690351278862385, 0.0018136946835737994, 0.0018393633578188346, 0.0018559412469678525, 0.0019250518335013193, 0.0018095002128847072, 0.0018716963466350529, 0.001858341150176243, 0.0018793104705088022, 0.001824657345881449, 0.0018483536778391802, 0.0018058715195676798, 0.0018728006902446318, 0.0017865175757491173, 0.0018507817829105525, 0.001942339419620303, 0.0017971166354227388, 0.00181632341875089, 0.0018415270722151897, 0.002008328179470603, 0.0019129883065810648, 0.0018457955847651975, 0.0018045983585373029, 0.0018376596084076267, 0.00177935875349797, 0.0019015130910764082, 0.0017919884466535549, 0.0017999278680594242, 0.0017851379949378647, 0.001906475167526294, 0.0017431415945112162, 0.001818288855956486, 0.0017691156567172918, 0.0017732105646675127, 0.0018255625448347164, 0.0018160169700672426, 0.001746129484325333, 0.0017378840028532431, 0.0018360339958080757, 0.0017640509668901292, 0.00177131482662996, 0.0017622031524747693, 0.0017302292944052463, 0.0017349893286841506, 0.0017541782175931851]