Model Setup for Atypical Patient 14:
ITERS=2000
LEARNING_RATE=0.001
OPT_RESET=None
ATOL=1e-05
RTOL=1e-05
METHOD=dopri5
Input channels=2
Hidden channels=32
Output channels=2
Runtime=273.3434028625488
Optimizer=Adam (
Parameter Group 0
    amsgrad: False
    betas: (0.9, 0.999)
    capturable: False
    differentiable: False
    eps: 1e-08
    foreach: None
    fused: None
    lr: 0.001
    maximize: False
    weight_decay: 0
)Loss over time=[2.062949157883968, 1.9442324147472876, 1.839315318780731, 1.7393379113439793, 1.6440816913434027, 1.545138316301031, 1.4734799180678833, 1.3805616789966377, 1.3103470408656774, 1.2312070659256629, 1.1644448800472047, 1.1204494400709255, 1.0515035867996765, 0.980177294628533, 0.9496382263485377, 0.9001902945078999, 0.8717133975838925, 0.822332365699474, 0.7727463013126991, 0.7586597896109669, 0.7144497316257531, 0.692209262322891, 0.6645575250110256, 0.6380032757180033, 0.6234423591724599, 0.6038818862068333, 0.5772718989851372, 0.556950376809942, 0.5470759023249258, 0.5332232996550798, 0.5213335586216362, 0.5068303342304886, 0.48838361301334815, 0.4722296873764789, 0.47593189684052556, 0.46112557403421, 0.4487458510471641, 0.43715785902522825, 0.4245925663268357, 0.4099559246040444, 0.40711121454696547, 0.38546841076870636, 0.3949019519072747, 0.37706442132424983, 0.3675249908963934, 0.36557115037920285, 0.36423500994440244, 0.3534279627099016, 0.3460553325882534, 0.33345968977259, 0.3293382573508792, 0.3209559954216249, 0.3156697367722699, 0.30544800628380425, 0.3054648215890446, 0.2989434842203515, 0.2918306344534978, 0.2864634684034474, 0.28335146684720913, 0.28143721822533385, 0.27533595873956057, 0.2711745422902603, 0.26039537581964073, 0.26222357652086375, 0.2616029052513204, 0.2605911542053288, 0.2556106815327848, 0.24974028074563434, 0.2477597377268384, 0.24134186053621498, 0.24285523265665254, 0.23953177603758258, 0.23435540152282666, 0.23294727310437235, 0.22946323482040612, 0.22842578342686534, 0.22577362826671862, 0.2230964723026028, 0.22205596183263643, 0.21960413328030126, 0.21885707505096874, 0.21647786446177406, 0.21512385221761116, 0.21466886700854504, 0.21147352988601845, 0.21005764971930976, 0.20805713044737975, 0.20626859253162363, 0.20612736999342404, 0.2048783160271842, 0.20160561065895247, 0.20047264702706596, 0.1990945828491337, 0.19785267890431618, 0.1964752463438467, 0.19494622212639842, 0.19349821478358506, 0.1924539939982484, 0.19151117406033444, 0.19009386953498578, 0.18846934148032418, 0.1877603772460354, 0.1856427617252858, 0.18464876712292577, 0.1836018001516651, 0.1824746778746256, 0.18164146995793948, 0.17997623216329836, 0.17852347049197378, 0.1775815020834452, 0.1768336990442118, 0.17541243389064629, 0.17480697839860357, 0.17410260179034853, 0.17241177019432333, 0.1721007869233162, 0.1704341967723001, 0.1696607547286129, 0.16829174261597435, 0.16765582607100027, 0.16693086510163302, 0.16605911563577533, 0.16459693084676144, 0.16351610901894353, 0.16314200019106015, 0.1618864986014943, 0.1623198512118028, 0.15978064571334985, 0.15979158782000194, 0.1589040243758571, 0.1581531226770762, 0.15656591746890686, 0.1565546006273678, 0.1558696690620536, 0.15399111006960786, 0.1539318962272694, 0.15313742458427318, 0.15201364499586315, 0.15197158116840176, 0.15094090577003094, 0.14873182992575099, 0.148979535283113, 0.14893722977750076, 0.1485993322563256, 0.14744892508017587, 0.14674755092406236, 0.14524484473641727, 0.1445955567725898, 0.1429639289489986, 0.14425063835192126, 0.14413018278563305, 0.14270822672479955, 0.14139357220678112, 0.14084991110376624, 0.14025212292385866, 0.1375941702684882, 0.1391381927463686, 0.13742516134119154, 0.13645297815284022, 0.1367415945116605, 0.135614397151716, 0.1354384336636887, 0.13445655378454024, 0.1341039220449437, 0.1329700654550216, 0.13225305846561683, 0.13189868536930655, 0.13198667938947814, 0.13056904938109667, 0.12962207377851084, 0.12914060853780382, 0.12853630510725755, 0.12805385785706952, 0.12817743915532687, 0.12616046142815251, 0.12655369493930999, 0.1248473711048272, 0.1251090440678027, 0.12466843585302789, 0.12324737141369328, 0.12367485897272337, 0.1223277636069492, 0.1220694308764298, 0.12109404189926103, 0.12101947241814347, 0.12020452188706998, 0.1196734289197066, 0.11946353743133081, 0.11839992080945193, 0.11798551115902543, 0.11669640316045155, 0.11670944315174764, 0.11608969916524679, 0.11593803870047557, 0.11526157679332179, 0.11437667231293452, 0.11382261657026443, 0.11353817998976469, 0.11310563925995537, 0.11196944500396051, 0.11163712862696219, 0.11056211037182738, 0.10929049001015229, 0.10983289061558398, 0.10967362766662214, 0.10854643545126043, 0.10801994271419874, 0.10803577181107275, 0.10730681574178079, 0.10685217215447908, 0.10638810139083793, 0.10563346357037508, 0.1042994991208258, 0.10472147518896642, 0.10412333067824352, 0.10382509971790736, 0.10313759257672288, 0.10232440744251732, 0.10209068025455234, 0.10151981689755364, 0.10144704304777824, 0.1001882765896216, 0.09995283182102156, 0.09958536672915348, 0.09896638392727289, 0.09874177445131882, 0.09829156966960745, 0.09742662106354336, 0.0969846150605787, 0.09658325171775474, 0.0962986941057779, 0.09582994122413034, 0.09508118254663384, 0.0947994915437978, 0.0946614784456751, 0.09353227834238287, 0.0932625057377563, 0.09283995920921552, 0.09169153139004006, 0.09134460266823173, 0.09112076889880272, 0.09076474231415882, 0.09044449753808975, 0.09006050767049457, 0.08951463030757499, 0.08898064072682367, 0.0888701517207961, 0.08896437553309008, 0.0883913781346148, 0.0883183375795969, 0.08754584477921644, 0.08724689608746511, 0.08659256219885055, 0.08618370579786562, 0.08598244039612038, 0.08543735587433696, 0.08457481257728672, 0.08420116677117011, 0.08359334854633561, 0.08332161287735657, 0.08295291174111898, 0.08245439043469817, 0.08193040366280306, 0.08163581962827073, 0.08115284474335432, 0.08071238941458322, 0.08013962940467721, 0.07983116586828075, 0.07960616344874596, 0.07908952220524137, 0.0785346437599826, 0.07817305124612331, 0.07778951919277215, 0.07749871227393258, 0.07700721311867363, 0.07694789384831727, 0.07598572670043456, 0.0756277212760156, 0.07530778978572329, 0.07479562210769383, 0.07444322245841474, 0.07395338861343195, 0.07356748939433504, 0.07318270755752562, 0.07292549675782432, 0.07241178737355405, 0.07181677523722065, 0.07142878536853424, 0.07144335080923922, 0.07101955450968069, 0.07063230014897476, 0.0703292858165946, 0.06978565989736697, 0.06948610681743331, 0.0691517852841871, 0.06854762340807861, 0.06799789014494279, 0.06778893479077532, 0.06769331628616942, 0.06727561950639774, 0.06677537728532913, 0.06639929347653782, 0.06596535530952231, 0.06570305766432205, 0.06535760872714787, 0.06546409571454527, 0.0646272909766377, 0.06429203416038681, 0.06404279002563305, 0.06371021044542796, 0.06313811288302164, 0.06288230173116481, 0.062429638490723464, 0.06215724278609322, 0.06183379240022215, 0.06185010850805133, 0.06123836500706468, 0.06089733269555697, 0.060498056607552926, 0.06049863855218844, 0.06008626093481457, 0.05942615301195979, 0.059507395732051105, 0.059089510064452136, 0.05847245368998681, 0.05843810174839463, 0.05801241371830706, 0.05750097528657601, 0.057189839725642184, 0.05708817923079321, 0.056692210913114494, 0.056284639680801864, 0.05578490959915199, 0.05551563838675882, 0.055358606462250486, 0.054911434769526576, 0.05453256365536559, 0.054233248372529026, 0.0538931130894664, 0.05351270328715763, 0.05344662468030739, 0.05297461940269598, 0.05255719375884651, 0.0526535207579309, 0.05211726045828531, 0.051612763535109324, 0.05132427244617574, 0.05098245708213353, 0.05083099083446397, 0.05070063866844874, 0.05036012467230744, 0.050095541030165974, 0.04973875924554944, 0.049570225873012366, 0.04975221016463716, 0.049047146034719165, 0.048710629082283956, 0.048556685921430726, 0.04823429312235397, 0.04783255463854477, 0.04695257163229896, 0.04673592250973255, 0.04652679626567068, 0.04637724217024696, 0.045944659078865975, 0.04559062230426525, 0.045382992060006684, 0.04527701871563858, 0.04483631422389444, 0.04460904591235866, 0.044402715036877656, 0.0440459111135544, 0.04397664872300992, 0.043630640250541114, 0.04332155007791016, 0.04295130671224635, 0.042753880605102296, 0.042668881253217134, 0.042334835764406824, 0.04196918960962332, 0.04165994819904286, 0.041269526446530216, 0.04114450296290029, 0.04080875478689178, 0.040570007691545125, 0.04026628035938084, 0.03995669098043007, 0.0397477084345137, 0.03967675592972688, 0.03949897816141729, 0.0391763260382714, 0.03913225778678234, 0.03891079330441824, 0.03897280723991395, 0.038611839468706055, 0.038374903764858616, 0.03779490594397501, 0.03767851061665522, 0.037861068467305706, 0.03766967599994093, 0.037330184047780664, 0.036996552960115475, 0.036922349500108365, 0.0365334920097853, 0.0365931016352921, 0.03625911155615103, 0.03618386249698042, 0.035644586568748776, 0.035687632967179056, 0.03533850210561593, 0.03526324521609269, 0.03515597497070954, 0.03491558979543615, 0.03457397176837345, 0.034548576794399516, 0.0340125875520676, 0.034227099153440826, 0.03404518718793991, 0.03379013229502613, 0.033581843936901744, 0.0334138766778832, 0.033203146815920855, 0.03293433599085151, 0.03285365313087607, 0.03240932063952995, 0.03267787066524254, 0.0322926946618683, 0.03222351803575828, 0.0321486455289035, 0.032019933652419334, 0.031890862753360165, 0.03172354084916896, 0.03148226173838015, 0.031152333251608936, 0.03109558846130694, 0.030937419678073574, 0.030793986850248197, 0.030499785004209676, 0.030357853972969237, 0.030250196346856495, 0.03026483727641125, 0.029998583361732112, 0.029729534358297192, 0.029362530965735267, 0.029571721675479147, 0.02943572151640556, 0.02930659717826464, 0.029109476348441667, 0.028900445805177075, 0.028723670457788907, 0.028660384009501924, 0.028477697396324164, 0.02841879352924125, 0.02814250134148437, 0.02806077308016238, 0.02803421100069723, 0.027718294879555915, 0.027543686168522232, 0.02746542941363986, 0.027251014723249433, 0.027205982043549414, 0.02702977697299027, 0.026858923373767087, 0.026854866326576368, 0.02664955084229328, 0.026542688862305753, 0.026463607791177565, 0.026282669118406453, 0.026140092520989363, 0.026027564906212056, 0.025911623951834814, 0.025723196738373488, 0.025599660063518305, 0.025421837941884715, 0.025342950345055668, 0.025254543314643944, 0.025041147566401387, 0.024971715988265655, 0.024860399792933554, 0.024823238403227213, 0.024778200437745677, 0.024528315569189073, 0.024419795760838584, 0.024331791984573622, 0.02425877684377428, 0.024102048201978973, 0.024011479925546683, 0.023834020493769082, 0.023604538177467146, 0.02364532614911223, 0.0234563376727803, 0.023334152170228096, 0.02328812998507143, 0.023180237973297588, 0.02296904705695584, 0.022965629302182065, 0.022866821020482778, 0.02280718200536538, 0.022734503694717488, 0.02253752686907122, 0.02249428026562388, 0.02235434046389854, 0.022281223980605554, 0.022136730432028014, 0.022066199560384393, 0.02192044410160856, 0.0218019328401673, 0.021803338020243465, 0.02161519011563372, 0.02159058219460345, 0.02159005404555446, 0.021507494755332965, 0.02130391960528946, 0.021218096266564793, 0.021136397929386472, 0.021168741179424525, 0.020873665652977894, 0.02084232274382196, 0.02081187723491108, 0.020751359633766113, 0.02068606610798764, 0.02068265003616349, 0.020641115258134054, 0.02050328917943312, 0.02029151763073425, 0.020224589101651817, 0.020114537894971, 0.020063880232656404, 0.020038638762291464, 0.01982494990343773, 0.019831473602561735, 0.019772281738229133, 0.01972909425880665, 0.01956143007865227, 0.01948368214031782, 0.019406571605372045, 0.019429721316951355, 0.019229197633946357, 0.019207522594226034, 0.019070840572807463, 0.01901123593649534, 0.018932466878794227, 0.0188838693438846, 0.018920751713053643, 0.018694751047252163, 0.01869213911209401, 0.01858626449700671, 0.01854615096813428, 0.01842210391200479, 0.01845539389303899, 0.018287139045157243, 0.018209220343393524, 0.018159941152230616, 0.01804843101724725, 0.018093864871344692, 0.018029120334545443, 0.017909104792230054, 0.017878011112593392, 0.017791991858369667, 0.017718186458598958, 0.017689914405992917, 0.01751734635279717, 0.017516448351613388, 0.017538100393599813, 0.017435109599671397, 0.017399477927321678, 0.017261448385957636, 0.0172358593773474, 0.0171075814391767, 0.017050130911489103, 0.016969822398873624, 0.016999266054290085, 0.01682623801521271, 0.01680346764634373, 0.016662443050178673, 0.016614669370284156, 0.01653945511970289, 0.01647081230407532, 0.016389340177900058, 0.016442807576160023, 0.016266517859480575, 0.01628689421965451, 0.016213129542312587, 0.01623485106254496, 0.016120478662767012, 0.016097131309429878, 0.0159698291642914, 0.015874908942932184, 0.015970864078733746, 0.015783717710727077, 0.015729715787562482, 0.015718547015817916, 0.015672122733971217, 0.015637122928974137, 0.015522752605055739, 0.015484113765038438, 0.015404648586557095, 0.01553653627494057, 0.015335170251758644, 0.015351591719932252, 0.015236665863288796, 0.015212876736514185, 0.015131157326900778, 0.015087951904189056, 0.015240399116717792, 0.015183640023371027, 0.015057559347298211, 0.015010865016968085, 0.014915880307239459, 0.014853487114004643, 0.01473959464660431, 0.01471153025897769, 0.01470086958263672, 0.014602547634857526, 0.014579292105536146, 0.014528685661859397, 0.014519293017746434, 0.014391183930779069, 0.014421700948112315, 0.014307295322700952, 0.014257960570578331, 0.01418522472076064, 0.01429354644015935, 0.014120538935389015, 0.014161055018997098, 0.014107064649639582, 0.014019000150776074, 0.014054673367956546, 0.013983188022505767, 0.013829840400279337, 0.013794475562790983, 0.013798157763878912, 0.013820004069593918, 0.013662922879033217, 0.013602778209707019, 0.013563884808813943, 0.013558204265977052, 0.013524544585902987, 0.013516929262228795, 0.013416138162229236, 0.0134546547002085, 0.013394803712587916, 0.013338415171615577, 0.013247617179581174, 0.013199593285070671, 0.013168772577041526, 0.013164976933210946, 0.013125095066263725, 0.01305811529798771, 0.013002526762072393, 0.012964539110577494, 0.012950401398153953, 0.012889719003442044, 0.012848471891574923, 0.012823352682629739, 0.012813548720463353, 0.012750619262957629, 0.012686399622101253, 0.012658363270731473, 0.01265319397094594, 0.012604797850071342, 0.012577575006256385, 0.012528614607590683, 0.012515761891926143, 0.01246569067603252, 0.01240841259257512, 0.012400258156866066, 0.012361031802629712, 0.012266669167113737, 0.012202981670144174, 0.012170872803515935, 0.012110778214760533, 0.012134707219000762, 0.012111124491121698, 0.012054094502848011, 0.012034770306193966, 0.012007268875009573, 0.011990071709867428, 0.011944311517492643, 0.011883748090077572, 0.01188082286946049, 0.01202852728245807, 0.011735521318850266, 0.0117312859515878, 0.011711686937482313, 0.011651614333953992, 0.011612928990373046, 0.011558601602424758, 0.011504931804123913, 0.011529290068145069, 0.011429917295535158, 0.011404894099184881, 0.011407013514638121, 0.011333561607451725, 0.011331024399953532, 0.011249038221164444, 0.011341684541608433, 0.011198373162408005, 0.011184547495336223, 0.01116357112263276, 0.01114046525116582, 0.01110062174796042, 0.011061037545200639, 0.01105835775581526, 0.010959994485597023, 0.010933247025905032, 0.010884359372699515, 0.010847353792354622, 0.010863159557937001, 0.010879365321068712, 0.010749573017183269, 0.010806808553260612, 0.010709687071467244, 0.010680110386005626, 0.010679093214653509, 0.010645097627875848, 0.010680819217959865, 0.010557753026544483, 0.010616393034306202, 0.010492556934405916, 0.010521660180119975, 0.01046373265291762, 0.010422143415384071, 0.010396780039361961, 0.010357279556532218, 0.010302905919025846, 0.010369556233144875, 0.010243799992114966, 0.010267856328430846, 0.010210539371660748, 0.010169361450988325, 0.010126595094148278, 0.010207633755898728, 0.01023067942526353, 0.010040090254399692, 0.010009833589554509, 0.009989831506287019, 0.010014530707309267, 0.009926960130452816, 0.009939914189507197, 0.009890549795337624, 0.009852247280633346, 0.009880261097044603, 0.009848062082709753, 0.009774561224098621, 0.009738995854583305, 0.009732493929775309, 0.009692198274608516, 0.009642152467135474, 0.009621554866218573, 0.009650013746677103, 0.009663258659567395, 0.009544020170787114, 0.00950798560601839, 0.009475951066677774, 0.009460457597383475, 0.009485116304481284, 0.00938949679245796, 0.009381863448319287, 0.009342837764916468, 0.009313781986673918, 0.009312579204874745, 0.009366806837046614, 0.009250990340349497, 0.009302052404477996, 0.009219819479180021, 0.009171133846365111, 0.009154731411994263, 0.009120504544223845, 0.009134190105845043, 0.009098452261085499, 0.009066912867345936, 0.009063663750688091, 0.009025143197712344, 0.008968387166018645, 0.008928321689859022, 0.008992470870351342, 0.008929582307203617, 0.008899967210622532, 0.008845677054601766, 0.008799836007682627, 0.008797084568484102, 0.008772129552320764, 0.00874142695432751, 0.00871592721084759, 0.008690792691516852, 0.008691491754083456, 0.008708232922880404, 0.008651786364325845, 0.008604298295997145, 0.008582499093641664, 0.008554137224142536, 0.008571241944387057, 0.008628354887619689, 0.008508855531904114, 0.00847958133631987, 0.008457391855656183, 0.0084752491147375, 0.008417743424631712, 0.008442977456203057, 0.008352487199418895, 0.008334113248386463, 0.008347964618981461, 0.008291712523136742, 0.008278680454564702, 0.008246320891757909, 0.008232284311528632, 0.008265430405021324, 0.008172509898831252, 0.008176218400195567, 0.008140031820125074, 0.008146023224027384, 0.008143337787189599, 0.008136721837032065, 0.008060264051182896, 0.008058057582950789, 0.008032015444861294, 0.00800888172932098, 0.007978911028926389, 0.007989036360661906, 0.007930661992964856, 0.007948962905575065, 0.00791475346879483, 0.007852114512625002, 0.007874995466360777, 0.007945007673625269, 0.007837243002876122, 0.007817998111308963, 0.007771820120932615, 0.0077410379992641255, 0.007795290294187065, 0.007737638015168663, 0.007709034519859276, 0.007739751906816256, 0.0077475478418523695, 0.007637443013691612, 0.007665348996845702, 0.007590228313123429, 0.007627593284686274, 0.007560614175665298, 0.007527581563629752, 0.007568408496430523, 0.007501435130905868, 0.007482698809569538, 0.007458119730259955, 0.007490056310688365, 0.007428204299431032, 0.00745520237437981, 0.007450060059817771, 0.007403814061018938, 0.007392778172220339, 0.007352195846437861, 0.007309875648703303, 0.007313244347661596, 0.007322924758623058, 0.0073029245378490116, 0.007281493277731191, 0.00724604973181979, 0.007223588539696697, 0.0072535744166987515, 0.0072120035653091994, 0.0072140982426100115, 0.007177020850000062, 0.007154504507541626, 0.007153912722263254, 0.007151825224250105, 0.0071081460703049, 0.007083706921031344, 0.0070229774637134154, 0.00704640146156082, 0.007077428025578849, 0.006999834935343974, 0.0069899050761349, 0.006946935226837519, 0.007001064923825656, 0.006957852801143608, 0.006941131040428164, 0.00690685471605064, 0.006863376760764742, 0.006906689105693362, 0.006887344072553675, 0.006834683539886249, 0.006869900362177963, 0.006845817059641584, 0.006813701510672126, 0.006845328051529989, 0.006856082876437616, 0.006881928608711183, 0.006760055343725993, 0.006761021248822038, 0.006733121841948155, 0.006719219161218732, 0.006726724320998961, 0.006775953226569714, 0.006637315551143136, 0.006856088838656663, 0.006643413565080733, 0.006607232467003888, 0.006581755143999055, 0.006618931329056862, 0.006616274137130368, 0.006551422079419417, 0.006746021638930595, 0.006599652166365043, 0.006504676986819815, 0.006527107036463215, 0.006500921694323245, 0.006463151914242743, 0.006423882192447847, 0.006493978775594351, 0.00640819968125969, 0.006467952242445994, 0.006540517140451565, 0.006369838734859903, 0.006448470847828516, 0.006368861465168571, 0.006332250722497926, 0.006331332090665529, 0.006277470768517924, 0.006282892483823476, 0.006351814302890336, 0.006259258735320272, 0.006345497028294428, 0.006260062384924483, 0.006249502239275313, 0.006402072428593022, 0.006258111834868093, 0.00621153866997381, 0.006238024250088451, 0.006165681358080635, 0.006172940782035164, 0.00615314364349536, 0.006196382012201054, 0.006132336356116882, 0.006143811116973285, 0.00609194476695957, 0.006104785345256532, 0.006281827932315559, 0.0061468955459207724, 0.006069709965291892, 0.006026337362089413, 0.006032138827248601, 0.006068343255905855, 0.0060730862371545504, 0.0060189451048154145, 0.005995163003377688, 0.006003092917650777, 0.005982679847856492, 0.0059228287312687875, 0.006089936866053519, 0.005907912643257306, 0.005899855651371533, 0.005922211041059186, 0.006046022128398807, 0.0058654332801676015, 0.005849179454066289, 0.005832503470012923, 0.005841123168339465, 0.005837661671836978, 0.005858094526737214, 0.005823520619757914, 0.005869540256113122, 0.005768342643958994, 0.005807331277576303, 0.0057806686401342235, 0.005809473927522205, 0.00578733099432112, 0.005765028285049078, 0.005761381218830495, 0.005702543413419927, 0.0057599044131246635, 0.005703909927073697, 0.005715723902940825, 0.005684847869676784, 0.0056873044828500505, 0.0056690878726256754, 0.005647113720411779, 0.005647361383158459, 0.00561522924979164, 0.0056102056365408244, 0.005594305995818072, 0.00563424134091749, 0.005618101153951307, 0.005577078421697938, 0.005597142623935697, 0.005587653720225397, 0.00558045008856427, 0.005548466285863507, 0.00554065957695517, 0.005513856028165605, 0.00552236459570265, 0.0055237448189132685, 0.005481464917605639, 0.005471228151915545, 0.005460205304104838, 0.005534340431819273, 0.005441224782289876, 0.005490975302011547, 0.0054183516165794135, 0.005430567979067249, 0.005430710010694765, 0.005431767836282657, 0.005395387018828418, 0.005536527301481162, 0.005361472455536539, 0.005416537241391896, 0.005348651647817853, 0.005376152741448677, 0.0053410540140027, 0.005477650106617001, 0.00532348090761084, 0.005363622040192494, 0.005417513915860073, 0.0053020212535054645, 0.00528886549870905, 0.005294931064540694, 0.005384986057603147, 0.005362545528376805, 0.005278381594594154, 0.005363058643161389, 0.005304387864259538, 0.005235823230632563, 0.0052352172751923874, 0.00522847859942448, 0.005393713750906871, 0.0052486327663267916, 0.005283457648746433, 0.005456548076891937, 0.005226444079678373, 0.005279307764740698, 0.005164871899844412, 0.005146769512289972, 0.005166875576822999, 0.005199216841431062, 0.0052789451851877, 0.005237528500084915, 0.00513246922833501, 0.005134319480800294, 0.005087439684550082, 0.005055953666108851, 0.005109388472726452, 0.005060172717795008, 0.005068955448675295, 0.0050852614295802505, 0.005069689074737536, 0.005067843454560331, 0.005030893702635052, 0.005029625695558462, 0.005061970250435378, 0.004991688732301509, 0.005038029014854646, 0.00501340525606157, 0.00496607521460453, 0.004990687038404531, 0.004984341957499284, 0.004994490497548183, 0.004966254405588392, 0.004935111964301827, 0.004940972392702931, 0.005116026864522292, 0.005085253767568917, 0.00504016692340905, 0.0050078007407263975, 0.0049305312745690855, 0.004943914966029384, 0.004948468663142826, 0.004989518459359943, 0.00534912648511387, 0.004960896294518686, 0.005167964422949276, 0.004933242160566078, 0.004824635999646387, 0.004893241911082937, 0.004844275694733846, 0.004840557447602632, 0.004862769014320185, 0.004852965014697272, 0.00510705212010893, 0.005033306471692348, 0.004909894686226309, 0.004770626488924438, 0.00477166001785721, 0.0047402779213305745, 0.004758865500867266, 0.004811243304750673, 0.004756959024622019, 0.004787596445469707, 0.0048554235292631994, 0.004745762542932134, 0.004755300004007572, 0.004729885488631865, 0.00469701790146552, 0.004691978563605071, 0.004688784489320945, 0.004687566816879353, 0.004687190661820399, 0.004651055315379137, 0.004641862148041396, 0.004618699297369072, 0.004640771841503303, 0.0046844296747397115, 0.004626542963993258, 0.004651310077135802, 0.0046046041627290524, 0.004601243738554576, 0.004574979637628244, 0.004660182596934195, 0.004593132130335226, 0.004562802859960892, 0.00458859020016655, 0.004576596595378763, 0.00458499913786415, 0.004579452868206428, 0.004613887248738144, 0.0045224419424895615, 0.004629147268705928, 0.004541740591346887, 0.004536207829306279, 0.00452317904457823, 0.004532449380580918, 0.004533735733053554, 0.004536822686821039, 0.00451417233846992, 0.004508864154328432, 0.004508537242079419, 0.00451383079546465, 0.0045014227038651135, 0.004691121060520947, 0.004482368943937131, 0.004430473372445413, 0.0045329903352870704, 0.00446710343171517, 0.004446840785302724, 0.004437966790446504, 0.004567993407845885, 0.00441919541306478, 0.004461149971679138, 0.004446834585704065, 0.004443919925669853, 0.0044853926925754375, 0.004478432301431357, 0.0044633357215822424, 0.0043981985688700135, 0.0043761836552919115, 0.004402581334480419, 0.004363109872477401, 0.0043861131867028785, 0.004378719949788317, 0.004364881724243321, 0.00439738975606286, 0.004379119530146128, 0.00434466659817937, 0.004283182273644302, 0.0043251769055853186, 0.004350305288294836, 0.004335371073851433, 0.00429118596668043, 0.004329074942572258, 0.004385430889984509, 0.004296067602607882, 0.004278710238121055, 0.004307000242538138, 0.004338519105130631, 0.004301901363923698, 0.004276075903377976, 0.004270217516172367, 0.004247684184089402, 0.004250529989997306, 0.004298577240590407, 0.004266559571447759, 0.00428609923660838, 0.004219697304366736, 0.004332572747046259, 0.004206417287435693, 0.0042236754063706364, 0.004256593275905229, 0.004202402246222572, 0.004230529995790126, 0.004244244456632313, 0.004292268446487739, 0.004183634846836163, 0.00420693385090346, 0.00427378564371128, 0.004175390072852615, 0.004218510735925802, 0.004210590069901635, 0.004131997402688236, 0.004154408474104512, 0.0041324396878074, 0.004271623036024632, 0.00418594349233789, 0.004114471787857183, 0.004164835920079097, 0.004160015243111578, 0.004193816837650404, 0.0040878228810100285, 0.004082123920764217, 0.004118604168913394, 0.004111064203440974, 0.004093369884038111, 0.004081417062344222, 0.004093819460169957, 0.004320522302621486, 0.004047824544438021, 0.004080453987891378, 0.004080821409640134, 0.0041019715855715785, 0.0041033337207517055, 0.004044988748177156, 0.0040454299783144595, 0.004132254219964397, 0.004116887192917782, 0.004042513625236926, 0.004033779325345718, 0.004030252905563744, 0.004004134236473498, 0.0040117722053700546, 0.003987801407566895, 0.003972611750045414, 0.003996067712088147, 0.004014682756139732, 0.003985168481723402, 0.0040104996139719564, 0.003966318123926423, 0.003969571608975362, 0.003966632765313336, 0.004001738754019365, 0.003986644612690841, 0.003961045713755225, 0.004102793391727298, 0.003979409964924441, 0.003947130924484675, 0.003909591943367979, 0.004014857248508957, 0.0039944904538164825, 0.003922631596091562, 0.003951926590363037, 0.003927977308778602, 0.004011139285561506, 0.0038889840408655725, 0.00394007301050505, 0.003864874098515672, 0.003918755796939618, 0.0038986775075923745, 0.003836105917822522, 0.0038463470159327317, 0.004135319799652033, 0.0038538393513222993, 0.003820147086161387, 0.0038497029196941186, 0.004689955684497773, 0.0038531952007444044, 0.0038880973621051866, 0.0038625867575959563, 0.0038734795166865885, 0.003885583158422094, 0.0039141794580637625, 0.003793014826720854, 0.003977358427037489, 0.0038189896374999574, 0.0038568866890558995, 0.003853870594979589, 0.0037574944653269715, 0.0037797811942418087, 0.003994997547752112, 0.00384425543308468, 0.003771091720063331, 0.003792035572690367, 0.0037525250528669964, 0.003742013037453836, 0.0037585312837081233, 0.0038262005852421036, 0.003718315155050217, 0.0037729527518035443, 0.0037168250222813517, 0.0037481400360026107, 0.003692045065795639, 0.003793129789457295, 0.0037256304429317748, 0.003702817620888185, 0.003698945074565307, 0.0037215333936414423, 0.0037364454546493313, 0.003677692242539572, 0.003699972754774837, 0.0036821848060833748, 0.0036752598331602003, 0.0036730345855266926, 0.0036459550404558515, 0.0036417224012594163, 0.003722921427223344, 0.003618437473820422, 0.003626688009300181, 0.0036630122539989545, 0.003604053520317725, 0.0036196239990010388, 0.003634172510854411, 0.003591967811262532, 0.003603649797416618, 0.0035895458089741012, 0.0036054034195092273, 0.0035898772833163673, 0.0035739156195194505, 0.003578511494600814, 0.0036225806480496103, 0.0036947402397408333, 0.003576417696273267, 0.0035633484480191322, 0.0035448321952273164, 0.00353898813630614, 0.0035733621843491658, 0.003570406235018612, 0.0035697486522737938, 0.003591456996011566, 0.0037418671938176133, 0.0035887517389769155, 0.003531584610997732, 0.0035356883194722563, 0.003491346362551949, 0.0035162071193555965, 0.003579762948195633, 0.0035233885223661453, 0.003471718873189727, 0.0035023636475934134, 0.0035453230532158904, 0.003460992826224628, 0.0035286942479427668, 0.003452210969779079, 0.0034733038459171636, 0.003460611503476682, 0.003452635502514696, 0.0034788963149231496, 0.003440355943184359, 0.0034415472822629796, 0.0035912608485225497, 0.003702444310101064, 0.0034262093366772385, 0.003388392605915674, 0.003419496097253315, 0.0033805058141523864, 0.0037566044008608902, 0.0033622333775248287, 0.0033928589062758516, 0.003367219838206188, 0.003628314610937459, 0.003370668974438204, 0.003413497388228715, 0.003365837403411165, 0.00336000472178377, 0.003373440970972237, 0.00335312178114211, 0.0033301775913938954, 0.003389783322343336, 0.003335645810018539, 0.0034038455260155085, 0.003341129349399645, 0.0033437850276240608, 0.0033356863828383205, 0.00329858678434139, 0.0033158906511275383, 0.003523001062027007, 0.0034042537474693506, 0.0033528758776949883, 0.003276207638025942, 0.0032519749203294796, 0.0032345653732342703, 0.0032836085102387115, 0.00332946409678327, 0.003405926165602628, 0.0032575700746762452, 0.003368262882582567, 0.003255219134048172, 0.003212761388951478, 0.0032531991108192856, 0.0032721701559686508, 0.003336721684760882, 0.003272495361553748, 0.0032810531486943974, 0.003305293996258195, 0.0033459455463118, 0.0032155038889762426, 0.0031831918789061693, 0.0031763247248369196, 0.003209203542603017, 0.0031401708094512108, 0.0031632070136600825, 0.0031738742271656055, 0.003183128308920358, 0.0031761648051787535, 0.0031781021790066796, 0.0031124720422338933, 0.003143366403551166, 0.003116139430968538, 0.003130565296444765, 0.0031511968505920224, 0.0031106140302537845, 0.003155048143354561, 0.0031043108815275765, 0.0031562511639630438, 0.003096469603030706, 0.0031107029034501636, 0.0031282648491890723, 0.003179021595321956, 0.0031337031090172608, 0.0033574935994754983, 0.0034190069470609085, 0.0030341907373833497, 0.003067947059190732, 0.0030233410580355227, 0.0031544804592424994, 0.0032121630892488926, 0.0030412451717866038, 0.00305308837497028, 0.003054446144984919, 0.003061946260457231, 0.0030437832595639324, 0.0029617493133482164, 0.003110563434725496, 0.0030420501288607594, 0.0029725118462142525, 0.0030028420212210925, 0.0030175507861673265, 0.00298721707220424, 0.002992516459051604, 0.0029492619235974866, 0.002988785308374736, 0.002972094290443028, 0.003041498174395495, 0.0029533142933523427, 0.002976964395835116, 0.002919328221932219, 0.0029778480244228526, 0.0029386240530251545, 0.003118026687561021, 0.0030684945769611253, 0.0028665371110629017, 0.0029283642467856806, 0.002971875998744652, 0.0029581945251822314, 0.002963919737479484, 0.0028383078213656656, 0.002906290709955839, 0.0029810579691582836, 0.002844302652161471, 0.0028912901395359526, 0.0028435937917184783, 0.002821095550278357, 0.002815125799759461, 0.002815452690323687, 0.002802886005404436, 0.002844782037193247, 0.0028258449548338644, 0.0029557498541610966, 0.002885185147105084, 0.0027816459217354043, 0.0028271902395029954, 0.002873235548609956, 0.0027699757135209806, 0.0028263163153008923, 0.005048603967992956, 0.004998442932622502, 0.0028645910002450046, 0.002834190644407743, 0.0029950434294257863, 0.0028393823083011417, 0.0028626825416595597, 0.0028652206839499166, 0.0027542171415687105, 0.0028537852767798575, 0.0030222798679320328, 0.002718867982682751, 0.002722026202626186, 0.0027039212847171606, 0.00284081929836927, 0.002731979347754222, 0.0027004328384943738, 0.002788871356144842, 0.00268031580647245, 0.002694520736721137, 0.0027406406208875522, 0.002651258075128125, 0.0026511231180564522, 0.0026438737687321037, 0.002645370429841863, 0.0027141304710014314, 0.0027064329767907506, 0.0026758186589798364, 0.002724842629222568, 0.002678435929967625, 0.002621271531123605, 0.002667332007491283, 0.0026557694135566326, 0.002749831818773995, 0.0026561095912205246, 0.002677044327822315, 0.0026298497140840598, 0.002620146888212249, 0.0026763545653916984, 0.002557423835785596, 0.002602920390259881, 0.0026129892695098966, 0.0026015530687030332, 0.0025671423381312315, 0.0025446932317066888, 0.00255727974407822, 0.0025432673441433437, 0.002526362761738473, 0.0025697635858440144, 0.0025982327724847435, 0.0025714924588273493, 0.002560556371751757, 0.002550641931950617, 0.0025119376840414503, 0.0025325539737872525, 0.0025228458855336947, 0.002478814406028158, 0.002514734937184517, 0.0024666451613427156, 0.0025067838861174445, 0.0024900304944241738, 0.0024887886510627554, 0.0026154109819780916, 0.0024462391777460945, 0.002440358341598035, 0.0024899749535080905, 0.002470051209829719, 0.0024476750685236, 0.0025263951533112273, 0.0024224009757115475, 0.002432494378423321, 0.0024173248683960267, 0.0024761967598267293, 0.0024679484500964547, 0.002436272083867681, 0.002429344120304651, 0.002510030717364636, 0.002503332517885068, 0.002375132413050858, 0.0023618537337551536, 0.002361408604913415, 0.002367477239859292, 0.0023743448601468388, 0.0023547428810596653, 0.0024276316000986084, 0.0024013366745564224, 0.002335461217173974, 0.002325935669016138, 0.00231828164793594, 0.002359919248630941, 0.002326058280054083, 0.0023129301049394893, 0.002421082447088055, 0.002408800705083866, 0.002384994748907867, 0.0023902871729761794, 0.0023414780668281625, 0.0022707649992706313, 0.0023002363908831212, 0.0023162341902738647, 0.002323342351536334, 0.0022866181881855225, 0.00227131215281088, 0.002314826529073407, 0.002526588568890844, 0.0024356591223288902, 0.0023090977953160075, 0.0022241751850904617, 0.002372185641916467, 0.0022408645881607093, 0.002719447732054472, 0.002292255760967449, 0.0023168853408141233, 0.002405466298783962, 0.0024555063376405215, 0.002222002891023652, 0.002208422835393451, 0.0022823928926347854, 0.0021967081771802825, 0.00222389841636896, 0.0022620857532455883, 0.0022226231365917327, 0.0022551443285519653, 0.0022745635200448473, 0.0022711580124204957, 0.002179899609634017, 0.002147638153080349, 0.002207944305135335, 0.0022500279949542357, 0.0021729515805825788, 0.0021560200561708924, 0.002202990510318517, 0.0021513445909290573, 0.0021809563736247565, 0.002213077174132995, 0.002202918305607942, 0.0021425516771046665, 0.0021757578438946668, 0.002296161418465276, 0.00232071047319072, 0.0020905152930652104, 0.0021768911353820166, 0.0021207179040370902, 0.002069232924983831, 0.002199538075051904, 0.002242602602120139, 0.002063690761147744, 0.002262684375331484, 0.0020847397868741548, 0.002058382987616956, 0.0021445758336992205, 0.0020642286557161302, 0.0020097257860327918, 0.002059047533631028, 0.002040084660230278, 0.003272154835224229, 0.0025756111562781074, 0.002389745521103678, 0.0021985010422574673, 0.002120065430027625, 0.0025040857375233957, 0.00221232047696911, 0.0021674312022741398, 0.0022900115322681508, 0.0023252781688823995, 0.002012546034396373, 0.002430476041653242, 0.0020763898044264743, 0.0019817977266805564, 0.0019675500090310443, 0.001969899144122686, 0.0019790068654758734, 0.001993995120154905, 0.0019762747233090985, 0.0020982259576255765, 0.001955797688170906, 0.0022013239253787092, 0.0019734217968846624, 0.002157399082518796, 0.001981744838871166, 0.0019092093899909712, 0.0019450110901438466, 0.0019295786790202614, 0.0019162470581754216, 0.0019157195917717633, 0.0019331748385746116, 0.0019806359035589075, 0.0019009977407178685, 0.0018810141835848434, 0.0018740110439299032, 0.0018791011073027851, 0.0018963079451577354, 0.0021307770231145675, 0.0019239969800607958, 0.0022886649989345208, 0.0018557089560070393, 0.0018648716630264982, 0.0018723558680360818, 0.0019238159350290613, 0.0019192878119415136, 0.0021778275470227437, 0.001915933493071375, 0.0018505018230662563, 0.0018532745737607325, 0.0018405283961377688, 0.0018299404118438313, 0.0018316503231979267, 0.0018417145076901097, 0.0018290338589088317, 0.0018123222612908994, 0.0018116437804579883, 0.001832506826776899, 0.0018030028146412817, 0.0017970635916810566, 0.0017984911995619474, 0.0018003241599502265, 0.0017718344827709206, 0.0017741956133598363, 0.001765039377765616, 0.001752522152275097, 0.0018196074730702039, 0.001765898018712333, 0.0017915443373801728, 0.0017535480099839724, 0.0018022542104512299, 0.0017494922532407663, 0.001776969242405363, 0.0017735088155744426, 0.001845611113009938, 0.0017659675446879746, 0.0018295796543687202, 0.0017388249120744237, 0.0018632316650339666, 0.001744357706700385, 0.0017148476109868178, 0.0017257605022219062, 0.0019100406042049161, 0.0017844975317349416, 0.001698330755413695, 0.0016987953991719033, 0.0017233804190654627, 0.001758311407151854, 0.0017195866146900737, 0.001681032758491871, 0.0018047553651545994, 0.0017352319993917534, 0.001813223002814489, 0.0016558450749912844, 0.001793513583766205, 0.0016923995442209136, 0.001667574685488267, 0.00165224448237859, 0.001722685897369459, 0.0018860272054300373, 0.001747495533554915, 0.0016595285425911313, 0.001624588944737348, 0.0016728464188129767, 0.0016367374849289155, 0.0016298347928891523, 0.002241059753256017, 0.0016566304848661775, 0.001605242235584587, 0.0017938286892428006, 0.0017814976108615243, 0.0016373681730624007, 0.0017219719250013443, 0.0018350303163997598, 0.0019470300123540243, 0.001613751478503047, 0.001690570145837201, 0.0015586155997955604, 0.0015904040061417047, 0.0016304978652838815, 0.00159829384169467, 0.0016345825473207385, 0.0015696238060548975, 0.0017622233197025399, 0.0016043394072519466, 0.0016133681740528995, 0.001672965077415143, 0.0016469331133012349, 0.0015952312772922307, 0.0016133307027048382, 0.0015689523690621966, 0.0015341535662097908, 0.0015222891969203566, 0.001549873950191246, 0.0015620482963827904, 0.001847943617083232, 0.0015431309652534772, 0.0016562701997590204, 0.0015014015245340255, 0.0015648885328740333, 0.0015418995176323198, 0.0015195920368873447, 0.001542117548431614, 0.0015404082429230866, 0.001497491737454299, 0.0015130483713293272, 0.0015580864605289936, 0.0016653956047294758, 0.0015066551826702643, 0.0016556485997983935, 0.001485404020150242, 0.001504819941345305, 0.001517547436399421, 0.001446514384933265, 0.0014430703543664907, 0.0016993768039387175, 0.001444197457843351, 0.0014735811863506836, 0.00156337190236323, 0.0014124284216205374, 0.0014690016583148327, 0.0014464836180350736, 0.0014555666892524237, 0.0015727110314011248, 0.0014542865231728021, 0.0014365238271255693, 0.001425229677912738, 0.001551156458644074, 0.0014177163025440752, 0.0013985510452211745, 0.0014350252335395203, 0.001406881582185801, 0.0014145409970122808, 0.0013990826186389982, 0.0014576312986306445, 0.0014079863012384723, 0.0014231359238614497, 0.0014595479996161024, 0.00139056629375093, 0.0013773961721482112, 0.0014053978705779084, 0.001354971737379351, 0.0013428929511645944, 0.0013781999435441658, 0.0013443143833589525, 0.0013428576562539761, 0.0013567909428375104, 0.0015660038470209218, 0.0014084097267683757, 0.0015780833814572405, 0.0013702948523521322, 0.0013463817467594173, 0.0014545979461820554, 0.0013582932500012283, 0.0013782621359310374, 0.0013497151288666175, 0.0013490479848441326, 0.0013037595732435972, 0.0013695872478602848, 0.0013178068349023679, 0.0014418212158633953, 0.0013871427949042902, 0.001656530843868269, 0.0013753883073021722, 0.0013198927780057007, 0.00132322204250499, 0.0013353829840440526, 0.001331897394527694, 0.00157686741798288, 0.0013434096467192275, 0.0013122621116287924, 0.0013112035794112622, 0.0012943941136935398, 0.0013051479586452127, 0.0013843502394542415, 0.0013437514126499856, 0.0012971588581500138, 0.0012486677243603351, 0.001298167187558628, 0.0012892317366271471, 0.0012710026243542333, 0.0014070606442525167, 0.0012670942187868444, 0.0012582936283367535, 0.001295190748922707, 0.0012423151004424685, 0.001251794141790174, 0.0012453294024997808, 0.001228119982320457, 0.0012577496004217619, 0.00121299502859328, 0.0012874422200666496, 0.0012579014182205162, 0.0012016610156521863, 0.0011939827384119335, 0.001205164060554563, 0.0012353741280236332, 0.0013929903424816906, 0.0012308713793578367, 0.0013105510441388244, 0.0011998359362062313, 0.0012140823196821887, 0.0012878863905263541, 0.0011918353863151715, 0.0012366653986149328, 0.0012318833879459846, 0.0011763798976158575, 0.0011993191703611697, 0.0011936650997358608, 0.001264573569620379, 0.0012245281690982353, 0.001172752110592112, 0.0012038224194209858, 0.0011803758948841223, 0.0011379792095458866, 0.0012141019133844624, 0.0011634690210113408, 0.0012289070095909396, 0.0011959066737049168, 0.0011573815960584384, 0.0011349064358091557, 0.0012964536426292412, 0.0013655620111157653, 0.001236132833486112, 0.0014512031395764887, 0.0011359828154497446, 0.0012969895188729443, 0.001160469134243024, 0.0011871261626346919, 0.0011640839572750468, 0.0011358056331738115, 0.001204692736006661, 0.0011467319523964503, 0.0011142536799513077, 0.0012573520717437713, 0.0011025645160768534, 0.001133466522941619, 0.0012115806844966678, 0.0011304071717079837, 0.001114238877190105, 0.0010870570813626594, 0.0010890326151646473, 0.0010731343807781667, 0.0010970007207894374, 0.0012150978373159716, 0.001090161245342963, 0.0010803045261232195, 0.0010880102583259706, 0.0010758817807707958, 0.0010817950548784414, 0.0010936528162694252, 0.001111686132912795, 0.0010677803815471428, 0.001057628915188019, 0.0010520828333878895, 0.0010646916569849176, 0.0011147963598963204, 0.001139859422130113, 0.0010601714021060951, 0.0010400412465761337, 0.0010518830478974278, 0.001206134850061479, 0.0010809738689053874, 0.001055147951240902, 0.0010653156517878336, 0.001059431679974403, 0.0010660171741726458, 0.0010582670114127164, 0.0010105744624255774, 0.0010643711923855046, 0.0012478210595593293, 0.0011652236184443332, 0.0010886328009584447, 0.0010124732004947639, 0.0009966395187304099, 0.0010080899605723773, 0.0010215475360425394, 0.001057163720832006, 0.0010208679394755533, 0.000996169847047357, 0.0009845888107573619, 0.0010668845321551552, 0.001030016434088676, 0.0009708355495757251, 0.0011632548977528827, 0.0009896037858110724, 0.0009758172617601726, 0.00098759448899091, 0.0009928983328453744, 0.000987444681528298, 0.0011052658984788766, 0.0009832763999161145, 0.0010526717797280458, 0.0010969857377104806, 0.0009957268652231244, 0.0009551175129042612, 0.0009692170104603653, 0.001018182125966228, 0.001086826540387486, 0.0009722320041041548, 0.0010426605119919947, 0.0010503416106627246, 0.0009351311819822508, 0.0009623425194568731, 0.0009470314889902096, 0.0011017014477829733, 0.0009869904188122862, 0.0010272980199098906, 0.000967465156402243, 0.0009383205022037668, 0.0009137244531481411, 0.0009187679411876665, 0.0009278338133562637, 0.0009318867733911621, 0.0009366230876879799, 0.0010275164894600261, 0.0009528698611799822, 0.001029461752095757, 0.0009133871297227785, 0.0009379914770578261, 0.000910282078843671, 0.0009235397602115953, 0.0009700838388827599, 0.0010846569995846354, 0.001014294903724847, 0.0014250185980142576, 0.0009790513570348566, 0.0009094214603921785, 0.000854521031485336, 0.0009186443638444497, 0.0010248911416681843, 0.0008978423370040249, 0.0009580860336205598, 0.0011782979777323855, 0.0009248936662289385, 0.0008934600268496492, 0.00097989905615231, 0.0008808288449568314, 0.0013220302488548372, 0.0008617966652564066, 0.0009525174946077561, 0.0008587115537255111, 0.0008347734802216154, 0.0008947198271893031, 0.0008428562663401744, 0.0009914508536239483, 0.0009206171212503229]