Model Setup for Atypical Patient 2:
ITERS=2000
LEARNING_RATE=0.001
OPT_RESET=None
ATOL=1e-05
RTOL=1e-05
METHOD=dopri5
Input channels=2
Hidden channels=32
Output channels=2
Runtime=245.53258609771729
Optimizer=Adam (
Parameter Group 0
    amsgrad: False
    betas: (0.9, 0.999)
    capturable: False
    differentiable: False
    eps: 1e-08
    foreach: None
    fused: None
    lr: 0.001
    maximize: False
    weight_decay: 0
)Loss over time=[1.4749769321878994, 1.452707878714754, 1.4332102198735444, 1.4110351320466628, 1.3950858927151348, 1.376605458244431, 1.3641260498120784, 1.3422900603448893, 1.329262581071179, 1.3157467389986464, 1.2984892888800807, 1.283007213537413, 1.2722730184667836, 1.2554433349909202, 1.244980879475812, 1.2328407686202694, 1.2168122529578462, 1.207966063826041, 1.1936688981683259, 1.1821491887338185, 1.1725739958520656, 1.1637829991508595, 1.1519633217049012, 1.1406311407082521, 1.1295398676394464, 1.1221901662498104, 1.1108369620150842, 1.1098746725147792, 1.09272804200856, 1.0854254943135053, 1.0758585532801914, 1.071698436133773, 1.0549358406040954, 1.0485563477619444, 1.038647950125451, 1.0288942764273754, 1.0186208611262908, 1.0113012723661008, 1.002463918876708, 0.9942681822356523, 0.9860810079509836, 0.9780317854073064, 0.9659799654256069, 0.9538749150435607, 0.948468108297381, 0.9376554707859838, 0.9329440988437376, 0.923496629645098, 0.9116005452548854, 0.9047638663820187, 0.8946721512903228, 0.8863652360777656, 0.8798105777088239, 0.8751905398475752, 0.8631263087854293, 0.8555318852641691, 0.8485636462291776, 0.8372916134083966, 0.8312043103673935, 0.8213273979854777, 0.8199253448372594, 0.8128116431521171, 0.8018947792721107, 0.7951538146381371, 0.7840587251731648, 0.780921940297877, 0.7745951768353262, 0.7593934043106608, 0.7534570045218717, 0.7453767720313923, 0.7441319779012855, 0.7320630668478946, 0.7231599609786069, 0.7164933675176088, 0.7097859392956405, 0.7031893982195977, 0.696518595500632, 0.6895049318201569, 0.6842302700988436, 0.6790697137135232, 0.669760298374254, 0.6577734023656939, 0.6518802567981369, 0.6439169091752066, 0.6451085533107069, 0.6350686337011034, 0.6280287828919024, 0.6204652283625037, 0.6153814180177447, 0.6102050367879038, 0.6003630028039638, 0.5920438824844058, 0.5894906319277043, 0.5809333260085435, 0.5737859876527127, 0.5661896477176455, 0.5644297897619722, 0.5570338223536628, 0.5476419519349183, 0.5450559035199941, 0.5359561792709125, 0.5288828137213339, 0.5257798362161186, 0.5179666301060734, 0.5091753527332582, 0.505413076861391, 0.49970409132433924, 0.49580162060809163, 0.4850176794313636, 0.4780210111670433, 0.4750653234690201, 0.4680648677573082, 0.4599116121094896, 0.45541555913849086, 0.45067175834809226, 0.44471865672733507, 0.43768232522094586, 0.4272474181849461, 0.42528467678192955, 0.42075314444335277, 0.4130227319292328, 0.4060490924737494, 0.3991196677649439, 0.39697634159534034, 0.39021439999222096, 0.38483767474623554, 0.3762970378221281, 0.37140053783756605, 0.36254591531915337, 0.3559878546355202, 0.3498498820227923, 0.34444706011708065, 0.333393581664804, 0.3270612414293223, 0.3191629575016128, 0.30686632282747817, 0.3007924810196052, 0.29248526885554504, 0.2870174139735606, 0.2781976183948315, 0.2702771554466939, 0.2629754918241949, 0.2557676903500037, 0.24680213607194038, 0.2363740084966431, 0.23449628421288518, 0.2222214936347786, 0.21921706938914728, 0.20705767641781822, 0.20758102781856733, 0.20415199168473322, 0.19469857242646696, 0.19047851261385756, 0.18312531155553016, 0.17961244536310159, 0.17221730242228167, 0.16776406918647824, 0.1649718908105787, 0.15908785233395156, 0.15588933027726817, 0.15085524450586618, 0.14635024698734755, 0.1412698971976883, 0.13673906647286824, 0.13314715779568895, 0.12882792373346066, 0.1252305750397119, 0.12054040933637142, 0.12094051892585721, 0.11675437071531505, 0.11099961312111119, 0.10628833322690022, 0.10300554524573452, 0.10247761962270595, 0.09924540699809538, 0.0964694367269716, 0.09492826566895438, 0.09202563694977056, 0.08612509819848554, 0.08318135561066697, 0.08587098035532914, 0.08340658165970814, 0.08026053630701399, 0.07605883617170904, 0.07548505976147285, 0.07649342272242868, 0.06970466844867564, 0.0706530276718175, 0.0680361430222315, 0.06756265519589982, 0.06693522996647085, 0.06434634513299525, 0.06232797999911596, 0.057353594194546505, 0.05968809333138372, 0.05926761425626619, 0.05855234979868452, 0.0559409969251277, 0.05485940598544802, 0.053047373395941726, 0.05373029388441398, 0.052211664297923406, 0.051204698583290485, 0.04998106963343503, 0.049241595208873085, 0.04801636485706217, 0.04741684854865595, 0.04601975247318499, 0.04311407641209905, 0.04314917417518315, 0.042204347702292484, 0.04038058143025247, 0.0399245329699803, 0.03991281910868239, 0.03972460588725093, 0.03796223346048422, 0.03674446710970059, 0.037178202442877464, 0.03617787535184914, 0.03722594569322843, 0.03445568395079358, 0.03410920520233762, 0.034576663574817264, 0.03246675176475445, 0.03216263783116723, 0.0314246572909718, 0.03113395314241414, 0.030480565310120757, 0.030107703853457544, 0.029668925702590967, 0.029221842271568932, 0.028833727946320453, 0.028641411248663765, 0.027618736514817086, 0.02746408197938692, 0.026519514925034716, 0.025256887104180302, 0.026071143830825018, 0.02597765838193405, 0.02564768298812031, 0.025361351569232103, 0.024822074318703858, 0.02433033551546666, 0.023686615967277582, 0.023537828867701026, 0.02293248813482581, 0.02293573788741152, 0.02275680114553018, 0.021953237476234566, 0.021793515998340167, 0.02159976681847363, 0.021400392840417472, 0.021208521839548907, 0.02119156873438041, 0.02094740284850766, 0.02056973057100916, 0.020461317934723024, 0.02035186462890048, 0.019705190793925055, 0.019888008686459256, 0.019303569836152286, 0.019191853940577628, 0.019264537989846092, 0.01888304864404062, 0.01921341502873435, 0.018431232854189676, 0.018341996472354877, 0.01814928492587972, 0.017694246138017154, 0.01758023759000303, 0.017619562303459405, 0.01729659662657307, 0.01718997996499926, 0.017030772228317385, 0.017036376479416426, 0.016752237450713983, 0.01671304267682404, 0.016585595660792707, 0.016567919117378108, 0.016460099788123902, 0.016360553156170018, 0.016253553676050424, 0.016152537651144883, 0.016052021357207416, 0.015955105491058642, 0.015904265096179485, 0.015799013357065437, 0.015665142762902456, 0.015569153168300424, 0.01555524883781596, 0.01541740100548375, 0.015351197957017794, 0.015304547321741717, 0.0152349259425772, 0.015164854046517908, 0.015181114837811682, 0.01493576075809741, 0.014915415196205565, 0.014986854149713518, 0.01479765028022994, 0.014854572087017603, 0.014851669373118957, 0.014713447482372004, 0.014669347309389857, 0.014526604229451534, 0.014522850568291385, 0.014632173640517564, 0.01458163341269137, 0.014554909702010359, 0.014471135820539716, 0.014410152403072867, 0.014266720252715349, 0.01425283229515396, 0.014116371595525324, 0.014366549532395155, 0.014197597296089508, 0.014116473546657772, 0.014112470613509086, 0.014001085064719282, 0.013953309508904275, 0.014114650714948591, 0.014116523982053424, 0.01395125250528037, 0.014065347444549887, 0.01381586192104209, 0.013876965634410295, 0.013894978478702769, 0.013843680849835888, 0.013729353212342867, 0.013808430018356703, 0.013654896453779802, 0.013657255839845249, 0.013776813300704675, 0.013700001478100214, 0.013532520257735436, 0.013734035480464847, 0.013418927141072222, 0.01361415333017853, 0.013684618592968061, 0.013510850968012538, 0.013673399813930166, 0.013566493599815975, 0.013420220540047973, 0.013711032177712142, 0.013465813001200306, 0.013366880827185889, 0.01352262001519308, 0.01353715162612845, 0.013449872454845578, 0.013400008627013689, 0.013588520982044732, 0.013273847773722454, 0.013333445279561535, 0.01326256463433993, 0.013143273183789132, 0.013513137497793266, 0.013218506980002619, 0.013220557485526268, 0.01311239769519401, 0.013370337500093449, 0.013153744870132418, 0.012942426621762216, 0.01308214772974309, 0.01340984555818777, 0.013039307502037079, 0.013083398741634849, 0.013336821673957111, 0.013123013923243927, 0.013149405586356992, 0.013567858738518186, 0.01335372995393554, 0.013029052608124285, 0.013021495127499878, 0.013081291697245938, 0.013168456665223703, 0.013164184827029822, 0.013066243337527572, 0.01313030637567611, 0.012914011654433266, 0.012807949839147193, 0.012994113160739866, 0.013002461155214057, 0.012963554090675481, 0.012910400494334551, 0.01279042928648052, 0.01299546540916211, 0.012847664940312182, 0.012825364012130192, 0.01267392546840093, 0.012658367956017786, 0.012951028372168322, 0.012615637087494413, 0.012666684422248515, 0.012547158339061266, 0.012653678489143765, 0.01268739381612609, 0.012628896887616446, 0.012507443907645289, 0.012554355610302138, 0.012526675803323933, 0.012561578357103632, 0.012611361500094266, 0.012617676131565097, 0.012515641792008031, 0.01242344669844685, 0.01240639043145416, 0.012541094779693323, 0.012337793642424216, 0.012243876752386055, 0.012517388918838577, 0.012514635571586424, 0.012436590928170056, 0.012386980381504585, 0.012319402706676535, 0.012352164793367131, 0.012505240842765669, 0.01244267773169991, 0.012483213605490413, 0.012365166167658143, 0.012470229658419507, 0.012425427833902426, 0.012220917995210212, 0.012265621462067533, 0.01240375678241726, 0.012107560813902336, 0.012074908446016703, 0.012230944075038047, 0.01214424795545731, 0.012141821166948704, 0.01201245435118864, 0.01210459970259966, 0.011987774401760892, 0.012115138151936657, 0.012061896598165393, 0.011677993417217276, 0.011926243840795851, 0.01179238043464158, 0.0118369298693135, 0.01175736735598556, 0.011973356914017668, 0.011821134633848386, 0.011744636757620254, 0.012023912456805019, 0.01189797393903268, 0.011687724387806962, 0.011869190937816269, 0.011501830195813923, 0.011500470962336046, 0.011817326427571466, 0.011625819063891351, 0.011725084510467844, 0.011492563131475226, 0.011580830094428929, 0.011484624310437308, 0.011511225730333325, 0.01162547394248215, 0.011576977625126954, 0.011559719747960545, 0.011473815494314638, 0.011186658874733022, 0.011388809590281285, 0.011423032021132734, 0.011549323944292455, 0.011428097596769037, 0.011283025186700213, 0.01126902215501967, 0.011590994229172565, 0.01136321925786119, 0.011162077314186657, 0.01122248410021982, 0.011412498479141997, 0.011182142755505635, 0.011172310015416598, 0.011304055579172812, 0.011329838599789345, 0.011315856270296189, 0.011355308085993032, 0.01122020641945543, 0.011426074998394471, 0.0111256733855169, 0.011318845273599451, 0.011321012502532422, 0.011153833805502049, 0.011359955752038457, 0.011191278777228282, 0.011038068898020469, 0.010825158391805022, 0.011081068765312181, 0.010973127868332521, 0.011189073598819899, 0.011143835228972554, 0.011040156619829504, 0.011089941193805295, 0.010967032925220678, 0.011246531907434264, 0.01101202092324212, 0.010931144544669117, 0.010935030742495196, 0.011147025056618385, 0.010790167556156947, 0.010761029520403422, 0.010700776686304543, 0.010648782358750643, 0.010758675269235437, 0.010767549306477102, 0.011080138786622805, 0.011055060292047137, 0.010982585032523034, 0.011171142947917547, 0.010765420367090252, 0.010855486959669848, 0.010826565332238676, 0.01069142798805016, 0.010687206419948421, 0.010569264157318257, 0.010945646153887345, 0.010799489532240664, 0.010921384630648907, 0.010562014554676766, 0.010826421058926986, 0.010582647030957437, 0.010768673218419128, 0.010827011905270016, 0.01052349032003863, 0.010425473415326618, 0.010670066777382293, 0.010419437169330685, 0.010506567620059803, 0.010442780442357507, 0.010323101470491725, 0.010284788763334383, 0.010271718045555912, 0.010584520665806323, 0.010240276142110115, 0.010121889026041051, 0.010242014454884847, 0.01024040396507979, 0.010476359163992489, 0.010180137202333121, 0.010362535755734247, 0.010298442397580205, 0.009839083973916694, 0.010100230621166788, 0.010095882348522461, 0.01017963803869598, 0.01015331119921231, 0.010014970888192412, 0.0101479963909409, 0.009981370198520804, 0.010022385345137623, 0.009932465344096506, 0.010114396300660968, 0.009788329607157123, 0.00997590651322776, 0.010288270015400213, 0.009960643302691726, 0.009727248629680173, 0.00982102005868146, 0.010210820100208195, 0.009925905276711921, 0.009919142331735247, 0.009272014074468513, 0.009892210211775042, 0.009828560887480813, 0.009801706939596058, 0.00987364121033628, 0.009802331984433928, 0.00975019688128172, 0.00973875715202802, 0.009597556214692117, 0.009663405502055227, 0.009800326652637152, 0.009655605379236428, 0.009447016836873113, 0.00910144428489792, 0.009700483777441336, 0.009844953866985673, 0.009619046510403807, 0.009593667967626382, 0.009478569811078388, 0.009423413919924727, 0.009473783163829578, 0.009464122218638326, 0.009438663130652676, 0.009458546246007317, 0.009506541165350046, 0.009397877412291915, 0.009289896633988905, 0.009272734828951874, 0.009542895186298332, 0.009341727273697552, 0.009179617909111744, 0.009224014714337843, 0.009413937159372422, 0.00910045959422525, 0.009189327467187465, 0.009389976924995698, 0.009131024128157396, 0.00926005787195962, 0.009194255200877076, 0.009148534181578924, 0.009117230080711018, 0.009251563306986536, 0.00887447266472925, 0.008851185743160074, 0.009066188635613285, 0.008897452845819009, 0.009103937584137604, 0.008808285485998418, 0.009054801497332714, 0.008947030453905335, 0.008974333225924305, 0.00880996195646998, 0.00883877124951889, 0.00873720533208125, 0.008713184245633466, 0.008841882993227398, 0.00871059137372457, 0.008723182367614492, 0.008824158388633756, 0.008603457196139041, 0.00849546879315542, 0.008582290918171353, 0.00851940753287677, 0.00845178288726618, 0.008396168696074534, 0.00844739952688414, 0.00840950639128525, 0.008311921815652379, 0.008290075993860169, 0.008065622648376382, 0.008188610233791154, 0.008104474198899819, 0.00800642229486266, 0.007984425909793412, 0.00802073998238242, 0.007954458658387842, 0.007857809055192446, 0.0076892119715259825, 0.007841735313422854, 0.0077547847421889715, 0.007801195542440778, 0.007725812334595189, 0.007641895582214234, 0.007680035980526475, 0.007676676378812474, 0.00751742123931747, 0.007267127782476843, 0.0073895581612086125, 0.007509859279659734, 0.007473613346808932, 0.00745226838113435, 0.00745279748755298, 0.007514435871939123, 0.0073486296219383825, 0.0073402183619382865, 0.007312676364540693, 0.007320599584462487, 0.007421102188861805, 0.00728797491953782, 0.00721711153050828, 0.0073220348467629235, 0.0072337511793621545, 0.00716274841474202, 0.00731076762911871, 0.007150856522638394, 0.007178554931226256, 0.007133192701167665, 0.007098430548361526, 0.007067959687645, 0.007049193915659113, 0.006996540020342712, 0.006860906743344921, 0.007020612897674605, 0.007057638615248349, 0.006878035992611923, 0.006857857833590306, 0.006833784219049518, 0.006808629645823114, 0.006941400833621444, 0.0068571215217038415, 0.006891224641146863, 0.006774572587262374, 0.006723027138688816, 0.006776241168874824, 0.006656084302213377, 0.006679385812289218, 0.006648389978598401, 0.006556254440962788, 0.006509393380963977, 0.006525698753902803, 0.006555282412247029, 0.006458440501684103, 0.006679484724168014, 0.0063543263986235885, 0.006374271286330373, 0.0063986020055267386, 0.006504003865296782, 0.0065022330299950165, 0.0062255904654736375, 0.006394419291682289, 0.006315087005680789, 0.006373961344724872, 0.006277569557934793, 0.0062762754738389555, 0.006241681796196597, 0.006224726728667956, 0.006527236839265447, 0.006356019982784183, 0.0060238060517203325, 0.006148757967912231, 0.006226640923891621, 0.006174700728886525, 0.006019530620806746, 0.006087772660404455, 0.006042834079097248, 0.00605573045424496, 0.005891286206792315, 0.005948740819862832, 0.00598324497800943, 0.0058934668210105816, 0.005813891770026739, 0.00588722519638164, 0.005883189679254565, 0.005958282544658986, 0.00588103360152285, 0.00584064379703035, 0.005660735142917748, 0.005684691670606924, 0.005717381496478776, 0.005685899316134491, 0.005840409547923599, 0.00555284458008233, 0.005613953610983373, 0.005622417776101189, 0.005664435740600979, 0.005799826187595999, 0.005782803694104489, 0.005525424148503743, 0.005515634474939638, 0.005856855979809821, 0.00551223966084721, 0.005602728784882916, 0.005446142695471815, 0.0054706317856096035, 0.005453754661026205, 0.005449028003552137, 0.0054150326509239755, 0.005383747119578203, 0.0056703012365337995, 0.0053684951450267615, 0.005368625174704222, 0.0051822307268881256, 0.005384629744058202, 0.00516022085323972, 0.0052365250457834574, 0.005034595620709826, 0.005299688948727174, 0.005277182627344701, 0.005166602248079833, 0.004964970167079332, 0.00518222201528601, 0.005123123995400603, 0.005125826227883685, 0.005082557677877631, 0.004923629412067167, 0.004955056454477256, 0.0049042861552295305, 0.00499957082381585, 0.005096668268933458, 0.0050277761768502995, 0.004818902065754789, 0.005019020416168408, 0.005007454078170752, 0.004926425109060997, 0.005000916830318273, 0.004987369668047511, 0.004977706316076058, 0.0049674011900578355, 0.0047610156132732095, 0.004824410485409409, 0.004817668296481962, 0.004682566661526991, 0.004713720021615833, 0.004808398895406598, 0.004652000843732014, 0.004726526241367487, 0.004820943241194684, 0.004710957223503535, 0.004788978445717276, 0.005069040822125925, 0.004587079691857312, 0.00465701420557898, 0.004707652827763129, 0.004600812752523102, 0.004647413982726341, 0.004713568778352462, 0.004635075989457536, 0.004632411124827647, 0.004521287874329899, 0.004572394504303089, 0.0046274467485814584, 0.004366075161063252, 0.0045231092362200765, 0.004372024487120336, 0.004583037189580272, 0.004549835350581942, 0.004861986278673871, 0.004371224315964048, 0.004359804532579167, 0.004488143761602043, 0.004408509106675871, 0.0043388622905990775, 0.00445718619897886, 0.004549620978501828, 0.00430709373187462, 0.004372472108359683, 0.004216068446616297, 0.004255089527060488, 0.004275599700148314, 0.004283633705733019, 0.004203922235771828, 0.004337302969444446, 0.0042106101628161495, 0.004181811587626102, 0.00422926553030862, 0.004210366091169657, 0.004170377329488132, 0.004091105130230482, 0.004176976643460355, 0.004019298802986843, 0.004149846129711786, 0.004334003989579065, 0.004124596059679859, 0.004104487594364373, 0.00409882385332644, 0.0041198104697310325, 0.004161100028879689, 0.0040496879655490285, 0.00406510376298222, 0.004025720999491764, 0.00397114665069707, 0.003990645044353171, 0.0039087194872463185, 0.0038721393026179313, 0.003916331195930821, 0.003946205452099156, 0.00391407798940035, 0.004085662220992902, 0.0038996903745174573, 0.004027726729272274, 0.003874562586244061, 0.0038882494576634907, 0.003924506856145675, 0.003952280272862113, 0.003933339214966949, 0.0038797944403601943, 0.003853768336988661, 0.003807805759508204, 0.0038119336788559137, 0.003814050937867028, 0.0038189475647847607, 0.003864119247073029, 0.0037279736629529654, 0.0037674718411231504, 0.003737791721402963, 0.003772491241574848, 0.0037768904128130235, 0.003791257540432448, 0.0037787290893143218, 0.0037276072344756303, 0.0037188101960486095, 0.003920180073560217, 0.00368403321913322, 0.0036780308307029497, 0.0038658310152440765, 0.0036248560392805897, 0.0036957656977225513, 0.0036335440828051237, 0.003635145251233918, 0.0037354342387789607, 0.003541534503297858, 0.0036438283794203896, 0.0036156914387142597, 0.0037520947976678394, 0.003513670514109829, 0.0035225901227046944, 0.003500871861091456, 0.0034914342587242905, 0.0034420975019537423, 0.0034460745021842776, 0.003643875669361627, 0.003597893578526898, 0.003373504655051991, 0.003478785971105185, 0.0034960811078255873, 0.0033216151824989716, 0.0035775159163873517, 0.0035537700580167936, 0.003526435962779027, 0.0032547453536758237, 0.0033412365172411185, 0.003294274602260476, 0.003446144142055048, 0.003351135528284169, 0.003243437350335983, 0.003242138293724026, 0.0032306720627480858, 0.0032163856710132536, 0.0032222313727638704, 0.003222677762973902, 0.0031631380137100203, 0.0031610986142779907, 0.003379903679990413, 0.003138170503276412, 0.0033269921987682375, 0.0031405733846076147, 0.0033664080079499063, 0.0033590580327951046, 0.0031396197678348657, 0.0030995400832688137, 0.003377684022472942, 0.003066814136234186, 0.0031249162571611237, 0.0030803651990530217, 0.0032389878928910615, 0.0031561073789220548, 0.0032011613015972035, 0.0030554134542902307, 0.003217095003914633, 0.003184053883315581, 0.003097048389764605, 0.0030259816695731175, 0.0031361318123110608, 0.003199465279678421, 0.003221388855505602, 0.003153465847341369, 0.0031334678818724497, 0.0030002991292647427, 0.003089686216805065, 0.002999783937976135, 0.0030064562676739848, 0.0029281207184458364, 0.0030350918296862383, 0.0029860163139254214, 0.002908803429874018, 0.002878629021267179, 0.0030488575960758574, 0.0028875389193479917, 0.002944072350644149, 0.002975302390377067, 0.0029438654672756265, 0.0028875407891430422, 0.0027686761224401915, 0.0028117735538652606, 0.003111937778232378, 0.0028554012605445473, 0.0029880810436935788, 0.0028865508341840555, 0.0028058504760810556, 0.002755011275524744, 0.002999997158349534, 0.0027778033910225253, 0.0027710663206169136, 0.0029326344218486996, 0.0028386023829330516, 0.0026917641730826534, 0.002800304086863782, 0.002737100650582916, 0.0028073940357663126, 0.002796302017588459, 0.0027880933049427496, 0.002775545164548361, 0.002772023373540031, 0.0029673013308083186, 0.0028088940027686535, 0.0027787809561101657, 0.002737780509496482, 0.0028183795166994087, 0.0028016703884738204, 0.002558712117782641, 0.0026730170448716335, 0.00273163539293036, 0.002741519094096404, 0.0027990045649332416, 0.002710991392733781, 0.0028022683975678043, 0.002655905714159723, 0.00270221566353001, 0.002723285745107026, 0.002669477071746493, 0.002658618796400468, 0.0026582744983434468, 0.0025835868241108136, 0.0026609833043609314, 0.0025592621840991735, 0.0025729408858898594, 0.0026692297658157125, 0.002625078147144815, 0.0026520114790359404, 0.0027571017799945916, 0.002562560588976709, 0.003086522420153476, 0.002553132264955324, 0.002538384894506128, 0.0025971701462295647, 0.0025752057855728417, 0.0024565394927276774, 0.0025126620449889008, 0.0025793748034566525, 0.0025031527333050723, 0.0025895644059217983, 0.0026512949545038377, 0.0025614875080146172, 0.0024615976772757093, 0.0025723885714030764, 0.0025215029039682593, 0.002484358729328745, 0.002518320850724026, 0.002476495134557765, 0.0026815028455805297, 0.0024781163800377893, 0.002573785343304316, 0.002447071832031306, 0.00248627372688092, 0.004394364904692378, 0.002383083301416212, 0.0024148005484934966, 0.0024708175685089337, 0.0023514351890131053, 0.0022168382848557163, 0.0023238670320140592, 0.0023204256883849195, 0.0024010788939836467, 0.0024369567610062607, 0.002474222073580772, 0.002191623872557036, 0.002281547806707619, 0.0022807390276297058, 0.002387023662075795, 0.0023901164931829522, 0.0023285990094260383, 0.00214881109403418, 0.002348446547178497, 0.0022708059121628425, 0.002294514313243809, 0.002176292756003643, 0.002201775052178301, 0.002204045815968411, 0.00222802726262366, 0.002214475746643092, 0.002203310499577188, 0.0022397337823769257, 0.002182461666387336, 0.0022068401215395925, 0.0021287512198684562, 0.0021591458396144915, 0.002106001293284574, 0.0021442326927075036, 0.0022147300326653286, 0.002266088173759546, 0.0021089550647329807, 0.002101047494466713, 0.0023811237077967615, 0.0021642947829463516, 0.0021984853543187935, 0.0020086099039843164, 0.0020661203652257705, 0.002098256384938951, 0.0021790360687352923, 0.002398314463103757, 0.0020507161590411498, 0.002089023571067293, 0.0020414152292674748, 0.002051014805141987, 0.0021137439772816844, 0.0020831026778075014, 0.0020380332095604496, 0.0021561894089595908, 0.001949743021511664, 0.001976150548156826, 0.002158759073933241, 0.0019389525971475322, 0.001994727251263505, 0.0020102146833376635, 0.0021029809728846213, 0.001890839742722178, 0.00194495083010482, 0.0018310648179613342, 0.0021345367007724273, 0.001974562555024996, 0.002042065519904768, 0.001974957693529206, 0.0018819005156299432, 0.001977645538348046, 0.001967065578893776, 0.0019574621005746373, 0.0017770569663784269, 0.002010757041143865, 0.0019702371025848886, 0.0019234933833849833, 0.002113357805505647, 0.002091222223488629, 0.002054878661908025, 0.0020297554995616775, 0.0020930890114473602, 0.0017536211550337989, 0.0020433618547671074, 0.002094995351649564, 0.001887137110034405, 0.002014933554025058, 0.002437563874828437, 0.0020757564047107326, 0.0019481566076617954, 0.0022060772814863805, 0.0019190444847119314, 0.002014936772509084, 0.0022189545953463473, 0.001995280139397794, 0.0018383193354473983, 0.0019463300832430045, 0.0018879476079792178, 0.001895060765530592, 0.0018899965508668846, 0.001968113379129467, 0.0020666356560818224, 0.0017233306893278504, 0.0018806853816507227, 0.0018430785489448474, 0.0018099410607186844, 0.0022187712992402654, 0.004775850436807378, 0.0019529163098978993, 0.0024748383525172394, 0.0023728427180763926, 0.0020874631265628374, 0.0018026651666962245, 0.00212220608245078, 0.001971445068061756, 0.0021532530693227944, 0.002160864260851328, 0.0019788557898453045, 0.0018085551887322712, 0.001862200706230245, 0.0020162109131725424, 0.001903618862171525, 0.001969069646717361, 0.0019875371464992153, 0.001817383087609132, 0.00198237541205786, 0.0020026349664624913, 0.001969947095635519, 0.0017829405341124559, 0.0018584301644742735, 0.0017753349187818407, 0.0018514257802351997, 0.001835259588565414, 0.0017460930168575132, 0.0018372030531198305, 0.0017654520100476585, 0.0016218846139724513, 0.001834358573415991, 0.0018314682083170246, 0.001858664389077372, 0.0018426741805404598, 0.0018554952618243222, 0.0017889114566461883, 0.0018161619043998408, 0.0018456644983829258, 0.001797223564234722, 0.0018240133521131776, 0.0017588799276436584, 0.002075589439979494, 0.0017782559405599004, 0.0021695271742479022, 0.0015484515530223562, 0.0018922493425532624, 0.0018212496371236583, 0.0020479495486886625, 0.0017282730462984896, 0.0017420124875529531, 0.0018322187344830877, 0.0018229344733934354, 0.002159056842077999, 0.0018736939510825305, 0.0016266648930901532, 0.0017641110164123746, 0.0017619559063730083, 0.0017255728083546242, 0.0017535407283990063, 0.001779341525347325, 0.001721533405347459, 0.0018129302567423634, 0.0016684821243535342, 0.0017819101630624286, 0.0016966218520139491, 0.0017883274012080207, 0.0017114455266991012, 0.0017329710285164251, 0.0016825922145270783, 0.001706336199986838, 0.00216890190506747, 0.0017144391204705768, 0.0015428272965206837, 0.0017681507971046108, 0.001685025560757261, 0.001661829562000989, 0.0015750041855163112, 0.0016770541158298278, 0.0016886135787954337, 0.0018674003898691048, 0.0015860242531077207, 0.0017621825221328569, 0.0015310135783785101, 0.0017559796254598763, 0.001579486011701854, 0.0017845577416482246, 0.001646030144852556, 0.0015499795859593637, 0.001729136074831242, 0.0015948509299265363, 0.0017033626910408905, 0.0016699630355027214, 0.0016365482013918234, 0.001794797837864498, 0.00162954620686373, 0.001640721935271132, 0.0018123664525758081, 0.0016544972233298318, 0.0015927436420523323, 0.0016979023917376402, 0.0017938762208520927, 0.0017098722621677644, 0.0016849417936175537, 0.0016749063862543606, 0.0016046743349389637, 0.0016084732587428494, 0.001721514214802644, 0.0016777861453291577, 0.0015554498025762383, 0.0017141376537073505, 0.0016392150990138356, 0.001566813411549848, 0.0016522595930283273, 0.0015917734147261507, 0.0015755322844759599, 0.0017357482353025117, 0.0016318758186177585, 0.001645473485944171, 0.001594192781328086, 0.0015583667723286085, 0.0016095379791076737, 0.0016463566686364028, 0.0017092869272857948, 0.0015998475666976245, 0.0014764509384378006, 0.0014504747271120708, 0.0015828548007184374, 0.0018943159463159927, 0.001674346642773893, 0.001833742376013754, 0.0016546366366187815, 0.0017580704972561705, 0.0016278895304912598, 0.0016324764625802457, 0.001651543721739747, 0.0019712111839629604, 0.0015973474068960382, 0.001528282462333279, 0.0016697738624434323, 0.0017546237532763097, 0.0016225526217273445, 0.0016473045154285183, 0.0016864336200365345, 0.001933854193037849, 0.0016232211567878197, 0.001694235351456775, 0.0017281098668972545, 0.0016269547347012372, 0.0016517973768661667, 0.0016354649710519928, 0.0016692748387816148, 0.0017000177049802635, 0.0017477901988223398, 0.0016877648983309027, 0.0014812857276776563, 0.0016046335615862472, 0.0016287644437843404, 0.0015968539295165625, 0.0017761576561361723, 0.0016700896770823217, 0.0015373684230583057, 0.0016323832673241384, 0.0017021904801797238, 0.0017855270696378424, 0.0016763883464553165, 0.001629239676530053, 0.0016630051468691919, 0.0015482375018024373, 0.001653495004835192, 0.0015002719852655999, 0.0016281428949840306, 0.0015805742436237594, 0.0016314406889570263, 0.001559546428729696, 0.001598523594312133, 0.0014563563109053982, 0.0017465194166579692, 0.0015300523830140149, 0.0015508191352613032, 0.0016793537732610255, 0.0017191093376498156, 0.0015648393080054334, 0.0014508164262985038, 0.0015422719782331182, 0.0016297076873863635, 0.001399504371094564, 0.0015281723502229292, 0.0015394853875172912, 0.0014657615015010602, 0.0016095673505976732, 0.0019026142341355993, 0.0015821373252058908, 0.001642922960991569, 0.0017094046211288743, 0.0016092608681403566, 0.0015770134645691858, 0.001646506832410524, 0.0016705838159728438, 0.0015502238861666263, 0.0016347911163800146, 0.0015339761714193575, 0.0018421155427924866, 0.0016915502844434965, 0.0018450836456781626, 0.0017925625522827399, 0.001775425845203931, 0.0013870588594230588, 0.0014579193381728465, 0.0017118972715422507, 0.0017246237584074174, 0.0017069497628617127, 0.001511990087175624, 0.0014761499915598197, 0.0016037623278142587, 0.0016946610479704584, 0.0015264544730674283, 0.0016705007996042304, 0.0015463349046463764, 0.0015416653629914047, 0.0018268989619263736, 0.001978507387487231, 0.0015167262993191924, 0.002003479892146433, 0.0015429337952641829, 0.0015908794746644047, 0.0015253312436632124, 0.0014800351314235094, 0.001477836185072561, 0.0017935069336532307, 0.0014831166892428338, 0.0015884130715096813, 0.0016743103880282292, 0.0015038849148746752, 0.0014823729352276356, 0.0015945035895098753, 0.0015950133225397663, 0.0015030605603939444, 0.001518159765005702, 0.0016893193699464048, 0.0014656824184016723, 0.0016092428595360427, 0.0014431062650371912, 0.0015170314542520297, 0.0014485201445681042, 0.001499676673227178, 0.0013595022748105793, 0.0013953751163317601, 0.0014790715169449803, 0.0014910109029222607, 0.0015502723715342412, 0.001495246881896762, 0.0013590922538187316, 0.002003869501882929, 0.0015047428642677304, 0.0015746159498463543, 0.0015797541950832912, 0.0016158451086440977, 0.0015976876597133245, 0.0015155114225629672, 0.0014244778058481503, 0.0016200052659153309, 0.0014648257308354465, 0.002102859093952915, 0.0017029887239031734, 0.0015367275704081806, 0.0017641995009022012, 0.0016698339158313861, 0.0014938485600405399, 0.001429904576269475, 0.0015522900617354284, 0.0015223287746356203, 0.0016840086041467188, 0.0014121596843464652, 0.0014866468771039683, 0.001637521227484158, 0.001495315286819045, 0.0015800540770504184, 0.0015771306352992136, 0.0013626711534038703, 0.001445205780438087, 0.0014241128287188001, 0.0015243392565948365, 0.001575871595580273, 0.001688339559136242, 0.0015517083767084985, 0.0014089112242159734, 0.0014189804393017749, 0.0014255761698965745, 0.0016435475654721172, 0.0014528830135501435, 0.0014228073732262432, 0.0016658899522303872, 0.001507897020836059, 0.0019996872275177824, 0.0014145048990139486, 0.0015709720164609558, 0.001798439608380383, 0.0015631175123456428, 0.0017886803861478064, 0.0014659463294103647, 0.0014335552568554484, 0.0015547693794490203, 0.0016807536603905776, 0.0016406030238727979, 0.0015101863558997244, 0.0014709279320216098, 0.0014548259778461555, 0.0014172383340196248, 0.0016170665197137411, 0.0016405135328281784, 0.0016039566434300787, 0.001481608541579144, 0.0016365568121366782, 0.001432941020766705, 0.0015844507140806473, 0.001658038607988059, 0.0015685635530215019, 0.0015747411927772106, 0.0014934162945261266, 0.001535481179395591, 0.0015194970992140442, 0.0015697654881830813, 0.0016800799630794555, 0.0014766349991797336, 0.0014334877324668016, 0.0016883840158551766, 0.0014335722851253339, 0.0015605952017957816, 0.0014609127407653674, 0.0015924831866003424, 0.001617032796951214, 0.0015112483963862237, 0.0013124635424046607, 0.0014912720594121608, 0.0014461834047074836, 0.0016726499664949967, 0.001529668207855074, 0.0016507941521663662, 0.0018230188314990773, 0.0014467257666161402, 0.0016259891637402531, 0.001658468497599877, 0.0015568540547915156, 0.0014847483779202282, 0.0014888572662760757, 0.001307577411998501, 0.001554971937944724, 0.0017364475507848295, 0.001417688968730965, 0.0014185392749885997, 0.0016850689751688437, 0.0016008680085854458, 0.001548137601899769, 0.0014713873841000363, 0.0016052668122194557, 0.0014924499766032296, 0.0014646423399071662, 0.0014464640538416668, 0.001783888378793557, 0.0015154595574343943, 0.001395862747972318, 0.0014293816506809518, 0.0015516058160336922, 0.001499733167278136, 0.0014268688704534812, 0.0014980087093509572, 0.0015368275855364537, 0.0016180436166706724, 0.001454615630807981, 0.0014977948019880283, 0.0013979456879669972, 0.0018262354236230065, 0.0015758224030387403, 0.0016264795352126133, 0.0013493306555116985, 0.0014283313117248813, 0.0015735727848635312, 0.001441683349935683, 0.0014767277019777205, 0.0015202336194002726, 0.0015566765077436413, 0.0013959959140782434, 0.0016704852266818942, 0.0014385441300341917, 0.0014212821603942398, 0.001360804102596685, 0.0014685821589850085, 0.0014761378210005624, 0.001449004847787956, 0.0015160641016564711, 0.0014422058517277907, 0.0014671339281393525, 0.001575928993679842, 0.001425588195234509, 0.001575598203057584, 0.0014986357834013552, 0.0015002862756152307, 0.001437748419980508, 0.001502679328988416, 0.0013861823144527385, 0.0012792779966965902, 0.0015095472617175933, 0.0015409211610162524, 0.0013872395904768289, 0.001257871245963508, 0.0014520471226392344, 0.0014590538529005903, 0.0014140939854137159, 0.0013819331582707343, 0.0014734091704130092, 0.001529066064141668, 0.00127082560190751, 0.0015797251662824656, 0.001331667397849431, 0.0014392262532658322, 0.0014796714582221947, 0.0013348954096124134, 0.0014651185966941009, 0.001122178908647225, 0.0015083142680165432, 0.0016959310133422493, 0.0013986072924409225, 0.0013402928143176533, 0.0013788150559477254, 0.0015604267966955535, 0.001587999910421755, 0.0014586946490021166, 0.0013530536370585623, 0.001344920426643535, 0.0015737436170881974, 0.0014997401802754064, 0.001346881163275797, 0.0014212546723147699, 0.0013751221643683335, 0.001383038091324286, 0.0013606975698087726, 0.001421624251550166, 0.0014171154307599033, 0.0013439311000715078, 0.0014071766371779274, 0.0014380633697675185, 0.0013569044845086647, 0.001411667221157583, 0.0015339838318162227, 0.0013656078021818832, 0.001403375164383605, 0.0016540536748751373, 0.0014206935781584545, 0.0014134906796494137, 0.0013411853198782547, 0.0012612633314111376, 0.0016367946443493738, 0.0014116269733395854, 0.0014159863026534333, 0.0014677940222797092, 0.0014629001725531845, 0.0014700837178658584, 0.0016215467491749339, 0.0013778725449498186, 0.0013670203513402026, 0.00134958036905977, 0.0014746575791957347, 0.0013292166116310215, 0.0013983239991913166, 0.0014884789185917401, 0.0015421466241865482, 0.0016007118788238346, 0.001361076422554037, 0.0013921513093144565, 0.0015183663244922258, 0.0017016055450549577, 0.001426101839279327, 0.0013643243274545419, 0.0014403189194585574, 0.0013186699419783393, 0.0014377116904534895, 0.0014988325853977705, 0.0014443754855824797, 0.0015798311485643042, 0.001283764878121269, 0.0017426035413679831, 0.0016822202005047871, 0.0019038175359545578, 0.0015797166320852896, 0.0017298951479212386, 0.0016366503760932552, 0.0014207578406233601, 0.0014442355113481028, 0.001358702190422835, 0.0015021953151732105, 0.001406223579455381, 0.0015926974738776423, 0.0013722817857144765, 0.0016037211894986238, 0.0016823161925585402, 0.0017325970525753451, 0.0013503472024542903, 0.0014663535676184495, 0.001449732001063654, 0.0013408014543453048, 0.0016101126107389639, 0.0013539859418027723, 0.0013157453435378636, 0.001445785831754571, 0.0018309473065925945, 0.0014711854721149908, 0.001406604517127384, 0.00146411708152076, 0.0014514029668880732, 0.0013489087656854755, 0.0014254799526432563, 0.001386317225451081, 0.0016224565477837552, 0.001513767705007924, 0.0013154681146017352, 0.0014812649290998814, 0.0014383035317910742, 0.0014879851823541102, 0.0016553396844010174, 0.0014284244059935532, 0.0014405680080378331, 0.0014874371319000027, 0.0016041556579560233, 0.0014588585784864334, 0.001499216273786933, 0.0013415590577642216, 0.0014344023426125097, 0.0013864238184905884, 0.0013717579102957998, 0.001633475123730333, 0.0014980932692384263, 0.0013757034726850337, 0.0013186027136900223, 0.0014317524268666912, 0.0014602380137792496, 0.0015289752053369648, 0.001718342556139269, 0.0013262781112469964, 0.0013433240516339887, 0.0013477296126018334, 0.001437001119074092, 0.0015779249772827082, 0.0014020928902052296, 0.0016773011870457254, 0.0014904644273750123, 0.0014592106057167722, 0.0015128778353758173, 0.001524985283651605, 0.0014407228863319661, 0.0014550244291616076, 0.0013889914107486161, 0.001504003388662081, 0.0015718520940470266, 0.0015335474752087889, 0.0012594002370431554, 0.0013830408854178411, 0.0014773365415765988, 0.001362711602257894, 0.0014042697847187605, 0.0014469149961047476, 0.0012424991818692638, 0.0012672708753669261, 0.0013628264015089083, 0.0014348639776760894, 0.0014428317294742504, 0.0014671601297617384, 0.001490451103962142, 0.0017664539475053026, 0.0014178172979134199, 0.0014220579767448554, 0.0014473958293477725, 0.0014106288220709301, 0.0013540380457161575, 0.0014975940776752713, 0.001323136315418682, 0.0014962551342049741, 0.0016452575223577957, 0.0012948913066952996, 0.0014143774447710198, 0.0015745650742590477, 0.0014501748300964346, 0.001473821248770879, 0.0014015141802381987, 0.0015643067148967869, 0.0013346513845539749, 0.0017108135169559993, 0.001569144629021756, 0.0013767414199018315, 0.001319981886534497, 0.0013762656272522946, 0.0013168875643384296, 0.001374305867184114, 0.0012992221613710578, 0.001349880262540315, 0.001352092114497858, 0.0015042514814390879, 0.0012621915656762168, 0.0013798513078975036, 0.0014729113731233626, 0.0014625005747397433, 0.0013892751053337837, 0.0013513250399710382, 0.0016940867311586027, 0.0015116783062310581, 0.0014477547784768811, 0.0012639323692628154, 0.0012293711316494213, 0.0016654382035579513, 0.001390335386195751, 0.001295867508969016, 0.00134257170726943, 0.0014419799340766272, 0.0013232437500905615, 0.0014848754191899224, 0.0014155526048683172, 0.001399970155956857, 0.0013497883424565622, 0.0013061386921905743, 0.0015068002944712505, 0.0013510781719447164, 0.0014834303235355688, 0.001362543644890149, 0.0015484302926707105, 0.001234438448197172, 0.001534072388391866, 0.0013882147676037855, 0.0013827641073371456, 0.0017228608006213152, 0.0014336520214893289, 0.001387108454287013, 0.0013638726627062984, 0.0012981504803113398, 0.0012563694716700626, 0.001321266628633442, 0.0014166238209790672, 0.0015945920442896673, 0.0013263271037702894, 0.0013883902191515112, 0.0014833175363057024, 0.001424998835082014, 0.00148392949459798, 0.0013693829033601646, 0.0013882043558326224, 0.0014582082191369617, 0.0013841506763997808, 0.0016656098476770008, 0.001385083086832102, 0.0014287100435001322, 0.0013429266371846043, 0.0013117330321097643, 0.0013308414180145769, 0.0012893737023338993, 0.001690360700595294, 0.001487143931945372, 0.0013189752123185941, 0.0013001790188880992, 0.0013430735400473907, 0.0014137888955005125, 0.0014248598333257397, 0.0012942479339743253, 0.0012937982453884258, 0.0013746900066106441, 0.0014211273070357953, 0.0013232792424101312, 0.001261087136279567, 0.0013209715651932026, 0.0014361632548181304, 0.0015126641785489332, 0.0012848286778424126, 0.0013370315726143897, 0.0013721878753464249, 0.0013269298514632481, 0.0012230711616661497, 0.0013796438236035394, 0.0013926009562895772, 0.0012910221881471831, 0.0014298259533044027, 0.0014060306956885109, 0.0012143891898968003, 0.0012096111503218248, 0.0012269769352656024, 0.00146956778368885, 0.0012166347241360947, 0.0013779738765317545, 0.0013520135110983858, 0.0014092222447601361, 0.0014896097017634878, 0.0013268707401581975, 0.0012626194104735956, 0.0013808128493760592, 0.0014427729081450222, 0.0012574474203962155, 0.0014640395732251274, 0.0013904874378522598, 0.0013215078931175799, 0.0017116876219034842, 0.0014534511621840448, 0.001472593844079665, 0.0015321434917108688, 0.001381220160432318, 0.0015532705229484424, 0.0013506273865623356, 0.0015236359114646852, 0.0014398612825346235, 0.0013963263080617064, 0.0014123103584724008, 0.001564186668878943, 0.0013526307654755482, 0.0013293923491797558, 0.0016218847422040867, 0.0014020973657568846, 0.0013263917190846554, 0.0013705355999381664, 0.001350237880458401, 0.0013438237399235155, 0.00135271946320492, 0.0013567271438951767, 0.0017475829880400828, 0.0012979605828717393, 0.001498615957014249, 0.0013573716935613668, 0.0012672097999077132, 0.0012794471190411027, 0.0013775716312149266, 0.001256869565009727, 0.0012663678765485516, 0.0013383932910689272, 0.0013788117608868806, 0.001377205528765117, 0.0013374000624912987, 0.001371495322766085, 0.001274919621752129, 0.0012222542106299593, 0.0012806358663358325, 0.0012523022739887757, 0.0014453122391447422, 0.0016714932025160291, 0.0014606042817687547, 0.0013724677794499133, 0.0013479807369569283, 0.0013078101571562918, 0.001357122406415217, 0.0017668991324623373, 0.001362380927017438, 0.0013958365738849685, 0.0013845602022946036, 0.0013680093238174237, 0.0014287499315648934, 0.0012816682332771347, 0.0013987934042549285, 0.0017383172124942727, 0.001451235945146246, 0.0013948112326018472, 0.0014328033765447438, 0.0013874888711866836, 0.0012033192706561292, 0.0013910709228140915, 0.0013556382143544063, 0.001368584417945316, 0.001361018060123058, 0.0013893530903794774, 0.0013343372492129113, 0.0013650389016370524, 0.0013656454506053765, 0.0013356608827722453, 0.0015656189106384526, 0.0012959187585123188, 0.0012663692679765561, 0.0012616157142379318, 0.00157628008448674, 0.001428631091612497, 0.001339916850249516, 0.0011938034113925706, 0.0012542482934796114, 0.0013152134907326299, 0.0012369572768536963, 0.0013556419592257206, 0.0011881591468464374, 0.0013303324114405097, 0.00136711404781573, 0.0013064376283137653, 0.0012117727894559067, 0.001386827466506862, 0.0012815973603873836, 0.0012209746507778408, 0.0013387160071937027, 0.0016399574251151786, 0.0013200405301605775, 0.00140246085867245, 0.0012051103663874006, 0.0014270674985382514, 0.0013184720578879171, 0.0013516372713360822, 0.0012249644805377745, 0.001259393504728479, 0.0013600884853252162, 0.0015377055024887814, 0.001333661451508907, 0.0011995266715710772, 0.0013237463989219903, 0.0012429637879218104, 0.0012960913035239808, 0.0011862491694664351, 0.0013071810658316807, 0.0012194144989552019, 0.0012686304778329208, 0.0012941104753756323, 0.0011752362771566738, 0.0012277496837438907, 0.0011397020597469722, 0.0012738785178527548, 0.0015765137265120821, 0.001328909078552421, 0.0012925080768670895, 0.001213336366396916, 0.0012548187472108331, 0.001177042477924743, 0.001282078651075573, 0.0012241520740933242, 0.0011957183583241977, 0.0012554664502445298, 0.0012971174297432878, 0.0012617776117123834, 0.0011511055350705481, 0.001241722963077531, 0.0012467618771615067, 0.0014005690497340744, 0.001163143787909416, 0.0012304627896461786, 0.0012458690299980235, 0.00116250354115891, 0.0012018281196869347, 0.0012504128420737389, 0.0011511776787094584, 0.0012130619859392665, 0.0012188112502079193, 0.0012741699137136314, 0.0011023520911723275, 0.001237524654885136, 0.0013004553191459942, 0.0012290445654367427, 0.001094803734948275, 0.0010915746613367463, 0.0011176976131922556, 0.0012880389612285356, 0.0012326361903850275, 0.0010957090952272476, 0.0011950420748444255, 0.0011973953122360484, 0.0011923597730720678, 0.0012227560810378032, 0.0010963073075769007, 0.0010268355316454846, 0.0011168938389671298, 0.0011977413534594583, 0.0011518744743872955, 0.0012245005303494585, 0.001190326897017473, 0.0012397683824273433, 0.001158587959808667, 0.0010760147515846371, 0.0010755763669896118, 0.0011960055920554845, 0.0010815577155920241, 0.0011140394521284445, 0.0011792603983807987, 0.0011357182707200208, 0.0012197116978527104, 0.0011817211629863366]