Model Setup for Melancholic Patient 11:
ITERS=1000
LEARNING_RATE=0.001
OPT_RESET=None
ATOL=1e-05
RTOL=1e-05
METHOD=dopri5
Input channels=2
Hidden channels=32
Output channels=2
Runtime=181.55885696411133
Optimizer=Adam (
Parameter Group 0
    amsgrad: False
    betas: (0.9, 0.999)
    capturable: False
    differentiable: False
    eps: 1e-08
    foreach: None
    fused: None
    lr: 0.001
    maximize: False
    weight_decay: 0
)Loss over time=[1.9873724448562535, 1.9722005369197952, 1.959164733934329, 1.9471048652544014, 1.9343824151370976, 1.9220024525007167, 1.9102510106352804, 1.898695884595279, 1.886487242950124, 1.876627104413302, 1.8657880375750613, 1.85516288052042, 1.845054590048955, 1.8338006398384765, 1.8231506309679608, 1.813150541574123, 1.8014350378378894, 1.79319568279094, 1.7854025563850406, 1.773908620212798, 1.7634738769836604, 1.75374570229843, 1.743226290233371, 1.7315915453092734, 1.7200548618415648, 1.7073940988346807, 1.6949179590766954, 1.6798325545910033, 1.6687315547443669, 1.6547547254891493, 1.6398523265048226, 1.6275097711521682, 1.6117100378374518, 1.5970791152710613, 1.5818867685796532, 1.5681421510906306, 1.5549407598538307, 1.5393460147046225, 1.5234436273865664, 1.5087153082016906, 1.495549596781914, 1.4814357142306778, 1.4698369712631942, 1.4583020352824732, 1.4439326930593426, 1.4317391668873611, 1.4198096759726573, 1.4081647248611864, 1.39708187659048, 1.3851579797280726, 1.3736208634991158, 1.3620098949028916, 1.3520832303974044, 1.3409692582791335, 1.3287819377702812, 1.3157967244058477, 1.3058643207309062, 1.293645209578768, 1.2808704799504602, 1.2690101915448295, 1.2577689449999667, 1.2457035025654628, 1.2342036081701067, 1.2228272419239872, 1.2122474334339417, 1.2011446830278667, 1.1907705303082852, 1.1812246766446641, 1.1724125206860718, 1.1619633482965448, 1.153500551159904, 1.14437616573818, 1.1352473470319344, 1.1264849421890482, 1.118546375677657, 1.1092653718392897, 1.10001813471103, 1.0914803955691286, 1.082951100736062, 1.0745821996926999, 1.0653596362692486, 1.0561241211808077, 1.0471760189772161, 1.038581378069862, 1.030149291635167, 1.0220984099227797, 1.0133096901942495, 1.004980957135924, 0.9957808752854036, 0.9900870149826934, 0.9794051195103894, 0.9714016647468617, 0.9633048400958418, 0.9559131466570494, 0.9496896558905363, 0.9394888247349626, 0.9289754603570753, 0.9219842295690222, 0.915335683298403, 0.9070815383380655, 0.9012578145626212, 0.8902051064708997, 0.8860318227632414, 0.8785838692071576, 0.8694446834454032, 0.8653396207794447, 0.85473355506731, 0.8489582054588941, 0.8421476714457102, 0.8341233778236264, 0.8287026482848532, 0.8223021755554072, 0.811767775326205, 0.8042213077652999, 0.799954438875691, 0.7925509583702225, 0.7863779880284713, 0.7806031194778121, 0.7696536347363111, 0.7667232373664583, 0.7623568507356182, 0.755597711355151, 0.7481885630339044, 0.7434067805390859, 0.7362165804799307, 0.730112125775786, 0.724488152331969, 0.7189022191194746, 0.7142013035359689, 0.707964460944822, 0.7013916552761826, 0.6960239809725685, 0.6904646231852088, 0.6857801496838447, 0.6801513246092369, 0.672550497618855, 0.6696210347049919, 0.665240796538572, 0.6594029650915989, 0.654072492201092, 0.6501876595658593, 0.6453733470954177, 0.6405381696187785, 0.6354260709819823, 0.630395828521691, 0.6267746280537808, 0.6221937454945412, 0.6171845702487715, 0.6146755300132626, 0.6097632609589322, 0.604521898793735, 0.6011808561255164, 0.5961502389462671, 0.5924176796497378, 0.5890175845567542, 0.5847749155547886, 0.5800782610136656, 0.5765464206746577, 0.5737624269261524, 0.5697773632049317, 0.565863829237376, 0.563020549651532, 0.559101203666685, 0.5568776188965106, 0.5529824925778335, 0.5492214097990243, 0.5430011208773627, 0.5428687847756993, 0.5395419521251283, 0.5366331267405298, 0.5314593725535204, 0.5306990138466702, 0.5276545723026215, 0.5256422882431329, 0.5228360082114963, 0.5209531289570054, 0.5166224270762921, 0.513556539396469, 0.5122017988147367, 0.5088943045446439, 0.506683394757663, 0.5043113004976808, 0.5012243916508896, 0.49876123149375506, 0.49519194002142347, 0.4946093804495461, 0.4921177307835843, 0.4897460927220822, 0.48685810453039474, 0.48413858650113023, 0.4816037521081086, 0.48058687392111776, 0.47654330242091886, 0.47460658470526806, 0.47323115051306974, 0.4697401063122918, 0.46867810192635323, 0.4659437182816138, 0.4634728498820943, 0.4615876823063429, 0.4598495382623696, 0.45814686449916436, 0.4545037706344582, 0.45301861417678796, 0.45059473024819785, 0.4478159787333853, 0.4459062870478024, 0.4440576251018334, 0.44204218154118835, 0.43865158530001236, 0.4387557141037789, 0.4353597779784783, 0.4337811453687243, 0.4320838153148933, 0.42886013722348, 0.4263438021410282, 0.4239014141458552, 0.42241722103272006, 0.4213769146001012, 0.41845749468565996, 0.41677659254455524, 0.41409176446654783, 0.412216787663672, 0.4098361363322622, 0.40704246728472543, 0.40562765069377366, 0.4035282221376205, 0.4010334357518974, 0.39933687268821494, 0.3972677765291944, 0.3947460585128559, 0.39288830699332844, 0.39017388653586577, 0.3875332827210967, 0.3861892555421326, 0.3832399288326329, 0.3807686591575411, 0.3779569783186851, 0.37607086349941876, 0.37411751794520254, 0.37144204423729055, 0.3694495318863132, 0.3671139269674542, 0.3655068282876639, 0.36188212017881366, 0.35971453340251086, 0.3574778541361321, 0.3555878629096791, 0.3537769875759118, 0.3511962096732794, 0.34949481644666797, 0.34667699253914697, 0.3438236044909606, 0.34191314251757493, 0.34005551831674763, 0.3378539473308039, 0.33511996594856897, 0.33347865236818647, 0.33058892576314, 0.327968860112712, 0.32621708893687723, 0.32211393527965765, 0.3214947590435974, 0.31985768152785576, 0.31761892094643884, 0.3153840714162351, 0.31291306605548197, 0.3107621320763132, 0.3088756121745927, 0.3066790347424788, 0.3047758649077346, 0.30288641957460966, 0.30166448918932204, 0.2978386586433799, 0.2958863121800521, 0.29483074109949875, 0.2928904314339587, 0.2903990768576238, 0.28753373109021135, 0.2868563271284998, 0.28358446584245534, 0.28219098742949866, 0.28018808358790803, 0.27880836409275456, 0.2764660703283078, 0.27540996434423454, 0.2727454527289542, 0.271141038081721, 0.26910091154421084, 0.2663270519393487, 0.2653644694449648, 0.2643870797730438, 0.26117006635615075, 0.2595648910360373, 0.2580766836050738, 0.25594369419608226, 0.25363492592013226, 0.25204142353287673, 0.25017284108977494, 0.2484569459249302, 0.24601358192297115, 0.24532573188756765, 0.2431318702274257, 0.24171539919938018, 0.23999711313584723, 0.2386740161672674, 0.23661709992126714, 0.23470822611190564, 0.23201097527820147, 0.23140962666833093, 0.23038410843610813, 0.22885128133972857, 0.22681892717836474, 0.2250792899746113, 0.2241110413603703, 0.2225824123792117, 0.22072319280864425, 0.22065548420281472, 0.2177865116793866, 0.2169563911893155, 0.2155906236311433, 0.21418428359856453, 0.21248090982592419, 0.21125842119127106, 0.21040880611587545, 0.20826055365018095, 0.207281478428295, 0.20560700385313194, 0.20479430207059576, 0.2032840330805028, 0.2023484040749312, 0.2012082164036375, 0.19928033279817933, 0.19837071818508248, 0.19709414760562638, 0.19533024149316514, 0.19418770153344925, 0.19366518493547077, 0.19156123045108658, 0.19124809943608453, 0.1898194696235057, 0.18828396443885306, 0.18747528485016088, 0.18621373780996392, 0.1850496810397038, 0.18330903729396983, 0.18275207593660817, 0.18336473825255803, 0.18027736862772803, 0.3240079709636305, 0.18163281060527484, 0.18527214507411205, 0.18817990269493254, 0.18685920149543156, 0.18673212448164972, 0.18336188634368736, 0.17906468368692688, 0.17393433984085485, 0.1714474398220371, 0.17250118867445083, 0.17284297452431413, 0.1754715657167572, 0.17251615382651028, 0.16792427767203802, 0.16523354920673292, 0.16507863036359643, 0.16422518923697574, 0.1643708423210921, 0.16356579980863972, 0.16147636916619124, 0.16095935889087093, 0.15816085054186715, 0.15726543974841953, 0.1543037630235391, 0.15535801735491359, 0.1549191120551065, 0.153955249265889, 0.15236075722343462, 0.15234819606441122, 0.1507207644175076, 0.1500723935693746, 0.1489765519959263, 0.14769789072725434, 0.14715357037544938, 0.14590930953433243, 0.14476410426721809, 0.14546836218196024, 0.14389929994217357, 0.1431587220025416, 0.14169268984578876, 0.14114772707569215, 0.14000135324410884, 0.1393964754081808, 0.13840992259816218, 0.13751398829025374, 0.13715525919046032, 0.13571578713328517, 0.13471724941376528, 0.1340825418633188, 0.13300922813014468, 0.1322306556750357, 0.13143573530032934, 0.1305851268863659, 0.1299541279644995, 0.1291849928305543, 0.1280066063926337, 0.12734010140360022, 0.12686464075268955, 0.126067234635773, 0.1252468303662742, 0.12462110553765227, 0.12410548042384448, 0.1228130681684124, 0.1223437423299296, 0.12112854201649807, 0.1206668271928836, 0.11981054171178927, 0.11911210890805579, 0.11820817663509763, 0.11769908462548112, 0.11701209654554522, 0.11633676179497505, 0.1156129271541919, 0.11483174001353637, 0.11447094928157271, 0.11345246067938301, 0.11372916535620807, 0.11254981852345067, 0.11207275433058893, 0.11155291312193766, 0.11041238690652669, 0.11008043932361809, 0.10944911621362731, 0.10820809152163373, 0.10779774838075076, 0.10744115050134696, 0.10657711761887861, 0.10661154797481459, 0.10514982445067779, 0.10483087159391015, 0.10489720276461728, 0.10411119569871553, 0.10395619731499967, 0.10327817519087104, 0.10227463667879108, 0.10174158009700034, 0.10131413682531662, 0.10192507888846433, 0.10013443582034957, 0.09957216480794963, 0.09982088928525691, 0.09870752321486265, 0.09796471262813543, 0.09926600845332369, 0.09899492506825279, 0.09647998760956583, 0.09727396837348933, 0.09634168269216627, 0.09541753657423344, 0.09468504551135894, 0.09410820168716158, 0.09365416690221405, 0.09301276196711429, 0.09269105232913825, 6.4539018496877025, 0.10073459019325623, 0.1121123473633801, 0.12543520357987853, 0.13351864938534702, 0.13732331663431144, 0.1357265919789243, 0.14001492673464516, 0.1411801100816434, 0.1369488943201694, 0.12747212467945476, 0.11712595883246978, 0.10815684351706861, 0.10643066231176514, 0.09978431485041472, 0.1007457556549764, 0.09960710777022765, 0.09955336537099288, 0.09951555645060718, 0.09935845300043691, 0.09927297945055305, 0.10327505333599127, 0.10334447300605182, 0.10270799822558435, 0.10130414480017044, 0.10067304661833729, 0.1004213351443433, 0.10100041285545304, 0.0997612648635268, 0.09804098279275243, 0.0969360283715336, 0.09558317962615868, 0.09464377651526461, 0.09593105588768201, 0.0963611596795154, 0.09301424707578136, 0.09154473308680983, 0.09069338391966779, 0.09015651554934673, 0.09038425021137765, 0.08958806592141967, 0.08905944637364831, 0.08846757283854166, 0.08802352369026992, 0.08764303460764997, 0.08726393053674864, 0.08720244638975583, 0.0870903927572975, 0.08684064051473278, 0.08624420223542974, 0.08620281365060539, 0.08499964097259435, 0.08461886915138499, 0.0842907437255575, 0.08392795571961059, 0.08320769095921438, 0.0831926731008505, 0.0831092600063364, 0.08237079085886138, 0.08195248780315524, 0.08171467520161707, 0.08154901347034552, 0.0809537245087867, 0.0807341034703414, 0.08122479293658547, 0.07986412153274185, 0.07957499778920903, 0.07944537139236638, 0.07975936762920627, 0.07875388944888828, 0.07833425122786965, 0.07829691686958494, 0.0779364352176633, 0.07781445064380588, 0.07717230229991037, 0.07707827584594938, 0.0765834406639541, 0.07615334398933814, 0.076081165399137, 0.07538032468620194, 0.07507634323142633, 0.07508128278400948, 0.07479582779091562, 0.07515251269141841, 0.07452099564731642, 0.07361918523115421, 0.07311598795438479, 0.07387255478691404, 0.07300325771446824, 0.07243868751604471, 0.073106382056308, 0.07245732218747648, 0.0718166419602062, 0.0716161356502535, 0.07115449495794332, 0.07071505331905613, 0.07049424587417946, 0.07034716718989903, 0.07007896208346232, 0.0703191083325269, 0.06970456648680884, 0.06929069951864669, 0.069087692355945, 0.06881686037356238, 0.06849574194233264, 0.06807059378775389, 0.0680486533764741, 0.06786404963289315, 0.0677842910836096, 0.06765887032020075, 0.06721976608030494, 0.0669006922955296, 0.0667335713928084, 0.06644513518297886, 0.06643539952100173, 0.06638615802838396, 0.06611258208794167, 0.06560853428764504, 0.06555744501765214, 0.0650919699750999, 0.06474070545572574, 0.06459270009608721, 0.06444751561113048, 0.06378011166255657, 0.063682168155939, 0.06384442429800821, 0.06356872032250636, 0.06348967239577495, 0.06296022778372862, 0.06283440981999149, 0.062493084157386365, 0.06241059407456198, 0.06211679271271024, 0.06195456514588204, 0.061907486616617075, 0.06185797149467686, 0.06147994391018349, 0.061230815338864514, 0.061087549466922804, 0.0614499410418963, 0.06072854115930169, 0.06098472258644865, 0.06023263559097452, 0.06037709286127661, 0.06009493889748916, 0.06003386979621284, 0.05942993938815069, 0.05912965572120409, 0.05900200698435594, 0.05916431606000265, 0.059083630633039126, 0.058513136690600855, 0.0588346705061404, 0.05812881632247837, 0.058084940838421445, 0.057759589664554696, 0.057608841783945076, 0.057659304712005956, 0.058344420877537835, 0.05706916847843264, 0.05687473539302157, 0.05741096089959183, 0.05680036425035178, 0.05669791990658773, 0.05648337860167723, 0.056477440977245164, 0.05604013484566846, 0.056444017373893395, 0.05569217840220891, 0.055492314051969645, 0.05542413320294495, 0.055301227015599336, 0.05561201539407785, 0.0550719887615772, 0.05463180401753622, 0.05440120780741436, 0.05516498155843834, 0.05431710569715973, 0.05407265757879887, 0.05466557693411167, 0.05381276028545334, 0.05385097219731203, 0.05477639164223547, 0.05389268483421558, 0.05389557139967247, 0.05321073428387973, 0.053249926017365806, 0.05330590524035405, 0.0530393559083103, 0.05388480648134652, 0.0521684249159342, 0.052181499551131404, 0.05201031046355411, 0.055236707170830665, 0.05402738371408242, 0.055419316545966144, 0.05366905059401856, 0.05157300091016819, 0.05130142911690569, 0.051218238511871926, 0.05175386927702852, 0.05215496300789821, 0.05280738506028631, 0.05047334173652565, 0.05032870427075762, 0.050136672390919165, 0.050677097387564055, 0.05404759355233935, 0.05056047286898222, 0.0498216874901237, 0.05019420707110056, 0.04984961833570358, 0.049667599891699006, 0.049630421381192454, 0.06722954380143621, 0.04920291051241888, 0.05101404269473439, 0.050901311646835194, 0.051081826328062636, 0.04969819336599988, 0.053644595727967335, 0.04881755507299707, 0.04853087941568923, 0.048540894848860046, 0.05067521155967591, 0.047843324692812335, 0.04813141782667197, 0.047531779661930555, 0.04773455603378503, 0.04759111652415161, 0.04751393044841363, 0.04735941359284743, 0.04710842590689134, 0.046834761168815735, 0.04703853998109113, 0.04686597325598795, 0.04780724784456317, 0.04675139783647882, 0.04673373517548612, 0.04650422952684241, 0.046731388507099104, 0.04631570533072364, 0.046679014231261015, 0.04607373936193373, 0.04609795309218372, 0.04598230076685903, 0.045902538141170283, 0.045627287042063626, 0.04544229427058632, 0.04562463285872629, 0.04538502574888225, 0.045280002724713414, 0.044917258280356635, 0.04497796518594888, 0.04486643859760095, 0.044455684304322, 0.044419919979259, 0.044635421766252265, 0.04455564657486408, 0.04494511984215348, 0.04409093731788798, 0.04430302143558114, 0.04416918331036825, 0.043989403539150984, 0.04382072833667352, 0.043903359797732404, 0.04372547086710459, 0.04341035780629224, 0.0445052315677959, 0.0440619328338276, 0.04319106132388949, 0.04307632376029628, 0.04328451791460167, 0.04311819718580052, 0.04329377962837944, 0.04301503364489637, 0.04290368042332409, 0.04273604556469677, 0.04255391293520995, 0.04314380664700623, 0.04315932961192436, 0.04216275840367478, 0.042408739502343404, 0.04215032568302626, 0.04213939978635497, 0.04209147476554797, 0.04188509031151228, 0.04216153150569058, 0.04176433416051616, 0.04170105756365042, 0.04149064210871989, 0.04136419182334457, 0.04138635329832499, 0.04120790246548843, 0.04142358715596466, 0.041238065333491114, 0.040968835542435335, 0.04157958553767136, 0.04122989150463299, 0.04071673048456025, 0.040920922717907586, 0.04060264179428424, 0.04059400325880257, 0.040735443159595056, 0.04051518001289789, 0.04035624170061287, 0.0403415731776588, 0.04050277063469664, 0.040934889997590936, 0.04011829414050377, 0.040154326304493955, 0.0400734280061048, 0.04006947022944998, 0.03989674633441027, 0.03999914034070847, 0.03966850144851908, 0.039571863789764454, 0.04703176549462567, 0.03954517196495668, 0.03982257614440921, 0.04055354793756032, 0.040224711049553774, 0.03957562433283157, 0.039387754938258746, 0.03897238898840842, 0.038714005518011074, 0.03923636962008552, 0.039473268604214774, 0.04192417606158238, 0.03942247435482056, 0.038887513255628246, 0.03884222859189818, 0.039074198815021284, 0.03961316133764004, 0.03909144649205983, 0.03893142519349871, 0.03844612631104188, 0.03806537998904805, 0.038402795535152585, 0.04057880206019929, 0.039337166520066365, 0.040809327669765354, 0.038394487628382074, 0.038138535851745675, 0.03742058727921015, 0.037812183647739334, 0.037520605269507595, 0.03770844306796708, 0.03786649543753277, 0.03813966995737256, 0.03760374707080107, 0.037704952890969326, 0.03724663885903735, 0.03710761982594337, 0.03697029217113654, 0.03696378832917275, 0.038316459476398716, 0.03721086904280485, 0.037387803611166386, 0.036624895941899084, 0.036746099169109585, 0.037126505716389015, 0.03651911673860435, 0.03668502131198004, 0.0363985167573436, 0.036382436080107286, 0.03646610867523167, 0.03608864834380724, 0.03620802652757255, 0.035790394720613954, 0.03815773323276506, 0.03640325720983667, 0.03648507216601198, 0.03633468996005292, 0.03600969535115343, 0.03609879094903627, 0.03608796097166553, 0.03617212561742174, 0.03614214760803879, 0.03574828726820066, 0.03551869003355814, 0.03590106622831863, 0.03557437829849051, 0.03531555573561158, 0.03598566520821797, 0.035598216137085185, 0.03520939362480174, 0.034992246389144666, 0.03520219223576185, 0.03493710705092261, 0.035094337795356735, 0.03497085438164979, 0.034884293499663994, 0.03485379824715663, 0.034728161100761275, 0.034795998389694, 0.0346357967055702, 0.0345089479598964, 0.03483702408246573, 0.03463113223201335, 0.03447806579753469, 0.03441085268135566, 0.034503989251160556, 0.03432005127960046, 0.0341904467362216, 0.034091767006079285, 0.03489493415293352, 0.034196621005035295, 0.033943227332154664, 0.033782999455004084, 0.03435613254838061, 0.0338353708400893, 0.033815431607221676, 0.0338585300293769, 0.033624287867653445, 0.03362097424656327, 0.03367563441207184, 0.03393859372401177, 0.033723884106682374, 0.033751315306456864, 0.034757244914745335, 0.03355013877249686, 0.03362095140040666, 0.033158778658247956, 0.03308171576120334, 0.033210627598937066, 0.03296647743832105, 0.03312836964202231, 0.03348718336460422, 0.0330012267286631, 0.03429160699868795, 0.032889387070006056, 0.032823204448815924, 0.032562713352326, 0.03292167507996854, 0.03258372562426122, 0.032559949876492016, 0.03263370116532943, 0.032261298068614004, 0.0320627257752033, 0.032404887786287924, 0.03244848908496468, 0.032667352121196314, 0.0319391694184697, 0.03229863448045364, 0.03217732759081943, 0.03254167143475258, 0.0322467438296451, 0.03199527813329808, 0.03175999972220161, 0.0317087184172119, 0.03218935932771407, 0.031695608185354676, 0.031314703875192994, 0.031616724484717335, 0.032466883485527655, 0.0316819283049869, 0.031297747558974714, 0.03162765642056791, 0.03134034812371796, 0.03409670503710746, 0.03110962561460132, 0.03164532834953764, 0.0318742271513151, 0.03206468252614011, 0.031986739044125766, 0.03140706301032818, 0.031205517623118798, 0.03742305211987978, 0.031692477500635856, 0.032565777381358026, 0.033213987006691675, 0.0326668077285264, 0.03201904277715384, 0.03142871682663191, 0.031193183107543012, 0.031330087581226754, 0.03073154484613543, 0.031195193045744304, 0.03085020170784243, 0.030577928939253807, 0.03058994313856044, 0.030845552747458815, 0.030063036453010086, 0.030340973749001295, 0.030394199456371604, 0.030462812455789665, 0.03053577064347387, 0.0301547630559698, 0.030290248073134254, 0.029920291294943658, 0.02985075911638301, 0.03004777622922458, 0.029981981790256518, 0.030046269110944383, 0.029979988983472265, 0.02959947074883766, 0.029579172348662728, 0.029408846919718627, 0.02937635066476034, 0.02938513222360201, 0.029372647052008996, 0.029538655743874275, 0.03459320871946277, 0.029492298403974656, 0.030007032695104574, 0.029774759715962617, 0.02984369547802951, 0.02926329798486249, 0.028897039417992546, 0.029068150680504612, 0.029273487817438795, 0.02847170261992467, 0.029522409762541283, 0.029447262113993733, 0.028882802337590538, 0.029157279778555378, 0.028948338865679057, 0.028711253510475074, 0.028906877882599533, 0.02882950775727562, 0.028603031090027584, 0.028537647468782776, 0.028689149724358085, 0.028402657744769414, 0.02818176369745993, 0.028693667002998656, 0.028425299612459844, 0.028094965706218337, 0.027985462230004168, 0.02806277963648892, 0.028138355088144443, 0.028275475792638984, 0.030577210634832243, 0.027698046520832784, 0.02798877001263885]