Model Setup for Melancholic Patient 1:
ITERS=1000
LEARNING_RATE=0.001
OPT_RESET=None
ATOL=1e-05
RTOL=1e-05
METHOD=dopri5
Input channels=2
Hidden channels=32
Output channels=2
Runtime=155.97013902664185
Optimizer=Adam (
Parameter Group 0
    amsgrad: False
    betas: (0.9, 0.999)
    capturable: False
    differentiable: False
    eps: 1e-08
    foreach: None
    fused: None
    lr: 0.001
    maximize: False
    weight_decay: 0
)Loss over time=[0.9196844429472808, 0.9011232468003059, 0.8837011044549947, 0.8659945503796572, 0.8488070147672137, 0.838102613383493, 0.8243159878849533, 0.8107932472112065, 0.7990893918809623, 0.7874158454593282, 0.7750026550899537, 0.7635250696993439, 0.7522121741658124, 0.7405334502726625, 0.7274856975832911, 0.7174961470150053, 0.7046862903844032, 0.6947206582068289, 0.6828159640897975, 0.6686736045661693, 0.6579055079371091, 0.6474961005964404, 0.6351105880107146, 0.6233443973811976, 0.6130438506962609, 0.6027574324896606, 0.5944273872911624, 0.5848565865028821, 0.5756694281453161, 0.5679885297962137, 0.5595259653670137, 0.5510673776965729, 0.5448861815336329, 0.5388441798202722, 0.530821053957563, 0.5246924929925145, 0.5169537291535454, 0.5132258058733221, 0.504664029121243, 0.498074774524879, 0.4932012564146558, 0.4864258881666044, 0.4804520966587573, 0.4743352442256031, 0.46883558273707693, 0.4630520452704571, 0.4552149420988952, 0.4494404343679533, 0.44256810271276703, 0.43689592179008313, 0.42856507892775864, 0.4218309216656395, 0.41758681136961334, 0.40992477840138625, 0.403356735522825, 0.40010779070299934, 0.39475985836536603, 0.3890204380397146, 0.38194887189676124, 0.3760542038022148, 0.37174112942148435, 0.3664121236212805, 0.35892809663158604, 0.35419031263450246, 0.3499724535351205, 0.34499828744686917, 0.3405857178374132, 0.3353518796297733, 0.3313990360409511, 0.3262347218595299, 0.3220312219959461, 0.31608024328853634, 0.312247014061303, 0.30781404746182534, 0.30373800292779496, 0.2997359123993514, 0.29441520504870106, 0.291264897666024, 0.2871650611645915, 0.28217706282433885, 0.27953233638201613, 0.27519317879031757, 0.27194080407018, 0.2688464933544031, 0.2657136758320926, 0.2627664579058127, 0.25852090064406014, 0.255117794414488, 0.25281067233698185, 0.2500192006439193, 0.24569447568117872, 0.24355384518487017, 0.24104829967773878, 0.23722794232746722, 0.2352053681811313, 0.23187080923952685, 0.23099864887672236, 0.22734520866220648, 0.22482952001734577, 0.22270991558961734, 0.2202690235540665, 0.21770027605975775, 0.21491845628994313, 0.20993449338447762, 0.21041888030057762, 0.2088447805405074, 0.2060287262662133, 0.20490206591703394, 0.20228588813685144, 0.19948581655541797, 0.19691582209242234, 0.1948529595604305, 0.19410357230629993, 0.19192053481861562, 0.18858337364261113, 0.1869186743738884, 0.1851643338209928, 0.18323908921804372, 0.18076840804123503, 0.1791676276219594, 0.17764729424558043, 0.17543885730254521, 0.17409311689931484, 0.171941667259974, 0.17051473435444245, 0.16784023845560953, 0.16703245841718226, 0.16583173219853006, 0.16372013791514395, 0.161976754969969, 0.1599659428834227, 0.1585056627510996, 0.15681698057495186, 0.15572326149503593, 0.1530854490612876, 0.15168207579489099, 0.15056281804078744, 0.14900116553813222, 0.14740632634593034, 0.14499971487795002, 0.1446269966442933, 0.14180982882849844, 0.14030487661631125, 0.1391692917686958, 0.13803197246925253, 0.13594448429184772, 0.13496660605842203, 0.13303033021853686, 0.13189050979726782, 0.1302374454383668, 0.12862588546634116, 0.12879735531786743, 0.12700709037124427, 0.12472797542799442, 0.12343922054241023, 0.12235997932824182, 0.1211712537176979, 0.12015891680153329, 0.11860470866252207, 0.11689195078050768, 0.11586347292269926, 0.11489214880442387, 0.11332178875594434, 0.11223320254512979, 0.10986649559029571, 0.10923196705361624, 0.10814463824830217, 0.10689636097000937, 0.10584138795028855, 0.1049850571769431, 0.10378445017361693, 0.10232973571084397, 0.10108254911565422, 0.09977267879297892, 0.09936998891831034, 0.09833301527412573, 0.09748452802850496, 0.09610048488907513, 0.09581876762033968, 0.09350111757987102, 0.09298748653113777, 0.09100699474132896, 0.09190603522572945, 0.0895022750566941, 0.0889818150210353, 0.08747781899024219, 0.08645316482427313, 0.0898963078812106, 0.08680400902206341, 0.0847809415118595, 0.0943654750051548, 0.08146046112798433, 0.08546223536567721, 0.0859060812258438, 0.08253522208968195, 0.07861969467384507, 0.08315584127503244, 0.08127448737755803, 0.07600120556810613, 0.07566894244205015, 0.07798899080774316, 0.0767961532114891, 0.07297022040336604, 0.07253023569302733, 0.07266376793839185, 0.0724452282053638, 0.06933152037215602, 0.06974014803024133, 0.06863434547704363, 0.06867220533733816, 0.06701352173905596, 0.06639088736779904, 0.06522768720796462, 0.06448398098211783, 0.06432623893744782, 0.06285505270925612, 0.0623821238299451, 0.06220472865021092, 0.06096334201180513, 0.059934720749999684, 0.059778577686453234, 0.059140509425107964, 0.05818821416375292, 0.0573894232687959, 0.05630478052727014, 0.05587272086688913, 0.05614633939650682, 0.054817863399556056, 0.05443890573389283, 0.054099013786385604, 0.05376376939861565, 0.05206756128018795, 0.051768185710157795, 0.05194986634440741, 0.051046390677997405, 0.049745413199061055, 0.04908217066737302, 0.0487866787155055, 0.048342620649127394, 0.0475360634146774, 0.04717296686912764, 0.04652727294488172, 0.046050043353936185, 0.04543869130534022, 0.04523113480018071, 0.04468340275055604, 0.0446108520821815, 0.04369138475209317, 0.04331343446974556, 0.042572431439966064, 0.042623144666463025, 0.041556956431602544, 0.040977588155263894, 0.04099250914102425, 0.04044135042811722, 0.039872143705490415, 0.039421023779327775, 0.03907019168170508, 0.03901924137495178, 0.03893423320542006, 0.037884543929046714, 0.03735393196630559, 0.03749032642450741, 0.03659459153683909, 0.03610088278470133, 0.03593778661763981, 0.03527872430483601, 0.03497741667460266, 0.034487077714072285, 0.03410324855080185, 0.033628796977384516, 0.03340480546009705, 0.03322856797403659, 0.032716013643378776, 0.032001768031198946, 0.03220675881741713, 0.03231505558513313, 0.031183732950376266, 0.03114252590879504, 0.030813687649562535, 0.0305051609908816, 0.030276583449596575, 0.02957950787903862, 0.02957583834816713, 0.029532251230697703, 0.02857922709730273, 0.02836830093983739, 0.028282783083530494, 0.02835833648165039, 0.027858880562617885, 0.027356843839830534, 0.0270315067516099, 0.026887300719980155, 0.027307314759890546, 0.02629504986584323, 0.026126701386209265, 0.025920939776282324, 0.025672504392667658, 0.02549799715515808, 0.02499420770545013, 0.024671416956429618, 0.02455467790508975, 0.02419736177432794, 0.023964914840820063, 0.02367213589491066, 0.023219190888878895, 0.023401858669703644, 0.023079752321056624, 0.022840065388529986, 0.02273115631402088, 0.02242702647616796, 0.022093488364501455, 0.021957390940299085, 0.021826225844234968, 0.022338984730011904, 0.02158137051929201, 0.022209459692665457, 0.02153553876309757, 0.02107536773844504, 0.021531563501866583, 0.02167274321246402, 0.02117795828916579, 0.020101242210578144, 0.020184996618199745, 0.020293353722981685, 0.01987971494580901, 0.019178487770771153, 0.019203830544654233, 0.019449741871910255, 0.019071689519271, 0.01898307074442053, 0.018679734557291803, 0.018429107807902186, 0.01960807690919753, 0.018128895110681074, 0.017908032152429962, 0.018269088754889737, 0.01767398395673643, 0.01818559464810948, 0.017684577838362546, 0.01755568172772124, 0.01708301049434943, 0.016866214588159758, 0.01677346760933982, 0.017252248797335726, 0.01666829942311212, 0.01638396890043074, 0.016285976589453008, 0.01631630951143431, 0.016216086082809573, 0.015817947033062548, 0.015825114303946345, 0.01560480673126443, 0.016292458186768086, 0.01541595795918964, 0.015349771190347035, 0.015526094481080964, 0.015099460236108041, 0.015035745542826091, 0.014963071401972384, 0.0148879527766922, 0.014586521126231895, 0.014692706101102126, 0.014495406995966314, 0.014966482551384013, 0.014329467231993277, 0.014129891031342517, 0.014109891531924074, 0.014235536968215216, 0.01393797983385674, 0.013645679235012866, 0.014053200618503146, 0.014181564379363713, 0.013950036278193946, 0.01344103288536394, 0.013561250399236032, 0.013648100744443304, 0.013247767297723378, 0.013108443666099829, 0.012888980767717745, 0.01291236092329648, 0.013134996166445445, 0.012780944652772564, 0.012768786453175638, 0.012555878197066618, 0.012536258094767274, 0.012393288395723356, 0.012664791266998994, 0.012308577643439534, 0.012169512815169923, 0.012149920682718368, 0.012060274652467852, 0.012229458571108177, 0.011911286477515597, 0.011869247259082378, 0.01180108272697464, 0.011925564844938922, 0.011759795892363804, 0.011656863974495297, 0.011533648118545799, 0.011451196314896024, 0.011510902577144377, 0.01133242766311203, 0.011381346351203985, 0.011670215368176983, 0.011191207286886273, 0.011042843860581976, 0.011384979983321452, 0.010968936861533137, 0.010933189089386432, 0.010896097616602141, 0.01080692671302257, 0.010841611876280079, 0.010740044152749106, 0.011015578082846686, 0.010611554315912007, 0.010677611434758568, 0.01057645896436094, 0.010480556404622574, 0.010573926227665858, 0.010386497313774863, 0.010339757818637869, 0.010369943607885734, 0.010275916526520395, 0.0101645523408002, 0.010353900113042764, 0.010135448178847121, 0.01011240525569587, 0.010245739909426226, 0.010048812908458452, 0.009912105168551946, 0.009878638787246723, 0.009835126071161236, 0.009953867005051147, 0.009914378445469425, 0.009923858398107336, 0.010005491430138815, 0.009755653689514117, 0.009608643408019103, 0.010270371888730976, 0.00955339742246852, 0.009487647013265956, 0.009478378518148747, 0.009561853049741782, 0.0094413372223305, 0.009488202635962352, 0.009530296330273998, 0.009281819009184508, 0.009205024791992726, 0.009181145085527203, 0.00959764992366499, 0.009367602236187085, 0.009206663300737453, 0.00900673132176474, 0.009077942805287675, 0.009018515172281541, 0.008943331367645437, 0.008996245100572585, 0.00896194283403323, 0.00900867798793352, 0.009024994836551255, 0.008830887244381956, 0.008897655977253947, 0.008929018836168938, 0.00873479121619006, 0.008622575204184147, 0.008771330323001078, 0.009004089760454876, 0.00866695398490524, 0.008555517973171271, 0.008584272604370538, 0.00864515246825125, 0.008562212865645428, 0.008512020248440012, 0.00841300677317506, 0.008567256912092891, 0.008460171312266602, 0.008370000961275373, 0.008485929902476711, 0.00845568742659692, 0.008277370690712701, 0.008256890136280557, 0.00833953605941331, 0.008245879112957948, 0.008190934694542662, 0.008258140308562811, 0.013247047745962616, 0.008086367469677275, 0.008441013693612026, 0.008092451430832731, 0.008149502121898607, 0.008148306070708404, 0.007966715774237, 0.007857963646133208, 0.00794331484075972, 0.007876133418700717, 0.007917722125139493, 0.007961657988677946, 0.008149026044505401, 0.007939667008601074, 0.007877240800110716, 0.007710238018993009, 0.007903641489675688, 0.007944530334672515, 0.007927490478291364, 0.007817949855408015, 0.007732384790640394, 0.007597869042457738, 0.007615990557343012, 0.007669798883197341, 0.008125348437700864, 0.007682107997389289, 0.0074888936979941815, 0.00749605019304814, 0.007593225875338199, 0.007412344847246561, 0.007485401177990556, 0.007887095737788253, 0.007317827929349391, 0.007429635623545713, 0.00736630861579565, 0.0073532133839898225, 0.0073444659191076326, 0.007290650327939565, 0.007322158703369558, 0.007244860467024213, 0.007248070831953199, 0.007138847701811412, 0.007856696782685387, 0.007149345370088562, 0.007171651384930399, 0.007181637198695531, 0.00718016556755586, 0.007334535164466066, 0.0072386325544606354, 0.007152565406649009, 0.007064092949492929, 0.007059426001630683, 0.007034810586375848, 0.006983332091186669, 0.007247906741597963, 0.007023230950404677, 0.007017295377763569, 0.007047963455804171, 0.006883576178133944, 0.006937311788353467, 0.0067541843037213, 0.006874119194258548, 0.006828176923518787, 0.006829029730464785, 0.00667482236312828, 0.006890333005728686, 0.006701521487254582, 0.006808324236467975, 0.0068397094824770134, 0.006746005686438405, 0.006776966355905978, 0.006697905621641229, 0.00673307066448403, 0.006720581814196042, 0.006662074117070187, 0.006609006638110483, 0.00704289858171542, 0.006588374419099066, 0.0066206016681548486, 0.006513068811726929, 0.006616485312087844, 0.00652165562551876, 0.006528638060516887, 0.006439078871642687, 0.0065239721247398125, 0.006451577817579484, 0.0064850662249316396, 0.006492037367447654, 0.006665745010005887, 0.0064559936364268575, 0.006395932681663222, 0.006627818916651634, 0.006969941233731433, 0.006293223563772312, 0.006325485602323878, 0.0063264520166414874, 0.006303453390440792, 0.006821701992741081, 0.0062309327618381045, 0.0062915504996058245, 0.006378202723279754, 0.0062334406629890515, 0.006112741123110504, 0.006150557749025931, 0.00672045558932663, 0.00639231049110832, 0.006173949708414581, 0.006127699821032611, 0.006182483104242672, 0.006143189515761854, 0.006278457968096869, 0.006112903515685066, 0.00631676249097462, 0.006285491891795032, 0.006337751637170493, 0.006055813009287519, 0.006155571718563676, 0.006124227797822595, 0.006039069213018265, 0.005977389496317756, 0.006090378767852369, 0.006088420843397899, 0.005923354483061535, 0.0059054744638913385, 0.006224854303598956, 0.005851353510816212, 0.006468017370174769, 0.005903261465169001, 0.0059506246654627195, 0.0063033514682151815, 0.006048945513672976, 0.0064293212283809105, 0.006279791489554347, 0.0060880524412846755, 0.0058461416930380376, 0.006075379371362604, 0.0060184578651324, 0.005835549619915509, 0.005955023958100383, 0.005772155978556406, 0.006062367870604316, 0.005703772239999472, 0.005670114145389947, 0.006036813141837913, 0.005793827570500754, 0.006026295277507711, 0.006074281741637855, 0.005754604882951347, 0.0059622452765104314, 0.005698832493257519, 0.005636775481180605, 0.005679261605306876, 0.005971049486682132, 0.00588492521806938, 0.005656786042311017, 0.0060658042607688815, 0.005620100488565645, 0.0059996034021797765, 0.0055799947958160715, 0.005634455899084427, 0.005565795477064664, 0.005501827133415229, 0.005727786841140229, 0.005507179157706283, 0.00543672631363686, 0.005570188470039949, 0.0063506274183353926, 0.005510781340768604, 0.005523593536853459, 0.005441783994703323, 0.005594013567999282, 0.005565276949843754, 0.005505165650150035, 0.00549049013115475, 0.005476220422463139, 0.0054019602685477916, 0.005446967198320912, 0.005620790744889018, 0.005342882206691909, 0.00540110612110574, 0.005351654371677212, 0.005421060747389832, 0.0053400606209279755, 0.005355901964004418, 0.005296541967800474, 0.005253869162330777, 0.005294547900431275, 0.005219622770278441, 0.005235622118291595, 0.005200071480181674, 0.005311516816272691, 0.005307260150718914, 0.005328033391512388, 0.005213618603237554, 0.005257850165359309, 0.0051866198516083515, 0.005242391910023545, 0.005226522978447592, 0.0051977194863080676, 0.0052831924601714755, 0.005205475633177212, 0.00510763280273977, 0.005200053506594405, 0.0050029191505768615, 0.005248648715178996, 0.0053976346983088015, 0.005268025515025568, 0.0051805997651028345, 0.005094874843333502, 0.005182203544321443, 0.005225790436003898, 0.005190708199040734, 0.005374498962999661, 0.005301873956391042, 0.005026737865547912, 0.005057267208226892, 0.005050468230275291, 0.005110904110601632, 0.005281523478099555, 0.005631145059726136, 0.005064697211807817, 0.0052424046979427825, 0.0052207020160941735, 0.0050480226958472115, 0.005072926985970914, 0.005191404476439198, 0.005122335918372681, 0.004934120356101409, 0.004952106290887884, 0.004909694443793431, 0.005019922376716064, 0.004840742315493442, 0.015336719847766762, 0.005184611293026779, 0.0057402348179346205, 0.006299499401092465, 0.007755422888743078, 0.008222292442024713, 0.00895342326562515, 0.0080928393925923, 0.007216964525772537, 0.006627614336422413, 0.005890637279255378, 0.005134843890480474, 0.004799661533701968, 0.005722053754206583, 0.005627708945621191, 0.006342277394702725, 0.005240641532789827, 0.0055982664302063724, 0.0047420879613547, 0.004787569214144264, 0.00489768981368369, 0.005012298721485135, 0.005175997965113159, 0.005388256195395155, 0.0052769080513621275, 0.004954328357528387, 0.005398632959460295, 0.004708019922046277, 0.004640654831679033, 0.004800953263987744, 0.005194971301583684, 0.005038138858204166, 0.004947105567128325, 0.005021904159274881, 0.004616385229464808, 0.004616607078305394, 0.00473106631912663, 0.004969316478865154, 0.004755173474326072, 0.004730576314924255, 0.004906728196015359, 0.004621628536124526, 0.004723149184862823, 0.004677625981084576, 0.0045134699195486785, 0.004583004310551601, 0.004585358399491956, 0.00462652199610757, 0.004476078422644623, 0.0045036794780597515, 0.0045225465301570785, 0.004413199737685416, 0.0044808346297819214, 0.004465083904758003, 0.004534953130720592, 0.004442758327463889, 0.004519309304756498, 0.004619869040641254, 0.004491079771429468, 0.0044761300118389856, 0.004430842954671975, 0.004388812772516339, 0.004496950134523078, 0.004484682180792451, 0.004515514112620856, 0.004618441791350889, 0.004442454488851804, 0.004676057161766722, 0.00431321639333221, 0.004745138551036787, 0.004421115082564739, 0.004540037522532166, 0.004519925482606047, 0.004646387254233017, 0.004492735142848269, 0.004499055966430515, 0.004451859905261955, 0.0043464456975294795, 0.004318352322205071, 0.0044051739675385285, 0.004447110663806726, 0.00425405205591648, 0.0044937544998075955, 0.004436888875498666, 0.004411240132337175, 0.004307841278293564, 0.004521580572189249, 0.004345551379510761, 0.004367225120404128, 0.004388564069942731, 0.004382263983424451, 0.004261930238252539, 0.004350400899450996, 0.004187285141187097, 0.0041839327112838595, 0.004257941972154486, 0.004220766612443318, 0.004484615443409134, 0.004148820523050169, 0.004333557086465329, 0.004219251542090783, 0.0041334976477105725, 0.0041441890033302115, 0.004208821536414748, 0.004183534858721989, 0.004191334021558446, 0.004159432116929587, 0.004127328497671935, 0.0041682737833706384, 0.004144401540663533, 0.004179259505223438, 0.0040927334033536555, 0.004217309058720087, 0.004061637718587985, 0.004297961433834433, 0.004192882890738301, 0.004151478755167796, 0.004115999867696669, 0.004151555760163284, 0.00414198698742572, 0.0042731057024328525, 0.004144628006980867, 0.00407725282293747, 0.004144845108984736, 0.004147762396369056, 0.00402043875489104, 0.00413552956013769, 0.004035116007202624, 0.004030210798178769, 0.004011880536288167, 0.004063781577963178, 0.00403779103225468, 0.0040081527943521605, 0.004025686500205904, 0.003973127284090924, 0.004027527322423779, 0.004067137715433729, 0.004188390022957917, 0.004010405147655689, 0.003921660998893503, 0.0040847566672337805, 0.004082793775319776, 0.003996613798604753, 0.004038709786483578, 0.003979571301279433, 0.004062757532733256, 0.00411202292818503, 0.004104453751717931, 0.003986152817092141, 0.003954117555979053, 0.003915374556993118, 0.003908898635455295, 0.003934909043286696, 0.004535623551295539, 0.00391165219721517, 0.004020957127920396, 0.004064601530446487, 0.003915926795273095, 0.003989919941525275, 0.003988826990922588, 0.004007223438911617, 0.003988086701080861, 0.004078085058470627, 0.003978818708341643, 0.00393593075798002, 0.003874319420317811, 0.003832895187399843, 0.0038158174108727304, 0.0038767975037522955, 0.004088049032213898, 0.003972395119349838, 0.0038065416279963933, 0.004034560865267541, 0.003888606089344186, 0.0038749575600139823, 0.003855564709567345, 0.0038347570977395485, 0.003869215853654942, 0.003917702579592907, 0.0039145066393031615, 0.0038928107719560776, 0.003957003998904034, 0.003855989340483909, 0.003887876195463807, 0.0038045304375722536, 0.0038836370803217255, 0.004458808257355462, 0.003731101964173239, 0.0037602726765585013, 0.003788526846571055, 0.003751827175045183, 0.003739347881357002, 0.0037716052931909823, 0.003771162553249304, 0.00380410892337188, 0.0038331030229837933, 0.0037698856171258233, 0.0038584381443230796, 0.003786138847079086, 0.003747931498990738, 0.003718343477422009, 0.0037448962081665376, 0.003747333302077459, 0.0037445600876541045, 0.003744298574211023, 0.003717958258454952, 0.0037193839538707143, 0.003695839504483515, 0.003731179675901731, 0.0037077729709676928, 0.0037562188162341193, 0.0037999462144957864, 0.0037261611897998173, 0.0039839304080787835, 0.003814968957232193, 0.0037205661955786074, 0.003750513289698375, 0.0037438356173896707, 0.0037840101728229404, 0.003789866046714085, 0.0038416763857139586, 0.0037431379266162344, 0.00370072498633732, 0.00363293450619753, 0.0036709171862738172, 0.003795691794434261, 0.003655376073902787, 0.003597770246282436, 0.0037744149302097545, 0.003702337641723419, 0.0036115675113022414, 0.003620788717794121, 0.003846718092319937, 0.0036184147476103308, 0.003614005324216708, 0.003645144007762326, 0.0036225819674346473, 0.003684110975029285, 0.003646416397138069, 0.003621009765093906, 0.0036476243471020397, 0.003681082261388345, 0.0036101601938710454, 0.0036467457617355525, 0.0035653683160739454, 0.0036432450329041675, 0.003559597336188784, 0.003586286545684482, 0.0035648219814452247, 0.0036386808610253817, 0.0036195643531057547, 0.003658361579094373, 0.0035611072513607772, 0.0037133764318425357, 0.0036944383671421834, 0.0035907433879031423, 0.003693905445264349, 0.003643025425868408, 0.0037583270751201294, 0.0037304550939609767, 0.003575204722190373, 0.003599806932643158, 0.003547758527473194, 0.003525475531785976, 0.0035237580923131572, 0.003535142155922419, 0.003656164925043455, 0.003590062996897245, 0.0035011554197112204, 0.0035093821022026714, 0.003483703159637695, 0.003565882274108384, 0.0034879198869906206, 0.0035673365963521677, 0.00351909382007157, 0.0035304463626373017, 0.003543509555517244, 0.0035458130144227222, 0.00359643284713892, 0.0035057327394240746, 0.0035541643189654208, 0.0035091249908106538]