Model Setup for Control Patient 8:
ITERS=2000
LEARNING_RATE=0.001
OPT_RESET=None
ATOL=1e-05
RTOL=1e-05
METHOD=dopri5
Input channels=2
Hidden channels=32
Output channels=2
Runtime=310.015184879303
Optimizer=Adam (
Parameter Group 0
    amsgrad: False
    betas: (0.9, 0.999)
    capturable: False
    differentiable: False
    eps: 1e-08
    foreach: None
    fused: None
    lr: 0.001
    maximize: False
    weight_decay: 0
)Loss over time=[1.126568690562703, 1.0761312180075033, 1.0320480187704968, 0.9940388605923182, 0.9557291417083366, 0.9226789502084067, 0.8889891689161034, 0.8544445905753819, 0.8230284851204623, 0.7917865854557719, 0.7620036018352234, 0.7284101552069725, 0.6991388504741122, 0.6696024850936731, 0.6391650596793831, 0.612917306746342, 0.5861895613344684, 0.5573360817469791, 0.5316671396479957, 0.506250525534464, 0.4797730302683409, 0.46015035875925037, 0.4380370316790867, 0.41808586709604717, 0.3983491492840114, 0.38127073695124375, 0.36504171859682694, 0.3509545160975728, 0.3374229440984155, 0.32729162041220616, 0.3162651314609899, 0.3063070890947061, 0.2969290432560119, 0.28877795573543863, 0.28111505836139505, 0.2733540891551321, 0.2666603755131777, 0.26072864095991877, 0.2554462412801031, 0.2500015699765232, 0.24466013263765943, 0.23963382195499439, 0.2349345191085104, 0.23048519283609592, 0.2259572983013853, 0.22141316805784553, 0.21727263403375377, 0.2132117154689028, 0.2088160273028189, 0.2048678308128114, 0.2012569324342522, 0.19693426158149976, 0.19392529602602754, 0.19024097620270267, 0.18678742351898261, 0.1836658417731855, 0.17987021540999576, 0.17703855069399424, 0.17412647275706178, 0.17174187156850218, 0.16951158307035988, 0.16654412340806649, 0.16442226296787277, 0.16215766810447593, 0.15990861786845534, 0.15731667586222597, 0.15516107944412075, 0.153950287470333, 0.15126489357102832, 0.14986351309512255, 0.14725938881033554, 0.14541453795976486, 0.14391944034997614, 0.14229109964573128, 0.14072660952900515, 0.13854055184508, 0.1362710638769019, 0.13542731782926476, 0.13419419250564693, 0.1325641864452421, 0.1311142330635357, 0.12984162706158126, 0.12849169243803152, 0.12712876994509703, 0.12586107864563803, 0.12445630630603705, 0.12327752713932756, 0.12181746392208907, 0.12057319293591373, 0.11942735046821241, 0.11775555067874875, 0.11655105746387977, 0.11575256287264123, 0.1137771259724079, 0.11247552167830534, 0.11184638011062367, 0.11083686009277259, 0.10964202777648842, 0.10825491455408161, 0.10727311378226832, 0.10596061270163956, 0.10541823776944682, 0.1038361827249673, 0.10283287865992943, 0.10186539499516269, 0.10073240929565573, 0.09968248366291493, 0.09877763315965261, 0.09751927392529139, 0.09662138152825205, 0.09532614321298913, 0.09459269853439918, 0.09366591924056303, 0.09239656423696513, 0.09225425979044202, 0.09064931085307941, 0.08931578149392666, 0.0907477949031848, 0.08850384247423866, 0.08781841065712705, 0.08623210353771492, 0.08516114048465939, 0.08467786148417801, 0.08384069091890105, 0.08324657544990272, 0.08200514261211123, 0.08114622791355755, 0.080128754811711, 0.07947404287357751, 0.07881652522206054, 0.07747710681053731, 0.0772082278610985, 0.07686651880196624, 0.07594981324884414, 0.0750866536314985, 0.07428210648484894, 0.07340326807288083, 0.07299510495510439, 0.07192448772287267, 0.07123229855529446, 0.07019044054988922, 0.06943592350237965, 0.06896650362573427, 0.06812642105292938, 0.06837920556975857, 0.0677554937978161, 0.06666714360501137, 0.06535596802323614, 0.0647413023050941, 0.06446674516384504, 0.06416881930366035, 0.06363204802226169, 0.0637011615352771, 0.062372094289068154, 0.061715675268484226, 0.0612836387909476, 0.060769333890901826, 0.06014394236992068, 0.05971051130274623, 0.059164311354539326, 0.05878284423001396, 0.05804521259415776, 0.0572369458949495, 0.05674865787049206, 0.0562688981649758, 0.05613595937800264, 0.05530389783864275, 0.0542801783324421, 0.05393196839169013, 0.053563270676080715, 0.05327890229925174, 0.052995737775104274, 0.05240586489606354, 0.05206731688740978, 0.05088702115667327, 0.05088539007797383, 0.05050961272309871, 0.0498915393267435, 0.049230868912743746, 0.04846321249013424, 0.049034792105685426, 0.04809739275795162, 0.04782150425607237, 0.04744364590652123, 0.047119898349774106, 0.04641116572429305, 0.04602851587423766, 0.04575271171601337, 0.04541119680827364, 0.04493702763993242, 0.04434961767304423, 0.04412293631528004, 0.04383125290122769, 0.043527520878128015, 0.04283917514436663, 0.042814677303791605, 0.04223576050372582, 0.041854838844605495, 0.04135019509365212, 0.04108093102998292, 0.0407526419520777, 0.040374595572828346, 0.04002743171102136, 0.03988979337334377, 0.03944464768579086, 0.03897950678608902, 0.038723710587304644, 0.03847754563138894, 0.037985670746378465, 0.03771005822805124, 0.03758133112032263, 0.037021033248204445, 0.036808105723485314, 0.0366041852719399, 0.03615402870487724, 0.03594642770584221, 0.03554358598719031, 0.03533677443296814, 0.03506328425280206, 0.034670700026989416, 0.0345864043213336, 0.03444128142152392, 0.03390630937648311, 0.03385741701619574, 0.03356873762968317, 0.033383728280367016, 0.033332367879668486, 0.032796509605208746, 0.032615794616137436, 0.03269567278842625, 0.032218407697170506, 0.03170461749934365, 0.031544877036639066, 0.03142545439494509, 0.031060157584246743, 0.031035694366214162, 0.030665857777496832, 0.030716338709297675, 0.03034567992411649, 0.029997999937125597, 0.03005852137960581, 0.029843652891757156, 0.02953090944757281, 0.029240599763785267, 0.029557223834445114, 0.028968397684111125, 0.029233298014070576, 0.02878621953732151, 0.028670501995493702, 0.028538146826762822, 0.02828014856575226, 0.028092942341321994, 0.02797527215505939, 0.02786867729074681, 0.027603424074086544, 0.027494503795377198, 0.027356218358041976, 0.027054262933853046, 0.027030582278052804, 0.026965374120432185, 0.026663716102971392, 0.026538057203439856, 0.02650083430698613, 0.026561777656992438, 0.026402464636204135, 0.026214224203224737, 0.026367487398784126, 0.025956928233903474, 0.02596120925337446, 0.025733442222411376, 0.02565720765277488, 0.025833275385871116, 0.02540477350696141, 0.02545683019244941, 0.025189572047569053, 0.025097723664583557, 0.025109197493760324, 0.02547685632140589, 0.0248623055136734, 0.02457726998996271, 0.02447183285181794, 0.024611554691018687, 0.024520436109575407, 0.02434137210122179, 0.02438719710298703, 0.024387792337287776, 0.024053074636715657, 0.023872666476345995, 0.023992702433288923, 0.023769687763793526, 0.02394285210528023, 0.023833987097762965, 0.023637253620980903, 0.023485777111258554, 0.023801901114176686, 0.02319421479566614, 0.023249841217632784, 0.023129875451712946, 0.023238882844467987, 0.02310968198648042, 0.022780550592073057, 0.023383748001312973, 0.022916339317423776, 0.022654618630516418, 0.022559060525381005, 0.0225750831860581, 0.022876858011338777, 0.02238381223862637, 0.022472729245995096, 0.022195932307205613, 0.022387312102589006, 0.02205665599080214, 0.021866053343301425, 0.022275879777493124, 0.021766641841353022, 0.021878452303450337, 0.02198007338331811, 0.022041409830874527, 0.021809505204329838, 0.021740801143660844, 0.02155296338939719, 0.02147338988698991, 0.021553759908216178, 0.021291077640601865, 0.021149308932322315, 0.0211856802825565, 0.020997861311918463, 0.020889617262344246, 0.02101841134983295, 0.02125668827981468, 0.020821674763666906, 0.020865645142570555, 0.020697718548415452, 0.02092804311684911, 0.02118806769796596, 0.02104316792081332, 0.020867360433949655, 0.021946664641213302, 0.02126866100594831, 0.020585343904641045, 0.02059548705722277, 0.020619447190295768, 0.020727897507997053, 0.02032299122496298, 0.020340778330926963, 0.020323442360531057, 0.020524811182470636, 0.02021838288380387, 0.020115290753796908, 0.019964232075553465, 0.0201685616698386, 0.019719587952935103, 0.019551321740954575, 0.01994210720961884, 0.019622554528651696, 0.02006134213876791, 0.020609837934056463, 0.019630321231098233, 0.019874215431586347, 0.019475123673061378, 0.01962911010795772, 0.019404970486342436, 0.019143762940990086, 0.019651493983123745, 0.019185567934123248, 0.019141624036944076, 0.019328720026691705, 0.019335977436901273, 0.018907046871608726, 0.019480359657686984, 0.019444118672386032, 0.01888847285763653, 0.01955842760571473, 0.018651128646420004, 0.019558206311710978, 0.01900428915047433, 0.0187369811757711, 0.018860729261921852, 0.018550635990045028, 0.018555334755871608, 0.019253830791838823, 0.018563660017725084, 0.018609990560325144, 0.018395804052126773, 0.018424549817902744, 0.01845811822117086, 0.018192687485644808, 0.018373731668016622, 0.018133660083691456, 0.01803462298336305, 0.01812500218821073, 0.017809793518612723, 0.018216551111217793, 0.018267152171744707, 0.017881961401584316, 0.0176626014252021, 0.01857006568158932, 0.01739661632908868, 0.017604638281969873, 0.017695670063990497, 0.017446741922260426, 0.017516491400056792, 0.017298817817013, 0.01716072729663468, 0.017440322153301015, 0.01700826739966305, 0.017032708962019083, 0.01694872536134093, 0.016961638846748225, 0.01677073011879995, 0.016761159232342924, 0.016850635286597214, 0.016593343447071886, 0.01674309467281493, 0.01658558844309382, 0.016474809047585772, 0.016580354340711215, 0.016471663221065788, 0.016547034129627193, 0.016291049973272853, 0.016204906921871175, 0.016042405238058048, 0.016384911932750375, 0.015961941154141398, 0.015963148918078582, 0.015738876943373305, 0.015840351110017897, 0.01563340717219391, 0.015604200487904148, 0.01557512862512922, 0.015446705835633907, 0.015520990847546063, 0.015378198526333993, 0.015318069756386386, 0.015364131991713315, 0.015115950367393709, 0.015277474736583991, 0.014982218434081441, 0.015059996067265137, 0.01488854239282399, 0.015020834403269893, 0.014799049275351977, 0.014780175586688, 0.014657980999921938, 0.014621662581816164, 0.014655260795730719, 0.014402729116182195, 0.014517627215778489, 0.014363802111642147, 0.014208234456697938, 0.014396528751914535, 0.014101084595112744, 0.014339379258665191, 0.014166221449674362, 0.014023658060294802, 0.013945141146429398, 0.014013670121314985, 0.013765910583758473, 0.013893447651662609, 0.01387427032883109, 0.01374781493118339, 0.013623081586357525, 0.013718657206087927, 0.013815275632980047, 0.013537177469511906, 0.013498923040079581, 0.013390535173612227, 0.013332778222676632, 0.01327209810580207, 0.01315462090077847, 0.013145031209438062, 0.01314801040837833, 0.013238703379196524, 0.013117840378215501, 0.013042211408463546, 0.012969286234055183, 0.012963208919142722, 0.012782908927723234, 0.01279417398384153, 0.013005725847225737, 0.01268372041782163, 0.012726654789427149, 0.0125550702103649, 0.012576029713795699, 0.01248762843981708, 0.012433331919932985, 0.01246345001866251, 0.012413157811002485, 0.012603564856958793, 0.01236212018603481, 0.012320867276862742, 0.01225230069963492, 0.01223480935274933, 0.012140850838888394, 0.01214654748737074, 0.012147237576794716, 0.011981673657351654, 0.011975119454042194, 0.012166479783476736, 0.011825624051933287, 0.011873356508969212, 0.011859852714504156, 0.011760204958704444, 0.011802746817547826, 0.011675222248485417, 0.011540402749608642, 0.01151115207067033, 0.011522555334599012, 0.011522865522709565, 0.011410654714357843, 0.01144965983722754, 0.011439552441744012, 0.01138778122691645, 0.011264892565642387, 0.011166358846858458, 0.011326505223185153, 0.011215103961316307, 0.011260437981765235, 0.011320255303121208, 0.01100210449326514, 0.011116450469251754, 0.011157772009709572, 0.011037865360918754, 0.010948876884969512, 0.0109236565191477, 0.010846633878729488, 0.010786757259921275, 0.010850324239611629, 0.010704950782135313, 0.010885600858501357, 0.010957860245084656, 0.010637995747213837, 0.010561878488374659, 0.010582178091103013, 0.010604243238427506, 0.010511919459239126, 0.010470107333710553, 0.01045056529976358, 0.010527793170672857, 0.010484759467261068, 0.01035469090911071, 0.010351809890933572, 0.010362050399259038, 0.010247417504862626, 0.010264511747008336, 0.010249945113086096, 0.010547193286826125, 0.010249912464088877, 0.01017755717278334, 0.010194841890708909, 0.010077096363237985, 0.010037566205866754, 0.010095956956219456, 0.010106919388090062, 0.01002767664182872, 0.010012606080256375, 0.009952499243873359, 0.010014412634321014, 0.009948115130766905, 0.009883200341998528, 0.009854357678474528, 0.009901374567077582, 0.00979081302084104, 0.00981212075300383, 0.009845196519890994, 0.009755408432537811, 0.009715917202018289, 0.009653241025902527, 0.009638932279939757, 0.009762432184507348, 0.009704337261173673, 0.009731257391453635, 0.009630443697343814, 0.009564459868576665, 0.009650760868258336, 0.00965000881544485, 0.00953670312578005, 0.009413996122821133, 0.009428458067446917, 0.009560601414858464, 0.009460289969119205, 0.009353097572438318, 0.0093679088248938, 0.00939490110098434, 0.009259697720211346, 0.009303256052299468, 0.009273012543157795, 0.00930695052605682, 0.009244166536358034, 0.009257409671187333, 0.009295412858534802, 0.009273376120878833, 0.0091681779775438, 0.009181880343440462, 0.009130025145949787, 0.009069488847207098, 0.009077688218485121, 0.00910271414525457, 0.009027699478641248, 0.009066927076728922, 0.009080121436770535, 0.00897222842616275, 0.009013470530814117, 0.009030183129766426, 0.009002070606260905, 0.00894076776013953, 0.008919707748918782, 0.008873849394550022, 0.008997133464382802, 0.008888337392684827, 0.008894863056806286, 0.008879970752632676, 0.008839547767685517, 0.008894322526050099, 0.00887385586000055, 0.008822950812783696, 0.008808895262258403, 0.008879060095612928, 0.008820786687751393, 0.008755604151552325, 0.008696160562562026, 0.008655299241962365, 0.008731162048385331, 0.008901895785213745, 0.008672688592828486, 0.008791331121194663, 0.008729864695608092, 0.008619700493855846, 0.008771859267894032, 0.008797027258577181, 0.008691050492898067, 0.008611139176585885, 0.008530459949510367, 0.008476694805561234, 0.008760967207094525, 0.00862332898945255, 0.008454958371842028, 0.008659639335399866, 0.008498483844839299, 0.008611736259294721, 0.008451153202865873, 0.008463342025209314, 0.008370739262697418, 0.00836273267352824, 0.008517347220350269, 0.008310068539617518, 0.008402416761027225, 0.008323314817211545, 0.008275774586690147, 0.008265868508904721, 0.008341428968777369, 0.00829171515814534, 0.008285550209032927, 0.00824557241532441, 0.008242593965900734, 0.008277295970034845, 0.008287517284100985, 0.008185495720250813, 0.008194275196982223, 0.008227987375943725, 0.00820003455697804, 0.008181450289144389, 0.00814777828254873, 0.008369542553606979, 0.008124948177396807, 0.00813072969416332, 0.00810923626825385, 0.008106025874450024, 0.008095435379025255, 0.008273024227605447, 0.008043290959824617, 0.008032022132683017, 0.008022993925432298, 0.007981553337197174, 0.007983375803463581, 0.008003250783562694, 0.008041593397920106, 0.008065532470130811, 0.007974216202312173, 0.007997541045186171, 0.007951441977057274, 0.007986446312474716, 0.007913982657600453, 0.007961396268725105, 0.007931009206035781, 0.00798542557739405, 0.007853351545987016, 0.007888294537153097, 0.007863774338686942, 0.007847971336040942, 0.007890970490580546, 0.00794456303272039, 0.007912405614944705, 0.007883700898621983, 0.007801701778530223, 0.007784075376319094, 0.007775715233525354, 0.007835625500514561, 0.007847792150230758, 0.007782284929234367, 0.00781903859223519, 0.00781938059350855, 0.00789759267352039, 0.007723868481234294, 0.007676252814961643, 0.007673794038799552, 0.007656034191655294, 0.0076943356730084286, 0.007730140997364839, 0.007727001180411765, 0.007626086446402644, 0.007671265181848934, 0.00772051280561763, 0.007595794130861994, 0.00762521504473724, 0.007607661998526868, 0.00760927945941867, 0.007569071427018234, 0.007599560604018776, 0.007585273333699236, 0.007526490369013688, 0.0075714824278969636, 0.007559198505061502, 0.007511243062563352, 0.007707227230040552, 0.0075643532094550985, 0.007528768275262767, 0.007494390506915944, 0.00747695523086033, 0.0074807344815226865, 0.007491217854580906, 0.007494094991798288, 0.007492242804398503, 0.00752026219552055, 0.007481645945070414, 0.007465860313580819, 0.007517382945178646, 0.007406049043498147, 0.007406003622324397, 0.007436909572301264, 0.007396498757238171, 0.007418366463309179, 0.007510890722848725, 0.0073656625835197475, 0.007360128939267907, 0.007351417820111838, 0.007368837672801178, 0.007417314797418392, 0.007277014381443983, 0.007311553364372795, 0.007272161248906578, 0.007306152018698805, 0.0073709452130226415, 0.007242396366266812, 0.007273666137691648, 0.007235171022280218, 0.0072742544088008594, 0.007264759127800779, 0.007294793445766381, 0.007219274191784225, 0.007199374610199414, 0.007179064234412915, 0.007222842290588841, 0.007222801087870916, 0.0072076247809082635, 0.0071597623472538984, 0.007176864418578135, 0.007189865206015076, 0.007202696183338311, 0.007149216154600783, 0.007148767710323836, 0.0072194038625809365, 0.007091378564055293, 0.007097998695996174, 0.007122953997503179, 0.007077413189637729, 0.0070544316014076345, 0.007079644948951505, 0.007070447683631631, 0.007022608883020264, 0.007091986632246475, 0.007057058035797336, 0.007080906453577007, 0.007041754118953458, 0.0070120854604485755, 0.007064574547003363, 0.007012488897102918, 0.007022350828822362, 0.007041290978893169, 0.006987219249791882, 0.0069878164522496075, 0.006992553973397745, 0.0069488602250514205, 0.006945129511176346, 0.006948961653875902, 0.006963606017343698, 0.006932927837883624, 0.006905107264589674, 0.006926190840848917, 0.0069306395680722435, 0.00693109276598708, 0.006956845326018437, 0.006880118265269774, 0.006864502643693285, 0.006882799407044161, 0.006847801502454665, 0.006887834747418844, 0.006807502160883883, 0.0068363232604523065, 0.006868976729535125, 0.006764322337859149, 0.006775079420706734, 0.0068310645835818196, 0.006795439619657997, 0.006779316134420372, 0.006771750718572322, 0.006826101410305107, 0.006827696104317938, 0.006763804476368412, 0.006791958025940803, 0.006702549297900253, 0.006730208469786653, 0.00675998512320874, 0.006778070005927944, 0.006714855714026862, 0.006848213948252211, 0.0068509041691000114, 0.006698410060463062, 0.006673952795983224, 0.00675957931188339, 0.006663208379675898, 0.00669192698951583, 0.006732632981785267, 0.006652438659241414, 0.006669185408543153, 0.006617247617685567, 0.006624597086535427, 0.006607082008118486, 0.006613564926886973, 0.006592890799562181, 0.0066136747919308654, 0.006658869973367474, 0.006656229450296618, 0.0065920153425119135, 0.0065862175049240254, 0.006590808206651409, 0.006559825577765668, 0.006567549271156037, 0.006554070035244619, 0.006567087485295573, 0.0065571044949482285, 0.006538627712730575, 0.006527947477509454, 0.006521393492238728, 0.006567748414607783, 0.006466631011349005, 0.00652978791944839, 0.006468081815687165, 0.006511305044839555, 0.00645283613737942, 0.006525740473831645, 0.006450793622564443, 0.0064761767883000365, 0.006432647242521372, 0.0065725787286412905, 0.006618794867844649, 0.00642918357874952, 0.006364232350534469, 0.006404521481622955, 0.006358959668733549, 0.006499986568873396, 0.006552691996084211, 0.006408313508492494, 0.006340666515941474, 0.0063355934288647974, 0.006402844524824736, 0.006437678762367053, 0.006335194361331182, 0.006336203612208178, 0.0063272757928722135, 0.0062801892761794546, 0.006289229045394817, 0.0063819067514757155, 0.00638810951813559, 0.00628182127951937, 0.006287756810187084, 0.006320782296634437, 0.0063462746358966945, 0.006222316872012556, 0.006246492079975827, 0.006270468254886055, 0.006324073540829078, 0.006225913950466177, 0.006221456741833346, 0.0062762286381002255, 0.006177087344163579, 0.006217078242133189, 0.006197363782099649, 0.006165321362546417, 0.006144937033480521, 0.006134594915942179, 0.006170603106904452, 0.006119400690740661, 0.006158766569170895, 0.006226794861271586, 0.0061141505035287765, 0.006117809345810055, 0.006144520831280195, 0.00609137536707603, 0.006089038569452623, 0.0060468225673583585, 0.006101355103361642, 0.006068699295760067, 0.0060934413900606355, 0.006129579966523527, 0.006094128607729149, 0.006137208238409966, 0.006047086567473786, 0.0060654743289892095, 0.006045108421924506, 0.006185983116173882, 0.00603044888506441, 0.006019296765304397, 0.006030873829546849, 0.005998727098540931, 0.006202691280320247, 0.006041636314150059, 0.005988493920023141, 0.006059703795639535, 0.005971600203783221, 0.005938023471421766, 0.005966861613522474, 0.005999276353254365, 0.005910196536509823, 0.005970365864211105, 0.005872784845933176, 0.005881749260910388, 0.0059844471946105034, 0.005897770249647546, 0.005893789033395941, 0.0058898408288075845, 0.005873144717535644, 0.00585435399218315, 0.005850204906214193, 0.0058902241418373295, 0.005911243756727789, 0.00590986787341695, 0.005827288035694266, 0.005857769787130263, 0.0058779063323423355, 0.0058395285562350685, 0.005806620620164311, 0.0058199564315961705, 0.00582538709980602, 0.0058640969446014735, 0.005813403114297535, 0.005909051493988238, 0.0058757490592048515, 0.005890329674775382, 0.005748913145181869, 0.00574091430600527, 0.005767221793428424, 0.005703272751486687, 0.0057698349721164695, 0.005709595357948721, 0.0057571967144330405, 0.005772400374961204, 0.005691641361796327, 0.005716881072954965, 0.0057133828779246665, 0.005691310053241375, 0.005737431447131667, 0.0056668291567498336, 0.0056606380106131735, 0.00569132691392904, 0.005688203688146096, 0.005616754822415384, 0.005790914489968719, 0.005651131348140043, 0.0056454223019391575, 0.0057122824955768425, 0.00564687910732698, 0.005640655690405594, 0.005671604072352382, 0.0056005892835075755, 0.00566900432616689, 0.005665026642191642, 0.005605570273945453, 0.005605664785915675, 0.005611544303936329, 0.005552782130627698, 0.0055651852734046325, 0.005535903107508636, 0.005562927548415704, 0.005711851674221246, 0.005576220637717258, 0.005531435691533399, 0.005534049491093609, 0.005537621304113025, 0.005571267515273203, 0.005459341853954548, 0.005480714015015929, 0.005500592707145823, 0.0054727032686613655, 0.0054622439107398345, 0.005667223052100352, 0.005489299828438341, 0.005513802385827989, 0.0055513666308313276, 0.005515320644824017, 0.005450243315743134, 0.005455824858184267, 0.005489793601446829, 0.0053911988442721746, 0.005407047804257886, 0.005441369851083614, 0.0053900198220236195, 0.0053939498948058105, 0.005579337287453522, 0.005387952416906017, 0.005365016068940681, 0.0054389396574058314, 0.005381592509735654, 0.0055498143368360895, 0.00538475201646801, 0.005358665754261829, 0.005325783145896426, 0.005348938367131596, 0.005398244006728888, 0.005378644244375316, 0.005496845818883056, 0.005314049331715299, 0.0053776019673170035, 0.005329491814414199, 0.005317525255820444, 0.005296894812901112, 0.005342823537494045, 0.005242455713154518, 0.005256392251850303, 0.00536652387093159, 0.00536203421820377, 0.005262826586926118, 0.005354468392924174, 0.005247860165456694, 0.005219710359822105, 0.005206104060259855, 0.0053266429524831856, 0.0053053571763498055, 0.005196128020169269, 0.005209671178649359, 0.005173967527132992, 0.0052057210051972835, 0.005210287376723905, 0.005242638174754489, 0.005193546851732401, 0.005214243847219485, 0.005106049926725251, 0.005210376639661407, 0.005165109077733907, 0.005197722361662297, 0.005250683642568796, 0.0051545223348365594, 0.005156397953736998, 0.005223440069023898, 0.005117567188743251, 0.0051703079338805405, 0.005209735676965119, 0.005077854744566568, 0.005258669996368668, 0.0050809530033700135, 0.0050800181121451295, 0.005110148067006267, 0.005062791433978762, 0.005109219212480907, 0.00508575375669033, 0.0051312216303402184, 0.005042074058580454, 0.005031993383668121, 0.00506343779486773, 0.00503080285990761, 0.005156339615162981, 0.005047683428292319, 0.005142724352060367, 0.0051251854080689606, 0.005031232656215572, 0.004980379545149709, 0.004980111660970147, 0.0050024400895951025, 0.004999883433853623, 0.0051726701005132625, 0.004951102718489133, 0.0049849890623038075, 0.005056834850580594, 0.004954143096715208, 0.005013468848470959, 0.004953816412917592, 0.004935165739301767, 0.005071892720565196, 0.004893822550619881, 0.0050106894955796516, 0.0049415173230616775, 0.004885707994280803, 0.004923031143778789, 0.0048936753465569985, 0.004858649582372041, 0.0049046272206963145, 0.005129636419098852, 0.004864825621895073, 0.004885284872527481, 0.005021906290040375, 0.00486869727365422, 0.005061000393877294, 0.004832079042759183, 0.0049726914646829054, 0.004902154247689684, 0.004959724437114419, 0.005057661838372138, 0.004790362440030308, 0.004843721602153481, 0.004878774780080416, 0.004900897849670605, 0.004930355194180234, 0.004926659030393744, 0.0048484270610319865, 0.004837307878848334, 0.004821923772184732, 0.0051363394710846584, 0.0049724628619705665, 0.004781608945482528, 0.00476139490228282, 0.004837526481315432, 0.004873341145152965, 0.004741234188916684, 0.004833834437721113, 0.004766408887075782, 0.004858423401142186, 0.004726571518608393, 0.004971242746668142, 0.004708737782582912, 0.004778910370751271, 0.004882358658217112, 0.00492866464529135, 0.004774165626806836, 0.004753028916028476, 0.004710341006377004, 0.004681221027541298, 0.004683930976297683, 0.004689203970574921, 0.004694138218125549, 0.004816874629980815, 0.004898871314709553, 0.004667539682295331, 0.004933408369220169, 0.004979066907726704, 0.004655628752493251, 0.004673499971848927, 0.004611760319403513, 0.004635136867956035, 0.004684672701340885, 0.0047535946721296435, 0.004623855788956747, 0.004642982169921824, 0.004683199721502259, 0.00462384023135979, 0.0047043974526373745, 0.004670902332903747, 0.004629041799445769, 0.004645553086887603, 0.004619324394637644, 0.0045999261889837495, 0.004604590184074475, 0.004576106503816903, 0.004625582661730594, 0.004566719778484104, 0.004677551159156655, 0.004663466539415527, 0.004575812434337317, 0.0045730183498884185, 0.004685261144418007, 0.00454465776239986, 0.0046174070846962505, 0.004531486036540084, 0.00449421700298582, 0.004545288936842738, 0.004574257926927661, 0.004500480360604102, 0.004513418925470246, 0.0045510918848334515, 0.004555632740696994, 0.004482410431005495, 0.004482354521465276, 0.004484280963615449, 0.004456111149680551, 0.004464922717547413, 0.004485961989630021, 0.0046695950135623825, 0.004474266690049075, 0.004546728748909068, 0.004450612180361041, 0.004414348313071221, 0.004482114031293289, 0.004451345360229625, 0.004476817974742812, 0.004425685680816827, 0.004442197251286492, 0.004440325842583612, 0.004435985479534705, 0.004420126097762018, 0.004426299861072672, 0.004477305693745956, 0.004398729513566329, 0.004447791047906622, 0.004411137282530796, 0.004486761365847535, 0.004529577396772152, 0.004495361848883603, 0.004382587664238522, 0.004394433485562171, 0.004414032747308834, 0.004629549034276548, 0.004394880283295719, 0.004329182310385693, 0.004374309950147936, 0.0043399198332176045, 0.004346037617501749, 0.004417895880687316, 0.004400074948068352, 0.004363813010603983, 0.004334598754952336, 0.004350787893783423, 0.004403518482939566, 0.0043912708614482565, 0.00438422036576504, 0.004295608260344887, 0.0043069905450676136, 0.004305668641835379, 0.004372964198443901, 0.004489314227487511, 0.0043194265246257225, 0.004385947613547932, 0.0044113675422899935, 0.004330936430066623, 0.004430205411861113, 0.00428716652835542, 0.0043614603999148965, 0.004351379962068058, 0.0042660681876865855, 0.004292383615037396, 0.004328564679993977, 0.004318575193229212, 0.004290191963322681, 0.004260137854061371, 0.004256056551308337, 0.004351908139523031, 0.004249931330439909, 0.004230777803557721, 0.004229273255191874, 0.004237919616961723, 0.004357002644378021, 0.0043841284622879945, 0.004366145981124238, 0.004206515591600333, 0.004293538114153153, 0.004368190756373022, 0.004361945958452479, 0.004338314335251278, 0.0042285805116629065, 0.0042033425505919216, 0.0041934876375251855, 0.004277727916136154, 0.0041494073177972815, 0.004279342350097486, 0.004134842000995239, 0.004217041974409957, 0.004169387665242598, 0.004150451168048375, 0.0041794534673444735, 0.004189366102409656, 0.004229312471499002, 0.004170139577276619, 0.0041460564497313316, 0.00413543072874386, 0.00418490302624814, 0.004211967658739567, 0.004193230198780888, 0.004237212551406765, 0.004117135369548742, 0.004173465477692274, 0.004203904072591604, 0.004137363501385856, 0.004269621828202732, 0.0041983771733538405, 0.004128903307064545, 0.004160760927964208, 0.0041103377405377894, 0.004298913665061615, 0.004207630702215464, 0.004067590967636247, 0.004059181057991069, 0.004164142203881289, 0.004140537673330562, 0.00415786259156221, 0.004129257499510346, 0.004098054437025163, 0.004110309484221117, 0.004056859907499246, 0.004203011764026986, 0.004049373685001416, 0.0040940495289449605, 0.004054467580684129, 0.004061919887867608, 0.004081348823301185, 0.004010251405432499, 0.004023170305057457, 0.004125986752512776, 0.004120883662146976, 0.004105859486655608, 0.004242044681043417, 0.004025467535675371, 0.0040944248881704184, 0.004094528857325815, 0.004162316627911807, 0.003994774329246244, 0.003986787631978086, 0.003999504183568937, 0.004050672259394838, 0.004045505237481893, 0.004092247027623683, 0.003983846804081056, 0.003989511187763925, 0.0040457970246888355, 0.004024351251534577, 0.003966886333207869, 0.003971556687391276, 0.003953295576698725, 0.00393983587170784, 0.004047541083900064, 0.003916638815517654, 0.0039818310922826805, 0.0040380310747359874, 0.0039750344377666065, 0.003972725756695692, 0.004009429980783291, 0.004002638528027133, 0.003941074892818788, 0.003929706297286311, 0.003953628997924544, 0.003906042419979876, 0.003993577127594416, 0.003940815185647059, 0.003974363933697784, 0.0039039509496128374, 0.0038934877626697517, 0.0039402294610772414, 0.003911565439625383, 0.003917711219975758, 0.003926680240982949, 0.0038990593763232957, 0.0039019332824853344, 0.0038737594220880954, 0.003988646165585093, 0.003854396597428768, 0.004027361006315671, 0.003958970758422019, 0.0038619654706694663, 0.003878383667099091, 0.004055070688313298, 0.004116138769359519, 0.0038891634032845244, 0.0038537281616715514, 0.003871278329203053, 0.003930463450159325, 0.004192854352595108, 0.00402010479514463, 0.0038549210128438027, 0.0038956781430594598, 0.0038358581641081664, 0.0038206988737719415, 0.003928819551555359, 0.003859016344232086, 0.003841786747260531, 0.00392136851003146, 0.003826967409186446, 0.0039539250924146944, 0.0038942088645746126, 0.003804039097314732, 0.0038353495660438494, 0.0038104836280866273, 0.0038420724751426607, 0.0038272612436600338, 0.0037666441816371506, 0.0037751933853039927, 0.003784786391320837, 0.0037788084812983586, 0.003831499611337267, 0.0037788174453032507, 0.0038257144111271775, 0.0038224029566107653, 0.0038414387064545936, 0.0038057897086705064, 0.0038880476162745205, 0.003908587097356481, 0.0037355534931402716, 0.0037734013733512276, 0.003908063131390558, 0.003759658252596798, 0.0037286228185695156, 0.003800393949281829, 0.0037449071706615934, 0.0038244975094202755, 0.0038836590296431324, 0.00379072759893504, 0.003839637110586515, 0.0037569792741197244, 0.003748612095735693, 0.003810457888172053, 0.003739271505897307, 0.003904840467657309, 0.003926440890337659, 0.0037587333396631104, 0.0038360795739351065, 0.003884228364258624, 0.0037580864706881476, 0.0037191764999988165, 0.0037257527669868006, 0.003721684947608205, 0.0037055335808204456, 0.0037469908196269388, 0.0037016258972273207, 0.0038027938938965038, 0.0037073733310558697, 0.0037713766296996794, 0.0037164600573531964, 0.003727434294486062, 0.003736441754229644, 0.0038729441973035486, 0.0036798850740785145, 0.0037240303550391584, 0.003704754092033753, 0.003658968409059733, 0.0036702506967203397, 0.003686368129115299, 0.003724286428690364, 0.003657231693585846, 0.0038012789710492436, 0.0036640236711280747, 0.0036960141692817068, 0.0036621091157175182, 0.0036567221006148804, 0.003814239153113501, 0.0037398635776373017, 0.003729762309262058, 0.0036592716310982353, 0.0036403129768673337, 0.0036218859702330363, 0.0037186389861274998, 0.0037219980472782063, 0.0035942081208045515, 0.0036661345639470767, 0.003654874562326037, 0.003685213626437732, 0.00360354681522511, 0.003661580001007393, 0.0036522821389714157, 0.0037583228451025107, 0.0036039296016955945, 0.003658944511690923, 0.0037138186138037173, 0.0036842948786494478, 0.003567392641860036, 0.0035955757882840662, 0.0036994426554473898, 0.003640912298649435, 0.0036792073106864647, 0.003633544936465828, 0.003611293818436881, 0.0036304598271924156, 0.003627875782714679, 0.003566194449068399, 0.0035432839612704646, 0.0036061458070975497, 0.003610677635127504, 0.003599818222322031, 0.0036136867927124283, 0.0035644377837850518, 0.0035389966946208894, 0.0036183050156482935, 0.0035828742353246415, 0.0035150410976024925, 0.003675161978341948, 0.0035612530254080688, 0.003530408619145618, 0.003627119278488701, 0.0034874224161602313, 0.003526498308559034, 0.0035246041318654163, 0.003546605989863456, 0.003533158396707122, 0.0035230861431949072, 0.0034875607486259358, 0.0035339913473532974, 0.003548135695645241, 0.003469135392878274, 0.0035664068592235133, 0.0035251973355418104, 0.003561362291673032, 0.0034960382326780933, 0.003529269734146011, 0.00365375985668933, 0.0035448915244584325, 0.0035533649981537847, 0.003552726595031445, 0.0034861186091828937, 0.003659886136264097, 0.0035158294403912936, 0.003525383530998683, 0.0034741519977568177, 0.0034795646123938415, 0.003507330642506366, 0.003605671235963347, 0.0034607009986143094, 0.0034596852834609545, 0.003453510385314303, 0.0034743251980566244, 0.0034413193438195266, 0.003588858729893943, 0.003430363993055759, 0.0034342070595433853, 0.0034675862222109557, 0.0034959773727842526, 0.003422400432312829, 0.0034482923727036357, 0.003420481974597882, 0.003534304065683672, 0.003488298062061866, 0.0034568012058021663, 0.003419113313873226, 0.0034288068874823384, 0.0034172356105878527, 0.0034244162389175316, 0.003387381622690323, 0.003398136610885302, 0.00346791733887797, 0.0033965314705090175, 0.003410223221788709, 0.0034442383584760085, 0.003436320944936421, 0.003394549303201291, 0.0034488005748247964, 0.003448277386576815, 0.00343534452698719, 0.003412441947764616, 0.0033911666022020575, 0.0033921985395489237, 0.0035162203233746092, 0.0034217983288243703, 0.003467688118592457, 0.0033427372704480677, 0.0034165244094718304, 0.003392133245111332, 0.003406357660872876, 0.0033605187084385047, 0.0033376297072131226, 0.0033329821150491555, 0.003355023531320146, 0.003421703749397703, 0.0033957818590803854, 0.0033942018384381253, 0.0033871648478651485, 0.0034416963103602993, 0.0033711722406730244, 0.0033285848576750155, 0.0034118591521635853, 0.003433796184250493, 0.003329667690883495, 0.0033378680432030326, 0.003334315939639358, 0.0032992328721338517, 0.0033421313943132287, 0.003281204849062437, 0.0032781369729851535, 0.0033700847042315925, 0.0033003987410044756, 0.003336977680666195, 0.003297984813966012, 0.0033102462403821376, 0.003299925260099805, 0.0033087088442282464, 0.003286771782701425, 0.0033171556542359805, 0.003297407592966095, 0.0033043803930291327, 0.0033258032016851373, 0.0032934408829610046, 0.0033694528124003473, 0.0032438964955589455, 0.00326330289830893, 0.0032582319996584622, 0.0032698560384038134, 0.0032792618858107562, 0.0032354369563501757, 0.003260377808598061, 0.0032474946611810757, 0.0033026922162356777, 0.0032314079551989585, 0.003240794203073871, 0.003230010510252928, 0.0032318291521658813, 0.003258315370560566, 0.0033008624769318086, 0.003235133345640995, 0.003225251375493199, 0.0032108094714124067, 0.003278311943134895, 0.003213311385234101, 0.0031832632914540527, 0.0032986201912001967, 0.0032117851838059626, 0.0032819050716861304, 0.0032043613654166854, 0.0032418097062043806, 0.0032394726588839892, 0.00321156674588637, 0.003181967683984267, 0.003247416674943081, 0.0032207807585463, 0.0031657741428351162, 0.003193571517443855, 0.003167359061952202, 0.0032135893073133356, 0.0031869025340728343, 0.0032412948398095765, 0.0031694317472604305, 0.003179684980601204, 0.003181638923533307, 0.003210480479694918, 0.0032178445741053528, 0.0031543587351904228, 0.003221766477980606, 0.0031972158997546772, 0.0031900204097327924, 0.0031605559846787533, 0.00313529492835526, 0.0031843274695530026, 0.0031202078140701956, 0.0031649200200453945, 0.0031064683669935517, 0.0031128146155632013, 0.003171678697156714, 0.003175987791035219, 0.003144741893848378, 0.0032751763562144445, 0.0031198808174679863, 0.003277843265173841, 0.003162729672386641, 0.003157430115822103, 0.0031172770481895217, 0.00328066447485829, 0.003189437773740464, 0.0031114935848050394, 0.003116092600179159, 0.0030803205447749015, 0.003125587270772291, 0.003123341965248029, 0.0031531736591408756, 0.0031001500074513077, 0.0030704503148682354, 0.0031049231214730984, 0.0032976212659268367, 0.0030638104865896095, 0.0031061721739527527, 0.0031159351881380566, 0.003055773373716861, 0.0030688458812567097, 0.0030940124106756885, 0.0031338339304424496, 0.0030554753709552806, 0.003015887978250681, 0.0031502143913751234, 0.0030524467301830034, 0.003014790611732507, 0.003128864739894659, 0.003156421409256684, 0.0030993769800840734, 0.0030738652668073334, 0.003000733315066829, 0.0030401354788293926, 0.0030393446808909953, 0.0031292079062760158, 0.0031215496672704133, 0.0030185848595962214, 0.0030423151756855827, 0.0031070857071782824, 0.0031338260208323434, 0.0029918317799456375, 0.003032175599717184, 0.0029906355626422372, 0.003233849324315166, 0.0031229147501143847, 0.003041530686585803, 0.003008344185864648, 0.002979555238874188, 0.0029620021279649442, 0.002991819835887773, 0.00317142939859295, 0.0030785733109185433, 0.0029829694645294195, 0.0029645628871507765, 0.0029891828080061246, 0.002918736932706306, 0.002913947946798785, 0.0029328381193741817, 0.0029194050066674864, 0.002973127943781555, 0.0029296575521201716, 0.003016007345187602, 0.0028961988537583344, 0.0029722843490974536, 0.0029894145195981606, 0.002945772850584892, 0.002919269041302468, 0.002928851234511309, 0.0030103734387521893, 0.002936806368207051, 0.002962139506273906, 0.0029467116124138135, 0.002889003316586043, 0.0029019063519940174, 0.0028605166528562847, 0.0029185820551463513, 0.002908916485212376, 0.002926522764661101, 0.0029530322238578792, 0.0029013776245132294, 0.0029206238659772207, 0.003946394260502224, 0.0030352487620358593, 0.003252212156254084, 0.0030601075930057286, 0.003064459851213491, 0.0031216283858008535, 0.0030371853877915076, 0.002987568175586436, 0.0029933885142273474, 0.0029124771989025716, 0.0029453783568925817, 0.0029498560521427912, 0.0029265416330173234, 0.002940766099468398, 0.0028200601793203707, 0.002928819847563932, 0.0028787940601176644, 0.0029098765762801664, 0.0028075749738857713, 0.002863887917475755, 0.0029030324171771854, 0.0027729796982916303, 0.002821385363831983, 0.0029304549642218338, 0.002876982684910051, 0.0028064909585128923, 0.0027881054036272075, 0.0029356049881758273, 0.0028646895169601853, 0.0028260793119847397, 0.0027943360346590006, 0.0027634406758254926, 0.0027695070991586006, 0.002755521566756376, 0.002759046365934341, 0.002790520569803557, 0.0027739691657339854, 0.0028477422079590297, 0.002741826451717418, 0.002771425285823882, 0.0027160635076964906, 0.0027917408321786867, 0.0027375410009298213, 0.002731751238005508, 0.0027415287077043053, 0.0027936888505527666, 0.002739893729496255, 0.0027187830120991474, 0.002743239090756444, 0.0027793139299664292, 0.002755078600003645, 0.002737931020433418, 0.0027417559794185027, 0.0027150757275289897, 0.0027039960646008426, 0.0026917698227095577, 0.0026733463923676276, 0.0027507406067922777, 0.0026550596704512865, 0.002727672326240797, 0.0028126314178642127, 0.0026920936867187565, 0.002671310298366331, 0.002709198842220421, 0.0026674645929804157, 0.002645949682341025, 0.002727602794432175, 0.002664984598230315, 0.002650872609933028, 0.0026854502235694167, 0.0026578216818155392, 0.0026354692738837994, 0.0026625427966506725, 0.0026756278541768858, 0.002611262337149956, 0.0026861053527525436, 0.0027310257718582693, 0.0026883950843085537, 0.0026157313447189943, 0.002614041167654251, 0.0025861850178874597, 0.002645188314986382, 0.002592993114244135, 0.0026027775136464523, 0.0025863573345718187, 0.002595680305403919, 0.0026570727858514537, 0.0025756674929670576, 0.002635052749611628, 0.0025395178343570668, 0.002566261078871642, 0.002586058310795409, 0.002578064348792609, 0.002533380151486896, 0.0025912651803205486, 0.0025729682083101787, 0.002617968869332685, 0.0026249155082445105, 0.002787768112079663, 0.002564982128805268, 0.0025632187248625913, 0.002578247031489054, 0.0025899959385929827, 0.002531527239329711, 0.002531786043105388, 0.002568667825159954, 0.0025922951089240283, 0.002555667562618287, 0.0025628715438221032, 0.0025077704459762814, 0.002482650611638181, 0.0025395133610197026, 0.002515291165701416, 0.0024935287465242483, 0.0027194579010985597, 0.002462992912432197, 0.002475072367929158, 0.0025104828922962634, 0.0024897666424194497, 0.0024907980312070498, 0.0025098316558382875, 0.002516642947803717, 0.002712098104232782, 0.0024331080382515996, 0.0025118720811357774, 0.0024565948301114673, 0.002478559691716116, 0.0028124624975927677, 0.002719934450149024, 0.0024545714848734535, 0.002447331929579987, 0.0026120286545786705, 0.0025812750314908183, 0.0023745830658687475, 0.0025130295346235468, 0.0024333568671319936, 0.0024713544111480677, 0.0024016935219178743, 0.0024119742631637554, 0.0024467700911219377, 0.002457900921579027, 0.0024248605863096025, 0.0024037318148762195, 0.0023719098943756744, 0.0023652685384583905, 0.0023669692596886157, 0.002387300528727214, 0.0024934055282455655, 0.0023671103369916693, 0.0023367375280419645, 0.0023686231836830035, 0.0023582270059215407, 0.0023360049814519206, 0.0023600540584597972, 0.0023951971753133233, 0.002420825167148414, 0.002350688908943087, 0.002368378284149925, 0.002316542281455209, 0.0023228432229642493, 0.002327548052087267, 0.002295254057966035, 0.002331965097783335, 0.002407889008166219, 0.002294229513575764, 0.002303998477874681, 0.002492703758513786, 0.002282155852938395, 0.00233657038599192, 0.002335163735105732, 0.0022927796718872923, 0.0022485137263478488, 0.0022773086288563104, 0.0022753256346716216, 0.002305157215782647, 0.0022585071271442915, 0.002257533109164587, 0.0022446048323317602, 0.0022622146880667683, 0.002307576496093326, 0.0022442450603182276, 0.0022304898138994014, 0.0022514562716213463, 0.002227629024985625, 0.002265645933329155, 0.0022787788346649417, 0.002214350135249396, 0.002218293856008947, 0.0022338652669044463, 0.0022144561991349647, 0.0022153487614557338, 0.002209559573576511, 0.002196469977991666, 0.0022023359399550167, 0.00221032924452462, 0.0021625218346048875, 0.002239322622809057, 0.0022084144816963388, 0.002238728650923642, 0.0022719439230397976, 0.0022572278374879354, 0.0022076042635806987, 0.002173534000348438, 0.0022004133839075364, 0.0022010089359689464, 0.0023038554363138826, 0.002174601150053114, 0.0021541214069519133, 0.0021604529874958717, 0.0022390190046870256, 0.0023371480632659782, 0.00216567501982857, 0.002146685079469435, 0.0023842600566595495, 0.002190310288326125, 0.0021538461318287225, 0.00224185840420392, 0.0021559104909245662, 0.0021267931610518954, 0.002142146674572564, 0.0021817545766706797, 0.0021098131962616986, 0.002145561469234897, 0.002267536006846968, 0.002306752071425163, 0.0020978466185158358, 0.0020911567507496866, 0.0022217982469477713, 0.002170403772187381, 0.002227211995589833, 0.0021232076843288672, 0.002098203427022555, 0.002143892200301216, 0.002222754635951756, 0.002136140307388905, 0.0022369395705160297, 0.0020579848448851836, 0.0022254930319272623, 0.002232948145120331, 0.002119282118422123, 0.002045618098020397, 0.0021096912566280056, 0.002105901566424842, 0.002063173648399594, 0.002100498393568501, 0.0021319550451569347, 0.0020468678718952547, 0.0021759760185268364, 0.0021130417001340206, 0.002094188317836684, 0.0020197429757586203, 0.002073383510727897, 0.0020145929309969795, 0.0020141468254204872, 0.002063178366393064, 0.0019973643568657706, 0.002033592358168298, 0.0020624543727248397, 0.0020829184317916177, 0.0020196023758736665, 0.0019947086988442507, 0.0020043044207605286, 0.001995184035313494, 0.0020007373648567735, 0.001978985847151339]