Model Setup for Atypical Patient 6:
ITERS=2000
LEARNING_RATE=0.001
OPT_RESET=None
ATOL=1e-05
RTOL=1e-05
METHOD=dopri5
Input channels=2
Hidden channels=32
Output channels=2
Runtime=270.80790972709656
Optimizer=Adam (
Parameter Group 0
    amsgrad: False
    betas: (0.9, 0.999)
    capturable: False
    differentiable: False
    eps: 1e-08
    foreach: None
    fused: None
    lr: 0.001
    maximize: False
    weight_decay: 0
)Loss over time=[0.24133587073298338, 0.2276348577624759, 0.21402463592182697, 0.20203661597292522, 0.18963447524561253, 0.17526937682261032, 0.16599667304859045, 0.15481163842645038, 0.14493741182812123, 0.1344135661052311, 0.126466771862093, 0.1190077140684944, 0.10861303703847641, 0.10246217583565236, 0.09678498774306578, 0.09013054818612298, 0.08459556768919824, 0.08125712067029121, 0.07551518369562502, 0.07210448800496504, 0.06916101927580162, 0.0646744774837782, 0.06356116401874239, 0.06160956893467824, 0.05670735097619963, 0.05528586448446171, 0.052905378538848406, 0.05024240688350981, 0.04885080409038072, 0.046833399915874346, 0.04510233030185819, 0.043629603811304825, 0.0395656509307125, 0.04012810431424588, 0.03874692187488652, 0.037338334718651195, 0.03705731093369618, 0.03584092388026834, 0.034420838241507816, 0.0330181000754819, 0.032083449748958055, 0.031024706061670567, 0.035395681772736026, 0.028936808789323143, 0.028629107686929774, 0.02749775036443171, 0.02638615575129726, 0.02572946583505744, 0.025158362353383402, 0.024583997180442792, 0.02410858296432681, 0.023102357616991274, 0.022780910329951186, 0.022075553900985364, 0.02115027998903746, 0.02104915046131397, 0.020241199816274993, 0.019958706557143626, 0.01933950848233368, 0.018869124768086023, 0.01847753185931317, 0.018119058603824036, 0.01767537082947038, 0.017352120119044658, 0.017014552655186824, 0.016614022403373115, 0.016372884113379088, 0.016082556592522983, 0.015774065173297543, 0.015547569111090452, 0.015237226287966464, 0.015131258586614165, 0.014838016403839221, 0.014525786840572841, 0.014376165052150868, 0.014236609919688385, 0.014147929453961722, 0.01389809314237296, 0.013661158556326219, 0.013471435615528453, 0.013396219616811134, 0.013237285269417837, 0.013331099448635251, 0.01304742702164863, 0.01273409172842021, 0.0128743314461304, 0.012640061513774298, 0.012708843471002295, 0.012240703975977823, 0.012905066700944427, 0.012261080633688547, 0.012263290300138369, 0.01218205575002999, 0.012127017761426549, 0.012369460870566902, 0.012083326241115388, 0.01205045228862124, 0.011917765504225986, 0.011789665435195834, 0.011709657769442543, 0.011565481379364657, 0.011673905165887188, 0.011598116435670651, 0.01153992236748224, 0.011628732719933267, 0.01146236882251485, 0.0117814180509368, 0.011391290807968689, 0.01144649252127389, 0.01147730515457881, 0.011600461717677406, 0.01118105517618449, 0.011256635576024025, 0.011417601925858669, 0.011215929457687688, 0.011292557838235438, 0.011186320359794423, 0.011044184973927043, 0.01106906080982298, 0.01142139804128744, 0.010891512913084456, 0.011100819636823635, 0.010844124694584721, 0.010902077399094903, 0.01103594729515369, 0.010674983613334648, 0.01068720268008616, 0.010712942698137056, 0.010427851008573115, 0.01050123481282589, 0.010309166259421063, 0.010340585802663659, 0.010006557379778616, 0.01012224913772287, 0.010198667110518332, 0.009953697394069925, 0.009770454961832868, 0.009789303237999177, 0.009569945257293223, 0.00944640934772206, 0.009355069628310071, 0.009236782596290044, 0.009070273255358231, 0.009158142511151537, 0.008946553858515642, 0.008700029528889775, 0.008537207854323065, 0.008806468750918617, 0.008254101538132493, 0.008098889903500064, 0.007932930381368707, 0.007720693029666581, 0.007624564932912617, 0.007532599354488607, 0.007184410971309772, 0.00729908672601556, 0.0070628514491968076, 0.006638101229600152, 0.006501734817255927, 0.006316433009108487, 0.006216526282307746, 0.006042347777858215, 0.005915174071836132, 0.005713670073282037, 0.00557375849937078, 0.005396884020093262, 0.005277204480172552, 0.005146148246788628, 0.005008118355506192, 0.0049218503767942, 0.004816805634369394, 0.004709402569925547, 0.004644851411955434, 0.004432525589659419, 0.004312507991444688, 0.004313661153798737, 0.004077496214266337, 0.004048515429106682, 0.0038841372643158983, 0.004269190808550733, 0.0037935040213744344, 0.0036418488572339033, 0.0035412136051813617, 0.0034786006264858867, 0.0033713309265906034, 0.003282778417533033, 0.003252075919248953, 0.0031806319346058547, 0.0030764873883822918, 0.0030415921943757434, 0.0031932754168018944, 0.0029595250500372605, 0.002877755583486895, 0.0027169545236091514, 0.002734020727347939, 0.0026920475458211044, 0.002707148431271146, 0.0025707609852199877, 0.0026550307270831216, 0.0024741077790934626, 0.0023962204148572476, 0.002333116517011538, 0.0023330026898596814, 0.002428345497871412, 0.0023921903096606727, 0.002248322558204896, 0.002293339305352761, 0.002137331587725855, 0.0020985542718825207, 0.0021700793363393137, 0.0020065449833899097, 0.002011657481189496, 0.0019886526700594108, 0.0019146645624525164, 0.0019917302563238555, 0.001853342348606192, 0.001870695084339547, 0.0019063856618762034, 0.0018501798768838314, 0.0018150139110822971, 0.001956050671535782, 0.001766359928981069, 0.0018123411435289395, 0.0021498705866285456, 0.0017275598210477784, 0.001706647005496662, 0.0016432269735854419, 0.001633519294920468, 0.0016813686217275942, 0.001627472833000177, 0.001568730303157996, 0.0015366403940778714, 0.0015520105825557332, 0.0015252135476838493, 0.0015225033924853282, 0.0015432787439257968, 0.0014887693148431318, 0.0014930940811418104, 0.0014803438159958682, 0.001544131701027313, 0.0014650310025398664, 0.00145421961595479, 0.0014007187824530874, 0.0014575488007831587, 0.0013966354880695986, 0.0014630410060558784, 0.0014571686146188938, 0.001406795212950795, 0.001453736535195434, 0.0014610454272402688, 0.001472303171310687, 0.0015277215562768454, 0.0014513688156827563, 0.0015075192007132205, 0.001433050835378484, 0.0013595902870588983, 0.0013537965309328116, 0.0013562328044118682, 0.0013309477907241856, 0.0013240009299100815, 0.0013049717966521037, 0.0014128253302978415, 0.0012863766441668428, 0.0013254606842115749, 0.0013616645493638726, 0.001352086236349142, 0.001371113145333017, 0.0013006564657940987, 0.0013107506412434527, 0.0013328454348449626, 0.0012790261174980002, 0.0014255823457373243, 0.0013177772853340626, 0.0012779714190629412, 0.0013291434801655873, 0.0014002411739859602, 0.001337005156207632, 0.0014187829498432528, 0.0013430501072908489, 0.0014120502717688054, 0.0013716248398769532, 0.0013168532461120296, 0.0013521273916663136, 0.0012648003068947025, 0.0012957165177162973, 0.0012720711697551566, 0.0013212642585930224, 0.0012596608765006857, 0.001298209141256878, 0.001289821229962918, 0.0013161353019174417, 0.0012405817813698143, 0.0012966237351569633, 0.0012688562774896468, 0.0013244366588990495, 0.0012730506249119674, 0.00126913851078122, 0.0014268298216393084, 0.0015380211077930547, 0.0012620004749784796, 0.001286490065943231, 0.0012193387666257316, 0.00121239821606565, 0.0012700031893632816, 0.0012113721081360267, 0.0012897371903961383, 0.001334805119830769, 0.0012154332620589684, 0.0013817441778666173, 0.001341391619133192, 0.0013206675424245846, 0.001213678579270262, 0.00123503603510121, 0.0012753322099893728, 0.001245586062178954, 0.0012287492327676412, 0.0011984723895904256, 0.0012117209148646405, 0.0012385741952507178, 0.001188052372839822, 0.0011987982315592612, 0.0011421153285469884, 0.0012105699313906333, 0.0014596593560157515, 0.0011504023617588705, 0.0012497918547403444, 0.0012015714173373878, 0.001220415352235677, 0.001220728145706972, 0.001167349495818738, 0.001325614778982651, 0.001194039627976633, 0.0011662861596718746, 0.0011912081403437963, 0.0012011275703704787, 0.0011818981713679216, 0.0011798632045999815, 0.0012088014482956255, 0.0012313091695580136, 0.0011553962138138455, 0.0012091637611272514, 0.0012344763204558626, 0.0012309012115292246, 0.0012099833684785912, 0.0011894882012430373, 0.0011390318406964263, 0.0011434126177484012, 0.0011443272528613433, 0.0011488897235649798, 0.0011610470245657174, 0.0011744065543478858, 0.001161013593738452, 0.0011602009324411138, 0.001120365283762778, 0.0011739407112075354, 0.0011256345146185664, 0.0011167508659359964, 0.001231946727735162, 0.0011298761291610592, 0.00120414537605606, 0.001158431583794938, 0.001153272486058067, 0.001168667379520265, 0.0011550367165595373, 0.001151787134155934, 0.0011068695175500737, 0.0011130645453553008, 0.0012614507815450775, 0.0011469151120845756, 0.0011585894726248637, 0.0011623988813520962, 0.0011302242986959944, 0.0011440776668210323, 0.0011373001192621919, 0.0011234010382910687, 0.0012080672009411742, 0.0013343943274652043, 0.0012613717516890088, 0.0012989877088075087, 0.001188395537836876, 0.0011511455918819082, 0.0011313036892813431, 0.0011395121132127541, 0.0011416403848666307, 0.0011137079607735259, 0.001123315849139484, 0.0011252125085995668, 0.0011179856993789553, 0.0011420032604284524, 0.0011014905806994303, 0.001128833578568836, 0.0011594186195126688, 0.001184479505158211, 0.0011428106213490186, 0.0011316709143851058, 0.0011141333622775057, 0.0011165165893429038, 0.0011376441072161482, 0.0011663348962587144, 0.0010600522873653129, 0.0010840548506799881, 0.0011452994057418004, 0.0011542602183097776, 0.0011750139505802696, 0.0011494281280702413, 0.0011025238082154382, 0.0011244156949589226, 0.0012527799402781933, 0.0011404078320256914, 0.0011191938899749608, 0.0011068354096314397, 0.0010782141304714061, 0.0011900626491993535, 0.0011750366572920031, 0.0011868317589474485, 0.0010799578942728555, 0.0011316749117640337, 0.001141894995675926, 0.001098939742403899, 0.0011180816610571235, 0.001096056663332678, 0.0011092827321199526, 0.0010964276777260097, 0.00109408997782878, 0.0010679422698704666, 0.0011284962561907313, 0.0011079187675577368, 0.0010949284096277755, 0.0013449356967607366, 0.0010813550584329804, 0.0011269563989264161, 0.0010444630345485507, 0.001056574111956135, 0.0010950221017676871, 0.0010767166774138229, 0.0012075211327638045, 0.0011201603368379406, 0.0010331066569461316, 0.0010424722863642286, 0.0010050494228968298, 0.0010974449590152465, 0.001096371703188976, 0.0010688911653355044, 0.0010834657616219192, 0.0010544426253602651, 0.001071338585643719, 0.0011462131968641126, 0.0010215375603398957, 0.001190735016416763, 0.001114756243927434, 0.0010905533264521713, 0.0010906874980226064, 0.0010403106678034313, 0.0011312277009639495, 0.0011059159249218584, 0.0010735819819772802, 0.0010866654080348447, 0.0010503288859806564, 0.0010988978107377785, 0.0011771045507335267, 0.001042405206589113, 0.0010979487040441304, 0.0010272168925606216, 0.0011064783649669299, 0.0010412296477681296, 0.0010149482702707412, 0.0011089825300605817, 0.0010314955466676713, 0.0010538550802503559, 0.0010299351168479272, 0.0010654746230378106, 0.0010576608241082244, 0.0013384473181846121, 0.001097982483985683, 0.0010667472066302754, 0.0010154009433537804, 0.001181524728701186, 0.0010565861220094475, 0.0010374179456450435, 0.0010497286892463009, 0.0010481692190439083, 0.0010275212613371667, 0.001045290491872434, 0.0010863716661421482, 0.0010508307107517734, 0.0010628858774655652, 0.0010768546619485027, 0.0010381450948038582, 0.0010293233972493152, 0.0010478952799880105, 0.0010495525109697117, 0.0011080727818463287, 0.0010390213384549292, 0.0010404857659303479, 0.0010653158369184276, 0.0010473106788610514, 0.0010467106845095608, 0.0010435932299017131, 0.0011568274570142956, 0.0009869290055688148, 0.0010984409259805561, 0.0009951481929260332, 0.0010390430647484704, 0.0010699153214707687, 0.0010530072096418019, 0.001038353416283003, 0.0010848321990033951, 0.001185729860567298, 0.0010880969556998179, 0.0010709339513177507, 0.0010898712539888589, 0.0010863001451489572, 0.0010935113423018198, 0.0010505755658206629, 0.0010237902022428385, 0.0010433644744042942, 0.0010447447363084001, 0.0010072709995590965, 0.0010843465694118466, 0.0009968515646555005, 0.0010594111202848258, 0.0011175522544694463, 0.0010282691382201628, 0.0011467749566897332, 0.0011140929739592606, 0.0010409400120222109, 0.0011632744586720172, 0.0011348834992153647, 0.0010774919954873077, 0.001091090321576025, 0.0010299515854953476, 0.0013413490109882434, 0.0011504756907980492, 0.0010383460328536446, 0.0010434917541168368, 0.0010361196588591518, 0.0011486666905359262, 0.0010446690236206346, 0.0010543783897109006, 0.001030936806565061, 0.0010209574794441732, 0.0010103182302520352, 0.001018795015826764, 0.0012783356951648719, 0.001068038815014338, 0.0010801229578374892, 0.0010536662021085321, 0.001256612764898803, 0.0011559202759815661, 0.001158803840903302, 0.0010248136550565059, 0.0011060561843345335, 0.0010113861707761326, 0.001264447707525396, 0.0010606155313393146, 0.001045122563465152, 0.0010648695809622694, 0.0012435047961246693, 0.0010447485872277236, 0.001040601233891655, 0.00104261062978192, 0.0010686638316722225, 0.0010193236161718823, 0.001423700716907377, 0.001146462911636172, 0.0010336742378189148, 0.0015859055481335712, 0.001021783536599522, 0.0010885920676865662, 0.0010634768643311419, 0.0011869363157661586, 0.0011776527155804213, 0.0010445698176400691, 0.0013051291518138195, 0.0009996940353583508, 0.0010835981319307236, 0.001076228885025114, 0.0010259964439963151, 0.0011469198197385096, 0.0010736189463792908, 0.0010369545721152591, 0.0010245760551080092, 0.0010326886343359426, 0.0011032829451839395, 0.00119531571748815, 0.001016417470834424, 0.0010817104573609538, 0.0010767366559093785, 0.001005211304418767, 0.0010622873925251334, 0.0009767178566211726, 0.0010313824440779994, 0.0010227912709040408, 0.0010087304807876842, 0.0010356191695056484, 0.0010283904956429235, 0.0009864609391250115, 0.0010645107801802447, 0.0009806484647099918, 0.0010232742717859713, 0.0010890670393542028, 0.0010913381242943715, 0.0011587221471826671, 0.0010353316344422297, 0.0010214215060984214, 0.0010289157861440334, 0.0010859504337765607, 0.0010226477394215438, 0.0010523371859878451, 0.0011088799893039722, 0.0011077312344388956, 0.0010274479147574314, 0.0010354622752011193, 0.0010458792442521222, 0.0009983580905594985, 0.0010142837038334862, 0.0010333316120065947, 0.001005951050363641, 0.0009764136084409928, 0.0011966496857402829, 0.0010233864234035763, 0.0010004472566198944, 0.0010179033782647476, 0.0011804772441396157, 0.0009928835168077905, 0.0011380395760962367, 0.0009932729273131843, 0.0010528420101912806, 0.0010087470092900513, 0.0010049562688470705, 0.0009776660656560304, 0.0009807469503838125, 0.001025313664362432, 0.001046957584457221, 0.0010169761356163794, 0.0009795427337587152, 0.001066075306296454, 0.0010033180305559946, 0.0009581591715751879, 0.0010129702570434134, 0.0009992611176873661, 0.0009954729904296795, 0.0009933377570053182, 0.0009594663740514612, 0.001009684859530916, 0.0010694879191996832, 0.0010582032429308325, 0.0010848798966770947, 0.0009901528701203323, 0.0009449075371410307, 0.0010567785606643537, 0.0010719237464682807, 0.001052881607481759, 0.0009954979996199557, 0.001042390056623752, 0.0010017291509320223, 0.0010016029149421642, 0.000978287143558274, 0.0011226699282412894, 0.0009773073772411706, 0.0010062119415772187, 0.0009631640824128269, 0.0010340347742811577, 0.0010265871123094296, 0.0009584528114852212, 0.0009465779473113154, 0.0010710983794399818, 0.001010015977031986, 0.0009917682178617118, 0.000946536546432314, 0.0009524213454589785, 0.0009895298800140528, 0.0009912820358596146, 0.0009972217530860724, 0.001008926363793109, 0.0009859641582052655, 0.0009797530227679538, 0.0009106825921166507, 0.0010661840717771647, 0.0009598425504323844, 0.0010431402339300191, 0.0009364137153893003, 0.0009836746992070709, 0.0010264892443448313, 0.0009816939120986157, 0.0009658171862859738, 0.0009950519521910355, 0.0011515362001084228, 0.0009900290352727612, 0.000987451737410592, 0.0009996947089466106, 0.0009825541489765063, 0.0010507498516135565, 0.001165908824733866, 0.0009351788055471023, 0.0009167146499741627, 0.001018993015497688, 0.000999974642491923, 0.0012938068126566256, 0.0009527742057684447, 0.0009591163309292609, 0.001107159289481193, 0.0009441238769592633, 0.0010417888957918841, 0.000970354780655209, 0.0011541471289979793, 0.000963993692054936, 0.000998881429802507, 0.0009779902122054784, 0.0009916909487944587, 0.0009613618281690203, 0.0009843006471093613, 0.0009600928795665104, 0.0009931040049647058, 0.000986679370101579, 0.0009212091563068011, 0.0009366269717576039, 0.0009560328448479365, 0.0009665417921645444, 0.0009292482557667713, 0.0009618954501145353, 0.0009762580350826962, 0.0010576924553523286, 0.0009099954026766052, 0.0010032481696594013, 0.0009429458865588085, 0.00096470370384955, 0.0009473341261401901, 0.0009606434024187444, 0.0009295077383906623, 0.0009691013649805804, 0.0009082897643504068, 0.0010567642673599677, 0.0009119390183801264, 0.0009904033731065983, 0.0009350150945707461, 0.0009499814231545589, 0.0009159868613502898, 0.000992671184514922, 0.0009446529713326442, 0.000957344704402682, 0.0009315056091671745, 0.0009216014443474961, 0.0009500680017448412, 0.001116626077019822, 0.0009591796502546758, 0.0009372789810656402, 0.0009865777417211086, 0.0009751018514761705, 0.000929935331096055, 0.0009554344568692283, 0.00093998173059622, 0.0009296225187119578, 0.0009886362848251175, 0.0009055784323772274, 0.0010784062002805526, 0.0009289095051645996, 0.000908219623426591, 0.0009314976797513523, 0.0009703556482431364, 0.0009799664246155917, 0.0009963663123238203, 0.000948661628342384, 0.0009545785791404734, 0.0009228112433444283, 0.0009748012478643741, 0.0009652625898954652, 0.0009361045559996153, 0.0012109013357051506, 0.0009043879968779058, 0.0009464466118832052, 0.0009263665971754552, 0.0009111524769332553, 0.0012925460769131786, 0.0009132422511435099, 0.0008816750277754379, 0.0009287572659651466, 0.0009996698052117262, 0.0010123432823935462, 0.0008996208869657498, 0.0009501967823584904, 0.0009214434108359819, 0.0009026086951195591, 0.0009244476121610267, 0.0008845519147865348, 0.000896018105082437, 0.0009143083563131881, 0.0008981473487770773, 0.0009508713784609804, 0.0009083482338262494, 0.0008845761823147619, 0.0009078299518898176, 0.0009848217904629448, 0.0009158643997420289, 0.0009362667700066964, 0.0009205421500157947, 0.0009200240057901488, 0.0008512170059186496, 0.001009651666275532, 0.0009023690376855129, 0.0009551579163271696, 0.0008767791083621277, 0.0009814258356709111, 0.0009330748965993736, 0.0008737314105864552, 0.0008788992521215965, 0.0009050544275662139, 0.0008676994432825868, 0.0009266908918118491, 0.000994813696833363, 0.0008983670692961652, 0.0008976733795325928, 0.0008840227529550109, 0.0009578208490774293, 0.0008456556104431156, 0.0010058669258378933, 0.0009509379866522272, 0.0009245138083255464, 0.0008757281350167026, 0.0008766196967548062, 0.001023380535039169, 0.0008777191290042003, 0.0008844712381200988, 0.0009459336264184651, 0.0008960785399803121, 0.0010130353300235974, 0.0010032601707996745, 0.0009210562294881939, 0.0008842266284952542, 0.000891316576313081, 0.000915185076252079, 0.0009043488127181296, 0.0009032796736637826, 0.0010125244390585856, 0.0010056938528191092, 0.0008926316633045942, 0.0008947505635740718, 0.0009502556873444008, 0.0008680820147633201, 0.0009761222348794784, 0.000891989442234847, 0.0010187798251755948, 0.0008909147433699328, 0.0010100835829240208, 0.0008979440570177576, 0.0009177034084192153, 0.0010090512986012672, 0.000982525242524775, 0.0009202453537605151, 0.0008635183045854733, 0.0009202344989696254, 0.001007712737643234, 0.001045568761714266, 0.0009143784966944732, 0.000843647215761564, 0.0009057497906432562, 0.0008881618479131925, 0.0008884401397894217, 0.0009592272438472639, 0.0011881122379729227, 0.0009070993329011443, 0.0010142744304299405, 0.0009287192081641203, 0.0009015844382389058, 0.0009194135521883779, 0.0008891926604412151, 0.0009061885722824338, 0.0011518497485629399, 0.0009375510399910622, 0.0010361855614788764, 0.0009345214366373825, 0.0009115503060990414, 0.0009365259615669364, 0.00100988666338337, 0.0008941204030428856, 0.0009406955818130771, 0.000915465631641767, 0.0009461398227852486, 0.0008950913182671568, 0.0011380188672308696, 0.0009345324956903998, 0.0008842975029164177, 0.000911304662764512, 0.0008881992746733402, 0.0009002977745135953, 0.0009309554432233668, 0.0008752443920354493, 0.0009145262882718102, 0.0008581225786737937, 0.000886664757394421, 0.0009955509297474296, 0.0009381611804764427, 0.0009081760181245621, 0.0008754088386260258, 0.0009439117800567092, 0.000911152156453753, 0.0008614161909916376, 0.0009127578608009393, 0.0009251921941920795, 0.0008988571288364159, 0.0009171612365859795, 0.0009452409380369908, 0.0008976631427598905, 0.0009071804779158751, 0.0009167330059347019, 0.0009028404313158628, 0.0008826338741732445, 0.0009100269216080877, 0.0008481731924356972, 0.0008768194678528505, 0.0008959443591454116, 0.0008536788960480109, 0.0008465525629654957, 0.0008566679066830809, 0.0008546050700929121, 0.000963413816879027, 0.0009254713634221249, 0.0010263556828415574, 0.0009428551136447256, 0.0008557949631098214, 0.0009253799630476972, 0.0008716450372264563, 0.0009134558981824859, 0.0008884888633462142, 0.0009359676326691321, 0.0008858365025965722, 0.0008206349321939636, 0.0009186138311189533, 0.0009709009119577976, 0.0008781230929406903, 0.0008555346652605989, 0.0009195122388153777, 0.0008535301306588885, 0.0009953205828970154, 0.0009517284725970274, 0.0008284614003585812, 0.0008508261791602746, 0.0008551614611902965, 0.0008965105383272154, 0.0008879653899296101, 0.0008486380771331229, 0.0008785274416693987, 0.000930483499796399, 0.0008532683302880866, 0.000842478482747731, 0.0008604053770349344, 0.0008666413846472096, 0.0009659095215030281, 0.0009910328546091564, 0.0008620523499447974, 0.000802965446040544, 0.0008463972978994226, 0.0008578662593632557, 0.0009361036253854771, 0.0008652453519643714, 0.0008045948775820424, 0.0008528098214948457, 0.0008481696696444834, 0.0008311585881226993, 0.0008243625812428566, 0.0008668132409642453, 0.0008441403372826151, 0.0008811682482507708, 0.000837759575447072, 0.0008604135084695708, 0.0008554197783189831, 0.0008587673669235044, 0.000839029458610387, 0.0008369108488659473, 0.0009314780095157772, 0.0008261899855897589, 0.0008649658932205282, 0.0007974907946885008, 0.0009021914382657338, 0.0008435207251438555, 0.0008335505705769786, 0.0009007710143924806, 0.000890369981958632, 0.0008153533435764568, 0.0008240713107379339, 0.0008411060536883216, 0.0008398253336739469, 0.0008424878850816938, 0.000965364351151574, 0.0008536211757107253, 0.0008389477773220866, 0.0008478651356494368, 0.0008139733874199289, 0.0008195931418906372, 0.0009477368616538217, 0.000836135694552332, 0.0008332312796580675, 0.0008125125005732724, 0.0008231438784768897, 0.0008035633904653826, 0.0010090368318394045, 0.000830289025341422, 0.0007714340568503297, 0.0008765508924353633, 0.0008463378175787042, 0.0008676274989683888, 0.0008233082637206773, 0.0007863474938871916, 0.00085229965891912, 0.0007918830257534769, 0.0008444647819227311, 0.0008228837253416774, 0.0008965578785507341, 0.0008739810372029664, 0.0008246239251928629, 0.0008491723115711492, 0.0008317977122963606, 0.0009006458225927917, 0.0008366564191311462, 0.0008585312903987809, 0.0008630995303697694, 0.000835344167404169, 0.000788108777456251, 0.0007796009886889359, 0.0010082541176637172, 0.0008755213562722242, 0.0008114137065669892, 0.0007715722962671166, 0.0007788831309922518, 0.0007517281382649072, 0.0008100441369988685, 0.0007923906157731278, 0.0008320987781994194, 0.0008279515231774345, 0.0007918498126710318, 0.0008354953933066666, 0.0008156660084154996, 0.0008248408797510143, 0.0008378414020179209, 0.0008035636052026317, 0.0008451769739577296, 0.0008384939635655581, 0.0007712464361253197, 0.0008257168729190904, 0.0007771742516118674, 0.0007961250924793119, 0.0010809010177426455, 0.0007349460858384797, 0.0008009011543924056, 0.0008018943233068305, 0.0008120480888979283, 0.0007736714805359096, 0.0007538999233668682, 0.0007642055379093684, 0.0008202627822028277, 0.0008176138146344536, 0.0008598532307880709, 0.0008116951504184431, 0.0007902395035517197, 0.0007951519911190996, 0.0008005587289724356, 0.0007951389683766779, 0.0008000632149476558, 0.0007693453179342565, 0.0007609552520089237, 0.0008255826731334444, 0.0008921144670953049, 0.0007319080796459057, 0.0007619163132567209, 0.00088920965796183, 0.0008143865244661575, 0.0008628900724206834, 0.000817154944060446, 0.0007677369292236482, 0.0007630018612128521, 0.0007999377389038396, 0.000815065089835007, 0.0009137487762920268, 0.0009806314212352616, 0.0007890674298488446, 0.0007552678300291541, 0.0007767632637452494, 0.0007301160217253141, 0.000731894745241555, 0.0008026855850103178, 0.000835009381240406, 0.0008344810243846725, 0.0008242658343870102, 0.0008103165302449737, 0.0007981944029911251, 0.0008096818896139244, 0.0007631416365327814, 0.0008693903686404096, 0.0008242901718828849, 0.0007731052911780876, 0.0008490787641728719, 0.0007789958532311643, 0.0008643196108788537, 0.0008655874154247363, 0.0007762722541335914, 0.0007941248417410399, 0.000788482463186066, 0.0007515177230325667, 0.0007736477529121335, 0.0008175003434383887, 0.0008743270369146975, 0.0007961916365689682, 0.0009177429573301144, 0.0007604339230932462, 0.0007586734908802147, 0.0007898544587455323, 0.0007963868230151151, 0.0007658163775771349, 0.0007820178506525666, 0.0007961749156139532, 0.0007882867297825846, 0.0008637063168501093, 0.0007721388673912595, 0.0007768316243319098, 0.000780140279166947, 0.000807664418425703, 0.0007071190512239477, 0.0007484074418574702, 0.0007568807228997544, 0.0007832820385151276, 0.0007588375977061611, 0.000776993435699104, 0.0007332025348151728, 0.0008450240777654099, 0.0007497531229734054, 0.0007860580167332859, 0.0007618558021957205, 0.0007322921270891164, 0.000979201550143365, 0.0008769432536813554, 0.0007360022572252295, 0.0008150527490616528, 0.0008460323426322266, 0.00077717832567947, 0.0007514993388974322, 0.0007264598102644068, 0.0007621966018618702, 0.0007779663645687644, 0.0007483228762537247, 0.0007712136086574006, 0.0007277335648769965, 0.0007968993068494308, 0.0007439583716827478, 0.0007836380873819369, 0.0007023243451646676, 0.0007540451718455573, 0.000785894861409663, 0.0007590106335331544, 0.0007633872535468125, 0.00092949261416646, 0.0007271137906690168, 0.0007392875153918031, 0.0008343521094907959, 0.0007788785566932147, 0.0007586159806355734, 0.000715337558035505, 0.0007513653217330643, 0.0007584507618079584, 0.0007297450764006473, 0.0007232108286970939, 0.0007527195538444116, 0.0007160123995460073, 0.0007742086178327946, 0.0007434414727146808, 0.0007477423958055818, 0.0007760093274207777, 0.0007609640367409537, 0.0007927667005129771, 0.0008467742417472216, 0.0007588508932029552, 0.0008364205162997835, 0.0007410915463461431, 0.000752366380325194, 0.000736618574872816, 0.0007419363369282121, 0.0007963970083805015, 0.0008710031230270102, 0.0007724327090275945, 0.000757724797114387, 0.0007079750178684425, 0.0007144845386787224, 0.0007289751663279556, 0.00071157714468153, 0.0007117130485309758, 0.0006992629270653412, 0.0007612560908741847, 0.0007073381863010491, 0.0007125532890788246, 0.0006895599987207992, 0.0011237198914132386, 0.0008072546592039108, 0.0007779396530932899, 0.0007315147051461921, 0.0007276223723748881, 0.0007778023796698674, 0.0007842438214827718, 0.000850792598358545, 0.0007406968582582296, 0.0009014236390637878, 0.0007362073179460016, 0.0007324609906600006, 0.0007371526066936026, 0.0008041880863457779, 0.0007551988110587312, 0.0007994917602455548, 0.0007080840991897288, 0.0007320767974154999, 0.0007342500207818144, 0.0007998775297331038, 0.0007344990894085232, 0.0006954935584953759, 0.0007497043593818682, 0.0007395299971947344, 0.0008822746724142305, 0.0007592784756727054, 0.0008330967004746922, 0.0007168697755781671, 0.0006944867076362193, 0.0007587319967549103, 0.0006990771847180266, 0.0007221203342232703, 0.0007816364205523574, 0.0007068844588042152, 0.0006666226664290573, 0.0006744703734522656, 0.0007324188182543441, 0.0007411507629773973, 0.0007166506884147515, 0.0006844675201304137, 0.000696344133559794, 0.0007403962190254792, 0.0007086034815232224, 0.0006675241197417378, 0.0007936522923244342, 0.0007008512165982357, 0.0006954452628925683, 0.000867776761781517, 0.0007223034630034257, 0.0007409572078454223, 0.0007476980515615897, 0.0007387233958585198, 0.0007095515483245915, 0.0007245072620697623, 0.0007461431159982274, 0.0007412718412480131, 0.0009070732953409738, 0.000735123264768929, 0.0007464247461836265, 0.0007107091316257698, 0.0006870035418957538, 0.0007120727070414977, 0.0008584016926072164, 0.0007346963865494865, 0.0007190128559570891, 0.0006950812050497891, 0.0006945183621663307, 0.0007100497197191502, 0.0007048966438693323, 0.0007293639418078184, 0.0006911474126453821, 0.0008495645829809591, 0.000713159450093059, 0.0007005292320730023, 0.0007104076206998739, 0.0006601936794992205, 0.00079660227685153, 0.0008073294650337944, 0.0007292981540920347, 0.0007137646824075761, 0.0007359878045743413, 0.0006755208210170859, 0.0007148314467029407, 0.0006959364924700277, 0.0006901790879632118, 0.0007113195999645637, 0.000694827628847817, 0.0007092788089007236, 0.0006850326920595488, 0.0007880697539858938, 0.0006789230775667632, 0.0007146560008340837, 0.0006849323467251104, 0.0007008197448882539, 0.0006950432378057802, 0.0007152627857621917, 0.0007154317624247735, 0.0006677166140493235, 0.0006869523769578594, 0.0006728440248692544, 0.0006849311881452807, 0.0008532834248090662, 0.0006725425317972206, 0.0006789331019246672, 0.0006993666170653504, 0.0006984323511799696, 0.0006664347897343797, 0.0006740325333527908, 0.0006553915457296637, 0.0006734090926447556, 0.0006700909275019182, 0.0006481643940702458, 0.0006419209670373256, 0.0006477520417023188, 0.0006637232918613734, 0.0006509895619175828, 0.0006770101679833803, 0.0007058669032897091, 0.0007997618411105422, 0.0007458498527625003, 0.0006827321183772539, 0.0006618145442032358, 0.0006292254100627617, 0.0007054607458943956, 0.0007599194671256686, 0.0006620046638935945, 0.0006116485392891215, 0.000648788959345458, 0.0007271245482757388, 0.0006941519494946716, 0.0008763713881423213, 0.0006689564718778472, 0.0006598884429718292, 0.0006485887358015382, 0.0006724630875528878, 0.0006817737360778648, 0.0007022562909310563, 0.0006698923463137914, 0.0007145236217651646, 0.0006587915227470271, 0.000651266447140164, 0.0006721667037542236, 0.0007727517071678823, 0.0006541928430683214, 0.0008908456875498128, 0.0007025767923897205, 0.0007159478748843313, 0.0006937837077158737, 0.000670405841588809, 0.0006474563016523445, 0.0006353092544056705, 0.0006616635322839487, 0.0008612438955679885, 0.0007193501332299575, 0.0007881952646201046, 0.0007767627191804482, 0.0007298116787329782, 0.0006421178400545928, 0.0006995647259719292, 0.0006861202150415472, 0.0007526812294519517, 0.0006910069156966973, 0.0006834292739712971, 0.0006889318700218478, 0.000730859586879845, 0.0007229749421895482, 0.0006907436743499784, 0.0006834064434029624, 0.0006408480384684408, 0.0007089058002434172, 0.000700558245034593, 0.0006624222359674487, 0.0006757363257153037, 0.0006793396104095345, 0.0006990981836285029, 0.001225012796007322, 0.0007070987603995614, 0.00067155298931161, 0.0006293321448737353, 0.0006420692824038921, 0.0006793530301514926, 0.0006390101937565053, 0.000795790728110982, 0.0009279323416176284, 0.000891170698110215, 0.0007093523757376195, 0.0006089323271181743, 0.0006308564405533168, 0.0006501590557225625, 0.0007100546684635571, 0.00065245923402846, 0.0006503441857597698, 0.0006611795363038043, 0.000623516010886702, 0.0008665767377877036, 0.000673288378889639, 0.0007187210476100402, 0.0007794372519667372, 0.0006265783477656378, 0.0006084735199148569, 0.0006726762979723726, 0.0006572656459629962, 0.0006411191980710493, 0.0006471133244059687, 0.0006958879326706679, 0.0007329474213815388, 0.0006360172958953114, 0.0007629717027759518, 0.0006812893981619964, 0.000680701341571444, 0.0007683304110937515, 0.000778443490781916, 0.0006257040879013048, 0.0006417762523532191, 0.0006956304487400297, 0.0007959815595628313, 0.000639445792165086, 0.0007310377196658058, 0.0006648958143614466, 0.0006119308094565772, 0.0007296222705706468, 0.0006678117737344348, 0.0006445816605392885, 0.0006614008005927315, 0.0007090639898442217, 0.0006247218720939865, 0.0006107487748699496, 0.0006709636941955372, 0.0007360819234735874, 0.0006122140101666105, 0.0006249531016891051, 0.0006489424264686381, 0.0006463891920077826, 0.0006374677098753462, 0.0006490892575330723, 0.0006534129669795706, 0.0006234948831378641, 0.0007088121560493171, 0.0007332205777516757, 0.0006549246242188587, 0.0006390502415630548, 0.0006360112795741089, 0.0006002389709029503, 0.0009677335647973184, 0.0007683876609769492, 0.0008088435677256182, 0.0005894694101380441, 0.0006006937704666694, 0.0006618790010828293, 0.00061594752983365, 0.0006133465218073603, 0.0006140393156545991, 0.0006009297524984552, 0.0005918397506509894, 0.0006687009356063065, 0.0006221383136312614, 0.0006300200293572074, 0.0006273259045921058, 0.000729947911041114, 0.000609964560992204, 0.0006671442238672308, 0.0006461469432095195, 0.0005959560565034755, 0.000650686039383528, 0.0006197440019158918, 0.000657478957748055, 0.0006536337537320702, 0.0006210993963187493, 0.0006268453589345058, 0.0006304028787862833, 0.0006170120587865677, 0.0006003382602405065, 0.0006095582957920996, 0.0005581474416578268, 0.0005761147118364096, 0.0005974960095923364, 0.0006144370781134929, 0.0007421224340526992, 0.000733935489757205, 0.0006957815565307228, 0.0006264731537505025, 0.0007012568708278335, 0.0006113817549057835, 0.0006602777098970305, 0.000702636151288144, 0.0005900831315315773, 0.00075810857587729, 0.000660904514449239, 0.0006076213387192414, 0.0007446994927149453, 0.0005642855057090466, 0.0006050489888388314, 0.0006259927807259975, 0.000586743157965409, 0.0005961562152866913, 0.0006627438699432004, 0.0007558952366610375, 0.0006032591339846324, 0.0006550672029125941, 0.0006235090336369286, 0.0005920210619975733, 0.0006822151254204437, 0.000735276967554803, 0.000703932936833586, 0.0006604341661946881, 0.0006100136915504792, 0.0005522672527666352, 0.0005926565163974494, 0.0006104303236896817, 0.0006107956672695209, 0.0006110034256119688, 0.0005828988416575694, 0.0007623894201113458, 0.0006032311337704039, 0.0006147622777486933, 0.0005823997518278061, 0.0007419336189207343, 0.0005941878300035473, 0.0006027261302880193, 0.0006070949802777341, 0.0005919463952016482, 0.000589361147816797, 0.0005917937415017382, 0.0005984547144285579, 0.0006031674226054732, 0.0005641116079034183, 0.0005788640873992419, 0.0006381592446059145, 0.0006153027381765853, 0.0006056350767134024, 0.0005941029720629992, 0.0005884883480681627, 0.0005854143078544585, 0.0005836433667723144, 0.0006213812765049879, 0.0005871688412799074, 0.0005892706624610896, 0.000606583379611456, 0.0005699910527562704, 0.0007333243906997261, 0.0005742094258166564, 0.0006029660950669736, 0.0005966965456406904, 0.0006008354406673081, 0.0005845936942826884, 0.0006384182709783617, 0.0006564796087181316, 0.0006670102161285482, 0.000547112330282535, 0.0007227934772128964, 0.0005246563357896598, 0.0006639702933798115, 0.0006758789353158846, 0.0005921170111317578, 0.0006600395717560113, 0.0006445270050294241, 0.000647572196396374, 0.000638484071347131, 0.0005391689691318832, 0.000578540492899882, 0.0005854511347179897, 0.000550343454009569, 0.000586866388487949, 0.0006343614527152093, 0.0005592282993374296, 0.0005817710774033082, 0.000564862457722611, 0.0005491355409069128, 0.0005744696327594298, 0.0005490446215760139, 0.0005343710112058318, 0.0005351797632795444, 0.0005573537283483132, 0.0006544399005906269, 0.0005958979861783818, 0.0005622430965251454, 0.0005621181654356092, 0.000572559228272951, 0.0005723726439248438, 0.0005564166726401892, 0.0005373599808544178, 0.0006586613210389553, 0.0005700307556394311, 0.0006296417402895074, 0.0006010493390569059, 0.0005672849874199575, 0.0005425452087772796, 0.0007208755563381671, 0.0005476056020688754, 0.0005721751190929828, 0.0006446745869620435, 0.0005551553889248628, 0.0005589363655117319, 0.0005391782164868285, 0.0006257759285725372, 0.0005484471599411128, 0.000535492632127284, 0.0008694000751434873, 0.0005746694375897431, 0.0005607313026294906, 0.000534937969179186, 0.0006092543977416264, 0.0005408836826085662, 0.000537086443802703, 0.0006844041714494192, 0.0005105390980473268, 0.0005646066199093257, 0.0005301346271145257, 0.0006458572519634342, 0.0005099035742373695, 0.0005950294647026291, 0.000539215493171384, 0.0006097217457450034, 0.0005215875841563653, 0.0005849839795496033, 0.0005533078355055217, 0.0005257523904924985, 0.000561823825048417, 0.000513126340839379, 0.0006391126595926874, 0.0009029305933102895, 0.0005443878688121934, 0.0005793369803285095, 0.0005483002923387434, 0.0005355936846015226, 0.0005755595244298527, 0.0005662857437435813, 0.0005388210699839004, 0.0005334534985737382, 0.0005383913694672421, 0.0005356000982626937, 0.0005176169369210388, 0.0006572369273894567, 0.0005241441054148474, 0.0005432407427562841, 0.0006406574671151386, 0.0005889832574200777, 0.0005371102197887951, 0.0005017768839945348, 0.0006305145909868726, 0.0005260943693827016, 0.0005533065799697821, 0.0005216137862318, 0.000686507394168982, 0.0005460982257365969, 0.0006316419893256733, 0.000595838869539005, 0.0005770821382483855, 0.0005378151085584387, 0.0005167653923842474, 0.0005333576750774175, 0.0005469744324919821, 0.0005420212942110487, 0.0005316560054668691, 0.0005239577480299538, 0.0005413679865193395, 0.0005485077167408961, 0.0005395702401763037, 0.0005205339351359108, 0.0008192175123778244, 0.0005207891211720739, 0.0005050986058862879, 0.0005322821677832571, 0.0004894651150789571, 0.0005149323663131158, 0.0005182892575101147, 0.0005180507834284923, 0.0005273358163793221, 0.0004978616653506887, 0.0005237812728549524, 0.0005958040559082994, 0.0006005004613318474, 0.0005390491298457228, 0.0005185251316959008, 0.0005126441297673814, 0.0005036533140669169, 0.0005105119600967653, 0.0004836245710018267, 0.000505388645878639, 0.00048272623130082794, 0.0004824132189797, 0.00048304767668735547, 0.0006249134785119363, 0.0005724490224706031, 0.0005362679838786422, 0.0004801843715950018, 0.0004907541192909162, 0.00048708953727065815, 0.0005323978046410526, 0.000513772311823131, 0.0004924664157830444, 0.0005975645010533044, 0.0005166153543132329, 0.0006802704762125353, 0.0005086038761416029, 0.0005061734958267014, 0.000489815773711694, 0.0005118374613139273, 0.0004836415490162532, 0.0004936614893440578, 0.0005245720833025418, 0.0005762301131548772, 0.0004693117401911011, 0.000559919069166989, 0.0004927432124152138, 0.0007384726704526667, 0.0004792566280979153, 0.0004901746826189794, 0.0005182664198029874, 0.0004920732683666879, 0.0005290045765492224, 0.0004848691050703151, 0.00046817920388322643, 0.0005244681762495266, 0.00046299901123105414, 0.0005137147546317854, 0.0004949424497363576, 0.0004649288914892549, 0.0004924315525673766, 0.0006048332162959039, 0.0005757654492676183, 0.000518859213272869, 0.000497455135273918, 0.00047252257407675164, 0.0005057035888509417, 0.0005956741374826599, 0.0005035749546316117, 0.0005349945213983737, 0.000494609625432557, 0.0005061187234328261, 0.0004843534153504223, 0.00048432537479311486, 0.0005548554404050293, 0.0005754217712805368, 0.0006057692924050682, 0.00045952139184621477, 0.0005777127284008862, 0.0004935541427694613, 0.0004986237237556645, 0.0004943661423996174, 0.0004969057297767125, 0.0005449359336996491, 0.0006763008363268544, 0.0004840661032813977, 0.0004674642551881858, 0.0005150944306053861, 0.0015030134959577806, 0.000601879607759481, 0.0005488952504330001, 0.0004907038710667277, 0.0005444094340021729, 0.000528332477053466, 0.0004988569645348931, 0.0005156110815608218, 0.0004772694448123956, 0.0005088896262476491, 0.0004756201044577085, 0.00045322139543708793, 0.0004584708062018389, 0.0005658564335798159, 0.0013098950603164883, 0.00045629467596755303, 0.00045826865096972193, 0.0006177999968680598, 0.0004519806309325363, 0.0004512746788464614, 0.00046729033532418675, 0.00044958597575934524, 0.00044546374694900536, 0.0004491528569911739, 0.00042555705279874245, 0.0005053832762087185, 0.0005920021387254604, 0.0006300403812122706, 0.0004777680825790694, 0.0006329683080685106, 0.00047450218353023275, 0.0004609718462836119, 0.0004321991346915285, 0.0004370138203193468, 0.0005470797061048251, 0.0005591319859853107, 0.0005046524790074261, 0.00041698911206706704, 0.0004890150683020803, 0.0005094048309406615, 0.00041410845103941746, 0.0004153584813478201, 0.00043930088949430227, 0.00040097172255407345, 0.0004685510346436019, 0.0005002120627303078, 0.00043245020188621084, 0.00042831724405795695, 0.0006127000441932994, 0.0004262801684655863, 0.001015450954384886, 0.0004668936795122959, 0.0004580913139287926, 0.000436029985258057, 0.00045108222994908175, 0.0004398371643199049, 0.00044432493316647834, 0.000463104481502447, 0.0007988935488398599, 0.0004453583828613398, 0.00042357678709380593, 0.0004235987189207074, 0.00044278734945198546, 0.00044970306583967006, 0.0005538346831136708, 0.0004436590544418358, 0.0004949376092430534, 0.0005370343397272932, 0.00042511812047823643, 0.00045118954041185844, 0.0004609811561905477, 0.0004187568533337344, 0.00045490029403565395, 0.0004203151670927303, 0.0004121669773296004, 0.0005088884184690164, 0.0004653772824863152, 0.00042783151524654204, 0.00040410769003718474, 0.00041987237329624, 0.00040360384738060985, 0.0005248585026944448, 0.00039958959201935856, 0.0004463501944765196, 0.00047337325008525423, 0.00044712816433425826, 0.0004149985806948331, 0.0004957371737258896, 0.0004228478877933955, 0.00047025435203316626, 0.0005365507933580487, 0.0004541023181477744, 0.0004192774870310398, 0.0004826623311403799, 0.000429160547416607, 0.0004412513865567988, 0.0005475309065936904, 0.0004779051542361161, 0.00041642399387483895, 0.0004180244548666555, 0.0004988070981503474, 0.0004199222568184094, 0.00039254324491178413, 0.00039877538161145785, 0.00037189973076725354, 0.0003971357285200067, 0.00042708121827725055, 0.0003872544059603514, 0.00041629656237918963, 0.00045981780690386025, 0.0007519068835771945, 0.0005010132892031227, 0.0005181370929449218, 0.0003716839252959734, 0.0006129367795634599, 0.0004180980463260935, 0.0004779700215102737, 0.0004321769818866422, 0.00039309560628034265, 0.00045026885304420757, 0.0004429102777911521, 0.0003661533559682212, 0.00044612591556192035, 0.0003991449642978974, 0.000400858994763189, 0.00044148205678478774, 0.0006483388744109868, 0.0006600632160171671, 0.0005122546958206356, 0.0004577310248159201, 0.0004459516558922738, 0.0004547934238115987, 0.00043007559693166456, 0.00043764948387368, 0.0007211706401692063, 0.0004032380954181455, 0.0005130621316918894, 0.0007057633220668109, 0.0006216509847002399, 0.0004134679126493436, 0.00057999546868268, 0.00042855663853217377, 0.0003985227551602181, 0.00042044439137293516, 0.00038758472311629884, 0.0003815586526134187, 0.00040328112585199285, 0.0004031470977873968, 0.00037717427692777225, 0.0004155707089524175, 0.0004970987110622706, 0.0004964800881788999, 0.0003972711997509128, 0.0003933252031110459, 0.0004628975492644913, 0.00039206076491085564, 0.0004591829141168603, 0.0005970940838692054, 0.00038797604809558627, 0.0005059221400567126, 0.0005408404271450214, 0.00040337570314395987, 0.00041078734634292116, 0.0004223540691357933, 0.00042793743393821845, 0.00040368704576494393, 0.0003704373590471993, 0.00039181435458523627, 0.000391678020595942, 0.0003649276502895828, 0.0004328883646058748, 0.0003890867893241799, 0.000413312166800686, 0.0004279346529121722, 0.0004023886999678391, 0.0004878109317156117, 0.0003406638349826641, 0.0005838250425747114, 0.00037663162067874364, 0.0003856348764655243, 0.0003902650902966769, 0.0005321609730725778, 0.000413576824970674, 0.00040245600040994094, 0.0004618168061016769, 0.00040915258745902525, 0.00041024850565474176, 0.00039602100282021876, 0.0004089204707669795, 0.0004027710745475739, 0.0004741901833911223, 0.00041767302134744917, 0.0004298032573736016, 0.00035540934927825416, 0.0003639486931663398, 0.0003675601266909469, 0.0005014555539183332, 0.0005888983857039826, 0.0006528446954765721, 0.0003898450847021643, 0.00036245121990925895, 0.0003879656792268788, 0.00039155382736925405, 0.00038832191341907444, 0.000556306840624625, 0.0003992277752482348, 0.0004218472480814943, 0.0004895072976958687, 0.0005299979186194326, 0.0004134950739848124, 0.0006999635328108876, 0.0008016400848766581, 0.0005293082040606165, 0.000540068342679506, 0.00038042628358910175, 0.000388378458204572, 0.000325614212225445, 0.0007938296409987514, 0.00043395750978354134, 0.00034031615168437406, 0.00039240176099021394, 0.0003872372917315047, 0.0004091538156540531, 0.00034938538842455686, 0.00036743892838110966, 0.0004689985939611143, 0.0003448169645745444, 0.0003478074636540186, 0.00033416895155439076, 0.0003432675215478447, 0.0004204245128870231, 0.00034510486098122365, 0.0003684360058131586, 0.0003335796048284071, 0.0003766867349595211, 0.00040495171283426483, 0.0003617387412711073, 0.0005030585340896263, 0.00038437049408374525, 0.0003723682455404511, 0.0003760982629384318, 0.0003842891160786427, 0.0003769487886527577, 0.0004498757351115651, 0.00039532497747645135, 0.00041996703807858324, 0.0005098948469005431, 0.0003602216869931998, 0.0003550501462123046, 0.00039900639910155826, 0.0004217256060144116, 0.00039731240908409037, 0.0003549245165442106, 0.0003444913292087292, 0.00038009688105430846, 0.0003713108007175446, 0.0003879906535645664, 0.00040065178601909115, 0.00037058930338468803, 0.00033075257933654707, 0.00036707166540512587, 0.0005265299154570994, 0.00039001873186227684, 0.00033646997538632715, 0.00037939035006084713]