Model Setup for Neither Patient 1:
ITERS=1000
LEARNING_RATE=0.001
OPT_RESET=None
ATOL=1e-05
RTOL=1e-05
METHOD=dopri5
Input channels=2
Hidden channels=32
Output channels=2
Runtime=170.9191288948059
Optimizer=Adam (
Parameter Group 0
    amsgrad: False
    betas: (0.9, 0.999)
    capturable: False
    differentiable: False
    eps: 1e-08
    foreach: None
    fused: None
    lr: 0.001
    maximize: False
    weight_decay: 0
)Loss over time=[2.002907114147213, 1.983611394451838, 1.9637612885007827, 1.9432869311313927, 1.9248133747101923, 1.9047452938470641, 1.8864716473481793, 1.8684351481101629, 1.8495218500636652, 1.8308585942196702, 1.8159608634352586, 1.7975906851206664, 1.7815362198065685, 1.7641170483184816, 1.7476410702242882, 1.7283569895415871, 1.7114879049037577, 1.6939671408613302, 1.6811102884836482, 1.6655085579431637, 1.6466048440385002, 1.6343173125699295, 1.6134149801509101, 1.5965799682645538, 1.5806910299912298, 1.558146468269731, 1.5461152721024627, 1.52086818170659, 1.5153339399932526, 1.50612757353906, 1.4826987158857854, 1.4737199945609076, 1.4620621907017735, 1.4468538816994212, 1.4345600247315735, 1.4186323607223144, 1.4136077457146312, 1.3981238911974616, 1.3844133958913132, 1.3717577698543202, 1.3610414464042668, 1.343130555562778, 1.3457180483567932, 1.3234834925075372, 1.3205049996359208, 1.3044165902586107, 1.2874466294702644, 1.2755116570523342, 1.2668990280822223, 1.264876573614608, 1.2503547557457744, 1.2406684329317959, 1.2312503987636387, 1.220608426976529, 1.2053450564738633, 1.2027030467882736, 1.1971208402868572, 1.1751182932705684, 1.1786984655435597, 1.172778407913395, 1.1603495380867515, 1.1501931308992885, 1.1364635631437865, 1.1286857527416376, 1.1157610620984773, 1.1087275120149351, 1.1021220928516027, 1.0935128092553308, 1.087259970695106, 1.0735119589490683, 1.0569222191997558, 1.0546945328499027, 1.0559260231813914, 1.0416140239878269, 1.0295679565669777, 1.022098901541863, 1.011100750789251, 1.0070442780655384, 0.9947642514279612, 0.9837470745019439, 0.9863928755168831, 0.9656454056359508, 0.9585182657439897, 0.9594657075452808, 0.9465488859202086, 0.9426907005326768, 0.9324325207333491, 0.9309963003523797, 0.9125610137827812, 0.9088464484036557, 0.8943483748341596, 0.8855479809887197, 0.8806461403704258, 0.8791760125355566, 0.8623702426745582, 0.8515550083264198, 0.8493002770253418, 0.8363705030658944, 0.8385345361757895, 0.8242733311402283, 0.8152929310301396, 0.8081368380124672, 0.7941208614503977, 0.7892926833575541, 0.7785950303549766, 0.7789083515785348, 0.7697337675095568, 0.7587735583886785, 0.7500805496666548, 0.7573098680885664, 0.7409553816424616, 0.7303254843251746, 0.7269790366449267, 0.7185432139809055, 0.7009320902633469, 0.6970997959643199, 0.6973132895072544, 0.673144896054936, 0.6787909754054531, 0.6664761477424231, 0.6549415574017723, 0.6491529243511253, 0.6458238077534789, 0.6357021140009774, 0.6377939172177904, 0.6219416426761057, 0.6247505697968123, 0.6020657997760023, 0.5991133665591742, 0.5908651825146438, 0.5907133624031811, 0.5798287938570176, 0.580898823111995, 0.5737491816262598, 0.5617049508401293, 0.5570286335383188, 0.5523297222738189, 0.5443430788166133, 0.5397957217657194, 0.5276173354084259, 0.5205952780929453, 0.5238302998528631, 0.5086738342970386, 0.5100414612036904, 0.5132878061418182, 0.49103490470417877, 0.4826127975909136, 0.47950472377077663, 0.4690942032384458, 0.46230638065182555, 0.4615112845773226, 0.46045967924911846, 0.4502227997736839, 0.4471255633014115, 0.4353619852739643, 0.4354869881049531, 0.4299359391514597, 0.42279044631395285, 0.4228443371390609, 0.41527965455396953, 0.4105925877921402, 0.4031263555698279, 0.4013300036754199, 0.39209489258597735, 0.39373522939705036, 0.38430337227967576, 0.3741015034013664, 0.3752702824376428, 0.36781228709474134, 0.364411045111822, 0.36179876948102946, 0.35258107023360175, 0.3615734931429292, 0.3490728627361204, 0.34786468812891536, 0.33627999412255705, 0.3331048938710323, 0.33003384687577547, 0.32565360540117716, 0.3182001435998906, 0.31697009014789695, 0.3127895939505846, 0.3039322213020902, 0.3031085596278685, 0.30175390617306175, 0.30228526435903075, 0.29775952214029794, 0.286378265534166, 0.2830923791443979, 0.2791131251734308, 0.27895210218802974, 0.27176586049034857, 0.26740888062890567, 0.2636907171300807, 0.26092946341852663, 0.25909883723603533, 0.24822809932560963, 0.2503306673840653, 0.24086233266924548, 0.2383875386163342, 0.23826153200703296, 0.2305293854475461, 0.22609557174994163, 0.22285900875202233, 0.2176469646055467, 0.21531240776583502, 0.2122497247725774, 0.20786556337250126, 0.2037078002567737, 0.19936402913967954, 0.19618480537537702, 0.19232510227389002, 0.1882428367166785, 0.18457055062196917, 0.18180290767528795, 0.17979582514807832, 0.17568598900319118, 0.1719446541023206, 0.16976447245537946, 0.1658361314989221, 0.16192328759472044, 0.15941312611536684, 0.1551986796251144, 0.15233964880767414, 0.15001461900501945, 0.14676031327296124, 0.14596420000861865, 0.1438457582490308, 0.13981576399827425, 0.13816702886367305, 0.13628505764588483, 0.13362064731247825, 0.13151649583140948, 0.12955211217685336, 0.12901931512773712, 0.1249555758281585, 0.12398807068089236, 0.12288779125436129, 0.12007237515635105, 0.1181228677371013, 0.11722241518729232, 0.1160199644884206, 0.11427988834912885, 0.11238270344484769, 0.11175822531131124, 0.10937114763984496, 0.10856265620714232, 0.10713849143031064, 0.10549565750239939, 0.10521822115361489, 0.10446080561754661, 0.10339687488055388, 0.10166086668483025, 0.09932998935297825, 0.09902906448037618, 0.09782329272555478, 0.09613952212329345, 0.09540600348995593, 0.0942509125641044, 0.09353041631063594, 0.09300118372834486, 0.09090158569971346, 0.09064865401170939, 0.08859544721250312, 0.08761241798325994, 0.08678046189514542, 0.08655405387489598, 0.0848153601561523, 0.08372261628296519, 0.08299756579346511, 0.08190708593852217, 0.0810376448579798, 0.08001947603749442, 0.07929338652130624, 0.07817997748792684, 0.0772583157117953, 0.07679282813951954, 0.07441176448420697, 0.07379331100680174, 0.07339968020562185, 0.0725700578335526, 0.0717189982350455, 0.07010361168011804, 0.06924797346713475, 0.06796284534849545, 0.06673447718032231, 0.06588070591612241, 0.06444008093645699, 0.06369408474263492, 0.06307085533308449, 0.061436567221925635, 0.0607884137277817, 0.06010619296036206, 0.05887958836015344, 0.05779857961113943, 0.05729139716071247, 0.05687248530520328, 0.05655875359066991, 0.05538315545511054, 0.054681097826442905, 0.05402726178342316, 0.05373408872461743, 0.05293552037122593, 0.052370500207764015, 0.052016280978133954, 0.051333595601110955, 0.05103799686629416, 0.05061954919262613, 0.050177886853824495, 0.04996712004389692, 0.04930634877485191, 0.048861288003271504, 0.04852128097150547, 0.048201613239114934, 0.04771606761519625, 0.047420209554271515, 0.047429775912832955, 0.046870325993855586, 0.04649467211749359, 0.04636517038072712, 0.04625484168143123, 0.045866535725323294, 0.04522258011849451, 0.04528297056840115, 0.04494786514515981, 0.044874669482029866, 0.04426251133654613, 0.04427611507469279, 0.044066602835948945, 0.043746702941979417, 0.04351503662405964, 0.043132303705291405, 0.04288423938729242, 0.042548113575295775, 0.04258857591729106, 0.04254499726105773, 0.042023389108968814, 0.04172674936051173, 0.04170892456040432, 0.041420266512103614, 0.041585379268728934, 0.04126949268063923, 0.04019153396191528, 0.0404160256484098, 0.04061680913715901, 0.04029160527467695, 0.040184086965857777, 0.03992723942673363, 0.039575903393794666, 0.039401958484559955, 0.039532138829539445, 0.038991271044433194, 0.038970914577042055, 0.03891499474474605, 0.03861050407035288, 0.03838904175613109, 0.0384953503443657, 0.03829281728925361, 0.037807794740511144, 0.0378503307632112, 0.03822165928285607, 0.03751899526932862, 0.03735338187713584, 0.03754267609387189, 0.03712119085420411, 0.03718238413577012, 0.03695541021776954, 0.03659776788492383, 0.036854614307003965, 0.03624530203456951, 0.03629106613897685, 0.036064649479020695, 0.036232007545313354, 0.03563992017987349, 0.0355848175520127, 0.03529983089058307, 0.03550449189302065, 0.03502980435888976, 0.03511798360323063, 0.035209581254095054, 0.034884536208124366, 0.03470003000206789, 0.03456228661332359, 0.03447045488981837, 0.03430108644449709, 0.03435565455162568, 0.03379299901691168, 0.03406425413900284, 0.0337363782056378, 0.03366982533295917, 0.033558725140559145, 0.033479140782142834, 0.033374408120532426, 0.03331491237075311, 0.033182370413771985, 0.03299082829497996, 0.032682551127305, 0.03305775846988038, 0.03269174617168625, 0.032671516062333525, 0.03231862629675972, 0.03226407235753373, 0.03218558753144294, 0.031995491975018726, 0.031907038397867946, 0.03168931055503818, 0.03164607698551797, 0.03167041124606376, 0.031262264619686786, 0.03127699856942661, 0.030964451873262532, 0.03100256482703221, 0.03057652236453241, 0.030753996978470123, 0.030485893510462603, 0.030940027819267066, 0.03086885999932695, 0.030486625086070585, 0.03024657731287299, 0.030389307018150822, 0.0302581135439308, 0.029962061819792444, 0.030463799787745393, 0.03012301921855676, 0.02971329055888596, 0.02979037129705939, 0.029218870282391677, 0.02943795944776374, 0.02956474293977396, 0.029076964402181552, 0.029044169469924153, 0.029011197206191382, 0.029179698430609965, 0.028819177612816847, 0.028620369177423388, 0.02854688432707159, 0.028503689017368928, 0.028415583459350146, 0.028259415269562282, 0.028171783071754223, 0.0283041887152512, 0.02798622586385746, 0.027839153689013775, 0.027815259173383164, 0.027718699765708746, 0.027655172320752194, 0.027578587146378217, 0.02723189186220969, 0.0270708760939118, 0.027330466440081157, 0.027135531016965253, 0.027033490082733137, 0.02683782399465646, 0.02684038511395235, 0.026695824337127118, 0.026621028527056768, 0.026616484184161703, 0.026070675689699695, 0.026540506819980506, 0.02629499540812931, 0.026116503989637555, 0.026045995144510448, 0.025972865599292703, 0.02585629835199874, 0.02585471486973315, 0.02581013503927243, 0.025621749136810815, 0.02556114847134806, 0.02540664382880765, 0.02540639802936593, 0.02524607068735549, 0.02521717986894627, 0.024857999756996877, 0.025066793349284945, 0.02486010675497625, 0.02472900580920546, 0.024591540651151347, 0.024565207555394975, 0.024529401657811676, 0.0244993011185755, 0.02414938733501104, 0.024356465048249894, 0.02425974866151626, 0.02434053473914988, 0.023987090378237954, 0.023816692932663218, 0.023774211784121632, 0.02373857027800623, 0.023570827283690376, 0.023439319680309045, 0.023354762150297418, 0.023348744151779895, 0.023092952079211505, 0.02305354676821425, 0.02306049894489434, 0.022982895797872625, 0.023063281486310816, 0.02291338941830212, 0.022762834539942597, 0.02268449961588349, 0.02263612573131161, 0.02228305196764534, 0.022371416557253335, 0.022403429190977067, 0.022127899724557597, 0.022008492943361282, 0.021981104557345796, 0.021968258558194554, 0.021857818844460402, 0.021766177828010602, 0.021503361909952525, 0.021754710632348646, 0.02161995951164095, 0.021446770786820526, 0.021261953624355904, 0.02120546977614926, 0.021201438868870784, 0.02125502099777935, 0.02133395954941419, 0.020995551550544753, 0.020881542934142343, 0.02105488118377891, 0.020751205354290644, 0.02068591176423584, 0.02057411440072734, 0.020640185479014684, 0.020407103926707172, 0.020573783887904748, 0.02065760243351343, 0.0204396426466666, 0.020144661565832403, 0.020131528409343787, 0.01997083283149894, 0.01989523569602702, 0.020004338706793492, 0.01989500852519115, 0.01968898687299663, 0.019768040670837064, 0.019665265498734166, 0.019566657992001437, 0.019702552157888863, 0.019509322879818828, 0.019385246751119897, 0.01925704908377809, 0.019237244657362946, 0.01913135503925031, 0.019118601932421007, 0.019258206259025853, 0.019083783995890675, 0.018922685960383726, 0.018888344713569347, 0.018710294007174947, 0.018710497436957903, 0.018685089677161735, 0.018499230852318554, 0.018297220480534563, 0.018541655458959413, 0.018369196670718388, 0.018322822592150033, 0.01813681710492399, 0.018248076232852167, 0.018086377864648798, 0.018088405757190326, 0.017835751224638628, 0.01790889132345077, 0.01769875522637988, 0.017870867015457183, 0.017741511379100072, 0.01772549693530193, 0.01763624356687358, 0.017605277625111642, 0.01747686008048116, 0.017491913108591016, 0.01723416341000845, 0.01740982568748989, 0.01721349669116937, 0.01718394004196563, 0.017052073879575205, 0.01710517616491858, 0.01687504427365276, 0.016917960667862622, 0.016915545167552712, 0.016948423185147315, 0.016819358252243653, 0.01686209720650105, 0.01661173167633033, 0.016636296689458457, 0.016570523780165866, 0.016461340143878157, 0.01640528914698158, 0.01645378107536395, 0.016342936549858057, 0.016316777534057324, 0.016315224296777845, 0.016128076621136026, 0.01618407955294489, 0.016135749538835256, 0.016027094318120008, 0.015946529527159605, 0.015862427314764924, 0.015924277608967717, 0.01588657266476835, 0.015816388940949135, 0.01576089303843453, 0.015626473632562088, 0.015751761326293717, 0.015551557100107116, 0.015500386748499113, 0.015328151862933431, 0.015341028750561052, 0.015301346862421062, 0.015255051519574181, 0.01516492163635909, 0.01509795034661565, 0.01522608543417666, 0.015072923074588967, 0.01491614595423049, 0.014944810309560573, 0.014846664795397162, 0.014878414808840295, 0.014868403660081308, 0.014738240241498148, 0.014730217114133233, 0.014865975036845643, 0.014573040606953452, 0.01461944727284206, 0.014496046472288259, 0.014451752830428481, 0.01445800643394954, 0.014483908050342477, 0.014293571916391567, 0.014253824485716089, 0.01422994669907941, 0.014177818011173295, 0.014133078606713033, 0.01396339178154421, 0.013964968005999329, 0.013879450418699379, 0.014085837698168931, 0.013897215325326073, 0.01380745506795733, 0.013964100273661002, 0.013839636673210098, 0.013783492967138516, 0.01355605695822622, 0.01359460691076022, 0.013594499763582069, 0.01350410927829489, 0.013448719999960133, 0.013263163662784183, 0.013338229676200524, 0.013367216035191108, 0.013889186570937535, 0.013305671067148367, 0.013225590138489856, 0.013218077125647931, 0.013049293415582131, 0.01311111290942332, 0.013075496471104887, 0.01296987288834555, 0.012994498073775802, 0.01293955165508857, 0.012819525354736194, 0.012957100539611428, 0.012931217509946928, 0.012821843745508339, 0.012775684695665259, 0.012728317290232449, 0.012542204262748907, 0.012514765016879113, 0.012487108114674234, 0.012452773545503141, 0.012378147720380171, 0.012417284803112931, 0.012386490431199859, 0.012382249174120692, 0.01230947958694979, 0.012275999145726165, 0.012225412418249749, 0.012266889450059876, 0.012049057974833943, 0.012080168976849293, 0.012276922074984582, 0.012021590953044104, 0.011978816726280815, 0.011966230815253205, 0.011886976091300622, 0.01189728128102633, 0.011861155619106863, 0.011795783484441835, 0.011750927789513392, 0.01169033420917272, 0.011662792835873731, 0.011623762441222908, 0.011673701584484884, 0.01161395978771484, 0.011511172303686246, 0.011511332583656301, 0.011518367483627522, 0.01145675881770649, 0.011363056831769637, 0.011388414804432501, 0.011257147454764922, 0.011220778481941035, 0.011213727994376603, 0.011183378442521931, 0.011146599648424042, 0.0110888676142655, 0.011126342230058723, 0.011103977166160043, 0.011021252158452932, 0.011317253030315196, 0.011006471812545745, 0.011053160122094952, 0.010894588207785494, 0.010871828300079983, 0.010732665762172784, 0.010835958410926574, 0.01077353803861736, 0.010767593168015696, 0.010665578415041578, 0.010739365361071151, 0.010682636043525769, 0.010617206503382562, 0.01061639730543938, 0.01071576860488366, 0.010536293920287425, 0.010559791840647913, 0.01048176455376832, 0.01042096847795333, 0.010338664972690474, 0.01036980919925415, 0.010413531343639905, 0.010340413736104849, 0.010356160720708905, 0.010257704326920532, 0.010289777802295197, 0.010231841828166255, 0.010169983652248428, 0.010173180706297691, 0.010123655092040747, 0.010057941723542572, 0.010041160763700143, 0.009988502506932452, 0.010107565066718642, 0.009948047531634615, 0.009913931343539592, 0.009965817191651082, 0.009869912350985484, 0.009909187375243237, 0.00979253068848608, 0.009706194614118669, 0.00976654161176106, 0.009777620879877701, 0.009673357531149162, 0.00967120068747427, 0.009618511510735766, 0.009555874126528946, 0.009482165511397044, 0.009448393292771372, 0.009552248232908235, 0.009522071946453336, 0.00946216961654926, 0.009433196081555352, 0.009504809151990472, 0.009303606451027084, 0.00932943575794373, 0.009362939987658433, 0.009292431463027932, 0.009273302405800226, 0.00924551117517851, 0.009212660929807994, 0.009206414883420033, 0.009204869287945472, 0.009135962425020036, 0.009079349120553228, 0.009094051169237975, 0.00912304275540172, 0.009027748164948356, 0.009077601628281341, 0.008973279091003395, 0.008935560899632067, 0.00901022592374104, 0.008940755659911008, 0.008898902816188011, 0.008861175802404437, 0.008827022718672967, 0.008756042237292282, 0.008768552244901286, 0.0088049959910619, 0.008730417422877342, 0.008719959515234764, 0.008700004519718755, 0.00875087827066678, 0.008667991412654648, 0.008617347188706211, 0.008595895102468307, 0.008850397520413705, 0.008578476432262066, 0.008512622673320784, 0.008561996886249286, 0.008532755299733583, 0.008414479396641918, 0.008448120990050273, 0.008459888995883052, 0.008441183924868057, 0.008386233160827254, 0.008393629243579113, 0.008348651522876534, 0.008340678719925974, 0.008288441572636328, 0.008224515229068748, 0.008298082266818824, 0.008263088670112812, 0.008247940640499656, 0.008205534882747318, 0.008203966697367516, 0.00813488312449191, 0.008162341250507764, 0.008112799746975704, 0.008090325907780473, 0.008086677110134017, 0.008084712315901781, 0.008051385989692166, 0.007990035783979183, 0.008019866612648195, 0.008032648814773578, 0.007951979559303669, 0.00796821118055835, 0.007901520958670338, 0.007821963757031519, 0.007891119719022377, 0.007904426408569025, 0.007924106405615444, 0.007844624465704922, 0.007885941306360687, 0.007800689878921496, 0.007733093615539379, 0.007694615945046244, 0.007703453037675989, 0.007871497010776104, 0.007612757999743993, 0.0077116823389603885, 0.007639023675558018, 0.007774629399880712, 0.007622503852560608, 0.0076017683643654806, 0.0076472779854850955, 0.007553636548573921, 0.007558556559603123, 0.007519227587524985, 0.007493725760270808, 0.007443897618330205, 0.007457955174576566, 0.007495679929708795, 0.0075592475198861505, 0.007381863917001737, 0.0073931677057620096, 0.007359709768569428, 0.007400619573784794, 0.0073453987153560135, 0.0073076951817828495, 0.007302326360158759, 0.0072523385500296725, 0.007283796215374703, 0.007260561689682119, 0.007267598327963912, 0.007173639682801314, 0.007161447542327385, 0.007146821195461281, 0.007109507592952221, 0.007175615964244106, 0.007080612376804089, 0.007063802631088651, 0.007060990304572945, 0.007088137172153146, 0.007093454084852662, 0.0070811788419998046, 0.007068573551670406, 0.007063749224785757, 0.0069585921795788175, 0.006927883224568574, 0.006951545032176429, 0.006927782533098659, 0.006944140617636216, 0.00688989277200891, 0.006899243853948906, 0.006881585327805145, 0.00680726159984446, 0.0068129725848349665, 0.006855581687563361, 0.006809699938390252, 0.006796526629341445, 0.006797807017346901, 0.006720812360182326, 0.006729471162507905, 0.00671737199105652, 0.006797939504615325, 0.006724937524398042, 0.006704899043731722, 0.006682172244770019, 0.006691534977416697, 0.006668763372721686, 0.006685280617539772, 0.006594806673909743, 0.006734919479732435, 0.006608173938695955, 0.0065755679589600295, 0.006615695889742571, 0.006573498200027309, 0.006532763460504563, 0.00652643491435514, 0.006498729092422323, 0.006502221089855372, 0.006454339211339721, 0.006485490999818124, 0.006415892161481004, 0.006463524497062918, 0.006467813152884827, 0.006388133585257575, 0.006380110926414401, 0.0063559171196050255, 0.006369944429990776, 0.006416749353569031, 0.006362490262496845, 0.006351358148454237, 0.0062633353537911215, 0.006346968691345628, 0.006277448033165247, 0.0062899016283647835, 0.006290491878104354, 0.006207910788968737, 0.006255189390602344, 0.006225220557453692, 0.006280353821831001, 0.0062202219685202845, 0.006205612093060708, 0.006201176189499341, 0.006207889372166062, 0.0061645039614365675, 0.00617632448970272, 0.006151244297951073, 0.006112787408421792, 0.0060393060673876045, 0.006110232640750396, 0.0060757889762649234, 0.006082623396974394, 0.006057508745019408, 0.006047834215209844, 0.005986654255075805, 0.005969314516210329, 0.005986025042050967, 0.005961173087088096, 0.005999451833500563, 0.005915804119542142, 0.006025107731619749, 0.005932938808457705, 0.005951617847614968, 0.005917429865463653, 0.005998291224239682, 0.0058827760399687515, 0.005894955653820458, 0.005828158113603588, 0.0058854609574124995, 0.00583815124705978, 0.005925924278745082, 0.005852841291565358, 0.0058422961842615195, 0.0058656092873090645, 0.00574890631305591, 0.005719905440195499, 0.005777874233196325, 0.005761632513670378, 0.005732833008395327, 0.005731714766496795, 0.0057664046818425374, 0.005787898390439091, 0.0057557485542209215, 0.005713729994115927, 0.005695794491792866, 0.005682060915726425, 0.005658862988267206, 0.005575914445184357, 0.005535967011473222, 0.005639002351186869, 0.0055763288373274385, 0.0056834126550375265, 0.00564956390735322, 0.005638190561129176, 0.005626939522175788, 0.00559584941243721, 0.005580920521837938, 0.005580797161572109, 0.005618743857324088, 0.005578163676315198, 0.005533828008397668, 0.0054843045567189615, 0.0055661689836253815, 0.00547735439984468, 0.005469256646897256]