Model Setup for Melancholic Patient 10:
ITERS=2000
LEARNING_RATE=0.001
OPT_RESET=None
ATOL=1e-05
RTOL=1e-05
METHOD=dopri5
Input channels=2
Hidden channels=32
Output channels=2
Runtime=288.3218822479248
Optimizer=Adam (
Parameter Group 0
    amsgrad: False
    betas: (0.9, 0.999)
    capturable: False
    differentiable: False
    eps: 1e-08
    foreach: None
    fused: None
    lr: 0.001
    maximize: False
    weight_decay: 0
)Loss over time=[1.3758416283423716, 1.3246186855508961, 1.2758627389034893, 1.224238724772543, 1.1796346574255452, 1.1340951456168555, 1.0962071467036834, 1.0558425782869099, 1.0151848536537225, 0.9795160432206871, 0.9449122910388826, 0.9098278388312914, 0.8840215529033582, 0.8595936419399611, 0.8300947109657464, 0.8061339811324392, 0.7711008580455417, 0.7458846659669501, 0.7248353530723028, 0.701300832896077, 0.679163475626789, 0.6624572861225212, 0.6465311138793736, 0.6247559635724532, 0.6086403820654115, 0.5930047742673433, 0.5767027762078152, 0.5628800512358679, 0.5489295867594643, 0.5423362809715685, 0.5292606109691695, 0.5200829094252941, 0.5070430675290074, 0.49885608565702716, 0.4891671895141132, 0.480926522063612, 0.4726957841524184, 0.46491725325843464, 0.45845001671937413, 0.45190910549912683, 0.4450533381398792, 0.4401966093775638, 0.43483131037925576, 0.4286496655763154, 0.4234096194503778, 0.41845869797655216, 0.4130817580824258, 0.40655565916702263, 0.40127844256214085, 0.3967008842412719, 0.3932487283353492, 0.388485798238562, 0.38529798870602766, 0.37997665721730195, 0.37731348760506117, 0.3721260577338615, 0.36745116096071956, 0.3643775954201001, 0.35891920148809625, 0.3556744970494048, 0.35165044886194824, 0.3464036919162839, 0.3443110019370039, 0.33903767195936313, 0.33496668368462795, 0.3322880736948417, 0.32825603676333925, 0.32487703707905263, 0.3212061974431941, 0.31722846825241213, 0.31361602170114095, 0.3092077543235061, 0.30618534556051064, 0.30405642198473715, 0.2985470771749206, 0.2964862273093255, 0.2917865140680598, 0.2905164757987108, 0.2861244377665683, 0.281638328787808, 0.27818998278815193, 0.2749430674216004, 0.27158369782105685, 0.2683339354484752, 0.26538739092691643, 0.26249104758695196, 0.25796920511962107, 0.25685493006253785, 0.25379360698647574, 0.25067284135877116, 0.24716855180242936, 0.24452823182566188, 0.24140734072223796, 0.23990339060098165, 0.23709333694933096, 0.2343369954623892, 0.23100417671038131, 0.22802524004394806, 0.22721230411437396, 0.22283886310777323, 0.2214218809153248, 0.21915038822039676, 0.21655473683471077, 0.21407012663033564, 0.2124343025462383, 0.20989936611470322, 0.20712262871234002, 0.205013656430336, 0.2019325257468089, 0.19950420593537935, 0.19881676603731765, 0.19626983742251197, 0.19230570432957653, 0.1902086089072258, 0.1898812001263606, 0.1857762053084782, 0.18376188742697605, 0.1828822445608077, 0.1813212736776263, 0.17823036995283947, 0.17504331772816561, 0.17317642647426068, 0.17265614150562297, 0.17032341384003508, 0.1694661696093382, 0.16747361678866676, 0.16607406249380346, 0.16448600810400496, 0.16050296035017034, 0.15914314228686655, 0.15789012871975025, 0.15622664702353567, 0.15327065435485052, 0.15169979039225542, 0.1512373481969038, 0.1475564436624695, 0.14792798415467, 0.14539216396636825, 0.14389962876844078, 0.14302492924658214, 0.1402535922376575, 0.13952931065112975, 0.13675271605824038, 0.13700178233134472, 0.13497244242394246, 0.13445132430090026, 0.13239466569218752, 0.1302786140505045, 0.12855496882142062, 0.12592870460252056, 0.12636757931004242, 0.12331233399890738, 0.12158393127028767, 0.1211426860735683, 0.12019672137205673, 0.11816634314558659, 0.11724643265403337, 0.11701526404830119, 0.11563320821578427, 0.11421724026333528, 0.1127877648409688, 0.11098504804799583, 0.11022031728098063, 0.1077059185278279, 0.10735668270724541, 0.10741000682452784, 0.10557643247419453, 0.10341895193737381, 0.10048141582710679, 0.10067428453525994, 0.09946965470502378, 0.09834135833803238, 0.09691438047652831, 0.09608094263457363, 0.0952910411821062, 0.09416397002139254, 0.09315801189169859, 0.09202757433410569, 0.09097117110461907, 0.08984396304233873, 0.08867624722735236, 0.0875132180703048, 0.08629568996647669, 0.08681100021986075, 0.08439135705976274, 0.08275887475299391, 0.08273442236763323, 0.08157241745236797, 0.0803013631949229, 0.07916549201303193, 0.07813515770760225, 0.07761191393096666, 0.07727141547213466, 0.07524958761781893, 0.07488481995475142, 0.07414543324179643, 0.0729392056714125, 0.0726884314935946, 0.07127625199209538, 0.07068726555323969, 0.0696937152132918, 0.06918790348951698, 0.06782031073658644, 0.06743417612853998, 0.06666104353239469, 0.06529123580402567, 0.06393437405239612, 0.0638148582758886, 0.06201970530995579, 0.062302022805826106, 0.06164988852342033, 0.060836586824315204, 0.05986563338385118, 0.058873265863199985, 0.058225659439590856, 0.058174138082418, 0.05683019360812587, 0.05609026369484585, 0.056531343631266974, 0.05460227297377544, 0.05458925892759626, 0.05412416527026882, 0.05344449128862518, 0.05330106579457223, 0.05107670092020742, 0.050748670807479024, 0.050639675302315924, 0.0501125568350594, 0.04937062981822559, 0.04899222499275235, 0.04858286885829219, 0.04762079272782584, 0.047349800745238424, 0.04660816001844159, 0.046301522406805205, 0.04572272401383251, 0.04466927766558196, 0.044119563339260204, 0.043274020794771544, 0.043336567148922596, 0.04241900657011963, 0.042180687354604236, 0.04212920760988286, 0.04136826308742964, 0.04082074691898403, 0.04049885839433894, 0.03975479070670426, 0.039635451711664445, 0.038278079325480614, 0.03857680995435395, 0.03860313729657108, 0.03837580536745026, 0.037763714846010814, 0.036985611476402856, 0.036186367904612514, 0.03608412283656758, 0.03535742549585467, 0.034967824378639975, 0.03458177960350745, 0.03370319572413613, 0.034422797683572585, 0.03362466345398586, 0.03287647196569933, 0.03254885758414881, 0.03192859942401947, 0.0319592598183287, 0.03137344455669832, 0.030996374338845046, 0.030835909098102934, 0.03080660629324424, 0.030159718159154927, 0.029420090401361062, 0.028832245133012472, 0.029178500549603102, 0.0289881579096688, 0.028098695625524063, 0.02825008457698066, 0.027652559958989777, 0.027705502685614877, 0.027089815325689406, 0.02658215175527526, 0.02632184184503081, 0.0258686845400639, 0.02572000708230734, 0.02585415996558824, 0.024992176325950875, 0.025062884594206792, 0.024531199916128198, 0.02440308296015339, 0.024179915122437213, 0.02419039623442596, 0.023661528075857762, 0.023494887566763014, 0.023109154734766567, 0.02281728776760754, 0.022586818951755818, 0.02236526717317753, 0.022156169028297003, 0.02209048395379454, 0.021844618709082702, 0.0217045260139288, 0.021263579178978507, 0.0207068304717925, 0.020883203359979813, 0.020750570635940456, 0.02034669786969441, 0.020405693983917072, 0.02003215508690538, 0.019835682618201733, 0.019746743493499398, 0.01912563201098368, 0.019455972280191962, 0.01915463264982019, 0.01900853753623514, 0.018412446267220658, 0.018573967787160885, 0.018311065210891698, 0.018227980229839416, 0.018107629770687913, 0.017690477847593724, 0.01754217462906488, 0.017480974878711843, 0.017327332279237214, 0.01701126194565882, 0.01706840792103764, 0.016737491795049828, 0.016468410539181595, 0.016308576043256987, 0.016219848146808172, 0.01607354682640237, 0.01614370513272341, 0.015972691170138654, 0.015911140674470196, 0.015645378951798357, 0.015543696841645858, 0.015394309681393452, 0.015296528102371658, 0.01511338210484857, 0.015007169748638118, 0.014923819351992844, 0.014830472282410571, 0.014582668990800548, 0.01448203263367201, 0.014548080849959564, 0.014222751963251134, 0.014233353645047513, 0.013926612522279669, 0.014075175734732182, 0.013899561551887705, 0.013920468914084992, 0.013806681185007828, 0.013730471796371326, 0.013629687840329386, 0.013394235085511751, 0.01325785537163855, 0.013454618909219956, 0.013167655488641251, 0.013148391886930734, 0.012865727117582215, 0.012788529535746678, 0.012877561726098484, 0.012766343518992333, 0.012738103035309901, 0.01254133072259052, 0.012392223303089726, 0.012179689367350838, 0.012336853661384555, 0.012273280383969486, 0.012185978746149113, 0.012000607611088237, 0.01187090549084885, 0.011923836890872367, 0.01171405406679807, 0.01162716319749697, 0.011641962210746452, 0.011621900337415048, 0.011451837906633084, 0.011308014238078458, 0.011309970591591398, 0.011263314498841843, 0.011130567079974035, 0.011144320509287054, 0.011010682900394959, 0.011048477356900037, 0.010935326738097955, 0.01090916948648218, 0.010784663969028026, 0.010766934200698708, 0.010740900814659388, 0.010658383326750306, 0.010725103885115432, 0.010561556701979374, 0.010523957232175023, 0.010453145673513317, 0.010548184061755764, 0.010356410887277458, 0.010264586740741825, 0.010222383016933763, 0.010155122949797275, 0.01005645970996521, 0.010042703092115005, 0.01009610220284935, 0.009983683448916968, 0.009971672373458296, 0.00994822373979457, 0.009885595641945855, 0.009703304025165995, 0.0097602256906087, 0.00976153230809811, 0.00982472082267227, 0.0096206902181185, 0.009668857689731004, 0.00973994414182638, 0.0095575335615966, 0.009490892569570397, 0.009384861105100098, 0.009344664268485564, 0.009298894914139301, 0.00924746763802397, 0.009238507491982403, 0.009186103610227784, 0.009053564780781363, 0.009135409508802553, 0.00909602432131139, 0.009078221838922675, 0.00899047245910472, 0.00892580027980102, 0.008940442638939684, 0.008965972263679955, 0.008841834757024459, 0.008815834911853126, 0.008794598058776077, 0.008644042589105566, 0.008724795619666813, 0.008572811900748213, 0.008673976130887535, 0.008501857425918892, 0.00863591148220725, 0.008566377375678329, 0.008633324088952073, 0.008576254329931638, 0.008593481806195348, 0.008670304750726358, 0.008419160544882093, 0.0085023081360794, 0.008385493697723234, 0.008301253463098048, 0.008360090974636088, 0.008299726704795871, 0.00821227270450153, 0.008269848692274593, 0.008074688400595926, 0.00804777972864377, 0.008095372241077212, 0.008307369973344213, 0.008341342835196237, 0.008034043103705105, 0.008200174289945685, 0.008028038435577017, 0.00787270747905226, 0.007906973072535566, 0.007866524882986444, 0.007855929217273397, 0.007741980919732877, 0.007888935950022609, 0.007836620517408417, 0.007827425043126352, 0.007719880903333045, 0.007674026618242665, 0.007797556080377569, 0.007790258182710857, 0.00781360549728505, 0.007713934321084811, 0.007967649415453845, 0.007485766428217352, 0.007597800807128266, 0.007637030414684626, 0.007614013344437572, 0.007625740608999044, 0.007638273102750698, 0.0076207936283809955, 0.007467915135942057, 0.00746849329198393, 0.007597955480940366, 0.007398325901708653, 0.007403332968601712, 0.007359526658382466, 0.00739259075584997, 0.0072370411204133655, 0.007329196548493492, 0.007462429023621036, 0.007450861330057076, 0.007212751980579319, 0.007309441122309892, 0.007197767415089526, 0.007276452292659527, 0.007131906593880555, 0.007187196576762821, 0.007114065857522619, 0.007163586067304067, 0.007201710478075648, 0.0071803635229517986, 0.007194312898961799, 0.0069857776015133715, 0.007102004932051231, 0.007009511592286363, 0.006989788024653512, 0.007163403499370424, 0.007101865077252451, 0.006962393964880489, 0.00705210424202549, 0.00697015381034328, 0.006911492024082311, 0.0069049119084420305, 0.006884711914617109, 0.007056984130953858, 0.007025250997615135, 0.006916854935812836, 0.006782731384918939, 0.00693467582943079, 0.0069261120875998275, 0.006725436945268831, 0.006703352676982239, 0.006821111912755421, 0.006825287780889708, 0.007025977327149256, 0.006855229896903398, 0.0067468440587431094, 0.006505618271587298, 0.006531472188855386, 0.00677272751776814, 0.006547530639713589, 0.006612367306495045, 0.006625342317167818, 0.006559715979843972, 0.006522790796658439, 0.006498656529159163, 0.006414601427032763, 0.006508159230830221, 0.0065485025468262174, 0.006461766983996578, 0.00643588044473958, 0.00640794236938691, 0.006693249703234849, 0.0064530560279616326, 0.006419276360700588, 0.0064876947003284, 0.006471111658005943, 0.006404267723558597, 0.006369898975408682, 0.0062655588141482385, 0.0063497172309188365, 0.006262442573976507, 0.0063548239828991, 0.006558852581013417, 0.0062203677601010915, 0.006230684708429038, 0.006215178239315017, 0.00632823444749272, 0.006267857042338307, 0.006187389556689513, 0.006187596202273825, 0.006239274351828508, 0.006113708233968066, 0.006168827986609249, 0.006168547757398576, 0.006027605625469768, 0.00603398276278147, 0.006005602071585833, 0.006144272880849974, 0.005984423558851632, 0.006220268665623951, 0.006080747407573473, 0.006306112516412902, 0.006055877879433857, 0.006107367914102444, 0.00605776801808898, 0.006129460173434348, 0.006006952825852163, 0.006256290756305121, 0.005918596369231343, 0.005996601778529107, 0.006068329193765209, 0.006146812361915724, 0.006013816098028676, 0.0060492476029823045, 0.005966210634998186, 0.005923775442449631, 0.0059519970955278, 0.005863474589212719, 0.005919380262452048, 0.005752472319447516, 0.00588454579412788, 0.006000417325053068, 0.005823912241489189, 0.0058435477822920195, 0.005804193995806065, 0.0059329644197466365, 0.0056599609894438805, 0.005810525166230083, 0.005915930212846377, 0.0056866642913031866, 0.0058365837569703365, 0.005735128929495004, 0.00575686621608672, 0.005809492090870416, 0.006055883277745017, 0.0056684090801667674, 0.005686098527398057, 0.005715290340109908, 0.005542625347709818, 0.005688147227580825, 0.005592279147540623, 0.005732665252769025, 0.005792565832901805, 0.005758586094664412, 0.005669172675941731, 0.005742101394937315, 0.0056305858840531514, 0.005643821472991678, 0.005915626129452885, 0.005572286799100109, 0.005523084210548451, 0.005638746045399803, 0.005385641878506044, 0.005618649863631605, 0.005732291809816312, 0.005808680479198385, 0.005413307106523949, 0.0055465057907244176, 0.005574161561168395, 0.0055275277172976735, 0.0057559266279020495, 0.00574104543272175, 0.005549023153004312, 0.005590633561857056, 0.0053859192041700275, 0.005266300996727887, 0.005666425916183312, 0.005468230081562942, 0.005198240220050278, 0.005463363295695721, 0.005464828543058197, 0.005393643356657108, 0.005441585236866756, 0.0056430306140338934, 0.0053770983752991, 0.005277640875839763, 0.005352435399155738, 0.005411989215068371, 0.005343230072475479, 0.005838883649087369, 0.005322590733429964, 0.0054526304132035625, 0.00557649853739981, 0.005379059900448753, 0.005400822153789123, 0.005256162925782844, 0.005218051910197509, 0.005368160196988893, 0.0052991839022859194, 0.0053438996219614555, 0.005302456030146505, 0.005425866266540867, 0.005299120000630132, 0.005132468461421794, 0.0053706759554833765, 0.005344056506458293, 0.0052379389778222955, 0.005328659142768824, 0.005258005125352996, 0.005174039353108453, 0.005286388244497276, 0.005169375116214236, 0.005230821049393484, 0.005172716892407511, 0.005223953634365478, 0.0051221711968832415, 0.005259899612077367, 0.005242407992303128, 0.005163438561635999, 0.005082192209087933, 0.005511243973372782, 0.00520053715002344, 0.005109623354751268, 0.005114236025593599, 0.005232086433652128, 0.00559634740116623, 0.005206755071879413, 0.005179265183791811, 0.005141284696787908, 0.0052191332163250455, 0.005319240570756799, 0.005141099526926206, 0.005231509980000307, 0.0050292063601248905, 0.005069399097327597, 0.005126281840487984, 0.005047299698074687, 0.00513122156108192, 0.005163150692941727, 0.004975414940389492, 0.005049364544957724, 0.0050715256892483185, 0.005013652178239687, 0.005128539863641699, 0.005047188285709295, 0.004967486171581454, 0.005146033261358511, 0.005097768532468787, 0.00502411237756496, 0.005000372764397672, 0.005106376882304074, 0.005031387929176973, 0.005002591903269038, 0.004870079400986408, 0.005060351873548473, 0.0049623949260560775, 0.004898285296970301, 0.004996964181742661, 0.004926351871983513, 0.004995308367046715, 0.005001327694524647, 0.004983540436831425, 0.0048122496409447905, 0.004872655301885008, 0.005002646921069328, 0.004850415518745177, 0.005151112417635919, 0.004960446615278726, 0.004953693170714682, 0.004957701658464397, 0.004935831948578504, 0.004957786304828158, 0.004977291537136766, 0.004989582093598116, 0.0048387705191955096, 0.004952067748438389, 0.004825998933878805, 0.004759414212797623, 0.004837108040033783, 0.004862531210406356, 0.004824555608416419, 0.0048197261992809735, 0.00495817405574292, 0.004867894585109313, 0.0048303825013629, 0.004906928815536841, 0.004886405500741896, 0.004839254539193467, 0.004940530498051137, 0.004804057728659117, 0.004792559323168539, 0.0047780157995679605, 0.004834305460440251, 0.004791813349781492, 0.0046343377468778734, 0.004678452254263546, 0.00492657351545717, 0.004809364147593204, 0.004711062404422993, 0.005014606627937322, 0.004958327087603998, 0.004754384831720359, 0.005015533045536832, 0.004754221497866324, 0.004805696321400736, 0.005046569181708786, 0.004686578041192527, 0.004858942360662497, 0.004702855344990668, 0.004776657790333882, 0.004854144158048055, 0.004721194761003565, 0.004870141727170708, 0.004888900858935791, 0.004775612363120147, 0.004817346044898614, 0.004804470864169361, 0.004733366026702609, 0.004664452587962811, 0.004751520656656837, 0.004785898952618237, 0.00493474392832807, 0.00474026659629682, 0.0046559346153319135, 0.004851006486593176, 0.004614366650853407, 0.0048398740015598045, 0.004714222939149003, 0.004762103365932784, 0.004587939899547548, 0.004662269848037019, 0.004729743923670648, 0.004538122104382275, 0.004753500832174074, 0.004659785976692401, 0.004904019227632878, 0.004908794702222598, 0.004575120880324569, 0.00462594425047183, 0.004778184503214295, 0.004746116980692428, 0.004591378692061843, 0.004690293317736424, 0.004593581654896802, 0.004669015623237423, 0.004891421268920255, 0.004717953880825613, 0.0045499762415639475, 0.004678243268721189, 0.004613574730519473, 0.004574169746394213, 0.004613765244168556, 0.004622089327592179, 0.00470297064990709, 0.00483541234146784, 0.00460716776980171, 0.0046101836765684865, 0.0046415814867595, 0.004585018562475663, 0.004629562096198392, 0.004422475158348939, 0.004496580169141809, 0.004649092393621464, 0.004609417467325593, 0.0046458745881050095, 0.004456994567178997, 0.004617496053141577, 0.004546614002935684, 0.004579547663316314, 0.004545496775979964, 0.004243280365230914, 0.004558664639022105, 0.0045727268182698885, 0.00464742445817758, 0.004491169178416799, 0.004619270575617716, 0.004558980489934836, 0.004541336219495783, 0.004551569490269177, 0.0043955434371480695, 0.004540715125306961, 0.004518095613962902, 0.004464343398846719, 0.004588564133719739, 0.0045093639894312025, 0.004523911146863264, 0.004518322094312822, 0.004518205400906305, 0.004421477907142949, 0.004500552714975268, 0.0045937225214160975, 0.00448397261928646, 0.004400048924708069, 0.004590032140807575, 0.004655742917044844, 0.004598543682585457, 0.004486212805850303, 0.004421768366337511, 0.004280829066723119, 0.004368035301709105, 0.004413978834051966, 0.004482452619098909, 0.004477086450983693, 0.00469929728370271, 0.004416281703890425, 0.004372609991029151, 0.004596261954890165, 0.0044843726162165495, 0.004462761362570947, 0.004465040243804273, 0.00446063115138663, 0.004303826329485827, 0.004518045898655763, 0.004515929026798813, 0.004399186077669578, 0.004466303392110468, 0.004373930744116337, 0.004417917804705385, 0.004458029250435743, 0.004496594056600581, 0.004489106828040322, 0.004566455832959386, 0.0045155138520195015, 0.004314637673281843, 0.0044744017749940405, 0.0043752383280773076, 0.004370886476699771, 0.004540318026666239, 0.004377778093883484, 0.004391867515697061, 0.00441319503609412, 0.004234973316529049, 0.004394884960564842, 0.004450104103432425, 0.004395599224616963, 0.004426646075156323, 0.004348658988731721, 0.00444661783150696, 0.0044459593008724825, 0.004432765023521213, 0.004576061882963835, 0.004584337969646968, 0.004345488902892553, 0.004390322355972448, 0.004362681402477754, 0.004353809487611988, 0.00438088318305735, 0.004368817597095968, 0.004337295400331379, 0.004448939665175125, 0.004374568848094388, 0.0043401598623114, 0.0045037440097809665, 0.0043634038155667305, 0.004347098891207158, 0.0043617927528386965, 0.004340127695866622, 0.004478359617731419, 0.00435908833086211, 0.004309465656044371, 0.00432091085976986, 0.004414736000479308, 0.004172267997686554, 0.004311852046154869, 0.004349115693397822, 0.004375733200781843, 0.0044001198995538855, 0.004182693077800567, 0.004293640194344758, 0.004245561104802299, 0.004335921981865131, 0.004302857111382747, 0.00429899624584404, 0.0044279587798476405, 0.004260398485938912, 0.004264381197594817, 0.004191347264184346, 0.004148183148210317, 0.0044705130541428375, 0.004300382116314618, 0.004457636863551804, 0.004350286446292894, 0.0041490641086703445, 0.004266526011317017, 0.004431625849061168, 0.004249779358101216, 0.004223865954323004, 0.004285163397655939, 0.004269132467367272, 0.004277027332639875, 0.004241681230153324, 0.0043083838764211785, 0.004169215341483969, 0.00412059140493936, 0.004538906124144163, 0.004285043258869762, 0.004238341661101013, 0.004216531023882252, 0.004229946994350401, 0.004196722621309861, 0.004336244741509145, 0.004162110385938293, 0.004268407081588417, 0.004197071678127866, 0.004337253513594483, 0.004256075084911808, 0.004388058541577659, 0.004339487297692835, 0.004185589161210198, 0.003928107949405045, 0.004252606081535079, 0.004198587887260811, 0.004274348103179588, 0.004188321101537425, 0.004164332518646347, 0.003958845960963567, 0.004359206230037362, 0.004194299960415262, 0.004339820563699295, 0.004203386509876963, 0.004161467603509919, 0.004171995476822788, 0.004291396376665726, 0.004340021178759636, 0.0041708416738922074, 0.004127763310058315, 0.004173522480393606, 0.004216790575364637, 0.004295691374077199, 0.00414568956232756, 0.004176875765455576, 0.004186808843144033, 0.004138735947391057, 0.004136920714076327, 0.004323156929075398, 0.003926138777565632, 0.004007862382859204, 0.004407104373147651, 0.004092243397584009, 0.004151713583764761, 0.004219888770297476, 0.004093782696665123, 0.0042740774364119, 0.004021823311323698, 0.004026523353621283, 0.00399541445454021, 0.004064119820943042, 0.004266783372559315, 0.004087657900146581, 0.004115674295445891, 0.004187605233949326, 0.004030795398838924, 0.004268912628602226, 0.004109734915582582, 0.004161101761923198, 0.004333182168380504, 0.004136137253941016, 0.004257759119198006, 0.003909707558785497, 0.004201940717425846, 0.004117560313082269, 0.004086514539921874, 0.004280641266279765, 0.004092558058353923, 0.0039248135322975, 0.003998733764630639, 0.004207270335228608, 0.004067119367751485, 0.0042304671918674125, 0.003889705274917582, 0.004085941686825573, 0.004229768301971777, 0.0039410183378295206, 0.004235762630959132, 0.00411664438646614, 0.004064447711157813, 0.004034056962632592, 0.004097595634921108, 0.004230646533020637, 0.004122307238203615, 0.004077964671249137, 0.003987159401147558, 0.004231517590231084, 0.004230159070435505, 0.004103394010018148, 0.004057159186550527, 0.0042507489842946965, 0.00414987315940629, 0.0042166712926626874, 0.004196875009583029, 0.004136087288829028, 0.003925975272645595, 0.004276601503897472, 0.004051330521759485, 0.0038420867082884337, 0.004180735088815731, 0.004061955683602567, 0.003919953727463608, 0.004094565307998618, 0.004047925192491679, 0.003998029699709644, 0.004077047778708916, 0.0039989102513496135, 0.00404632837238593, 0.004187119102176308, 0.004008996031113208, 0.003957340413682116, 0.004181280085815356, 0.004007996041289247, 0.0037772691992178434, 0.003974978387347327, 0.003898329689105953, 0.004012633755089602, 0.004011400840014192, 0.004007683708833413, 0.004010437089748375, 0.0040112043685651515, 0.004003034953818923, 0.004100365532452991, 0.00401726496378934, 0.00410747810502566, 0.003977795278260201, 0.0041498038341929375, 0.004118660026726429, 0.004003764871108857, 0.004083375639161911, 0.0038098413207630186, 0.004105612751275698, 0.00398489920574932, 0.004004648436802886, 0.004125928910850692, 0.00402475171273705, 0.0039037887492794007, 0.003971997070858834, 0.004009238790505808, 0.003964138407477295, 0.003962331981033286, 0.003937485672151795, 0.003969893639992197, 0.004025797182526047, 0.004103583937358927, 0.0041248091802186864, 0.0039794600337700265, 0.003967351273153101, 0.003980565402063746, 0.0038440941570564518, 0.0040109392586929055, 0.004249358636970623, 0.003936879963373944, 0.0038473355520994897, 0.003826999269793059, 0.0040334106781764285, 0.004116237121870173, 0.0039002788878760813, 0.0039509779289141934, 0.00396034134173079, 0.0039642573043082085, 0.004093732964816649, 0.003963305944314149, 0.003977792854166261, 0.0038358067012092835, 0.0038215095694690113, 0.003986517824012225, 0.003981006535422973, 0.004072913557531193, 0.003942273296193396, 0.003951892952683711, 0.004053466123320679, 0.004092838077326948, 0.00399217490091813, 0.003947613488657412, 0.0039327959127930965, 0.004063611717794404, 0.0041696295074107916, 0.0039096995750120865, 0.004066898850673067, 0.003972124055001953, 0.003945629205054912, 0.004094119250544114, 0.004049679071045225, 0.00400895857369706, 0.00395009766724572, 0.004031953313997267, 0.0040591025801458075, 0.0038138665335221366, 0.003887978972440674, 0.004028584054468651, 0.004033266459691696, 0.0038951885780110123, 0.0039009266144103298, 0.00407281617705904, 0.003853039437073093, 0.003925823135641427, 0.0039901388055831755, 0.003946378575202758, 0.004043939656514477, 0.004039364851071666, 0.004043155416847167, 0.003915864511077454, 0.004096525828515754, 0.0037208003972668837, 0.0039107320841972, 0.004035719226396463, 0.003945834166106681, 0.0037306717591352734, 0.003946877057308629, 0.003695439360907577, 0.0038945813610875334, 0.003799411379372119, 0.003816509184388797, 0.003955017769605214, 0.0039258811321848655, 0.0038811822239741135, 0.003904314127281487, 0.003719690786932256, 0.004040033523911951, 0.0038504837225581496, 0.003853467593526461, 0.003937832806415207, 0.003900631737390231, 0.004001358397183292, 0.003777914001617944, 0.004042126288211271, 0.003727538252847532, 0.00393394613626435, 0.00378428047128594, 0.004015228080224718, 0.0038566097926043346, 0.003778090222516382, 0.0038501187237725636, 0.0038136515486108936, 0.0038052245394388545, 0.003979545737641387, 0.003995433326878308, 0.003690476791109451, 0.0038972168356866234, 0.003724419393239385, 0.004075458156278525, 0.004097883551566057, 0.004022605796704788, 0.004009471299015445, 0.003716580590823956, 0.0038035010946147777, 0.003745573422838163, 0.0037484502669466583, 0.003928709253096385, 0.003951728436652407, 0.003929065219357156, 0.0038868916521504066, 0.0037582190108481402, 0.003828031340136788, 0.003841102408734771, 0.003953479426493761, 0.003952898146235523, 0.003827307914666646, 0.0040587423399417125, 0.003871551975662114, 0.004007000649448902, 0.003833335196174197, 0.0037929583713014535, 0.0038221864994424106, 0.003935065792680956, 0.0039771341646668784, 0.003774122914142723, 0.0038543457646636682, 0.003929761067592803, 0.0038167238250748706, 0.00391293911640088, 0.003940596585893322, 0.0038382322692181374, 0.0038894389466405765, 0.003772939878074512, 0.003784050217249747, 0.0039134394736290695, 0.003985664655800047, 0.003841047342648646, 0.0038295705286797775, 0.0037537417465785174, 0.004068469957621264, 0.0038841576996362552, 0.00376862797029459, 0.003914064478865142, 0.0038852900475123712, 0.0039439955133538035, 0.0038920402376096163, 0.00399190129222425, 0.0038350620708199738, 0.003930237540922404, 0.0037865362323589434, 0.003985428014642986, 0.00362870217796258, 0.003913900705843418, 0.003976276386536266, 0.0038878476591880993, 0.003843213555209948, 0.003958202163497724, 0.003798592115635736, 0.003925564496935643, 0.003791260156599324, 0.003816612151308123, 0.00395821557978119, 0.0039510580529768455, 0.003783480470676517, 0.0038752725070278797, 0.004005737336672477, 0.004087401431559271, 0.003923324480084846, 0.003732984274874623, 0.003974757427412792, 0.003884146971145662, 0.003855927462703018, 0.003687608361362428, 0.003803048121437111, 0.0036908402894426425, 0.004068713479839545, 0.0041129671963673784, 0.003910232683267056, 0.0039712786236293564, 0.0038320884177702606, 0.003767671130145237, 0.0038031931991189187, 0.0038921334236235432, 0.0036924131811893056, 0.0038929146636451123, 0.0039507862059467306, 0.003822325913301758, 0.00395810194055805, 0.0038350665805089597, 0.003783396909930023, 0.0039123552483820425, 0.003806441149576256, 0.0036142712114955854, 0.0039191946862030145, 0.0037806436730097284, 0.00411827242473274, 0.0037933439508143177, 0.003764526981911758, 0.0038112433584270074, 0.003756678777733112, 0.003840447507273947, 0.003797633843447432, 0.003873235755411464, 0.003664675133475183, 0.003816576537599221, 0.0039183452180766125, 0.003730469886921527, 0.0037794279737262825, 0.003552260199884147, 0.0038233061280625756, 0.0036396463280659306, 0.003959657083637558, 0.00393240802634149, 0.0037386874203497846, 0.003914835307347055, 0.0038655572949389855, 0.0037663501948283413, 0.0036605857018953895, 0.0037322143116402112, 0.003771705104879647, 0.003587188361445079, 0.004192561041307775, 0.003898216666253575, 0.003859457463253004, 0.003811622357582661, 0.0037466719625814425, 0.00358052772369774, 0.0036870315892318355, 0.0037605765203832992, 0.0035768719588725917, 0.0037422179562615937, 0.0038296521145080222, 0.0035973919313342525, 0.0035411401331613343, 0.0038744844217282093, 0.0037711171621834984, 0.003781204980204934, 0.0038935591791826696, 0.0037552410510875846, 0.0037178275388761004, 0.0037291959971487323, 0.003918536639277364, 0.0037588531509812517, 0.0036936757573132755, 0.0036643700800061615, 0.0037583919388826793, 0.0038593551347012433, 0.003803977350207667, 0.0038643378006423578, 0.003915874491755928, 0.0038376672163534698, 0.0037948065533884674, 0.0042190853787792615, 0.0037547407901334625, 0.0036728604157553815, 0.0038546546027352206, 0.0038927764869383904, 0.0036714124382178238, 0.0038112015479426354, 0.003882540880437135, 0.0037635500833205627, 0.00385156810076533, 0.003839645192315021, 0.003809903126710855, 0.0037623196937612226, 0.0037037646912159066, 0.0037589753533530143, 0.003762357119113771, 0.0036850768484180656, 0.003692212756583281, 0.0038771965955673978, 0.0037410035994167243, 0.003719073396800719, 0.003660662151122503, 0.0035264192997653586, 0.0037574673843702904, 0.003794998390404358, 0.0037156182733226574, 0.0037499488852216554, 0.0035708324870499454, 0.003878312036076177, 0.0037838304249023015, 0.003562718975140679, 0.0037892966904266023, 0.0037761035654893305, 0.003746407351513256, 0.0038135555040127345, 0.003695736995225077, 0.0037604425684709575, 0.0037596725250622835, 0.0038331760814322396, 0.0037712654380001463, 0.003772659130822173, 0.0037885146478867622, 0.0038174405731201734, 0.003671885726516907, 0.00374515943646478, 0.0038115943688483405, 0.003501689627126965, 0.003532356982018883, 0.003674137266932821, 0.0037340329322370805, 0.003520761404113271, 0.0037675791176257074, 0.003745264256735971, 0.003735389796679069, 0.0037553491122974446, 0.0036939240467399478, 0.003691567296417578, 0.0036837707475859877, 0.003596879642992006, 0.0036924013933941026, 0.0038459150279754996, 0.0034804085672597296, 0.0037142125744055645, 0.0037465307975416305, 0.0037181624354663645, 0.0036835630901053736, 0.0037532525377116373, 0.0037066765280635463, 0.0037451065968029233, 0.0037056214278968556, 0.003796058034241318, 0.0038302900105810526, 0.003763979928509686, 0.003773087268812493, 0.003683422167036741, 0.0036859673607309686, 0.003586765756589193, 0.0039005929352136574, 0.0034657845609668766, 0.0037953945566021625, 0.003857013023806083, 0.0036735186568703647, 0.003704284273818482, 0.0036867924273647516, 0.003652329876560019, 0.003567578818510139, 0.0037749676498849863, 0.003728526488534213, 0.0036860760261929887, 0.0037035008663952197, 0.0036876421864210657, 0.0035726488593080365, 0.003723026075519556, 0.003722683376266932, 0.003459622056814987, 0.003636516698772205, 0.003740753283419014, 0.00372161453378294, 0.0036769278979105367, 0.0036100813934135463, 0.0035644003584868592, 0.0036803995065282855, 0.0034230179026634444, 0.0037188283017290146, 0.0036731154521667726, 0.003622373917413346, 0.00362927577625648, 0.003540062877530461, 0.003766617278470984, 0.0036696482632416635, 0.0036333029608392503, 0.0036488904318068087, 0.003655238997268248, 0.0035198323762293555, 0.003758974233621347, 0.003704243276514078, 0.003581980866896314, 0.0037081477334798846, 0.003658560075308252, 0.003758913472009144, 0.0038293087377987757, 0.003648818534159344, 0.0036920188531542612, 0.0037823883670288342, 0.0036656891223213984, 0.0037890263645541655, 0.0037214132623797163, 0.003671738461428506, 0.0034905370258174976, 0.0035646751928141733, 0.0036663847825448583, 0.0037513223718221352, 0.0036578069949225853, 0.00365708915744508, 0.0037633700450373387, 0.003629397572113989, 0.003567716335489454, 0.0036391323542770315, 0.00369931121402904, 0.0036151324836155153, 0.0036507855824525776, 0.0035055957286077716, 0.003569414389394006, 0.0034268547114244996, 0.003765177587948936, 0.003715475946240788, 0.0037180100444230784, 0.0036408803499399416, 0.003460726641134198, 0.0036889598074997306, 0.003516978699732433, 0.0035329305494224204, 0.0037422762716005894, 0.003473456034728622, 0.0036759942741301354, 0.003556496576704621, 0.003657911145322219, 0.0036706411387603982, 0.0036398648949816426, 0.0036285283447056362, 0.0038311372303439784, 0.0035946603339051804, 0.003476461235054051, 0.003516054945849739, 0.0035863283869711844, 0.00375076958192264, 0.0036465487451605326, 0.003536233187775979, 0.0036787052423055454, 0.003623244198770149, 0.0037175169707516858, 0.0037171960768340594, 0.0034217133873327647, 0.0037833139527970005, 0.0036373770045150795, 0.0034912260453706574, 0.0036882494659208577, 0.003460355623389834, 0.0036357118825849372, 0.00374320715219726, 0.003469633830441726, 0.003570340724761803, 0.003742181748015365, 0.0036539590193770443, 0.0035096833565668316, 0.0036002796416583077, 0.0036940779736179363, 0.0037483037684926503, 0.003478476050558896, 0.0035820241070227336, 0.003603730470732771, 0.003642920647454814, 0.0035543384722976665, 0.003745862513714865, 0.0035960849428080042, 0.0037880638563433057, 0.003771812298401698, 0.0036747130580088673, 0.0036333583993117687, 0.003671687628820851, 0.0037477114101451994, 0.00360811612652076, 0.0035817377372014876, 0.0036065029063921854, 0.0035999966368542493, 0.0034582867892504737, 0.0034806715863638952, 0.00383063272049108, 0.0035769007970912203, 0.003592956616688464, 0.0037457638992297805, 0.0035434866364117677, 0.003499092477446532, 0.0035956647009975514, 0.0035706659127518847, 0.003524992645543835, 0.0035897420303229403, 0.0036098801980429377, 0.0035908084790781396, 0.0036698449158828364, 0.003591270730166364, 0.003616688280961767, 0.003602726322992758, 0.003613306449044382, 0.0036664847262175416, 0.003675978397632128, 0.0035160314548354807, 0.0034419090256476562, 0.0036374593405564285, 0.00344762646388639, 0.0036960511333580344, 0.0037245985327033545, 0.0034804166154723303, 0.003584099952480114, 0.0035488111003480036, 0.0035526611747021056, 0.003425226264173313, 0.003754586751680997, 0.0035951940566589916, 0.0035894619464759653, 0.003627556796927023, 0.0036955692469432273, 0.003584905199536752, 0.0033813466826450992, 0.003703066678688349, 0.003596033789999536, 0.0037037851525180683, 0.0035542880143291083, 0.0036998262391006813, 0.0036048984034228806, 0.0034637726123775314, 0.0035101044141443646, 0.0035254323175437628, 0.003586251521737333, 0.0037076054041044995, 0.0033119599247350318, 0.0035918418683087813, 0.003615466660113438, 0.0035238901282519065, 0.0036188893051115906, 0.0034492657889147998, 0.00346013355318289, 0.0035680879819651244, 0.00362419853978737, 0.003605681604416983, 0.0035627323217869503, 0.003707001535723115, 0.003622921244843461, 0.0036101878693214433, 0.0035887875230347015, 0.003594974642990867, 0.003543544780453241, 0.0037972240654754407, 0.003411284075421166, 0.0035331182052197848, 0.0036117275397658894, 0.003499561615206616, 0.0035749428891444584, 0.0036513303784079477, 0.0036388846066544495, 0.0035634717596031017, 0.0035710696613624523, 0.0035732919961064605, 0.0036962549131160927, 0.0035061917892409353, 0.0034355945111472098, 0.0035434984852421264, 0.0035967084798486375, 0.0034109753746405166, 0.003596365871300895, 0.0034898065291961446, 0.0037249638291328435, 0.003554954927048692, 0.0035080140463243396, 0.003594499764838155, 0.0036094926685930856, 0.0036689805685067227, 0.0035715958360386353, 0.0035763200293190394, 0.003359489565804365, 0.0034156399648220814, 0.0033942018914019326, 0.0035533607853636333, 0.0035059643912214787, 0.0036290801608667793, 0.0034086470709880122, 0.003638104209456586, 0.00337106259591418, 0.003523829759956955, 0.003641165120224888, 0.0035496866198186567, 0.003320668341400977, 0.0035216426262487176, 0.0035600429017554848, 0.003386971774079321, 0.0036616143218014836, 0.003565980436537716, 0.0034415365473877873, 0.0034689952830816756, 0.0034686860413759967, 0.0034768222726382133, 0.003533405873371252, 0.0033501117623331482, 0.003496385901402622, 0.0034889315697606946, 0.0035851524130922807, 0.0035532502726810227, 0.0034884331270881807, 0.003475961155735055, 0.0034207253012440296, 0.0035670440107068153, 0.0034830090605874413, 0.0034456582119429184, 0.0035367688120484003, 0.003334386996446695, 0.0034682785953506433, 0.003339711150639192, 0.00342802675502164, 0.0034217917492012514, 0.003406820326410907, 0.0035564293379168536, 0.0035381653277691207, 0.0035099220139121283, 0.003485014641987565, 0.003569242522872799, 0.0035404672201810243, 0.003446340516109313, 0.003505602888990914, 0.003582221891084336, 0.0034954480964149675, 0.003463658349174378, 0.003535729228445, 0.003543790415569259, 0.003623318333532684, 0.0034373942974999755, 0.003614734518074721, 0.0034413316424743916, 0.0035002548575242907, 0.003574758824402141, 0.00346692877272778, 0.0034391531515944253, 0.003490709527831165, 0.0035406019294559735, 0.0033649007075106973, 0.0035114935843460317, 0.0034917503657699365, 0.003419487861628187, 0.003493463498520857, 0.0035793330809544724, 0.0033568746760145956, 0.0035427267667065086, 0.0033544848247321073, 0.0034830142200620476, 0.003657899938406767, 0.0032899773186813616, 0.003598472581944533, 0.0034902259386613292, 0.003575124096898008, 0.003351331223373964, 0.003584398770719023, 0.003519124584361312, 0.0035469820492210966, 0.003351346132148743, 0.0034726327237429573, 0.003393591881028501, 0.0034403222113967304, 0.0035168285186264834, 0.003574040882511148, 0.0035471858488914207, 0.0035847502267353937, 0.0035190753321123393, 0.003516250473311451, 0.0033213728542140965, 0.0034861434903479, 0.0036160143603424927, 0.003491819714489469, 0.003573380144465781, 0.0034768426738858997, 0.0034574429606524103, 0.003555548101009491, 0.0034966131079028147, 0.0034785598058455565, 0.0034638702626829275, 0.003396269576164321, 0.0034444958118061367, 0.003356344013359328, 0.0035497151145891044, 0.003910537851430774, 0.003581872954959639, 0.0035728229908045983, 0.0032999781573805924, 0.0035328175849114298, 0.0034699851462126207, 0.0035979630838858865, 0.0035006602941633764, 0.003387960363970342, 0.003417862092067866, 0.003445765627167627, 0.003967483901656612, 0.00349177235764087, 0.0034134291585846102, 0.003373161786886726, 0.003462758527193908, 0.0034409315826237725, 0.003398299150604646, 0.0035254626623591146, 0.0034233550068313886, 0.0035365180536002026, 0.003417787080874793, 0.003404785866342826, 0.0035352974739593997, 0.003315808110611618, 0.0032561713100706215, 0.003299265767516137, 0.003443618500545409, 0.00336087819039276, 0.003503360646146258, 0.003475061483710906, 0.003541559746610624, 0.003519504539285084, 0.0034795275719671534, 0.0032793428861457373, 0.0035019003010424957, 0.0032612426725876107, 0.003318607448140479, 0.0032462408560905956, 0.003578699955764934, 0.0033349993917211, 0.0033526965910092715, 0.003536571603067598, 0.0032210528523322316, 0.0034560621680058408, 0.0034592754545108846, 0.0034204013522716984, 0.003256057456583435, 0.0034637181883844545, 0.00348296237973377, 0.0034581479954439065, 0.0034630442957182847, 0.0035957589266844086, 0.003613852278404286, 0.0032930820666380884, 0.0034895067334241455, 0.003437295551655337, 0.003511955268597088, 0.003359005970642188, 0.0034449238744619567, 0.0035034404523817996, 0.0034799114449511957, 0.003509359062779047, 0.0032543416166825987, 0.003379037413319398, 0.003478995732537051, 0.0034762069136324942, 0.0034738658903049006, 0.0033060423891129865, 0.003344121583591536, 0.0034875191247962342, 0.003435285994128322, 0.0034724863384216088, 0.00334181246754924, 0.0034528245114813106, 0.003237550534483578, 0.003397354391730978, 0.0033946366610555015, 0.0034638084005430307, 0.003276221403914856, 0.00325505028159097, 0.0033144578038623866, 0.003395559009121, 0.0033119450867714613, 0.003448406349982497, 0.0033434825998755803, 0.0033377627828989178, 0.0031912347685569293, 0.003357597579453711, 0.00340688077609379, 0.0034241017177760987, 0.003347415543101477, 0.0033972100820371474, 0.0032291855006244883, 0.0034596336770353602, 0.0032550117019457423, 0.003427426484456511, 0.0034694913530496393, 0.003429961082874185, 0.003254030017095509, 0.0033495612011783028, 0.003282275242809181, 0.003405165467352833, 0.0034087899027413298, 0.003361400342955853, 0.0032142526006261026, 0.003262188554322984, 0.003330406951191214, 0.0033512032673254973, 0.0034029594380785093, 0.0033269218711788275, 0.0033813456771965345, 0.0033668819279081444, 0.003415845719422116, 0.0034043946295348555, 0.0034570357701341893, 0.003222846757332901, 0.003309335986599299, 0.003233106125621688, 0.0032210599647218355, 0.003383553023819839, 0.0033567377174190784, 0.003264726660292289, 0.0033812047196057214, 0.00333424785107678, 0.0034470651733370175, 0.0034353173454416204, 0.0033728886273852645, 0.0033458662269851293, 0.0032339980928150075, 0.003215951928349649, 0.003406040251895741, 0.0034735276179922335, 0.003402824896290783, 0.0034022075033389855, 0.0034109053421585308, 0.0033683387792017333, 0.0032464737733906, 0.0035210333204528325, 0.0033266291198999405, 0.0034032276142203725, 0.003421078261023237, 0.0032353893081294074, 0.0034045276225474876, 0.0034332133499340232, 0.003557997909487391, 0.0033736973796117935, 0.003482385502170342, 0.003300744371795264, 0.00340819545106556, 0.003348736535116786, 0.0033012546599526333, 0.0033629485695222112, 0.003237738034862227, 0.003456587525717676, 0.0033343942357146467, 0.0032508944593514656, 0.0032575514974816223, 0.003357685551959087, 0.0034114715828730477, 0.003287167749424641, 0.003369130124914392, 0.00335162466011225, 0.0034639845168093764, 0.003332125942429931, 0.0033182534809687507, 0.003351021776583951, 0.0034968041308503575, 0.0031949086254362503, 0.0034531058570076768, 0.003304072950035693, 0.0032846719173444286, 0.0031928853340133737, 0.003193074874370672, 0.003329402802408095, 0.003392068038336814, 0.00322203466923138, 0.003323038440729982, 0.0032215196344723292, 0.0033270443323573065, 0.0035057702651390163, 0.003333371398188219, 0.0033108744426858013, 0.0033597317661343555, 0.0032194725879559987, 0.0034432198451772584, 0.0036218020348189567, 0.0033107902739839754, 0.0033413958745913616, 0.00338551207679727, 0.0033290218644221746, 0.0033800786793114278, 0.0033546924579607898, 0.003473570719796583, 0.003221242449507043, 0.003354838820674597, 0.0037274424433869787, 0.0033531549503356332, 0.003188358470766963, 0.003342071392192514, 0.0034009593822642665, 0.003315486120112987, 0.0033808403491843732, 0.0031786976972710238, 0.00340711638881124, 0.0033439918816104406, 0.003498235015105487, 0.0032607637567957817, 0.003244477028708627, 0.003332015391306809, 0.0033062491857095743, 0.0032287817198947137, 0.0031838870456006403, 0.0033578350554465215, 0.0033026538896454307, 0.0031723206833018367, 0.003252241779561139, 0.00323273472465855, 0.003371914463983473, 0.003251638869555586, 0.0033351576459592232, 0.0031396863183694996, 0.003308028688166252, 0.0031418619191113397, 0.003290641640853552, 0.0034553016394986372, 0.0033369679362654, 0.003206886290735735, 0.0033488604004074355, 0.003311633464424012, 0.0032363494125492707, 0.0031816804477144208, 0.003333304881568526, 0.0032828597914673035, 0.0030952259345504965, 0.0031752404302649263, 0.003155832013409673, 0.003292442766540059, 0.0033068852847755142, 0.003333175950467324]