Model Setup for Atypical Patient 14:
ITERS=4000
LEARNING_RATE=0.001
OPT_RESET=None
ATOL=1e-05
RTOL=1e-05
METHOD=dopri5
Input channels=2
Hidden channels=32
Output channels=2
Runtime=622.7443099021912
Optimizer=Adam (
Parameter Group 0
    amsgrad: False
    betas: (0.9, 0.999)
    capturable: False
    differentiable: False
    eps: 1e-08
    foreach: None
    fused: None
    lr: 0.001
    maximize: False
    weight_decay: 0
)Loss over time=[1.524558659184857, 1.4955909802653666, 1.4681589811805211, 1.4387281514583297, 1.4116034497156897, 1.3846563395575393, 1.3576519131427813, 1.3332904005186943, 1.3085712493621544, 1.284099037831191, 1.2580280529286816, 1.2369349245443102, 1.2125011578052993, 1.1911652549309393, 1.1671602223005213, 1.1421597571724331, 1.1194963412873964, 1.1023975572020606, 1.0720876050490167, 1.055427230630365, 1.0267274298927762, 1.0094551059403791, 0.9783910035842667, 0.9562870929828573, 0.9301750591101406, 0.9140998133125884, 0.8908961948236037, 0.8729036961373812, 0.8498835437386746, 0.8334351442147362, 0.8121819449902248, 0.7974068347962877, 0.7811017610228235, 0.754689583703673, 0.7515323158204492, 0.738913731653603, 0.7304600958194883, 0.7121224195879776, 0.6947154963767376, 0.6941946585247026, 0.6742292579176675, 0.6740813579556254, 0.663270398524345, 0.6546773982762315, 0.6478308258794626, 0.6323294520246029, 0.6255543191148601, 0.6261517858074808, 0.6163344108822373, 0.6053404699903187, 0.598783163617181, 0.5985074953382742, 0.593267900780912, 0.584982993992861, 0.575795261738114, 0.5644349945802546, 0.5548007239800838, 0.5551276889627693, 0.5516804277089268, 0.5408445173775349, 0.5224273673904456, 0.5325829570400203, 0.5204526568752598, 0.5180476394928276, 0.5193959791798611, 0.5111295553019045, 0.509520257719421, 0.49236953252579435, 0.49549154432294923, 0.48986627773858804, 0.48187513059381093, 0.4839692181420921, 0.47568587838050996, 0.4693622748954951, 0.46330277035790596, 0.46499664940604063, 0.4533666506753612, 0.4516354322601844, 0.4475150934923607, 0.4460940855282866, 0.43560741242692386, 0.43095648227834504, 0.42399676437894873, 0.4242462663729393, 0.4229852678034158, 0.41342651011739306, 0.40419009750322626, 0.40501935889662194, 0.3975056814150978, 0.3988236785710521, 0.3928613593606141, 0.38890745447304087, 0.3885070981298282, 0.383328305023517, 0.37867283731637225, 0.3701752645940726, 0.3644250184713742, 0.3653359284872252, 0.3624559750582921, 0.34962281026525416, 0.35472226891593484, 0.3412892190474707, 0.3420688021339592, 0.33365242044839966, 0.335744529153885, 0.330640791463841, 0.3224604476079808, 0.3228019237797818, 0.31811072561731507, 0.3142242779957551, 0.31134108512050873, 0.30799436806564146, 0.30705547013706863, 0.30461637055071655, 0.2983796419978294, 0.297043394192035, 0.28883434825624216, 0.2924892482439438, 0.28794530914209643, 0.27720396607482195, 0.2765216831830553, 0.27957257142843184, 0.27242513775010974, 0.26582851344778324, 0.264111823249919, 0.2631315012791387, 0.2615271990924509, 0.2572208673167533, 0.2615505647667886, 0.24722700927470653, 0.24845786403006526, 0.24695198378216576, 0.2438535468988247, 0.24113369084498582, 0.23552591788363283, 0.23573739478262823, 0.2367939092584025, 0.22909004409427272, 0.22398521038425032, 0.222765243651853, 0.2182912465405142, 0.22304597751034516, 0.21860107125680825, 0.208073714663185, 0.20731277066325096, 0.21132594328481497, 0.21173485388937294, 0.20975255022846015, 0.2057337902146025, 0.1952808724653572, 0.19427483963935205, 0.19160485438085784, 0.1881266825366443, 0.1907731030648261, 0.18213364406635008, 0.18224258004335328, 0.17993096598846603, 0.18287293900589585, 0.17905396497699422, 0.17458862939780506, 0.1734153221496608, 0.16465692292912595, 0.1670392469263987, 0.17030096404663342, 0.16652993188426088, 0.16315291301087895, 0.16356334260087363, 0.16073925874303455, 0.1565868268977445, 0.15828380050929433, 0.15443379021111261, 0.15140618626138738, 0.14503949001743585, 0.1487651540912478, 0.14752357296827145, 0.14024852066852236, 0.14467770724931225, 0.13960997788588445, 0.13628906091785148, 0.13901379001032732, 0.13715192770489673, 0.13651520594152175, 0.13172459719811389, 0.12699911464925837, 0.12951169156854234, 0.1299367744341241, 0.1239110834555882, 0.12539177317713682, 0.1253311836840013, 0.12314853580221455, 0.11857639736924756, 0.118299849371015, 0.11639161392992783, 0.113001011042625, 0.11086178849536613, 0.11124031040670616, 0.11374714265609208, 0.11364695504854584, 0.10800857856984573, 0.1078183011927925, 0.1076834164964584, 0.10629605910883119, 0.10631982334662808, 0.10108661800784949, 0.10015735135046379, 0.09723970220814103, 0.09770055907982232, 0.09715274819231676, 0.09805465040031808, 0.09810664505482097, 0.09735806808452961, 0.09208184595985132, 0.09308885612406931, 0.09157236617487757, 0.08836452420207025, 0.08713782019801798, 0.0870667440175851, 0.0859503384192975, 0.0852234337803227, 0.08280747265348433, 0.08199899373975258, 0.08221744956125067, 0.07783746683501001, 0.077982637297767, 0.07752541513725436, 0.07743172658399976, 0.07465383458119042, 0.07644675831172892, 0.07349421024923064, 0.07072449813131844, 0.07298488683508701, 0.07081164247945977, 0.07313117822044811, 0.06801519343322301, 0.06724674004375715, 0.06847492356264175, 0.06660451883783469, 0.0681357684419066, 0.06368416977607115, 0.06601675259422807, 0.0625551775865272, 0.06356314878980764, 0.0612476665734279, 0.06379467384664211, 0.06239160796619992, 0.05730940788857733, 0.06062434743313365, 0.05747554453375317, 0.05756470912468891, 0.05842295468447278, 0.05678858462160099, 0.05353018739545696, 0.053487417960506184, 0.05364246186240636, 0.05376513130390173, 0.05136283743844488, 0.049636981331173974, 0.0486437154259983, 0.04948005017799159, 0.0509468190934638, 0.050051879228088764, 0.049557973840285284, 0.0482596864862131, 0.04687050979800404, 0.046461392223050235, 0.045667256551535224, 0.04287485311735065, 0.04388567249458352, 0.044640907049700224, 0.04318648147794101, 0.044092966406222595, 0.038823018252183594, 0.041578673504138026, 0.0400949815029457, 0.04053666409293708, 0.04048916486890047, 0.039774372907726833, 0.03858100192788966, 0.038633225137562566, 0.037727034973156964, 0.036609266454277735, 0.036980782769805036, 0.03537573406479247, 0.0353986353146293, 0.03328257994769595, 0.035105307757541254, 0.034786702423495304, 0.034799936032523994, 0.03539421772908991, 0.03152353242479018, 0.0331391162118576, 0.03111287122879884, 0.034112476503842325, 0.030377865264745604, 0.030874870662526102, 0.028378335543046553, 0.03120412350960755, 0.029155591638422143, 0.028027412217283755, 0.029235931844103277, 0.027261993361392425, 0.026278202785319005, 0.025290322278284042, 0.026462099722078126, 0.02689897141334766, 0.026730971041915564, 0.024005165264707706, 0.023960984045634046, 0.02446858073012296, 0.02561436775394319, 0.0235104827155196, 0.022929111418255075, 0.023231357180776433, 0.024817515228641417, 0.021986839192873028, 0.023616760923837396, 0.022923340410923945, 0.0229318505860863, 0.0237765473027685, 0.02151463341150166, 0.021276560367778908, 0.020480345870848207, 0.021360160961591712, 0.02111716912351935, 0.02093141972776334, 0.02120854235815589, 0.020354540556368535, 0.019514823006853862, 0.02071943526813547, 0.021707059960475037, 0.018510858277098766, 0.019158581798550952, 0.018959381910840456, 0.019090260746220254, 0.019409831227979426, 0.018135649216834224, 0.0171069085343583, 0.01815153899743722, 0.017573845299972204, 0.018782955400868388, 0.016885349143527576, 0.016678474078117872, 0.01637236865085169, 0.017217393312603354, 0.016290409997159274, 0.016825926522323478, 0.015136099764955446, 0.01720966206982868, 0.015768642853594642, 0.016309376798650972, 0.014767987190074232, 0.01630632976598814, 0.014589855791873415, 0.01571986595881281, 0.014917034055516672, 0.014758056739811192, 0.01487603029806371, 0.014883843296197687, 0.015106797320363479, 0.015202757405353706, 0.014013716843546646, 0.013501650160419133, 0.014788215978637505, 0.012739595884107452, 0.012440716011373865, 0.013132843324731096, 0.01273407173841898, 0.013475157630229363, 0.012889647299598711, 0.01394714340861833, 0.014271985045507503, 0.013542046549811075, 0.012936891384883, 0.012105903740486128, 0.013401531831879159, 0.012878083510303522, 0.012807662694293153, 0.012552491508280748, 0.01261393445913816, 0.012082959412101702, 0.012075914365561552, 0.011759704623261213, 0.012139048723061046, 0.011361075116884684, 0.011226508502315572, 0.011317040377110496, 0.01187352743481203, 0.011225559467580694, 0.011155269235520515, 0.011356164093787497, 0.0128802273775866, 0.011205705907105708, 0.010694790782818242, 0.010513062250768685, 0.01135889298564378, 0.010992711016172907, 0.011299644413544634, 0.012307807835925461, 0.010746452050183314, 0.010717397290290089, 0.011956280154537273, 0.0108643643104288, 0.010672741561365322, 0.010390643274703041, 0.010378530528391154, 0.010013709285646228, 0.010022472792543285, 0.010204170233775388, 0.009970861921966263, 0.009682008797352792, 0.010211796767424437, 0.009830911423913456, 0.010101371453811403, 0.009456754331106832, 0.009543641935323689, 0.010507256289588436, 0.010314467235783822, 0.010024680345075133, 0.009851860614602194, 0.00939032983288249, 0.009323940557694437, 0.009025411465368095, 0.01093649159209839, 0.009664904685161242, 0.010477291130559103, 0.010160244225841893, 0.010335468693821119, 0.00910532166742744, 0.009246391304802063, 0.009326611756522043, 0.009950409303638486, 0.009654237948181904, 0.009070493112358415, 0.008885172261563113, 0.008902231109582883, 0.008922962731381106, 0.008935397841345305, 0.01014890380969264, 0.009177633207890877, 0.009346354580674442, 0.00876269828115607, 0.009265211937196238, 0.00928320092799816, 0.008770247340199433, 0.008992312393164958, 0.009612565953246865, 0.008923221568151873, 0.009576617691454042, 0.008943346438967936, 0.008755691364048197, 0.008424410006370635, 0.008366452326374675, 0.00989224034285739, 0.009336834963221886, 0.008962738020268911, 0.008576612401540668, 0.008541265538810183, 0.008717200564820414, 0.008725404887356762, 0.008205822902319857, 0.008583239019645554, 0.009063898340532476, 0.008663089463488587, 0.008292339197448205, 0.008801524946870204, 0.008837371541322454, 0.008623572604722069, 0.008498627926106263, 0.008498976222686859, 0.008849072606760487, 0.009207204879369298, 0.009200775639162745, 0.008734513299858755, 0.008429230483816628, 0.008211506990031843, 0.009534464455138357, 0.008755639807179683, 0.00937547214451216, 0.007928750696358483, 0.008318423167216087, 0.008919465641713514, 0.008389903086330697, 0.007758243863329643, 0.00785990025284267, 0.008203331812472481, 0.008033606658165071, 0.008906759807559794, 0.008161829088261725, 0.008067701725802633, 0.008407543577217421, 0.008134637214248201, 0.008721018048894795, 0.007914181498140656, 0.00920090305512414, 0.007954532150915733, 0.008139082720347574, 0.008219864694078953, 0.009138925265257348, 0.007925980638412577, 0.007863284834592534, 0.008070723064137005, 0.008158700884695442, 0.007912201915838623, 0.008782647562918272, 0.007796504257176648, 0.007945341387150112, 0.008997137624853201, 0.00826360920695675, 0.008053146331340095, 0.00844611800669902, 0.00855754527147349, 0.007752363502857838, 0.007833020740774766, 0.008536662835480201, 0.007844566482061286, 0.00786459166521349, 0.007773188478086022, 0.008776860437667644, 0.008626553847973102, 0.008012238458856513, 0.008324754970027437, 0.00799412686260233, 0.0076759864681494845, 0.008197707947551328, 0.008404294003684016, 0.008775183437110076, 0.008316715577901375, 0.008172268039549273, 0.007774729265942418, 0.00793582657536479, 0.008249478859214024, 0.007748273515226515, 0.00798215837953594, 0.0075522915892198665, 0.008591899542041242, 0.008282350687433071, 0.008406936634533443, 0.008305234626301929, 0.00875917651908022, 0.007842005593346914, 0.007903349288974787, 0.00840513673957685, 0.0077036260362911835, 0.007660935644588118, 0.007645669534536973, 0.007692892212359318, 0.0085255763763337, 0.00774038993585156, 0.007761876390210945, 0.007497738035574397, 0.00810268767525535, 0.008223582462771105, 0.00775712507179176, 0.00800744844826744, 0.008016829914735667, 0.008340690713681334, 0.008419906633431984, 0.0076622171245030206, 0.008383863782689833, 0.008176486483521051, 0.00852652797040538, 0.008032922216129994, 0.0081762916341185, 0.008096422124691806, 0.007755757671519209, 0.008240540845674825, 0.007611830646281751, 0.00791991142663462, 0.008698878629625562, 0.008202428416919622, 0.007575774677143629, 0.007592047215904613, 0.007504655869327481, 0.007844058208500678, 0.007714205959546813, 0.007739253494585949, 0.00803704606820656, 0.007846656208966346, 0.008032778634777115, 0.007948877972152641, 0.00823819617765007, 0.0076385200215248715, 0.00792665175979186, 0.00777701292435684, 0.007775015557546439, 0.00822046067406503, 0.0081907353626228, 0.008219680250626303, 0.007858072401942678, 0.007385645865066779, 0.008342242226577291, 0.00787290570636386, 0.0077411758088360835, 0.0076461644761321255, 0.007840676445451522, 0.007853840680820517, 0.007763417532133413, 0.007962029442920938, 0.0074860807772390466, 0.008490705155911776, 0.00755803534151159, 0.008067507722895937, 0.007565603796610579, 0.008157300749156203, 0.008105152966222127, 0.008045362354322582, 0.007474172591988477, 0.007406903581842294, 0.007968160866500812, 0.007492596843464478, 0.007635471928012607, 0.007713569507827627, 0.008085743191012735, 0.007822367483894742, 0.007743580465945595, 0.007709170764602644, 0.007517006001868687, 0.008047525660850147, 0.007320009271858216, 0.007596887971390432, 0.007974065205450348, 0.008101653945699871, 0.007558449238853968, 0.007982402671291279, 0.008221010177623873, 0.007946232578441549, 0.008102497268616678, 0.00766335734588946, 0.007553898920366938, 0.007655531307135106, 0.007596341995188925, 0.008182786992583705, 0.008311591361234326, 0.008422423501155463, 0.007797761808284015, 0.0075057075799707, 0.007427823256037178, 0.007378980884946393, 0.007802661064970024, 0.007524033598673846, 0.007874312212938992, 0.007496127337334854, 0.007956965259678189, 0.007648237662087218, 0.007438512020418828, 0.007727545250346728, 0.007726856956640874, 0.007816118192060385, 0.007603083844170857, 0.00876666219292987, 0.007945351729697849, 0.008203171444300718, 0.007273664882555508, 0.007458770665868455, 0.00772094773507552, 0.007279004943329573, 0.007417701170863198, 0.00814261022124204, 0.007785999085918282, 0.007870295131878232, 0.007472233811070811, 0.00773460557515771, 0.007702091155561866, 0.008310531921173474, 0.007510758497499856, 0.007389706894612494, 0.009686583207191334, 0.00731486759723646, 0.008971200531137619, 0.00809913699270451, 0.007877328851708571, 0.007597160353249379, 0.008002381944455145, 0.007402336017635286, 0.0076867333817296265, 0.007729652526560279, 0.007246092845286248, 0.0071791159819627635, 0.008378358930455855, 0.007395391882464941, 0.00764584356076098, 0.007521630229965581, 0.007888846493074798, 0.007266662079773667, 0.008615213984204395, 0.008133517470649027, 0.0074811134923778305, 0.008524181043841127, 0.007646308057052096, 0.0076785686576878506, 0.008160478974144625, 0.008161127134282147, 0.008141548484960971, 0.007455832240089714, 0.007508394133917544, 0.00820896842367339, 0.007491908716922208, 0.00785295760053431, 0.007703635015649284, 0.008339822428400888, 0.00827405070205082, 0.007725216326334662, 0.008283641919496394, 0.007586439762972718, 0.007468288839017537, 0.007376022611077417, 0.0077937623050872784, 0.007364925379166844, 0.008259158848207037, 0.007693307714057402, 0.0078395398483119, 0.00771755486962899, 0.007318115582334212, 0.00790835358999944, 0.00726408213476204, 0.007412559168461031, 0.007559117472925045, 0.0070343838126600685, 0.00726240997949904, 0.007291698647999129, 0.008232132319176704, 0.008307235561639087, 0.007721696792988719, 0.007943768014283113, 0.007932738547061046, 0.007878982839829553, 0.007182232750000516, 0.007696576940634929, 0.0073981110027480645, 0.008242898291921335, 0.008159536133385843, 0.007243006541785798, 0.007940866913385278, 0.0075015836239174715, 0.007583496086111363, 0.007123263799134466, 0.007819323685951347, 0.0071374919320098115, 0.007613307559042162, 0.007315914818910161, 0.007884411166640421, 0.0073594773878619315, 0.007332998481282564, 0.007954171238061513, 0.007151718889809861, 0.007180669636929851, 0.007816209842220671, 0.008184038533912537, 0.0076623801609553765, 0.007758097206026501, 0.007745637025590763, 0.007233455807618653, 0.00786614947698876, 0.00828944911548187, 0.007402385951966895, 0.008417639021811777, 0.007504037269641848, 0.007409731102274505, 0.007753115272327782, 0.0075714328365800035, 0.007683365283286778, 0.007943178348884293, 0.007947649749629217, 0.00749820360442412, 0.0076410396878625894, 0.008032492410572006, 0.008151988996063555, 0.007931320338509558, 0.007118353071255151, 0.0076305272255401905, 0.0073992875687091475, 0.0083509652357339, 0.008487859024632248, 0.007058041318156585, 0.0077201003802410935, 0.007349409446048159, 0.007107022258064991, 0.00794842540410101, 0.008341875252958096, 0.008139299873629605, 0.008104163785201632, 0.007343987232321638, 0.007106672038968536, 0.007734358588740339, 0.007598758099435402, 0.00796412414414296, 0.007900452286452942, 0.007867793048793233, 0.007456759753845801, 0.007296081942690385, 0.007096240318063432, 0.007645691179312502, 0.007528890186141779, 0.007940518458043753, 0.007791919561619982, 0.007750466737913989, 0.00746945882241276, 0.007136364764840511, 0.00811576382208526, 0.007697767334787129, 0.007547601582565783, 0.00801585144399538, 0.007757635206691937, 0.007060394562776195, 0.007809809833509099, 0.007905540633287461, 0.007816836161887343, 0.007650354628556692, 0.007356311459882838, 0.007464136134739157, 0.007717319325664809, 0.007416985501513274, 0.008331002546300164, 0.0072386873691423406, 0.008314117338873129, 0.007864132728283783, 0.007243757930819633, 0.007373976263542437, 0.008101235342837972, 0.007071636584627699, 0.008285631589196402, 0.007601213570603821, 0.00759550599214377, 0.007509600370028483, 0.007612675272237642, 0.007192582268545222, 0.007119353569629616, 0.007181971565278525, 0.00725557754816027, 0.007143159432295939, 0.006929463092204504, 0.007618753387850963, 0.007243444416343985, 0.00753335724988557, 0.007017330111198227, 0.007332959631456537, 0.007571927450476831, 0.007617120757450991, 0.0077110866976099505, 0.007820657833754548, 0.007677026034171441, 0.006989100596222952, 0.007600149300529762, 0.007867174537534776, 0.007413210329074337, 0.007646104288527262, 0.007338150942901477, 0.007088964019388736, 0.007388652486614808, 0.0076802396292867505, 0.007611876695129103, 0.007396156518313485, 0.007098287985287638, 0.007480184153608672, 0.008973850782040327, 0.007198265608996896, 0.007823645412238522, 0.007529492677170736, 0.007656348605907354, 0.007870894703195859, 0.008175496878735844, 0.007576165245513277, 0.007588550764612053, 0.0074331249590869975, 0.007761712689561013, 0.007739607010793303, 0.0072383614291405916, 0.007745112944062397, 0.007157724925669665, 0.00704520222667672, 0.007399995650990637, 0.006925605983711954, 0.007333173250580739, 0.007086650306277825, 0.007984556362274048, 0.0069620412466901, 0.0071514080219534796, 0.007129029803497216, 0.006951869177548778, 0.007670417466553512, 0.007673368025078606, 0.007851335704565124, 0.008432946721737004, 0.0077225527055397375, 0.0075102762742913715, 0.00730611911901917, 0.007680131574981556, 0.007560383031098395, 0.007832589688741811, 0.007538827973036513, 0.007652237145117791, 0.007509631164395168, 0.00758931193731219, 0.007486781512769386, 0.007555702585939045, 0.007674091930106632, 0.007215568016645183, 0.007963819917754484, 0.0074835013268196695, 0.007744688640709153, 0.0070140670883775905, 0.007183015623137367, 0.007026982940410834, 0.007039734576085022, 0.00731303487390938, 0.007744816275357228, 0.007608724015011171, 0.007628695655338678, 0.007293263424486821, 0.007288545341034338, 0.007318080508640559, 0.007236739015524348, 0.007817783604230728, 0.007532272379331489, 0.0076063940907969176, 0.007289233909910985, 0.0069281827275170646, 0.006851008639076881, 0.006971774026474051, 0.007246561522215211, 0.007848265047847003, 0.007539452461565382, 0.007495416744503581, 0.008340617630669457, 0.007371930841761828, 0.0071460341736117655, 0.007312062412618328, 0.007670402682001396, 0.007143405599451366, 0.0072524847438325876, 0.007539181685494431, 0.007627145687751976, 0.007301805844236481, 0.007280706934575457, 0.007098361273309587, 0.007356191356848709, 0.00731427936056537, 0.007077207796667814, 0.007437142337806582, 0.007822761452573396, 0.0067747180939471885, 0.0067537068865933395, 0.006774916137581147, 0.00696701418064769, 0.007157853204791487, 0.00726501138131471, 0.007008438882065934, 0.006740687664359742, 0.0072091083135969285, 0.007011643870354121, 0.00711859438216187, 0.006903557426320564, 0.006811779758105086, 0.006911028178708334, 0.006832852754342609, 0.007028232014787319, 0.00687989067904888, 0.00732282878796978, 0.006864337993146428, 0.006885559475764208, 0.007102482894384981, 0.007180304505049567, 0.007268024412635078, 0.007179547633893716, 0.00693495411059567, 0.007157965099407083, 0.00709714015550103, 0.007258164846751053, 0.007114563441748065, 0.007440035530278482, 0.007263807698394269, 0.0074927994540129085, 0.007334336990053569, 0.007682039149495065, 0.007622269933051795, 0.007075123377002567, 0.007310160729639455, 0.006757544323031953, 0.006963281296001933, 0.008096176021697881, 0.007064394121637641, 0.007087441717292153, 0.006837457083783216, 0.00695369895109565, 0.007420121147430378, 0.007385363995240235, 0.006620540236636549, 0.007283758522881248, 0.006614464858652647, 0.006830209485720589, 0.006955726084511909, 0.006962402031528162, 0.007449250867813991, 0.007238033947145617, 0.0072089650024820965, 0.007537332180577566, 0.00815157441244384, 0.007329884963525884, 0.007519259841802137, 0.006901202568286965, 0.007101348012622971, 0.006773822043351102, 0.00727116924415193, 0.007110923738480306, 0.006767272065885157, 0.006457379524523246, 0.007122966603297472, 0.007171082471429348, 0.006887345020178646, 0.006583473229148742, 0.00706436177896566, 0.006439342624745515, 0.006315172734802474, 0.006504961561022366, 0.006797392299174898, 0.006743603267692007, 0.00650557310858292, 0.006610630129272494, 0.006595887589677468, 0.006470912543296555, 0.0063774994051430944, 0.006618124605632752, 0.006313166237278967, 0.006475965394235486, 0.006312884229574325, 0.006346163772220989, 0.006672221417589532, 0.006495111913984563, 0.006613980249177057, 0.006289866870511867, 0.006360501955785461, 0.006166272413178079, 0.00626243012192211, 0.005952915024410183, 0.005943887652344959, 0.006192706069470585, 0.005865573431005244, 0.005461538571805101, 0.005638501051478017, 0.005342863002556011, 0.004988741611880736, 0.004747375264833749, 0.004550735869699524, 0.005005895859436556, 0.004316544867121571, 0.004199409557867558, 0.004108854551473209, 0.00418478597914636, 0.0042064083193916425, 0.0042714550063058165, 0.004293622557052858, 0.004122930486277829, 0.004145275538018148, 0.003916408316513468, 0.004276518536561678, 0.003769815327574376, 0.0038126032951604815, 0.0038528351156281253, 0.0037802958943615687, 0.003759799760525047, 0.0037391348647041393, 0.0037144872602074054, 0.0036410192669734122, 0.003708382428455573, 0.0037182329612241052, 0.0035265914442002837, 0.003432967931805668, 0.00388734342765836, 0.003625980436605732, 0.003356501590741104, 0.003411031390856853, 0.003366521749190934, 0.0034926212663489633, 0.0033628726542897277, 0.003387833057264499, 0.0033641990251757612, 0.0032280981804871604, 0.0030510253023697327, 0.00341293662668211, 0.0038176109914600316, 0.0032707498814259356, 0.003057846529654293, 0.0031280154044897174, 0.0031337806159989624, 0.0035873528167480904, 0.003160002586339715, 0.0029808436734902024, 0.002943419825146006, 0.0029479203592536027, 0.002751722489850271, 0.0027851405174236167, 0.0028078140628570725, 0.0026967048856381282, 0.0027654745361416905, 0.0028250486893419097, 0.0026306629326447186, 0.002840057885800658, 0.0026889203337264753, 0.0029260361016570204, 0.0028027653910707244, 0.002929975480902476, 0.0029640249278677696, 0.002719008350405928, 0.002644844223922417, 0.002607397597719314, 0.0026615899223940078, 0.002578902795607667, 0.002815193613957709, 0.0028190180122983377, 0.0027823796789512747, 0.0027640046247370998, 0.0026678207225128325, 0.003011316249492019, 0.0026133044459723145, 0.002534182062663087, 0.002474170324305847, 0.0024307437322600768, 0.0023563132912899614, 0.0025377316070568337, 0.002306688417528066, 0.002390707380967394, 0.0025339830460148027, 0.0023275067109032608, 0.002383014972558396, 0.0024867860364438613, 0.002319177407470635, 0.00259961827328902, 0.002483434498654034, 0.002222297411603437, 0.002285641224879269, 0.00281375229198775, 0.0022241888294355526, 0.002492224921790538, 0.002254471342731444, 0.0022688249018156664, 0.0022521617296561366, 0.002549955428321873, 0.0021498464459927414, 0.002316558443897026, 0.003287045734421652, 0.0020306191584079443, 0.002139162971817875, 0.0020532358130887513, 0.002040502641834245, 0.0021409905972830743, 0.002116137384104558, 0.0020806922401979643, 0.0020194090482520276, 0.002023149821715876, 0.002241360365010367, 0.002381609295934685, 0.002017858064251506, 0.0021076356559939988, 0.0021338592325944538, 0.0023319364030516317, 0.0020921763456290088, 0.0020098407885994845, 0.001935520878674698, 0.002604981313024893, 0.0019753796827324823, 0.0019271009774823112, 0.002045332865688346, 0.002009702375236848, 0.0019332935046164135, 0.001903911540244633, 0.0019899284227572474, 0.0019282155824279792, 0.0019742570229032697, 0.0018285883242320127, 0.0018554421100218205, 0.0020358957378878357, 0.001942163750906424, 0.00184274091875697, 0.0018522787897107438, 0.0018117977344692705, 0.0020980591998392365, 0.001901469814753983, 0.0018459488717668664, 0.0020147452944943678, 0.0018090758742966338, 0.001893639383890397, 0.002299525046863034, 0.001821969771922423, 0.002220162837302131, 0.0017668035237612429, 0.0018365091739040496, 0.0017623373221781079, 0.0018349399601262292, 0.0018310526521658971, 0.0017731973319713512, 0.0017503541136837796, 0.0017412000166328859, 0.002217869715630385, 0.0024558640010417117, 0.0018529736054275264, 0.0017852030982032903, 0.0019865076025259347, 0.0020339715714709815, 0.0019689589089973538, 0.002108397022361921, 0.0017179692885053001, 0.001690555980849096, 0.002732780898573994, 0.0019344802453570861, 0.0018855309475578235, 0.0017118402288008954, 0.0018731704369945362, 0.0023314959074002394, 0.002369743354962144, 0.0016947005345388623, 0.0016612107668373503, 0.0017303579083343716, 0.0016555743563849978, 0.0025505473043146206, 0.0016992677334429578, 0.002061875286173351, 0.001695383697081464, 0.0017240444648909052, 0.002552700276039172, 0.0018966528627519868, 0.0019131406525043882, 0.0016911224494030451, 0.0017193652588561445, 0.0015978141202627513, 0.0016226466075156367, 0.0016044141005057651, 0.0017630475370877404, 0.0019465887282578698, 0.0016338154810203384, 0.001627195104424277, 0.0016575691619702452, 0.0019620236840098377, 0.0016393115746587315, 0.0015668893132500345, 0.0019614400994156147, 0.002299470144386558, 0.001553191634014487, 0.0019247244840856512, 0.00159093460676999, 0.0016143121707357924, 0.001609582335009204, 0.001572255364931338, 0.0015623386248547874, 0.001635045619580294, 0.0016355464641891468, 0.0015707105922233974, 0.0015725580206652973, 0.0016260686383048415, 0.001748482505097671, 0.0015935821104012932, 0.0015277144239040162, 0.0017426208571382842, 0.001767303914487048, 0.0015101305857037305, 0.0015762833694233647, 0.0015574917049403314, 0.0015658778640155293, 0.0016055341675066746, 0.001574510606198501, 0.0018591714257144704, 0.0016214087715805887, 0.001490781186470881, 0.0018011447650289373, 0.0017014186079308666, 0.0015060919469188265, 0.001589456915116963, 0.001681141041550215, 0.0015116241728786784, 0.0014563421370747157, 0.0014749443357173272, 0.0015023594325913234, 0.0015759255052566388, 0.0016401286582993545, 0.0015720476252265815, 0.0014363577384287022, 0.0015246676062288188, 0.0015466387717177463, 0.00156420021409487, 0.001470249219575506, 0.0014758812162135925, 0.0016034103010038477, 0.0015943845121112125, 0.0015323853063257606, 0.0016171517583537444, 0.0015907077800389703, 0.0016595333716745223, 0.0017391533604852031, 0.0016905478853440523, 0.0016584517470204015, 0.0014845911643004905, 0.001452890670410538, 0.00146430395394578, 0.0015231878331965632, 0.001871902100622886, 0.0014402047908211946, 0.0014671628410407186, 0.0014502784608763392, 0.001429249899645877, 0.0014523989972984278, 0.0017852562496668675, 0.0014374773602593197, 0.0014081564945546583, 0.0014200358752326514, 0.0016004989006665005, 0.001808527988099571, 0.0015797211951169609, 0.0015522589545950724, 0.001515376770054746, 0.0014046367731664774, 0.0015006531828514788, 0.0014633635479590053, 0.0014070015701763937, 0.0015142465417180395, 0.0016041703887716336, 0.0013942484335686496, 0.0014053889896573112, 0.0014101399551736092, 0.0014898086540464316, 0.0013640429400681967, 0.0013445965788834275, 0.0014271116632519328, 0.0014668238553734877, 0.0013990350593744267, 0.00140923902952936, 0.0014400330574651189, 0.0017332016752552553, 0.0015529992731398246, 0.0013989672159444735, 0.001363627692673536, 0.0015318706320609427, 0.0014138393794799434, 0.0013923980502308579, 0.0013805511763069606, 0.0013985481587421268, 0.0013269076788665032, 0.0013378777796552027, 0.00132612175460363, 0.0013464308899893763, 0.0013401726811291192, 0.0013296743828609284, 0.0014119165843471822, 0.001402290855455337, 0.0013601642842716955, 0.0014145901569386126, 0.0013676079410398882, 0.0013814138068948324, 0.0013545610273561555, 0.0013495173548484466, 0.0013322293727938688, 0.0013579495048809944, 0.0013671675177100795, 0.00133603743000776, 0.0014491677442645442, 0.0013749206100888585, 0.0015141652113422513, 0.0014196680690843086, 0.0012729538787414833, 0.00133308299784958, 0.0013304776036841609, 0.001340699907684745, 0.0013882764110178718, 0.001285572105202798, 0.0013098409133298578, 0.0013077996029622742, 0.00139801526852919, 0.0016740645885329696, 0.001304093589380626, 0.0012830521668775955, 0.0015107500128894238, 0.0013901453938575876, 0.0012717550322685486, 0.0012814048269539585, 0.0012654828537810724, 0.0012893013983128051, 0.0014986471542616237, 0.001281908960262094, 0.0013616027247128361, 0.001383964370340441, 0.001269030500189561, 0.0012548817739781554, 0.0013653103234051384, 0.0013723214896532914, 0.0012561589177307873, 0.0013526777408340148, 0.0013198210377754428, 0.0012716511224026125, 0.0012839594568986581, 0.0012448116644517017, 0.0016596247062241097, 0.0012882733387171127, 0.0012647508371686584, 0.0012506339681119202, 0.0012537322520018194, 0.0012458033140690364, 0.0014300257871169475, 0.0013720434116319769, 0.0013528640065065785, 0.001327403565459385, 0.001474909459835104, 0.0012604085550071836, 0.0012883677501163227, 0.0013864778285673264, 0.0012521350136393424, 0.0013947283742828367, 0.0014801660663701448, 0.0012650787534465495, 0.0012061177585481276, 0.001324743310293698, 0.0017907706010755935, 0.0013171449343442766, 0.0012553251413378059, 0.0013619668670489808, 0.0014920139427837722, 0.0012037891504125423, 0.0014224257244896525, 0.0014995471538286412, 0.001538296808347104, 0.0012212039712754677, 0.0014017444834018703, 0.0013540893598925727, 0.0016823193656862847, 0.00138544908606569, 0.0013471356875418101, 0.00130537691194517, 0.0014317971495334224, 0.0012267667543342333, 0.001280480534641599, 0.0014207906798803253, 0.0012399014695045744, 0.0013538375713529128, 0.001222178370469091, 0.0012187311267233927, 0.0011815828442263228, 0.0012539537549919363, 0.00132476301355134, 0.0012890228564001753, 0.0012267579368304923, 0.0012984362870569843, 0.0011985107109150903, 0.001752887119443179, 0.00121229061991691, 0.0012925960795751531, 0.0011891014659522533, 0.001234937136000438, 0.0012118770490583898, 0.001192963005388602, 0.001196928444793614, 0.0012847925294489403, 0.0011843796307543066, 0.0012143495056577086, 0.0013251755846830997, 0.0013198905253924088, 0.0011489552935893155, 0.001188271992358228, 0.0011632116925068081, 0.002031669720599598, 0.001386033715467249, 0.0012645724085024528, 0.0015837420014803698, 0.0012190826723949453, 0.001465811254224074, 0.0012922606925653904, 0.0013222223486215386, 0.002010123692314712, 0.001177778250119334, 0.001197937294482126, 0.0014865549452760007, 0.001304013066291027, 0.0011583697394444146, 0.001139631489935903, 0.0011846597582081256, 0.0011258002525963522, 0.0011368825356329463, 0.0013346880463151927, 0.00126044436529486, 0.0011291238402998992, 0.0011749267690695396, 0.0011556836045179036, 0.0014098939048069745, 0.0011570940883756384, 0.0011305970248106033, 0.0011077593863955122, 0.0011768917391182497, 0.0011686544801785695, 0.0011145641619654844, 0.0014328455454001654, 0.0010998463337088017, 0.0011631564545613393, 0.0011390716754792083, 0.0011015021187073164, 0.0011225320309787522, 0.001113831811197327, 0.0011723636326998286, 0.0011368305561041479, 0.001242223783489625, 0.0010970849685682578, 0.001255558004040093, 0.001100346283171839, 0.001111039480722835, 0.0011180572554298268, 0.0011093608045226197, 0.0011666193841030454, 0.0011291542494861451, 0.0011303281659235818, 0.0011141873028859897, 0.0012411281777839815, 0.0011367861745809667, 0.0011537461369091478, 0.0010967335343387077, 0.0014800703958492108, 0.0010740440961737267, 0.0010578368098728445, 0.001042413062205494, 0.0011148507369280276, 0.001086354369266735, 0.0012422872178504479, 0.0010680618591285803, 0.0011738291675327547, 0.0010852379422716884, 0.0011309601226230414, 0.0010587500029380702, 0.001499276145300898, 0.001203700588037554, 0.0011278528722342693, 0.0011832085951480767, 0.0016511093923410887, 0.0011481332899319638, 0.001056425884376895, 0.001060048021743803, 0.0011497735236884429, 0.0010486822185985295, 0.001056262171357382, 0.0010541910092977686, 0.0009902175198186125, 0.001268933998763565, 0.001051543575814898, 0.0010479846363633883, 0.0010376736660509306, 0.0011585184771160586, 0.0010674302725691039, 0.001047205063358637, 0.001093088909330614, 0.0013069480870555616, 0.001156304289877584, 0.001037523890528456, 0.0010160451315022086, 0.001023303528129796, 0.0010268797634116584, 0.0015191186995031872, 0.001044836037188158, 0.0010551514243689883, 0.0011099489368890615, 0.0010330419051565506, 0.0010241782743769477, 0.0015003208104914538, 0.0011063363690843756, 0.0011488482398339939, 0.0010353304397306853, 0.0012301234535745257, 0.001159105628355885, 0.0011116578082982576, 0.0010112500003494906, 0.0010305745988001607, 0.0011918258283182142, 0.00157999064765975, 0.0010575043303713454, 0.0012223773352394627, 0.0010344664544823842, 0.0010427371497002086, 0.0010116444069982172, 0.0010647760307877956, 0.0018066661637719812, 0.0012906415129525979, 0.001102219438830397, 0.0010565850151318284, 0.0010204010154311364, 0.0010523418081918564, 0.0011799734173358095, 0.0013303688576308539, 0.0012663868644721586, 0.0017967012241243917, 0.0009938823189622125, 0.0010013437674074718, 0.0009892775280362436, 0.0012087289170768104, 0.0011259163762224707, 0.0010543260055305822, 0.0009667336852443309, 0.0014158754003162717, 0.000965203727547198, 0.0012217274608321027, 0.0010267950865502028, 0.0009960381861957206, 0.0009787205394332559, 0.0009699069433437978, 0.0010433435192767901, 0.0009709938531536855, 0.001019108061776779, 0.0009492040461003122, 0.0009731480603143497, 0.0011198664186772929, 0.0010338608469288655, 0.0010300702103075146, 0.0009616034793390362, 0.0009967657875207532, 0.0013083089286165508, 0.0009816041965526924, 0.0010134236410733425, 0.0009952528999628023, 0.001042162235931658, 0.0009615473029225017, 0.000993848455792399, 0.0010586861716286743, 0.0009602537523818427, 0.00098393208385889, 0.000944852631679877, 0.0009425425218799847, 0.0009641724406035081, 0.0009828303386029867, 0.0009567446314969352, 0.0013344559249680865, 0.0009329558790921171, 0.0010234482293850766, 0.0009711670612955856, 0.0009663136998936825, 0.0009367316702106689, 0.0009735942653413943, 0.0009430840616477203, 0.0009624312454491718, 0.0012726168282145914, 0.001031556535609557, 0.0009408328698024582, 0.0012170100280051368, 0.0010281288296155925, 0.0008955006954500276, 0.0011707683338486876, 0.000923575120868506, 0.0010717254302475775, 0.0010684694038405676, 0.0009234679944467912, 0.001006707427267655, 0.0010121709426183108, 0.0009583699595627549, 0.0009669668058481851, 0.0009254574192998582, 0.0009158799261261768, 0.0010983145090636124, 0.0009199156419288282, 0.0008828896188925496, 0.0009042230589616589, 0.0008971369964936964, 0.0009352746638153392, 0.0009309530225280138, 0.0009315604310345866, 0.0017161981960651359, 0.0009272876558060389, 0.0009764413964113149, 0.0008856041811869074, 0.0009142406246441756, 0.001031273418607673, 0.000899040374430496, 0.0009820844777888836, 0.0009349404498620508, 0.0010187734544404284, 0.0016161173224208307, 0.0009394460299184784, 0.0010117642944644963, 0.0009452250397939224, 0.0011610109117450329, 0.0010951298584536216, 0.000930080232809415, 0.0013091834645293278, 0.000971237970885857, 0.000932918554447163, 0.0012679216209079138, 0.001513787517449486, 0.0011504017121242507, 0.001056805708802994, 0.0015363294952792429, 0.0013378852579826457, 0.0010087396237737586, 0.0010389941444489204, 0.0013680918313819278, 0.0011803460835682139, 0.001182989365342312, 0.0010857806282847599, 0.0009085214352268112, 0.0009885036617575933, 0.0009176646643501193, 0.0008991226397293499, 0.0010468251354190763, 0.0010291353512715123, 0.0013828506493195345, 0.0009782923441204608, 0.00100137759189223, 0.0009446048161223844, 0.0008986317113402214, 0.0015725118064925936, 0.0009320873386419101, 0.001134744113412022, 0.0008689697387554048, 0.0009360519252081878, 0.0009138982108009417, 0.0008427018997924391, 0.0008605494338327257, 0.0009302712551846146, 0.0009986904075684668, 0.0009186959732343662, 0.0008779247840089196, 0.0008648376630406084, 0.0011339911862769533, 0.0012260294913814197, 0.0012674867765894713, 0.0011339174870754107, 0.000923014947031802, 0.0009502327425231796, 0.0008810768001883883, 0.0008777372857105707, 0.0008413059546298416, 0.0008546038322410659, 0.0008379000309775116, 0.0008913001990180825, 0.00085555026068354, 0.0017751270072377651, 0.0008667868406343708, 0.0008671758132725196, 0.00090391197421006, 0.0008474743528616095, 0.0009505591508867358, 0.0008969740106881262, 0.0008508457171238618, 0.0009325460376736323, 0.001272765140601974, 0.0008438716050609801, 0.0009896301069262923, 0.0008878157162280981, 0.0009913492071410028, 0.001126672182002359, 0.0008959717608753877, 0.000896496235171679, 0.0008522771859537894, 0.001084108673958814, 0.0016093342192280492, 0.0009935152968080715, 0.0008198954757488938, 0.000809217779325164, 0.0008806897862518403, 0.0008617425577671212, 0.000838905562282283, 0.0009131581970139975, 0.0008344259019584146, 0.0009396139953693182, 0.0009279594276126514, 0.001005984099825733, 0.0009421064584882993, 0.0008540837716434972, 0.0008238905935981021, 0.001165847854810418, 0.0007956739171989274, 0.0008275503263288034, 0.0008889621735846928, 0.001268436427881021, 0.0009408729426599702, 0.0008556432275726296, 0.0010075097346580952, 0.0009701529654328006, 0.0010035961788682234, 0.0007815241348041705, 0.0008255084877251405, 0.0008683850715210428, 0.0011883474126180322, 0.0010395869346326524, 0.000886961169025715, 0.0007855686647110054, 0.0008758820825095873, 0.0016748218367669695, 0.0008745524602572749, 0.0009274558541526669, 0.0008084690672517561, 0.0008034558079988811, 0.0007954384865550585, 0.0008059536822725532, 0.0008094529458594201, 0.0010153352641369235, 0.000917237279218858, 0.0010058116270827949, 0.0008314091470156531, 0.0007804183154515045, 0.0009380514687143811, 0.0008744115322873642, 0.0008292543192884613, 0.0008845113973441916, 0.000805507952036014, 0.0008270618044771998, 0.0008180748151662952, 0.0009315548894241883, 0.0008191870887316127, 0.0008098231185964287, 0.000769443204041811, 0.0008268269436553889, 0.0011702727269308438, 0.001140232344337109, 0.0010333155214333146, 0.0007618283120908432, 0.0007805402637008036, 0.0007993905959505428, 0.0010896664977244083, 0.0008064419109503794, 0.0009506919224282169, 0.0007601976689579894, 0.0010287557291831122, 0.0008176028204354414, 0.0007641074132860742, 0.0007570747545901208, 0.0008405714147022756, 0.000782855118266501, 0.0011375846113426346, 0.000858590823240795, 0.0009272687160757905, 0.0007618614777402694, 0.0007708762618995051, 0.0007854443356696997, 0.0008708381241000223, 0.0007957276172449076, 0.0007846759038562769, 0.0011238411826427939, 0.0011705755246107649, 0.0015440394252677638, 0.0008618591795434484, 0.0010147304145499206, 0.00129974718663283, 0.0011606962794593217, 0.000785166137848102, 0.0007836458243114602, 0.0007420089566858925, 0.0007750894247343603, 0.0008905160351164218, 0.0012363359954011665, 0.0008536013400474302, 0.0007735481364627782, 0.0007544333324463261, 0.000790600681457275, 0.0007517006327768125, 0.0009105767084993982, 0.0009159343992105234, 0.0014493236416001482, 0.000792297296401356, 0.0007259276574568314, 0.0007442566915493288, 0.0007391360195961302, 0.0007660910011277062, 0.0008333750714304282, 0.0008311771047734559, 0.0008562241381517237, 0.0007835588347614601, 0.0007222599301006793, 0.0008534886754248787, 0.0008360987795203302, 0.0008226957416973085, 0.0007534764654581287, 0.0007369998278163658, 0.0009609149920015405, 0.0009120474577828657, 0.0008166325598285832, 0.0007804799205105487, 0.0011750156210627834, 0.0007414590439801358, 0.0007513123692653082, 0.0007889417661709753, 0.0007737891442867329, 0.0007763202262273564, 0.0007892105439549845, 0.0007572375890419259, 0.0007455606399766463, 0.0007260424922993553, 0.0007333766238893834, 0.0008133351789033366, 0.0008335884821587893, 0.0007754020123955961, 0.0007207673177966598, 0.0007300144958383621, 0.0007481145107875967, 0.0007319635761148677, 0.0007348458592137554, 0.0007342701389734655, 0.0007144544046291198, 0.0007050396267082853, 0.0006934685613376321, 0.0007197155565015849, 0.0006975107999850055, 0.0007402417901013342, 0.0007019183011380762, 0.000710399653140123, 0.0007030656068768696, 0.0007123658777564758, 0.0007202933163189752, 0.0007262221213004915, 0.0007086074042213926, 0.0007124316327561709, 0.0006892996362159821, 0.0007018911455321315, 0.0007152420415433229, 0.0006900942030751999, 0.0007156473628714748, 0.0006720148846816495, 0.000703386029331277, 0.0006867963849577102, 0.0006858268242253848, 0.0006906603911343378, 0.0007100211196282628, 0.0007435350883518969, 0.0007017395304680271, 0.0007951717547941544, 0.000727928806302309, 0.0007847477561960498, 0.0006994166238978621, 0.0007629436708940525, 0.0007508131075233171, 0.0007126586175326601, 0.0006817316331467322, 0.0007264154285432345, 0.0007169199812244467, 0.000711407112894849, 0.0007365002968336107, 0.0007034068719043879, 0.0006901071812822707, 0.0009236151445578683, 0.0008719346360014766, 0.0006931575549540078, 0.0007513892993212593, 0.0006722301711120683, 0.0007069909120368592, 0.0007305278720658765, 0.0006897716239580728, 0.0007187197855603178, 0.0006912523568627494, 0.0007148973078522149, 0.0007835966763853054, 0.0008088182036549364, 0.0007831320588636059, 0.0006753506652257486, 0.0006989015492777579, 0.0007020261505698354, 0.0006740993630602988, 0.0007661901766851213, 0.0007487534638542379, 0.000673691605936961, 0.0008462151946374348, 0.0006769297590481498, 0.0007212974322596441, 0.0006806738460824667, 0.000675433445860704, 0.000674856123714262, 0.0006658520822897144, 0.0006658985441283929, 0.0007573232175674473, 0.0006672522434384597, 0.0006815450416063822, 0.0007596548823423679, 0.0006897165302727019, 0.0007117657718994124, 0.0007368902039566402, 0.0007997148376114645, 0.0007469972748394713, 0.0006734853850420819, 0.0006780715676538095, 0.0006693781762053714, 0.0006789401678087384, 0.0006483065744169603, 0.0006552466045535448, 0.0006656042040640145, 0.0006379626907866224, 0.0006422068810625323, 0.0006628640550040872, 0.0007169476242080054, 0.0006610281048879716, 0.0006600919796704908, 0.0006402062020270501, 0.0006361355910058676, 0.0006415657022576804, 0.0006332082993618672, 0.0006331486837829752, 0.0006303693462518207, 0.0006322306432127405, 0.0006324108097636839, 0.000636612501029363, 0.000640030061075154, 0.0006398023381800239, 0.0006530294466418324, 0.0006509604553172212, 0.0006509992966575655, 0.0006494259505284229, 0.0006493693533224338, 0.0006492819823120652, 0.000637630886162402, 0.0006248001234656754, 0.0006296080686919684, 0.0006470309391294617, 0.0006499904285691409, 0.0006497336084426369, 0.0006501526984423627, 0.000749644677804805, 0.000676838883855349, 0.000671816848134956, 0.0006495485649150464, 0.0006535024557261786, 0.0006549929299785938, 0.0007250019998636746, 0.0007071793190298195, 0.0006819701920479706, 0.0006658991776112451, 0.000689558161285625, 0.0006485329655597596, 0.0006480286314395741, 0.0006338149775633293, 0.0006413497370736009, 0.0006391228821218207, 0.0006438289830587946, 0.0006370893247826501, 0.0006365883064521831, 0.0006388472439210892, 0.0006411155070723643, 0.0006372290653405174, 0.0006375233105528957, 0.000637228117647564, 0.0006363431067499564, 0.0006350495347825319, 0.0006364869583624886, 0.0006307316241155755, 0.0006316092567012628, 0.0006265581926657763, 0.0006313503062674524, 0.0006307817522293656, 0.0006329535749304871, 0.0006310884108340674, 0.0006285190350663734, 0.0006292407250205437, 0.0006271229568346905, 0.0006184984312209912, 0.0006243861229484035, 0.0006228791609389724, 0.0006224816430213423, 0.0006194158040010156, 0.0006156914232361524, 0.0006163833359498203, 0.0006273815434390037, 0.0006139996067866523, 0.0006230395410655648, 0.0006183639530683809, 0.0006180072334626548, 0.0006277456270254219, 0.0006162260033057317, 0.000623680896931864, 0.000609246756272571, 0.0006261621153419591, 0.0006865077415880421, 0.0006583790959566932, 0.0007292224990723078, 0.0006029888478665345, 0.0006611749489377112, 0.0006228348820938322, 0.0006126117744952995, 0.0006125188450945769, 0.0006224723495181858, 0.0006544894298146971, 0.0006660937736331389, 0.0006131878493868775, 0.0006375112025735729, 0.0006462350619815989, 0.0006727417317725651, 0.0006412906542232296, 0.0005897989128242053, 0.0006037972963652684, 0.0006041726297958316, 0.0006091690563258481, 0.0006118388107715551, 0.0006112077207995104, 0.0006131209627706309, 0.0006378306678265545, 0.0006354876413912083, 0.0006743217755485847, 0.00063365483704096, 0.0005859900516627582, 0.000624099913309739, 0.0006118497660584208, 0.0006177879260089766, 0.0006264606381561874, 0.000677399609816504, 0.0006433847369829193, 0.000606428186412443, 0.0006224701648149658, 0.0006251666125949651, 0.0006276563566099774, 0.0005928995134657411, 0.0006150567085492782, 0.0006285219330341493, 0.0005974722611153646, 0.0005962685747513221, 0.0006610887617162087, 0.0005866336427997343, 0.0005908772098973462, 0.0006103431517175416, 0.0006005612814932661, 0.0005858251409664969, 0.0005960883963180546, 0.0006115724409625769, 0.0005786148162016145, 0.0006254282693900424, 0.0006297760731350594, 0.000579896859447625, 0.0005900589945560381, 0.00061830130730121, 0.0005836683095337583, 0.0006154247399594858, 0.00060435608166775, 0.0005781745193294864, 0.0005944679711887494, 0.0005924154192797833, 0.0005734684514644774, 0.0005859213785612732, 0.0005811335541881672, 0.0005877480187471558, 0.0006309392917230567, 0.000630234165447956, 0.0005928699549762401, 0.0006017770632426616, 0.0005987348504086744, 0.0006452210985546839, 0.0007101516872657746, 0.0006903524394690626, 0.0006936608622979547, 0.000587777922144955, 0.0005808632160334671, 0.0005721466266206802, 0.0006292493687121687, 0.0005815963234959182, 0.0005795752171358706, 0.0005894131960329622, 0.0006493216206786611, 0.0006365501891337214, 0.0006533235734034499, 0.0005545464669438244, 0.0008085849003460228, 0.0005857396526219879, 0.0007906409416193979, 0.0008643666514832959, 0.0005693260803908092, 0.0005875055418739255, 0.0009161132226116652, 0.0007425213375350559, 0.0005749529641341784, 0.0006530038056593208, 0.0008211219809203461, 0.0007319996193111526, 0.0006158094219586845, 0.000644693581818784, 0.0005603177817954721, 0.0005618652110609403, 0.0005719060890079438, 0.0005717515172623578, 0.0005746614671609081, 0.0005775292444831714, 0.0006949492330458454, 0.0006056825660651842, 0.0005916142861798804, 0.0006768364076544281, 0.0005519807492059272, 0.0005662999709974231, 0.0006175249744260928, 0.0005815728910921538, 0.0005763487325775685, 0.0005648647569451004, 0.0005592325954221866, 0.0005445975439753669, 0.0005637777037813964, 0.0005709557841488545, 0.0005727183855943903, 0.0005569375368841656, 0.0005578787139004003, 0.0005627650522117655, 0.0005571262118796894, 0.0005396348804976213, 0.0005617984019023792, 0.0005550905956273425, 0.0005562783329308212, 0.0005604852913366626, 0.0005569951127351047, 0.0005655482030948895, 0.0005641735023317637, 0.0005571115979963363, 0.000551682049643874, 0.0005495013866994134, 0.000559025430107814, 0.0005471621315713475, 0.0005476891451794947, 0.0005583016471686644, 0.0005629103232396366, 0.0005647512312942537, 0.0005537869876873196, 0.0005459712366654764, 0.0005558254866343377, 0.0005429757591270074, 0.0008390081244179715, 0.0005669879281990645, 0.0005385995780757622, 0.0005467025849101996, 0.0005565568793738224, 0.0005589490142814141, 0.0005527216168469189, 0.0005324836332763534, 0.0005589946666338497, 0.0005531397970651878, 0.0005598616109163145, 0.0005533099528616449, 0.0007524431420528821, 0.0005929251782665735, 0.0005563211020584674, 0.0006045674502639146, 0.0006143974445645912, 0.0006894934753946031, 0.000546734478110457, 0.0005510130753973704, 0.0005352962112465507, 0.000531592673537729, 0.0005914027558813845, 0.0005423668158225877, 0.0008465983013829431, 0.0006269416508525832, 0.0005480375910680037, 0.0005247535905977958, 0.0005469463217418767, 0.0005479467383479957, 0.000620380525705834, 0.000589610793573075, 0.0005592036592062717, 0.0005265018356864989, 0.0005419851653754935, 0.0005544419703029654, 0.0005642076306732168, 0.0005400285322504744, 0.0005340192627577103, 0.0005884728180845116, 0.0005301492461217691, 0.000534978166575163, 0.0007122933857183912, 0.000541646400975061, 0.0005324691798270818, 0.0007399257084876674, 0.0005252163842106781, 0.0006101030200256704, 0.0006724044485637529, 0.0005396887919955201, 0.0005089586293666589, 0.0005329897151524934, 0.0005218049043910235, 0.000526619189971756, 0.0005360065177944459, 0.0005384661586625481, 0.0005110534063708026, 0.0005444660120194556, 0.0005221315435114671, 0.0005196335547079466, 0.0005207826195148531, 0.0005230464845113836, 0.0005188170665800544, 0.0005581543487017032, 0.0005173799291197135, 0.0005333948366015285, 0.0005506665185593035, 0.0005071084931270435, 0.0005955346388099421, 0.0005357471758332469, 0.0005341405912297315, 0.0005383985866888603, 0.0006249912395785741, 0.0005770994192977681, 0.0005207731186476123, 0.0005441906558121635, 0.0007615560324297477, 0.0009107499496615226, 0.0005346548511627954, 0.0005174562651083039, 0.0005432707797697629, 0.0005612542149288619, 0.0005711860909803682, 0.000616882156897573, 0.0005147896284808333, 0.0005304188937231132, 0.0005804562535313382, 0.0006235706611672695, 0.0005330762037171103, 0.0005078298516722584, 0.00050480062480982, 0.0005204300238092877, 0.0005327097045686072, 0.0005296903248169788, 0.0004961917978015038, 0.0005895322349471271, 0.0005502327479565294, 0.0005541334659405378, 0.001004099532002819, 0.0006018816609289869, 0.0007085088307054326, 0.000598562324836759, 0.0005096617204084751, 0.000508380187818317, 0.0005334914011088916, 0.0005286493207531704, 0.000526999589820418, 0.0005336303261059209, 0.0006639598227974979, 0.000687954509052039, 0.0005200528862121451, 0.0005359198024083964, 0.0004958326837270414, 0.0005169281460644164, 0.0005440718843283991, 0.0006238087343252609, 0.0006463810049964282, 0.0006042782096371079, 0.0005003384085492046, 0.0005165858620041806, 0.0005753483181250064, 0.0006094572885498161, 0.0005921886375701848, 0.0005566764683284198, 0.0005133304365449976, 0.0004997928010629669, 0.0005084578023452302, 0.0005632893219665558, 0.0005555611174167707, 0.0005156366183473481, 0.0004962268653851285, 0.0005037090031027928, 0.00053188543161275, 0.0005462356833060686, 0.0004986690430777604, 0.0004940167055119058, 0.0004991340194883211, 0.000500202041113492, 0.0004990093766923192, 0.0004883008380267934, 0.0004907304255865043, 0.0004978613518979855, 0.0005052647415796043, 0.0004980196268258311, 0.0004882892231157796, 0.00048359541292097613, 0.0004912635281127689, 0.0004866212647776853, 0.00048653137345949516, 0.0004912252923093048, 0.0005012456620093278, 0.0005075419776247885, 0.0004973251015444348, 0.0004897466419977759, 0.00048570313666442244, 0.0004870010571663981, 0.00048521450367556835, 0.0004870209817350263, 0.00048155344095370987, 0.00048091798958993374, 0.00048443612867212914, 0.0004791405067351107, 0.0004804636640188591, 0.00047799382825182706, 0.0004805002606017482, 0.00047945304798546843, 0.0004842878217472623, 0.00048257713917559497, 0.00048002071386341657, 0.0004755618097766303, 0.0004866154714478089, 0.00048193295279136297, 0.0004915027302016285, 0.00048633229670804644, 0.0004839971019061067, 0.0004799252608031514, 0.00048398476222299096, 0.0004781122222080289, 0.00048034771442411297, 0.0004783651893931161, 0.0004917674388798458, 0.0004900073065887214, 0.0004857730264895568, 0.000485284348707102, 0.00048198957545715767, 0.000471089894017605, 0.0004866795031017769, 0.00048653579614463054, 0.00048513544032087274, 0.000485356865916318, 0.00047722792646852206, 0.00047921050787645236, 0.0004920617827802817, 0.00048250633701242047, 0.0005568101110008803, 0.0004874973188822964, 0.000479167108761781, 0.0004801286721627926, 0.0004996049681699838, 0.0004889397293922723, 0.0004932817658098911, 0.0005560723851567866, 0.0006072193501685997, 0.0006977948022663094, 0.0005827537833559896, 0.0006256142986144495, 0.0004799847753125535, 0.0004529731346586021, 0.0005150587900899427, 0.0004654065623488603, 0.0005144824721081471, 0.0005227731973808498, 0.00048360221798077923, 0.0004915306806466444, 0.0005492602365194303, 0.0004744471645876505, 0.00048395320972661413, 0.00048056466266560696, 0.0009515372321362271, 0.0008660720451624612, 0.0007954719887153021, 0.0009267766294811605, 0.000508509509599826, 0.0007723693621512349, 0.0005147817065420951, 0.0008860275481667291, 0.0004636753329438081, 0.0005753218966804773, 0.0004732809315369126, 0.0006632933760401439, 0.0004695391162816499, 0.0005319234986016207, 0.0005243505691240117, 0.00048316594746109496, 0.0004691900297599635, 0.0005686705775191967, 0.0005959476034959263, 0.0005431849569660912, 0.000511973867846642, 0.00047592954582155895, 0.00047976828731084356, 0.0006833749282890475, 0.0008054969710256358, 0.000542125653240124, 0.0005595654963629891, 0.0005479214105720381, 0.0005142841819150056, 0.00048431065586862623, 0.0005803038685966194, 0.0005202224049582788, 0.00050892871687894, 0.0004568812528352629, 0.0004963306960486532, 0.0004987117417918643, 0.00044149704598637915, 0.0005842073635778496, 0.0005452752074029719, 0.0004626050696334801, 0.00046903212053154013, 0.0004759533698764963, 0.0005581180825668559, 0.00048378095020593824, 0.0005063291110063951, 0.0005534648694584193, 0.0004991578142519166, 0.0007455774757898939, 0.000582442549717732, 0.0004821398713845586, 0.0004557388533438674, 0.0007380085917197428, 0.0006922683385588896, 0.0004945882106857563, 0.0004920513785648691, 0.00046201342992916366, 0.000492841192795706, 0.0005190700045390559, 0.0005071420836902065, 0.0005373284579754819, 0.000512611134770636, 0.00046636080342371354, 0.0006302765739469154, 0.0004770154253301825, 0.00046065496099285497, 0.0006494791725708336, 0.0005177280777424795, 0.00047107097126840254, 0.00045271569228649383, 0.00045326699708869207, 0.0004783830656163321, 0.00047745715756537907, 0.0004755753830626129, 0.0005330351961477538, 0.0006377539401444497, 0.0005723459872097798, 0.00045725163371067756, 0.00047384974123521826, 0.00044470097530310664, 0.0006151872160646991, 0.0006561491880180642, 0.0004969377082593841, 0.0005058850143472332, 0.00051103863182376, 0.0004803772259030737, 0.000505089531298086, 0.0004688175574398646, 0.000497463787070226, 0.00045507113679680704, 0.0004547293566316472, 0.0004666734919946828, 0.00045277019631018785, 0.000475783937357544, 0.0004925352301207365, 0.0005130159890207614, 0.0004518158820106493, 0.00044964393082098464, 0.0004814172990270677, 0.0004568908078987719, 0.0004566672643328256, 0.00048173028129905993, 0.0005595974602702696, 0.0005454071906600156, 0.0006911561197896978, 0.001071296856941943, 0.0005080686279906803, 0.00046325910193520647, 0.00045145091071572554, 0.0004837135832961842, 0.0004470372187589359, 0.00045762366141129107, 0.0004918546293350841, 0.0004969623402723505, 0.0004531567771063342, 0.00045314130057230923, 0.0005615727058855646, 0.00044770760576531827, 0.0004482905687938233, 0.0004423660199772781, 0.0004429071592130147, 0.0004362323481229839, 0.0004738221359712876, 0.00045582889443179564, 0.0004519260573775771, 0.00046900655977423397, 0.0004354182497613572, 0.0004445250955306127, 0.00044661821690032845, 0.00044162958984881126, 0.0004379828685241255, 0.0004415637429907219, 0.00042669846926025754, 0.00043437952361271117, 0.0004326506724041073, 0.00045217259762920554, 0.0004474283327416088, 0.0004437054957645827, 0.0004419405146974176, 0.00043997625546582164, 0.00042971537148107556, 0.00048483222489225665, 0.0006122391838859756, 0.000602900978039056, 0.0004670741422673998, 0.00045757546785278965, 0.0005220793567238119, 0.0004850591018866621, 0.00048747060708918214, 0.00046908782782186567, 0.0004495757423757131, 0.0004504640989228221, 0.0005732914646025517, 0.00042737702022938755, 0.0004432319009027624, 0.0005127477112354933, 0.0005247776742126143, 0.00045895436044469934, 0.0004579404631716563, 0.0004874246332526923, 0.00046806672513416636, 0.0004732009726517824, 0.0004319162855232818, 0.0005021080398874916, 0.000491796331449947, 0.00044861683937555825, 0.0004352767511439219, 0.00044253143679690027, 0.0004470135289362961, 0.00043653569099879344, 0.00047702484122591986, 0.0004859354279802092, 0.0004375962854057333, 0.0006338951501105038, 0.0005993762310415938, 0.0004848110054402673, 0.0006083370656673454, 0.0006103563902610229, 0.0005537595782010201, 0.0005008156489854798, 0.0004672724040777447, 0.0005655159330484765, 0.00047687587900827007, 0.0005459948203767104, 0.0004998471548111697, 0.0004235775195017355, 0.0005009751813335762, 0.0005957163273754544, 0.0005328775093780885, 0.0004369354557170306, 0.0005923726865937638, 0.0005164342740455575, 0.00042464930891180974, 0.0004228509707901287, 0.0004978819587738776, 0.0004922891105542574, 0.00042844091549962016, 0.0004307337899373718, 0.00043441293568031395, 0.00042378209705375684, 0.0004358233068675898, 0.0004418330712977298, 0.0004386976633585938, 0.00047247806129253824, 0.0004241802191674289, 0.00043165823894520864, 0.0004145282387007796, 0.0004670736655136192, 0.000462958861415858, 0.0005372814161374144, 0.0004597812843395707, 0.0005289084386296423, 0.0004895125598842579, 0.0005079274550834626, 0.00042564925507020145, 0.0004274835937863061, 0.00043936000518974487, 0.0004427742374496306, 0.0004501752161060611, 0.00042755756470284396, 0.00045081463730812686, 0.0004965583873003977, 0.0004964466605103951, 0.0004286648189567824, 0.0005081483214397745, 0.0005199711502437397, 0.00048624258714443177, 0.000596560686521462, 0.0004245217192779219, 0.0004495937369920154, 0.00043023122231419954, 0.00043896703392426066, 0.0004285785604686869, 0.0004363410253365641, 0.00042529441389184045, 0.0004479098686428368, 0.0004064275318973987, 0.00046135979786161846, 0.0004226516267175918, 0.0004269961100300581, 0.0005527890658584755, 0.0004068269627634728, 0.0004562565861394281, 0.0004054325497440192, 0.0004873190953300207, 0.0004634206344667973, 0.00047331664094852553, 0.0004514763542198023, 0.0004272140374836126, 0.0004139719919366022, 0.0005382195059560225, 0.00045102908764833014, 0.0004600929421498909, 0.0005832801255907773, 0.00048638613413641405, 0.00040748075292940144, 0.00044297534409458114, 0.0007466341238798146, 0.0004357700807819233, 0.0004545543771510068, 0.0004713282004226998, 0.0004182901161753512, 0.00040270524031018186, 0.00041375937464493403, 0.00041564110998601884, 0.00044301151954259026, 0.00046750569321478956, 0.0004610032564252905, 0.0004820259812956251, 0.0004160907965464099, 0.0004774133728262337, 0.0004105252798592361, 0.00040984449422430875, 0.0005339046329277614, 0.0004922033209017071, 0.00043307232434570237, 0.0004319487360419856, 0.0004815399750116559, 0.0005392257896729784, 0.0005092188023716918, 0.0004131509390757423, 0.0004299356675302556, 0.00041065426806444633, 0.0005538234324069761, 0.0004555420519755802, 0.0005002249883038046, 0.0006335403508248755, 0.0004543400378297766, 0.000559230147774979, 0.00046423507906665927, 0.00047523781602440765, 0.0004199735149241063, 0.00040678204600399034, 0.0005705822567596182, 0.00048266519470181583, 0.0004395403737584359, 0.0005430245363233298, 0.0004402394839355547, 0.0005660745690464919, 0.0005687150136656611, 0.00041621221906564416, 0.00045029028548809074, 0.000401898944517726, 0.0005517483931671441, 0.0004177427533995706, 0.00041335784788103355, 0.000420475079727963, 0.0005144655626487533, 0.00041154939375590677, 0.0004059382554789432, 0.0004246257073746082, 0.0004309326409142472, 0.000687137961396187, 0.00039954445473279736, 0.00040317421792253767, 0.0005296106332403302, 0.0006697199367486095, 0.00044499357343552614, 0.0004226495335389917, 0.0004141079710792094, 0.0004008927626113818, 0.0004156563910516392, 0.0004192206820827365, 0.00042870218704576277, 0.0010940590281072612, 0.0004572106679117928, 0.00040172463405544796, 0.0004677417009609735, 0.0004203823809637516, 0.000484167288711022, 0.00042356343231332865, 0.0004063045227130146, 0.00045862964054338337, 0.00045872138704874233, 0.00039799122616625824, 0.00039624448088932605, 0.0005396750671877973, 0.0004556322907292075, 0.0005213279335173771, 0.0004285522579055524, 0.0004469894428770447, 0.00041836858021195245, 0.000443062675692318, 0.000502280003231671, 0.0004381532998846603, 0.0004454109156281423, 0.00041019812365941216, 0.0004388637178097884, 0.0005021481643830954, 0.0005822884219911427, 0.0004805044693285546, 0.00041943282221018337, 0.0006349496984942487, 0.0003961593529600488, 0.00041086404365985876, 0.0004530325786970912, 0.0004455012205614797, 0.00041164043897245047, 0.0004115203198700762, 0.0005072104081405945, 0.0004292040448417623, 0.0006373005109741339, 0.0005506579040742441, 0.00042389491596923836, 0.0004005934550853433, 0.0007756688917018272, 0.00041810379250810435, 0.0007406421132935911, 0.00042663758295118705, 0.0007364962825292496, 0.0004371165394182681, 0.0004779062628242941, 0.000521419385162944, 0.0005027813790342341, 0.0005109889590125508, 0.0005184886449582877, 0.00046209669678577524, 0.0004570236270505341, 0.0004643259834074704, 0.00047170475000076135, 0.00047543103275130927, 0.00042963185335608575, 0.0004880869141425419, 0.00040258353044982684, 0.0004175329522082949, 0.0004011105746936262, 0.0003937964305414802, 0.00040631865698842554, 0.0004102745352101381, 0.00041381857586096117, 0.0004501596310285438, 0.0004222865047769659, 0.0004225399899550296, 0.0004381054451836742, 0.00040789827450625, 0.00039621251799822483, 0.00044123017143375947, 0.0004401035801726068, 0.0005806310102531728, 0.00047723418588607703, 0.00041903784338431327, 0.0004059359199734217, 0.00040955853762303845, 0.000416074321355088, 0.00040800776132853054, 0.00044418081598155676, 0.0004008151614301817, 0.00039889682490002685, 0.00040103705248748786, 0.0005577416085904849, 0.0008128667584352604, 0.0004073188587568817, 0.00044497019517642715, 0.0004617840922451802, 0.0008779954602511765, 0.0006587359356539486, 0.00043476042677462743, 0.0003973290737217689, 0.0004111281661263037, 0.0004599475654061203, 0.0005120868559699916, 0.000591216502636686, 0.0004116864707891698, 0.00039261588682218185, 0.00041084660787070286, 0.00040573311611148433, 0.0004840197625081565, 0.00039087976420845044, 0.0003959456299517569, 0.00040197761312999125, 0.0004091096254131163, 0.0004205033931431875, 0.0004779110437713545, 0.00042777684621833834, 0.00041317972240537685, 0.0004052462537568829, 0.0003833407986795119, 0.0003997552203044841, 0.00041730098164439956, 0.0004153943574942047, 0.00040575317317641127, 0.0005532482556847725, 0.00040761301005978973, 0.00040866737199166207, 0.0004012177183148726, 0.0003851640223661614, 0.00040621565557087555, 0.0004171237295716524, 0.0004165283191518732, 0.0004008977637046432, 0.0005921349575861477, 0.00039129466746746, 0.000388630808051893, 0.00040100475673287027, 0.0003886283741623352, 0.00039357718023480694, 0.0004076315980103637, 0.0003961062562734439, 0.0004432805678180911, 0.00039608837653657287, 0.00043191322962046123, 0.00038958278444007797, 0.0003922328058202012, 0.0004517929230978627, 0.0003797776880061117, 0.0003630473030756749, 0.00041350243578965393, 0.0003976913176653829, 0.00040678069143751383, 0.00037663419011853727, 0.0003822549039985209, 0.0003913500560489914, 0.0006661448556937132, 0.00039101835792722126, 0.00037605468552049157, 0.0005722173512843775, 0.0003816582501669637, 0.00044060669935055453, 0.0004721527452837834, 0.0004490325945688798, 0.0004810021732667482, 0.00039298976694206563, 0.0003879384767718713, 0.00047882557517419516, 0.0004111979798394173, 0.00046503389580422816, 0.00047384006160889757, 0.0005018993130885062, 0.00042735586857313803, 0.0004920065858265197, 0.00047841088862313495, 0.0004098505782447899, 0.0004493700765092796, 0.0004013170306138301, 0.0005790226661526195, 0.0006054012573495126, 0.000580835934507938, 0.0006376201410508664, 0.00047152399238251525, 0.00037971140362640684, 0.00039022650697597376, 0.0003835455655622173, 0.0004031703420761925, 0.00045965016896491674, 0.000533700512128795, 0.0004003064922888828, 0.0004341932164229402, 0.00040113626569666553, 0.00044226735785630306, 0.0004947252670906921, 0.00044893320203175704, 0.0006229386175968743, 0.000421196101895353, 0.00044525736343305265, 0.0004970217859036101, 0.00043922492918360635, 0.0004800821434103632, 0.00041653646989443625, 0.00040628058624657615, 0.00041616784313559005, 0.000421172226315777, 0.0004120760720247987, 0.00041020824177301303, 0.0004255735512058981, 0.0005146931768931977, 0.0003868597598546656, 0.0004272430138954706, 0.0004149701611961288, 0.0004803049699460458, 0.00046114831620605465, 0.0003761190037208108, 0.00043752351128965183, 0.00045839665181183803, 0.00038955959466226186, 0.0004528079111945835, 0.00045233221946422306, 0.00042193635592595655, 0.00038797296421004974, 0.000434232873774955, 0.00044177412567721357, 0.0004369740660188364, 0.00038812427511890086, 0.00043000308661053627, 0.0004134842711357792, 0.0003868924700777083, 0.0003984209281319843, 0.0004797880146373608, 0.0004566932504427189, 0.000406010389188397, 0.0004021315010253759, 0.00046128955516302697, 0.00035888096348091496, 0.0003971080445013457, 0.00040177909742738994, 0.00039701727281797486, 0.00044775922787367045, 0.0004819822939721444, 0.0004074490420313267, 0.0004511474629770395, 0.00043620437758951146, 0.0004353679423284108, 0.0003911663446223101, 0.0005030029365075495, 0.0005053934092305408, 0.00048754338567454244, 0.0003823320202431639, 0.00040736336299846944, 0.0003848995264995787, 0.00042763406159614185, 0.00041416863247988083, 0.00048500248647530747, 0.000461735852489705, 0.00048580749394959904, 0.0004088452028090675, 0.0004059702859086413, 0.00038579079283775227, 0.00041068490124421963, 0.0003644307701113994, 0.0005602199314897746, 0.0005283749969716395, 0.00035606469716772303, 0.0003850202330456872, 0.0003901605634808817, 0.0003828918008185418, 0.00035312945108191817, 0.0004996440159968872, 0.0005487017115388507, 0.0003698603321321363, 0.0003720858358382559, 0.00037774487776615675, 0.0003950086284676101, 0.0003709952431042449, 0.0003640844659111057, 0.000363184741659801, 0.0003755350974601132, 0.0003785364534781887, 0.0003650329263305871, 0.0003590581340168663, 0.00036733402552234994, 0.00037177878072344826, 0.0005190475778425938, 0.0003758283256647071, 0.00035834352399187496, 0.0004335867908653418, 0.0004416189991287037, 0.0004821916103662846, 0.0006106621079829751, 0.0003936420066882938, 0.00043451169221819314, 0.0006795093344559145, 0.0003991092177879734, 0.0005956324035595533, 0.00036300788430488115, 0.0003779739068875949, 0.0003711866007867427, 0.0003681665591084911, 0.00038511905394066656, 0.0003839656939543927, 0.00038624552813437116, 0.0003967251067321271, 0.0004416829922699985, 0.00042437585109459156, 0.0004036242749036811, 0.0004440827227854735, 0.00036465412332526163, 0.0003833404021211959, 0.0005366371482644762, 0.0009829719240898641, 0.0005762046893385758, 0.00039203835580816276, 0.00035948623056267416, 0.0004258593089647069, 0.000377892630139405, 0.0004239397904541921, 0.0005424106744021096, 0.000535320003986476, 0.0003700039506430856, 0.00037651570330244846, 0.0003975594747197058, 0.00037631432365302885, 0.0004451775985156473, 0.0003804597761240522, 0.0003866336037540066, 0.0004367444057132158, 0.00034141320412313706, 0.0004203972812597453, 0.00043430329562824566, 0.0004515781511392113, 0.0004185212853508411, 0.000405592752031063, 0.00039899469065044694, 0.0004428573675120291, 0.00036787068637245975, 0.0003742513998243817, 0.00039047396763098875, 0.00046845908958014545, 0.00035244388337536784, 0.000361164929756091, 0.0003686061696952259, 0.00035830168312563727, 0.00037273179848585145, 0.00035792720111351464, 0.0004337158733758416, 0.00045888676847000707, 0.0005099370107399521, 0.000374439711029225, 0.0003589772773426618, 0.0003931749783002709, 0.00042960813894792424, 0.00035874634307436277, 0.000363771572393763, 0.0005471366613071635, 0.0005323848888578491, 0.0005248957584822369, 0.00037306747779047573, 0.00038453444873601445, 0.0003515792856909928, 0.0006495579213808308, 0.0006789865926205833, 0.0006057708371687373, 0.00039844631387087515, 0.0003664848670027201, 0.0004912533576781941, 0.0004945315313038234, 0.0003791484727798336, 0.000409474810509494, 0.000348079574274649, 0.00037702137766548597, 0.00036366377039914516, 0.000371859846534572, 0.00035877966585673557, 0.0003886628235600757, 0.0005198099893171968, 0.0004894077716589538, 0.0005120889104144869, 0.0003920450383298673, 0.0003689577606363924, 0.00037472686590714436, 0.0004510161227606865, 0.0003936985518623493, 0.00035384787823059287, 0.00037406142814288613, 0.00042073852954361787, 0.0004112226123668934, 0.0004759283773948627, 0.00034689639728244335, 0.0006010325172469871, 0.00036672414359488606, 0.0005213553901335248, 0.0004233049323502013, 0.00037445792848834987, 0.0003503217603666312, 0.0004181990794950834, 0.00046843861026556253, 0.00041289402824861305, 0.00035826282970479167, 0.0003638226679150756, 0.00038697185289825035, 0.0005178255846779055, 0.0005638756537625008, 0.0003749090844531073, 0.00039904499823219063, 0.0004100868126290846, 0.0003583386993822607, 0.00034801739915979387, 0.00047991126098534306, 0.0003504617792297166, 0.0003663340529548616, 0.0003715187813450567, 0.00037772009827267473, 0.0003598891109335504, 0.0004730036339332267, 0.00034289421003317315, 0.00036487379559009965, 0.0003581091664795972, 0.0003616150713590586, 0.00034369187004075637, 0.0003627947706755588, 0.00036249840424710015, 0.00034100581498311536, 0.0003450788896476853, 0.0003530933669433818, 0.0003567893620607665, 0.00036483787609392756, 0.0003937155387771884, 0.00041905169550124176, 0.00043131133279596497, 0.0003780842764039036, 0.000354963437078001, 0.0003525430567135579, 0.0003659507088210107, 0.0005887262598235479, 0.00034230081040680565, 0.0003994207245347929, 0.0003541233844779397, 0.00036836372467458187, 0.00034478069262351, 0.00034500380862880744, 0.0003474661379641692, 0.0005065816963684385, 0.000341307440650147, 0.00034751751175245084, 0.0003429645764682944, 0.0003440133209155609, 0.00034251993056541314, 0.00034949108735055014, 0.00034534710918751046, 0.00035183028864809135, 0.00036090468156608303, 0.000345755639707201, 0.0003428969959245645, 0.00034462934997094317, 0.0003471704680709524, 0.00034329441238930647, 0.000342465298382214, 0.00034057615634787815, 0.000349318156401575, 0.00033333051160381916, 0.0003312966224782825, 0.0003338232048909023, 0.0003340665715957195, 0.00032908571439519926, 0.00034379894085539937, 0.0003465819394068682, 0.0003329402460914358, 0.00036669274405657076, 0.0003519743237665319, 0.00040682898026957767, 0.0003296273974735462, 0.00035256272048099366, 0.0003402802123743989, 0.00034336409567692024, 0.0003416636230565409, 0.0003381486580775138, 0.00034469980216033004, 0.0003217451926424586, 0.0005794886532820549, 0.00034477669313972393, 0.0003430820323589669, 0.0003459861971367197, 0.0003379427554447617, 0.00036678065565125023, 0.0003650660898984072, 0.0003627647512922912, 0.0003504778990140138, 0.00034813964101369657, 0.0003440391572734038, 0.00035116322166486386, 0.0003471493881877961, 0.00034938745910367825, 0.0003512041888462032, 0.0003508356123059596, 0.00036195633727621653, 0.0003503070630357283, 0.0003458914104400527, 0.0003456806858969274, 0.0003481973020115443, 0.00035211780572284314, 0.00036027183805917003, 0.00034789891162284624, 0.0003548835430238937, 0.0003486630954299349, 0.0003425010715080974, 0.00034012975551374336, 0.0003451974580783442, 0.00035886084917603067, 0.0003400218502812427, 0.00034015761829151743, 0.00036029182881436024, 0.00034348086249265554, 0.0003431414827489425, 0.00033930141520495475, 0.0003380021952365109, 0.0003406060212662707, 0.0003386218864387331, 0.0003514250361255126, 0.0003431279629362767, 0.0003376799668119489, 0.0003610213542001008, 0.00034470933531156205, 0.00033853009747456425, 0.00034338791229058407, 0.00034771647356179116, 0.00033510538447340633, 0.0003363780465069758, 0.0003360813803472442, 0.0003344703464898374, 0.0003348134438838641, 0.00034612125225155516, 0.00034404060951486094, 0.0003460204801636596, 0.0003706028920178017, 0.000632210884392622, 0.0003606517042757197, 0.00033541055462870116, 0.00037340231865703224, 0.0008280705312627361, 0.0004799704563978494, 0.0008848434616689156, 0.0003347017991730426, 0.00032523296396503427, 0.001101405656434548, 0.0011827556438404336, 0.000346639773997506, 0.00034570279038903854, 0.0003839011545934946, 0.0003635908242099203, 0.00046844010329733453, 0.00044016079742344085, 0.0004610723700058978, 0.0004023661771609425, 0.00036323892524951865, 0.0003578330130382914, 0.00033475293335362416, 0.0006527880146067898, 0.0007630848683085555, 0.0003276904894792727, 0.00031964915229893277, 0.0003559539216355866, 0.00034440909204413013, 0.00033928593235957126, 0.00034125605055927596, 0.00033650309477625037, 0.00034240004486084646, 0.00030915073675845834, 0.0003497122833938099, 0.000322428506055124, 0.0004952196462125574, 0.0004926003315572651, 0.0003242987431150665, 0.00039249534553444234, 0.0003448667271998884, 0.0003281271502999178, 0.0003521188648787674, 0.00034442769811810663, 0.00040146231817104994, 0.0003372883802106924, 0.0003972290632390596, 0.0003350379541563997, 0.000336304568030101, 0.00033076015089612745, 0.00033102942310658193, 0.00045025549854320676, 0.0003374501819659056, 0.00034401086809123546, 0.00034461078916653813, 0.0003605036737412382, 0.00042525742258563067, 0.0004010179600526143, 0.0003122670975653401, 0.0003261327612570386, 0.0003072946180164051, 0.00030813193476658814, 0.00031449924718276003, 0.00031902382574961076, 0.0003182869509635245, 0.0003129041546682675, 0.000316775104849271, 0.0004394789250558169, 0.0003122053227791429, 0.000308785371528409, 0.0003094694010432731, 0.00030972442225623566, 0.00031092209233757643, 0.0003215239487597123, 0.00031687245577677727, 0.00031755628560314935, 0.0003120658542285259, 0.00038417220469173617, 0.0003097604161537064, 0.0003089309594990429, 0.00031212780594716224, 0.0003132164808374411, 0.00030860756134148173, 0.00031217397280096924, 0.0003046386250831412, 0.00035187015935952314, 0.00030900164632169635, 0.0003516422017405865, 0.00033060925316838095, 0.0003137902248186016, 0.00039686637086536853, 0.0003478896860510909, 0.0003902823747348894, 0.0004695690550875143, 0.00047391072823419795, 0.000369892251086008, 0.0005215986815715885, 0.0004279857252669772, 0.0006833819880298505, 0.00045189252894940567, 0.0003323179528558644, 0.00032554915017805647, 0.0007195013653754213, 0.0004807409487492487, 0.000312492628148613, 0.00032819123058433215, 0.00034240615326953185, 0.0004196315065456623, 0.00035033705045004534, 0.0003244331187919137, 0.000352653124844976, 0.0003918705801283471, 0.0005417703677529314, 0.0003233555614961534, 0.0003826543905837848, 0.0003285261785481383, 0.0003291271862050713, 0.00030235556544554117, 0.000403119431143799, 0.0005218325241262371, 0.0003890483245820747, 0.00030913866892880426, 0.00034942564497808217, 0.00033037113680235025, 0.00037510963236795356, 0.00031475053618813955, 0.0003157535008303753, 0.0003137320121826175, 0.0003688762718495511, 0.0003134616790709255, 0.00033762499968080484, 0.0003393865930709262, 0.00030722089037556465, 0.0005330559796506802, 0.0003606728443633671, 0.0004442906771897266, 0.000355891112358391, 0.00037320045650915135, 0.00034985187958348253, 0.00035290895385607234, 0.0003748262902552186, 0.0004248454563469777, 0.0004259437268759644, 0.00034067676924015957, 0.0004007880088220254, 0.00047049782853406113, 0.00036566398356271664, 0.0004942999906068433, 0.0005983527080907683, 0.00033202917768101174, 0.00033685267389663463, 0.00031435811085224827, 0.00035139463408460306, 0.0003354864386483961, 0.0003639480687992421, 0.00034316699652511183, 0.0003743341598287035, 0.00035026752566572907, 0.00036637690622370395, 0.00033451185195554887, 0.00035077186303023115, 0.00038776561195795516, 0.00032094212548043876, 0.0003220857392969964, 0.0003482735186496769, 0.0003939877306000287, 0.0003911471098306527, 0.0003404068133964193, 0.0005481783719308255, 0.0003317945214101555, 0.0003151194908959304, 0.0003146537166797195, 0.0003191963700046142, 0.00038387781074957167, 0.0003289129915034471, 0.0003017994965715095, 0.00031343055913808876, 0.0003276440060529118, 0.0003444035596673176, 0.0003232168082243109, 0.00030372415575436216, 0.00032198994253856034, 0.0003320888851810368, 0.0004016270041172165, 0.0003159600481378829, 0.0003354959383095871, 0.000339379296763313, 0.0007089335652611701, 0.000350394374467735, 0.00033711829485936866, 0.0003164349159782431, 0.00038109881778501957, 0.0003193359824649523, 0.0004119201786304261, 0.0004412256955759235, 0.00041284987537149905, 0.00029872800390700645, 0.00031265465804956297, 0.0003157102386554945, 0.0003164625919189893, 0.0003085109894882748, 0.0003246144881963331, 0.00032952400143532667, 0.00037457913326990156, 0.00033185050133684234, 0.0003430542352724875, 0.0003446210880939927, 0.00059378644070886, 0.0003791397363910005, 0.00032528921049410086, 0.0003337076245436416, 0.0003680675078730435, 0.0003864759577619852, 0.00033577544305280605, 0.0003645125664946885, 0.0003613750288596554, 0.0005495397134850264, 0.00036415602260573524, 0.00031512777853222817, 0.0003287255328040637, 0.000325578477846251, 0.0003644897051788491, 0.0003557626115550711, 0.00035549924773882593, 0.00036543842145249817, 0.000379001728856823, 0.0004021909811360825, 0.0004178045206223126, 0.0003394266234573164, 0.0006514606426109632, 0.00032655868347960696, 0.0004901582604589384, 0.00041811503092011954, 0.0003508361308383315, 0.0003401489261497637, 0.00033764544431538583, 0.0003350624748624679, 0.00031061637505667294, 0.00033693266710017265, 0.00031220604614785093, 0.00033857868024392865, 0.00032913456319391536, 0.00033825313891252, 0.00036487759589234393, 0.0007381516599081858, 0.0003382166741318802, 0.00033651287602838635, 0.00030494064778041597, 0.00034723595862413227, 0.00040502087134564345, 0.0005569083732992962, 0.000328305034240012, 0.0003117568219493943, 0.000301246608777839, 0.0003218140854276737, 0.000327602860780503, 0.0002996297161051558, 0.00029823323769908217, 0.00031005183125846564, 0.00032414128770798836, 0.0003083970614469574, 0.00032182823155732824, 0.0004564398001114774, 0.00031729424874917564, 0.0007743204228244864, 0.00040505374987814883, 0.00034499106269415483, 0.0006507134168314538, 0.0003269774133959936, 0.0003800001444766575, 0.0003817158229923772, 0.00032798882241927475, 0.0003012467097935744, 0.00034067132334868904, 0.0003678372419485013, 0.0005990737588674043, 0.0006390212006195782, 0.0003083896960957619, 0.00034095521118730337, 0.0003597095131055016, 0.00034008970593580495, 0.0003744528584405059, 0.0006109112056710075, 0.0003578120934061159, 0.00032888083308431153, 0.00034610991366760977, 0.0003174880192162012, 0.0003894469921696012, 0.0003898362923436208, 0.00041911489041345147, 0.0003561225610356924, 0.0003452917981308605, 0.0003400748558213922, 0.0003663671701786746, 0.00032830929782982714, 0.00045166383145867414, 0.0006210818531757849, 0.000305050054145686, 0.00039106304793042887, 0.00032972420786286406, 0.00037900134055762774, 0.0003358039566487409, 0.00032429817726463005, 0.0003494367560497941, 0.00030586118589364503, 0.0006922306370595238, 0.0005962565486854425, 0.0003157839504773481, 0.00034430292029540526, 0.00031542779365786644, 0.00033179321021705545, 0.0003338732909080877, 0.00029524612405823004, 0.0003280621221456815, 0.0003250586765734993, 0.00029360642867373043, 0.00031982192746334335, 0.00031564321337519604, 0.00030740420587498356, 0.00031223335428670824, 0.00031413893749157715, 0.00030876095491476027, 0.0003103899458242939, 0.0003116946860263606, 0.00040290517028977263, 0.0003497957918728308, 0.0003414115071631347, 0.0003657603008255042, 0.0003487758616221675, 0.00041991651906473753, 0.0002928391463784238, 0.000369132375129315, 0.00033404160916423824, 0.0003438406799832212, 0.0002970552048965541, 0.00039450843423571966, 0.0003644318059430685, 0.0003521610677057868, 0.00038624443735780356, 0.00033833327579374723, 0.00039113754280740054, 0.000352501568117329, 0.0004375155775715768, 0.0002991744394360018, 0.0003721203216946167, 0.00031531485442145153, 0.00030593786876881925, 0.00031811724601869926, 0.00043120996838719324, 0.000313932901675918, 0.0003289727313897577, 0.00035589680176253307, 0.0005327496460598473, 0.00036736054310922925, 0.000390771954745763, 0.0003084920623424484, 0.00033900119215080917, 0.0005440017150429851, 0.00029278899308524776, 0.0007435658800066222, 0.0007569168879817022, 0.00029232906766464, 0.0002864020161602831, 0.00032251298800962984, 0.000333138368213001, 0.0003451546401947977, 0.0003321695747796427, 0.0003815050148105783, 0.0005759916271036868, 0.00034048124983015896, 0.0003204544570757994, 0.00029589014522808465, 0.00032963270694742037, 0.00030391350473650466, 0.00029645109287202673, 0.0003036628283818527, 0.00028770743370705345, 0.0002953018146467575, 0.00029167973819961275, 0.0002924547856868858, 0.00032829919693939117, 0.0002962874744140022, 0.0002996119117603771, 0.00028900604536358096, 0.0003059170145376059, 0.0003026072090991835, 0.0002962447676351381, 0.00030036429447435355, 0.0003005232995437419, 0.0002915260992425011, 0.000344064548885896, 0.00031500691536041366, 0.00036022012796187776, 0.00032550889150709993, 0.00038472945892138245, 0.0004189000905119273, 0.00033225679113771904, 0.0003286454611113252, 0.0002805321384254598, 0.0003035290760926968, 0.0003115027780198629, 0.00045669616553876567, 0.0005143942863705704, 0.0003081631113716616, 0.00041733590135046645, 0.0003605093309069504, 0.0006888705387634698, 0.0010104220124544953, 0.0003488333965019816, 0.0003154571693236506, 0.0003473973980840262, 0.0003279043016146341, 0.0003784699276960299, 0.00029927691175104864, 0.00030919568061755267, 0.0003043542393285057, 0.00036268900273788655, 0.0002893153519973743, 0.00030100498035202423, 0.00030216596285285346, 0.0002948429766838192, 0.00030911529162271117, 0.0004896744025819079, 0.00032298024142087304, 0.0002899383101566149, 0.0002953060353612766, 0.00030516900507051073, 0.0003045704398274321, 0.0003068136910309025, 0.0002962975247547085, 0.00030161098348843144, 0.0003035574557215342, 0.0002948544314087266, 0.0003155796003000271, 0.0002903106721357778, 0.00030554656429318983, 0.0003670632101440606, 0.00030517060938830106, 0.00036968690987768463, 0.00031334423722773465, 0.0003152082504539803, 0.0003027158197378742, 0.00038381470760928444, 0.00028700232964864526, 0.0005394257539429767, 0.0003256445070487242, 0.00030817142225740237, 0.00031037043702017105, 0.0003079665112428086, 0.0003591974296894105, 0.0003870296519585051, 0.00031904087690887633, 0.00034489123475617246, 0.0003158784954820464, 0.00031562453732666084, 0.0003009451133176226, 0.00029716861212075057, 0.00031093264609480275, 0.00029815374004565264, 0.00030766731459097493, 0.0002890159063081954, 0.0003217802711726541, 0.0002777863875724823, 0.0003050304201399465, 0.0003217219323847634, 0.0003372709098813013, 0.00031346074967188116, 0.00028863951263551264, 0.00034849881145257704, 0.0003317559056786278, 0.0002981894312904624, 0.00041804392227025896, 0.0003490262932156277, 0.0003286278721608892, 0.0003721170616182354, 0.00029829927978369114, 0.0003543030939096422, 0.0002988736578741233, 0.0003065984035161533, 0.00038216657106060085, 0.0003811018650904503, 0.0003052605392687979, 0.0004914358608053125, 0.00032720322558248615, 0.00048402173749974043, 0.0003212168868576017, 0.000311043032301671, 0.00033014329264120773, 0.0003111138454050718, 0.00033043399768370587, 0.000304187763717021, 0.00027975732092723856, 0.0002921152689111609, 0.0002946841334548406, 0.00033847162430646906, 0.0003100000767025753, 0.00029517251038750565, 0.00030515626911808795, 0.00030226724296207076, 0.0002937844338947723, 0.00034224264017778614, 0.00028974425362557604, 0.00030383511039345866, 0.0002931707739260606, 0.00027923285396629966, 0.000294884910050118, 0.00031268366959802515, 0.00028756559207642374, 0.00027895010612628715, 0.0002894767237271988, 0.00029153161051749467, 0.00028980193782997656, 0.00030680951257895374, 0.00030541766477159107, 0.00028857326510613537, 0.00028526214058751385, 0.00028253099658358857, 0.0003050312507105644, 0.0002809620789230633, 0.0002957796580439691, 0.0002813414677151576, 0.00028504901544761807, 0.00032490189468548704, 0.0003795108406658896, 0.00032556907388172615, 0.00028506095333971594, 0.00030754719712915607, 0.00039492372237466306, 0.00043023837486936336, 0.0003458194678975221, 0.00030212480393518315, 0.00033180631194969966, 0.00028318483450444603, 0.0006872204969298099, 0.0006947641792136318, 0.0006914424162018774, 0.00028896367669851427, 0.00046543160707585783, 0.00031699900112848575, 0.00046466916120617815, 0.000321078299981571, 0.0002839428443920888, 0.0002970088919687244, 0.00036404663396449394, 0.00028069074871919894, 0.0003076601002967494, 0.0003120605785301038, 0.0004297136129602389, 0.00038934713483810245, 0.00037919157073970205, 0.0003102038870926181, 0.0002952417943370294, 0.00043620892976111954, 0.0004887127193887665, 0.0003851312407532056, 0.0002850649308103036, 0.00030116383500108256, 0.0005766022556789809, 0.0013358212887994833, 0.0005380424538531468, 0.0003957636043100369, 0.0002966119516437003, 0.0003444140760527606, 0.0009803228512941567, 0.00031625453806177767, 0.00035224981039386574, 0.0002995407299554044, 0.0002827759395254033, 0.00026753686042404, 0.00029224245003323573, 0.00035522340485024106, 0.0003559155848986279, 0.0005766555642926171, 0.0004126485643731265, 0.0003048686436349294, 0.00033553148879232066, 0.00047379270136186703, 0.00046182896956278695, 0.00047594260684889414, 0.00047985136174266284, 0.0004675844613766824, 0.00034747387614267046, 0.00033280951458797736, 0.00029507138952234607, 0.0003022204578562038, 0.00033101546156030553, 0.0003309604913648346, 0.00033274184408176364, 0.0002862788387684405, 0.0003610357994349915, 0.00029698482944470587, 0.0002916540435530183, 0.0003572577186453867, 0.00040392899545236676, 0.00028775399532351634, 0.0003118706397584893, 0.00028645325720407075, 0.0003089646177126721, 0.00028382442900213244, 0.0003174628514793297, 0.00029813322827121314, 0.00041967265440725137, 0.0002692352507267281, 0.00026647723441690943, 0.0003069953598839302, 0.0003215303437088039, 0.00029565167384340937, 0.0003237968916127609, 0.0009313791930456204, 0.0003052824538387387, 0.0002736055967664254, 0.0004239455089595839, 0.00035583428312844687, 0.00030226802098367054, 0.0002918621352346519, 0.00031408216281008744, 0.000277505550529739, 0.00027930997473459116, 0.00044217920318943615, 0.0005007248606216761, 0.0003275761591607425, 0.0008464047803110927, 0.0003562996007198248, 0.000352109881544692, 0.0003428286345360286, 0.00027463316326792813, 0.0002628784117590324, 0.0003342461635093706, 0.0002742591939415937, 0.00029003184603083957, 0.00028738225817279123, 0.00028838674450402577, 0.0002803019686668982, 0.0002690291502644021, 0.00027543098141472483, 0.00032271748882167935, 0.00027209052406825717, 0.00040373475822251065, 0.000276072468621339, 0.0003218454134769019, 0.0002736604886840496, 0.0005096399235517797, 0.0003067119476087958, 0.0003758104457595345, 0.00028939450523347637, 0.0002651409326854922, 0.00027332194960132187, 0.0002809979499467843, 0.0002816005096377802, 0.0002824893759290459, 0.00029494133291089206, 0.0002816000970833101, 0.00028325487599556074, 0.00031923924301563645, 0.0002761545470945792, 0.0002739988186708365, 0.0003329375721503783, 0.0002584093645864927, 0.00027199868650328013, 0.0002763752351002785, 0.0002846853325750407, 0.0003177061035245184, 0.0003894212566521692, 0.00027404793726189524, 0.00026689841472409643, 0.00026216923765277433, 0.0003229305746818671, 0.0002633338964376151, 0.0003067176522638703, 0.0002632198319966849, 0.0002697195791949146, 0.0002734483172247149, 0.0002997567637755828, 0.0003053391527135837, 0.00026314622739787014, 0.00027216310715936674, 0.0002611424505537099, 0.0002767027629110059, 0.0002603310688891651, 0.00029386082675869564, 0.0002590852149905025, 0.0003151409348600746, 0.00026160374542644416, 0.0002600379902926775, 0.0002739910076231008, 0.0004161172908263823, 0.00030883936531275784, 0.0002732679068087483, 0.00026674422417109967, 0.00027581701183640705, 0.00032980572613850926, 0.0002991915436487712, 0.0003344804518961873, 0.0002892491630789393, 0.000264817332568154, 0.00024725322586328127, 0.0002882093739808705, 0.0004513055213334728, 0.0002898790204492007, 0.00028568711724726975, 0.0002585357226796154, 0.00025589713547130696, 0.000276829680024059, 0.00029088627070647895, 0.00032815738365856096, 0.0004210036178850928, 0.0002789382568686186, 0.00031093721097363646, 0.0002592062986264109, 0.0002500331219317175, 0.0002652318771481603, 0.00028015459499250987, 0.0002684052498535915, 0.0002794659094408013, 0.00029609578095450486, 0.0005815071644444507, 0.00028905918947168583, 0.0002589030545003849, 0.00029608807849305913, 0.0003090005360602628, 0.00027829936706709224, 0.0002545036261087432, 0.0002694217365863613, 0.0007492124939336111, 0.0003096183894946853, 0.0002951739690097192, 0.00027508041840334103, 0.00025966455901831786, 0.00035233792143052426, 0.00028340376117397774]