Model Setup for Melancholic Patient 7:
ITERS=1000
LEARNING_RATE=0.001
OPT_RESET=None
ATOL=1e-05
RTOL=1e-05
METHOD=dopri5
Input channels=2
Hidden channels=32
Output channels=2
Runtime=158.2490999698639
Optimizer=Adam (
Parameter Group 0
    amsgrad: False
    betas: (0.9, 0.999)
    capturable: False
    differentiable: False
    eps: 1e-08
    foreach: None
    fused: None
    lr: 0.001
    maximize: False
    weight_decay: 0
)Loss over time=[0.8942924368421423, 0.8682303596621537, 0.843225723322897, 0.8153137489506126, 0.7928134855524778, 0.7687250194615111, 0.7444315128114173, 0.7212999473032536, 0.6981199811608619, 0.6737412871494163, 0.6489712414882162, 0.6274153468409955, 0.6027553542099895, 0.5801777107865423, 0.5539293098423901, 0.5395403838207876, 0.5127149340460478, 0.49737307145035886, 0.4708151405328839, 0.45349470133923087, 0.43132190083051464, 0.4096517464985054, 0.3935147354365386, 0.37339219837607485, 0.35300818658077004, 0.3344265534323061, 0.3204239908198409, 0.30911678091437883, 0.2959945362666056, 0.2871665051528487, 0.27673382227657123, 0.26346522085975727, 0.2560129818788439, 0.24521085030612502, 0.23796019964059809, 0.2293331367494513, 0.22191230569874446, 0.21317338697035423, 0.20746031238272164, 0.19837875218600773, 0.19238899954076685, 0.18874111498192947, 0.18296328848666887, 0.17584869495758618, 0.17046904667304766, 0.16700338101555656, 0.15943732660689539, 0.15702655964547924, 0.15163237799626852, 0.1473277022275137, 0.14522336185665538, 0.14225194367024288, 0.13887089897193705, 0.13453396064807202, 0.1308670415859606, 0.1266946273095768, 0.12790309401678243, 0.12643462474301745, 0.1192980869966492, 0.11688644618042661, 0.11556436691055602, 0.11281983163345584, 0.1107691108288554, 0.1121437659021888, 0.10610533409619798, 0.10304448379906493, 0.10264023810444213, 0.10052971589989332, 0.09599938947070795, 0.09769010426249826, 0.09450732972490213, 0.09097388696412935, 0.08970723062809517, 0.08807314779020639, 0.08697907359427698, 0.0860235441214009, 0.08214668931834974, 0.08304763172883502, 0.08120183369862652, 0.07963223431325446, 0.07746836009763482, 0.07682514207145769, 0.072748834359089, 0.07486796052578372, 0.07278613989517534, 0.0723749453329478, 0.06759837820103488, 0.06726032254765636, 0.0640973028876578, 0.06594142487180052, 0.06401772888051772, 0.0628754222592515, 0.061024607447668106, 0.061544280854047534, 0.059483674083180366, 0.058646971486126256, 0.057954262907539994, 0.0557561358609109, 0.05565443075554794, 0.054310764466725885, 0.05428869619782755, 0.05279410207404977, 0.05127819948945038, 0.05062607416299954, 0.05050741054992783, 0.04887816382981547, 0.04894758280031506, 0.048241034187522784, 0.04728485718354019, 0.045305236010754674, 0.04473858777443121, 0.0443706147673944, 0.04232848966960204, 0.04135445171962037, 0.04088338291259467, 0.040834725213800806, 0.03944148429895034, 0.038378448282042725, 0.0388041778282229, 0.03730527622456148, 0.036390945352229934, 0.03631813762673369, 0.035559242352284366, 0.03419614200967767, 0.03476452794919241, 0.034404781930935165, 0.03313615523524209, 0.0331193341427419, 0.03232763133967919, 0.03211530267566743, 0.030961565170731654, 0.03027886329176229, 0.030247686972194557, 0.029125942723314188, 0.029208962837360238, 0.029867570790919153, 0.027671538109260554, 0.026755262036782843, 0.026812657068994186, 0.02597046680358177, 0.02510863665224614, 0.025951803414772778, 0.0248139960750607, 0.024111332389400927, 0.02418382516146651, 0.023554081853792843, 0.023673803592279406, 0.02414822328773435, 0.022522912333819353, 0.021592394261239087, 0.02202340266665588, 0.02133149744631495, 0.021441458274882072, 0.020739033183312397, 0.020882906113842966, 0.02023932026935686, 0.019793211429292655, 0.019809427618293022, 0.01946134270289724, 0.018720511779244938, 0.019039886438524153, 0.018951767284931583, 0.018033327825100608, 0.01818849793607418, 0.017264559817874416, 0.017525381705939605, 0.016630646145195882, 0.017598325547406788, 0.016670939144407385, 0.01647928030282628, 0.015797629617794847, 0.01570444186922739, 0.015497297146505606, 0.01537182001569534, 0.014892046845711847, 0.015136585308206578, 0.01572666503293696, 0.014644740262290214, 0.01424461851351556, 0.014155047454948572, 0.013705514768138282, 0.013570298946973973, 0.0134152968792646, 0.013433198281283521, 0.01300423237930034, 0.01288622417046532, 0.012792695468534392, 0.012677721196312023, 0.012438653460854775, 0.012326986668356986, 0.011995062983336907, 0.011936674056854207, 0.011904083262521493, 0.011771415501644112, 0.011513160125027032, 0.011413711440230944, 0.011188334187192103, 0.011092634047306206, 0.01101074913537786, 0.010863594167053936, 0.0107171875203223, 0.010686624401000665, 0.010566227697272628, 0.010390458844051983, 0.010308312386129321, 0.010207044394626939, 0.009958228297022963, 0.010018797872367464, 0.009978803347581095, 0.009894496017378077, 0.009760540937710964, 0.009631331987845281, 0.009709321188020545, 0.009715399672983589, 0.009463788202651811, 0.009359359629936238, 0.009409667381784644, 0.009112946716037233, 0.009051843734369895, 0.009237442568429023, 0.008929099557955183, 0.008984427795984101, 0.009024693480829474, 0.008851789476299379, 0.00887377755707726, 0.008710780385494622, 0.008651717811520444, 0.008536403110110708, 0.008512748114581649, 0.008441385957187514, 0.00845391825324198, 0.00832452128737919, 0.008245055768088082, 0.008173942403914608, 0.007993041678941826, 0.008099879174284584, 0.007942493220924178, 0.008018196838905596, 0.008029928770451188, 0.007904494011578443, 0.007746780703463311, 0.007711681370442997, 0.007780948126331247, 0.007758019206259203, 0.007765356139815047, 0.00767533728648308, 0.007544609710449766, 0.007413169477895331, 0.007470870814199366, 0.007622224133934832, 0.007373978479816051, 0.007342796712676417, 0.007237571057254178, 0.007154113218523028, 0.007213282183253056, 0.0075025809805996805, 0.007401176284002894, 0.007239304302768013, 0.007027512104224112, 0.007098519695756634, 0.007105951430257425, 0.0069197261940876185, 0.006931275190536498, 0.006813470154771011, 0.00679720081014572, 0.0069958217251146265, 0.006929706925874348, 0.006900493591152854, 0.006776327486420338, 0.0067571102855446905, 0.006733600474811136, 0.006570521224491866, 0.006747222764662137, 0.0067360288412941175, 0.006670525550504757, 0.006635184796223295, 0.006707461188274488, 0.00656498091290302, 0.006520566487755544, 0.006536459678358966, 0.006584793058112408, 0.00659342290917744, 0.006652579153449648, 0.0063634166188822556, 0.006383395501663971, 0.006622994193419265, 0.006542088306143365, 0.006445419205948297, 0.006425079241006659, 0.006196825600580603, 0.006254712252740246, 0.006418569551780117, 0.006304482240206675, 0.006212313225237471, 0.0063923463364951826, 0.006346847313317739, 0.006361564241445591, 0.00633349666069414, 0.0062890076251790085, 0.006194201109642323, 0.006284661859652316, 0.006224652483642588, 0.006114403913404195, 0.00605887388435453, 0.005966991127440863, 0.0061689763230464685, 0.0062583997722984175, 0.006022847572601858, 0.006024049914310805, 0.005946837879488299, 0.005828270428061382, 0.006131305534787304, 0.006042004773774112, 0.0059050420217903014, 0.005796676007564755, 0.00619922071410765, 0.005822759402772228, 0.005897183777103468, 0.005893311693671318, 0.006064476841710346, 0.005916799323667021, 0.00574688390613516, 0.005870595022983907, 0.005920858885368901, 0.005918944849453184, 0.005952797778238623, 0.005720693923812564, 0.005889248071453884, 0.005778999900328319, 0.00569519447361595, 0.005701670757855059, 0.0057428801096688995, 0.005618898567487723, 0.006040546530322901, 0.005961884542763132, 0.005766401972153928, 0.005703607322169232, 0.00579157716789206, 0.005747635002461321, 0.005827215325943742, 0.005558319480256672, 0.005637434651971441, 0.005613013366609695, 0.005910869780647531, 0.0055871472567447684, 0.005493558313691738, 0.005617921488751015, 0.005818016520333582, 0.005595261067060458, 0.005807547951296733, 0.005607750308139183, 0.005589582416446637, 0.005506417853880816, 0.005510216199394547, 0.0055532571980095044, 0.005755652822484168, 0.005603086659328522, 0.005525994826952942, 0.0057705489465996185, 0.005369566356731934, 0.005604528701176285, 0.005762218347571135, 0.005259232596490339, 0.005479099359066277, 0.0053518798636025535, 0.005362281517645544, 0.005559403564621899, 0.005422456093864858, 0.005551355237166227, 0.005427202877284176, 0.005357652771165943, 0.005917495567104408, 0.005339680728145813, 0.005316140059675145, 0.005437703747267244, 0.005723332287186535, 0.005430531636256839, 0.00528755488784169, 0.005435960687173934, 0.005435816933030169, 0.005339144937017296, 0.0054547011214640334, 0.005485704806352593, 0.005276014838838599, 0.005634602649058081, 0.005282812709883945, 0.005264561718262587, 0.005428613471234357, 0.005556029016272868, 0.00561869529153026, 0.005545280121204657, 0.005407589478450395, 0.005194374367517049, 0.005302414019378325, 0.005270572695641445, 0.005099596307785572, 0.005254581888109352, 0.005186518164523974, 0.005210591219354904, 0.005032720222462043, 0.005384791767436923, 0.005148654836061358, 0.005196438573751347, 0.005206661474265944, 0.005139807132590865, 0.0052063166178544775, 0.005385532814327218, 0.00513722631032101, 0.005505637650412786, 0.00512865222943796, 0.0051540058233923, 0.005142716463108155, 0.005171652934985709, 0.0051901662137393886, 0.005048022310988201, 0.005008892706930182, 0.004970069485884237, 0.005176958535839344, 0.005119545080142659, 0.005123861376345985, 0.0050474122315099295, 0.00504324693663462, 0.005076712862999277, 0.0050608914300701476, 0.005101757237672573, 0.00522948257088269, 0.005144004522701715, 0.005076344681876042, 0.005359805817951754, 0.0050868260260441365, 0.005193915809227081, 0.005180961268029486, 0.00499292307907369, 0.005198657283285443, 0.005063640832952478, 0.004862804290278424, 0.005239913880990917, 0.004996806333354896, 0.004862565110944469, 0.005237575156059083, 0.005456310742473429, 0.004882548958227056, 0.004877922418491013, 0.004868592370668028, 0.005104256555641854, 0.0050113283242218054, 0.004829118745614405, 0.004746394361485982, 0.005002896238158918, 0.004965601673630179, 0.0048944371584078, 0.005013570147511934, 0.00499631023068045, 0.004903022066427065, 0.004906510430072249, 0.00503665884950326, 0.0055707958667512636, 0.004909152810922028, 0.0049233218730875905, 0.00500414091232093, 0.004820883458490726, 0.004793842052942619, 0.00489514311233518, 0.004719961128315303, 0.004780502132807738, 0.004956118020497025, 0.004763945886207498, 0.00468678496007803, 0.004818521843084728, 0.004565526815190485, 0.004792387927041542, 0.004886414994536127, 0.004830554243804816, 0.004884333537709227, 0.0048254005228640035, 0.0045652512811159285, 0.004836677059743454, 0.004659019956247381, 0.0046410374927289165, 0.004624930345221647, 0.00481761906879546, 0.004643849614690637, 0.0046270168235021366, 0.004879854968528093, 0.004696770122962112, 0.004724373251062248, 0.004640000695132564, 0.0045537635742193055, 0.00467368843826729, 0.004644760923621292, 0.0044780081133065155, 0.00456087423494404, 0.004375904286918627, 0.004498786535459637, 0.004607475003861982, 0.0044607371901862055, 0.004598245742328932, 0.004472552041355041, 0.004433514404481732, 0.004493583868558051, 0.004494262850952906, 0.00446527086258778, 0.004639734925093365, 0.004694720117748103, 0.004407440050021862, 0.004342346474095007, 0.004586140062969968, 0.004364810978507364, 0.004346710114025768, 0.004462739312965181, 0.004384394043229336, 0.004360454386349907, 0.0042942467472739665, 0.0044897086376834, 0.004370605592993228, 0.004227558345000577, 0.004265774492713611, 0.004516582715683873, 0.004441997532156163, 0.00417107120928235, 0.004536244568230315, 0.004477743420229064, 0.0042923532608987, 0.004340646403384756, 0.004282355728862158, 0.004880520620418078, 0.004248414639940557, 0.00423069926623621, 0.004181777986878565, 0.004446994096695842, 0.0042694396031356, 0.004598519033380763, 0.003938231760062694, 0.004369877014932386, 0.0040073683874969615, 0.004096448155353641, 0.003993598716274865, 0.004080342113753911, 0.004001076447802166, 0.004165480159770198, 0.004146705421776302, 0.004146432213398519, 0.004081454265258534, 0.0040514875360097595, 0.003887018689846963, 0.004013697232575741, 0.004048505098295314, 0.004025612445158117, 0.003850803322794913, 0.0038929504604054495, 0.003748183096417565, 0.003826077838449871, 0.003790594607583305, 0.003861736578346171, 0.003688773647495684, 0.0037367885645017123, 0.003725835383068406, 0.003808583893822906, 0.0036671039229464954, 0.00352742360588036, 0.0036224520320747035, 0.00356915412976149, 0.003585924352574524, 0.003712456511362197, 0.003515955834097552, 0.003470733394976878, 0.0034703781988225744, 0.0035213104664369023, 0.0034539669954938667, 0.00341046620292465, 0.0034612304706261683, 0.003454971431400638, 0.0033927939873393907, 0.0033364494139699564, 0.003236567512824605, 0.0032693327960161955, 0.003244963524997316, 0.0032469869234377224, 0.003176548883798484, 0.0031708481169238534, 0.00318099331111063, 0.003105385618643447, 0.0031358108082022887, 0.0030876311948730586, 0.0030711575339393182, 0.00303986603882577, 0.0030231955685845802, 0.002966095061722004, 0.0029418666215020764, 0.0029112426835460016, 0.002916447370680611, 0.0029168753179228332, 0.0029494242021179283, 0.0028964820392569203, 0.0028784387698655256, 0.002807987657364285, 0.0027744611701614225, 0.0027977758103004545, 0.002712892497217931, 0.002668273969104312, 0.002624810913816379, 0.002627170187669852, 0.0025566912543599283, 0.002584740411555263, 0.0026059386999435787, 0.002790422775058555, 0.0025459473652900775, 0.0025757682475249875, 0.00251383861156934, 0.0024828476572022968, 0.0024399442806793533, 0.0024330168613045243, 0.0024630926571630493, 0.0023853865023156016, 0.002359708449928538, 0.0023698199763911004, 0.0023384336978491734, 0.002321705262991697, 0.0022985672306228876, 0.002316263380385279, 0.0022585763816239265, 0.0023287815448304406, 0.0022234353758350204, 0.0021871862587234904, 0.00225886184402327, 0.002196057346619831, 0.0021726544007179393, 0.0021467170910203473, 0.0022064153519128406, 0.00212100570683872, 0.0021554305718270743, 0.0021282422205084624, 0.0020830654282389493, 0.002052594654088868, 0.0020227989972702552, 0.002019417780442683, 0.0020188231905485586, 0.001971655401422867, 0.001971550450572342, 0.0019581194671460392, 0.002033347065082927, 0.001960117705658683, 0.0019006887637096652, 0.0019158668114133163, 0.0019158002702671787, 0.0019029543050090281, 0.001836919473878279, 0.0018907835825911423, 0.0018698267239202683, 0.0018580306013352872, 0.0018262843059791921, 0.00183579776464224, 0.0018154880136387027, 0.0018232615418563266, 0.001799442547185004, 0.001761042107877372, 0.0017575596768296111, 0.0017538312637608196, 0.001774243530064295, 0.0017698397480386964, 0.001708779648802316, 0.001705475899048107, 0.0017500776359338328, 0.0017332231222411095, 0.0017273238744574197, 0.0016890026572614224, 0.0016552354819302111, 0.0016973345528441932, 0.001629920446249919, 0.00165323975201412, 0.0016413494935863587, 0.0016346221935847388, 0.001648368497785063, 0.0016285724622364772, 0.0016050687142988467, 0.0016015244905103144, 0.0016735969215378066, 0.0018031642560224455, 0.0016878948397614313, 0.0015465244877736423, 0.0015774641506080696, 0.0015123139171151735, 0.0015341417260679709, 0.0015063354546409771, 0.0015411266244473307, 0.001537315593800821, 0.0015788407486180206, 0.0015106490786572044, 0.0014750622346442282, 0.0014806926606377628, 0.0015433009659956204, 0.0015043868644754289, 0.0014987494247638254, 0.0014441623773043535, 0.001461257052716744, 0.001467059937574662, 0.0014244569279943295, 0.0014227520647767883, 0.0014466271732402577, 0.0014001448600896717, 0.001430161747330169, 0.0014297222045985298, 0.001393379029494331, 0.0013906969567198575, 0.0013608532164238604, 0.0014005338514350644, 0.0014637102097549697, 0.0013873064856351183, 0.001353255064481846, 0.0013565713156025747, 0.0013029045041178745, 0.001372830588438416, 0.0013136624214569572, 0.0013228217006856437, 0.001312003582045631, 0.0013035271019811343, 0.0013030740675401842, 0.001340735328792601, 0.0013007495511558385, 0.0012694201105826872, 0.0012672820757461747, 0.0012627452810665771, 0.0012796188402637604, 0.0013355134131471998, 0.0012740279346925665, 0.0012669300638766473, 0.0012417774576348082, 0.0012592685736414716, 0.0012271900054142914, 0.0012596344358413092, 0.0012675829266725598, 0.0012445242532403268, 0.0012129227413091308, 0.0012144707719095118, 0.0012026090171037263, 0.0012404315742372376, 0.0012114421976810229, 0.0011890421302515454, 0.0012011675930626502, 0.0011834967754456877, 0.0012122441995969042, 0.0011840037378723408, 0.0011683631945411468, 0.0011874204424873185, 0.001161470833560486, 0.0011452069804560735, 0.0011555870531527645, 0.0011675733714359869, 0.0011429743834820037, 0.001166696256812644, 0.0011806649709911576, 0.00115820559388103, 0.0011410245783755341, 0.0011780672944319045, 0.0011293522737980174, 0.0011342247897755608, 0.001099647431949876, 0.001182454251044715, 0.0011785873983995265, 0.0011305806008145003, 0.0011701085245902686, 0.001159054175147881, 0.001135666290099887, 0.0011212735116273977, 0.0011550553965353845, 0.0010802657831311202, 0.0011533299661603603, 0.0010720578468504558, 0.0010849055167714537, 0.0011001488623553482, 0.0010406308343363542, 0.001049938238041354, 0.0010521896789598552, 0.0010872832879108543, 0.001096270750447634, 0.0010395023286913524, 0.0011278587222727174, 0.0010679811882946073, 0.0010645126957509984, 0.0010557125992567073, 0.001066988079621989, 0.0010389086404341027, 0.0010531756027536302, 0.0010225172314773262, 0.0010020768784328093, 0.0010610600021631674, 0.0010179354654029024, 0.00102286765078953, 0.0010441140808323543, 0.0010213331998270242, 0.0010259702927384368, 0.0010646554263794262, 0.0010022499328110346, 0.0010018887165948126, 0.0010169697298014896, 0.0009699352540880897, 0.0009957783780612948, 0.001049204453343907, 0.0009677561916549154, 0.0010228908806289411, 0.000999808073430946, 0.0009863630999962809, 0.0009770004542467997, 0.0009538932265748454, 0.0009672570658575723, 0.000974141135748422, 0.0009568600687140231, 0.0010374037143820907, 0.0009794699233269968, 0.0009413282941846645, 0.0009157784172460208, 0.0009818813171729448, 0.0010032676372147718, 0.0009527901039010134, 0.0009456624584585645, 0.0009570560464610745, 0.0009558634937465852, 0.0009364988707600062, 0.0009393845168258271, 0.0009165280914742454, 0.0009456049218863143, 0.0009226422200910178, 0.0009412545574480464, 0.0009268792369810552, 0.0009283004746076666, 0.0009357385797931637, 0.0009294150916527955, 0.0009303958082969815, 0.0008833369880237605, 0.0009552678124319956, 0.0009274806762528401, 0.0008790246745495431, 0.0008512176831404881, 0.000879990272596493, 0.0009670191717335478, 0.0009038534906892422, 0.0008918511989320712, 0.0009190700865948653, 0.0009053380345885597, 0.0009059936071708906, 0.0008559717218843104, 0.000867979070046317, 0.0008626598943401567, 0.0008266261118654908, 0.000856785013792711, 0.0009124534048968035, 0.0008384703752273255, 0.000838272081391975, 0.0008761500187975714, 0.0008472504188765501, 0.0009197078965917211, 0.000848873598946204, 0.0008312007936900505, 0.0008427997388943171, 0.0008490509266907462, 0.0008245287583605379, 0.0008076839899487091, 0.0008077825820935956, 0.0008555726325676391, 0.000844729671793617, 0.0008274777164311009, 0.0008265018467186139, 0.0008311182029204431, 0.0008346893390645516, 0.000821823874032181, 0.0007921113162106604, 0.0007819745861515124, 0.0008372256419525901, 0.0008125887767314519, 0.0008142298656719085, 0.0007895324503166836, 0.0007726191888282716, 0.0007849607966282135, 0.0007498013305142858, 0.000774881485052916, 0.0007825295375745721, 0.0007552639064152141, 0.0007971419608964404, 0.0007895707193494587, 0.0007965023861449166, 0.0007843652359836858, 0.0007680451212888243, 0.0007720559659848918, 0.0008297105042813776, 0.0008427593928193057, 0.0007855666744140347, 0.0008263498115540048, 0.0007802834409239571, 0.0008010987559751049, 0.0008042590754253595, 0.0007437999139640928, 0.0007740176573878068, 0.0007385012355269103, 0.0007434201197530342, 0.0007564835548986988, 0.0007495346468734391, 0.0007324245582134016, 0.0007679501476741946, 0.000731139649393029, 0.000725892580938122, 0.0007192498979687208, 0.0007283187988659918, 0.0007164053134160609, 0.0014594768499232328, 0.0007406770174385318, 0.0009093036840400932, 0.0008379457028456103, 0.0007377983614830238, 0.0007287444337061224, 0.0007455126653517049, 0.0007666988373230381, 0.0008037862796684499, 0.0007191345343854654, 0.0007094193590345851, 0.0007213763204138162, 0.0007198226065800256, 0.0007235089970504878, 0.0007081504549186546, 0.0007080117476734094, 0.0006879669355471576, 0.0007276069847264307, 0.0007210911878109461, 0.0007512817822969839, 0.0007096497951692966, 0.0006833705868549222, 0.0007216923870719971, 0.0007176877528096751, 0.0007115131356674122, 0.0007136334550689592, 0.0006754743444364785, 0.0006743047737239042, 0.0006735106240704367, 0.0006941149111152467, 0.0006958583659520397, 0.0006961977814778862, 0.0006586274832177433, 0.0007004493301448728, 0.0006810319982864512, 0.0006969517845881707, 0.0006858491253210246, 0.0006550654798560373, 0.0006639825080563956, 0.0008405689140364958, 0.0006906243378465595, 0.0006608240240515595, 0.0006498225147083902, 0.0007020036843576067, 0.0006894175020986576, 0.0007183956897688651, 0.0007162456328180661, 0.0006992873619427821, 0.000671180087168506, 0.0006998595506732223, 0.0007057311084846114, 0.0006881679480986788, 0.0006706704120822763, 0.0006834544436009233, 0.0006709658625302585, 0.0006653202098626487, 0.0006266815830008938, 0.000650655212117018, 0.0006347501621332705, 0.0006432710120688281, 0.0006531343883430954, 0.0006331604202719376, 0.0006426382464580536, 0.0006200785358788133, 0.0006803401918329843, 0.0006918819566101767, 0.0006492256076719243, 0.0006477814709254923, 0.0006148975067223, 0.0006060298775793821, 0.0006318244143768604, 0.0006303478371198668, 0.0006019913245699208, 0.000661628470063337, 0.0006383884665931641, 0.0006248170793123326, 0.0006341132740500222, 0.0006480458300618546, 0.000606816937167908, 0.0005893830359786126, 0.0006612668765953937, 0.0006467020762418624, 0.0006575776344925261, 0.0005873861091655945, 0.0005867417285767157, 0.0006079639223882164, 0.0006294134774288383, 0.0006203705454657202, 0.0006204548794784627, 0.0005995774212027142, 0.0005912182937518802, 0.0005872700613094643, 0.0006119840066400122, 0.0005854791160523647, 0.0005600968534480061, 0.0005680287521637579, 0.0005764479679332975]