Model Setup for Atypical Patient 3:
ITERS=2000
LEARNING_RATE=0.001
OPT_RESET=None
ATOL=1e-05
RTOL=1e-05
METHOD=dopri5
Input channels=2
Hidden channels=32
Output channels=2
Runtime=294.36227583885193
Optimizer=Adam (
Parameter Group 0
    amsgrad: False
    betas: (0.9, 0.999)
    capturable: False
    differentiable: False
    eps: 1e-08
    foreach: None
    fused: None
    lr: 0.001
    maximize: False
    weight_decay: 0
)Loss over time=[2.3098466305977867, 2.2841354955619013, 2.2514637887494042, 2.2287160449634396, 2.188459412078318, 2.161412144111973, 2.1378588646586634, 2.1118214077183013, 2.097700923931931, 2.0666197097456256, 2.0448529550812555, 2.026792235863849, 1.998409815487892, 1.974039054248447, 1.9492206954966882, 1.9232834762617508, 1.9043962840198623, 1.8867303003354399, 1.861638422202523, 1.842280359963656, 1.8350911702818287, 1.8108990687282576, 1.8032407093235754, 1.7733617409536266, 1.7552459812159247, 1.7457886315796705, 1.7293316330764457, 1.7038861107320047, 1.7104959019852588, 1.689382293726552, 1.6684878533470575, 1.643538547251952, 1.6483376209846938, 1.6344699499062871, 1.6077356872253212, 1.6003674694382986, 1.5929871229178472, 1.5741777979913054, 1.5650414036388982, 1.5423711163160474, 1.5489157396822222, 1.5260785497075084, 1.5326222805053467, 1.5072078542209975, 1.5037558752166165, 1.4752352023565558, 1.4888686803983107, 1.4721353301063622, 1.4746492358448713, 1.44745655555025, 1.4532712392916396, 1.4297157891702437, 1.4351753557769558, 1.4104318661959767, 1.4460076261760177, 1.4018126229316794, 1.3824780922628113, 1.3713664308367877, 1.3544546643428932, 1.3551011205811982, 1.3418526252086393, 1.3353164146598233, 1.3220584621135636, 1.3069332409213315, 1.3131228669353676, 1.3006171481223754, 1.2889292029398691, 1.2902983343176642, 1.2710841192921394, 1.2541655128798692, 1.2556982918625978, 1.2514919892667886, 1.238888948076459, 1.226526058042652, 1.2068034158720138, 1.2207405574292618, 1.2036695332909162, 1.1920699489865294, 1.1887750292299801, 1.1936792071795144, 1.161106756797564, 1.1653553327547408, 1.1587569781465654, 1.135088792923614, 1.1386703269733613, 1.231205710573725, 1.123399905671497, 1.1192443911538028, 1.1039837312344625, 1.0999100990813906, 1.0964805846534131, 1.080094261875452, 1.0751632598573861, 1.0687720548445356, 1.0494252744528738, 1.0630172576548569, 1.0345452752069257, 1.0250113962402876, 1.0321351335403584, 1.0268699820240745, 1.0204723486895038, 1.0053287952398413, 1.0064273763699219, 0.9962941696460764, 0.99423553527301, 0.9691709829888372, 0.97069561298288, 0.9704983578687144, 0.9652515374990194, 0.9595210757478392, 0.972985384334158, 0.9644749580560116, 0.9308359221082043, 0.9255170325972386, 0.9267325942293066, 0.907361504557231, 0.9003375296033201, 0.895893523285854, 0.8941210231120716, 0.8839625627849131, 0.8689066630306129, 0.857997515478511, 0.8514410522524656, 0.8569978998542481, 0.8583775088446398, 0.8439752357624354, 0.8354674321089232, 0.8243615002906766, 0.8260425171657768, 0.8149932960172667, 0.8095706025966685, 0.8014688557301466, 0.8027837483439477, 0.8035152451062563, 0.7900906492723063, 0.7769621945041464, 0.7779050725977368, 0.7743335845625154, 0.7637500128956017, 0.763856433963925, 0.7545254324676054, 0.7548051177002594, 0.7493842537306447, 0.7160668259917135, 0.7352141553462517, 0.7286862288245913, 0.7046490347414782, 0.7156337219286985, 0.7103514704331659, 0.7036162588829239, 0.6967070670579966, 0.6987266830884369, 0.6836705608193875, 0.6872755923334257, 0.6744453463757145, 0.6705143363145155, 0.6585018321861607, 0.6585197414229537, 0.6578873665546952, 0.6570966199644297, 0.648074084029507, 0.6430760671134768, 0.629226417268842, 0.6187266331294098, 0.6256614077945662, 0.6247967034729572, 0.6129890047614083, 0.6089686852544184, 0.6050424818019101, 0.5944250507830765, 0.5920509626682641, 0.5838572817409132, 0.5819254781177481, 0.5782879517783428, 0.5764929496711472, 0.5682465297087749, 0.5621255928797609, 0.5582276815782629, 0.5511731634370581, 0.5486412961912098, 0.5396151829467669, 0.5383641069863828, 0.5326690000566557, 0.5298630709092887, 0.5234876447744202, 0.5231886361175483, 0.517212545751574, 0.5109061027262669, 0.502158369951372, 0.4969053666558539, 0.49389601392527993, 0.48595531519869745, 0.4838244358422591, 0.4821681710812014, 0.4790161321888158, 0.47055143444837716, 0.4620020367772803, 0.46528706583631435, 0.4519830576980964, 0.45332622661410227, 0.4498058775480001, 0.4406487807777937, 0.4341042126737617, 0.42867041959811547, 0.42398980385491764, 0.4199682106295256, 0.4192134253504411, 0.4154773651844082, 0.41147596715370405, 0.4020650332034774, 0.4011431893349899, 0.3971405209983621, 0.3911777865892501, 0.38832264798962673, 0.38341371259484186, 0.37786835729460216, 0.37624985259319316, 0.3698899401184013, 0.3670999697889157, 0.3643088725768744, 0.3602955304178988, 0.35919600352263287, 0.35508682133764213, 0.34848924265404174, 0.3464556358472368, 0.34278437741807055, 0.3361659908956747, 0.332389834314522, 0.3269774967185215, 0.32402698109150097, 0.3269522135280742, 0.32265477123615505, 0.3156896422822404, 0.3114741333058518, 0.30714361783514427, 0.3037799031356057, 0.3004748160002088, 0.2965083285701012, 0.29412183797514063, 0.28960538613785786, 0.2884936499520046, 0.28384037931567874, 0.2792462848047351, 0.2777983220224069, 0.27526683230667165, 0.27331382602887005, 0.26719220328844934, 0.26913197715540477, 0.26334736766861017, 0.25955230240861143, 0.2568460961112012, 0.251573440305792, 0.24989583950357777, 0.2472066643015429, 0.24398678770491292, 0.24160185895812647, 0.2393907460487535, 0.23619960012785574, 0.23458220959923734, 0.23064899137423975, 0.22835528836085928, 0.22658671059173835, 0.22484480138843702, 0.22340576839022816, 0.21794093914688767, 0.21594190063876695, 0.2132619902555543, 0.2118455346564353, 0.2085802121590322, 0.20780351656942694, 0.2052513782610295, 0.20217905702142322, 0.19990164600805704, 0.19809205770560326, 0.19443215958827997, 0.19226047629515247, 0.1913452407997548, 0.18861176219883893, 0.18654881491343425, 0.18358347235663225, 0.18219986728078474, 0.1808588240299325, 0.17897718839712462, 0.1773654287918321, 0.1756846820997354, 0.17377693622321863, 0.17046130258868555, 0.16886432864554798, 0.16644465729503524, 0.16438627929409597, 0.162658638636196, 0.16077589850178375, 0.15900702705923786, 0.1565609690260704, 0.15492390677340587, 0.15392371521789364, 0.1518384805513452, 0.15002540129305655, 0.14796421174339325, 0.14648428095056387, 0.14481584126389208, 0.1438906009142958, 0.141361591625738, 0.1399295121102292, 0.13810684737277146, 0.13660259902656635, 0.13514320629277995, 0.13336807166366144, 0.13149930807838792, 0.13074737755493981, 0.13017471187673016, 0.12696250103781143, 0.12525460535586044, 0.12447658766785931, 0.12293621654261676, 0.1214955298466048, 0.12071966573671905, 0.11812848827265912, 0.11703870172356, 0.11544078817928022, 0.11464456896893639, 0.11345078584234351, 0.11181921959351677, 0.11054203410720045, 0.10948002904780033, 0.10813118367364107, 0.10682648323523015, 0.1055840369825142, 0.10408936935405845, 0.10318082530040429, 0.10196175385408353, 0.10106641208200982, 0.09988353558583617, 0.09860643930547554, 0.09770710148080607, 0.09774263411114346, 0.09577618656879833, 0.0942722242959411, 0.09306837539771194, 0.09192022591905863, 0.09115045166485941, 0.09022534014800435, 0.08913270348963431, 0.08802643093654519, 0.08705115941052334, 0.08627350335584684, 0.08536205121444194, 0.08439342133549008, 0.08354052949019088, 0.08240138981891966, 0.08173731021044407, 0.08070685762773731, 0.08005214731350438, 0.07897233711878468, 0.07812591282893426, 0.0773341900476196, 0.07652169932485887, 0.07564693327272809, 0.07497556324047477, 0.07418573812263161, 0.07322224828689837, 0.07316943742738768, 0.07221800749691182, 0.07108382633974569, 0.07025751915916598, 0.06961838299141347, 0.06940458079263957, 0.06820102686544988, 0.06790730595452298, 0.06712292645229813, 0.0666119571758181, 0.06611554123286355, 0.06533709732105081, 0.06444769967120166, 0.0637518656051762, 0.06295410566873559, 0.06256981898430801, 0.06189455440746161, 0.06140676494581387, 0.06092967619587983, 0.06047834887936479, 0.06008865887530371, 0.05945649184864368, 0.05868018354177029, 0.058260410354685606, 0.057932367520087374, 0.057106035419318225, 0.05672042634332337, 0.05634760991239074, 0.05574108033815753, 0.0553161204721383, 0.05486910522834283, 0.054338978965685444, 0.05378691633871706, 0.0537351238913244, 0.052927075102737954, 0.05247933170238361, 0.051467356146284615, 0.051450939778608484, 0.05069513160140555, 0.0504162380280525, 0.049912187533249976, 0.04961714373822266, 0.04892859097757038, 0.04916661470250904, 0.04867003177730227, 0.04841776557600206, 0.04794852517134256, 0.047600683330426954, 0.04698521107168788, 0.04670079522011716, 0.04642407811370497, 0.04630950846508748, 0.045724537138197976, 0.04586682783002763, 0.04501656595554509, 0.04471842445748026, 0.04454556711810351, 0.04438200503842916, 0.044337116159451954, 0.04359079472287477, 0.04307199452495187, 0.042667296955245695, 0.042512941378878635, 0.04255723071231133, 0.04176235246989554, 0.04147697585579242, 0.041649067902508656, 0.04339877475504914, 0.041361643407306144, 0.040383829184040904, 0.040677276959053855, 0.04050673040894233, 0.04009713955669015, 0.03992686043434772, 0.039948639162760737, 0.03940370781978894, 0.038618361118461515, 0.03869778285674825, 0.03876205783618291, 0.038109493714789486, 0.03801033366184994, 0.03785154176059215, 0.037046067996837635, 0.03730962651098721, 0.037023539687585656, 0.03682111970966609, 0.03636729205765361, 0.03608549825705637, 0.0362895836769034, 0.03623193236131003, 0.03562100418915672, 0.03553491188418559, 0.035749735032001975, 0.03522797450409568, 0.034692391341436396, 0.03462016650602415, 0.03460280264857876, 0.03457820405287281, 0.03431812132606842, 0.033967265939839314, 0.03392967026231076, 0.03337395575477619, 0.033351847407472, 0.033103288520716444, 0.03316559195723537, 0.03277863585800283, 0.0328252257404004, 0.03253504729673889, 0.03220908259515849, 0.032100773395228634, 0.03223574960815687, 0.03186832189991198, 0.03152286401642927, 0.031229136571382456, 0.031116948641154718, 0.03130224235577538, 0.030915764488530506, 0.030658340594145808, 0.030401610976427094, 0.030289167639978302, 0.030265711957823318, 0.02994157523807001, 0.030363095968119643, 0.0299176265775401, 0.029683627313104203, 0.029308220434222942, 0.0291827053802534, 0.029047602730373337, 0.028882753701532107, 0.02864082758950222, 0.028816356981772265, 0.028368804806090206, 0.028341712608090593, 0.028057298307823494, 0.028113702876166154, 0.027862793203852168, 0.02763049326460919, 0.027868965688288595, 0.0275108708756017, 0.026986152978496228, 0.027212535960521877, 0.027218615100235568, 0.027071246751968734, 0.02705769130935306, 0.027085419865680613, 0.026722795083369486, 0.02637134545350311, 0.026346680297056904, 0.02651884007158972, 0.026428286432603972, 0.02597555754406393, 0.026178925153111317, 0.02567835388172629, 0.0257177526467138, 0.025620180415387314, 0.025523795891879378, 0.02540897159211374, 0.025275204785225526, 0.025179033224170297, 0.025054954378203653, 0.024915173162361005, 0.02479613679227759, 0.02470000783874909, 0.024589266238182476, 0.024451027419878212, 0.024351821610103897, 0.02422368894871194, 0.02406088457891984, 0.024046401361794093, 0.023852722364056524, 0.023758741809102524, 0.023684680127919674, 0.023472042629449616, 0.02342582014743142, 0.023347743512171146, 0.023184060719937657, 0.023058577221591534, 0.0230350118690712, 0.022900100575205876, 0.022767465133771182, 0.02268579775579764, 0.02269943786729655, 0.02249908228282771, 0.02245204917025989, 0.022308235453690033, 0.022248868121144585, 0.022144048226179523, 0.02202601879255095, 0.02202615830022285, 0.02200735106950848, 0.021831425620487187, 0.021746006320393026, 0.021649846961688042, 0.021529603478426498, 0.021482840565411717, 0.02146248306462022, 0.02138501856702532, 0.021274444682034897, 0.021237903331722655, 0.02115200719390025, 0.021041234002393595, 0.02101032667751745, 0.020866857858770585, 0.020911687665081998, 0.020761035797359596, 0.02065206510578405, 0.02055970110096097, 0.020453189615924475, 0.020420943526746945, 0.020287008881179083, 0.020161644198962266, 0.0202339748099626, 0.02010079322669352, 0.019948947173336243, 0.019985204080231703, 0.01981833565935405, 0.019736746745194177, 0.019642441043228525, 0.01956810957404272, 0.019447058541425918, 0.01950807506651186, 0.0194179747361217, 0.019333570024586008, 0.019264992982092565, 0.019163380163699353, 0.01911912162087033, 0.0190543923805919, 0.019020049664664376, 0.018878053294832074, 0.018822791079845996, 0.018773286258863018, 0.018695186597503025, 0.018603855104578945, 0.018531830415988118, 0.0184638891219944, 0.01848920077296695, 0.018495719039810735, 0.018421020536425955, 0.01835251845737515, 0.018331209101318503, 0.018257694156984475, 0.018177618352096192, 0.018054824317784532, 0.018023484837775775, 0.0179106060116571, 0.017868408912671472, 0.01780460159872456, 0.01774039607407876, 0.01767278098021112, 0.017645492476027376, 0.017544938016793094, 0.01754136215255646, 0.017494184110881158, 0.017385118399199487, 0.017316662892801947, 0.017347716601604838, 0.0173749952193421, 0.017242072866940607, 0.01714495747248186, 0.017145006093404982, 0.01708785030145512, 0.017052614902162064, 0.017036303479615603, 0.01688730226110543, 0.016889761728904565, 0.0168625450133428, 0.016797407194330014, 0.016650498390185557, 0.01675486093332534, 0.01699024589979682, 0.016616536914277034, 0.016500217184842837, 0.016499814240512792, 0.016484884431861895, 0.01633440213279875, 0.01631875549797147, 0.016391015386932835, 0.01628971797562933, 0.016335661164560922, 0.016164797064086342, 0.01611975125459843, 0.01604518369091001, 0.015906646745042163, 0.015870340961965494, 0.015857021802803226, 0.01581572202417447, 0.01577577091641155, 0.015728722013147723, 0.015660246738623127, 0.015632821457945825, 0.015597777533315512, 0.015489024051226874, 0.015422217595575398, 0.01542663888454393, 0.015377192588939676, 0.015301647983501305, 0.015255562759397474, 0.015248782147138686, 0.01521054178577669, 0.01517476714190466, 0.015113067742728987, 0.015024823245413856, 0.014986985011304521, 0.014933227906859258, 0.014898077721563064, 0.014788749730383532, 0.014753522990630203, 0.014681754860066705, 0.014658901058674161, 0.014600381207738962, 0.014536957729466877, 0.014406656472123058, 0.01437324903545104, 0.01436553028709059, 0.014288492270975185, 0.014135771477515872, 0.014145879910632979, 0.014025274999608373, 0.013849693611788285, 0.013817208336863418, 0.01366912919661411, 0.013473871145888635, 0.013364846492133521, 0.013293405229363602, 0.013071331165156885, 0.012911737295009086, 0.012668245172267266, 0.012232023449272883, 0.012088681074158043, 0.011774352566058716, 0.011334161196117017, 0.011168228122289332, 0.010557749292998735, 0.010218001430855203, 0.009851472440509382, 0.009219408155599906, 0.009012419572868595, 0.00871232031329899, 0.008674096260973768, 0.008283232209185903, 0.00803627383704979, 0.008009053534506701, 0.007916247705221086, 0.007865908363651815, 0.00794707267379512, 0.008057867361219386, 0.007685573081096025, 0.0080362035427712, 0.007518471994023515, 0.007797209577856686, 0.007571508746185948, 0.007406124470057813, 0.0075114255399717665, 0.007277892640687964, 0.00699122998144422, 0.006869050427233617, 0.00710134770086962, 0.006732083954629383, 0.006624917997152507, 0.006400485031639513, 0.006226276617585903, 0.0063801744600735155, 0.006329456354387184, 0.006273920408581823, 0.006176020556439638, 0.006190656931757352, 0.006188923919530704, 0.006184257854868883, 0.00611762702970314, 0.0059535740453748485, 0.005917565897711099, 0.005732736848836684, 0.005649725184843838, 0.005626980272667531, 0.005424584831558976, 0.005245162070567502, 0.005346675841874405, 0.005272189184711924, 0.005311801529101262, 0.005421111669366796, 0.004957856032965532, 0.005101103069066273, 0.004982920041562339, 0.004851265750783565, 0.004964652194593778, 0.00460587901285223, 0.004856619112975496, 0.004787704971015501, 0.004657906074275281, 0.004513751420940692, 0.004513318221888643, 0.004783150836007803, 0.004549460485845805, 0.004436961147699066, 0.0042001527160811895, 0.004294888120834983, 0.004180708690928591, 0.003957859459967805, 0.004164594833943613, 0.004008355683201576, 0.003964505407346248, 0.004006303061063713, 0.0037522652000675856, 0.0041211106127832485, 0.0039410561009808566, 0.003985894629498959, 0.003930037223887948, 0.0035028071226695682, 0.0036950720298684027, 0.00361686121861249, 0.003529816281115779, 0.0034386121421405794, 0.0032438079852140883, 0.003225047458096368, 0.0033587179221603257, 0.0033639103732536727, 0.0033471548007849112, 0.0031397911037011755, 0.0031226245776396363, 0.003038937162039078, 0.003092065052372847, 0.003060686310202859, 0.0032188963056688944, 0.0029917484971919376, 0.003120774112995439, 0.002988313324613845, 0.002866923731709087, 0.002834677434429894, 0.0027931357170424584, 0.0026603323710842727, 0.002620832374327271, 0.002759813558539948, 0.0026659681122159426, 0.0026189140420604467, 0.002524643341726886, 0.0026894923059955366, 0.002405798848790899, 0.002451868443242405, 0.0023310519776903525, 0.002393418164624239, 0.002309829070203498, 0.0022807352313589184, 0.002192115981898116, 0.0021707027847154823, 0.002223481414473066, 0.0023077938006879433, 0.002061660657915896, 0.0020755083602860287, 0.002084652701324678, 0.001975900479844343, 0.001950498694789136, 0.0019198933683983752, 0.001910877572986052, 0.0018682900579315835, 0.0017983951686706553, 0.0017849075457188326, 0.001758169986220985, 0.0016849919902780447, 0.0017117773681513389, 0.0016488154317482392, 0.0016399487603038848, 0.0016175370139824387, 0.0016143696286004172, 0.0016010740155578186, 0.0015171992450350904, 0.001524586021537589, 0.0015484580008589045, 0.0015201311203574637, 0.0015706644788123772, 0.0014934850197284328, 0.0014059691812841667, 0.0013722469691275232, 0.0014016021487922288, 0.0013980485061014585, 0.0013805366514098082, 0.0013390007487863588, 0.001334994385695002, 0.0013242403729023672, 0.001338134963968775, 0.0012856806189874574, 0.0013897458962355684, 0.0012768386626474653, 0.0012035516242631947, 0.0011942364754749016, 0.0011892018974334674, 0.0009736952817238653, 0.0013222850603933438, 0.0010924642525319257, 0.001003069789478495, 0.0009954302977833865, 0.0009501657567125272, 0.0008791079159023075, 0.0010154881246718268, 0.0009911452065010722, 0.001018696087434553, 0.0009705785006398449, 0.0009106864234882276, 0.0008761718117087322, 0.0010464231601049626, 0.0008976850079011528, 0.000866632354646103, 0.0008676256485804277, 0.0008111861008502478, 0.0007782457981547812, 0.0008198020495002047, 0.0007472101834324247, 0.0007617700737994836, 0.0007409952386300819, 0.0007505475276601381, 0.0007432181483706143, 0.0006824017287756118, 0.000762945432645983, 0.0006345520574179423, 0.000664531880319922, 0.0005857915125722312, 0.0005747905263935995, 0.0006058933782240841, 0.0005826091858684333, 0.0006228295295297605, 0.0005262638652651173, 0.0005908441169962495, 0.0005142536589328668, 0.0005047620317551314, 0.0004737349940807873, 0.0004593321944055609, 0.0005386733686697782, 0.000535997843506932, 0.0005181445684587064, 0.0004840444031322341, 0.0004952676183261514, 0.00046459597596256656, 0.00048427150122690664, 0.0004325839537197101, 0.0004881594477527713, 0.0004841015636093756, 0.00042768358327612574, 0.00049496130822861, 0.0004950366340907898, 0.0004405919306005203, 0.0004935412190239389, 0.00041536957300895416, 0.00043816189717221267, 0.000511565778420481, 0.0004307545883376266, 0.0004176982688431603, 0.0004262012194677919, 0.000431192352053442, 0.0004130067672651784, 0.00036369911855505915, 0.00034754258589492356, 0.00036545834712438033, 0.00040464081022989923, 0.00041514299006323476, 0.00039519414458705844, 0.0003944326170011335, 0.0004032051135368158, 0.00042677159679634866, 0.0003827709920335253, 0.000355823218143872, 0.0003537105965213166, 0.0003556437116176866, 0.0003548099108350023, 0.0003509606028582087, 0.00036187052498754625, 0.0003329185791128639, 0.00035608161139695277, 0.00033540939573257215, 0.0003725657208620654, 0.00032067785779798787, 0.0003243297033761873, 0.00034057346495875265, 0.000353777605937412, 0.00035393874001365386, 0.0003560628854310717, 0.00031280444831081016, 0.00036161851306655795, 0.0003273183532203573, 0.00031901862017472306, 0.00030973692023719175, 0.0003083708246811654, 0.00031542527146658005, 0.00035189043257079455, 0.0003026011385442687, 0.00029970870780192464, 0.0003093034894880947, 0.0003444880277660993, 0.00032117428910412993, 0.0003281827207501592, 0.0003069134868915604, 0.0003179595820594395, 0.00035654141826398024, 0.0003055446025298171, 0.0003229492248447212, 0.0003166289675638797, 0.0003173055728220506, 0.0003151219607638468, 0.00031502391281839807, 0.0003039548180021517, 0.0002986759176362383, 0.0003005602761855408, 0.0003156739433117591, 0.0003185497088117018, 0.0002984712926646835, 0.0002932405695756854, 0.0003001587459252193, 0.0002909186383385729, 0.00028996430157111094, 0.00029235458351402154, 0.0002915419543677289, 0.0002890037310278586, 0.00030096317306382375, 0.0002837335895435573, 0.00028862184316348155, 0.00029064149678451105, 0.0002964877932472562, 0.00028081264719622697, 0.0002865746858832347, 0.0002868385255333506, 0.0002889299642175398, 0.000279200512257937, 0.00028869162042446456, 0.00028106568793356205, 0.0002853992128465642, 0.00027836219477160254, 0.00026782883687203246, 0.00027661400712501445, 0.0002856916348629801, 0.0002733958871053754, 0.00030968691106743, 0.0002794745598306019, 0.0002804348125532878, 0.0002748303941169763, 0.0002818007660325865, 0.00028811107255595806, 0.00028193938156329267, 0.0003082188542500033, 0.00027991730423901904, 0.00027647567259644077, 0.0002754148116658622, 0.0002860180240497201, 0.0002751495487585805, 0.00027895083504738625, 0.00030987683165421896, 0.00029756393002962063, 0.00028727584034222124, 0.00027811372959438824, 0.00027698878258937783, 0.00026729771101094283, 0.00028239876877538954, 0.0002695031273157693, 0.0002662069997898012, 0.0002890582450610577, 0.00026765588455805647, 0.00029837104527403145, 0.00027205158951501665, 0.00027328508492919915, 0.00027519722818886296, 0.000275176645795141, 0.00028689684402616013, 0.0002972520898357788, 0.0002904475808050112, 0.0002782214310772595, 0.00028886800031817324, 0.00025721623463160077, 0.0006241132724598115, 0.0002654128987484895, 0.0002652544694094375, 0.0002807488929326065, 0.0002796952972355685, 0.0002784945676560164, 0.0002720994292476717, 0.00027090272406069335, 0.00027290099308816614, 0.00034576436687904204, 0.0002848500921319701, 0.0002612643193883787, 0.00028219378447053457, 0.00027478263780848094, 0.0002619293269395779, 0.0002553908038771677, 0.00027816481883353273, 0.0002766453112477289, 0.0002786268638817502, 0.0002686079222406887, 0.00027660218596954123, 0.0002662206022458677, 0.0002796962944008436, 0.0002626496119959571, 0.00028731189381789074, 0.000264448776688117, 0.0003156921376048529, 0.0002574378790539116, 0.0002841941707328673, 0.00028794478990837633, 0.00025133083027982847, 0.0002612868204641003, 0.0002610431333521405, 0.0002705917068499451, 0.0002682390808060799, 0.00025757698309955416, 0.00026053616477734635, 0.00025979167547063184, 0.0002669184876680623, 0.00027734544932707497, 0.0002616928743114273, 0.00024373216012645103, 0.00025062079832535207, 0.00028732101545016084, 0.00026381485934022525, 0.00025221429228142514, 0.00024769369739213065, 0.0002608231041803617, 0.000254654244056427, 0.0002543311208409367, 0.0002622849029727119, 0.0002933195386160912, 0.00025687966848759384, 0.00024860124911616605, 0.0002575820216069691, 0.00025191028006522486, 0.00025102818697791864, 0.00024827844845824607, 0.000252486701560902, 0.0002442326220880604, 0.0002619680279361583, 0.00025634418565045983, 0.00025639658136214515, 0.00025418335994437926, 0.00025060797416021465, 0.0002454827369597548, 0.0002726504220220752, 0.0002446905939426161, 0.0002575010565638182, 0.0002547858112872095, 0.00024717637528551354, 0.00024034565773949497, 0.00023972701257461026, 0.0002516906949941766, 0.00023840265042371226, 0.0002798798452239749, 0.00027291598236778514, 0.00025223890579196737, 0.0002415515604962265, 0.0002692635562329334, 0.0002440609743893073, 0.0002548402819323324, 0.00023961579366879783, 0.00023768350386893337, 0.0002524052134655901, 0.0002471448342699075, 0.0002417673167528016, 0.0002411910067220283, 0.0002322727052874728, 0.000244986864933814, 0.00026301894728785933, 0.00024372958989532254, 0.0002456219090184695, 0.00023732181497389157, 0.00027069613332962724, 0.00025308101846711987, 0.0002761926622771135, 0.000272726007624454, 0.0002464208197270847, 0.00024240438197976246, 0.00024668043648629897, 0.00025695971740237553, 0.00024278432472911663, 0.00023413311932595258, 0.0002589199371325387, 0.00024399446170463387, 0.00026589785405813717, 0.00025364575157109365, 0.00023003215109726257, 0.00023175276655680813, 0.0002353307337920165, 0.000236848605421778, 0.00023262572489834036, 0.0002282197850401071, 0.00024693903609211926, 0.00023165541117571445, 0.0002441293172013646, 0.0002465246153997669, 0.00024089342547805966, 0.00024760606204895814, 0.00023684710809666366, 0.00023026919614961222, 0.00023342237034731857, 0.0002327228181148921, 0.00023873915240983258, 0.00023691568485754877, 0.00023520459769106397, 0.0002388997624832876, 0.00022625091444666254, 0.00023152964959207727, 0.0002396590027792752, 0.00023335039093338786, 0.00025246087507570583, 0.00022394263929634343, 0.00022663270519067267, 0.00026328096734491827, 0.00024178057186740364, 0.00022586268018120724, 0.00023510846165103515, 0.00025544251054897656, 0.00024078865926456742, 0.0002257114804238614, 0.00022324640118854606, 0.00022985724888200415, 0.00022659424957669855, 0.00024347332231205253, 0.00022758532736357978, 0.00023737151374673737, 0.00022758173611374995, 0.00022450653616556246, 0.00022053120600181052, 0.00022118091427945615, 0.00021939135525628624, 0.00022329778018657755, 0.00022921016937031615, 0.00022894084364946432, 0.00023604154740751711, 0.00022724643428211614, 0.0002229310613176167, 0.00022517739236667668, 0.00023890401846814172, 0.00021776959465448853, 0.00022926028737591282, 0.00022555375911083094, 0.000245753630623466, 0.0002289900323050686, 0.0002210407646063667, 0.00022625658823992157, 0.00026004619585096684, 0.00022560580733599215, 0.00023557053441441894, 0.00022652458224799174, 0.00022369608940501324, 0.00022554542085993242, 0.00022495441247516768, 0.0002383530064284014, 0.00022893031203947918, 0.0002445495937362127, 0.0002478826487613136, 0.00022279431555639545, 0.0002443884301218675, 0.00023722694429746907, 0.00021904339011903165, 0.0002193884251186014, 0.00023123632723514697, 0.00021740228611472797, 0.00025216335185759034, 0.00022480672711113687, 0.00022270724902268436, 0.0002187290557273147, 0.00023231500711541636, 0.00024199844339744563, 0.00023913620679542216, 0.00021800438844744464, 0.0002229981486772388, 0.00022534332670126297, 0.00022370812628755545, 0.00023281354830495578, 0.00023111158585099932, 0.00025487101862106914, 0.00021805991485198572, 0.0002181652582520233, 0.00023219127599939885, 0.00021311025448102455, 0.00021697038193732343, 0.00022180289179079245, 0.00021264359843571585, 0.0002166911316301203, 0.00021000772466024396, 0.00021088347684018329, 0.00022321040555498326, 0.00022201045445365225, 0.00021326419644355463, 0.00021749274998233067, 0.0002341934166206431, 0.00021814947806066316, 0.0002094607376506699, 0.00023674300371227808, 0.00021886528765329157, 0.00022748873392543096, 0.0002267208641067089, 0.000206038732059473, 0.00021702019430068766, 0.00021918640746519034, 0.00022270244569004986, 0.00021038421708331333, 0.00020419285363934144, 0.00020514612928702829, 0.00020753479203517182, 0.0002060336781587493, 0.00022922432654986266, 0.00021333317973929337, 0.00022742005344028783, 0.00021254579823035613, 0.00022746615071552552, 0.00022150143735188873, 0.00021780643511624771, 0.00020360665589011943, 0.00020465173544007912, 0.0002171770213802857, 0.0002288031410968066, 0.00020696786918033246, 0.00021293259739930387, 0.0002028124821408753, 0.00023548352382597187, 0.0002362686677694381, 0.0002075924256318482, 0.00020694060010381142, 0.00023017409647244864, 0.00021043331087498694, 0.00021091200370757055, 0.00021552075344751377, 0.00021818657505137516, 0.00020963935676949764, 0.0002236293127403841, 0.00021041040123750542, 0.00020571110519691828, 0.0002011811851232945, 0.00021046662917938234, 0.00021918274322749802, 0.00022018183470819675, 0.00020535625592352097, 0.00020441147283680272, 0.00022029539478650475, 0.00020665305772250676, 0.00020924135343798725, 0.0002479651643292737, 0.00021413860599557935, 0.0002139088670554937, 0.00020073353342124926, 0.00022733539073656415, 0.00020605029892684472, 0.0002072768565022879, 0.00021133438000036712, 0.0002159690983044662, 0.00020898112955103362, 0.0002131535424561306, 0.00022568360491861708, 0.0002208383752558421, 0.0002081036481969975, 0.00022822331275182902, 0.000215151389469457, 0.00020360340742545685, 0.0001957173955771738, 0.00024704688916368876, 0.00019912237019169773, 0.00021092818088408132, 0.00023778247240721065, 0.00019667463196662834, 0.0002015104015007101, 0.00020086427720973998, 0.00020297555219273984, 0.00020222856347165168, 0.0002043264003948132, 0.00020905076811770053, 0.0002013973299392571, 0.00021419723324533305, 0.00020359601857921012, 0.00020071110726300995, 0.00020160181704265086, 0.00019678591882413415, 0.0002002824318916807, 0.0002121569073259534, 0.00019612961574000414, 0.00020623389934144588, 0.00019527176446717628, 0.0001979236151233903, 0.0002031926450476977, 0.0002004276906993727, 0.00020197990065033242, 0.00019631937637621096, 0.00019907763801327294, 0.0002009607680306289, 0.00020943339791536483, 0.0001992171810686243, 0.0001977115216170654, 0.0002165319887818964, 0.00019248159451697703, 0.00021396715676783335, 0.00019512832044405598, 0.00019692463434215342, 0.00020071567893304124, 0.00021286238023547215, 0.00022890836195259626, 0.0001921804740916591, 0.00019281734792266005, 0.00019028146445778537, 0.0002013646216786697, 0.0001965473623564775, 0.00019493196671147137, 0.0002045217096556245, 0.0001911785651811231, 0.0002012082150926687, 0.00019358762815001936, 0.00019562221690411924, 0.0001994508774801124, 0.00019665793604482296, 0.0001893296288576266, 0.00019087003728725005, 0.00019962914801425384, 0.0002051653986317411, 0.00020086206009126983, 0.00019884158266584025, 0.00020510192708679371, 0.0001988713702982805, 0.00020960295559533895, 0.00019173825931857022, 0.00019073390908810967, 0.00021004117086591279, 0.00018916186730953105, 0.00018720463124985434, 0.00020673998219395207, 0.00019765790764272864, 0.0001878813582844617, 0.00020180370034207217, 0.00019049925741003055, 0.00018888586986540252, 0.00019084975119575338, 0.0001911056126618648, 0.00019207420910916494, 0.00019122789702717238, 0.00018738991070512973, 0.0001951551437395127, 0.0002021769960655603, 0.000198871592275239, 0.00021232694531198278, 0.00018844053409939487, 0.00019081734990570145, 0.00021383091396330494, 0.0001863704037056391, 0.00019073389187755041, 0.0002066977944250158, 0.00021687393719247613, 0.00022262283014990803, 0.00018476824006593849, 0.00019076207397465399, 0.0001898704792639297, 0.00018564610323964947, 0.00018536799934505132, 0.00018269811495049296, 0.00022897423369853704, 0.0002001657405983624, 0.00019577224130221273, 0.0001847697243070835, 0.0001862520957754919, 0.000190248093669536, 0.00019569519307774692, 0.00018498353176709268, 0.00018626914710870873, 0.00018877461980230597, 0.000188651219255908, 0.00019232930956970297, 0.0002091129430602652, 0.00019329893223448005, 0.00018792114963451633, 0.0001837330944383374, 0.0001903668662354989, 0.00019304531554134428, 0.0001908944259608629, 0.00019245006844907238, 0.00019880837190996493, 0.0001904129430768132, 0.0001962667551099865, 0.0001868714296185036, 0.00017991692604043535, 0.00018361505606799772, 0.00019518595269066592, 0.00019484727049673767, 0.0001928765514163344, 0.00020494556102939468, 0.00020135896545689307, 0.00020776572492318807, 0.00018968652294385464, 0.00018323114369595136, 0.0001990389676998873, 0.0001888024526541576, 0.00019163326537019343, 0.00021360596202160757, 0.00019587531011921541, 0.0001813606740864931, 0.00019753070383524832, 0.00019041037021123646, 0.00017983919389896063, 0.00018325054030063565, 0.00022160503205384798, 0.00019469773411416263, 0.0002086066023394808, 0.00019369141906062416, 0.00017863999651462025, 0.00018519791984823513, 0.0002007931320753174, 0.00018577087351231468, 0.0001841540905513176, 0.00019522584071496207, 0.0002006173549769324, 0.00019213225761796827, 0.00018229146490598896, 0.0001908866351390949, 0.00018156922788864805, 0.00018923188592970022, 0.0001780734823843928, 0.0001853717441236631, 0.0002258648424152684, 0.0001873125313930164, 0.00018266452960460312, 0.00019955772403246267, 0.00020291342915978807, 0.00020912731652185612, 0.00017721588109233886, 0.00019381897366003593, 0.0001911592239388155, 0.00018288231076079827, 0.00017883015694900628, 0.00019738024830298322, 0.00018011982908196464, 0.00019391055144838508, 0.0001852734017424599, 0.00018692252005648308, 0.00017607619823016451, 0.00018477466842813504, 0.00018348194722305486, 0.00018306767948297702, 0.00019495575002176108, 0.00018663969993197078, 0.0001779351845333558, 0.00019200100740233113, 0.00018201820589085066, 0.0001859888057697542, 0.00017429447074128362, 0.00021157523049478044, 0.00020542636657257382, 0.00018116547980004296, 0.0001808898879469517, 0.00018354113809997938, 0.00018135139108872285, 0.00017691597297317535, 0.00017986164919717336, 0.00021387496455771754, 0.00018177077605020797, 0.0001817951614515756, 0.00018557442465492015, 0.0001863157731404568, 0.00018908046117440726, 0.00019406020741437655, 0.00020055752307155896, 0.0001916612829732784, 0.00017399270293748097, 0.0001879364714181313, 0.00018923554555511934, 0.00019355878547457487, 0.0001774362355728922, 0.00018233923427115708, 0.000192516342982409, 0.00017612554748193613, 0.00017654445748340272, 0.00018571050904563866, 0.00017686303295070836, 0.00018100233379970442, 0.0001797923089709647, 0.00017754999021918008, 0.0001794873458619315, 0.00017693814066570916, 0.00017064890468972659, 0.00017485728354217276, 0.00019005544586722442, 0.00019378897568207528, 0.0001789483821595308, 0.0001902006087166187, 0.00017607086156466446, 0.0001751532830030886, 0.00018359664043495865, 0.00018320665153355537, 0.00019128285580463655, 0.00018782972596017032, 0.00018185377736492598, 0.00020175544040110718, 0.00017560822591659536, 0.0001744809532622417, 0.00018290832725166868, 0.00017646315840871748, 0.00018271102600824938, 0.00020288812066059767, 0.0001888042145403391, 0.00018769394973539822, 0.0001757611314437152, 0.00018840284909638929, 0.0001729383998191975, 0.00017321065466283038, 0.00018559386381338926, 0.0001892373685325704, 0.00017579342927308923, 0.00018659538690298067, 0.0001809355832415548, 0.00017661369066267597, 0.00019687933185718728, 0.00019304596784169156, 0.00017545133520904647, 0.00018010880760478237, 0.00018211463563967123, 0.00017162971056518004, 0.00018230046540553544, 0.00018263109870409803, 0.0001785101929300469, 0.00017634009174409603, 0.0001840276608491554, 0.00018497888062027657, 0.00018664755982150091, 0.00025692738499533244, 0.00017187515104258877, 0.00020926224303451462, 0.0001915084489942334, 0.00017978425994036898, 0.00018705502641372767, 0.00019199273559238435, 0.00018154077292649107, 0.0001819557244605219, 0.00018064173280329222, 0.00016923439246627393, 0.00018341300099413633, 0.0001801285281604627, 0.00017667268996786228, 0.0001806753578651975, 0.00016977516370406703, 0.00017950983252555057, 0.00022133286205748708, 0.0001951940003039005, 0.00018816393285481792, 0.00017621415469094747, 0.00017153468103219674, 0.00018267366833532098, 0.0001773980685276401, 0.00017380030859431622, 0.00017471792035322328, 0.00017064498591709117, 0.00017945201957321268, 0.00017718538947312877, 0.0001745976127930011, 0.00017237749773885453, 0.0001873020646928054, 0.0001788020254475116, 0.00016770548885577694, 0.00018520714975595094, 0.0001734790243149505, 0.0001857305652052872, 0.00017235058816104376, 0.00017277601041602771, 0.00017853457687702181, 0.0001724408030177447, 0.00017622568867015672, 0.0001737328777360395, 0.0001687526858468759, 0.00016781297766352396, 0.00016789151481533198, 0.00017074607171950674, 0.00020490272653192744, 0.00017795589958132242, 0.00016892763665207915, 0.0001895519307877659, 0.0001733722146175895, 0.0001649895045867306, 0.00017052030131756366, 0.000171134429057562, 0.00017016106018642924, 0.00016898523002748992, 0.00017288744168696311, 0.00016667238355374725, 0.0001816463538669589, 0.00016482566931545596, 0.00017168409128927921, 0.0001801155789947523, 0.00016759353561921536, 0.0001727748798066774, 0.00017273840333915035, 0.00016877496471410884, 0.00018359867095305322, 0.00016764001648148492, 0.0001676010505192565, 0.00020027844299165892, 0.00016879877286352072, 0.00017254996471702006, 0.0001926744565876189, 0.00016361897664358778, 0.0002029557984266683, 0.00019076182132870517, 0.00017490921803389216, 0.00018797458797348185, 0.00017815801346112635, 0.00016288173494897898, 0.000178304522340194, 0.00018072547307368324, 0.00016713620987364195, 0.00018746486459783176, 0.00016491154072214673, 0.00016146463757969902, 0.000172964669911401, 0.00017489249283120332, 0.00017113438172600438, 0.00017220666710498808, 0.0001629306111673846, 0.0001637912063769517, 0.00019518825874874468, 0.0001669916249736369, 0.00017528357069556745, 0.00016694890657651938, 0.0001623824107322905, 0.00016379580575656276, 0.00017612386346343536, 0.0002103894763101569, 0.00016840340563373116, 0.00017657221528898716, 0.00016519479628767034, 0.00018863472642936883, 0.0001603443625315053, 0.00016611212769341527, 0.00019496687665425844, 0.0001972111137285894, 0.00017460047175740044, 0.0001597191569016904, 0.00016600494279656746, 0.00018864413756146782, 0.00017741964368627974, 0.0001799080579021173, 0.00017208279325708504, 0.0001669893592293572, 0.0001706558875318802, 0.00016125285279328436, 0.00017647705274404215, 0.00017398280907771494, 0.00016236389155554947, 0.00017352270757355133, 0.00017434853439286338, 0.00016685284246398306, 0.00017299962220823048, 0.00016323191754117825, 0.00016702437153504, 0.00016822502885195607, 0.00017421695986460518, 0.0001636789026012642, 0.00016448996255888208, 0.00016216354331541878, 0.00016630144997519636, 0.00016980268535884892, 0.00016770366611716759, 0.0001629375068884391, 0.00015685822245765972, 0.00016012994340198672, 0.00015725923154976876, 0.00017636492301579645, 0.00016620700198366063, 0.00021260509486317373, 0.00015948486940172956, 0.00016659605455922108, 0.00017110759165484495, 0.00016678845621216385, 0.000169030097697467, 0.00018048197486477506, 0.00016884565713100468, 0.0001685884167518374, 0.00015803618059521813, 0.00016359199823050787, 0.0001595228038923105, 0.0001593498242810196, 0.00016893052980771958, 0.00016183255069644137, 0.00017231422372882474, 0.0001776439312689627, 0.00016209159118361425, 0.00016333102902952101, 0.00015790009934944126, 0.0001719128496562877, 0.0002168894952216514, 0.00016308390522711493, 0.00015789073602185687, 0.00017255616314526434, 0.0001658369616007102, 0.00017004309118772944, 0.00016599180780572017, 0.00017998088350823364, 0.00019935126745509104, 0.0001643849696721366, 0.00015788865315120753, 0.00016569086880440875, 0.00016483997139985485, 0.00017781770936788787, 0.00017256618128241017, 0.0001609769449657063, 0.0001614555965849765, 0.00016409295662419095, 0.00016621650909428136, 0.00020671463338311032, 0.00016319280680266105, 0.000174465738079057, 0.00016263689705550282, 0.0001636315898361037, 0.000159180284089333, 0.00017532437595769632, 0.000158395655884978, 0.00016029041869831064, 0.000160463205675552, 0.00015398751591278457, 0.00018381565370357265, 0.00016009802723094914, 0.00016464746004722007, 0.00015986521889735036, 0.00015786436804073042, 0.00016066259709008509, 0.00015389047488958586, 0.0001579204234272696, 0.0001606947055037799, 0.00016693496487435883, 0.0001577907940596085, 0.000163869362755276, 0.00017066819632429283, 0.00016310084218758373, 0.00015761645255029166, 0.0001654915368400371, 0.00019064206112433146, 0.00017065187498189362, 0.00016016237705857093, 0.00016267068899744524, 0.0001605997501505528, 0.0001594895845901988, 0.00016285844071084858, 0.00016103140276970895, 0.00016737686655685227, 0.00015737514335789117, 0.00017505977253591822, 0.0001603602789772126, 0.00015316379733083642, 0.0001607650412211251, 0.00016938316212780847, 0.00015949077965102056, 0.00015981756633298976, 0.00015835914910249173, 0.00017173425672938893, 0.0001577960756877773, 0.00015981996086195644, 0.00015355256899226018, 0.00018084580616581445, 0.00016452446096009357, 0.0001604587975344526, 0.00016079373606867512, 0.00015822445163112472, 0.00015550546105574882, 0.0001530951087841291, 0.0001608198642295148, 0.00015960323802101503, 0.00015862586847135917, 0.00015939309972964126, 0.00017206208133145392, 0.00016960881336123247, 0.00016028578826661314, 0.00016918989462915478, 0.00016073847345149904, 0.00019971624396158095, 0.00015840699273996105, 0.00015196573068878533, 0.00015250814957629833, 0.00015420764002382805, 0.00016570409740429237, 0.0001577700784367069, 0.0001618993720501671, 0.00016648742805987544, 0.00016416162084770304, 0.00016595357283724643, 0.0001648188626853399, 0.00015453880066344656, 0.0001619160500142604, 0.0001544514893945137, 0.00016197649083669, 0.00016179506684088003, 0.00016666627963159858, 0.00016124786930633416, 0.00015611043865503864, 0.0001576123102992543, 0.00015736189077885266, 0.00015167624436997394, 0.0001885972048302536, 0.00016353998089172728, 0.00015995496611781636, 0.0001598314781103393, 0.0001563720746130506, 0.00016697809781516837, 0.00015746821039651005, 0.00017115839438056342, 0.00019213109529365012, 0.00017044517589043337, 0.0001947112055257316, 0.00015340984624297204, 0.0001554926604667053, 0.00015221550512191075, 0.00017116894871698388, 0.0001608084191579591, 0.0001614767221501868, 0.0001920216791049231, 0.00016327646867261774, 0.00016446608789563038, 0.00015279990155876347, 0.00016753659076255162, 0.0001575143282394718, 0.00016608064423148525, 0.0001577632028514516, 0.0001537718323685001, 0.0001574821850095743, 0.0001598929209302346, 0.00015595676637706124, 0.0001538962306460509, 0.00015768470419488193, 0.0001572745708051049, 0.00015898585091991127, 0.00016014702388118666, 0.00015296941747206644, 0.0001604149998910857, 0.00014997565431488908, 0.00015587975576492597, 0.00014801061913513803, 0.00014852412055419564, 0.00015912279685767973, 0.00015441657896596208, 0.00015507300672119276, 0.00015527162840725167, 0.00015126239949170555, 0.00014666034117143386, 0.00015000088666638153, 0.00015722280942992344, 0.00014742625169258307, 0.0001732906930903319, 0.0001579185666475495, 0.00015016807087112562, 0.000150638534804464, 0.00014594036124629118, 0.00016282855850346167, 0.00016011961879627246, 0.0001591757609561667, 0.0001576998417881298, 0.00015636600879106248, 0.00015718979742244078, 0.00016297826484533667, 0.0001486961588024206, 0.00015194179746384434, 0.00015546410633534145, 0.00017360705272950684, 0.0001468982035021018, 0.00015602834661078866, 0.0001632531272174557, 0.00015528937063727006, 0.00015025681611494093, 0.00014933516961472212, 0.0001499068659428399, 0.00015916567342881882, 0.0001527913923587538, 0.0001617336101144147, 0.00016396112368566057, 0.00015833208471395472, 0.0001547116379123064, 0.00014883966037015927, 0.00015787248238038605, 0.00015235475783000353, 0.00016633380788440256, 0.0001627699166267893, 0.00016588485490897357, 0.00016072419462394424, 0.0001461563814925393, 0.00017035659984963715, 0.00014719157902960713, 0.00017416427183711053, 0.00015168372581511334, 0.00015848865699961157, 0.00015641093859416198, 0.00019692319054063419, 0.00015438820392760165, 0.00015464126170339958, 0.0001526395011076699, 0.00014543197027284296, 0.00014631023862694768, 0.0001673649765372092, 0.00015021250901529873, 0.00015225333033361518, 0.00015340843197629822, 0.00015540698017527316, 0.000154098910527044, 0.00014779026048264188, 0.00015137299568007402, 0.0001474370458017623, 0.00014542115061517234, 0.00015411454603074688, 0.00017185142040949781, 0.00014629989882377557, 0.00016474707036985605, 0.00017527309588183002, 0.00014262370629251312, 0.00014743179405997276, 0.00015318575214337259, 0.0001514345173948255, 0.000150633920796477, 0.00015634913549208073, 0.00014965023597328307, 0.00014892468063895152, 0.00014711350992537172, 0.00014685973802599023, 0.00014801442526357004, 0.0001617043177372108, 0.00015147955947064922, 0.00026169858829536505, 0.000157979250953203, 0.00015720048227238763, 0.0001614742169793519, 0.0001480790248729583, 0.00018716780164442954, 0.00016828092588168573, 0.00015676918624157863, 0.00014950819438534606, 0.00014995621777156247, 0.00015031642869051402, 0.0001564972046296511, 0.00015381862472168994, 0.00014787918527441456, 0.00015693359098713756, 0.00015450383794024246, 0.00015085752542088652, 0.00015456986509464386, 0.0001668270996824017, 0.0001447509595181297, 0.00015344102019272584, 0.00014703458300245996, 0.00014837360761004025, 0.0001481597955482829, 0.00017704665531145295, 0.00014796071468164317, 0.00014294362531176916, 0.00015624282241045564, 0.00016621962096142207, 0.0001646373676293228, 0.00014679780223181415, 0.00016418899637713196]