Model Setup for Neither Patient 8:
ITERS=2000
LEARNING_RATE=0.001
OPT_RESET=None
ATOL=1e-05
RTOL=1e-05
METHOD=dopri5
Input channels=2
Hidden channels=32
Output channels=2
Runtime=310.3283178806305
Optimizer=Adam (
Parameter Group 0
    amsgrad: False
    betas: (0.9, 0.999)
    capturable: False
    differentiable: False
    eps: 1e-08
    foreach: None
    fused: None
    lr: 0.001
    maximize: False
    weight_decay: 0
)Loss over time=[1.6276962256152174, 1.604601684287909, 1.5841211240491442, 1.5627997945715573, 1.540301193674334, 1.5241982944802905, 1.5111024202011714, 1.4900016818393054, 1.4692877273436578, 1.4603667471017863, 1.4373672284802341, 1.4253700279254848, 1.4114435489334902, 1.3957781240875844, 1.381335257579767, 1.3652339464547774, 1.349605857758432, 1.3389550105249475, 1.321791648181929, 1.3111390408925627, 1.3005694119491729, 1.2898407238453293, 1.2771501724964998, 1.2659139314661827, 1.25098261709071, 1.2397347570784338, 1.2306503318171638, 1.223023265674026, 1.2125957952112818, 1.2015701015614555, 1.1950931997572154, 1.1869429913732548, 1.1770470542974083, 1.1695315019972183, 1.1611452973727525, 1.152481496938418, 1.1473337123216958, 1.1427082989680548, 1.1317035113039797, 1.124490148039767, 1.1162250791716395, 1.106893730061494, 1.104023302255496, 1.0975262461637327, 1.0880227982410198, 1.0839360079203892, 1.077932331538282, 1.0694344992053857, 1.0650911628223816, 1.0591037834141144, 1.052665903607801, 1.0448759213524126, 1.0399537548762092, 1.0349243254620655, 1.0258948975850093, 1.01660848881992, 1.019046214978258, 1.0087190479764518, 1.003530134690867, 0.9986294236000681, 0.9950016535645143, 0.9856838752536379, 0.9793682303575185, 0.9758017922554025, 0.97195281887122, 0.9612975105061602, 0.9577849400019296, 0.951205670604499, 0.9455341547009712, 0.940274445493475, 0.9355322360917491, 0.9288626927851339, 0.9250235761371635, 0.9166650117148495, 0.9132016072986905, 0.905649419936083, 0.9008538514883828, 0.8967832462254667, 0.8915856626730926, 0.8857837377300658, 0.8814246586496001, 0.8743962169934799, 0.8679407180411712, 0.8635213202595657, 0.8583119890124032, 0.8524168208736582, 0.8475057095844211, 0.8426233475928222, 0.8395297266708144, 0.8315163325432894, 0.8276990408480931, 0.8227418736398039, 0.8170582528649916, 0.812138625611619, 0.8058207997390098, 0.8010020931163454, 0.7956453841633604, 0.7903369089753091, 0.7849668134998443, 0.779247910981082, 0.7745235217519955, 0.7708434500363779, 0.763655486003993, 0.7591398387327479, 0.7542463465613486, 0.7507644545578429, 0.7452382582074155, 0.739189637223636, 0.7355394123889344, 0.7309825828698867, 0.7260629445511471, 0.7215712808216835, 0.7176642987319265, 0.7127254445642778, 0.7091226482266471, 0.7053215662669884, 0.6993530835489419, 0.6971748262306234, 0.6936046989731525, 0.6891783414478366, 0.684018913708721, 0.6811197945885309, 0.6766130650286116, 0.6724445491036944, 0.6693709748356068, 0.6648871677169521, 0.6611459700300872, 0.6573347217577843, 0.6528912879237738, 0.6501562168175312, 0.646281176689867, 0.6422114135954913, 0.6381943077348978, 0.6344666950605831, 0.6310820387242152, 0.6277656557684675, 0.6236152850376434, 0.6204153745055596, 0.6161691148981207, 0.612578206100255, 0.6084570595851737, 0.6055033288477282, 0.6008805846905307, 0.5983116581423525, 0.5945808949701296, 0.590469522154144, 0.5864824499967485, 0.5836768791840797, 0.5799858631693552, 0.5757288032435639, 0.5719457998567384, 0.568915885899891, 0.5653693360675056, 0.5616397959179409, 0.5574735348765725, 0.5538822959154216, 0.5513931382401739, 0.5474033621074367, 0.5430388613650181, 0.5394798885029134, 0.536119561501992, 0.532672997063028, 0.5290135599713569, 0.525492445020275, 0.5215851217441175, 0.5183027064974056, 0.514940423937669, 0.5114985451405686, 0.5076123946294504, 0.5039143578844203, 0.5008377211552735, 0.49668289766304885, 0.49326206381165766, 0.48979597360970784, 0.4857696083931018, 0.48275805407925637, 0.47931272734554525, 0.4757964980573224, 0.4727866166138805, 0.46936314410448055, 0.4658773134369599, 0.46258631634702213, 0.4593072393665103, 0.4562991479509641, 0.4528802786357311, 0.45013556092123497, 0.4468183986945929, 0.4432469176456562, 0.4397747205599668, 0.43667010983758164, 0.4335765720765433, 0.4307395276961507, 0.42721105602075604, 0.42463120508405167, 0.42133704720110854, 0.41922221115209873, 0.4156441774736171, 0.4125473840096966, 0.40946283408882417, 0.40689070604016403, 0.4034174362784221, 0.40043801110613264, 0.39673114310393376, 0.3940032302730888, 0.39047844727772757, 0.3870464820948168, 0.3839208616924406, 0.38095562086522994, 0.37821656344147514, 0.374398595964065, 0.37175769954253435, 0.368355331263434, 0.3659091342153564, 0.3625931607956237, 0.3603576381097836, 0.35788538029909917, 0.35542537168053023, 0.3532060228812372, 0.3510312469182667, 0.3486116249558116, 0.3463822069846802, 0.34441604731413755, 0.3422352810116749, 0.3401608332036802, 0.3382652156458886, 0.3366541051428347, 0.3338593301028824, 0.33206854735273533, 0.3300557323296596, 0.32804390943987405, 0.3263358596588489, 0.32422058330691567, 0.3220811369263647, 0.31999160208515254, 0.3180499516494027, 0.31617690503963325, 0.31448470030794645, 0.3123323396616858, 0.3106472158256068, 0.30862301465648767, 0.30695582217112477, 0.3051149552370004, 0.3032021703710539, 0.3012343914270488, 0.2994155309609614, 0.2979075315581185, 0.2960041735133714, 0.29438624625076176, 0.2926118698300892, 0.29067669139448254, 0.28917266483154075, 0.2875853173500856, 0.28574179627564456, 0.28406926708995683, 0.28253917585472926, 0.28083210089996274, 0.27952067221807686, 0.27778657589476907, 0.2760577082553185, 0.2746337599975334, 0.2723981539244697, 0.2710904354576527, 0.26899140145619205, 0.2677790753904352, 0.2665107154465293, 0.2647435236783044, 0.2634253047619598, 0.26162935337737, 0.2603550497309924, 0.25816585824313765, 0.257407395239945, 0.2555634216264417, 0.2543778258467054, 0.25283697793544735, 0.25112580564456016, 0.24949617989873865, 0.247969928212456, 0.2464700391456257, 0.2454266653347184, 0.2434648659029652, 0.24229903733307087, 0.24079356456640985, 0.23929949426282737, 0.23777911462765627, 0.2365423605973489, 0.23504043712257924, 0.2335679010131899, 0.23239213939512063, 0.23079053166763075, 0.2293567074839637, 0.2278357779838416, 0.22714761351861623, 0.22511149109986459, 0.22387736976962663, 0.22215651882396656, 0.22146417088838283, 0.22002405118172588, 0.21859507186815066, 0.21699747884231427, 0.21561786746391204, 0.21479168119002312, 0.21308249767145798, 0.2120236820761881, 0.21066227386207315, 0.20920120134944795, 0.2077128869458063, 0.20673968561047948, 0.20571941304142072, 0.20382647713677485, 0.20267986721076195, 0.20163663842669416, 0.20009455589789465, 0.1987055021699937, 0.19739730744964745, 0.19570984166286867, 0.19450802219386698, 0.1937405618003657, 0.19241255373176785, 0.19095184727807812, 0.18967591526649732, 0.1882048624214942, 0.18707817013448713, 0.18577905967168043, 0.1850798951788006, 0.18338653215611772, 0.182059887366132, 0.18075942115689012, 0.17923433679713774, 0.17874983025664917, 0.17687335396702017, 0.17559871228240728, 0.17432957217161132, 0.17301658955195376, 0.17198871206064015, 0.1702906063937708, 0.16922940486315372, 0.16839798352904867, 0.16723657027064556, 0.1655948248085637, 0.16448589212729453, 0.16326480882826308, 0.16206086787255217, 0.160748238156103, 0.1594534419254315, 0.15824285703243499, 0.15681877903673733, 0.1560113453309787, 0.1546408527929015, 0.15389198809361937, 0.1532879063662022, 0.15125216394078622, 0.14995571746650171, 0.14917161966027812, 0.1475232215012321, 0.14654675759084135, 0.14613773748542952, 0.14440018393815413, 0.14353681426317466, 0.14214012712316396, 0.14079314060203008, 0.13992902345875727, 0.13867090577147806, 0.13783703658194152, 0.1365603584047047, 0.13534181812474408, 0.1347193913963854, 0.13325645706743852, 0.13200094564075326, 0.1310231472364592, 0.13010856668128995, 0.12862113003043607, 0.12800889629996756, 0.12649011105368946, 0.12535945166089724, 0.12471015675224689, 0.12345185481357407, 0.12255191788744173, 0.12158829566201611, 0.12053796229824597, 0.119363673639598, 0.11863320401692036, 0.11738848579550272, 0.1166929772785851, 0.1152376284076483, 0.11430934739886918, 0.11341704407061051, 0.11237224857188842, 0.11142884764570854, 0.11026366127288013, 0.10896049101534398, 0.10799371874342185, 0.10719043855429976, 0.10680134016848744, 0.10576539604210464, 0.10429724999266413, 0.10348416625619712, 0.10252579489170821, 0.10176161231314942, 0.10089084350761013, 0.09919612299721713, 0.09827352460039279, 0.09768759080657684, 0.0966731104295416, 0.09568465164309936, 0.09533528082229945, 0.09351302492838093, 0.09319010502470353, 0.09263809734500991, 0.0910946484557163, 0.09022606824077696, 0.08911380614157041, 0.08831289966649435, 0.08760470011022897, 0.0867614795658877, 0.08579689152229807, 0.08525238008844152, 0.08420359210967356, 0.08336019808152119, 0.08237238697829921, 0.08169564621807894, 0.08081248543388463, 0.07984219467139618, 0.07912711333330535, 0.07834214321358454, 0.07790735130619492, 0.07720701143990642, 0.07650381732742924, 0.07528295688006857, 0.0747377122537681, 0.07430078627487434, 0.07343962769052324, 0.07267707525535917, 0.07190465012785814, 0.07100353046371964, 0.0704898624657357, 0.0699082181394946, 0.06921286996847062, 0.06847424937135622, 0.06771978859519395, 0.06721538192453624, 0.06644920345962751, 0.06574859570623574, 0.06517139006040779, 0.06454770372077155, 0.06413644733063023, 0.06330234696160829, 0.06279670931744409, 0.06218647541189899, 0.061662211306748385, 0.06101549645728213, 0.060473629368185684, 0.05992466847721667, 0.05937162869176546, 0.05883152160867207, 0.05838822936744774, 0.05784505970492368, 0.05737239619817675, 0.05685196448114909, 0.05653700534867507, 0.05600385849032525, 0.05585718986187915, 0.055066709812804156, 0.05477233829984202, 0.054163869933021934, 0.05378971482507489, 0.05349463467742219, 0.053240969735641235, 0.05265587399166207, 0.052316325305507026, 0.0520509207612777, 0.05113906407296542, 0.05055652039944958, 0.05057427975643634, 0.04994397834332725, 0.04970320616365109, 0.048885341602575454, 0.0486443286337298, 0.04838315391537633, 0.04802032151050355, 0.047523505628212996, 0.04711763615923575, 0.04686263037595737, 0.04672775626794078, 0.04649743368671704, 0.0458261409953969, 0.04528600459098681, 0.04498263854099638, 0.04474817403362509, 0.044174505849415034, 0.04407560756173531, 0.04364934790887643, 0.04300031981062919, 0.042811637841172784, 0.04250350089080263, 0.041995043119370176, 0.041961168434937024, 0.04182126813863512, 0.041300455386963385, 0.0409228810461762, 0.04085228516769415, 0.040066137211531266, 0.039960097057736815, 0.039669018518347386, 0.03923743301103523, 0.039020794342891366, 0.03873505316894648, 0.03831932191101207, 0.03805357568587822, 0.037700301026290246, 0.03762108517387741, 0.037348525663449435, 0.03688360786785286, 0.0366616349479227, 0.03675851498567435, 0.03591298982298474, 0.0358884338312866, 0.035629981849516684, 0.03527233538574293, 0.03507711240156381, 0.03481949385086714, 0.03455248322557089, 0.034416186345257754, 0.033916089889696195, 0.03386243289110752, 0.03388446658438534, 0.033151019053607816, 0.03296940089158309, 0.032647356802101825, 0.032317213661493566, 0.032555401682025635, 0.032289619902469764, 0.03180322397221776, 0.031422647855086666, 0.031488290444045504, 0.03125309514842838, 0.030828388403530485, 0.03058453905340095, 0.030503514155165442, 0.030275137361811155, 0.030080512262287976, 0.029705948064075217, 0.02944814451295659, 0.02937072269940647, 0.029318601814087745, 0.028722697594901713, 0.028560932193000863, 0.0283863510091345, 0.028178775737936514, 0.028036599032842634, 0.0281767713080296, 0.027679611434585128, 0.02743206379252793, 0.027205944063756482, 0.027233892675898985, 0.027839742704632183, 0.02665381651172324, 0.02673411403548381, 0.02634123914621537, 0.026495437556327914, 0.026042576066645718, 0.02576207910764484, 0.025376062428607186, 0.025342160647674937, 0.02541278586817389, 0.025319710945663633, 0.02473093154766319, 0.02455038762369661, 0.024491640194634668, 0.024262982475467407, 0.024185832279437325, 0.02388484517644831, 0.023691192485447012, 0.023546174346716766, 0.023788286673049996, 0.023317285426710854, 0.02312022077942686, 0.02296219879794783, 0.022936447352955094, 0.02272605275101285, 0.022539849014631238, 0.022189365121842473, 0.02204542493661144, 0.02208266475866785, 0.02190118765796667, 0.021629256997234426, 0.02153615842249468, 0.02136149702134305, 0.021259889894255094, 0.0211308301936037, 0.02109467796300553, 0.020831198850158536, 0.020732183315464277, 0.02064966032509518, 0.020419301223536655, 0.020597088103621066, 0.020185343817218836, 0.019954692254793994, 0.019819154764460004, 0.01961194038491457, 0.019559907820381847, 0.019375984123574955, 0.01915095451762258, 0.019196678796806487, 0.01895578308175308, 0.01887551200823753, 0.018654595755114852, 0.018626280968750932, 0.018426793088022055, 0.018320456849046006, 0.018132151314284733, 0.017968627078804648, 0.01814830067352542, 0.017742484548464218, 0.017602898515352784, 0.017572433962136688, 0.01732113542377244, 0.017233887438004192, 0.017194051208817486, 0.017142280547565284, 0.016956173534340268, 0.016759239879301193, 0.016685082408525564, 0.01647226772911495, 0.016317433136483882, 0.016221881755736342, 0.016011076472665073, 0.016276221487316365, 0.01617715525980756, 0.015903065016348368, 0.015781375407062426, 0.015576552729368143, 0.015607975038426076, 0.015374578366449058, 0.01528181729841836, 0.015097470235197603, 0.015082902483433401, 0.014829455983287942, 0.014770574253891782, 0.014657789331663817, 0.014533751212326444, 0.014487336670355245, 0.01452810276994253, 0.014326831182225275, 0.014230505428900298, 0.01414346132699192, 0.013941826005252067, 0.013929407923760262, 0.013808201850685648, 0.01362674144912795, 0.013633947020654008, 0.013598182923875313, 0.013448222207566907, 0.01329404415175482, 0.013357944154694223, 0.013181590580592232, 0.013139742880676718, 0.013117668410084417, 0.01300147828115565, 0.01279415627740589, 0.012726684643326507, 0.012591508464060092, 0.012537209817411627, 0.01258759637790403, 0.012418749897200841, 0.012271442732504178, 0.012041140832343334, 0.012199532031910003, 0.012193362941242918, 0.012134012263277818, 0.011917815876888007, 0.011779821792740149, 0.011794870297950216, 0.011680871180816982, 0.011695198037525863, 0.011421197464146821, 0.011531459920074722, 0.011425175445575024, 0.011210503844558026, 0.0112664915260964, 0.011198041816625552, 0.011126454240726998, 0.011060085357273354, 0.011070155322690085, 0.010885857161701333, 0.01081435806944761, 0.010659327125966811, 0.010606736629047993, 0.010554257332204924, 0.010411967915556063, 0.01037811265846776, 0.010421641630905825, 0.01038505059415115, 0.010060257670548307, 0.00996695189886493, 0.010157482918361981, 0.00992758385969887, 0.009891334308542882, 0.009752853939267248, 0.009688369518252722, 0.009706432708628728, 0.00959407430009785, 0.009535682270000794, 0.009461900626023999, 0.009426464983359589, 0.009336623273412276, 0.009279819943321294, 0.009297347908484436, 0.009123338813581268, 0.00909229205373757, 0.009078294213962163, 0.00902006451139156, 0.008811060749891879, 0.008821745103418795, 0.00875057775842835, 0.008717392817853662, 0.008604406971313238, 0.008702457608252088, 0.008435679609075373, 0.008577072133125968, 0.008472034241262668, 0.008479150506999168, 0.008309657092288062, 0.008312198623045603, 0.008279264560530514, 0.008257066978912755, 0.008154485406550498, 0.008112563086538387, 0.008055697997545047, 0.008070359807342614, 0.007938089797741342, 0.007891243457397085, 0.00790135003279726, 0.007728135914735441, 0.0076784302600823974, 0.007740163300945722, 0.007631871955151069, 0.00770963130907234, 0.0075818380554297125, 0.007535928847118214, 0.00757211778004768, 0.007491844502274424, 0.007410373801902068, 0.0071987939097065525, 0.007233882113381701, 0.007218988883358787, 0.007343688783908544, 0.007217551000313154, 0.007002508755067697, 0.0070742356378876515, 0.006957734895939641, 0.007038666877125079, 0.0069435648650685074, 0.006921334244958605, 0.0068309042926464674, 0.006857783317049789, 0.00681049570315273, 0.006765968289494193, 0.006636800146084885, 0.006582740843938444, 0.006658143632473243, 0.006621448747474324, 0.006459537259004989, 0.006425254842469974, 0.006351155503454895, 0.006374671495581998, 0.0063536379678055, 0.006312998070325201, 0.0063660763512156104, 0.006162112380576238, 0.006140663931298662, 0.006137565308832621, 0.00614885537127717, 0.006130806778898243, 0.006077941512615118, 0.005948387783853015, 0.005890014862655493, 0.005828105276167197, 0.005881236554344984, 0.005881181548657562, 0.00584543362473139, 0.005767435896573983, 0.005704405245550501, 0.005729323035610846, 0.0056204476974031446, 0.005552029237974053, 0.00562505583672823, 0.0055646780687393285, 0.005515715332753051, 0.005512495194017439, 0.005424854967862336, 0.005439345880325634, 0.005526279675923182, 0.005464290889752079, 0.005362275339648623, 0.005378462817948344, 0.005340806652283858, 0.005375947937380551, 0.005197195978316364, 0.006369020768290146, 0.005246393959569863, 0.005307886062442147, 0.005229853893028471, 0.005126198734201475, 0.005217298355715046, 0.004937113376078467, 0.005011040934740637, 0.0049106297421136315, 0.005044904204950185, 0.004964821379342411, 0.00501591254895803, 0.005003034540765166, 0.004802074942808635, 0.004770285847109535, 0.004778009970571197, 0.004807623785899739, 0.00472257076354471, 0.004766222266035448, 0.004722859146713856, 0.004632512824492189, 0.004638481102336587, 0.004686471168530939, 0.004598477139107798, 0.0045045157144653234, 0.004535325050574882, 0.004582288939291149, 0.004475184210643431, 0.004499216669157754, 0.004382740939835848, 0.0043039571351643595, 0.004353491296278804, 0.004305399266336276, 0.004354554772441669, 0.004409411263312193, 0.004358628390495098, 0.004255745510014093, 0.004205309585985528, 0.004237347597590713, 0.004168712110288295, 0.004130189039343043, 0.004189289989262119, 0.004136952597425989, 0.004079853308589094, 0.0040767197675614895, 0.004080011465105251, 0.004126155758958542, 0.004048413075065604, 0.004072741858363093, 0.004049203198776618, 0.0040072739728267475, 0.0039576931701191635, 0.003943023516286139, 0.00386980730010017, 0.0038455147514417924, 0.003913986560986946, 0.0038593484381020354, 0.0039003491457112157, 0.003811323812981909, 0.0037961564097316954, 0.003822026296759769, 0.003793774884862802, 0.003722048470090278, 0.0037045345163149003, 0.0037330019670981803, 0.0036839025449860465, 0.003664742582881926, 0.0035987801577670843, 0.00358346789166472, 0.00359207132073811, 0.0036028430665680914, 0.0035814459524484634, 0.0036147010500037755, 0.0035074440592473516, 0.0035049361036048467, 0.0034996351700950818, 0.003482996304288015, 0.003443892983566343, 0.003455602268725949, 0.003452372666162928, 0.0034121389793888416, 0.0034131909010827466, 0.003345677910626978, 0.0033747830932288085, 0.0033045938797022834, 0.003316265530496433, 0.003237136477378456, 0.0032991704503298773, 0.0032621412508114715, 0.003265961005240088, 0.0032293958367522, 0.0032513858545864045, 0.0032074304661938334, 0.003174891220449347, 0.0031330827261406443, 0.003164213212860879, 0.0031448569711639705, 0.0031805356253594096, 0.003105019206418556, 0.003072169939777132, 0.003099218037414832, 0.003033756853490793, 0.0030218640916223017, 0.003016080702504135, 0.002979510266904732, 0.00301131738160165, 0.002972222568976605, 0.0029025939577885184, 0.0029497973437060438, 0.002885288499025404, 0.0028747558525754474, 0.002943478091981266, 0.0029278102948603895, 0.0030469153025108647, 0.0028943179128540176, 0.0029231136574199216, 0.002869093023308279, 0.0029029367278511557, 0.002807299512336173, 0.002812577961815746, 0.0027742653666783653, 0.0029027904286420226, 0.0027760319718445193, 0.002833270348484901, 0.0027439278050517928, 0.002782633513746865, 0.0026823402822661255, 0.002703817584414461, 0.002647843558046228, 0.0027081873620575752, 0.002694964383162033, 0.0026773136199862682, 0.0025649429476157573, 0.002630948488520369, 0.0026341421214242143, 0.0026320954356136767, 0.0026305909656866313, 0.0026479575900235784, 0.0026028969205599294, 0.002557241021567982, 0.002586123662398313, 0.0025788987565077523, 0.002599466157103314, 0.0025653148451503438, 0.002550350112792083, 0.0024935957016887296, 0.0025139983545318188, 0.002522161471850066, 0.002498480039720107, 0.0024544617403549217, 0.002484776382799854, 0.0024485758472479165, 0.002458525057983288, 0.002426977331904473, 0.002402671757330104, 0.0024156431073317584, 0.0024436070634366743, 0.002400403835990059, 0.0023845231188204395, 0.002446880920662727, 0.0024219122635254792, 0.0023819834313318676, 0.0023546539972759293, 0.002338746242424092, 0.0023035056695940638, 0.0023357450753604446, 0.0023236715815130853, 0.00229451822030529, 0.0023090768146907478, 0.0022862060122720742, 0.002275198034197782, 0.0022374651476431483, 0.002262085713013146, 0.002280247288212896, 0.0022175796345713945, 0.0022424710606310434, 0.0022234181352115416, 0.002234139420032435, 0.0021943156964842696, 0.0022012698905393103, 0.002196701484370532, 0.0021337747959322734, 0.0022029071189320418, 0.002188749191264888, 0.0021904331011769027, 0.0021628496338725457, 0.002120544760596109, 0.0021806205693655637, 0.0021429222893215166, 0.002130467705999643, 0.0021089579689652087, 0.002119410459291413, 0.002128394531261688, 0.0020998618846202973, 0.002098388291466562, 0.0021097674385136263, 0.0020395467487569607, 0.0020575268128709915, 0.0020747943722476624, 0.002021322813897053, 0.0020332002414438226, 0.0020442478844061407, 0.002047485728587269, 0.0020145732707584868, 0.0020202898593101957, 0.0020270305453618984, 0.0020048415642159494, 0.002008689134237997, 0.0019356564613940115, 0.001958163147461677, 0.0020311505914580026, 0.001974472744684185, 0.0019404372385296456, 0.0019392803651357181, 0.0019629587189298105, 0.0019203950417784087, 0.0019194571552546746, 0.0019586102508696553, 0.0019218881488248859, 0.0018597249723635737, 0.0019063855066721008, 0.0019052161313492964, 0.0018976182012836898, 0.0019299370852826252, 0.0019055935389875407, 0.00191100112447958, 0.0018803170186900754, 0.0018937279632103136, 0.0018836306435372492, 0.00186371452399445, 0.0018234779019394637, 0.0018395467531881517, 0.0018360503243685876, 0.0018352238430896833, 0.0018265402626508448, 0.0018071174441417462, 0.0017750921975085091, 0.0017969035789116737, 0.0017911827202010033, 0.0017661125273184441, 0.0017516257934536248, 0.0018017813527931846, 0.0017329791269569581, 0.0018066238289824574, 0.0017679343999777934, 0.001776937699840526, 0.001745501742695702, 0.0017469667468956033, 0.0017031058351240894, 0.001684791161355207, 0.0016872906374339643, 0.0017315731114055535, 0.001703961666251172, 0.0016595367855122215, 0.0017311960114797262, 0.0017325065307738274, 0.0016890136355770839, 0.0016908665463973892, 0.001625886007976726, 0.0016440971226821318, 0.001679494973731252, 0.001677324671373393, 0.0016852604608843622, 0.0016537901503061543, 0.001618987432508822, 0.0016177070214251946, 0.0016279162408498417, 0.0016699839986167213, 0.0016528370215369602, 0.0016422383868413546, 0.0016024882230842813, 0.0016188470629091107, 0.0016156278594717883, 0.00158721560597579, 0.0015703840883470757, 0.0015520600088528758, 0.0016150469054522164, 0.0015488333725966663, 0.0016037123787711082, 0.0016096200846999935, 0.0016031478247506823, 0.0015856697427908207, 0.0015482258501054282, 0.001572128204466, 0.0015222139303032146, 0.0015324865994157846, 0.0015477149182914652, 0.0015661936913472457, 0.001534310065963419, 0.0015434623857972637, 0.0015257267333208232, 0.0015305401188097664, 0.0015192714405917916, 0.0015824789038977162, 0.0015500400231362739, 0.001508240670275468, 0.0015543593111007877, 0.001478361086444068, 0.0015847921154185304, 0.0015034211404118198, 0.0014666547897301395, 0.0014953633464691125, 0.0014881169747826288, 0.0014699052497450925, 0.0014787504932796192, 0.0014789322212478196, 0.0014619548146846339, 0.0014958616250923438, 0.0014584278736301769, 0.0014850909888146793, 0.0015153010599268171, 0.0014676168455799428, 0.001434646158818898, 0.001488139653864587, 0.0014559316331263707, 0.0014122725688890427, 0.0014699565250071746, 0.0014298145020306405, 0.0014087327950529508, 0.0014384937063866216, 0.0014674801373492847, 0.0014534007458759713, 0.0014425278014363956, 0.0014073406305677673, 0.0014242132484592494, 0.001385473686106606, 0.0014169261418452554, 0.0014136240438605916, 0.0013948340041107338, 0.001385980934370398, 0.0013840156580651151, 0.001355850426095042, 0.0013475963750116087, 0.001399822008793053, 0.001346908011264059, 0.0013610786593381387, 0.0013598015772847112, 0.0013279239379185444, 0.0013098513281901041, 0.0013350383431455523, 0.0013605243656063274, 0.0013350684348778542, 0.0013404410075678768, 0.0013229255095351957, 0.0014056413510306206, 0.0013758070392949101, 0.0013184836189985424, 0.0013465060637879414, 0.0013360743462443301, 0.0013504436462375173, 0.0013163000765199647, 0.0013123958487843963, 0.0013127899368455555, 0.0012648072164972754, 0.001325196853929634, 0.001341282678755143, 0.001257713062632472, 0.0013108895393646942, 0.001299449792277491, 0.0013075067636021253, 0.0013249675795567123, 0.0013091277061989322, 0.0012840606023160857, 0.0012813604273998547, 0.0012764437174145572, 0.001256559048747021, 0.001285568463543158, 0.0012636561043422928, 0.001272138500531035, 0.0012523056561439894, 0.0012444514279331468, 0.0012577650906798394, 0.001249775176461857, 0.0012446210776969639, 0.001220938119707123, 0.0012190205290806171, 0.001253748391804372, 0.0012327095491140416, 0.001238387697966687, 0.0012190744475976763, 0.001253708245595917, 0.001228869394299569, 0.001191887881822208, 0.001205995113802547, 0.0011991587156067374, 0.0012212600233605243, 0.0012142259201726154, 0.0012121584061001965, 0.0012193076688016317, 0.001228886523589523, 0.0012109825307330237, 0.001163659895821095, 0.0011667740124487575, 0.0012118386755037547, 0.0012257020157844648, 0.0011909277835120678, 0.001216726006642389, 0.0011993694688590371, 0.001199921863046948, 0.0011778909148760562, 0.0011677818864594648, 0.0012089578616817636, 0.0011817638817059543, 0.001140970303219541, 0.0011666446792187224, 0.0011457741120085142, 0.0011626457790835881, 0.0011772976921728033, 0.00116540619347213, 0.0011381045325673162, 0.0011419276892160506, 0.0011464792820437989, 0.0011431123867273625, 0.0011353985400997723, 0.0011467951158937847, 0.0011317419544943559, 0.0011303464317658036, 0.0012294414445893794, 0.0012174946567419524, 0.0011649170015746192, 0.0011637138168272758, 0.0011351618166484494, 0.0011115662934348591, 0.001153916450317695, 0.0012003837939701825, 0.0011488564343563976, 0.0011296586668400096, 0.0011025659928244219, 0.0011218703513607515, 0.0011098765557406806, 0.0011118824098464931, 0.0011108976909036832, 0.0010738593224349654, 0.00111696977046329, 0.0011079532241814473, 0.001108782587926157, 0.0011159558034550111, 0.0010727151518706212, 0.00108027991035476, 0.0010703970974123708, 0.0010879004789100118, 0.0010933566037279426, 0.0010742268336256437, 0.0010696649745066096, 0.0011223022840806296, 0.0010821020879972186, 0.001073474137752894, 0.0011117480676161612, 0.001068585387920589, 0.0010472753314498854, 0.0010534043941518492, 0.0010796530470779156, 0.0010815673658678175, 0.0010740446179718104, 0.0010420999547357424, 0.0010603272568676242, 0.0010565107585782114, 0.0010646249492672144, 0.0010829511120822835, 0.001063879906568802, 0.0010584871037012, 0.00105441482697455, 0.0010513366029507136, 0.0010351618290005186, 0.0010656963620795455, 0.0009993700938545611, 0.0010283924620817738, 0.0010275187788325903, 0.0010472099257535184, 0.0010361740347853018, 0.001022051305423157, 0.0010191961329912731, 0.0010339919739259897, 0.0010168320458378009, 0.0010142037012189156, 0.0010468302755724953, 0.0010591607618608415, 0.00102473815971686, 0.000991832239340632, 0.0010440278324428467, 0.0010169647463193184, 0.0010226278381360498, 0.0010108294853289714, 0.001001892182428509, 0.0009850025518562354, 0.001045363648029717, 0.0010376924970920262, 0.0009756775021367633, 0.0010073634174595295, 0.0010034273280773718, 0.001008955402889834, 0.0010211879005962796, 0.0010021330336216832, 0.001060696643676308, 0.0010045820483095163, 0.000991552050459239, 0.0009836847026442794, 0.0010306064557782917, 0.0010590195966893928, 0.0009908893057571212, 0.0009728239521256608, 0.0009759975342225654, 0.0009781863396095423, 0.0009865594314394887, 0.0009563806812653212, 0.000950459404954997, 0.000984654309074996, 0.0009810927582383213, 0.0009503496659857946, 0.0009675483965174605, 0.0010071696098101406, 0.0009957534846205185, 0.0009776233921753264, 0.0009535788368343848, 0.0009771804311094257, 0.0010698978172053225, 0.0009896546154654247, 0.0009373649394486684, 0.0009376089719359535, 0.0009357362867445234, 0.00094102719600434, 0.0010012431363806231, 0.0009742408663176738, 0.0009517719331916024, 0.0009270217716297184, 0.0009505806330774358, 0.00092747377293752, 0.0009628941958742687, 0.0009500778801874314, 0.0009320534648604671, 0.0009517763257101697, 0.0009288536022853427, 0.0009285116378160003, 0.000933173319048344, 0.0009589441398657906, 0.0009136503682302655, 0.0009539117818300912, 0.0009800613132581264, 0.0010157779948303898, 0.0009155637158405166, 0.000932235792286911, 0.0009033769030029514, 0.0009242866043847993, 0.0009113406223133599, 0.0009060331243963132, 0.0009318978450764061, 0.000908309593180839, 0.0008987371278500484, 0.0008938941198912045, 0.0008931868442280494, 0.0008928257725313943, 0.0008869454856578734, 0.0008932869488508427, 0.0008913363395211757, 0.0009422434405257945, 0.0008880988286572817, 0.0008985690729306147, 0.0008914237024001219, 0.0008934108033517314, 0.000890943206566597, 0.0008667767783986402, 0.0009035839457877625, 0.0008783568290234419, 0.0009247803622321654, 0.0009203912308554074, 0.0009131101301346814, 0.0008854159472873043, 0.0008875506739955702, 0.0008884439045908947, 0.0009046471392411861, 0.0008835713125025529, 0.0008950870887656913, 0.0008757517470157971, 0.0008770145246348578, 0.0008757294177297592, 0.0008662083874978655, 0.0008799278027755982, 0.0008887745188992379, 0.0008908041474125707, 0.0008878924663459803, 0.0009285009638939262, 0.0008649921336470388, 0.0008631961993252827, 0.0009129310670399084, 0.0008583460209784021, 0.0008563291905863731, 0.0008522655859621565, 0.0008653873264643098, 0.0008675084785469681, 0.0008532340448118787, 0.0008514414064271233, 0.0009250283916112045, 0.0009045531045415137, 0.0008663441748828586, 0.0008774841135513818, 0.0008523153284743881, 0.0008603763515442404, 0.0008556099396253469, 0.0008863940851156354, 0.0008341342542455357, 0.0008600030737727357, 0.0009695191108582659, 0.0010029301798939265, 0.0008357227311715974, 0.0008909519802643482, 0.0009966181118309244, 0.00089386531808039, 0.0009189362810514977, 0.0008900039985156922, 0.0008179732698270607, 0.0008433830634486494, 0.0008357414262604788, 0.000855319782571672, 0.0008467059121107672, 0.0008325005767969472, 0.0008194597282968866, 0.000843599617158475, 0.0008381423463586598, 0.0008587533497964574, 0.0008365699548183752, 0.0008354151260690033, 0.0008234424025750617, 0.0008265367613331361, 0.000834421184726649, 0.0008304073411671155, 0.0008440725737365841, 0.0007817723464248607, 0.0008152165262488599, 0.0008257856520011822, 0.0008104445497120575, 0.0007922101445881759, 0.0007882976302121327, 0.000792057347717973, 0.0008095568338628143, 0.0008056541393604493, 0.0008187886388096671, 0.0008062136072072457, 0.0008070695500868512, 0.0008499141961401887, 0.0008109698944077337, 0.0008229132287008264, 0.0008102452275033079, 0.0008838054669282644, 0.0008359836435599971, 0.0007226964560887412, 0.0007821420432678722, 0.0007847632506379307, 0.0008387437735766529, 0.0007917488367737321, 0.0007839459942681749, 0.0007969109095158574, 0.0007773454449170426, 0.0009346685756650394, 0.0007951479326221748, 0.0008045000801674457, 0.0008010173171585194, 0.000767588780522853, 0.0008668074243507875, 0.0008289631512653348, 0.0008312446862398285, 0.0008048895422124104, 0.0008099042524138893, 0.0007867058791023005, 0.0007890394730064302, 0.0007768064143241923, 0.0007720107524039102, 0.0008844523428326568, 0.0008069832440800555, 0.0007717814152450315, 0.0008480184589407454, 0.0008740293456857485, 0.0007859587131849363, 0.0007803835309600957, 0.000790216546535914, 0.0007686818291425721, 0.0008212195818709702, 0.0008427305927327691, 0.0008497969538862996, 0.0008475755410676047, 0.0007826166474671222, 0.0007676260049475376, 0.0008153292950870915, 0.0007436359945754451, 0.0008329517260875449, 0.0008240254225421924, 0.0007447559921998491, 0.0007952540382549128, 0.0008438184174410459, 0.0008104285995676696, 0.0007605951653679177, 0.0007762530842321814, 0.0007726713909991492, 0.0007782046068907354, 0.0007688765742225122, 0.0007652111345066593, 0.000764768786740233, 0.0007384017639853177, 0.0007584893650586003, 0.0007602114440849165, 0.0007659074195259618, 0.0007748332377287195, 0.0007678813285975861, 0.0007502002527161856, 0.000755640487313209, 0.0007828873370121156, 0.0007979251592725778, 0.000742478384093163, 0.0007361294486704639, 0.0008161577659257197, 0.0007992818804699028, 0.0007187606484097269, 0.0007897542587509119, 0.0007255130033535292, 0.0007538482257402588, 0.0007298275351009342, 0.0007412319545658237, 0.0007599403616396903, 0.0007452809988401327, 0.0007284814388063835, 0.0007320662427932217, 0.0007404244885357967, 0.0007205672260155786, 0.0007220814936390765, 0.0007297643421766205, 0.0007457508387460466, 0.0007292952924336859, 0.0007198357596440442, 0.000753782824680774, 0.0007241979515747443, 0.0007620594178823254, 0.000736006475461607, 0.000726016137908866, 0.0007272836490353486, 0.0007139548860057647, 0.0007524853619319951, 0.0007354455434696827, 0.0007242432583629939, 0.0007296007343240828, 0.0007367897627328617, 0.000739535265974146, 0.0007200964037260377, 0.0007116087434992769, 0.0007100326421349176, 0.0007342217705013878, 0.0007410453187290972, 0.0007166269971207028, 0.0007138128646157509, 0.0007120307622584307, 0.0007533313794675793, 0.0008062474953419732, 0.0007407551935217992, 0.0007413659566826766, 0.0007307045966907914, 0.0007347825089255612, 0.0007060911600802979, 0.000848802693562535, 0.0007078322821271253, 0.0007118263075934116, 0.0007213856436302954, 0.0008587519029125, 0.0008132125191368931, 0.0007306536203331919, 0.0006905914587892697, 0.0006848176504605593, 0.0008118466506947356, 0.0008447282745706737, 0.0007287299685578841, 0.0006938229972481694, 0.0007218703185271818, 0.0007404936506264215, 0.0007509785165488302, 0.0007051028966172406, 0.0006841898842895339, 0.0007284133229451817, 0.0007264929950159525, 0.0007033007292918121, 0.0007334394563599574, 0.000687896708173648, 0.0006928653607551226, 0.0007024165669421424, 0.0007060382401158881, 0.0007110282126561548, 0.0007013494778605806, 0.0006959950185864954, 0.000701757778710965, 0.0006891005602246563, 0.0006936050850667083, 0.0006875431343943312, 0.0006952507762447775, 0.0006915036866964464, 0.0007007650756865464, 0.0007709597150207338, 0.000705589191372884, 0.0006887554629590444, 0.0006888078557393253, 0.0006656297238907598, 0.0006873260366597883, 0.0006882649194031814, 0.0006610792914526918, 0.0006825839156738592, 0.0007388354204176169, 0.0007354899552391031, 0.0006857217786528781, 0.0007171737960357624, 0.0007181391249650265, 0.0006811839010151987, 0.0006784828607036835, 0.0006696119418825038, 0.00067843836445732, 0.000668974566778932, 0.0006673214530057025, 0.0006887733810616727, 0.0006757968451140111, 0.000678509049268447, 0.0006774708552955986, 0.0006734786821783486, 0.0006766371812236888, 0.0006718566513845295, 0.0006821076033407423, 0.0006805883048261931, 0.0006811610488750689, 0.0006813078448501187, 0.000666075419725451, 0.0006733311903671015, 0.0006628204970956121, 0.0006764144863789665, 0.0006456387985593468, 0.0006852489622851513, 0.0006666660864498336, 0.0006876803334828384, 0.0006515207123551338, 0.0006844387881653065, 0.0008586308541093814, 0.00066129557986825, 0.0007027340531930431, 0.0006519618189736622, 0.0006996342819545058, 0.0006452332931636563, 0.0006551036756333874, 0.0006440310128981106, 0.0006596397722288171, 0.0006487155487854728, 0.0006436596466648576, 0.0006975789721497259, 0.0006720790177818551, 0.0006513655627406437, 0.0006778434351864038, 0.0006702893395930667, 0.0006722600023042105, 0.0006505412401732047, 0.0006468618649763316, 0.0006539799353378401, 0.0006504860045080303, 0.0006412525834978272, 0.0006518003522421419, 0.0006503658523930624, 0.0006377558131204495, 0.0006428784646675123, 0.000676995868796314, 0.0006479014785732966, 0.0006411448639679824, 0.0006496803013633784, 0.0006485620684314784, 0.0006851426155353549, 0.0006515415972925823, 0.0006532811797992157, 0.0006655200543199993, 0.0006470531178135297, 0.0006338247804547711, 0.0006332691953673487, 0.0006498221317342798, 0.0006514481895420727, 0.0006327011126434681, 0.0006428771647453783, 0.0006610099017609143, 0.0006505256933084813, 0.0006405757121460321, 0.0006536244847682182, 0.0006313527311886633, 0.0006319641773055561, 0.0006413057205695779, 0.0007158797184001558, 0.0006863541459920676, 0.0006848029623308783, 0.0006320817591654173, 0.0006557061454946231, 0.0006950202576546168, 0.0006635169752262282, 0.0006804612613556531, 0.0006139079026926505, 0.0006222164814920554, 0.0006335123977647772, 0.000634399720289752, 0.000631577095818225, 0.0006380820348263647, 0.0006362984858912153, 0.0006270079992617898, 0.0006315059177026981, 0.000627151753477822, 0.000618742684061166, 0.0006249424793807495, 0.0006169350873015235, 0.0006308609386090694, 0.0006449558031075131, 0.0006640241201029584, 0.0006183709793874386, 0.0006412272966588803, 0.0006140344526991904, 0.0006280777870709356, 0.0006112063445668788, 0.0006212440178369236, 0.0006144001296514005, 0.0006151324782486588, 0.0006162972058616754, 0.0006416141974934026, 0.0006417880139740717, 0.0006127716077606393, 0.000622328464506343, 0.0006057637165935131, 0.000603556006502722, 0.0006503339759703704, 0.0006098703219316199, 0.0006141528505462322, 0.000606513602469081, 0.0006105740107710415, 0.0006081802020794547, 0.000632602272810152, 0.0006193470128410969, 0.0006015567708156119, 0.0006074545177809333, 0.0006094957460359025, 0.0006129794066663041, 0.0005956925294385433, 0.000601958486932678, 0.0006233241739307739, 0.0006296209609204114, 0.0005982212518967963, 0.0006102525289134931, 0.0006024439348713269, 0.0005930528126925487, 0.000595681701691474, 0.000615852229261834, 0.0006207480601231915, 0.0006136330621557413, 0.0005974559272131783, 0.0005975908176260847, 0.0006134816901718794, 0.0006073908334577689, 0.0006006957685935473, 0.0006129326811703421, 0.00060201447123023, 0.0006038907484230312, 0.0005975989998851457, 0.0006106362690643647, 0.0006148244936744902, 0.0006025160101258535, 0.0006123552694820136, 0.0005831001304949495, 0.0005900559710002368, 0.0006149503354547364, 0.000599917357514396, 0.0006007545119375378, 0.0005979527406153644, 0.0006043551469766431, 0.0005915382174170183, 0.0006057978490963918, 0.0006005982314639625, 0.0006187050112668323, 0.0006026016906777137, 0.000596846094141528, 0.0005923441544354907, 0.0006155747353064153, 0.000668545123917049, 0.0006065690465884896, 0.0006078584267260597, 0.0006018740584897522, 0.0005816362339141648, 0.0005984157795513531, 0.0006149969431480589, 0.0006029534081405596, 0.0006024737312205685, 0.0006115994128111157, 0.0006045797818293251, 0.0006000318651896255, 0.0005923057706710848, 0.000589217806651274, 0.0005949189302556644, 0.0005907669410505309, 0.0006160020328799895, 0.0006086946968252457, 0.0005951327188739146, 0.0005869338757772923, 0.0005859691102662346, 0.0005768464221262276, 0.0006846451510458861, 0.0005862155935175365, 0.0005764157065105889, 0.0005823402845455641, 0.000600595199515274, 0.0006200480800339334, 0.0005766921642109321, 0.0006133682123764113, 0.000629273880688278, 0.0005906273484201532, 0.000606620750757828, 0.0006113440612318726, 0.0005932038704060134, 0.0005941334595761109, 0.0005937647014464247, 0.0006213402762364835, 0.0006000013922949295, 0.000589938449280917, 0.0006609932067334403, 0.0005847474550315646, 0.0005928805252749234, 0.0005848258667338611, 0.0005755852249698701, 0.0005967334626840314, 0.0005870757378039891, 0.000584606292709362, 0.0005909310764663986, 0.0006133313767171838, 0.0005865077419078519, 0.0005862603520522656, 0.0005861172936304087, 0.0005709620195336437, 0.0005728188285715878, 0.0005981421903076035, 0.0005932967413910722, 0.0005863045615250108, 0.0005753934475838565, 0.0005810046483894321, 0.0005604918373130884, 0.0005740046218724283, 0.0005668294537121895, 0.0005677863744709786, 0.0005754327262768841, 0.0005603207118537602, 0.0005716598231300736, 0.000570329694774083, 0.0005577751247118383, 0.000587146159953619, 0.0005917089061046496, 0.0005832012050325221, 0.000626099628587162, 0.0005804170136467803, 0.000581034985282067, 0.0005924892020137182, 0.0006009929729436552, 0.0006537143692189229, 0.0005877915376377275, 0.0005647504749021031, 0.0005913569583244387, 0.0005886680665109943, 0.0006150291296065365, 0.0005682819536450902, 0.0005741083358621764, 0.0005623178639769972, 0.0006495145467850512, 0.0006054669106466811, 0.0005676257473333882, 0.0005606686446013192, 0.0005920222081433417, 0.0005673654462459775, 0.0005856968624496273, 0.0005779167176608459, 0.0005740270806698524, 0.0005724578934037064, 0.0005960973680765022, 0.0005620679511685184, 0.0005511840731003918, 0.0006208973047321978, 0.0005649525620067713, 0.0005581457861471008, 0.0005531903599506441, 0.0005484541959439291, 0.0005608366955357215, 0.0005607340104475587, 0.0005530253345404517, 0.000559036890502801, 0.0005565966650035209, 0.0005571803549207649, 0.0005518388254385248, 0.00056755593516935, 0.0005534269130997481, 0.0005846675435873683, 0.0005919348310373975, 0.0005733067455341199, 0.0005470183244700485, 0.0006394651189269228, 0.0005715244801643451, 0.0005765036137114292, 0.0005668009749704568, 0.0005547410228545377, 0.0005530924748234829, 0.0005602295921366113, 0.0005583790538023967, 0.0005773100947422453, 0.0006413144095575654, 0.0005740444763508775, 0.0005655423148913263, 0.0005769895483334481, 0.0006129870973940446, 0.0005935040351901682, 0.0005902240696818536, 0.0005482793764565665, 0.000569474660514189, 0.0005664478044198383, 0.0005704359727993705, 0.000550891674107469, 0.0005489521249685967, 0.0005747693112067257, 0.0005681877584979871, 0.0005528368461760724, 0.0005531525221625104, 0.000551849426638953, 0.0005832471241475091, 0.0006298255939183746, 0.000592772465266601, 0.0005404279808073083, 0.0005692634611335312, 0.0005383982372580869, 0.0005464804920174809, 0.0005450565054264805, 0.0005567889316919033, 0.0005693353648866165, 0.0005507957398603887, 0.0005572120409355913, 0.0005607967134603799, 0.0005669040932795219, 0.0005462473131216539, 0.000554654479544785, 0.0005550868344026156, 0.0005445649093361091, 0.0006196387169357945, 0.0005461250703319449, 0.0005570480178429701, 0.0005560449662547399, 0.0005347672805332164, 0.0005526152772162978, 0.0005483610460787793, 0.000536983647378456, 0.0005504673915924664, 0.000541032019319766, 0.0005541357872181057, 0.0005482081137396354, 0.0005521254545727013, 0.0006164690069740499, 0.0005310999552149443, 0.0005826863888595211, 0.0005344222308467169, 0.000534770633032682, 0.0005279918797325909, 0.0006134085408220089, 0.0005416662554002753, 0.0005491367186176008, 0.0005757978762399949, 0.0006808215778123205, 0.0005446169256579874, 0.0005588386908914968, 0.0005407740347377617, 0.0005527401189601256, 0.0005774211178165927, 0.000586117534099477, 0.0006207630965863321, 0.00053850213838334, 0.0005584576208079228, 0.0005655288244628537, 0.0005225617288672138, 0.0005341429983328914, 0.0005169839908482294, 0.0005170505331387672, 0.0005725076515253765, 0.0005386684609116669, 0.0005273489817294113, 0.000539918659520101, 0.0005450806971979606, 0.0005322897239750081, 0.0005348469730993102, 0.0006374734631784918, 0.0005351313438119016, 0.0005413235112082935, 0.0005640339757560704, 0.0005334361983991904, 0.0005285971455398192, 0.0005481684606114287, 0.0005271845783086503, 0.0005638321875816916, 0.0005398216256066998, 0.0005505329106146767, 0.0005431233224005026, 0.0005691190231531401, 0.0005487569993800506, 0.000527796631647101, 0.0006471166160019271, 0.0005260441659971949, 0.0005032530336672713, 0.0005133424654405187, 0.0005227086425089896, 0.0006205471148418702, 0.0005307279959946449, 0.0005647321977660175]