Model Setup for Melancholic Patient 13:
ITERS=2000
LEARNING_RATE=0.001
OPT_RESET=None
ATOL=1e-05
RTOL=1e-05
METHOD=dopri5
Input channels=2
Hidden channels=32
Output channels=2
Runtime=260.7317759990692
Optimizer=Adam (
Parameter Group 0
    amsgrad: False
    betas: (0.9, 0.999)
    capturable: False
    differentiable: False
    eps: 1e-08
    foreach: None
    fused: None
    lr: 0.001
    maximize: False
    weight_decay: 0
)Loss over time=[0.7037262078180284, 0.6470872923231462, 0.6025962891611649, 0.5513412971690976, 0.516266782755859, 0.47932620265370596, 0.44133607555457244, 0.4060042958813432, 0.3760929717474557, 0.3609350158380549, 0.3386746067030529, 0.317937267491611, 0.29289076287170146, 0.27581270283552894, 0.2584348606804224, 0.2450972966128366, 0.24268353289381564, 0.22960356634732645, 0.21529764102358478, 0.21319614118138655, 0.20473257923345434, 0.1955928059140163, 0.18753377039362495, 0.17865193148786532, 0.17220020589257298, 0.17305001592682476, 0.1653553929433273, 0.16465579723892682, 0.15492493914954966, 0.15301054532346267, 0.14823829663298474, 0.14824936379580597, 0.14344467890121257, 0.13408903363823121, 0.13347406730721934, 0.135845144241484, 0.12277426921068084, 0.12690772924605545, 0.11669748296707291, 0.11984146204995295, 0.11251115328175679, 0.11346155080772911, 0.11163323717150832, 0.10995289630642895, 0.10825512858062526, 0.10840849382960775, 0.10219747206630929, 0.09852758553314182, 0.09673905232714305, 0.09151092240756714, 0.09743323618948278, 0.08779146658874028, 0.09196654238461663, 0.08297463147352539, 0.08099069360026662, 0.08355770460838446, 0.08010639982479896, 0.07479127084119287, 0.07591526379055123, 0.07552315439629376, 0.07084466709967746, 0.0709994118351723, 0.06946892832201237, 0.06149643390689852, 0.058343222336007965, 0.05898694310792962, 0.059405540651964864, 0.06298031885170156, 0.060128467688285545, 0.058493638793328605, 0.04877715923025647, 0.05293999030991661, 0.05430219619182807, 0.05427674076783024, 0.05347254616538648, 0.05430873525175862, 0.048697347188932906, 0.045720162567185356, 0.04584166217194985, 0.043207331046091056, 0.04385195690141028, 0.04046545965461818, 0.04454056625033246, 0.04058577844674565, 0.04018289325391151, 0.03764274068213866, 0.03162603628596373, 0.03196506715440203, 0.033090291828011216, 0.03421303462910388, 0.03606726687248267, 0.029542638560959355, 0.02768797698314722, 0.030401714573294412, 0.03115215579678996, 0.028761780445550948, 0.026208829072060444, 0.024630982535660872, 0.021951783220412146, 0.024742416808326454, 0.020359482350039954, 0.023582320611748128, 0.01992105830135976, 0.017042960422408215, 0.017455866806965124, 0.017915354408390136, 0.016531258216643394, 0.016123546443940467, 0.016744300867673974, 0.01602461509581292, 0.013909495218098549, 0.015328906203524893, 0.013688561290026465, 0.014755343399824561, 0.01313476981940946, 0.013247216251546557, 0.013615685288330086, 0.01277997451658615, 0.012064074978889979, 0.011854124479916456, 0.011095379770692752, 0.011169422185275424, 0.012217890096191808, 0.01060412894789755, 0.010206003615629546, 0.010171570473769898, 0.009625760128767874, 0.00981182449905637, 0.009874393604359726, 0.01048703991206559, 0.008982776986239118, 0.009339497278911436, 0.008941872149895046, 0.008909356515161303, 0.008946158719720385, 0.008223970182660733, 0.00852443149521895, 0.00797958294122045, 0.008551065968636225, 0.007412341980618275, 0.007035479244329943, 0.008199574803158883, 0.006910006316017166, 0.00664421222793237, 0.006632156679286158, 0.006565732663705955, 0.006432512730766573, 0.00666736765720139, 0.006150881895773392, 0.006168866317826983, 0.006193190527843109, 0.005848140766105981, 0.005681545862465141, 0.005665622508460587, 0.005599503792725912, 0.005556492891355936, 0.00567701762012158, 0.005082752968047884, 0.005493952493573949, 0.005129848454099942, 0.004990347334220063, 0.00513357660394042, 0.005170720200827633, 0.005569293139063557, 0.0048542687105878665, 0.004789271740413453, 0.004610812911504277, 0.004633659285259811, 0.0048611464834295405, 0.004363140259415194, 0.004521950898826882, 0.004417231368073954, 0.004260840337980327, 0.004135202339905859, 0.004153873178473568, 0.004163693866892871, 0.003977619408398564, 0.0040075017157374625, 0.004300957912589678, 0.0038247059280722127, 0.004430641639490938, 0.0039051520582865586, 0.003764431221085639, 0.004030060283245957, 0.003993786891192618, 0.0036309984502661038, 0.0036709381329210946, 0.003517166243571472, 0.003839326893620884, 0.003620106557652139, 0.003540014814951335, 0.0035583327979552674, 0.0034670856876234477, 0.0034854385322601734, 0.0034520105585321326, 0.003476409622634657, 0.0034075671630630546, 0.0034180054412923213, 0.004059415704997308, 0.0037998856756799593, 0.003302894498719208, 0.00321533186499965, 0.0034293742202431633, 0.0031695503944114763, 0.003328029933704563, 0.003074296924374652, 0.0029865362681550534, 0.00326761395202184, 0.003002770545146413, 0.002911073491914118, 0.002983481320219823, 0.002864407168281513, 0.003156783635879494, 0.002824818465645879, 0.0032090577494395946, 0.002854242443525405, 0.002993583639046006, 0.0029268781970988532, 0.0027706260576978604, 0.00271439142984943, 0.0027748378700664014, 0.0028610669478783043, 0.00283059123532555, 0.002669597301177964, 0.002961467768881792, 0.00258798325706037, 0.0028225962956984828, 0.0026161182684365128, 0.002727520818778219, 0.0030292396577920474, 0.0028688432187060865, 0.0025643489669519488, 0.0024946867558957296, 0.002656312681510902, 0.0025287279378520514, 0.0024442281468734076, 0.002489823633634197, 0.002416897217845033, 0.0026098212766604485, 0.0025829540250374363, 0.0026320233735931168, 0.002378025977454781, 0.0025578746554703042, 0.0025161166908678877, 0.0024963699559895744, 0.002618509141154632, 0.002841241081226658, 0.0025698722456433797, 0.002405896474127145, 0.0025195652114326545, 0.002643876637831238, 0.002320092975053088, 0.002426285702545138, 0.002240631910271483, 0.0023535173348942814, 0.002263351940630437, 0.002438296697023636, 0.0021619848387219236, 0.003057551236166964, 0.002469135886601805, 0.002620800208557937, 0.002202588070668902, 0.002328723202300386, 0.0023261704044179, 0.0022375518752168404, 0.0027026251620364625, 0.0027223970355521993, 0.0021224182315231284, 0.0024117470798803147, 0.0021533723173992017, 0.0031538842706928445, 0.0021879536001149376, 0.0022655996942176748, 0.0022395169000708265, 0.002270414975485334, 0.0023693603356361513, 0.0023282661636838753, 0.002252236974429556, 0.0022750492906770375, 0.0021809067406450386, 0.002091439207804626, 0.002354669870193708, 0.0021869726327229918, 0.002348589660446362, 0.002093848515240633, 0.0020678253103653247, 0.002248585467943594, 0.002170106286269264, 0.002069668799675505, 0.0020733593031606757, 0.0020857571676642424, 0.0020398201925309286, 0.002003991915998279, 0.002015701686019068, 0.002066138400237468, 0.002186041146781591, 0.0020076431517440565, 0.0019635428296815296, 0.0018867431838111984, 0.0019909935636618884, 0.0019880866813027005, 0.0019018368386010398, 0.0019830437247308264, 0.0018990987934398148, 0.0019173720540489713, 0.0019283973423198438, 0.0018304090952652044, 0.001817670784056226, 0.0018709563462378663, 0.0018533614016442977, 0.0018728454056664227, 0.001908625948508863, 0.0018176016144410797, 0.001936406216818643, 0.0020903214853308667, 0.002471134170468341, 0.002436500765273313, 0.0020544673461498904, 0.002157417404205069, 0.002337757577390755, 0.0019512428841294727, 0.002089036539331073, 0.0017496836940169497, 0.00179009518305583, 0.001733764781304952, 0.0017275231789243902, 0.0018224246852262696, 0.0019167241929917964, 0.0017902426319404425, 0.0018128874906317607, 0.0017574913355402593, 0.0017608052424679136, 0.0018934659486920988, 0.0020995188724667576, 0.0017376934465206323, 0.0017125679553050314, 0.0016338131708589422, 0.002050450985839628, 0.002279492295973655, 0.0016108956342199996, 0.0016985458084370346, 0.0018928716059168557, 0.0019793117900764362, 0.0018714434359893921, 0.0016655423736634464, 0.0017173938747818847, 0.0015612632077507426, 0.0015739173940319132, 0.002452488651206862, 0.0018532783706531747, 0.001561096438186086, 0.0015728031113020622, 0.001684945711471495, 0.0018738792413873473, 0.0017624468829340759, 0.002032453468936486, 0.0017031593232922084, 0.0018552020661471262, 0.0016913418827155169, 0.001619395286706466, 0.0015908469951058158, 0.0015062007808041462, 0.0015364451867188522, 0.002315637151455115, 0.0016498077145516092, 0.0015350482169835691, 0.001449753635077127, 0.001689322632658836, 0.0015188068876147156, 0.0016196628592702266, 0.0016538031594778152, 0.0017470301377379418, 0.0025397267748787714, 0.0019693518855692736, 0.0017497018827271123, 0.0016489432651602533, 0.0016158024472732108, 0.0021378001404155694, 0.001557248694026811, 0.0015376538090444522, 0.0020282968650234923, 0.0017839204301841602, 0.0017512431613935552, 0.0015490402283931946, 0.0016930718201490546, 0.0016110485495465586, 0.0015474394112258642, 0.0015402807030736579, 0.0017801569441904517, 0.002003623402044517, 0.0017482103339472059, 0.001598211801082614, 0.002029372834219375, 0.0016749530841697377, 0.0015338944279712234, 0.0014586183652514613, 0.0017457369976362747, 0.0015487788652395868, 0.001442995998910098, 0.0017169542995511947, 0.0014350363763423217, 0.0015158119777399497, 0.0018455063105818662, 0.0015434348970673987, 0.0015299712078909436, 0.0014997304289616278, 0.0017834995189347363, 0.00155297522408027, 0.0014840684574932395, 0.0014351975627689764, 0.0015034639255931403, 0.0014200583773699834, 0.00139010857396766, 0.0013736097661052995, 0.0013663571520450236, 0.0014900995837248598, 0.0015812674824045117, 0.00190323355375588, 0.001425165014661886, 0.001482845521628095, 0.0015840099994819821, 0.0017074466859106684, 0.0015511838745257212, 0.0013899869542789206, 0.0013410156491903595, 0.0012911640690638725, 0.0015148605793077411, 0.0013150386527643583, 0.001443504752686018, 0.0013712054641714792, 0.0015238260123766475, 0.0013879934591636874, 0.0016738874878788404, 0.0021330851049271046, 0.0014551153858400943, 0.0014739869187622428, 0.0014045759178546286, 0.0016278010198534179, 0.0013325288363950658, 0.0015725620611876468, 0.0015121216001653364, 0.0017723252695464155, 0.00131952936723371, 0.0013232293172931876, 0.0015112493081048462, 0.0014527392316154076, 0.0015171142237410185, 0.0014722213152641357, 0.0013842626714018135, 0.0013562518875786223, 0.0012606884319715554, 0.0012251856215979588, 0.0013154355236012787, 0.001505226473668647, 0.0012694088152578945, 0.0012408616317293134, 0.0017594521145901376, 0.0013344868745161229, 0.0012748907674668376, 0.001381575926253509, 0.001374875445448892, 0.001247876882282866, 0.0012754229606123557, 0.0019997099024283023, 0.0013391436430764514, 0.0012479454548950197, 0.0015177844100449046, 0.0015069437500809953, 0.0014230136665010164, 0.0015773343611029023, 0.0014783468677006231, 0.0014478264151075676, 0.0012195084023183392, 0.0012343987828742587, 0.0015933992151949217, 0.0013910397868543173, 0.001332290173234109, 0.0012368127104546531, 0.001269928870373867, 0.0011769578210438353, 0.0011857383651751716, 0.0012395491842719284, 0.0012973484743337923, 0.0012671051694411802, 0.0011891516908294996, 0.0012248652345103637, 0.0011916345412952033, 0.001330557839415066, 0.001443636146321517, 0.0012095607636838882, 0.0011790691494347688, 0.001391700281858689, 0.0011533377237704168, 0.0011834770708569683, 0.0010930728834922545, 0.001114788442836645, 0.0011097245912406288, 0.0013171054870106465, 0.002153688980676867, 0.0012206237626011718, 0.001145859028220551, 0.0011741235073333817, 0.001305180492021874, 0.0011305326701677276, 0.0011127667792051406, 0.0012150890958911907, 0.0011841957780343382, 0.0011977838114335124, 0.00127391956256577, 0.0011917325900146923, 0.0011577772322184205, 0.0018316434989990658, 0.0012714910593052832, 0.0013895819092165154, 0.0015804266749339475, 0.001274763106224537, 0.0011988464549731472, 0.0012763872814951119, 0.001572228574643482, 0.0014406461061960355, 0.0011730963877341967, 0.0011225998050586534, 0.0014804249233775074, 0.001064604132907289, 0.0011366683730324502, 0.0011656325806613846, 0.001184007713101428, 0.0011413124681786426, 0.0011276688653818862, 0.0010860855383181191, 0.0011017492130566456, 0.0011319443251762346, 0.001084565290551804, 0.001150854869081833, 0.0014961648765889186, 0.0013773458413955128, 0.001249601650472112, 0.0011738611513276308, 0.0012321168045832827, 0.0011543885401632478, 0.0010130738516950768, 0.001026045798458099, 0.0010710019545557483, 0.0013328460027449641, 0.0011413157639830595, 0.0013864380677482565, 0.0013669929839941395, 0.0011435598686503658, 0.0011064299125628418, 0.0011427424144672216, 0.0010129782954791124, 0.0009536641218461035, 0.0011163734156198833, 0.0010390400046840541, 0.001421720693577362, 0.000980281748911731, 0.0011527737909584465, 0.0009956042892711166, 0.0010582346091747132, 0.001042126270152738, 0.0010335278443017043, 0.00105469700202779, 0.0011806295895098772, 0.0012137786916127245, 0.001019122780258848, 0.0010203161703319203, 0.001093747405213391, 0.0009780369275543858, 0.0012859698578444275, 0.0011872427511206468, 0.0013252447107578742, 0.0010104572043727377, 0.0009941926188237777, 0.0009424158104356311, 0.0011403574489580082, 0.0008957856723046075, 0.0009153604726404601, 0.0008949645926497476, 0.0010205359501256563, 0.0010127751922968955, 0.0009585183756611449, 0.0010977721163714438, 0.0009645025258495977, 0.0013154207280843449, 0.0009257315740234437, 0.0009425054690807049, 0.0009150721751200626, 0.0010319691565869738, 0.0014471019433214757, 0.0009402461844829884, 0.0012851567103899922, 0.0009289524098624025, 0.0011257020493591814, 0.0009633406944273985, 0.0009489381341286148, 0.0008961751085314308, 0.0008967279922606809, 0.0013146660167269906, 0.0008329593316108949, 0.0010874663109946366, 0.0011898762444956972, 0.001406762449573709, 0.0008711420010083458, 0.0009746279840681551, 0.0010181356825561278, 0.0008951165317127147, 0.0009206470223794395, 0.0008264724057802218, 0.0009778333563644113, 0.0013062963073959164, 0.0012343336823214064, 0.0012220394415304232, 0.0009672878006525981, 0.0009343849297811992, 0.0009370929041726678, 0.001001888136512345, 0.0009738821103820978, 0.0010086210305886034, 0.0011354207820128135, 0.0009036933301099781, 0.0008866400903968185, 0.0008618607527865474, 0.0008128923431741483, 0.0008054316161009891, 0.0008672070658893341, 0.0009767772207438972, 0.0009378138989505678, 0.0010230686100521074, 0.0009163237166214557, 0.00112652250823777, 0.0008833177880519297, 0.0014897039192891834, 0.0008474073652155821, 0.0009345114148236861, 0.0009801340661159867, 0.0008888269095471475, 0.0010544181693937652, 0.0008595677434029301, 0.0007259308450322827, 0.0007658963173045877, 0.0007541304697813845, 0.0007699671378975054, 0.0009972240247389285, 0.0010546839169716887, 0.0007528085882032226, 0.0008334724214990231, 0.0007017104326901214, 0.0009376585723303289, 0.0007735028541357912, 0.0007864160506420266, 0.0007279605829199051, 0.0008741275627754632, 0.0006972032029274836, 0.0007742183698008054, 0.000661525992795472, 0.0006625221068633271, 0.0007000554370811468, 0.0006981986295015941, 0.0006756749618161602, 0.0007593274935682675, 0.000639507436829471, 0.0006248161900219783, 0.0006181462066416913, 0.0007092673830177318, 0.0006066763676413127, 0.000815726721373558, 0.0006506544369198481, 0.0007545338056110947, 0.0007591872077785438, 0.0006835291625775959, 0.0007025751454707116, 0.0007415377060021059, 0.0006824981787936571, 0.0007005118293352211, 0.000574073645447556, 0.0005731311797057865, 0.0006500027500916185, 0.000596753929017133, 0.0006234239749613828, 0.0007514834620215623, 0.0007302276680382324, 0.0005901250609634374, 0.0005648979957871516, 0.0006108922591664987, 0.0005725624251707872, 0.0007647382033895692, 0.000579925935246732, 0.0005607553971016965, 0.0005592777014248902, 0.0006224377849506896, 0.0005696611582717912, 0.0005208129365856598, 0.0004981236951915435, 0.0007490614002356477, 0.0006197393660236064, 0.000489208094499026, 0.0007322826118813124, 0.0004952084333221385, 0.0009644856938903931, 0.0008157539281278371, 0.0004655810623502917, 0.0005800621268602689, 0.000535209712527989, 0.0006467829423444405, 0.0005921613153640652, 0.0004854484038801694, 0.0007797156108637948, 0.00046065542856679064, 0.0005806604492018541, 0.0005248378858112701, 0.00045927620413219883, 0.0004728646537101946, 0.0004246959248349133, 0.0005186670074683305, 0.000602372414205707, 0.00046617189473064806, 0.00044176150241916393, 0.0006137872531380759, 0.0004237984235597641, 0.0006031238989171607, 0.0005994718469079719, 0.00040782377977515577, 0.00041356707405435384, 0.0004936899480632565, 0.0005016130116976266, 0.0005074985064398359, 0.000414262495743783, 0.00041266005578155957, 0.0004184172327947444, 0.0003799218627696742, 0.0008038452864079157, 0.0003692788593985618, 0.00043111879869793155, 0.00043710271511478334, 0.00039233901149889115, 0.0004008370824833801, 0.0004202024020405565, 0.0004503602295937443, 0.0003802835667311332, 0.00039323921978287303, 0.00039302190003294055, 0.000641970902723146, 0.00035849704016200983, 0.0004138582896817181, 0.00043694748085837886, 0.00034645094059643954, 0.0006106369401324851, 0.00044276867679975384, 0.0005183485445395768, 0.0003574310806981348, 0.00036794868578991346, 0.00035729711117472954, 0.00038274549499082435, 0.0003452610345708444, 0.000513812977538705, 0.00043576412071625307, 0.00031311091183623083, 0.0004074608098283656, 0.0004454122586302381, 0.0003280880732957412, 0.00029977788334908684, 0.0003439459328854059, 0.0003043947772536141, 0.0005174001939209658, 0.0002927131871876409, 0.00039909991167466283, 0.00038007543535715957, 0.00042859498561566414, 0.0003384220144321708, 0.0005472837777540222, 0.00043139623319714705, 0.0005461396037959571, 0.0004986639366331084, 0.00048398189571577285, 0.0003020817598971251, 0.0002874027427568836, 0.0005110381690613771, 0.00041081677274413603, 0.0002695233296667512, 0.00027451981072273746, 0.00029370035453702044, 0.00026477824553601255, 0.0003826754629978392, 0.00037723184302047993, 0.0003080932349122111, 0.0002954502854216924, 0.0003074984482343683, 0.00029080432361776673, 0.00036754511665416505, 0.00026836279231067005, 0.00026698034201161347, 0.00037837599712121765, 0.0002952765282309155, 0.000298443246293864, 0.00034024423231116034, 0.0003633758676258552, 0.00024399731796858674, 0.00023981853820807488, 0.0006368950293221861, 0.00035279035588021296, 0.000404259552029263, 0.0002787890920746105, 0.00022712387783282485, 0.00032804471942870817, 0.00023768220921865213, 0.0002994812050890355, 0.0002116120694651228, 0.0002885137892769205, 0.00031087959195431333, 0.0002389556802574905, 0.0003080213708029783, 0.0003789510002914179, 0.00024040517001027662, 0.00021036768842436652, 0.00031297715645235637, 0.00026322740191112395, 0.0002369976518106997, 0.00032064953714303377, 0.0004590158985564814, 0.0002407020180708078, 0.0002884444362581156, 0.0005527014762714131, 0.00027921545251222526, 0.0008005745202481159, 0.00023419181721496567, 0.00023309727024599716, 0.00027564704353097484, 0.00024971533138342, 0.00036226061625842324, 0.00019809671440350297, 0.0003292736880257348, 0.00025028588817911955, 0.00030386139598652563, 0.0003010331927015086, 0.0002115661048816303, 0.00040396220844402843, 0.00024399754125641176, 0.00022389032027493716, 0.00025188613263401363, 0.00027537615379681364, 0.00039204065543265045, 0.00019474908015183027, 0.00021046701447385662, 0.00030954140445239446, 0.0003271444289029341, 0.00031106226546641076, 0.00021136721858665828, 0.0001808541634751447, 0.0002532386393495536, 0.0002006146653503344, 0.00020387673627044096, 0.0003658295762893095, 0.00020697466527981712, 0.00021796452307581833, 0.00021467088100518978, 0.00020947124234716686, 0.00021276899983274126, 0.00018156509500214362, 0.00020123465768686407, 0.00022588655385022226, 0.00019437425838029096, 0.00015779113468475226, 0.0003157499189212957, 0.00022651882144862854, 0.0001522698605644618, 0.00020751631318757468, 0.0002315698599392949, 0.0002692455012109409, 0.000180353359015806, 0.00015530736642103821, 0.00026667885878209346, 0.00026431370140448025, 0.00014661042267032968, 0.00018406075734012068, 0.0001938395647343615, 0.0001889137596189502, 0.0002234492519060699, 0.0001856445605065869, 0.00033557736855298505, 0.00047262011463612035, 0.00017606817918855395, 0.00024285815196331258, 0.0001608887650306874, 0.00028738598914722287, 0.0002767577308023553, 0.0002300702556385778, 0.00046633169908832115, 0.00042895367953804127, 0.0006039537769698028, 0.00020022271270701342, 0.00048055289896524125, 0.00038843303196320296, 0.0002544646589424523, 0.00037463066374123156, 0.000262219461101396, 0.000186809298127408, 0.00035616065599377173, 0.00032061434470135333, 0.00021976690596674155, 0.00018880781010210243, 0.00019053314342465749, 0.0003268674574403174, 0.00037313301404818156, 0.00030801081664417167, 0.00020858604977014306, 0.00046624000866331056, 0.00022178702456016018, 0.0002713972928625237, 0.0004325185274762309, 0.00023241866117991604, 0.0004878156254141676, 0.00039789713065257917, 0.00020530612381498923, 0.0003155008785735877, 0.0005063879553998721, 0.0002399162945835253, 0.00017760634101442603, 0.0005930654423187806, 0.00048008852307798207, 0.0003768639412035603, 0.000649126986832866, 0.00021284202820490538, 0.00013088042615614376, 0.00015257437440971321, 0.0005141452329418057, 0.00021903896898856548, 0.00020868150135011835, 0.00017130150500783495, 0.00017303896929454917, 0.0004346385934368528, 0.00016576139113509363, 0.00019315394637471348, 0.00039914758165383624, 0.0006364389151561046, 0.00027830261102224644, 0.0002454450628161827, 0.0002723509289147888, 0.0006514958015964206, 0.00016149989860202965, 0.00017806310181009056, 0.00021325805067927094, 0.00022304037798605492, 0.0002257611909150468, 0.000866482143918651, 0.00023742704423755764, 0.00026852127635820116, 0.00016313077825207484, 0.0001459549372497767, 0.00021961268730069815, 0.00014732301271871664, 0.00021879199087491036, 0.0004065166989470556, 0.00018875234610572216, 0.00013178149169711621, 0.00025187965757072833, 0.0002772141395955596, 0.00022835945062726817, 0.00015542248314297442, 0.00012565653267866152, 0.00021766771472370684, 0.00014907545318553858, 0.00019660065694818024, 0.00014299715464350272, 0.0001361376859223393, 0.00021973688621815853, 0.0006585324246664424, 0.0001547614557657703, 0.00019088418424324249, 0.0005783021751694193, 0.00036320283568044755, 0.00017221771910662855, 0.00015005486138708685, 0.00010249142525933982, 0.00015609442582986026, 0.0001702408148310657, 0.0004299100338426102, 0.00019766730158117657, 0.00046796391188191026, 0.0001452968841819755, 0.00037482220267323987, 0.000163038512423936, 0.0004112157792621778, 0.0003755805113665014, 0.00019120049230687442, 0.00021221502998601625, 0.0002851049296408457, 0.0002712452658445192, 0.0002527746822223521, 0.0001262280928168451, 0.000139395117929517, 0.0002543501914728194, 0.000156128751313811, 0.00013958614297888947, 0.00011065663345279851, 0.00020856486165215108, 0.00012597295824249774, 0.0002058128876347246, 0.00022909500593689446, 0.00018108937006597366, 0.0002504530019790069, 0.00011596621518795996, 0.0001622379997279005, 0.0002485279304659064, 0.00018077664496145147, 0.00021909092533856705, 0.0001655132741210082, 0.00023911092658704988, 0.00016377105653742858, 0.00014137882959946595, 0.00017578591488684022, 0.00010950350298019872, 0.0002730165628661699, 0.00016405225810728612, 0.00021527107629094357, 0.0002937414309383624, 0.00018770289583780377, 0.00016733401142894082, 0.00018716676811390994, 0.000128725405435815, 0.0003328808233921032, 0.00026472341425370254, 0.0004689561961704997, 0.00036963296053767604, 0.00028267630621978666, 0.000143664860844225, 0.0001259425130751953, 0.00012700279592104958, 0.0003654238594045711, 0.0001558230701775207, 0.00023887109161672615, 0.00020416433609992082, 0.0001250817315701325, 0.00010229227702871356, 0.00010803752278513114, 0.00015281622289309402, 0.00015036958912846928, 0.00013315211556637818, 0.00018020921703592693, 0.00015663341943594262, 0.00019512742246049632, 0.00020347443306006845, 0.00013791873623700984, 0.0004360746760328864, 0.00012787952769144592, 0.00013031753882858005, 0.00014290202842565209, 0.00014422853889301475, 0.00014231381264307575, 0.00014968702588102065, 0.0001665620158059557, 0.0001425713114475569, 0.00012023679174912666, 0.000113905696891157, 0.0002774693645081588, 0.0001697529538103697, 0.00021115807789345435, 0.00036332917214256677, 0.00022479371978708013, 0.00012585033508556796, 0.00018500406174973361, 0.0001432619973306017, 0.00014580784614869437, 0.00019170560090727275, 0.00026468440267081575, 0.0001072160118885237, 0.00010506837444327712, 0.00012506631883320554, 0.00017556597089226765, 0.0003691605211098867, 9.372039020107724e-05, 0.00017123018252825583, 0.00016723713070052138, 0.0001526804935750391, 0.0002485810226739113, 0.00015340298680943917, 0.00018229169259301309, 0.0001646602998959965, 0.00010946683645203479, 0.0001054217662011628, 0.00039055348049583087, 0.00033554777633256535, 0.0002045337242332936, 0.00020858950615299285, 0.0002201711122836455, 0.0003489989420020685, 0.00040319861258045897, 0.0002244649603673131, 0.00027888614935674334, 0.0001031857280632981, 0.00024020001916480503, 0.0001253156055593978, 0.00022754522462036742, 0.00012804399704451056, 8.719901581309068e-05, 0.00011006334183468722, 0.00015189892410490428, 0.00026431917560074526, 0.0002584836111279139, 0.00014249632404974275, 0.0005223920270181562, 0.00012395994433231524, 0.00031820201003272163, 0.00013975531132038343, 0.0001282232864280121, 0.000258067125739931, 0.00032294168597387854, 0.00018062970935612388, 0.0002896925999120614, 0.00017563942470395, 0.00032674269895258053, 0.0002166302264762448, 0.00014368381275032285, 0.00016898795121254685, 0.0001016828040903605, 0.00021858155713181602, 0.0005063126565537428, 0.0005867770335068926, 0.00014263413171366292, 0.00024638512268371394, 0.0002959128761587126, 0.0004412099968427296, 0.000287870369033583, 0.00011593701884980239, 0.00022023246330813914, 0.00022968119247392634, 0.00019039229115802892, 0.00018017683984025205, 0.0002490348871838691, 0.00013300683261891679, 0.00019905470561919943, 0.00014400301673486826, 0.00011136007125417493, 0.0001251707737097974, 0.00014308303692681448, 0.00024832862873966333, 0.00021629068228224506, 0.00018616390892304605, 0.00032891953409066205, 0.0001141966732901276, 0.00010994919858143027, 0.00014087612045523984, 0.00018209796835990066, 0.00012520684273243518, 9.749897100538463e-05, 0.00011785568619618256, 0.00013023465848853224, 0.0003123335324819582, 0.0001316463752948904, 0.00010811744843790909, 0.0001324398795407994, 0.0001110781699659402, 0.0002545655761031222, 0.00020332061240880593, 0.00016061883390823268, 0.00010459298852218726, 0.00010335437936672532, 0.0001378848899568909, 0.0002765924631074065, 0.00011524932520706699, 9.87788766084015e-05, 0.00012432878679786213, 0.0005606636178900347, 0.00012308673460284688, 8.90963088918084e-05, 0.0004461961106165218, 0.00023589979107158126, 0.00030416324878815466, 0.00021310753920839796, 0.00012786387479878656, 0.00023660162226565165, 0.00021305327740409928, 0.00014719716299930267, 0.00017607314461314655, 0.00030565539124239314, 0.0003483551982767062, 0.00018038585628460746, 0.0001998491198399799, 0.0002742139645801182, 0.00010364562805021581, 0.0003108379556944072, 0.00017713215875671436, 0.0002197644704060554, 0.00022149510074070738, 0.0004546778390150301, 0.00019568372775426924, 0.0001266904367808179, 0.0003365335670661296, 0.0001443839841362893, 0.00012166853227172735, 0.00022395415742865768, 0.00010649431058760524, 0.00013659600890612042, 0.00012583616023521745, 0.00016741724637542855, 8.210715685584394e-05, 0.0004514691336291227, 9.435179077854415e-05, 0.00018854012386337014, 0.00012067816523416829, 0.00034248210817014685, 0.0001453818859517062, 0.00011869073264230767, 0.00016987547620923334, 0.00010903809569493228, 0.00017803520742771392, 0.00032217310936085184, 0.00018993627469236226, 0.0001263901545238566, 0.00017830794579155827, 0.00034256565199790735, 0.0001205396683696092, 0.0001788225831315794, 0.00014722664955162302, 0.00016089192955566264, 8.593423685624247e-05, 0.00019015116626925995, 0.0002542313003357873, 0.00020367517851233228, 0.00017909075590139684, 0.00015076214173011823, 0.00011712644969634817, 0.0004289041658106124, 0.0004952151773733261, 0.0002630018340867303, 0.00017276617482679606, 0.0001309878315197786, 0.00014480233777540303, 9.550210562599689e-05, 0.00010366625241410567, 0.0001101978876421091, 9.98457444288068e-05, 0.00015078871574584552, 0.0001527595823370625, 0.000324034708608845, 0.00011663791329362393, 0.0001310598797666517, 0.00038873926065101887, 9.275486001252814e-05, 0.00012849251326131278, 0.0001484414236156701, 0.0002721881281454245, 0.00013479706705585713, 0.0001984123127875961, 0.00036494612216023017, 0.0003351098531992365, 0.0001656864517878435, 0.0001121011173652338, 0.00014229244409318594, 0.0012421375507727928, 0.00019862709484643056, 0.00020860684484858138, 0.0002109138029241818, 0.00017067254484533798, 0.00010961063876479441, 0.00013711043276557608, 0.00020948153008119042, 8.448983303436122e-05, 0.00023053223443846615, 0.00019976603553508636, 0.00042276148148219197, 0.0002147345857864064, 0.00020566497276997778, 0.0005377656142727931, 0.0003025052398238208, 0.00010609527018517726, 0.00017546319643027487, 0.00010366962299948639, 0.00011444337420742796, 0.00011734333401470688, 8.106284649400174e-05, 0.0002723832024343425, 0.0002391570905855607, 0.00010725930059638228, 0.00021292496836396204, 0.0003397528769200608, 8.684666420186758e-05, 0.0001569314709950463, 9.24031558456974e-05, 0.00014508884708414768, 0.00035128870811608373, 0.0002974467409206021, 0.00012446260735064088, 0.00010213868245402369, 0.00043380910268372324, 0.00014834513489800501, 0.00014856279281598247, 0.000294057319793015, 0.00025652496810236357, 0.00017177831704738456, 0.00011318825303557574, 0.0003367597986012276, 9.274537603160715e-05, 0.00020386856925693004, 0.0006246094359083767, 0.0003871811685144308, 0.0002973587233564995, 0.0003402212819445561, 0.0002403459661755497, 0.00010919472749691679, 0.00015538380362241052, 0.00014715602128703725, 9.406998488507308e-05, 0.00019873446731636594, 0.00022079395083821426, 0.00013551818730638812, 0.00017084836230652652, 0.0005067024892536925, 0.0001382673669087805, 0.00011713409363040918, 0.00015494560060371753, 0.00016804506392955625, 0.0006314980345904329, 0.00011030209739378199, 0.0001990746771922531, 0.00012719248601785008, 0.00011343636746547823, 9.86610814354505e-05, 0.0003091602377636702, 0.0001843263485825237, 0.0001863579804664182, 0.00010666006176821558, 0.000231067563385607, 0.00021139256576045942, 0.0005120122326728502, 0.00015352377976132008, 0.0001499999360258117, 0.00013710820074340084, 0.00012329273574822333, 0.000338398775661789, 0.00010086834756113445, 0.00017954375355303868, 0.00028743465146677943, 0.0001073565941616702, 0.0001448377144661174, 0.00024270826284487077, 8.776263925886866e-05, 0.00013913275295415837, 0.00012818850085420102, 0.00019800571506345147, 0.00010623565097913453, 0.00011891634549785454, 0.00024972122458407, 0.00029253083871245245, 0.00013771341156840924, 0.00013030797524448928, 0.0002564952250870497, 0.00012231963669543064, 0.0004950270796268852, 0.0001301163915438501, 8.411820619579161e-05, 0.0002485634337887973, 0.0001202922017126093, 0.00016654602142788226, 0.00014913510823606294, 0.00022599361158060014, 0.00019585384216294773, 0.0005548127596573164, 0.00026468151355568697, 0.00016483815472150448, 0.00013128611201252167, 0.0002893989625910352, 0.00016479170231124322, 7.643730567945599e-05, 7.281213632429015e-05, 0.00012630266049913063, 0.0001197299068091311, 0.0004262878568111541, 0.00016556373521247995, 0.00011104988975302698, 0.0001047764553447972, 0.00017944492670811878, 0.00013714228135502902, 0.0003069282521860244, 0.0002646019487380475, 0.000364066756734541, 8.602256769118074e-05, 0.00019197998518331427, 0.0003435803904101222, 0.00022995536587072462, 0.0005387713390298049, 8.628376986285585e-05, 0.0002289507821635023, 0.0004946096480227007, 0.000309686299934495, 0.0001851714945557243, 0.0005448395083471804, 0.000301534959320051, 0.00016158038395690304, 0.00012673105208910795, 0.0006810354997352946, 0.0001142577512467333, 8.624619060576231e-05, 0.00010202127141160847, 0.00010885574397533369, 0.0003088995085834587, 0.00011912062297887953, 0.00010224992746281132, 0.00011897464041906698, 0.00025072399350389255, 0.0006864495895013231, 0.000334889185016991, 0.00014879148633910135, 8.933469946957615e-05, 0.00010499816412572138, 9.211330790454107e-05, 0.00015192726103537566, 8.729500480856069e-05, 0.00030567608635643085, 0.00017910452752803555, 0.0007410080223381074, 0.00012282347087510438, 0.0001674832739615429, 9.829079762042818e-05, 0.0002346519425213461, 0.00020854777909005498, 7.018828052991908e-05, 0.00011295403433611214, 9.36904804884486e-05, 0.0001760049532827717, 0.00012868239695397628, 0.0002721609603263797, 0.0004160739872854673, 8.955349949396788e-05, 7.799005467148117e-05, 0.0001302333592460123, 7.560870574534245e-05, 0.0002811113916717479, 0.00020232375158235773, 0.0003634328814638683, 0.00034721534458573294, 0.00023507292462401994, 0.00010850921789317056, 0.00027185242531020735, 0.00022385841020813372, 7.406417287936524e-05, 0.0001490004227883417, 9.165800445501255e-05, 0.0003229761618459271, 0.00014350563098032806, 0.0005611410237912115, 0.00022711303504763432, 8.883298256312104e-05, 8.108462457308739e-05, 0.00014558545963292384, 0.000286674855759214, 0.00039190756964840976, 0.00012003457274097468, 0.00010607108072759004, 0.0005389511225917422, 0.0002165883090505174, 0.0003955683784692602, 0.00027708563835761877, 0.00010162069374245395, 0.00011589201443070212, 0.0002176414847391576, 8.925620475176794e-05, 0.0001022333298827369, 0.0001500797949899675, 8.068352450247029e-05, 0.00011832126551275576, 0.0001775336422562784, 8.697671338491402e-05, 0.00034643997295824114, 0.00031043085079367037, 8.487319882656217e-05, 0.00031168066157996225, 0.0002899134763085881, 0.00011445941467790346, 8.060434951367556e-05, 9.968594608622595e-05, 6.922363026392156e-05, 9.52039396577304e-05, 0.00011229035776230772, 0.00011602576687020537, 0.00011929706727992524, 0.00014501061483090938, 7.96961048897103e-05, 7.685063084274046e-05, 9.381493145605352e-05, 7.767267907713386e-05, 0.0003019424261610344, 9.577965248372183e-05, 0.00017493068035216936, 0.0003157172599042152, 6.983313231099321e-05, 9.028560530624772e-05, 7.841531192657162e-05, 8.281602789980389e-05, 0.0001649695656708352, 0.00010504450684923539, 0.00011359936469627, 0.00017161481011420434, 0.00011303348903597364, 0.00027581237308602107, 0.0005055102219318322, 0.00010687834231298335, 0.000153248491733187, 0.00011268544959194345, 0.00015352293909136848, 9.629483549059822e-05, 8.595322252233808e-05, 0.00010086145602239728, 9.429228663118474e-05, 0.00011603832481753008, 8.791898221834456e-05, 0.00012638713220151828, 7.816087384039532e-05, 0.00010736905748774617, 0.00012712384326710665, 0.00013159228676015388, 0.0001025941111337702, 9.165452095228806e-05, 8.593128108392868e-05, 9.006220914052745e-05, 8.37700648695704e-05, 9.386310686988732e-05, 0.00011123706730039374, 8.662030868835436e-05, 0.00011399601182796473, 9.897096290444827e-05, 5.96150980574955e-05, 0.00012703923904231075, 8.12175872691905e-05, 0.00013644348642003363, 0.00017673464210047853, 7.95632450100611e-05, 6.692042774415863e-05, 8.32346819382988e-05, 0.00010204851341365555, 6.513517390743976e-05, 8.28673822105781e-05, 0.00018197897937951706, 0.00017977644865186922, 8.895197355742058e-05, 7.133132328227976e-05, 6.332882826236957e-05, 7.234600856887842e-05, 7.739838040844753e-05, 7.854835187269077e-05, 9.705229314564745e-05, 7.242935526545865e-05, 0.0003176664662477334, 7.027244272853147e-05, 6.882661137301358e-05, 0.00010501216780378469, 7.250969885254486e-05, 7.428666799899978e-05, 7.383082375853677e-05, 8.561123698604397e-05, 8.936766912210634e-05, 0.00010360763224276668, 9.044823656849751e-05, 9.979372808802856e-05, 7.605330351172862e-05, 0.00011007862696579312, 9.771159842558273e-05, 9.648650413859285e-05, 8.622898787704582e-05, 0.0001286843430411798, 0.0003415359342356818, 8.826418359602954e-05, 7.406609877909887e-05, 9.282644177503056e-05, 9.28370926396049e-05, 9.29570311587788e-05, 6.91026781872542e-05, 0.00010469840958583165, 8.716712202475205e-05, 6.978430738238634e-05, 8.483018660254807e-05, 8.754721553428857e-05, 8.37142078510603e-05, 0.00012005350707783224, 9.198137672099168e-05, 6.498088355131882e-05, 9.779178698977611e-05, 0.00011315703460763146, 7.827885517617343e-05, 0.0001381232819722842, 0.000102548597190765, 9.553056678696246e-05, 9.695461884848027e-05, 9.838788392288782e-05, 0.00011260208532030397, 0.0002393175253610505, 0.00021263398606507196, 0.00023234823503242194, 0.00010260821424471453, 0.00011394262247502655, 0.00012552593928371136, 0.00012253359346526166, 0.00011640722324379052, 9.69446592443076e-05, 0.00013530704087354886, 0.0008709942499017728, 8.639008213040226e-05, 0.00012766634586652901, 0.00027930963110555604, 0.00013331858269930962, 0.00011352920266677887, 8.85664982596519e-05, 0.00011178801634655786, 8.167031648302553e-05, 8.124297639791692e-05, 0.0001373973682297386, 0.00020663367328050355, 9.667072818111493e-05, 0.0001402412991433989, 0.00010463111599525613, 6.891401813655549e-05, 9.235137816299156e-05, 8.041725469506101e-05, 7.36724039455068e-05, 6.521093133037772e-05, 6.308743001803118e-05, 0.00015586122552426382, 0.0002727172363525165, 8.387136807250783e-05, 0.00018897305511328237, 6.940813116813714e-05, 0.00012088988969788486, 0.00021268929165216806, 6.720090389147705e-05, 0.00010073399427780546, 0.0001696498358931344, 0.00014248255330534442, 7.49534568113618e-05, 0.0002288429754980701, 8.730351680297314e-05, 8.183803642497198e-05, 8.1220125699936e-05, 7.418671094710976e-05, 8.539017126298353e-05, 7.605761973582778e-05, 6.394284970080611e-05, 0.0001460564208064912, 8.549211244108639e-05, 9.083424927342364e-05, 0.00011978281359881554, 0.00039590780097341935, 0.00029307060069438435, 0.00010112327138537659, 0.00010949329079000615, 6.570355004430881e-05, 0.00016429083635446557, 0.00012712607646739118, 0.00015311506610695986, 8.744559503357391e-05, 6.565114598815312e-05, 0.0001255568378443767, 7.2394246956505e-05, 0.0001219584387816768, 9.362140574836467e-05, 6.550812837501462e-05, 5.850200648616893e-05, 7.476040675912968e-05, 7.951291371686157e-05, 0.00017203805387125097, 6.97924694973786e-05, 6.0561546958099247e-05, 6.634869196431982e-05, 0.00017266410465422005, 7.403455746115783e-05, 0.00019681080947209778, 0.0001258941983201876, 7.328248634972543e-05, 0.0001573347042280941, 6.842622368758371e-05, 0.00011128133358551031, 0.00012084167834609553, 0.00010526011311825026, 5.58701723748746e-05, 9.821235775167972e-05, 6.152484127192975e-05, 6.0853060634301536e-05, 5.562445402044079e-05, 6.509625675789793e-05, 7.932829964888178e-05, 0.00010008377395988628, 0.00032211316622722075, 0.00010059744092584163, 0.00010578217119228613, 0.000111035094808459, 6.82955814176858e-05, 0.00010558963723686464, 5.592050484981036e-05, 8.391850628812313e-05, 0.00017083826692210243, 7.357794608134631e-05, 0.00015512372046520343, 8.343955057312344e-05, 7.617716317888327e-05, 0.00011550896681005304, 6.294819020543131e-05, 7.924773284309797e-05, 7.273678326943949e-05, 6.655280076659295e-05, 9.099176791767141e-05, 0.00016876948123594002, 0.00012611429977773053, 8.418118421360742e-05, 7.564925317489558e-05, 7.108266621050856e-05, 0.00015081495558839483, 7.970502826220704e-05, 7.971767424112663e-05, 8.333001627857524e-05, 6.491545560904514e-05, 6.670056921271596e-05, 7.145101983121855e-05, 5.871783349410026e-05, 7.512281409895268e-05, 0.00028806000718534095, 7.807397953127492e-05, 0.0002266709565119376, 0.00013452814936802077, 6.454998271377012e-05, 7.849487111610892e-05, 6.356429062444624e-05, 6.416751103913835e-05, 0.0005288331070495487, 0.00022167525788612278, 0.00018235304773566607, 0.00012753851698777324, 0.0003597426700362686, 6.403956270727867e-05, 7.064770691307047e-05, 6.420102430937314e-05, 9.116849836948536e-05, 9.010302531693997e-05, 5.809090571440312e-05, 6.218984283229634e-05, 7.40475542264178e-05, 0.0001094109803394921, 0.0001259838584385781, 0.0005073293503088429, 0.00012039324876294365, 9.088164699423252e-05, 0.00017205220555302887, 6.539303895941157e-05, 6.785870761119719e-05, 5.552926508062166e-05, 5.9734320041289756e-05, 0.00024043820501865555, 6.63301248882513e-05, 0.00012613623476599768, 0.000129184244734718, 0.00015476651542723578, 0.0001083218061862564, 9.242040958238802e-05, 6.099483564371057e-05, 0.0002592757460863821, 0.00022496319863515407, 0.0002428592717139773, 7.551828979022796e-05, 0.0002991490564207342, 0.0001347455688378986, 0.00013033597782426321, 7.356435593754038e-05, 0.00011995619039873295, 5.767624876469013e-05, 0.0002543657753558222, 0.00036721267157006877, 0.0004365329770564251, 0.00010984215069181064, 0.00013664090753290946, 0.00028174750621874303, 7.617000831314269e-05, 7.77555495691167e-05, 0.0001188752737403661, 7.3423647169849e-05, 9.342349689234188e-05, 0.00011336730787295735, 0.00032633682273686365, 7.608564406740999e-05, 5.606282040773996e-05, 6.375673278392599e-05, 7.816421554278525e-05, 6.262484839785197e-05, 6.349920241761012e-05, 0.0001036877476801242, 5.819829675481904e-05, 0.0001722025442520989, 8.624897461476468e-05, 7.142030609734073e-05, 0.00016037461127726144, 0.0001416169429934287, 0.0002963428086720094, 0.00026233312334107304, 8.378624858430612e-05, 0.00011850592152264509, 0.00019050828648496126, 0.00012721736795624102, 0.0001384664424397113, 0.0002279532763519658, 9.268918009761374e-05, 7.03253537668138e-05, 0.00013941957393968864, 0.0002308501336878842, 0.0006051552669749525, 0.00048301727910609113, 0.00036459259442684857, 7.094979608508375e-05, 0.0004322382059629142, 0.00011129395383249302, 0.00012142293687317805, 8.615618385033809e-05, 0.00011807368370179032, 0.0002985508742131609, 0.00011880621251899956, 0.0003166635943311269, 0.00010243574090406499, 8.15717444019117e-05, 9.580532792045518e-05, 9.270624560755798e-05, 5.512583747895305e-05, 0.00024467250445309093, 7.486045870055208e-05, 6.284131339310936e-05, 0.0002450716388782218, 0.0004897420752384248, 0.000375991470143713, 9.51236078870544e-05, 0.00021215106457319677, 0.00013049789996223633, 7.296618832524085e-05, 0.00010384166665215572, 0.0003554403697943518, 0.00022893482809703168, 9.447149541241827e-05, 8.672416685660495e-05, 3.821061138553682e-05, 0.0003087368562761078, 7.049430119954785e-05, 0.00020570168193129312, 9.093219494137771e-05, 0.00012243439883325151, 9.234787909188712e-05, 0.00013547873363327367, 6.110177451122785e-05, 0.00023293115795839958, 0.00012241320223965954, 0.00016819792687684218, 0.00011742270716425451, 0.0004122407005596898, 5.484680111000888e-05, 0.00022788359065043724, 0.00013165219504879578, 0.00022555747532241718, 6.136851716164387e-05, 0.0001040943390667097, 6.279859420999834e-05, 5.8460795250818125e-05, 5.542957989316955e-05, 5.471118443711996e-05, 6.866141257752581e-05, 5.1030952769512785e-05, 0.00019633766631350227, 0.00042188564272096016, 0.00011632857853684305, 0.00026188772494725574, 0.00013694047777887077, 7.862847181519735e-05, 0.00013120319997859327, 6.299792052464874e-05, 5.70400007225472e-05, 9.972345286594604e-05, 9.037486278907353e-05, 0.00017032402001882963, 6.146242793441307e-05, 0.0001348417464705593, 0.00010622559618655053, 5.248532087689724e-05, 0.00012860349037052633, 0.00032088311046967155, 0.00024945358449783903, 0.00019247444058949302, 9.030207458554379e-05, 8.867338915179654e-05, 6.949818800561064e-05, 0.00011918628852646737, 0.00018202422339918864, 0.000424532906568703, 0.0003201442297885697, 6.179597393837949e-05, 0.0005102780006898567, 9.241505532532587e-05, 0.00010433049144741004, 6.304153475808284e-05, 0.00010208226288652605, 9.167064689302867e-05, 0.00021925669956444755, 6.408225284234229e-05, 0.00029657545084241325, 0.00022131250694180525, 0.00010902608655461322, 0.0011368356895850738, 6.765384427586962e-05, 7.522517273132528e-05, 0.00014365325241083067, 8.116412089428888e-05, 9.496481809463963e-05, 0.0001758777771124739, 6.183749456259458e-05, 0.00013974308424478165, 6.69936814251625e-05, 0.00024197464029400282, 5.0622111218926874e-05, 0.00018495012431687908, 0.00012707475753996923, 6.457690214742745e-05, 7.987669333814205e-05, 0.000389155476643706, 5.149645609936038e-05, 0.00013905620417848576, 5.823413509218544e-05, 4.717345139013129e-05, 6.072288182619445e-05, 0.00012585364000781884, 0.00013054248218278045, 0.0001774674019841416, 0.0001923169725969974, 8.062667567058919e-05, 6.179423716684484e-05, 6.143500801262913e-05, 8.325042934772022e-05, 0.00018104685044043132, 0.00029518511944245446, 0.00030539433244908634, 0.0002268998971372291, 0.0002991566668048401, 0.0001931027095470969, 4.402634734609005e-05, 9.697781502962734e-05, 0.00035245554620432526, 7.687576541248393e-05, 0.00013863328014777652, 9.963329834752655e-05, 0.00021382230681519804, 6.936156127991893e-05, 6.381711869362501e-05, 4.634775232269066e-05, 0.00010146986630269087, 0.0001840534180306059, 0.0001499468221510103, 0.0002589499418162818, 9.75139299229876e-05, 6.332280820538482e-05, 0.00018432677726061883, 6.116181680407654e-05, 0.00017870099983763115, 0.0001442303385919867, 0.0002943369189070876, 0.00011978594907828549, 8.563672134540434e-05, 8.03769197470271e-05, 0.00013054229618853915, 0.0003559676094536545, 5.3511409877381855e-05, 6.538852222152796e-05, 5.130036705716897e-05, 6.254350349337589e-05, 0.00022532560101476548, 7.394554869913331e-05, 0.0001083601693516963, 0.0002551772857262796, 0.0001837546216937357, 0.00021740700528468445, 9.428471135260881e-05, 5.812403550370061e-05, 3.932194925005383e-05, 0.00019451896212016598, 0.00027018617388793157, 0.00010274888950786678, 0.00026429648675423763, 7.23411279996439e-05, 0.0007061427110944946, 0.00017273463352064004, 0.00014152971973839287, 0.00027354076821098166, 0.00047814715228818407, 0.00011088167024134047, 0.00014578118354525323, 0.00014985075837592587, 0.00014345656635696984, 0.00028197550100804447, 0.00014616806616931107, 0.00010485387083201374, 0.0003225466850244913, 0.00016534452948960323, 7.08387379363668e-05, 0.0001906145120142235, 0.00012285735577865868, 6.817075552567865e-05, 0.0001267615623557025, 0.0002772723118753768, 0.00015921127847099144, 0.00017543071462973288, 0.00012265414114679736, 9.234686435534413e-05]