Model Setup for Atypical Patient 13:
ITERS=2000
LEARNING_RATE=0.001
OPT_RESET=None
ATOL=1e-05
RTOL=1e-05
METHOD=dopri5
Input channels=2
Hidden channels=32
Output channels=2
Runtime=286.02112889289856
Optimizer=Adam (
Parameter Group 0
    amsgrad: False
    betas: (0.9, 0.999)
    capturable: False
    differentiable: False
    eps: 1e-08
    foreach: None
    fused: None
    lr: 0.001
    maximize: False
    weight_decay: 0
)Loss over time=[2.057602483959641, 2.010670704510057, 1.9620436388584261, 1.9216105439028297, 1.8732052731508162, 1.826265439770856, 1.7815492848035033, 1.7436313472055316, 1.7047645000181844, 1.6580427232456, 1.6169660259121448, 1.5767605059491752, 1.5360315930376287, 1.495595573313755, 1.4550942293616416, 1.411858206229994, 1.36408755052883, 1.3255626184497098, 1.2789727366870252, 1.232834389527322, 1.188341787943503, 1.1413240488800738, 1.1021485155431399, 1.0669465224371069, 1.0253871047810024, 0.9899857042616055, 0.9570957876280847, 0.9309023288256413, 0.9053970128586254, 0.8817557734104496, 0.8615112442741428, 0.8381231082497045, 0.8235956915599568, 0.8040284446605764, 0.7889764348471011, 0.7772376789452404, 0.7621076470874012, 0.753443818753594, 0.741234669720776, 0.7306827463245724, 0.7218332459157741, 0.7128039713273218, 0.7045543183995826, 0.6970469106157277, 0.689417304121371, 0.6826357258110277, 0.6754752362225586, 0.6682685847253885, 0.660998726193272, 0.6545854066128501, 0.6482707632129826, 0.6428265250151183, 0.6343713000774422, 0.6293469965340596, 0.6229394192333925, 0.6170678998190428, 0.6101030475782419, 0.6040197896412728, 0.5983017608476814, 0.5918548952207036, 0.5868479673774107, 0.5813751328696921, 0.5753144158207171, 0.5704250559905557, 0.5652547891984203, 0.5589020114176024, 0.554653114120783, 0.5491687651543292, 0.5447897417645449, 0.53994993310257, 0.536567858210564, 0.5310629792462908, 0.5258964367630409, 0.5225916237330904, 0.5184818330754412, 0.5150746266079934, 0.5112481616463613, 0.5050958656371916, 0.5007574427031055, 0.4974735212642351, 0.49322712043435274, 0.4887767374943764, 0.4858260293403836, 0.48143267217575014, 0.47770082314869544, 0.4745462397603328, 0.47003248973914596, 0.4662258168526723, 0.46231526268838097, 0.4587717693530205, 0.45594789775915656, 0.45187890553051896, 0.4485729172590713, 0.44643634643658703, 0.4412920845925629, 0.4378951292857016, 0.434493854296401, 0.43105017600497936, 0.42739996326444757, 0.42515140635352433, 0.4223216996350719, 0.41892744793445647, 0.4159941341192191, 0.41247489328483516, 0.409369793686372, 0.40668877681180277, 0.40369037910311256, 0.400753132088572, 0.39878563322435473, 0.3960508308992067, 0.3935225021489464, 0.38928544356288697, 0.387330652080504, 0.3840909922652091, 0.38181068896081655, 0.3791193781649854, 0.3763143711747184, 0.3741743050026139, 0.37165492233979625, 0.36916247959599763, 0.36652772192419386, 0.3642403798932079, 0.362105742018556, 0.3598464947819077, 0.3569451149158419, 0.35454092387184694, 0.3511223059090348, 0.34897213666808946, 0.3468662784711307, 0.3448707733364041, 0.34228322801637473, 0.34057773455594825, 0.3385734756022335, 0.33582393531452215, 0.33397066177214946, 0.3313278560170028, 0.3302537019483322, 0.32720083931276045, 0.3247948029848166, 0.3227319551895587, 0.3225438971439392, 0.31960544657185347, 0.31754850072462815, 0.315890559193704, 0.3134195107862996, 0.3116247155587566, 0.3092537360321371, 0.30743622713351665, 0.3054914297668536, 0.3038612094140982, 0.30143190042815743, 0.3003910124700963, 0.29897922874676736, 0.2961707749285302, 0.29610502886329476, 0.2930502317302696, 0.2911278306175813, 0.29073800593760923, 0.2884931358667918, 0.2866659731111972, 0.2844522973866086, 0.28333672890736955, 0.2808874040066136, 0.2796337640806344, 0.2796450784948648, 0.2763252673087507, 0.2747044686090983, 0.2724176672368151, 0.2707010519871924, 0.2700261376609168, 0.2679248886727139, 0.2686702997631844, 0.26582808569326616, 0.2638860035640016, 0.26239189125739815, 0.26145842900282923, 0.25998290631886484, 0.2573811544244547, 0.25631520517169815, 0.2552553415015739, 0.252971786989621, 0.2529551930412232, 0.25206098644969593, 0.24980605405085912, 0.24991319029962178, 0.2477930702245657, 0.24495434820211184, 0.24361395517981793, 0.24176180674059625, 0.241301563371504, 0.24065788543559344, 0.2381187076258465, 0.23759776377736833, 0.23548898132740767, 0.23497756825940674, 0.23354158496586852, 0.23226936225843015, 0.23033141352632505, 0.22957184258469213, 0.22833257087843997, 0.2266512552846188, 0.22574293600989864, 0.2240282814304132, 0.22289574493195416, 0.22177129758497385, 0.2205130557698358, 0.2196023357918138, 0.2187903111184678, 0.21716067670040531, 0.216063273702543, 0.21383671813402197, 0.21391391312253782, 0.2127035813919827, 0.21129752659954432, 0.21009060175289057, 0.20953271306009993, 0.2075417349038659, 0.2060066226583369, 0.20568211962235008, 0.20520777174948615, 0.2035758304227321, 0.203567090439068, 0.201526984226684, 2.0825601302922703, 0.1999373411823659, 0.2004018726316037, 0.1996352607534423, 0.19938893635643132, 0.1981013862596269, 0.19887926489542893, 0.1988614531774048, 0.1971984240590021, 0.19791758595085956, 0.19751632548441111, 0.19709133785519367, 0.19629985760631793, 0.19545084935478857, 0.19462300852864517, 0.19425629198423772, 0.19338115290364344, 0.19281892566052694, 0.19121667172873671, 0.18977885182700388, 0.18959897762030256, 0.18867091607935205, 0.18809297397726155, 0.18605238271676167, 0.18639812146649773, 0.18416571767103787, 0.1842179607223115, 0.18214460567304905, 0.18145330264111914, 0.18029410121765602, 0.17861569577717656, 0.17788899111519096, 0.17663416896867476, 0.17572660111987942, 0.17422662916272394, 0.17311136808994007, 0.1722277870948016, 0.17138080787108445, 0.17019624841386694, 0.16863120519536098, 0.1653646515209102, 0.16450796739735415, 0.16552541139622104, 0.16442620598019972, 0.16335680424161836, 0.16404449392719403, 0.16091039088494188, 0.15966477290986023, 0.15948871018250582, 0.1585156245700403, 0.15737657574941724, 0.15590185851943825, 0.15554327055330103, 0.15440758050258213, 0.15344721068834827, 0.15295063949420473, 0.1513355454647786, 0.15106193099606832, 0.14972478194320027, 0.14906157915901164, 0.14836698217168234, 0.1474965233738404, 0.14629630030872248, 0.14549830534066058, 0.144698999991947, 0.14485601769211154, 0.14349173619345493, 0.14286695798080568, 0.14179353496508948, 0.14126065083459086, 0.14018955589761536, 0.1395324780925753, 0.13921775423052224, 0.1380841904084233, 0.13689309938381744, 0.13608538025492986, 0.135662951059186, 0.13484799357409985, 0.13452496222929405, 0.13424881023944882, 0.133370889162896, 0.1319622899751586, 0.13129107115749414, 0.13154102132444015, 0.13019878351085087, 0.12907350984361496, 0.12886124775214833, 0.1279874618578644, 0.12779036132395102, 0.1262095959132983, 0.1256213267870171, 0.12474268145123135, 0.12419286904948147, 0.12353858551054019, 0.12298521686080774, 0.12201364716264705, 0.12194046311122805, 0.12080672053325275, 0.1207615661811326, 0.11917164136089528, 0.11878636804593526, 0.11906109789567698, 0.11877140335785775, 0.11814068688523914, 0.11708773379436398, 0.11684734982024231, 0.1160415836556071, 0.11570226471845438, 0.11477569416573971, 0.11438503426013376, 0.11296234777137165, 0.11298649059035001, 0.11189630021352594, 0.11176635554114012, 0.11014237925124654, 0.11021080793920614, 0.10915763628522371, 0.10802701577730534, 0.10819235816206674, 0.1069329387696249, 0.10728518068116037, 0.10607362478133599, 0.10563484463140625, 0.10450167977401842, 0.10401385344253641, 0.1047974441391439, 0.10392268491297392, 0.10292056705162199, 0.10240098250873729, 0.10155596361751806, 0.10070645865371822, 0.10105651482768482, 0.10008563365835804, 0.09917954386884408, 0.0988667067288929, 0.09767096486343388, 0.09698935738147202, 0.09733017146358537, 0.09681783456482633, 0.09549285157838203, 0.09503698532511069, 0.09425332422009976, 0.09388488791853539, 0.09355193496609372, 0.09273112769026404, 0.09302197691443916, 0.09119470068052028, 0.09125268287282515, 0.09065500047453132, 0.08994353447633935, 0.08975867578710853, 0.08909664290667943, 0.08845440451885955, 0.08775650332605099, 0.08745990565528401, 0.08638705745407838, 0.08603382016164139, 0.08559073862603937, 0.08484365245743081, 0.08506965542074404, 0.08419793919550532, 0.08338935706757124, 0.08284767236192932, 0.0822408814154442, 0.08155195599754757, 0.08104393027790507, 0.08066493939259504, 0.07997713756001891, 0.07929073653059113, 0.07917221513209682, 0.07818296293311343, 0.07757061106853284, 0.07712249216033966, 0.07650827682358294, 0.07583917642337673, 0.07537500679499186, 0.07485769768691532, 0.07416129106319953, 0.07366448757927967, 0.07291257278175022, 0.07248131723964851, 0.07162016357895816, 0.07154123484449944, 0.07051603831157302, 0.06991564700227176, 0.06945247167021956, 0.06893345185565275, 0.06807394545713942, 0.0677175287734913, 0.06683534075943603, 0.066443215184989, 0.0658027270853475, 0.06501169060684743, 0.06437177075388242, 0.06405771280371285, 0.06337713433925943, 0.0627120315088452, 0.06178777788111636, 0.06155081620871723, 0.060736653351351394, 0.06005543441562369, 0.05932773745648787, 0.05855934214158922, 0.05832435209516756, 0.05738864340526963, 0.05669417423710046, 0.05557767138377157, 0.055209639762158515, 0.05455000808803739, 0.05402940335681827, 0.05348568398488316, 0.052872037720648406, 0.052303599560464244, 0.051297060239301515, 0.05060263550191749, 0.04985168159057434, 0.04934213512973131, 0.048828966920076586, 0.04763342065264773, 0.047441520303347744, 0.04643017315478009, 0.046200567375774076, 0.0452350361296007, 0.04475444064500038, 0.04403800517391539, 0.04369248009355487, 0.04315900133863932, 0.042638050068833075, 0.04207382973391262, 0.04092570263991832, 0.040647592847773466, 0.04013240890365947, 0.04012634454878556, 0.03941275771542465, 0.03908258290204967, 0.038673124368740215, 0.038155734304753795, 0.03745488967732088, 0.036925046097888624, 0.03687907702331633, 0.03584430255871634, 0.035755259968766794, 0.03544198484211402, 0.03475906527244048, 0.0342659908280791, 0.03441682062869262, 0.034210539176403126, 0.0333080903307966, 0.033267187220974014, 0.03278286884970744, 0.03266830189011326, 0.032173762930554656, 0.031792566990310016, 0.03164404514565436, 0.031167732439547624, 0.03108602221916408, 0.030959054565514014, 0.03054637599668988, 0.03026944925553288, 0.030156539269352967, 0.029396712233280473, 0.02915841010699235, 0.02927327715150039, 0.028806454249921322, 0.028781941646534814, 0.028689453585844103, 0.028878823028603836, 0.028106353391314894, 0.027881216193138717, 0.02795316032098868, 0.02741475667971518, 0.027560622713668225, 0.02715282615941272, 0.026783558320668165, 0.026598839078444268, 0.02671738313900851, 0.026590134384233563, 0.02626760476964424, 0.026123925477358576, 0.02577641667795398, 0.025662693989776598, 0.025761571447717815, 0.025493102325227522, 0.025182255390604667, 0.025247730323642893, 0.025014431845586473, 0.02465149007601475, 0.02446191248336047, 0.02441487631621078, 0.02467094368543452, 0.02436892217325225, 0.024235512932823163, 0.023847784554345528, 0.023916768713476276, 0.02375350156527628, 0.023728783195572978, 0.023622506650132935, 0.023427841479476574, 0.02351427504791516, 0.023046302361269814, 0.023332348278550134, 0.022823739258507277, 0.02313019744817416, 0.023256307639855815, 0.022716869885841706, 0.022801179906466854, 0.022539685626832704, 0.022375062617586792, 0.022359138489754946, 0.0221970491372276, 0.022160031099466557, 0.022014407650321453, 0.022015673421114195, 0.021613535876375337, 0.021667536468209226, 0.02143383311063093, 0.021461777749518556, 0.021310029305157387, 0.021580207904557943, 0.020817946378966123, 0.021183167557517753, 0.021102226637622148, 0.02089057484024305, 0.020744175918501948, 0.02101505403452106, 0.020617622344568837, 0.020705163197679514, 0.02060870181462426, 0.02065042326173578, 0.02033488030705367, 0.020054112539436855, 0.020198493354463606, 0.020209126804176733, 0.02030020372695661, 0.01990456352372619, 0.019958552835261642, 0.019776074036041983, 0.019919098071271932, 0.01993807255738333, 0.019830779315080763, 0.019738375378151516, 0.01921079938183369, 0.019495950610154363, 0.01904855495268424, 0.019202030275654588, 0.019396290777522817, 0.01919235477217171, 0.01951288736466124, 0.018875482645551164, 0.01943468479874558, 0.018733546408934834, 0.018650687196534357, 0.018697168292841754, 0.019000779271399006, 0.0186622283945948, 0.018498171012708856, 0.01894428527563112, 0.018194073497868484, 0.018309372484186494, 0.01808489309591286, 0.018233950967373947, 0.01831352833311201, 0.01829291866300918, 0.01792569023434937, 0.018185971788453385, 0.0183528730789276, 0.01773153863860245, 0.01778207000565502, 0.017504899013757527, 0.017800770801752575, 0.017695897877051368, 0.017892675798366328, 0.01765323575866412, 0.01794012483868968, 0.017524652486508915, 0.017678344653835845, 0.0173642414434791, 0.017739124490427957, 0.01723339551070359, 0.01753079668851623, 0.017056440372094406, 0.016921758660269307, 0.017639287143735347, 0.017336514479420542, 0.01688603662501027, 0.01673307385023196, 0.017281135082276855, 0.016573093572651302, 0.016888125021015558, 0.01649790503972818, 0.01647336117057976, 0.01692675987609856, 0.017146187670938676, 0.0163823243716114, 0.01634761955599118, 0.016668436790527045, 0.016339085182803935, 0.01625376146679831, 0.01669922210039115, 0.016245647785349256, 0.016169681684650074, 0.01615329014424217, 0.016535173525198062, 0.016513182605365842, 0.016461739804578414, 0.01575948145844652, 0.016179064655483286, 0.015577281397908642, 0.015536711030399952, 0.01574140707631729, 0.015846960887535008, 0.015398775270980092, 0.015755473730426114, 0.015672149777415344, 0.015259066832528744, 0.015466254491334269, 0.015134858212474917, 0.015183837255349324, 0.015607189174725937, 0.015438471451521413, 0.01496905318761948, 0.015552023884224397, 0.015641657561689136, 0.015311850446182607, 0.01538550224840665, 0.01495462528756425, 0.014803019631478863, 0.014741789442672426, 0.015711212400137828, 0.015449274084827037, 0.015035445574652669, 0.014651688068788143, 0.014850230061548125, 0.014835354556567489, 0.014807479398114286, 0.014770561653169917, 0.014557560817658499, 0.014534588606744553, 0.014542067529847973, 0.014482769880441348, 0.014122219125655044, 0.01455661090028272, 0.0141971808531568, 0.014537615858961543, 0.014390520987063433, 0.014313870845603099, 0.014198993491354221, 0.014305742320246251, 0.0139154876359528, 0.013829902769287994, 0.01371388970900394, 0.014227830144875837, 0.013947712062830842, 0.013818243690514091, 0.013947306298997321, 0.013485822354241032, 0.013575587507726654, 0.01381102956942291, 0.013584984919635458, 0.013652918658881746, 0.013927546885049285, 0.01319454471493185, 0.013435000601224663, 0.013215189412602397, 0.013637593327368957, 0.013026619334133226, 0.013299544963320593, 0.013019642569631323, 0.013758963323150507, 0.0127853948197093, 0.013728175652462532, 0.012749426205371873, 0.012896872609175918, 0.013662833742869229, 0.013076131436705636, 0.013113407830006979, 0.012983156839779984, 0.013183174334542497, 0.012924990438234097, 0.012974238558615675, 0.012861429262272668, 0.012602122562761848, 0.012882585264294593, 0.01249051200360503, 0.01240353642874078, 0.012355144539868402, 0.012185051441172432, 0.012760914094798797, 0.012559636472767859, 0.012505489196470985, 0.012414696735334924, 0.0124487197827882, 0.012430007275613638, 0.012063682184206009, 0.012000708065407296, 0.011927024770652127, 0.011867187889322011, 0.01194743962405647, 0.012341290858086374, 0.011929163857882135, 0.012942882653773002, 0.012434827824944004, 0.011638623219927313, 0.011673612179871097, 0.011729353041065971, 0.011625602840428573, 0.011840921552982858, 0.012081435249374982, 0.01192835951623243, 0.011934717154582856, 0.011882505861904823, 0.011432475876683756, 0.011490621824266644, 0.011607360960371422, 0.011535012167051197, 0.011429890641499635, 0.011373044726239534, 0.011255667776418933, 0.011726901153214392, 0.01172501669201325, 0.011085885551110335, 0.011719213866664512, 0.011846692876004915, 0.011538284491765215, 0.011514663293008369, 0.011367402872876055, 0.011779482081611281, 0.011198506037287781, 0.011482899514076444, 0.011380056641826291, 0.011279619546661122, 0.011146005773483847, 0.01125558366086217, 0.01090065784326743, 0.010760155224429779, 0.011194022539063275, 0.010800666565389399, 0.010947399247079234, 0.010923005190102874, 0.011214788302830745, 0.011085058768223598, 0.0104780711510691, 0.010476387319537305, 0.010811223958762954, 0.010928862998130317, 0.011087793585533062, 0.010820455846356826, 0.01109287754601419, 0.01057671734704897, 0.010817746757134518, 0.010520701107340852, 0.010663669264869361, 0.010584379992514286, 0.010632402329658112, 0.01013111925843769, 0.010420187420938082, 0.01000035025012454, 0.010212410161796505, 0.009970382677609817, 0.010296869986495944, 0.009802144118512822, 0.009956769018613414, 0.009557962380511997, 0.009501637356470777, 0.009320759696808883, 0.009193569708770914, 0.009114955593364926, 0.009004895652521437, 0.008901647060500974, 0.008732892070573171, 0.008760708980792144, 0.008975560251618763, 0.008695893495422009, 0.008732821984685921, 0.008533296669848906, 0.008537852724042085, 0.008515048675596168, 0.00844988792668314, 0.008478310081433134, 0.008468474758809833, 0.008319507791286996, 0.008190720138042727, 0.008281584532716275, 0.008213232158522911, 0.00799387521695168, 0.008021723332671062, 0.007990950106867898, 0.008102018475190773, 0.00793079776631344, 0.00780127267465908, 0.007767041264512605, 0.007705410842237013, 0.007714641128808645, 0.007800318464787015, 0.007600085599452595, 0.007622517055222589, 0.007536834709276849, 0.007572662175435182, 0.007419820803206858, 0.007508197422154749, 0.007523772817033761, 0.007470304801858394, 0.007530504734124443, 0.007403610193523666, 0.007188195563921191, 0.007247676638799646, 0.007204378924246249, 0.007194707763409188, 0.007213497550214693, 0.007173195738474728, 0.006989869939698339, 0.007058983303492968, 0.006962148886275766, 0.0069515802096839965, 0.006925103886204864, 0.006828197256010313, 0.006804984043350132, 0.006815686807535609, 0.0067829694820339325, 0.0068312901363582375, 0.00671021928432619, 0.0066658854721609595, 0.006685171077486917, 0.006596199059875671, 0.006620015309962049, 0.006568455982222853, 0.006543693839448902, 0.006501132168879851, 0.006484080269648799, 0.006445440299151717, 0.0063588976957129695, 0.006357942625639559, 0.006306954777966923, 0.006412465136925346, 0.006281302252298937, 0.006367424282416698, 0.006194262419223214, 0.006150442158254698, 0.006230787358251991, 0.006227916178951943, 0.006146687575782844, 0.006136754933386865, 0.0061079491332826025, 0.006051586075780604, 0.0060974354833051555, 0.006011329099428581, 0.005966302797334589, 0.005971071854916504, 0.005953389538202626, 0.005928273090264503, 0.005867717558636355, 0.005865127164816719, 0.005828001634942525, 0.005833179220029436, 0.005866554199792102, 0.005803191085671807, 0.005737125835120407, 0.0057398126468028296, 0.005731003660709821, 0.005757141137560002, 0.005697804637002401, 0.005667345272150386, 0.005543244299714731, 0.005620118661993266, 0.005562239015335408, 0.0054648778987949126, 0.005527162722376275, 0.005570850482485133, 0.005475269546587804, 0.005486015072087291, 0.005417943262685454, 0.005416843625835324, 0.005402144671391472, 0.005436360845699101, 0.005377955683832606, 0.0053580473916083875, 0.005359147158628482, 0.005307850396433119, 0.005281154976149901, 0.005211032942570307, 0.005336583432046415, 0.005222595672910762, 0.005229335121537778, 0.005186822156908554, 0.005205999547527646, 0.005142132785973324, 0.005186636432133462, 0.005129407486899213, 0.005126921162883408, 0.00510492460616398, 0.005041944041395372, 0.005013465473047496, 0.005015930511614877, 0.005056011392043807, 0.004957773028178559, 0.005006531697422362, 0.004987145316137239, 0.004967116815682842, 0.004869684952980169, 0.004990954055938851, 0.004844782878067216, 0.004885298960722374, 0.0051244382234893185, 0.004827160840085109, 0.004948251002773517, 0.004821442290422071, 0.004842966972715588, 0.004788678402028009, 0.004760759437603395, 0.00477814691029146, 0.00476991404423827, 0.004728413296271301, 0.004693433705307588, 0.004692888099986528, 0.004753126555188156, 0.004608940237479403, 0.004660615809033098, 0.004934767599009613, 0.004717341592349022, 0.004641097933317309, 0.004555034639563059, 0.004634176886451956, 0.004588482133087441, 0.004520744117855254, 0.004607127695200947, 0.004524028661193579, 0.004469645012465672, 0.004510779890102007, 0.004474948549879203, 0.004455015224081248, 0.004396226507934119, 0.004452350398029353, 0.004460071504188276, 0.004439458775853368, 0.004408362915223848, 0.004416852909999617, 0.00439445972124583, 0.00436744556559157, 0.004387260571503101, 0.004342239008386531, 0.004295490496361723, 0.00433593665882158, 0.00435919116388018, 0.004344295539454015, 0.004295987104208391, 0.004294689469310337, 0.004243848673222657, 0.00424643733973865, 0.004248152663996378, 0.004241380276866938, 0.00421732113028803, 0.004153782404073193, 0.004221728245648108, 0.004196205436166593, 0.004144534857812967, 0.004183647123260533, 0.004124968476264299, 0.004140673859508503, 0.004122759328285662, 0.004071635123103206, 0.004080533817877764, 0.004174084277432328, 0.004088291691716218, 0.0040695137784324585, 0.004020642092447049, 0.004062519980365813, 0.004014605497420686, 0.004031772891141789, 0.004003244583104074, 0.003985545919632311, 0.003982224759295851, 0.003923454108830778, 0.0043076520395626235, 0.003911387126362675, 0.004053413586081121, 0.0038783260902228987, 0.003910773207938445, 0.003957491513701624, 0.003937698445424164, 0.003881978980419443, 0.0039052595938787026, 0.00390940617420485, 0.003905288036303795, 0.0038879208927063047, 0.003827284715600369, 0.003856286058978915, 0.003923049241713425, 0.003999780683280538, 0.0037654745745887884, 0.003761480955847553, 0.003834496603434172, 0.0038543760461136607, 0.0037635275283685776, 0.003782312415280853, 0.003799093804343012, 0.0038021054140425893, 0.0037706326233557454, 0.003711927857443549, 0.0037296521647422376, 0.0037013253793677465, 0.0036701276541649826, 0.0036408554919492627, 0.0037037613553936107, 0.0037138964650091436, 0.003728609258069049, 0.0036579049705353986, 0.003615261887917341, 0.00364898109679454, 0.0036234785601011385, 0.003672117194821817, 0.003609727946875535, 0.0036160331042278918, 0.003577329265859362, 0.0036072433178416063, 0.0036200525012693783, 0.0036033210759025018, 0.0036151248832128665, 0.0035815763639921658, 0.0035399257429078253, 0.0035662794990996864, 0.0035337106314888146, 0.003487484921761473, 0.0034628383608179703, 0.0035053024814929138, 0.0034924485374552964, 0.0034714363492924574, 0.003519415876711276, 0.0034276316852692394, 0.0035260046992458406, 0.003465898217340515, 0.0034562399153331013, 0.0034486796425284125, 0.003433711128124269, 0.0035051653269982472, 0.0035085876448916076, 0.0034194603830246693, 0.0033953741946966664, 0.0034439032349012477, 0.0034455925517715004, 0.0034155398191615086, 0.0035096479305201265, 0.0035690020973039253, 0.0034680170542222876, 0.0034173167587758725, 0.003367972248779166, 0.0033662892141574376, 0.003359783666589998, 0.0033640537415879014, 0.0033392028503681243, 0.0033409310250182515, 0.003341660865552004, 0.0033157489755262478, 0.0033110562688769777, 0.0032816871464122904, 0.0033684561097712578, 0.0033239381805537965, 0.003335700281242497, 0.0032850422585690184, 0.0032840274631683194, 0.0032372472806315015, 0.003262670364874601, 0.003325037967288436, 0.0032305401220481807, 0.0033324115315094324, 0.00329318756776411, 0.0033213586144836536, 0.003288623151152567, 0.003249901105733111, 0.003225741425314242, 0.00317143651044484, 0.0032495578771212755, 0.0032503099062440462, 0.0032688159217290347, 0.003199423867514536, 0.0032196999019562635, 0.0032312106449262894, 0.003237256203787547, 0.0032352745780229297, 0.003239174357872862, 0.0031800715077285784, 0.003172910841090659, 0.0032560476061659414, 0.0032090867359838337, 0.003170181867358136, 0.003176926948143405, 0.0031811633152237988, 0.003121943694994418, 0.0032210834224159434, 0.00315216749677773, 0.0031107667542163695, 0.003139871959451418, 0.0031394672572151224, 0.003147324753341865, 0.003114277132832133, 0.003098393807404233, 0.0031717571032263882, 0.003160143670092762, 0.003103608994810513, 0.0031346929779218994, 0.003171019757453033, 0.003044221457517902, 0.0031405500900049993, 0.003069113890211246, 0.003121687184074429, 0.0031436924476698005, 0.0030733369693833916, 0.00306513711259178, 0.0030696345489673216, 0.0030552142812210457, 0.003056808948332203, 0.0030674688482248734, 0.003076767173255382, 0.0030292090754462726, 0.0030617613964172394, 0.0031774743056768623, 0.003036645594819805, 0.003034552588539505, 0.003060354928577645, 0.0030654319777120814, 0.003065757967432584, 0.003030048509800892, 0.0029938948339566732, 0.003018839609959663, 0.0030299580811347345, 0.0030103816716217703, 0.0030139050617066505, 0.00300179446230585, 0.0030521982297612906, 0.002927089269305511, 0.0030020691423443702, 0.002979784859867024, 0.002999744036049055, 0.0029318603308232287, 0.0030199213442410654, 0.0029686781026221185, 0.0029496904757275034, 0.002920272456012446, 0.0029675523268884547, 0.0029651720041342176, 0.0029255572195231922, 0.002949583030559907, 0.0029415145042941404, 0.002962498355656058, 0.0029317752881254694, 0.0029210323779672266, 0.002946589979289542, 0.002918596443835401, 0.002970829245114477, 0.0029202051357738543, 0.0028949285620905483, 0.0029473639310156983, 0.002938580389422589, 0.0029085012774944822, 0.0028970256856100606, 0.0028961119996683948, 0.002940527007807872, 0.0029070205240117847, 0.00293832413717362, 0.0029250492040984333, 0.0028598470871620168, 0.0029056402877211383, 0.0028848094537588316, 0.002882831951137474, 0.002896421587104118, 0.002937038628666486, 0.002835472240082512, 0.0028691187278078404, 0.0028282221723032984, 0.0028585709738945045, 0.0028816047177509475, 0.0028409465273461845, 0.0028458737475764435, 0.0028743865228531176, 0.002883545966894599, 0.0028726894983497507, 0.0028322584850493434, 0.002825479598889753, 0.002849942516288234, 0.00293686312714298, 0.002854737218895713, 0.002828295576796838, 0.002839119845014405, 0.0028625183626227345, 0.0028631803477315583, 0.0028429531418849964, 0.002798568349561415, 0.002815360492195542, 0.002948368796509764, 0.002817019924653387, 0.0027795408378578344, 0.002781259613158041, 0.002811185252480904, 0.0028583769031163765, 0.002830544993541052, 0.0028602587953098207, 0.002826560473860565, 0.002816428248429253, 0.002731487154934877, 0.0028202839700913742, 0.0028280400552435116, 0.002834114709069778, 0.0027779555166433443, 0.0027862093082625344, 0.0028214410654793364, 0.0028081481891878133, 0.0028530266575068934, 0.0027427370097121997, 0.0027656032172802656, 0.002825634804499816, 0.0028137121488427098, 0.0027977990153543277, 0.0028614652317259823, 0.00275625372321789, 0.002785348022720764, 0.0027750156638311394, 0.0027852276000612628, 0.002745112187972748, 0.002787872311431719, 0.002781122553338929, 0.002823688683948096, 0.002763881815601261, 0.00277293167246768, 0.002830236278313938, 0.0027681796424896955, 0.002797116735745524, 0.0027471873036896454, 0.002794381182937313, 0.002749562905662058, 0.002696897370962426, 0.0027810276325618316, 0.0027721968437626563, 0.0027282002501085464, 0.0027624063036554847, 0.00285844393046675, 0.002684793613595741, 0.0027211860042977284, 0.0027018852822077947, 0.0027844829353631767, 0.0027263375089198335, 0.002727667093252332, 0.002743553627682686, 0.0026803686409891223, 0.0028066773695513358, 0.0027280696868229692, 0.002756417475346483, 0.0027415866193200374, 0.0026539200318783343, 0.002681339455019695, 0.002743653694160371, 0.0028041092822518477, 0.002763952508000337, 0.002703871074610653, 0.002734853824593668, 0.002677035410840414, 0.0027899006971992477, 0.002744626206635804, 0.0028024384789051508, 0.002710056816232507, 0.002693014365857685, 0.002684123444018324, 0.0027017230152727887, 0.002723537022165759, 0.002665484372728817, 0.0027268469234812812, 0.0026848164732005903, 0.002682821058664351, 0.0026705444605234397, 0.002708028018965773, 0.0027598316264614126, 0.00268278415750174, 0.0026886850359088706, 0.002703336687295998, 0.0027140068041970515, 0.002660342216352882, 0.0027234762785569738, 0.002731310709332248, 0.002679541056159498, 0.0027045743905748107, 0.0026584451883539806, 0.0026957185829189784, 0.002807360104956627, 0.0026823630943998422, 0.002690405278064448, 0.002679183063492876, 0.002641772446408676, 0.002694048439302408, 0.0026993355546347233, 0.002642378801815336, 0.002636788319877428, 0.002643722649884932, 0.002645020410969414, 0.002676123642039601, 0.0026557433380244204, 0.0026989890683136743, 0.0027146788409687056, 0.002650295629253736, 0.0026746871396011273, 0.0026540641032848397, 0.002662354756488099, 0.0026630637196604716, 0.002688315220809016, 0.002645900087844349, 0.002630743816387351, 0.00260051457336405, 0.002633545128529932, 0.0026947329491170905, 0.0027017550574006707, 0.0026291089694755656, 0.0026227911534495167, 0.002633513056149836, 0.002631456095764116, 0.0025982861621625555, 0.002673999135597297, 0.002629422459501014, 0.00263391740953096, 0.0026640859175683512, 0.002659275420885292, 0.0026340440946555728, 0.0026241344200184234, 0.002619499080968301, 0.0026394416358302103, 0.002617518275796885, 0.0026468629978792027, 0.002639156769271136, 0.002643775288189986, 0.0026204384410790306, 0.002593337074195332, 0.00260517551115372, 0.0026239649330863694, 0.002524387430921331, 0.002575339137690491, 0.002622261993001629, 0.0026361020187126473, 0.0025703475023030557, 0.00259840639144424, 0.0026455334548550883, 0.0026040341009793263, 0.0026139812913333143, 0.0026362149372699617, 0.0026137929487265368, 0.0026107757001897075, 0.0026141818733181666, 0.002574562137511677, 0.0026186725812758385, 0.002598000356178184, 0.002616572849835427, 0.002570848163658002, 0.002594685738055001, 0.002600387680788398, 0.0026258410097563436, 0.002680692056056378, 0.002585799792239033, 0.0025566877086392586, 0.002608177621840207, 0.002578518704671275, 0.0026029077983046405, 0.0026315399608076743, 0.0025749992937220078, 0.002667928814881248, 0.0026051275388471557, 0.0025710530885012495, 0.002640649994478471, 0.0026143563470486676, 0.0026065576204770107, 0.0026088214818221845, 0.002623448578456477, 0.002537237792484012, 0.0025851463166766146, 0.002628018488735083, 0.002568294412397407, 0.002621905924533426, 0.002626835840313835, 0.0026520445537875177, 0.002557615579072581, 0.0025657983413539297, 0.0025289825685671807, 0.002610020927178469, 0.0025192510242754954, 0.0025750157451785495, 0.002570637368595936, 0.0026096071289834076, 0.002620429509704569, 0.002612406539227824, 0.002588517286639103, 0.0026147393622540024, 0.00256358975446015, 0.002504362313193832, 0.002627545226504142, 0.0026139183339209562, 0.0026046211341003195, 0.0024993718422396585, 0.002571222304275702, 0.0025696363858158395, 0.0026169072569995457, 0.002550041883983775, 0.002561392457377691, 0.0025687077547780638, 0.0025832546954857355, 0.0026258740301620237, 0.002555669525929913, 0.002559652180741016, 0.0025568036640697144, 0.002562319651213837, 0.0025831315546760913, 0.0025263476982174183, 0.002569152750855684, 0.002540591646997049, 0.0025885906838009546, 0.002591675557695591, 0.002539437594027457, 0.002576238926232736, 0.002583687400830912, 0.0025575801340892565, 0.002559665678424997, 0.002557740141263968, 0.002513175676309511, 0.0025641565799265024, 0.0025233517659174116, 0.0025468893416743963, 0.0025472691639676173, 0.002534274346539917, 0.002558512214946656, 0.002528570510998286, 0.0025462012863653413, 0.0025432117141439875, 0.0025243126149323445, 0.0026598731877304363, 0.002565936510405832, 0.002548807517302798, 0.00257473236569678, 0.0025814327602925137, 0.0025222257415851, 0.0025343949910689887, 0.002698521793599681, 0.0025459378951404052, 0.002525492741770304, 0.002573623082579596, 0.002514270789550785, 0.0025170009923731183, 0.0025607646136296975, 0.0024901788126319804, 0.0025851397236081783, 0.002560476424266396, 0.002560736646275621, 0.002533695608855771, 0.0025093307336541064, 0.0025487341083251526, 0.0025719567251772453, 0.0025901340400689182, 0.0025447982790260584, 0.0025775851608005784, 0.0025404993218583836, 0.00254590011630524, 0.0026257095803236697, 0.00249119171302838, 0.002583736425238372, 0.0025375912638256194, 0.002548467206980247, 0.002543679613668618, 0.002546001933945656, 0.0025474019154123157, 0.0025342125640830954, 0.002518864485859307, 0.0024759243913888692, 0.0024995535163813364, 0.0025666379586926076, 0.0024558270919228524, 0.002540759652589664, 0.00250401521510433, 0.0025435980591228657, 0.002525758537925116, 0.002563435764741791, 0.002523744618379154, 0.0025984180530940772, 0.0025421998049153546, 0.002529188176553881, 0.0025129935765149007, 0.0025297902759035705, 0.002542970369956884, 0.0026510755811046225, 0.002557265394841498, 0.002533962967806483, 0.002514844792953063, 0.0025538149677594617, 0.0025905814452230327, 0.0025941607191735674, 0.00253317333671452, 0.002563078222196093, 0.002556477035158006, 0.002530652834671206, 0.002582214612912843, 0.0025545587947576275, 0.0025481773801418832, 0.0025174362491607854, 0.0025058274664795767, 0.0025378852588231852, 0.002539612965076191, 0.002503603253837029, 0.0024819346006267006, 0.002518971033696227, 0.002493899440856031, 0.0025013996666906043, 0.0024832651333457274, 0.002520585442045721, 0.0025091530145483504, 0.0025418230950060993, 0.0024758237281597237, 0.0025360344559555437, 0.0025447214687811634, 0.0025399072068597703, 0.0025262350983259615, 0.0024968149920471913, 0.0025064278612514234, 0.0025402768729417516, 0.00249821367461449, 0.0025398184115973206, 0.002543173816378175, 0.0025210481987213928, 0.0024782249879742933, 0.002492730021760843, 0.0025387732795989857, 0.002516607754050013, 0.002539184098447048, 0.0025530360159537746, 0.002537481795917148, 0.002640382588802338, 0.002542979232922036, 0.0025417989373288487, 0.0025213024372273936, 0.0025175223573978, 0.002541117644729253, 0.0025391224220399594, 0.002487939199588712, 0.0025254549232883445, 0.0025901151051698507, 0.002494092550130272, 0.0025170245089251534, 0.0025532479123621657, 0.002571414890348705, 0.002452908072517038, 0.0024938856407014276, 0.002475056114151448, 0.0025171223387436613, 0.0025282556433929497, 0.002506680488309366, 0.002578949879600724, 0.0025304932459695594, 0.002501855896374632, 0.0025220174081102714, 0.002509832501297498, 0.00256838178292378, 0.0024903224883359967, 0.002501695059268934, 0.0025067986081292264, 0.002506536409599311, 0.0024946356525821487, 0.002536406859108649, 0.002487272659083187, 0.0025361624568912542, 0.0025247423952173297, 0.0025145264635243136, 0.0024571497664560875, 0.0025027182183577894, 0.002491064295922433, 0.002483275324593305, 0.0024787464975498216, 0.0025609925856754207, 0.002549925149371244, 0.002498440106159785, 0.0025312976290002513, 0.0025647318746738258, 0.0024877918028061758, 0.0024827330355555646, 0.0025707629470801668, 0.0025652838090145093, 0.0024911390381331337, 0.002528065836969282, 0.002493377974865837, 0.0024998924666603636, 0.002477992093980937, 0.0025074741856507894, 0.002503203410487702, 0.002469836461925109, 0.0024192217684045965, 0.0024903105817238895, 0.00251184391785665, 0.002457838099710563, 0.002533644839718562, 0.0023683518690840403, 0.0024498203452896715, 0.00242170071262853, 0.0024946765071683728, 0.0024631219656498123, 0.0024841996906696698, 0.0024473468770953417, 0.002471153308285585, 0.0024553884637093367, 0.0024808677784717674, 0.002497254036263836, 0.002439376777608134, 0.0025530624673448057, 0.002504229358311801, 0.0024919580054861413, 0.0024208151033422824, 0.002445270354442933, 0.0024311457256219957, 0.0024969529816211964, 0.002502783635176995, 0.0024667601883418865, 0.0024919583620540984, 0.00248230266539361, 0.0025307454628523086, 0.002523824771338115, 0.002462279556241403, 0.002510390877760806, 0.0024922038778688485, 0.0024364975612582124, 0.0024849355563768866, 0.00247288012434092, 0.002483983167460334, 0.0024826153523101, 0.002484661214636775, 0.0024553137331361228, 0.002541138030868772, 0.002448955049338664, 0.002528831311734051, 0.002485139525537519, 0.0024401117751172907, 0.0024593553702153604, 0.002517014956095249, 0.0024339992073903675, 0.0024882582074225797, 0.002437221258565912, 0.002446588288899655, 0.0025171289309938033, 0.0024513364395094385, 0.002441644205131959, 0.0024934270161035654, 0.0024655074706181838, 0.0025424668948321777, 0.002473337897440329, 0.0025593079299657466, 0.002513284935364225, 0.002497608274993314, 0.002499781796453629, 0.002525758634162459, 0.002512739216563069, 0.0024755138902061986, 0.002453932402230326, 0.002496215958615901, 0.002436012379260526, 0.0024579477661674887, 0.0024416787132834124, 0.002468466077951941, 0.0024825106737302993, 0.002531607788861322, 0.0024699067159575506, 0.0024518110559136686, 0.0024500624389617526, 0.0024622299605241826, 0.0024802712786982043, 0.0024594308470240944, 0.0024780774007679613, 0.0025005334038094057, 0.0024821200684253795, 0.0024620271763040043, 0.0024926572994043395, 0.00244240942030224, 0.0024397847213648224, 0.002568742321562827, 0.0024229848012464294, 0.0024798262756415075, 0.0024541299602202898, 0.0024834697445107346, 0.00247608058726068, 0.0025957662225914854, 0.0025026420402732203, 0.0024477443879953806, 0.00250065227868824, 0.002509994057901477, 0.002463611593018337, 0.002600768637359804, 0.0025365811218708944, 0.002462764630804466, 0.002441740967011608, 0.0024410584117074, 0.0024690141085225467, 0.0024892267547651924, 0.002418622511116361, 0.002465122854714381, 0.0024939682979584644, 0.0024850226497520308, 0.002457972473543126, 0.0024876790412234925, 0.0024518797329893503, 0.002467478785533826, 0.0025172359060410933, 0.0024400949285771326, 0.0024617123266955474, 0.0025040080549322548, 0.002502573949779858, 0.0025150077663597366, 0.0024705525115555934, 0.0024393416938523604, 0.002461130239306576, 0.002520453474501158, 0.0025257939905022437, 0.0025636872381920588, 0.00243729719010066, 0.0024885050545982146, 0.002435406177587771, 0.0025032007453696823, 0.002493553513644928, 0.0024130494114476364, 0.0025030024921017, 0.002471179034564339, 0.0024969429949312995, 0.0025439900763419994, 0.002492816849050986, 0.002462853458673118, 0.002457767427230281, 0.002600134968359095, 0.0024383622292761583, 0.0024867108264683465, 0.0024312445325543404, 0.002493972839478222, 0.0024802509363563157, 0.00247531107254642, 0.0024734436010402133, 0.0024212678006210043, 0.002474235887734516, 0.002459281268242152, 0.002503011677685889, 0.0024558065100926804, 0.002497511513298958, 0.002440298905804696, 0.002517475864481649, 0.002497993201134275, 0.00245960423429705, 0.00243474096582133, 0.0024102949742061714, 0.0024376728386432405, 0.0025187403201151494, 0.0024058402645716318, 0.0024896647312495812, 0.0024567687309993034, 0.0024363375516068026, 0.002443561085113996, 0.002450194426467255, 0.002504686318469006, 0.002522564506223927, 0.002484750969235269, 0.002470476139245904, 0.002472272135883928, 0.0025025176210448415, 0.0024190088344699014, 0.00247028537801675, 0.002477407038772274, 0.002531375045992469, 0.0024691800037796325, 0.002403311229498521, 0.0024400513221267514, 0.0024336414277165166, 0.0024653746400207185, 0.0024600454503939267, 0.002463213336776681, 0.002478836340150101, 0.0024816802112499242, 0.00246838803672646, 0.00240444736243484, 0.0024395987834595124, 0.0024717948236178187, 0.0024755585917703295, 0.002461453968052097, 0.002412307686526729, 0.0024430538566273907, 0.0024334262173556997, 0.002411357313585322, 0.002422516006173112, 0.0025386172973620317, 0.002465145927021315, 0.0024501168962194663, 0.002424091263902807, 0.0024104716185268803, 0.0024123977257024423, 0.0024143569492169844, 0.0024131824402969996, 0.002463918487114011, 0.002417910847752614, 0.0024061500438929957, 0.002405879553693343, 0.002445179768210674, 0.00242726695926138, 0.0024965621945516677, 0.0023680943598778426, 0.0025029097061562504, 0.002552306117113091, 0.0024534587903835454, 0.0024861736617618918, 0.0024381389349301926, 0.0026187114370551244, 0.0024517969358874296, 0.002411436877303269, 0.002517979353337027, 0.0024770829546713583, 0.00250823035156687, 0.0025355995882317644, 0.0024366905306084817, 0.002446275125312214, 0.002448255660220543, 0.0024764239504202336, 0.0024621893287598523, 0.002503010082277891, 0.002430570345723368, 0.0024817280394072248, 0.002421735332246274, 0.00240446407956313, 0.002406921060231842, 0.0024238066442051347, 0.002350766806325769, 0.002490861480187337, 0.002457499382856772, 0.0025249362365804117, 0.002516959276706569, 0.0025266809013414254, 0.002386091549372584, 0.002371798178053689, 0.0023922971505824743, 0.0024569549741977536, 0.0024226402929602205, 0.0024663632903512535, 0.0024292445958912032, 0.002467006489420353, 0.0024704582065823407, 0.0025172145538967464, 0.002401874196659393, 0.002431490345693093, 0.0025016553259998037, 0.0024915905560980996, 0.002459382023394639, 0.002352681130373963, 0.0025342404495043223, 0.00248284799579694, 0.0024922934918445, 0.002396503282691326, 0.0023983108402161088, 0.0024844844567501463, 0.00247803379337656, 0.002425621481283779, 0.0023674250333262444, 0.0024296398134120035, 0.0024776580798807958, 0.0024317363931896816, 0.0024028258974678317, 0.002413759716580162, 0.0024744176698648164, 0.0024665946281686316, 0.002439254025104619, 0.002423188066564054, 0.002436121488146255, 0.002488729339637611, 0.0024398905582343287, 0.00235056143410173, 0.002407576971922808, 0.0024249456060128224, 0.0024017916841710617, 0.0023753029557849414, 0.002450638588379511, 0.0024118088699936254, 0.002380083343194608, 0.00240693592812424, 0.002404792378929974, 0.0024347490639308124, 0.002422526125669936, 0.002428428170529384, 0.0023672663893169036, 0.002400410298223322, 0.0024494284574446915, 0.002379993007178656, 0.0024819388961370837, 0.002468421531236032, 0.0024465522375639957, 0.0024119670887764607, 0.00234501004721202, 0.0024230116529992377, 0.002395052171408045, 0.002442465594162747, 0.002435426512741263, 0.0024791887037794603, 0.002450471846627966, 0.0024056490860310258, 0.0024647186547745383, 0.0024082781629823705, 0.0023986825012053616, 0.0024347122871458764, 0.002375023255412476, 0.002434699306738368, 0.0023714205464112586, 0.00241120095423992, 0.0024408591895137026, 0.002340581925091129, 0.002425707860947294, 0.002386943365266947, 0.0024492141959726464, 0.0023493503847177087, 0.0024318189278106205, 0.00237844446350295, 0.0024341109983731803, 0.0024157469968134142, 0.0023579813051236432, 0.0025017479463886674, 0.0023942641704306133, 0.0023981048100473103, 0.0024201081049237067, 0.002407025189907182, 0.0023755124687325304, 0.0024543380447509134, 0.002330045943942054, 0.002377959188518936, 0.0023854913969965485, 0.0023796835740591297, 0.0023740413804531246, 0.0023737728192614878, 0.002382350742094272, 0.0023730964915397467, 0.002414460385823502, 0.0024052674738458558, 0.002442688805011729, 0.0024492300472290073, 0.0024328425738771556, 0.0024071636620354537, 0.002418135695670548, 0.0023969275780669264, 0.002469306439538176, 0.002375599240234229, 0.002401401510285011, 0.0024352805320944984, 0.002412317229273147, 0.002400271660136198, 0.002382116845649269, 0.0024254509865618092, 0.002410708787115906, 0.0023723090293262783, 0.0024055038278138247, 0.0024432609404958306, 0.0023970624308036394, 0.0024534895363405532, 0.0023994512561769754, 0.0024421013223515633, 0.002403045375624192, 0.00236871474977396, 0.002392450676191603, 0.002390809490893276, 0.0023686979726875, 0.0024464847188714767, 0.002511255280156666, 0.00240713702066323, 0.002446355810851177, 0.0024208070913968936, 0.002447413871578208, 0.002404791667943983, 0.0023807665100731286, 0.0024882189469700197, 0.0023682392866333207, 0.0024589337481500753, 0.002468836356379484, 0.002414557284006785, 0.0023945347996408846, 0.00243398713122089, 0.0023835232026233927, 0.002406255940654257, 0.002342475984228052, 0.0024153428259895485, 0.0024751815492980323, 0.0024056734376045647, 0.002387040072763466, 0.0023765799275052325]