Model Setup for Melancholic Patient 3:
ITERS=2000
LEARNING_RATE=0.001
OPT_RESET=None
ATOL=1e-05
RTOL=1e-05
METHOD=dopri5
Input channels=2
Hidden channels=32
Output channels=2
Runtime=339.65438199043274
Optimizer=Adam (
Parameter Group 0
    amsgrad: False
    betas: (0.9, 0.999)
    capturable: False
    differentiable: False
    eps: 1e-08
    foreach: None
    fused: None
    lr: 0.001
    maximize: False
    weight_decay: 0
)Loss over time=[1.3420936361749327, 1.2751774058339358, 1.2121937900727175, 1.147887231052578, 1.0733263191830245, 0.9859820763584263, 0.8985838208043383, 0.8100284413933451, 0.7334912752133527, 0.6575350505810753, 0.5924337942296145, 0.5355255173156794, 0.4808785595993998, 0.4358390746464377, 0.385903913731077, 0.356686561625327, 0.3263798551460854, 0.3040421354745169, 0.2794316671196049, 0.2597387066077977, 0.23759858241277854, 0.2471981804288447, 0.2425131058593264, 0.23436586630419723, 0.2250618276708289, 0.22610906817799978, 0.22435881017205295, 0.22024498757943373, 0.21960761369479306, 0.2133386557399592, 0.21079227332757638, 0.2069609712998629, 0.2053150400084654, 0.20252269627988717, 0.20110536988979122, 0.1999598721815257, 0.19784229261860523, 0.19689918151669536, 0.19481222494402903, 0.19243100166657953, 0.18923819505802283, 0.18629533004114449, 0.18174492770729364, 0.17780145781324663, 0.1742663297229411, 0.16950043665755044, 0.1651559128094044, 0.16142534312227513, 0.158019988096889, 0.15482206737409668, 0.1528871674679064, 0.15077352907751157, 0.148006379010181, 0.1461967145848422, 0.14402948842073274, 0.14261809897682645, 0.14105485609868287, 0.13983043674991513, 0.13848722561751317, 0.13669413549440515, 0.13405934010731776, 0.13304998505496177, 0.13183837899895165, 0.12932015068287445, 0.1285990689762642, 0.12679599672488856, 0.12493563161539965, 0.12393406183094607, 0.12291225873996557, 0.12164383106427355, 0.1254258999714562, 0.11893529895706934, 0.11782176210931108, 0.11647782795405673, 0.1153880052994045, 0.1142073665440297, 0.11313708685719365, 0.11184888187255276, 0.11088269513418196, 0.11032179059287288, 0.1091959516860263, 0.1080707931619404, 0.10635751096175904, 0.10643676131129955, 0.10532883663271429, 0.10449376769393227, 0.10389114929964884, 0.10278834765981183, 0.10219150341101052, 0.10140853438852336, 0.10083723434887154, 0.100032867764813, 0.0993194370399736, 0.09842190795879974, 0.09817334316656784, 0.09725461863631348, 0.09675176444970934, 0.09592103678587213, 0.09539409177724392, 0.09469108636893839, 0.09422432528662726, 0.09323846437451039, 0.09296428817074469, 0.09228117197686282, 0.091687287620443, 0.09067539431468358, 0.09054136125796088, 0.09013420512840903, 0.08923731824039281, 0.08875628291452466, 0.0883518524552609, 0.08755084135268958, 0.08713273747543486, 0.0867805909808025, 0.08607363939594145, 0.08569721337504727, 0.08495628391486795, 0.08448950066187527, 0.08529223232084329, 0.08365051356821838, 0.08306793282759246, 0.08244885941060576, 0.08201638490459946, 0.08145257122072391, 0.0865406869503762, 0.08059593109765195, 0.08030461565664769, 0.0799193884327898, 0.0793068474786898, 0.07881194491164645, 0.0784034534224009, 0.07774027883099496, 0.07722976339109255, 0.07676991378742916, 0.07630940297606598, 0.08284919221541118, 0.07552672875204841, 0.07501814302541311, 0.07480310292017589, 0.07445620844026325, 0.07395666144471681, 0.07363953106579689, 0.0732187534411818, 0.0726675916586597, 0.07233309950270272, 0.0719663011499591, 0.07133002690796814, 0.07114444049153587, 0.07071539291390888, 0.07005942515540274, 0.06991019088084148, 0.06944816385762885, 0.0690884075810877, 0.06849577825723195, 0.06838250216763343, 0.0681103483392738, 0.06752637434842619, 0.06719868978021977, 0.06666734672806345, 0.0664630664377944, 0.06598491418252976, 0.06565487674919503, 0.06535425537898827, 0.06501480155595547, 0.06460141507121274, 0.06425308085548277, 0.06389958331287017, 0.06341916430466293, 0.06319448976381409, 0.06266024075955676, 0.06248398989359012, 0.062011895731152754, 0.06175510835652031, 0.06144245469864123, 0.06102402057125316, 0.06077617778516212, 0.06042566826415238, 0.05999656927068902, 0.059620682973375395, 0.05949464087883947, 0.05902217319085478, 0.05884779895590553, 0.0584431299207177, 0.05813862199701023, 0.057914254859359464, 0.05759667805726587, 0.05728755881351359, 0.05699251681044201, 0.056631587866089614, 0.056360572215247776, 0.05600233901812928, 0.05566035130004783, 0.05523254532430526, 0.054949261511893194, 0.05482673666507894, 0.05467255506752131, 0.054100038003408076, 0.05392668647162858, 0.05355509577715614, 0.053389004918637226, 0.05290338104988302, 0.05271403602056357, 0.052322942480104315, 0.05215138672175479, 0.05189304546096649, 0.05169233443263485, 0.05118607845187829, 0.05101524623821379, 0.050486303873689437, 0.05040288488456015, 0.05018178869623195, 0.04991091404164056, 0.04971208196276191, 0.04912972177629167, 0.04917314989403627, 0.04895328645863499, 0.04855150693439531, 0.048365145341106607, 0.04828742386245433, 0.04787091271587495, 0.04755376507080895, 0.04735242323161745, 0.04713332725892027, 0.04684186042761433, 0.04668507438685257, 0.046316288407570586, 0.04615562526770789, 0.04592612889864595, 0.045618514093822206, 0.04538517613801656, 0.04512768356157853, 0.04500435791488999, 0.044666757083853044, 0.04453657610522006, 0.0441935231827238, 0.04412541059513416, 0.043733832714860844, 0.043628207848348706, 0.04327225800435192, 0.04316356430897255, 0.0429591185146289, 0.04267826504071431, 0.04231875279784714, 0.04222836324228602, 0.04230687853726843, 0.04181871299803699, 0.041601243281756115, 0.04150076547774131, 0.04122863110619388, 0.04091971164526556, 0.04065252616349533, 0.040712301325831195, 0.04044381878357051, 0.0402197793016609, 0.040060922089302, 0.03978178427505445, 0.039532935228295776, 0.03927802807694446, 0.03906430618691798, 0.039038525259421225, 0.038778645878454025, 0.03877995008152904, 0.03854142747711043, 0.03818552309000596, 0.037900277404104295, 0.0375952654805636, 0.037646460049827794, 0.03743888051601146, 0.03713610262060769, 0.03709555419084808, 0.036856703529759824, 0.036740347011450306, 0.03660191646792212, 0.036389523690548826, 0.03615808934268719, 0.03595404095385871, 0.036010312220159914, 0.03557051136031386, 0.03539677713881609, 0.03574995362589426, 0.03505297617574952, 0.03488561467747948, 0.03491844205819268, 0.03450044204152202, 0.034439161073004966, 0.034161854617205716, 0.03407687871489379, 0.033911515123348786, 0.03366188062943058, 0.03347032763131349, 0.03341641995056998, 0.033095307205626034, 0.03310953076135097, 0.033043955970515466, 0.032768601650343315, 0.03264132980537803, 0.032456855359998864, 0.03220459143619916, 0.032099105220154064, 0.03191514333503433, 0.031620394337172314, 0.0316273870947632, 0.03127017483744959, 0.03129668771026005, 0.03120495708946119, 0.0310634276518334, 0.030934512223211932, 0.03067614793573852, 0.030708102057145095, 0.030424267284710184, 0.0302490287739598, 0.030114872062741615, 0.030052364486794478, 0.029835794895129327, 0.029609995937647873, 0.02952107897542282, 0.029433074457062437, 0.02918094503524479, 0.028996685818889555, 0.029089057072152515, 0.02882016345548024, 0.028739409558584658, 0.02852662279924497, 0.028454559002883708, 0.028343088951940834, 0.028284816663073354, 0.028028277968258228, 0.027836373586351704, 0.02784009578897428, 0.027537168444637394, 0.027510327368572986, 0.027338697306968328, 0.027448629365465757, 0.027050437126350614, 0.02696612503566618, 0.026975076819990947, 0.026695565511632758, 0.026548932759835307, 0.02651275305289635, 0.02630416190884631, 0.026395919736113035, 0.0263305852441031, 0.02615863992744026, 0.02623303098111943, 0.025770703925100266, 0.025479594547182512, 0.025655154234211063, 0.025576451158215052, 0.02537381608360143, 0.025146136462898913, 0.025162043376431773, 0.02503954370841556, 0.025130957424953783, 0.024528651489263645, 0.024806970151618212, 0.02483651424601808, 0.0250599460357274, 0.02412487411960817, 0.02434811626059002, 0.0245911289376575, 0.02432320383049925, 0.02379000499151377, 0.023731972490728694, 0.02392714380769931, 0.024120804888100148, 0.023286815983499746, 0.02320266453802963, 0.023348074266157225, 0.02331517873041147, 0.023041542061817077, 0.022811770041647642, 0.022870225657095924, 0.02278079142119941, 0.022592306494487693, 0.02250334597534792, 0.022452219124157208, 0.022156789680682246, 0.022202921312955825, 0.02199213597310853, 0.02185374460293613, 0.02191232152146576, 0.021804400455848902, 0.02155294638544396, 0.0215208593794935, 0.02148257657227323, 0.02143214571584361, 0.02125202532736766, 0.02108231987266886, 0.021241554851459264, 0.021034761551285034, 0.020951281228389785, 0.020761304133620814, 0.02069214215117594, 0.02067372844499825, 0.02047877482615509, 0.02052688269434586, 0.020292299629996423, 0.020149990281191046, 0.020084823057630832, 0.020091440521546385, 0.019911833988254315, 0.019920624789668825, 0.0197842201536944, 0.01980554508802621, 0.01971036584389626, 0.019548861630628786, 0.019563597714770432, 0.01931033390668735, 0.019303322028514088, 0.019237210028713803, 0.019102574661377953, 0.019061146192894885, 0.019065313841613307, 0.01889664408532169, 0.018810258357404717, 0.018605087832184307, 0.018706009139114018, 0.018505621209783635, 0.018596122088600838, 0.01842825894756891, 0.018306181838476987, 0.018322283614568616, 0.01823701938022015, 0.018159897518822486, 0.018013622425092312, 0.018069036803563955, 0.01784855209179277, 0.01770732604956199, 0.017728933403482826, 0.017656313732668474, 0.01747652698299025, 0.01739398463853167, 0.017482948117364613, 0.0173240906118375, 0.017294282291657213, 0.017126309057318226, 0.017064871135539714, 0.016996974959992996, 0.016930391850471148, 0.01688652298930922, 0.016809034277927827, 0.01672658624463905, 0.0166077189636083, 0.016510869776007634, 0.016627960499898783, 0.01637845520570893, 0.016376730949757723, 0.016387280608611457, 0.016345810851450024, 0.016172935373732766, 0.016089807604126573, 0.016000255892189907, 0.01612334834728599, 0.01585871743940698, 0.015798498673085123, 0.015813446030153895, 0.015766322397768803, 0.015639219816216163, 0.015645008307707445, 0.01554922979426011, 0.015403267482372036, 0.015306633590253204, 0.015418698627703387, 0.015298096100723003, 0.015269201753272994, 0.015239519358687474, 0.015085055741875941, 0.014920385915447204, 0.014867043798884916, 0.014837051016033866, 0.015184644427857164, 0.014669026047898704, 0.014724670241886924, 0.014675045815709492, 0.014644616701275592, 0.014536626245233376, 0.014397944881274927, 0.01444699440589048, 0.014471769558916764, 0.014293770780487961, 0.014326751428688085, 0.014201857423109797, 0.014067208700822923, 0.01397419349214451, 0.013912200869108365, 0.013989684266845366, 0.01396684421007663, 0.013839062256357178, 0.013801186640930723, 0.013772200621020525, 0.013665167828467512, 0.013568256452563049, 0.01364659046314297, 0.013608615433159423, 0.013299265214471057, 0.013323302821891514, 0.013237427800588092, 0.013306314305085566, 0.013133736385969024, 0.01310494284824165, 0.01304826957191335, 0.012982365011066532, 0.012986633479526477, 0.012848048758009194, 0.0128202743097589, 0.012912103249091623, 0.012704421697805873, 0.012688479135658742, 0.012599549135985875, 0.012759869424446475, 0.012589196574784493, 0.012502903668746644, 0.012527901153358945, 0.012487197890128459, 0.012239428595996431, 0.012279917919402165, 0.012494922116888562, 0.01222394689645137, 0.01207323336652679, 0.01209860285139725, 0.012132281273571365, 0.012031372943464052, 0.011953967817222766, 0.011779207845483523, 0.011741173146518872, 0.011689708771382479, 0.01182026527511188, 0.011666493158233582, 0.011647190982189415, 0.011636326377574236, 0.011591270959076956, 0.011479770320187445, 0.011369293045438973, 0.011400066770513041, 0.011363389640459435, 0.011172338708752274, 0.011258433818919554, 0.011175690188708037, 0.011153603415209174, 0.011016846596555184, 0.011086073154210315, 0.010981228260525644, 0.01096774217457286, 0.01095650824228212, 0.0110089177612284, 0.010748459816972545, 0.010684883490406348, 0.01091914347892793, 0.010785569158853842, 0.01057926592770775, 0.010795926949566737, 0.010712236694293305, 0.010482908873359094, 0.010464376769137054, 0.010575514746749816, 0.010456542131774337, 0.010329311389933126, 0.01026973307262648, 0.010252793332501684, 0.010098319318169026, 0.010126427900710874, 0.010086986431336252, 0.01004083421354317, 0.01002711263919775, 0.009928511597009207, 0.00993821053431654, 0.010114395627799914, 0.009864375458269995, 0.009770245108792819, 0.00985159939528496, 0.009881136798001051, 0.00973446502281298, 0.009559489894463953, 0.009890752550325744, 0.009942369294374804, 0.00950783086638665, 0.009625072238924415, 0.009740399327815532, 0.009371133013473672, 0.0093335887321568, 0.009446437595349404, 0.009419866265222048, 0.009217408064524557, 0.009130376742703934, 0.009481751933567296, 0.009210084366245484, 0.009107065925363339, 0.009106026354863257, 0.009094589523364238, 0.009036632982016733, 0.008990320928466975, 0.009053739723034915, 0.009047724991306587, 0.008879075779392828, 0.008810488899742142, 0.008933965137455488, 0.008837242343778305, 0.008716740139744432, 0.008704334398368844, 0.008641169482552601, 0.008708811645332458, 0.008444761582703129, 0.00850327610015328, 0.008706291426674222, 0.008526954715177582, 0.008369582075806977, 0.008502967378672278, 0.008402684791358039, 0.0082761595206578, 0.008288074409343517, 0.00828742891439025, 0.008185248415615501, 0.008112510563848844, 0.008378309848931993, 0.008118524487646127, 0.00812426810845364, 0.008166748455924439, 0.008012797330626152, 0.007990558125585636, 0.007902417385695817, 0.007907637092951813, 0.00783513915569601, 0.007789247293108741, 0.0077795022632282254, 0.007756938385416809, 0.007760511227506386, 0.007788847587737875, 0.007633906541391044, 0.007623691690244062, 0.007528828146643753, 0.0075554917052243755, 0.007561456640606224, 0.00749340513575798, 0.007471601372592376, 0.0074782535259526, 0.007411406797638157, 0.007370486904822152, 0.0073045338622233025, 0.00732030356748809, 0.007207257352848329, 0.007291357677155817, 0.007201961041459295, 0.007244659439787798, 0.007157527288840087, 0.007065775255033797, 0.007097695404606121, 0.0072549449610962245, 0.007023504567860303, 0.007011171862011107, 0.0069396489445683, 0.0068964101486868904, 0.006928848335189341, 0.006839281209772663, 0.006817873770045572, 0.006843453199394867, 0.006769124365777404, 0.006726321039156854, 0.0067391608867472565, 0.006696295205218358, 0.006656291879650284, 0.006736597281619042, 0.0066487817529221425, 0.0066169057489685245, 0.006672711000640522, 0.006717543020492176, 0.006494586613254348, 0.006435401082622996, 0.006419237600846014, 0.006599854091825072, 0.006387694661763249, 0.006316913866229497, 0.006465951281192295, 0.006305623284529189, 0.006269565196909536, 0.006224395360289012, 0.0064026409187349165, 0.006208407976777879, 0.006155537323773936, 0.0061049169814413875, 0.0060737386385385506, 0.006080976926259161, 0.006122006783845508, 0.005993008022554056, 0.006040254731407699, 0.006226956277607332, 0.005959869929434741, 0.006232470703950263, 0.0058539323833816485, 0.005812408101407809, 0.0058679662400139285, 0.005930022776752781, 0.005906788782179096, 0.005751684878976917, 0.005710568720337431, 0.005991637841984646, 0.0056939457447767435, 0.005660743197704821, 0.005728100854596787, 0.005737126281046448, 0.005598617972747518, 0.005602322168128376, 0.005632681241328519, 0.005609882364137988, 0.0055019729475938505, 0.005474880302590982, 0.005515394635116643, 0.005429212596411017, 0.005383325715602042, 0.00545618104516979, 0.005326477498222981, 0.005314015208980771, 0.005249478332472468, 0.005293690507594894, 0.005271159001971061, 0.0052832780360576185, 0.005234417824885724, 0.005309047291412864, 0.005152550153948269, 0.005169084639557217, 0.005133855853450925, 0.005146442433985107, 0.005110679743598367, 0.0050541407474900745, 0.005070586656420498, 0.005013896914347781, 0.005033865552922847, 0.0049191321276436245, 0.005003091701789562, 0.004924501341852922, 0.0048823345183804665, 0.00489898879967608, 0.004917443988803022, 0.0048944956448880115, 0.004866278670865558, 0.004778943724415018, 0.004749934589491133, 0.004871470593829504, 0.0047580678284276055, 0.0046829226332786075, 0.004698745131190387, 0.004805344994930892, 0.004640706863345637, 0.00473435683211628, 0.004566669098657047, 0.00456566972034482, 0.004559299681146898, 0.0045345327205641795, 0.00449271222342966, 0.004464604453895694, 0.0044788432574858796, 0.00446539005179893, 0.004450377415143784, 0.0043813929763818725, 0.004331584642576505, 0.004404426973541981, 0.004362125779543413, 0.004314212465721754, 0.004321675088712453, 0.004276304527446589, 0.004290829393609547, 0.0042560887733688445, 0.004247594474153443, 0.0042501805019271345, 0.004268351631472437, 0.00412989994737887, 0.004223049040891494, 0.004257441052683806, 0.00418081747947256, 0.0041867231196537945, 0.004259107857874919, 0.004181883423703028, 0.004214164619159036, 0.004058950763404604, 0.004052558145728494, 0.004120560261910869, 0.003971241152614333, 0.003995550103636731, 0.004122779874541818, 0.0039544677359179105, 0.003919605586674396, 0.0039924353961820905, 0.0038584031665989823, 0.0038409807704335355, 0.003829154507273617, 0.0038678288731729, 0.0038177601620988755, 0.003994710788361445, 0.0037472957968356178, 0.0038054110184694416, 0.0038620753782576418, 0.0036805713653656775, 0.0037182078672973605, 0.003780095900719689, 0.0036936709741825337, 0.003651747069785287, 0.003802213903565911, 0.003635988293296607, 0.003623056389713593, 0.00367824777843411, 0.003633344797497463, 0.0036216209326843346, 0.0035703616862292993, 0.0035574568219589736, 0.003497001426055538, 0.0036407103200466503, 0.003433568232916527, 0.0035012362278568267, 0.003507962013587501, 0.003482520214531094, 0.0034451354682850095, 0.0034247391071938974, 0.0033532014631537797, 0.0034281300481311034, 0.0033641652768245226, 0.0033259984777497973, 0.003325743375359449, 0.003302572747933852, 0.0033017934839478197, 0.0032822455958097002, 0.0034164403073952323, 0.0032891099669016, 0.0032492162786809738, 0.0032341872248655397, 0.0034316829971797317, 0.0033307748910679693, 0.0033363456792488183, 0.003411946472889227, 0.0031374674075398136, 0.0031797782202401034, 0.003345888382347508, 0.0032094389932089697, 0.0031494693698842237, 0.0031475582682460412, 0.003215496304253213, 0.0030873675695070792, 0.003124877470323434, 0.003157961394403946, 0.003039080610829761, 0.003224085265420372, 0.0032534744075406064, 0.0029880863395682464, 0.003473173211702823, 0.0033907768364864342, 0.0030361770601658278, 0.003205370550187293, 0.003254241503397998, 0.0029057564811462507, 0.003461771345565337, 0.003048900591300779, 0.002836484547088068, 0.0029396240272987384, 0.003099862645600091, 0.0028841550213539804, 0.0028245753591032196, 0.002844647048462419, 0.002899479394388918, 0.0031507629562389783, 0.0030551973708571488, 0.003074070766935576, 0.0028076965947854107, 0.0029008359887706587, 0.0029868695827454314, 0.0027340685244976156, 0.002723245129952129, 0.002822982598349918, 0.002797033008698621, 0.0027244718983678103, 0.0027129827426444295, 0.0027574651463821015, 0.0026611716126876865, 0.0028955575905849572, 0.0026866780161958134, 0.0027383524103424058, 0.0027703481138490194, 0.0026802039729852873, 0.0026463113559314338, 0.0030203399500532413, 0.0025663065944739726, 0.0026501618440642454, 0.0026211053443596297, 0.0025577234918514654, 0.0025095100703776516, 0.0025726524936536374, 0.002530865820511967, 0.0024991438434060396, 0.0025172314330311556, 0.002513694370440131, 0.002547823290674431, 0.0024542484324448347, 0.0024792224385322926, 0.0025734370223019086, 0.002395910720778057, 0.0026182022614114767, 0.002438009201141957, 0.0023651585701433037, 0.0024860368391572667, 0.002397153234684245, 0.002407493646419136, 0.0024891616668646006, 0.002440058148338881, 0.0024904203551933753, 0.002663908927021673, 0.002416192159094259, 0.002379714821137831, 0.002292222365621359, 0.002335812957421832, 0.0022624814272324757, 0.002474006656501416, 0.0023198514703356267, 0.0022595006265339764, 0.0025014150228069546, 0.0023165229728003165, 0.002299885105525819, 0.002421386654805784, 0.002226101666479794, 0.002247380497221024, 0.0022092747378826302, 0.0021838706411811755, 0.0022165625734735434, 0.0021477473632710744, 0.002150028023651073, 0.0021741155323347873, 0.002144296366390743, 0.002168180973917318, 0.0021232615137919456, 0.0021309108728812236, 0.0021785797128241143, 0.002083264527791309, 0.002165477484352181, 0.002154804311452648, 0.0020386110441364437, 0.0021476526530192397, 0.0020847727148621824, 0.002039454589087768, 0.002041110985100879, 0.0021289747124213494, 0.002025964290585307, 0.0020061764689956953, 0.002006844874317031, 0.001991090176532208, 0.001974965944885385, 0.001953106416321649, 0.0019729756540271173, 0.001951904714994853, 0.001955586059226126, 0.00195431498058104, 0.001986155321871131, 0.00194892575601368, 0.0019434275641071904, 0.0019469750796574591, 0.00189767224322391, 0.0019108396529413589, 0.002002371780847783, 0.0019129405586274758, 0.0019254015175566531, 0.0019385595344406628, 0.0018782855111537835, 0.0018459944577286767, 0.0021039076434997655, 0.001881820719584973, 0.0018222587173209418, 0.0020717775418182755, 0.0018590570540438936, 0.0018788899506756447, 0.002119766807711414, 0.0018213003029364343, 0.001935616863620318, 0.002014308891295091, 0.0017807363479768101, 0.0018882095547434789, 0.002019429080061182, 0.0017723722464162478, 0.0019539376310973387, 0.0018425317744651531, 0.001756634701191239, 0.0017712899751542869, 0.0017819071902082026, 0.001735623078514595, 0.0017324553295185374, 0.001837943653699964, 0.0017035111650874194, 0.0017313187027097631, 0.0017480458956615596, 0.0016815633468244594, 0.0017050433388073364, 0.0016906230546032393, 0.0017150742037659048, 0.0017019014077880785, 0.00168992586950361, 0.0016591136283905913, 0.0016629392107794787, 0.0017230943557331583, 0.0016626092430159986, 0.0016198552739063296, 0.0017198761009172556, 0.001599475863666435, 0.001630923072717539, 0.0020050094427276886, 0.0017031771504570773, 0.0021336559159923505, 0.001931106975662649, 0.0017335779181919038, 0.001972157801490111, 0.00192966379934167, 0.0017756438318072163, 0.001593365485244308, 0.0016161526624458521, 0.0017384533054870743, 0.0015418532835699196, 0.001565797583753233, 0.0016763448003285857, 0.001538224828610408, 0.0015385559143375296, 0.0015529556512584996, 0.001503367713613815, 0.0014976338019232365, 0.0016799548902922666, 0.0016645452716280492, 0.001613286423636002, 0.0015435153889694735, 0.0015074306276774746, 0.0015567674502169687, 0.0014721507834637932, 0.0016021682592213843, 0.0015621564581684633, 0.0014734787359740676, 0.0017578155023252441, 0.0014904557341769162, 0.0014725988744866692, 0.0014651240860425747, 0.0014753645805859826, 0.0014649328168718848, 0.0014644554982879692, 0.0014363401890025056, 0.0014548321612282888, 0.001421087872236869, 0.0014288424418714514, 0.0014071885965668733, 0.001526022934930465, 0.0014288651468393752, 0.0014659782782152568, 0.001405530077637737, 0.0014899365963796302, 0.0015079849106323798, 0.0013729064426061357, 0.0015139738934620737, 0.001381662126732714, 0.0013678898447990614, 0.0014944516483630717, 0.001450700248057684, 0.0014893879682621606, 0.0013612870573154261, 0.001431970812164465, 0.0014725588597391094, 0.0014101732889556155, 0.0013355643210760893, 0.0013320799412147677, 0.0017142781961772976, 0.0013333604341548737, 0.0013793300615569867, 0.0018157808672633448, 0.0013082214252163708, 0.0020258081391235742, 0.0013325569698716042, 0.0014247868470011573, 0.0013119611469516767, 0.0012971992287158743, 0.0012912310138523653, 0.0012849838303476849, 0.0013063793184392052, 0.0012806629949740744, 0.0013180237319638044, 0.001301905750374962, 0.0012534269209412783, 0.0012658306394144779, 0.001309698264679236, 0.0012560103113369522, 0.0012342222362793627, 0.001238044434603397, 0.0012541544159972778, 0.0012603453475397788, 0.0012910783768370641, 0.0012550549236428588, 0.0012473461532587396, 0.0012650879696511053, 0.001239004144629582, 0.0012835759364569848, 0.0012267341572964106, 0.0013133628482108887, 0.0012629194095902345, 0.001202309634825611, 0.001260474256820555, 0.0012110768805248127, 0.0013725014343552852, 0.0018989374592524313, 0.0023113761503457237, 0.0020181646312058955, 0.0011975784965752268, 0.0016758809762148564, 0.002503598054862569, 0.001165918408925455, 0.0014162976922806963, 0.001955224781063235, 0.0012643525864170335, 0.0015859735807339725, 0.002007098926585677, 0.0011845178685185103, 0.0018557106461408526, 0.0012321165384669656, 0.0012650762494215773, 0.0011540860164616748, 0.0011461094745151528, 0.001250031800612201, 0.0036448589535674463, 0.0012602289713792578, 0.008793612505060245, 0.0043084428229298675, 0.0011590261847741158, 0.003489559931143668, 0.00577825208477542, 0.0026716305487330463, 0.0013469826727257933, 0.002319120506987045, 0.0036036585057342167, 0.002706731154331775, 0.0015521751685186808, 0.0015256381921725235, 0.0027485949062545324, 0.0023028412127046967, 0.0017354683338684776, 0.0013343690123454833, 0.001739479865858804, 0.002116329149442249, 0.0017286047885907362, 0.0011932470994139885, 0.001310089729859053, 0.001518673608035767, 0.0018988681276883733, 0.0011551784711038464, 0.0011009535968769337, 0.0013759304256268125, 0.0016265542976539947, 0.0014629805239574545, 0.0010560657629889697, 0.0014433680816691781, 0.001776750798837889, 0.0014062325624831006, 0.001061050095940305, 0.0014353717319801806, 0.0014754251959284328, 0.0015275503761117938, 0.0010578308320214585, 0.0014760789758275564, 0.0017012515576290792, 0.0012132140152504888, 0.001064444427340914, 0.0010989786141051747, 0.0012073378255530128, 0.0012365447803489916, 0.0010818100823049375, 0.0011432484282802103, 0.0011128483605018153, 0.00145875920271678, 0.0010624899789558728, 0.0010173774370138334, 0.0011674751272335061, 0.0012908241988302358, 0.001149659751526363, 0.001071743424569895, 0.0010421488102854454, 0.0011699165693484401, 0.0010474906897426845, 0.0009811385545850865, 0.001008618970183888, 0.0010367005127338797, 0.0011217820883198974, 0.0010161861956738904, 0.0009965610067465913, 0.0010131463768928055, 0.0009910536438590414, 0.0009671426264163652, 0.0009734857086058072, 0.0009778062821708636, 0.0009814903907936089, 0.0009618482402172943, 0.001256218905930932, 0.0010110016193708065, 0.0011524855443359441, 0.000988490555299364, 0.0009336314500828981, 0.000963601014857078, 0.0009166347581604175, 0.0010896834812072656, 0.0010524017539843202, 0.0009385496622595493, 0.0010104722893164103, 0.0011013299042221445, 0.0010157000006104193, 0.0009271188098777392, 0.0009537340916641826, 0.0010515346152436178, 0.0009604267947684285, 0.0011868586492987448, 0.0009466183321315426, 0.0009725237539310573, 0.0009594701440630782, 0.0010312770002743716, 0.0009048609008366339, 0.000902764910186939, 0.0009375705127047372, 0.0009184722639173418, 0.0010956086331570059, 0.000878789263271861, 0.0012174022224926149, 0.0012720133879353334, 0.0012266476674243003, 0.00107737333013756, 0.0009610884145935257, 0.0009059290373380408, 0.0009841467316941911, 0.0009714017088679694, 0.0008888079251651894, 0.0008718460033604465, 0.0009156278942349156, 0.000906245048470345, 0.0008624888009809806, 0.0009165573446607117, 0.0008591783750837322, 0.0009765654239199848, 0.0009243975226290262, 0.0008616864043572334, 0.000854518087455771, 0.0008566893116512714, 0.00087669293344515, 0.0009694501457895969, 0.0009130776130101807, 0.0008245218053478387, 0.0009260099271269153, 0.0009838955902075443, 0.0008729248182640069, 0.0008434696481471938, 0.0008602894488703352, 0.0008650910525412229, 0.0008323694031722891, 0.000926222896509862, 0.0008588301144719056, 0.0008332861933009032, 0.0011581463718441203, 0.0008032256467383834, 0.0008154963162239182, 0.0008697099009591213, 0.0010115388721068789, 0.0008334522318891951, 0.0008030305681837453, 0.001073765202514572, 0.0009103879693257572, 0.0008203356076618473, 0.0008036405324455741, 0.0008433918619501576, 0.0009082681801570916, 0.0008307244900158582, 0.0008014068655569075, 0.0008032809707265669, 0.0008728125189228724, 0.0008591249495042113, 0.0008042305410434652, 0.0007995576316454704, 0.0007953395533133494, 0.0008960367960105714, 0.0008388650331160514, 0.0007921146212405551, 0.0007755238880863429, 0.0009248535954735469, 0.0008452578542598407, 0.0007956691746931386, 0.0007763717102498971, 0.0008244304430764443, 0.0007812019407128449, 0.0007664736676660249, 0.0007809692706732897, 0.0007639980425466805, 0.0008835765519426507, 0.0007804096668793531, 0.0007492839183131036, 0.0007593592324709631, 0.0009177562054759526, 0.0007997734527211517, 0.0007746411883775194, 0.0008144181573025319, 0.0007786657346627716, 0.0007873726694249326, 0.0007670745761726604, 0.000775025405961065, 0.0008121065872464714, 0.0008609169683929349, 0.0007634485530874147, 0.0008211748487518533, 0.0008054236735253882, 0.0007725117041418625, 0.000751884191362882, 0.0008113049144446167, 0.0007386491188946302, 0.000743436751338588, 0.0009229121405123595, 0.0007671085684379815, 0.0007431495251435476, 0.0008003694904595188, 0.0007768126816892029, 0.000730543974087746, 0.0007208036465881847, 0.0007810752510902109, 0.0007547143907704417, 0.0007168769237871443, 0.0007226655977416121, 0.000734536818052196, 0.0007618536681893933, 0.0007150092750810819, 0.0007303363563990142, 0.0007822510701907686, 0.0007083118575754705, 0.000713595482340081, 0.0007544439278613206, 0.0007163633600246202, 0.0007253205124029753, 0.0007141432770910839, 0.0007300447493318632, 0.0007045542939005891, 0.000718501976178947, 0.0007557826280204489, 0.0008602438458800464, 0.0007053726948826029, 0.0008197451961786914, 0.0007273801345743731, 0.0007324595894131987, 0.0006987804436214706, 0.0007339304743842024, 0.0007247481627343985, 0.0006898996794647119, 0.0007548542893274939, 0.0007184004709518893, 0.0007479990288754672, 0.0007263642565072778, 0.000735930683528561, 0.0006966652165133005, 0.0006949487921979979, 0.0006953469459373523, 0.0007087042617009892, 0.0007756909110886303, 0.0006865416244159349, 0.0008117491557028798, 0.0007440775853854912, 0.0006777440527487716, 0.0009543217284107073, 0.0006704520432312465, 0.0006883858316076808, 0.0007419962626820132, 0.0006869652659635007, 0.0006674541189217388, 0.0007004869327410427, 0.0006852693186507, 0.0007049178059244225, 0.0006769904520110284, 0.0007484580189735264, 0.0007087376120367513, 0.0006764359085087286, 0.0007650813492854254, 0.0008678709755245861, 0.0006593725896092367, 0.0007995743867095562, 0.0008155228779939749, 0.0006837758500012333, 0.000813228169131104, 0.0006820676764712493, 0.0006933985998316245, 0.0006554399039316902, 0.0006673965155426017, 0.0006550152012913945, 0.0006414606755753842, 0.0006782177879092155, 0.0006935307353621603, 0.0007046104188403192, 0.0006899713551541832, 0.0006818455241503613, 0.0007067589551827523, 0.0006949502332393217, 0.0006938927636320042, 0.000686635513129713, 0.001237574131375091, 0.0006647040049952581, 0.000670398525213689, 0.0006818127489220247, 0.0006388242264435263, 0.0006792728709635984, 0.0006461159342384204, 0.0006578730640385319, 0.0006524610545263372, 0.00062572234279785, 0.0007046455820577679, 0.0007369662353389323, 0.0006438488793138314, 0.0007682023472625845, 0.0007764891320767594, 0.0006359466138400077, 0.0010597620571991444, 0.0006203497744614636, 0.0006282807856584589, 0.0006719493787118246, 0.0007496698072623572, 0.0006859171353436019, 0.0006230656606657863, 0.0006009446912148046, 0.0006266456029502563, 0.000802700730188304, 0.0009693468590311446, 0.0006057688203786035, 0.0006202925360775127, 0.0006951003816437931, 0.0007315788876495162, 0.0007373883260564211, 0.0006652165278772506, 0.0007021066452850248, 0.0006202940078010047, 0.0005995097501626554, 0.0006550827050154172, 0.000605615110134611, 0.0008420870252273939, 0.0006213635221883214, 0.0006481790149440394, 0.0006606308558708976, 0.000606283910069441, 0.0006114740930575208, 0.0008044123914679045, 0.0007979123856107652, 0.000603648187605252, 0.0006778482592427405, 0.000803235612876926, 0.0006402670329504042, 0.0006469512544675063, 0.0006761173536926156, 0.000606500450026413, 0.000579808984249246, 0.0005988497366303014, 0.0006239216353336227, 0.0006087229855060054, 0.0006123418223517054, 0.0006026289920579453, 0.0006230627459467589, 0.0005991762037910419, 0.0005963587484872299, 0.0005719708027451175, 0.0005758378898799881, 0.000613728133692384, 0.0006098846765544538, 0.0006216273130788145, 0.0005991290098800326, 0.0006002003777053614, 0.0005758565910471389, 0.0006611029763437904, 0.0010782296722376037, 0.0006329311781121728, 0.0006662925703046492, 0.0008186871105822182, 0.0007946536961774917, 0.0005726985568244719, 0.0006513375489450251, 0.0007658043705755169, 0.0006995332241869924, 0.0007149829753073877, 0.0006175466839425637, 0.0006321225064764919, 0.001000045246323146, 0.0006631329401945938, 0.0005797792006487746, 0.0006429805852003816, 0.0007632113947667822, 0.0006028127067596724, 0.0005547583857298908, 0.0007211694800884326, 0.0006137784472755506, 0.0005847141403788808, 0.0007826647386777258, 0.0005833170143765784, 0.0005644744354526998, 0.000562686023225036, 0.0006127985723390919, 0.0005772283179125737, 0.0005724005268608489, 0.0005471146541356463, 0.0005647775858718209, 0.000574734472169539, 0.0010217928887899033, 0.0005685432062661155, 0.0005908926879355933, 0.0008933054565377951, 0.0005503509077592128, 0.000586185102159283, 0.0005767326348126819, 0.000640344461149223, 0.0008483227664139996, 0.000556906201431224, 0.0005809486682671513, 0.0007719837565054008, 0.0006527634684760299, 0.0005408048032786355, 0.0005692420666457863, 0.001002996893299992, 0.000597506299702198, 0.0005620569711109996, 0.0005956969267233657, 0.0005905524768648047, 0.0006885227484682583, 0.0005450588914287288, 0.0006418529903456684, 0.0005559834213441724, 0.000568527758465523, 0.0005457859340920181, 0.0005442112667106753, 0.0005229204550177855, 0.0006112288049548739, 0.0005653127503760784, 0.000538861617081828, 0.0005276410771112787, 0.000570039614096934, 0.0005838626516228205, 0.0005465945431466636, 0.0005318403560317764, 0.0005537526721469645, 0.0005362038881470977, 0.0005285026751703718, 0.0005241324723080581, 0.0005532514331727166, 0.0006861740332195338, 0.0005324723588881361, 0.0006001308635393663, 0.0006303285036702745, 0.0005303482636254448, 0.0005277234506630241, 0.0006201182234614311, 0.00058170207154162, 0.0005256929400047399, 0.0005234262181750247, 0.0005187080018821609, 0.0005544132523998175, 0.0005126910933140103, 0.0006431385866811963, 0.000544969259622023, 0.0005528294324071952, 0.0005299165635285059, 0.0005328441726637484, 0.0005078904651989808, 0.0005625442464178419, 0.000500359419021883, 0.0005540880863654996, 0.0005109073666904547, 0.0005847198590196678, 0.0005403507137309291, 0.000509824885864683, 0.0008206320748700331, 0.0005738989049549808, 0.0006445066977135387, 0.0005287793119441043, 0.0006803482000885673, 0.0005862599671474271, 0.0005059656223314026, 0.0005848050530417188, 0.0007647902433220257, 0.0005684583036772705, 0.00048818834430832764, 0.0005541855471486893, 0.0005645332161049441, 0.0005162495417830738, 0.0005404222865160514, 0.00053863469583547, 0.0004955485384874636, 0.0005287184713723803, 0.0004954426534290334, 0.00048805513597186874, 0.0006138171522811281, 0.000493492087919993, 0.0004958352109456759, 0.0005068870747709209, 0.0005840243917131045, 0.0005542598597207684, 0.0006768343834280508, 0.000507494223383701, 0.00048619416154266283, 0.0004957646554630395, 0.0008402199446964797, 0.0004949606129490551, 0.0005087260635983151, 0.0005091562994770584, 0.0005994304017827701, 0.0004903811797764655, 0.0007192348108943019, 0.0004906219786256904, 0.000489205208933333, 0.0005078977406176654, 0.0005407996763979018, 0.0004906927757614998, 0.0005085015411775696, 0.00047993773744023295, 0.0004738602581914343, 0.0004846624530460952, 0.0005950387118602448, 0.000503591574303663, 0.0005202174200619783, 0.000462989940771767, 0.0004955570383229705, 0.0005021352300586537, 0.0005026449123047515, 0.0004739073464719532, 0.0004793606154582204, 0.00046874557792013824, 0.0005965047561648508, 0.00047390647129709576, 0.0004709372058209681, 0.0005606318710924797, 0.0005403137094799492, 0.00046450408216123227, 0.000655008281670432, 0.0004713492003087447, 0.00046359013926022173, 0.0004922643526350411, 0.0005605043833538805, 0.0005279858304692278, 0.0004603948091934214, 0.0004700519457450562, 0.0004659244576354114, 0.0004597956475603454, 0.00047703886474380206, 0.000552698325115862, 0.0005037774114182899, 0.0005091153885882129, 0.0004860078204893117, 0.0004668015178587778, 0.0005076255219888227, 0.0005382079089514643, 0.0005923696410169061, 0.0005189228843113891, 0.0004540417697174927, 0.000517759063616708, 0.0005707313861652293, 0.0005878826990321638, 0.0005691684007029164, 0.0006298445172632218, 0.0005228382237021476, 0.0008773545065133543, 0.0004556384849543552, 0.0004454006204380617, 0.0005217557633137968, 0.00046040882929124623, 0.00045686993940807953, 0.00046780520679661326, 0.0004590525652997234, 0.00046433941487303743, 0.0005018168350297225, 0.00045649550746357275, 0.0005444839944901478, 0.0004566350763272368, 0.00046048053870261695, 0.00046591531483172516, 0.00044478599116325786, 0.000444998045950273, 0.0004897479837256286, 0.0004428217421994955, 0.000446987190245094, 0.0006652408161945768, 0.0007477728108913999, 0.0004335232330111204, 0.0005566683856923594, 0.0004651730439906793, 0.0005140070597146189, 0.00048713798065022884, 0.0005710250134984033, 0.00044047772896092205, 0.0005291030646554892, 0.0004487291038388153, 0.000552792062162769, 0.0004474292511819973, 0.00043915451755445966, 0.00048561568308075635, 0.00044385349353511135, 0.00043442591994951647, 0.0004424794488112005, 0.00044957394074605017, 0.00047661140184288036, 0.00043613840948830343, 0.0005041500684026845, 0.0006408813636488447, 0.0004306393603099443, 0.0004314764632862582, 0.0004166961857107068, 0.00043752446031171665, 0.0004302754087788621, 0.0004211537683538983, 0.0004550417980359449, 0.00043081422333931754, 0.0005835089490128714, 0.0004191164181248296, 0.00041873770856159874, 0.0004926732081001815, 0.00043049601953768895, 0.0004230973692273318, 0.00042378615052030206, 0.0005147995728753458, 0.0004532716241820568, 0.0004674519661421062, 0.00044657545345922015, 0.00044248189937579426, 0.00045842261068162744, 0.00044159893928348955, 0.0005247320762479024, 0.00042248858500779936, 0.0004339803536642699, 0.0005133500439254572, 0.0004506135141945868, 0.00041665706546780844, 0.0004378649408758425, 0.0005393643832579879, 0.0005130749430164887, 0.0004597926087544762, 0.00041350011794326835, 0.0004740766265693221, 0.0004693261971962095, 0.0007612384241223086, 0.0005857306878160154, 0.0004081493186870012, 0.0006241236538538711, 0.000558871769434369, 0.00048162253936669797, 0.0005088728457224984, 0.0004107827283928861, 0.000492847657908767, 0.000799083679020474, 0.000510615304389668, 0.0004049803829844873, 0.0004086033722534362, 0.0004625185856190516, 0.0005663142205608525, 0.0005609545791287166, 0.0004550110161318731, 0.0005208892958120201, 0.00042222006199177896, 0.00042720537951066064, 0.0005558840718651229, 0.0004231371214591901, 0.00041352617772817283, 0.0004336758046169813, 0.0004300976497084745, 0.00041784798288234485, 0.0004429635714721131, 0.00041373519678033084, 0.0004561304267216337, 0.00047124221700576305, 0.0005355644572385476, 0.0003832302140928529, 0.00040925871565550325, 0.00047103787234010005, 0.0007808691327938687, 0.0003947816299915412, 0.00041361140505837154, 0.00048116637241489834, 0.0005128891449463032, 0.0003926677498982871, 0.0003961021721696585, 0.0004517562905365178, 0.0004175084834004309, 0.0004003067385144568, 0.00039294188492111984, 0.00038093231374756233, 0.00040767145419839924, 0.000396237033532635, 0.00043378215845653496, 0.0006513171066804182, 0.0004106355905796139, 0.00041215007072863857, 0.0004835253320339249, 0.0004121748418486044, 0.0004070953491683958, 0.0009913117212771196, 0.0006395736614449646, 0.000755776752595886, 0.000616479603853025, 0.0005430130886116041, 0.000496242624472331, 0.0005081415902320104, 0.0005543793920539255, 0.00044537996907733024, 0.0005216922866417312, 0.0003862034347696545, 0.0004348863399864276, 0.0009118239747217438, 0.000609865256286934, 0.0003946021654001278, 0.0003985107636255739, 0.0009423082091063868, 0.0005454467202192382, 0.00038737798563007533, 0.0003758534517233625, 0.00045117334668243837, 0.000523123757716936, 0.0004116036213501975, 0.0003689454841625228, 0.00038021101172727327, 0.0004554735148274792, 0.00038943138492647224, 0.0003830902191415518, 0.0003800082318066092, 0.00039019597303258064, 0.0004116420662915973, 0.0003973840483365248, 0.0003833661503903328, 0.0003733833378639174, 0.00047096275877510536, 0.000361481918169026, 0.00037211162842446297, 0.0003684043375034121, 0.00036968413844725226, 0.00036930046199273647, 0.00038143425284301887, 0.0003659687281744881, 0.0004118449052022612, 0.0003641717278431577, 0.00035933214322325186, 0.0004161528679012079, 0.00040086535548349256, 0.00040124452449523173, 0.0003538119255560129, 0.0005378378719215871, 0.0003570139518780328, 0.00036091819909943903, 0.0003632914936015619, 0.00035326941610204363, 0.0003524739891432581, 0.0003944949979783355, 0.00035320517606053523, 0.000534955530254345, 0.0004193719503814973, 0.00040200235197876996, 0.00035312341766501, 0.00037018621535975775, 0.0004920766377835925, 0.0003579864911656485, 0.00038103398155789055, 0.000453603530385833, 0.00036059770623722516, 0.0003579024071129762, 0.0003501973977140714, 0.0003727832928846344, 0.00045317789290735437, 0.0003453553584128585, 0.00036440027887522475, 0.00041116930002802404, 0.00046187638211172557, 0.0004180966305281187, 0.00037378071315203584, 0.00047865912165830034, 0.0003724894876621884, 0.0004067079862640982, 0.00033910642976429467, 0.00037354888921911205, 0.0004100653735178964, 0.00039248000018122836, 0.0004216352256945302, 0.0003667069600399602, 0.0003762241840223156, 0.0003439865668321459, 0.00034400387229542665, 0.0003630263197229926, 0.00035100480687250097, 0.00034618920491131437, 0.0003320904011964561, 0.0003642271014154172, 0.00035230828345891857, 0.0003614043915697517, 0.00036125232994399547, 0.00031840051685348106, 0.0003461558966853839, 0.0003521655685121939, 0.00034997791473537356, 0.00039863769364900073, 0.0004381085771299179, 0.00038675303194700715, 0.0003555298858431198, 0.00034990358726868045, 0.0004170009526914181, 0.0003417613426637263, 0.00033725467606993614, 0.00043797691484746284, 0.0003552355240627169, 0.00034188668792287417, 0.0003376655177038623, 0.00034759559368190346, 0.00037845025112615943, 0.00035202634832621956, 0.0003518762825989236, 0.0005703363188498881, 0.00034663419473953934, 0.0003371851176026918, 0.000362513958600238, 0.0004279743879712458, 0.0005119198180021587, 0.000532548799686413, 0.00045056741505337163, 0.0004584607402988196, 0.00039719170090377173, 0.0005386699141376703, 0.00039959616360458615, 0.0003448295330061959, 0.00033687128886592335, 0.0003329426850234395, 0.0004717713551745934, 0.000460941296039097, 0.0003381470836538629, 0.00034652894276168445, 0.00033728812980230865, 0.00040049997203456895, 0.0004681088300290733, 0.0005541673175525389, 0.00032687502092953313, 0.0004946101966590038, 0.0005382440223234354, 0.00043552840000364405, 0.0003686773327474366, 0.0003471502847179012, 0.00039393561782679595, 0.0005401187249091794, 0.0012205272224951305, 0.0003882252973873675, 0.0005442460512218451, 0.000406843393064325, 0.00032963998380526296, 0.0003832242551284684, 0.0005784142944363755, 0.00047177518076650394, 0.00037128555821551375, 0.00031962519446208557, 0.00042632692721198957, 0.0007715134837387934, 0.0003639620903641987, 0.0003282398361478322, 0.0003228202746583499, 0.00037910222889830626, 0.0004044162387024587, 0.0005356206996305408, 0.000364956621957568, 0.0004089946227081974, 0.00034810121515023565, 0.0003566612894783453, 0.00044046777191159134, 0.0004546580302337086, 0.00034279657789190564, 0.00039414572846406586, 0.0005031047924392887, 0.00042079323439444307, 0.0003124236135020252, 0.00034608152601780986, 0.0004134900011239539, 0.0004405667767255149, 0.0003859007931594502, 0.00031628642434822376, 0.0003294243030454341, 0.0003300524178834891, 0.0004278151198867949, 0.0003367754700897335, 0.0003316665851589573, 0.00033265417212511266, 0.0003056280444425716, 0.00036162248886667097, 0.0003848040554597824, 0.00030983589720147073, 0.0003208981118381453, 0.0003103465935763402, 0.0004257951457636175, 0.00034892678797119605, 0.00031905931240590275, 0.0003368640330670244, 0.00031675667859786623, 0.00037748510540291984, 0.00030131187335965105, 0.00034783227550930354, 0.0003084431004036931, 0.00031092693276752923, 0.000398890869948752, 0.00030829837203608394, 0.000348537481960617, 0.00032226996723508367, 0.00038143255442425755, 0.00036057955567175945, 0.00033278173423135636, 0.00030545132088553607, 0.0003589162874308446, 0.0003400313615795897, 0.00033852426053278104, 0.00029806968135540193, 0.0004049159083129406, 0.0003369753780960726, 0.00029985631512895617, 0.0003012562938587753, 0.0003157288796315084]