Model Setup for Neither Patient 5:
ITERS=2000
LEARNING_RATE=0.001
OPT_RESET=None
ATOL=1e-05
RTOL=1e-05
METHOD=dopri5
Input channels=2
Hidden channels=32
Output channels=2
Runtime=352.5841908454895
Optimizer=Adam (
Parameter Group 0
    amsgrad: False
    betas: (0.9, 0.999)
    capturable: False
    differentiable: False
    eps: 1e-08
    foreach: None
    fused: None
    lr: 0.001
    maximize: False
    weight_decay: 0
)Loss over time=[0.8785472800903968, 0.8505516189837707, 0.8291664414574279, 0.8119978465193327, 0.7977985208381241, 0.7863769853490505, 0.7763088571786056, 0.7676718541878006, 0.7583035343814608, 0.7485754226454671, 0.7399638808484721, 0.7315255168511278, 0.7242468982037882, 0.717631598214862, 0.7115537618490151, 0.7061476622914552, 0.7008821020616802, 0.6960592062062748, 0.6911502151944888, 0.6862290817685012, 0.6815765439009008, 0.6769502422313622, 0.6724125153317382, 0.6679024776079078, 0.6638466128177288, 0.6604939086687242, 0.6577153009153491, 0.6552428852116983, 0.6528063511994536, 0.6501785234239009, 0.6473255274282456, 0.6443535878316647, 0.6409471798201363, 0.6375180905953136, 0.6341064445989665, 0.6305111606972127, 0.6269825753765471, 0.6231787941092044, 0.6194358191342041, 0.6156526697523744, 0.61154200330401, 0.6073044332425371, 0.6026975733351017, 0.5976985266892689, 0.5924685393819066, 0.587484496491452, 0.581312335830273, 0.5752134546453402, 0.5688964122544053, 0.562151510267549, 0.5555589038753813, 0.5486612411834716, 0.5406291350814079, 0.5331873687952267, 0.5249497521315382, 0.5158286556237378, 0.5075661507607504, 0.4988567256447549, 0.4898164935659637, 0.480747838161966, 0.4711396677819273, 0.46172991875401626, 0.4526833789577916, 0.4431117589900114, 0.43284415454493014, 0.42456877743139837, 0.4141723922454225, 0.4056281238539779, 0.3969324126756133, 0.3880790548446981, 0.37874431196842695, 0.3704404294069123, 0.3632692590505169, 0.3541955447567146, 0.3476828062654299, 0.3388846754031834, 0.33161596794513437, 0.3246951966074769, 0.31801224915563364, 0.31088318827736405, 0.30545752081573135, 0.2994705329393503, 0.29141211882705503, 0.2824328429429079, 0.27743476790268445, 0.27095046623458424, 0.2682444526860922, 0.26080274357792665, 0.25633826752841715, 0.2508807148651569, 0.24454542999994253, 0.2394848745252685, 0.23352577688776896, 0.23004476499389864, 0.22505539106124353, 0.2212279043637477, 0.21555973308835752, 0.21241855107433835, 0.20732211956206728, 0.20594271112534598, 0.20020076816458474, 0.19646608482125638, 0.19304027188951192, 0.18845200505192697, 0.18715134905414563, 0.18321469539978164, 0.18067942229786665, 0.17827429674253184, 0.17289616526646645, 0.1685749069827634, 0.1664573569752431, 0.16307268363355, 0.16300339677986803, 0.15796001470777343, 0.15550005843168835, 0.1538859299295371, 0.15079098142300074, 0.14859998594078122, 0.14588600616300124, 0.14463781448786028, 0.14218303054190864, 0.14004460077812553, 0.13675794304311698, 0.13545310755762516, 0.13263204336794093, 0.13174470088432788, 0.12962998315404747, 0.12780230911508045, 0.125931687270159, 0.1225002285119229, 0.12136090558608331, 0.12062610841533271, 0.11958998939284325, 0.1178361298542622, 0.11303551654102897, 0.11329423277136055, 0.11236408868233524, 0.10830976605770216, 0.10774330191554177, 0.10688223797194873, 0.10703280672564765, 0.10402889052575812, 0.10405965020026868, 0.10281580846013962, 0.10139882781123837, 0.09895260735425472, 0.09731519915350084, 0.09720816564257974, 0.09487895871726205, 0.09397853983567912, 0.09278956826938063, 0.09190273109169916, 0.09051678033817735, 0.09005379472293101, 0.08803272783013592, 0.08731046308652562, 0.08568143888965106, 0.08521687786502234, 0.08481694749602514, 0.08334695265775811, 0.08336528284637616, 0.08337531930094588, 0.08083174894249295, 0.08086740700469254, 0.07896561275534908, 0.07861574099604454, 0.07717181154884785, 0.07583847007534611, 0.07692377419847284, 0.07490131007763133, 0.07441380685295708, 0.07405824500453502, 0.07358536874919536, 0.07361312479118781, 0.0716496298537642, 0.07135195655922232, 0.07168024778129453, 0.06976743362721029, 0.0701705581872126, 0.0695863584905459, 0.06880383426000371, 0.06817856047723649, 0.06702494390942942, 0.06687356358103319, 0.06663076309751886, 0.06575465168533852, 0.06515070081839552, 0.0652814505569005, 0.0642886157669164, 0.06404660989184092, 0.06380003347782633, 0.06261261896089455, 0.06276425544000663, 0.06201429071725011, 0.06249398617505295, 0.0618369356410341, 0.06101517175851549, 0.06092848573107124, 0.06061587375322099, 0.05990762683869224, 0.06000698590487423, 0.059354944133808575, 0.05914685753017937, 0.05881186395647227, 0.058301509118736265, 0.05839338654875143, 0.057556202138980966, 0.05755221762259045, 0.05699898311837626, 0.05701230865666352, 0.05675914383459631, 0.05637055928578523, 0.05597905119071871, 0.05554874556901554, 0.05589801438031041, 0.0547456292910407, 0.05444199697433028, 0.05564623549342993, 0.05391297079721489, 0.053910671501859776, 0.05367924792376522, 0.0536423936903216, 0.053132138879129084, 0.05245562158559731, 0.05336574436256533, 0.05365137293846396, 0.05272472706731788, 0.053202147532376266, 0.052976917107945214, 0.05294498559533401, 0.05252532617480315, 0.050372732597709254, 0.04993320417402132, 0.050434889362775584, 0.05061611485958042, 0.04948462715481896, 0.049330031868229686, 0.05004496910973424, 0.04875275630381048, 0.04752411215776717, 0.049103430880210304, 0.04872997311981267, 0.049281606401185445, 0.0485010126839444, 0.04802996169383616, 0.04745446780501775, 0.04734388474168205, 0.0481687485921758, 0.04705352504659248, 0.04692681400164818, 0.04662261037131237, 0.04693750954605858, 0.04673798610758931, 0.04616368017867902, 0.04663025715814207, 0.0442554227040459, 0.0459048901612052, 0.04601358367799168, 0.04588283739551166, 0.044899935622036834, 0.04475791162791848, 0.045506790613736185, 0.04354950273926264, 0.044897457571033, 0.044968002110556654, 0.04391497549944276, 0.043146780542054, 0.04342320427202135, 0.0434604808179988, 0.04460090216379952, 0.04342309440678867, 0.046446685972141785, 0.04266212879064592, 0.04298232176696524, 0.043081926684908636, 0.04339689531414912, 0.042994108976518675, 0.042300117080654134, 0.04144303380797174, 0.04309715792182814, 0.04288169825341138, 0.04189541574328998, 0.042511277387256644, 0.040404877115862534, 0.04338340899155212, 0.040379528175087644, 0.04087768935260556, 0.04122947658667558, 0.040228126530566656, 0.04002822248230955, 0.04238622040116864, 0.040093553167704465, 0.040790499583326804, 0.039247892468948636, 0.039691019129499946, 0.03925208035524533, 0.03937991741825659, 0.03926647260786382, 0.03906063844108652, 0.03897792055748563, 0.040173079387707304, 0.038033146415785486, 0.03696772207176387, 0.037550851007010576, 0.03860471523098651, 0.03798068560483529, 0.03765404770924268, 0.037775859877086336, 0.03724107346169624, 0.03902823916584185, 0.0368139818850096, 0.037155053818032, 0.03699258658665835, 0.03647371084098998, 0.03691672167529979, 0.03543311033982701, 0.0359116446142125, 0.03639995737452037, 0.035579221915014066, 0.03561953581746046, 0.03607773678458904, 0.03451035796149485, 0.03644376791115827, 0.03614449775863837, 0.03608272987750761, 0.034595145620933083, 0.03481953480173426, 0.0358385958613598, 0.034857102945509144, 0.03367284493124205, 0.034206586597421, 0.033541260020424485, 0.03350014959272078, 0.03345131732179923, 0.0341009720784406, 0.03369535766371489, 0.03395542707688168, 0.03440715279392493, 0.033150920128189425, 0.03324299301525037, 0.03235731800058311, 0.0329765448564904, 0.03268400260478177, 0.032635708288351876, 0.032486815302627474, 0.03362488005970011, 0.03125600497115479, 0.03281132549097118, 0.03334737679223811, 0.032805642346168035, 0.03163806844059834, 0.03152189710966858, 0.03229444718234022, 0.031300018619419966, 0.031935534261442446, 0.0315531689523531, 0.03190102498599647, 0.031758131425713335, 0.031097582409408853, 0.031534472527314186, 0.031261342161335484, 0.031213943674653556, 0.030775721660689405, 0.03041058246724645, 0.030778395639584066, 0.03144362224938795, 0.030249055867076404, 0.030575446941121, 0.03035411167437316, 0.03004635758446781, 0.03022719835203462, 0.029486511395562732, 0.028739670654073134, 0.029470337333555915, 0.03052328255458311, 0.029866093989740192, 0.029091910520092547, 0.029303660510603277, 0.02871871998369866, 0.029741590945890784, 0.029113615033858967, 0.029675420997164026, 0.028883702427536254, 0.029839423877051977, 0.028546907325411607, 0.028859309888833208, 0.027701934622234234, 0.029073739850981183, 0.029102601008898513, 0.028386937343489894, 0.02784453138745291, 0.02834898713679389, 0.02902556251028775, 0.0288970516309327, 0.027330896102648695, 0.0283781918819897, 0.027640881315073907, 0.02731893456457307, 0.0276026790264159, 0.027342171985242084, 0.027320916962442265, 0.02717047811586758, 0.02746193889661089, 0.02787689178706024, 0.026046348282501363, 0.026462994534129248, 0.02669452985505831, 0.025380758718338416, 0.026190410015888135, 0.026413670051909324, 0.026600702366055263, 0.02601450787433358, 0.025670726154706214, 0.025922862808170553, 0.025891608593972857, 0.026035853876879667, 0.025557733578188944, 0.02540311466445339, 0.025938834170963997, 0.02619261318933318, 0.025222474096711297, 0.025935519419902353, 0.026055153351732526, 0.026019338140686698, 0.024988389644761442, 0.0258905295325633, 0.024903931540658453, 0.025535682707990462, 0.025276386659452966, 0.024069169449206982, 0.023993652525383494, 0.025092684240986443, 0.025607280754756302, 0.02556231243593192, 0.02456997556174984, 0.023875423502807434, 0.02375869684226296, 0.023885936295591995, 0.02414565295208012, 0.024962975308105494, 0.02349277976448549, 0.023758947029032994, 0.0252070839938738, 0.022183054938826555, 0.024817415783094713, 0.023123288194092553, 0.023560261191470956, 0.02351365023041969, 0.02328484635215167, 0.023508262185018735, 0.022941972770207954, 0.024202582191210163, 0.023360215192223307, 0.023911688332527718, 0.02317557726851444, 0.022853110996579606, 0.02452428096860079, 0.023741013258809538, 0.02284507856114989, 0.023165205562964506, 0.022608851142611033, 0.023709019347548366, 0.02266877239463246, 0.02281755959823401, 0.022335520910332664, 0.02220780602792156, 0.022475892719012618, 0.022845197252580416, 0.02191143154742707, 0.022065161616534983, 0.02212875468489091, 0.021855404391042665, 0.02253345755094274, 0.02196543740391083, 0.02247784270777719, 0.022207144203122524, 0.021691149211271073, 0.022625665674971582, 0.022411905549232166, 0.021265960480188584, 0.022358250198727298, 0.020698093469807874, 0.021346006660854445, 0.020875125435332365, 0.02102281589832036, 0.021495162215071393, 0.021302505581916223, 0.02217499086100434, 0.021459437349797574, 0.020997085994009543, 0.021103139632176943, 0.02028708956691583, 0.020738415118463412, 0.020862580639360678, 0.020669482477058854, 0.020946875033510448, 0.02052809814519097, 0.02083439860538924, 0.02060940406195094, 0.021412569431230558, 0.0204419113885102, 0.02107989299036411, 0.02053179146159441, 0.0203453845260719, 0.019899153868307772, 0.020281239017982153, 0.020181780294640992, 0.020201719207236898, 0.01995404958037894, 0.02062227309256937, 0.01951623349399081, 0.020612039902932703, 0.01974724468316891, 0.019803680649227953, 0.019320880111747582, 0.019320685836089813, 0.019392626576493707, 0.019677817025157144, 0.019261399265230062, 0.01945918824850724, 0.020004154642843264, 0.020149154952537048, 0.01962516576873103, 0.021392916627177752, 0.019244982769880226, 0.01929688078988009, 0.01897726620031492, 0.018880403012542155, 0.019413461377441373, 0.019670820673927697, 0.018446495142456193, 0.02060805958646441, 0.0196004274709067, 0.018918611828526125, 0.01910521569339121, 0.01932734619240926, 0.01970515142528898, 0.018757468108385748, 0.019046339475988144, 0.018575162717695687, 0.01870405034587009, 0.0189683281707911, 0.018211945799843733, 0.019183177012106367, 0.018396457229194533, 0.018746706619582762, 0.018137412707672326, 0.01869445193777763, 0.018625051344611128, 0.018151949453377326, 0.018775669003352542, 0.017649649651131645, 0.018590802919652115, 0.01956161578903962, 0.018413855009432985, 0.018340124448708337, 0.017950864312701806, 0.017743273323391484, 0.018366163148633055, 0.018338621658877164, 0.01922351195307355, 0.01786861534518996, 0.0174448912060279, 0.0179322461531046, 0.01831480942095297, 0.01811486953354274, 0.01812265948585385, 0.017862700182225147, 0.019284221463372938, 0.0178851246502228, 0.018958213788873697, 0.017725776806227198, 0.017413701019859784, 0.017324534137257333, 0.01867682490749032, 0.017800127709474155, 0.019780177458170525, 0.01802803605063426, 0.018097297757171886, 0.017179595713110802, 0.01831186055623675, 0.01688862572480858, 0.017056457902892005, 0.017273372665320873, 0.01794682289871161, 0.017309800439515542, 0.01744256215489666, 0.016683555559151183, 0.017167012006234852, 0.01673532510250382, 0.017893340846483554, 0.017151319645275224, 0.017006765657464458, 0.016778105785925503, 0.01700020392964309, 0.01711061379465144, 0.016934060378390486, 0.01687089366507032, 0.016389687138039444, 0.0163596436786923, 0.0169902619896319, 0.016898014915347235, 0.01679634679702904, 0.016270114122292182, 0.016638307443554143, 0.01635358839775438, 0.01626833631148877, 0.0166783544230209, 0.01639229673728885, 0.016774903942458574, 0.01664242565435575, 0.016815460542657153, 0.016357124327559508, 0.01622303930164532, 0.016456497248530003, 0.016156644015048433, 0.016233094349347374, 0.016601113181493318, 0.016371127904295717, 0.015839188869015156, 0.016279547042232455, 0.01580462164386616, 0.015420695607070585, 0.016018936992279537, 0.015902399959246114, 0.015437429198710263, 0.016614124469046445, 0.015373154805285472, 0.01553193410563139, 0.015721657183558026, 0.015680866974081612, 0.015611662982782536, 0.01596423930424611, 0.016003581635240852, 0.016941842143670085, 0.016467217856533434, 0.017122783939961216, 0.015541644304784526, 0.01589337155610079, 0.016119937133053566, 0.01557871973136633, 0.01586260698316562, 0.015697948606206182, 0.01506393635878316, 0.015319824591120117, 0.01523670282855138, 0.015626347721554048, 0.01599376329221489, 0.015178507177316449, 0.015031165194121699, 0.014991830722636297, 0.015298303744296181, 0.015561003431145611, 0.016339059272554086, 0.015468027600815698, 0.015045664005868896, 0.015411223754591323, 0.01520541362753164, 0.01466578049123571, 0.015373483303815804, 0.014779081330869583, 0.014574246000352382, 0.016042443579769017, 0.017987384405881678, 0.01530676755823458, 0.016780768511482348, 0.015119625133314312, 0.014844611970345208, 0.014605787576833123, 0.015341983978012293, 0.014554186683001992, 0.015092754676375192, 0.014297322784708487, 0.014554382365398954, 0.015104065782376452, 0.014309584584662732, 0.014641345518302585, 0.014039797786405413, 0.014674096506753614, 0.015673077148797874, 0.014465534087411563, 0.014138566836831894, 0.015625199018786923, 0.014386890201648251, 0.014935918056027097, 0.014320877742518622, 0.01463200474333124, 0.014316461503934548, 0.014017396996403806, 0.014588734041029616, 0.01454536697090817, 0.014350895195122169, 0.014183265266313728, 0.014368790357462883, 0.014619980871709726, 0.014406191220485072, 0.014452850078998668, 0.015176353946673167, 0.014760630372829668, 0.013729012999047495, 0.0145188939529493, 0.014704644482577687, 0.014216432216400787, 0.014313853087709006, 0.014014232237761222, 0.014483708473795926, 0.014319404800043461, 0.013623837488887108, 0.014611488704313492, 0.01380832041979062, 0.0147225321536794, 0.014200145488928546, 0.014416480641040074, 0.014016603518441795, 0.01400030103754859, 0.014200441971697115, 0.01432758264171098, 0.01407394482719919, 0.013850056271420224, 0.013924789480692727, 0.013400773351321803, 0.013754679191062012, 0.0139895381223893, 0.01398741184663337, 0.013579923769821938, 0.01395946418981668, 0.013683069002095134, 0.013770487529780455, 0.013212165496219584, 0.013855545756733255, 0.01372753684880776, 0.013328468624768174, 0.014362036884431495, 0.014390772943561475, 0.013804710005426695, 0.013377091841403147, 0.01321015152249449, 0.013221082426116375, 0.013620479776444056, 0.014456515760477729, 0.013675193985400853, 0.01330464651789932, 0.012994014747886001, 0.014185949175793015, 0.013472939751543999, 0.013285814469509773, 0.013391806648992222, 0.013220384526675448, 0.013137428971155806, 0.013077432714803777, 0.013309581487306661, 0.012969385095196686, 0.012781972046118605, 0.013048116952893908, 0.013737970819878133, 0.012975717014514138, 0.01225706661934605, 0.013280749569309979, 0.012971355022784438, 0.01292181603223608, 0.013336318580594324, 0.016165369172402157, 0.012885049659877945, 0.013762310039959922, 0.013104094293912375, 0.013154388802568216, 0.013156541905349615, 0.013445234882394392, 0.013004017767437903, 0.013397692700531833, 0.013347370246784835, 0.01256562061197883, 0.012850484023795733, 0.012500377849890465, 0.013463566105752701, 0.012573158170764766, 0.012635950866105401, 0.013173980659389885, 0.012055672679184363, 0.012831528981721914, 0.012235521602295978, 0.01229296552304442, 0.013273091166386876, 0.012580247511353875, 0.012892009224382751, 0.012330075877450435, 0.012900909710882646, 0.012346691369696593, 0.012577151929123216, 0.01289408211909854, 0.012224689365436265, 0.011744376709811728, 0.012429175816384946, 0.012173325037723748, 0.012271666241901751, 0.012366676229657758, 0.013087393969105944, 0.012057361608535476, 0.012438772139494675, 0.012589514818403645, 0.012633593036747175, 0.012265751825690065, 0.01232547083838102, 0.012434336287180249, 0.01201652189810713, 0.012857113537573033, 0.011970119098235284, 0.011907450034754241, 0.011998242979927343, 0.013369870776635494, 0.012376843356852095, 0.01199849861027777, 0.012072176898540184, 0.011835481393451808, 0.011900023544957629, 0.012074325772857995, 0.01229224916909603, 0.011750510618598982, 0.012577447554544964, 0.01151508384120763, 0.011688669327049038, 0.012092051118323066, 0.011453002600922252, 0.011966258115144913, 0.013924803970914794, 0.012088302951276804, 0.01191785116903713, 0.011628368050957912, 0.011470926280725319, 0.012558557878626902, 0.011537847631218375, 0.011800811827913706, 0.011671170505814628, 0.012103730152902357, 0.011760299263829143, 0.011982689699103915, 0.011500770460603337, 0.011564090959526435, 0.011955403397996988, 0.011534025198892328, 0.012066115302773966, 0.011583948141932511, 0.011978997298898392, 0.011746815270611168, 0.01223852584653044, 0.011567885051921812, 0.011474532304929331, 0.012001375158452988, 0.011683469551352786, 0.01119173222566463, 0.01148723073213459, 0.011795404975445494, 0.01141690036706044, 0.011705414914587965, 0.011520491379962383, 0.011391939007536015, 0.011111608955051906, 0.011298212049492488, 0.01117024162927748, 0.011968987684447397, 0.011316318425338352, 0.011419231831023658, 0.011341503847088387, 0.011365075756935, 0.0117527116616518, 0.011325159819833926, 0.01131638906223147, 0.011426283026172178, 0.011161357805029684, 0.010935197926137084, 0.011726887421990935, 0.011184309468855928, 0.011161215260279701, 0.011327436793173636, 0.011399606590012878, 0.011313270585266745, 0.01086995861823371, 0.01118280191899252, 0.011113124050211377, 0.011198277704887615, 0.011203202068708866, 0.011751825425481817, 0.010544991375395803, 0.011110580534263776, 0.010918561824987745, 0.011020130381196966, 0.011188353244332086, 0.011032374732169939, 0.010653891463489197, 0.010842625272308684, 0.010831065887174621, 0.011149132068129477, 0.010939126258103917, 0.011023488864657092, 0.011155570196448762, 0.011240294401282835, 0.011471305627740113, 0.011048518376586674, 0.011312041961872776, 0.011421252910863898, 0.01087078183624713, 0.010791767938152477, 0.011123624728887001, 0.010685329984889493, 0.010942451389801093, 0.010925247536410767, 0.011165849549231976, 0.010865904568050823, 0.010526599407693403, 0.010551500942442988, 0.010895712009415687, 0.010787780842606577, 0.010845703635441456, 0.010999882882114053, 0.011005165309071743, 0.0105814838669848, 0.010875457490138173, 0.010611974217707184, 0.011040991425126576, 0.011592590773313836, 0.01040968679730215, 0.01061246877689936, 0.010576352701882171, 0.01092687633156023, 0.01126826930795838, 0.010426277919984066, 0.01065948749424657, 0.011032905871507766, 0.010518057252725314, 0.010466775002393095, 0.010543612294512355, 0.01060905546585227, 0.011295213631357312, 0.010478302696406412, 0.01030632422928465, 0.010891263106130061, 0.010553043758454679, 0.010762890833880292, 0.010153154147159069, 0.011395372701337565, 0.010525450557481133, 0.010589898255573145, 0.010193167069111187, 0.010168297616800276, 0.010768733306381388, 0.011135923247204053, 0.01068735960779826, 0.010202793347153481, 0.01101422293307701, 0.010289561937920032, 0.0104707739932936, 0.009953051190769217, 0.010670481160600665, 0.010617252770030566, 0.0101669297676791, 0.010357405577796252, 0.010637958071542199, 0.009882253171420429, 0.010271461351750395, 0.010077607707510037, 0.009880124116813405, 0.01026992891627645, 0.010092734572430205, 0.011168706834947462, 0.009918107715697054, 0.010215789039792226, 0.009805654686516358, 0.009783080519603235, 0.01042911685075117, 0.009755852627322377, 0.010129831712792435, 0.01052939715554149, 0.010007161532128321, 0.009616487515060947, 0.010043153207288415, 0.01005069183344254, 0.010105423764091287, 0.00967879729026143, 0.009880749830761404, 0.010018885185557843, 0.01115094543643774, 0.009831247369146446, 0.00954407092967034, 0.009571725439771419, 0.009597220895819105, 0.009885483556160453, 0.010776098268335747, 0.009546571026423313, 0.010106639742359059, 0.010571440395146932, 0.010727706384132918, 0.009615526527306776, 0.009958949389381029, 0.010718459420827817, 0.010227020870500715, 0.009970625389791385, 0.009815380486536584, 0.009456932242333871, 0.010357067680588803, 0.010606406235074263, 0.01011394043748081, 0.009683622294834722, 0.009836527722214923, 0.009660299863889216, 0.009744782695697814, 0.009287403848397132, 0.009468022897532223, 0.009359217669936155, 0.010056080702294067, 0.009272104494477058, 0.009370036882605168, 0.009782277679066491, 0.00978978734940052, 0.009883495794760245, 0.010057224467651817, 0.009572188533638169, 0.009350807098404747, 0.009344817316161456, 0.009634001093027344, 0.009930935878579935, 0.009708799453860282, 0.009231880318633296, 0.009118510367800488, 0.010098809081635164, 0.009607936030974758, 0.00919342265242721, 0.009059954453710923, 0.009862539960332449, 0.009659088498725597, 0.009081191696872187, 0.009144042078748376, 0.009294452658964962, 0.00985151080613472, 0.009294604455383318, 0.009146882826110666, 0.009619560407261106, 0.00905821272028704, 0.009050558957988418, 0.00902583262073824, 0.009044275532624456, 0.009587527493490955, 0.009155479436321142, 0.009578573543461763, 0.009111003128187162, 0.009173012553598574, 0.009246163162185638, 0.009283870892343704, 0.009550529779908267, 0.008913618397495823, 0.009567310912998471, 0.008835574181617898, 0.009190308746798161, 0.009355852472056128, 0.008846553947238057, 0.008962548972684538, 0.009515823453423318, 0.00941894433950392, 0.011304948680777922, 0.009278390235834306, 0.009074827420365432, 0.009222889867336203, 0.009447965727280965, 0.009618188923345889, 0.009528693434507919, 0.009917377324866885, 0.009148268691734051, 0.008799466390777232, 0.009501291036374702, 0.009059264302008126, 0.008679570233366771, 0.008732292528354316, 0.010059536893121713, 0.009024768518518404, 0.008922446444482195, 0.009539561322846418, 0.008918426087590072, 0.00849716314119307, 0.009049980651861475, 0.00864634857295003, 0.008883333461798424, 0.008987819580487338, 0.008805051796157858, 0.008908891907570828, 0.008920441754174042, 0.008632150084600955, 0.008670875091562705, 0.009021919179767803, 0.00908811021477217, 0.00889305021551519, 0.008696692651924116, 0.008922603844096285, 0.008783599743414007, 0.008440547659955501, 0.008676765229125765, 0.008789086432150362, 0.008518695929947388, 0.008566810822567328, 0.008739941014384174, 0.008895043054259673, 0.008378206105352516, 0.008098364336565094, 0.008968078570049009, 0.008333193198803391, 0.009084206352987874, 0.008223251075101095, 0.008161900641194627, 0.009136910852862841, 0.00843634790082906, 0.008765549182819713, 0.008819761706580507, 0.008525911009850654, 0.008616690489863889, 0.008447061404213252, 0.00854903274573195, 0.008655353209665885, 0.008612380683839406, 0.008922072160809839, 0.00880244174299871, 0.00868269037154732, 0.00842161082074485, 0.008311065180193335, 0.008155434326784654, 0.00806290225053469, 0.008382791540213388, 0.008065284639654039, 0.008798148566303537, 0.008521417863432702, 0.008428737338287574, 0.008452172226973047, 0.008115303048624185, 0.008569139507354297, 0.00851891771606319, 0.008048078868143222, 0.008531187034021802, 0.008487653365045034, 0.008711441386119336, 0.008203428437209408, 0.008542871036147608, 0.008358347593383721, 0.008317926366644423, 0.008208215708695711, 0.008327395984951573, 0.00799306685967857, 0.00864765143307271, 0.007963480257804035, 0.00809280722643879, 0.007995093677418071, 0.008460129137390757, 0.00830709932580196, 0.007874058565181507, 0.00785308955266687, 0.008245973294512845, 0.008049467656386698, 0.008228006346042416, 0.008187487995767514, 0.008046335620150724, 0.010524360446661248, 0.008015633157624553, 0.008296815277779245, 0.00852242818933452, 0.008292111897971457, 0.008117337423017134, 0.008236154189499963, 0.008680035672061808, 0.008261664737641568, 0.008139507260671648, 0.00813451401347303, 0.008183941189331816, 0.007852873835405822, 0.00794152731901703, 0.007847462049162411, 0.007750569343713997, 0.008044583568177154, 0.008310319749674593, 0.007905918272454236, 0.007722356318894104, 0.0079692034377622, 0.0076322453650647885, 0.0075842058382494274, 0.00803605150176736, 0.007871225259015284, 0.008122447882729715, 0.00782802342356536, 0.007679500913908662, 0.007517787054366718, 0.007730123274878409, 0.007658781573353787, 0.00780537146921206, 0.008201154005460938, 0.007616821082737198, 0.008166785454117408, 0.007495843121548154, 0.0078271524596627, 0.007829253708124288, 0.007607545247283431, 0.008128802123504293, 0.007870536759578262, 0.0075602159586315824, 0.0076715044428264266, 0.0076520011386355695, 0.007823934737414405, 0.007646175185531678, 0.007605114986035938, 0.00735636899569746, 0.00726209070701371, 0.0077157105657219, 0.007811360995523755, 0.007772939976203184, 0.007295953950698713, 0.008023268523632547, 0.007708495585401342, 0.007755657504351005, 0.007443860884756607, 0.007266649559110084, 0.007544736080523451, 0.007135766266328295, 0.007307743074135107, 0.007283221630118638, 0.007179787481319883, 0.007276901368411985, 0.0073326098228268495, 0.007893325763553623, 0.007443290863940722, 0.007532205755922113, 0.0074804082872715755, 0.007418587598619885, 0.007705025440469854, 0.007178781118902092, 0.007168711185134103, 0.007285818138832817, 0.0075433052131161195, 0.0072571442635534465, 0.008514394009421429, 0.0070875381886724995, 0.007007077944290819, 0.007427246776043777, 0.007599019365388512, 0.006990496178212297, 0.007497440850328791, 0.007927087070075035, 0.007601013738746601, 0.007329469121712413, 0.007531266258331335, 0.0074115693950456, 0.007112620080038198, 0.007170409428461475, 0.007317519993355495, 0.006907350560893865, 0.007500574219404493, 0.007037301139057661, 0.007044132632332015, 0.007585531804366764, 0.006904888085711555, 0.007262176332873019, 0.0077754229589565215, 0.00731696505214095, 0.007220973496660374, 0.006878120121857767, 0.006962055997346261, 0.007365365132186785, 0.0069592816736275325, 0.007262685622718718, 0.007103483817342004, 0.006978648187793024, 0.007219930640045349, 0.006781021964902276, 0.00725723086015245, 0.006750872655207981, 0.007022266967678736, 0.006794798875669342, 0.007097939061211144, 0.0067334952551028485, 0.006903157989772538, 0.00670988965129336, 0.007100860492113296, 0.007468102981606351, 0.0072039882453416495, 0.0067013269541547574, 0.007845279401093357, 0.006950133801619141, 0.007250291439483042, 0.006728801659803174, 0.006726516184203921, 0.0069049807393010525, 0.006606609310728002, 0.006864051944561717, 0.0066092049896553295, 0.006685755757476108, 0.0068616097206587266, 0.0069300203914009146, 0.006492592764840877, 0.006856880648596323, 0.006897216073620579, 0.007252600397135658, 0.007362609028409605, 0.006699161729261774, 0.006612774607008002, 0.006641010218165975, 0.006378950053110296, 0.006567367072173977, 0.006575977437537701, 0.006562508626867993, 0.0067640774371239, 0.006565658287631778, 0.0069850359605210695, 0.006433225236707172, 0.006668163635879293, 0.006669453569394051, 0.0064859077428197414, 0.00633295498218284, 0.007182177861220451, 0.006701834065550804, 0.006498898896555207, 0.00683865324624256, 0.0066621221873057745, 0.006641519489139147, 0.007784595226573723, 0.006346074841397367, 0.006231515440558852, 0.006585263990850714, 0.006253915107254487, 0.006647404110758556, 0.0066005920079224715, 0.006150067230754322, 0.006187073177967314, 0.006144592223701617, 0.006611655489659554, 0.006338953479805145, 0.00818271863464159, 0.0068394053544789815, 0.006709264322483455, 0.006366407510508639, 0.006875552018869072, 0.0064413087547290325, 0.00620751753196386, 0.006166547166656377, 0.0061463026034474086, 0.006220818956285511, 0.006387354465362427, 0.006131325845728643, 0.006287287352398588, 0.0060725098246332205, 0.006220269904204424, 0.006352221061382899, 0.005954887310519302, 0.005969978590815356, 0.00625263491044171, 0.006488674265704575, 0.00637234725880323, 0.006141952298597674, 0.006273593627282365, 0.005935134081939919, 0.006772346446258946, 0.006111954076784687, 0.005920374730320734, 0.006071960133477272, 0.006400773972128002, 0.005911816929377992, 0.006148078949971358, 0.006336408846027494, 0.006373531638775586, 0.005890252691967895, 0.006474272853264715, 0.006410251034545139, 0.005804886549813925, 0.005821196317869546, 0.006492317425627122, 0.0060090450292044325, 0.005952401591672629, 0.00624676759366606, 0.006093536270257893, 0.006160563736934799, 0.006005604667940465, 0.00614160280376361, 0.00627804038386682, 0.006759599411395343, 0.006427385715678457, 0.005746959844768756, 0.0056909321351187765, 0.006037097065944742, 0.00574816195112963, 0.005709407912553824, 0.006198780676451351, 0.0060956606229650425, 0.0056875220754439675, 0.005667920912905113, 0.006057072334589173, 0.005670761424222979, 0.005815633838231537, 0.005699568501411245, 0.005835857812976897, 0.005844055756623221, 0.005593344347266318, 0.007197339340011022, 0.005884164723282493, 0.005651757568390848, 0.005911643801843739, 0.005836068816669432, 0.005589685256412653, 0.006161275478526462, 0.005841877087733688, 0.006179126237280805, 0.006271260686598823, 0.005990005083045229, 0.005897851030302587, 0.00569075049363045, 0.00568327368263819, 0.0061627575873465625, 0.0057223834388773435, 0.005653536000496526, 0.005904523679665401, 0.006562530350965579, 0.006019830595222739, 0.005816319199932155, 0.005445322185813479, 0.005655299448070926, 0.005683034174869012, 0.005552170075326119, 0.005585197120580762, 0.005530967622120493, 0.005732899093655009, 0.006109266731758078, 0.0060951886808999845, 0.005428317146368188, 0.005668253799421682, 0.005659916965724481, 0.005579231744828975, 0.005625144782564338, 0.00557946016277024, 0.006024770653164593, 0.00533450136480024, 0.005718289788830457, 0.00530405029566498, 0.005922007793425565, 0.005560053534811312, 0.005275543651994127, 0.005910196438403106, 0.005598522111848491, 0.005515499145574116, 0.0055184814552024005, 0.006034216537558059, 0.005481989979763547, 0.005240171292183401, 0.005763075615941432, 0.005227409014830909, 0.005167266693402127, 0.005701046028573795, 0.005735466236431358, 0.005587514213803212, 0.005964971889011952, 0.005248725993154454, 0.005972511051439081, 0.005222715952109287, 0.0059952275477003995, 0.005670217076620013, 0.005336658495232167, 0.0053091597862088245, 0.005350392637721696, 0.005525578565011134, 0.0056615893027167526, 0.005456066225676188, 0.0053983320981441695, 0.0055172439031535205, 0.005017480444706179, 0.005309164279476203, 0.0050916216341744605, 0.005149951575423082, 0.005478315117506183, 0.004999782509118509, 0.005289549518559451, 0.005537790071142463, 0.00533178254055888, 0.0053511520331187765, 0.005378246148688985, 0.005118273691997872, 0.005018769500964329, 0.005504245661928066, 0.0048606132605677485, 0.005029868700658257, 0.005060691771981756, 0.0057838700408724, 0.005038506673181333, 0.005157132087153813, 0.005230486257137169, 0.00549558515187264, 0.00501020722860746, 0.005452253375699775, 0.004934244490692689, 0.004901211065923222, 0.00497425260097702, 0.0051092327826352864, 0.005276722321061403, 0.004894423576649408, 0.005290783361144183, 0.005143393891503515, 0.00515023816312743, 0.005121939101004957, 0.004767043170864652, 0.004790555661278054, 0.005138686338327533, 0.00502493130032571, 0.004732214696540949, 0.004792376248043255, 0.0049665806276634784, 0.004687242079694429, 0.005402206705954878, 0.004979468534881863, 0.00539994685593397, 0.005749260891948781, 0.0049866038643543165, 0.004876600512800274, 0.005045598764194987, 0.005468548310498177, 0.004941927766407952, 0.004860500023518586, 0.005164358824647004, 0.004988804958521552, 0.004858020735001954, 0.004801537422850533, 0.004889108981352191, 0.004754832951702482, 0.004631753414377291, 0.005047253054321631, 0.004824488673880703, 0.004807053916294636, 0.0045880167215800885, 0.004610616661929989, 0.005034063950476254, 0.004837267140043343, 0.00491511598736758, 0.004988478411082089, 0.004933133925005249, 0.004462804684388155, 0.004476205928979076, 0.004737289196196926, 0.004575522234119562, 0.004810759546035961, 0.004431865924966411, 0.004529569349088352, 0.004478738666127081, 0.005197281254336624, 0.005170035829474708, 0.004410352032005967, 0.005853392501783625, 0.004521036737675424, 0.004645083229111221, 0.0046206898922589775, 0.005194351958015566, 0.00493997793667502, 0.004629276757160205, 0.004471431661851118, 0.004762291214478771, 0.004764717087475888, 0.004654619017762093, 0.004464411481096772, 0.004684915753885425, 0.004421778474655618, 0.0048709247442854835, 0.005530263989740411, 0.0044114517092629915, 0.004453407626531072, 0.004392716337042863, 0.004301863702373511, 0.004626823841714984, 0.004467174409014077, 0.0042795526737926136, 0.004235690036263995, 0.00417632420512523, 0.004860783648825743, 0.004183872873720961, 0.0045834787747417, 0.004331783366667567, 0.004298034633341167, 0.004733528810511722, 0.004337878292287783, 0.004238158200071919, 0.004740793053713301, 0.004320046846610108, 0.0044066198197859775, 0.004298067950825564, 0.004616626545710282, 0.004475003425002452, 0.004397909331148093, 0.004411565042191624, 0.004412323736811853, 0.004449899100676081, 0.004204787473963085, 0.00435282551845386, 0.00430845567662769, 0.004292320774704686, 0.00428216666169051, 0.004506866282730472, 0.004469163205662475, 0.004062196714115, 0.0047430565429242184, 0.004241596462085792, 0.00415413518678129, 0.004084886351827171, 0.004410991607508818, 0.004383714468301869, 0.004357758215730968, 0.004074862404771455, 0.004496527195622645, 0.004122215466288151, 0.004217867143291724, 0.004216348293599531, 0.004187526309478435, 0.004500698266230085, 0.004217365616703154, 0.003928489954532633, 0.004131470120603979, 0.004130920601898227, 0.004327588509640646, 0.004229715780472049, 0.003991844657485275, 0.004427346702605906, 0.003926905760701194, 0.004282615853544706, 0.005154085222965481, 0.004326396676296083, 0.003916157466736998, 0.003889513672610963, 0.004099020958888959, 0.004103440053466439, 0.003877409056594128, 0.004044334667243611, 0.004166395563994743, 0.0038391550268334945, 0.004252753430130335, 0.003930237953022807, 0.003904879943970585, 0.004144653863149363, 0.003818588751316978, 0.004698787089779174, 0.003968354065481652, 0.004275745494511334, 0.003886074467850453, 0.0038939223790165974, 0.004033500895574083, 0.0038985191388137617, 0.004887572137476174, 0.003907855903176618, 0.00404968007638977, 0.0045271222130039415, 0.004012891836797974, 0.0036201133407703385, 0.00386063536621376, 0.004166070248317782, 0.004331162162439004, 0.003724605455342556, 0.0037101827882329175, 0.003951053112228837, 0.003818891561901566, 0.004241393678233062, 0.003665790293619471, 0.0037696147245378053, 0.004156048385306545, 0.003955779694408568, 0.003818533405748807, 0.003722932153975132, 0.003813333289293465, 0.003757998257195656, 0.003657126337687359, 0.004072793557228855, 0.003783067486291081, 0.003600849968501683, 0.003875457628890142, 0.0037540254708541498, 0.0036471166540541517, 0.003588560701941192, 0.00415671364304186, 0.003724248909013064, 0.0037783967996029132, 0.004159971435650544, 0.003838377449586907, 0.003828498019403989, 0.0036707347262403805, 0.0036975386239814253, 0.0035813134510240025, 0.003930032649202677, 0.003989757632867235, 0.0037142666795437498, 0.003869872065339104, 0.00345336037049121, 0.00424784134296587, 0.003827940832374935, 0.003471263862185085, 0.0036653232861763763, 0.0038163983275828987, 0.0037975520817782344, 0.003627414098877285, 0.003342708884881787, 0.003492972946743879, 0.003649742741716348, 0.0036189115613410525, 0.0035467119324542958, 0.0035944334437481578, 0.003694028634453332, 0.0035542493811932907, 0.003473364176144737, 0.0035171987516649894, 0.0033396114467663623, 0.0036887544475207594, 0.003543623300683612, 0.003729082643566627, 0.003569432924541646, 0.0033209435055843754, 0.0037325664881232984, 0.003401828870581743, 0.0032966301458413204, 0.003432971764351024, 0.0035580840926414535, 0.003466943458345724, 0.003647461811674559, 0.0034376671830639877, 0.0035332258035994627, 0.003221391838449206, 0.003193095240319155, 0.003627477401445632, 0.004204729838805567, 0.0031983189319321646, 0.0034577936165833584, 0.0036004912912828866, 0.0035634423282070353, 0.0034740247286398226, 0.0036816341458673543, 0.0034377207580194853, 0.003921864463206323, 0.0034739376082789032, 0.0039235400880772405, 0.0032049192283019764, 0.0034776364957176424, 0.003325502512048961, 0.0032743106665283506, 0.0034688596267238607, 0.0034586193497540287, 0.0035661858204939956, 0.003376493845362489, 0.0033432852966967237, 0.0032748973717203035, 0.003519222793197774, 0.0031895715033423257, 0.0033314448470133703, 0.003303685350338674, 0.0033961155292471772, 0.0031949970128394563, 0.003218404995673406, 0.003075784740071882, 0.0032380721975887997, 0.0031565460744724053, 0.003130187418141614, 0.0032949100702342224, 0.003350191935324008, 0.0033177427901944475, 0.0032513225116836283, 0.0037492427217011887, 0.003229744910739571, 0.003267808965932058, 0.003351258415794889, 0.003393793299892103, 0.0033119892655860224, 0.0030980664386177077, 0.0030192619538947137, 0.003076307903659951, 0.0032983564012160032, 0.003096772495158101, 0.0032584410223476493, 0.0032121357550365433, 0.003282704263191714, 0.003045021619032586, 0.003121336439155149, 0.003617973324817805, 0.003320269046265229, 0.003180296735684471, 0.003231223454946995, 0.0035087887239556967, 0.0030068041088827328, 0.002997223453865584, 0.0029319132501822577, 0.0031069885680577937, 0.003251206623830821, 0.0032500600204127534, 0.003206578338027038, 0.0032035097895761642, 0.0030093399427513824, 0.003188042473330442, 0.0030280524984958312, 0.002965358077992665, 0.0030378478610358015, 0.003115591534734695, 0.002789782132249671, 0.0032506628440934302, 0.002760592351938412, 0.0030712198311631284, 0.003015162831043684, 0.00312232866086128, 0.0031200503038972083, 0.00332039104951892, 0.0029000280047323103, 0.0029781092997006276, 0.0032948340986010713, 0.0030942404410477273, 0.0031461109358919908, 0.0031436188086818766, 0.003329166650693004, 0.002951641438005051, 0.0030724481508398903, 0.0030510590622568282, 0.0028967102087751355, 0.0030497860969611297, 0.0033131940574965876, 0.002918703030509295, 0.0028696790742850863, 0.0027205304559745716, 0.0029403652785874824, 0.0029897145963470703, 0.0029689654677281215, 0.0031119256920456684, 0.0029442887335769273, 0.0028139251522269946, 0.002791776233007946, 0.0028177049142988453, 0.002972031800837183, 0.003191634078140723, 0.0033385789992554453, 0.0028154982649200087, 0.0028050762493889336, 0.002985152039371716, 0.00277442554676063, 0.002906438106043792, 0.00284644016109641, 0.0027582116894946905, 0.0026497283666927283, 0.002886115463311457, 0.0027803891874610587, 0.0027214333349679745, 0.0028136189434299365, 0.002874528087748765, 0.002721012948582214, 0.002876032899583626, 0.0030275846756618137, 0.002809758054645869, 0.002781413678450148, 0.002774863677347412, 0.0029125329922802946, 0.002802658716429179, 0.002695754424814079, 0.002821806103624844, 0.0027658738663914845, 0.0028331664311051215, 0.0028771844711612915, 0.0029927167584780662, 0.0027092322652448593, 0.002790388451561624, 0.002572173662630777, 0.002762817780820052, 0.0026636842819565483, 0.00265337536667154, 0.002742391865573031, 0.0027024443818966, 0.002873056284501796, 0.0027310365946152525, 0.0027485642093721618, 0.0026798363835913662, 0.002705359173190672, 0.00252740641667439, 0.0024952604398066716, 0.0025864143705247745, 0.0025202820449383187, 0.002410651891395239, 0.0026495232401610104, 0.002637666284853352, 0.002731419773796235, 0.0024324208890510253, 0.0029175346574779036, 0.0024670813475921875, 0.0026216330414594834, 0.0025237677599048896, 0.002616367724459887, 0.0027941999625208267, 0.0027087798982828423, 0.002692875240007292, 0.0026979640375040617, 0.002586326889153811, 0.0025758068634120787, 0.002391162263686852, 0.0024636504727557538, 0.002798503003341907, 0.002511646548576525, 0.002453228106402641, 0.0027719160057969204, 0.0025109439155615765, 0.002401547800311231, 0.0026099280979885817, 0.002615181914885811, 0.002557666344521251, 0.0024199779973381997, 0.0026601287271048224, 0.0024735355187447978, 0.002446753172561758, 0.00242734322962506, 0.002776254556436909, 0.002373837594583358, 0.002599415683345287, 0.0025180975976387496, 0.002656701992186103, 0.002365824547630009, 0.0024670788239540315, 0.002510497178196165, 0.002442556157143085, 0.0023931634376171745, 0.002557275289045928, 0.002245860844826839, 0.0021947294767151117, 0.0022456279217799575, 0.0022435628790339057, 0.002198018457987463, 0.0026987973203580515, 0.002417081169464081, 0.0023877959494874317, 0.0024872340334854918, 0.0024699904241498385, 0.0024833471522111117, 0.002232711893626318, 0.0024418343153225935, 0.0022811365416979903, 0.0023516667717955885, 0.002637672278993316, 0.002184508247744212, 0.0023473684835487894, 0.0022614083039306397, 0.0022916266685146023, 0.0024073787991658793, 0.002370517948648421, 0.0023569204815758124, 0.002244700321184156, 0.0020484093818727454, 0.0023013296900422165, 0.002328336136869325, 0.002231639606404551, 0.002187262725536262, 0.002081943526250611, 0.002201944515180365, 0.0025431722330937845, 0.002180156526195262, 0.0021325359422195225, 0.0022887305384682835, 0.0022254542896054472, 0.002207463781298955, 0.0021683745897438022, 0.002134811610407942, 0.0021676986229509855, 0.0022251537998579335, 0.0021429919178778396, 0.0023034664625361375, 0.002201369853079681, 0.002095742264908258, 0.0020896339502423176, 0.00210239483401785, 0.0022711249036044493, 0.0022460591133656688, 0.0021733159333441093, 0.002136452174733067, 0.0024083037025616058, 0.0020145128946045636, 0.0021191217208407355, 0.002175404732332327, 0.0020832042084720395, 0.0021488399036215166, 0.0021806751420448637, 0.0019516133685077463, 0.0020158558285821196, 0.0021903983763816664, 0.0019589522147020247, 0.001939717297067072, 0.0021907748329381776, 0.0021725019185899843, 0.002045956132205088, 0.0021766320209470084, 0.0021241262244958976, 0.002264820268719785, 0.0020355172877222455, 0.001998840422045856, 0.002273102032293594, 0.0020606081873707368, 0.0022698900392955114, 0.002072777624256875, 0.002028166157761008, 0.0020838338661146724, 0.002077846753779593, 0.0019538532236936888, 0.002025410229703074, 0.0022952026285733337, 0.002081320522184353, 0.0019220191413378306, 0.002059013565364555, 0.0021625725579571377, 0.002171798874105735, 0.0023773154903435722, 0.0019730720720062735]