Model Setup for Atypical Patient 7:
ITERS=200
LEARNING_RATE=0.001
OPT_RESET=500
ATOL=1e-09
RTOL=1e-07
METHOD=dopri5
Input channels=2
Hidden channels=40
Output channels=2
Runtime=3087.1193561553955Optimizer=Adam (
Parameter Group 0
    amsgrad: False
    betas: (0.9, 0.999)
    capturable: False
    differentiable: False
    eps: 1e-08
    foreach: None
    fused: None
    lr: 0.001
    maximize: False
    weight_decay: 0
)Loss over time=[2963.182844557298, 2730.060565171999, 2508.8172419475954, 2300.140916852727, 2114.8434653575273, 1931.9332480150224, 1761.0936324707138, 1591.4509254309135, 1426.3502653411888, 1267.0406588551696, 1114.1118312689555, 968.4681350165631, 829.9255631125575, 698.1590511937317, 576.1821660442166, 463.7431200394929, 367.47174548260784, 285.3302738597336, 216.37640451304148, 162.19000579129718, 124.38247678691941, 102.50153282764202, 95.31716287795116, 99.07977413531678, 108.08233464803435, 116.35312004654642, 119.74430120035613, 115.76107245607264, 105.59423117104407, 91.80547448250068, 77.1994931681395, 64.07021355988228, 53.981882226346805, 47.36698752911529, 44.116416772294635, 43.646041898362206, 45.08648697108742, 47.476598145707115, 49.947995464803626, 51.854386776111454, 52.812501621824865, 52.68692755191114, 51.539903870049834, 49.568352116995214, 47.04501870600515, 44.266073944046916, 41.511679805817266, 39.01721156757537, 36.95599367740618, 35.48213895156018, 34.528882040724746, 34.069507500500464, 34.03494764998233, 34.30742906528402, 34.775229933212444, 35.32344371126136, 35.847615913232545, 36.26474481012615, 36.52072479683713, 36.59261035963001, 36.48656129937742, 36.232104516100534, 35.874077226144976, 35.463840332572865, 35.05118059321402, 34.677875994613565, 34.37355698077299, 34.15405515789021, 34.02180921606679, 33.96811715125368, 33.97639532557341, 34.0258466250046, 34.09501829450296, 34.16477242482087, 34.22037421518641, 34.25259900151049, 34.257946223495395, 34.237893532588444, 34.19776699456483, 34.145155950375994, 34.08836162948944, 34.03491105326774, 33.99056221768958, 33.958667211331736, 33.94004734264095, 33.93329842564099, 33.93541031031039, 33.942530457098364, 33.95076212087404, 33.956828885636206, 33.958534898490605, 33.954962829015884, 33.94641197156158, 33.93415842117731, 33.92003855235778, 33.906047891974666, 33.89395428176991, 33.8850122144542, 33.879811478090076, 33.87828225429392, 33.87978147896851, 33.88327896549138, 33.887604495892035, 33.89164312229749, 33.894517517444655, 33.89569294982555, 33.89501330449802, 33.89266805910574, 33.889107855740626, 33.88492375546009, 33.88073899498861, 33.877082951804724, 33.87433197526261, 33.87266723058388, 33.8720620909012, 33.87233330718013, 33.87319276093702, 33.87431420796983, 33.87539512101668, 33.87620319901359, 33.876604049801955, 33.87656511595671, 33.8761417778434, 33.87544973697104, 33.87463325707781, 33.87383218017839, 33.87315777715076, 33.872675693650834, 33.87240690982528, 33.87232688655161, 33.87238212022517, 33.872506349911525, 33.87263749301171, 33.872726628761434, 33.8727463130727, 33.872690734794766, 33.87257653076505, 33.872428610385796, 33.87226980382513, 33.87213360861242, 33.872035828481984, 33.87198392323468, 33.871974183017436, 33.871994552646335, 33.872028413100104, 33.87205983956348, 33.872075799304454, 33.872068944795075, 33.872038323966336, 33.87198861425262, 33.87192843366724, 33.87186793985063, 33.871815235420904, 33.87177748779517, 33.871756623331905, 33.87175274107799, 33.871760990400695, 33.87177593325187, 33.87179169064953, 33.871803210564075, 33.8718073020199, 33.87180302911919, 33.87179054295544, 33.871773729100155, 33.87175562956154, 33.871736989109095, 33.871721266323256, 33.871709928951525, 33.871703321898195, 33.871700681818304, 33.87170138126519, 33.871703043942205, 33.87170444624007, 33.87170460554941, 33.87170255394414, 33.87169918448804, 33.87169462694349, 33.87168283463516, 33.871676706371616, 33.87166896606895, 33.871655197525506, 33.87166391502989, 33.87165103949267, 33.87166311842602, 33.87166084452683, 33.87164146140512, 33.87164024136214, 33.87165087448795, 33.87163771858015, 33.87164274504836, 33.87163177538332, 33.87163138466748, 33.87163161331473, 33.871613003553904, 33.87162042689226, 33.8716232346519, 33.87161576423859, 33.87160624975904, 33.871608564468026, 33.871593341319745]