Model Setup for Atypical Patient 1:
ITERS=1000
LEARNING_RATE=0.0001
OPT_RESET=None
ATOL=1e-05
RTOL=1e-05
METHOD=dopri5
Input channels=2
Hidden channels=32
Output channels=2
Runtime=39.77477502822876
Optimizer=Adam (
Parameter Group 0
    amsgrad: False
    betas: (0.9, 0.999)
    capturable: False
    differentiable: False
    eps: 1e-08
    foreach: None
    fused: None
    lr: 0.0001
    maximize: False
    weight_decay: 0
)Loss over time=[0.19414387504310032, 0.16633044443962494, 0.14150720742026832, 0.11975681066570276, 0.10122663121939889, 0.08599259652589218, 0.07400580901787619, 0.06510752351295843, 0.059024363942040754, 0.05536267544782385, 0.05360706758256524, 0.053188587436830075, 0.05355810537923837, 0.054259321285622095, 0.05496757024396448, 0.05548904519077094, 0.05574387645220058, 0.05573164244169329, 0.05550337431314443, 0.055131535713147946, 0.05469151478701187, 0.054245368463208085, 0.05383088084061845, 0.053462178586962755, 0.0531299728451565, 0.0528126683188545, 0.052485679042920536, 0.05212783990074074, 0.051727678259053285, 0.05128897289400152, 0.05082500714284522, 0.0503592537558875, 0.04992030510730767, 0.04953637449872159, 0.04923033371042435, 0.04901743077675979, 0.048902729624945795, 0.048880598144771394, 0.04893560079274593, 0.049043518293523686, 0.049175964524001727, 0.04930538507523033, 0.04940727466313884, 0.04946367831143673, 0.049465683844076326, 0.0494128425711589, 0.04931310408515346, 0.04918107082651881, 0.049033323776399046, 0.04888721442833834, 0.04875587286306579, 0.04864994546574128, 0.04857408695958379, 0.04852795079639314, 0.04850665114088944, 0.04850323129915652, 0.04850948046832498, 0.048517766823486526, 0.0485206238652712, 0.04851658006647106, 0.04850116653119256, 0.04847463259101578, 0.04843863919969021, 0.04839709192358663, 0.04835279758916377, 0.04830745286525984, 0.04826354770469799, 0.048223412013197194, 0.04818155737319765, 0.04814919116795504, 0.04811963779264587, 0.048091025732774684, 0.04806283465582317, 0.048034797852161255, 0.048006865958043224, 0.04797916917098755, 0.047955654137066484, 0.047934474999755804, 0.047913958513295336, 0.04789362127799313, 0.047873065036834576, 0.04785216696724175, 0.04783059052131267, 0.047808137978284135, 0.0477847864800796, 0.047760688384924775, 0.0477361318619536, 0.04771147000480061, 0.047687045311527114, 0.04766312821284871, 0.047639830410536294, 0.047617176282944866, 0.04759503452782738, 0.047572961573210885, 0.04755079017544973, 0.047528351679442665, 0.04750599334725405, 0.04748361694233119, 0.047461254130911845, 0.047439027645190104, 0.04741711736056455, 0.04739560724350374, 0.04737463045017048, 0.04735414774495538, 0.0473340736374884, 0.047314284223408505, 0.04729465023000015, 0.04727507028805838, 0.047254354586170624, 0.04723274076540417, 0.047211488882799975, 0.047190644812002164, 0.04717022028220701, 0.047149352589121646, 0.0471289731188782, 0.0471089676637851, 0.04708849401418431, 0.0470683047858152, 0.047048333783689555, 0.04702858987530949, 0.04700822993911969, 0.04698729343959544, 0.04696669285168016, 0.04694644568479301, 0.04692659383338196, 0.04690717661273966, 0.04688820469578125, 0.04686820779680869, 0.04684719672103154, 0.04682660531035889, 0.046806396548628545, 0.04678654808189342, 0.04676704830965002, 0.04674789651658453, 0.04672907473508428, 0.04671056015081334, 0.04669050291943922, 0.046669165855278694, 0.04664840984268206, 0.046628134962921335, 0.04660825978738526, 0.04658874152975325, 0.04656957185540285, 0.046550763278577725, 0.04653231889192826, 0.046514222722855526, 0.046494133836278366, 0.04647229002103784, 0.04645102621927322, 0.046430267610593406, 0.04640994336234854, 0.04639000932905399, 0.04637044679701796, 0.04635124605980219, 0.04633239154615886, 0.04631384638504533, 0.04629558794732111, 0.04627751847806075, 0.04625950023701219, 0.04623816529229777, 0.04621712211794133, 0.04619641285816229, 0.04617600442104317, 0.04615587434104981, 0.046135993239495354, 0.04611635942060151, 0.046094234279242086, 0.04607022010488417, 0.046046117572812344, 0.04602235420989744, 0.04599920612828448, 0.04598034714160833, 0.0459606187178585, 0.045940247445995425, 0.0459204882055468, 0.04590130775825025, 0.04588262026925587, 0.045863041056967084, 0.04584278280299705, 0.04582205026866575, 0.045801205585688676, 0.045780182432687715, 0.045758936868665966, 0.045737437104617036, 0.045716079192251395, 0.04569476821746405, 0.045673026335516204, 0.045650882835258096, 0.04562868876120525, 0.04560654396463697, 0.045584438235783835, 0.04556225191062653, 0.04553992767969253, 0.04551742479325023, 0.04549471003814052, 0.0454717900245103, 0.04544869130927714, 0.045425447165388606, 0.045402112287921674, 0.04537873072133664, 0.045355343261526175, 0.04533223292506648, 0.045309203587887564, 0.04528621614350472, 0.0452634876860225, 0.04524083303639092, 0.04521815468774229, 0.04519543713183529, 0.04517266283519961, 0.04514981926359625, 0.04512689711501684, 0.04510388237600065, 0.045080772787951154, 0.04505756363680627, 0.04503425008348703, 0.0450108266081276, 0.044987293016706724, 0.04496365395076052, 0.0449399227621184, 0.04491609926345228, 0.0448921887043452, 0.04486819047395731, 0.04484410421845754, 0.044819926075055326, 0.04479565182684229, 0.04477127067026485, 0.04474677203254541, 0.044722142725922204, 0.04469740841313678, 0.04467256696165351, 0.044647620042910584, 0.044622561306437956, 0.04459737592113074, 0.04457204671828061, 0.04454458517012932, 0.044517525742264814, 0.04449070313923576, 0.044463957035306145, 0.044437229276661855, 0.04441056125822482, 0.04438250637573922, 0.04435464324704091, 0.04432689750269862, 0.044299277090825456, 0.044271823092292856, 0.04424289588274656, 0.04421421479098241, 0.04418570268797342, 0.04415733557309264, 0.04412911892732551, 0.04410104286142398, 0.04407123539360172, 0.0440417424674799, 0.04401245458990705, 0.043983350519511404, 0.043954213481228445, 0.043925045821773014, 0.04389419331308854, 0.04386380807365851, 0.04383367669852263, 0.04380370068951282, 0.04377391680333271, 0.043742829868322536, 0.04371117253869419, 0.043680113044645884, 0.04364903999771048, 0.043617791121192774, 0.04358659000280557, 0.043555753669401884, 0.04352519276926215, 0.04349265493500862, 0.04345895438772785, 0.04342629034549852, 0.04339382723156857, 0.04336117813365532, 0.04332851141498072, 0.04329627126239488, 0.043264763014723914, 0.043231718559609764, 0.043197007456215304, 0.04316299796758089, 0.04312915260446345, 0.04309521192849102, 0.04306127332654411, 0.04302732356513376, 0.04299207324965577, 0.04295667795485127, 0.042921838170869024, 0.04288665965033163, 0.04285117052293221, 0.04281605340257653, 0.04278159171457591, 0.042745418518421306, 0.04270791485586616, 0.04267128510239702, 0.04263474122818262, 0.04259794210805304, 0.04256114828959749, 0.04252395134450329, 0.0424864338789769, 0.04244891296313102, 0.04241096668667992, 0.04237327918305807, 0.04233606129189518, 0.042297358326754436, 0.042258233062993894, 0.042219850244273965, 0.04218110604536931, 0.042141918078254535, 0.04210301426382876, 0.04206492241714398, 0.04202516465071662, 0.041984035126801496, 0.04194376095972686, 0.04190358901804853, 0.04186322214768805, 0.041822783125136785, 0.04178146304366319, 0.04174049583473199, 0.04169972499694024, 0.041657901164780936, 0.041615758658609565, 0.04157471351527932, 0.04153274099642093, 0.041489580073110204, 0.0414469744701268, 0.04140452047183301, 0.04136210345281021, 0.041319239121304856, 0.04127476711397724, 0.041231229927149775, 0.04118764344581639, 0.04114417352262636, 0.0410998600034103, 0.04105512009102238, 0.04101066963329798, 0.040966208605744535, 0.04092190115181081, 0.04087589990381051, 0.040830307834781705, 0.040784921732749835, 0.040740024915237864, 0.0406931025839336, 0.04064682008354183, 0.040600607213735436, 0.04055338168550897, 0.04050650024958507, 0.040460342692772995, 0.04041251019099841, 0.040365210371391506, 0.040318368802020506, 0.040269474736928386, 0.04022141212965053, 0.04017331719319255, 0.040126038461043505, 0.040077345434097904, 0.04002936468801119, 0.03998095779500611, 0.039930384580427955, 0.03988182813242138, 0.039832449985193544, 0.03978321791574679, 0.03973696291918031, 0.03968739872527942, 0.03963397799986599, 0.03958407308671406, 0.03953382724005914, 0.03948336963716892, 0.03943551861872954, 0.03939210215774966, 0.03933763519673858, 0.0392805449719721, 0.03923059468255485, 0.03917994721568145, 0.039126817999147884, 0.039075843807092475, 0.039031874248351535, 0.03898271051060229, 0.038922557639980586, 0.03886761768106204, 0.03881490841228862, 0.038762923311367416, 0.03871283994310873, 0.038666300545406276, 0.03862080307188332, 0.038558576123990655, 0.03850212342474904, 0.03844880553673895, 0.03839667190759641, 0.0383467552402498, 0.03829203165964321, 0.03823514459179775, 0.03818136180946899, 0.038127622849448886, 0.03807659820446782, 0.03803084865111494, 0.03796801764243896, 0.03790967927451896, 0.03785439059074113, 0.03780109880270599, 0.03775002342528566, 0.03770149282795767, 0.03763737557461475, 0.037579151100285924, 0.03752361432587012, 0.03747029414822668, 0.03742111602385923, 0.03736228384171931, 0.03730607056913305, 0.037251933137570456, 0.03720013153233819, 0.0371367807797205, 0.037078262624529575, 0.03702253819744483, 0.03696957337386888, 0.03692025624713477, 0.036852216967321764, 0.03679341197941466, 0.036735873595637375, 0.036679700983627044, 0.0366305801867888, 0.03659027905458814, 0.0365136385321078, 0.03644902399373106, 0.03639033261132576, 0.03633337200070846, 0.036280729364782126, 0.03623656312997663, 0.036192674048364855, 0.03611031471642651, 0.03604506535069032, 0.035987690617511815, 0.03592905592246451, 0.03587777614986692, 0.035840768508014854, 0.035776464246748504, 0.03571353701488806, 0.0356530680797152, 0.03559528712137267, 0.035540707790729736, 0.03548899976198569, 0.0354360784153229, 0.0353613486376896, 0.03529820088045977, 0.035240204958947634, 0.035186570956844715, 0.03512450274581461, 0.035075320539836766, 0.03501132157401454, 0.03495552733987753, 0.03489323205817026, 0.03483569367352249, 0.03478385447346379, 0.03468971465304486, 0.034687832940072265, 0.034602093837667124, 0.03448840239470772, 0.034491547821499206, 0.034431071543100614, 0.034351241290657246, 0.03428183162174833, 0.034207063797591086, 0.03418262008091416, 0.03411789472973906, 0.03404480283296495, 0.03402141401562912, 0.03394417911676142, 0.03386767910831741, 0.03379922601089529, 0.03374239882318493, 0.03367944297610621, 0.03360008355696583, 0.03353712350880527, 0.03348235650496455, 0.03342770444470835, 0.03336304234198539, 0.033356815015320916, 0.0332975542054377, 0.03318702814343091, 0.033128681962822835, 0.03312177480798435, 0.033048950990979306, 0.032987745396119726, 0.032937203610954195, 0.032885986502279155, 0.032799384403003916, 0.03271433045019229, 0.03263124430139596, 0.032577872294976495, 0.03258295625665816, 0.032454134308863215, 0.032412807238325424, 0.032369587813377294, 0.03233977797660666, 0.03227943995441171, 0.03221849792366232, 0.03209437250472858, 0.032107175490078424, 0.03197627626573396, 0.03197557647525618, 0.031914491977618066, 0.03186660322794505, 0.03175787327642185, 0.03169504984531621, 0.031685268365213584, 0.031585614182970664, 0.03157562090168626, 0.03150819695614448, 0.031455233713209844, 0.03139420252576857, 0.03131109429453906, 0.031234500295470688, 0.031220269742013165, 0.03117182344409826, 0.031101484073195827, 0.030994017372762483, 0.031089928152986127, 0.030920977098229354, 0.030865467949666915, 0.03081006914885047, 0.03075025758172685, 0.030717666274992506, 0.030689765406621026, 0.030581815398710518, 0.03052664261799386, 0.030467775138905875, 0.030410513838030673, 0.03035939017820577, 0.030345570852515293, 0.030242893217269976, 0.03021931922561946, 0.030166139102512736, 0.030072969810178526, 0.030058041421430516, 0.030122341647255066, 0.0299239730648056, 0.029899881694302587, 0.02986668044515611, 0.029748523908368595, 0.029668203488220614, 0.029838921146686414, 0.02961500241926821, 0.029577154605186538, 0.02955037474947125, 0.02943700665950687, 0.02939844994083203, 0.02951222802420589, 0.02930299762527405, 0.029277205211393854, 0.02924298563724722, 0.029133858530278004, 0.029116860285461857, 0.029225413100427155, 0.028994863896298673, 0.02900572783320561, 0.028961829480821377, 0.028837516039978296, 0.028839297029181053, 0.02898623242669637, 0.02869947298988765, 0.028748687792858843, 0.028707386390071397, 0.028545301502489188, 0.028584302845015386, 0.028735954612277747, 0.028416487742026583, 0.028485701007087437, 0.02845812677084638, 0.028260765259208967, 0.028316167239956638, 0.028476143667319306, 0.02814001649524668, 0.028222995332560452, 0.028203445726926256, 0.02798672410090258, 0.028048731526676893, 0.02824164570623552, 0.02788892352641307, 0.027916152081653677, 0.027922523727566192, 0.02772037196669863, 0.027723753760661492, 0.02793197825236379, 0.027621932899074574, 0.02765127966029922, 0.02763934523680157, 0.027464694817655264, 0.02752948645883415, 0.027659872207438194, 0.0273501380047742, 0.027436820259738915, 0.02738600338436611, 0.02722005410678866, 0.02733928064742612, 0.027475113236796724, 0.027089403688649448, 0.027263983546446567, 0.027176073739386655, 0.026979678529933496, 0.027175773042290696, 0.026892029337377846, 0.026836294737244925, 0.026845804381321656, 0.02675579668460584, 0.026774628985003858, 0.02676404754521513, 0.026760417848024354, 0.026586436404782147, 0.026563244356210814, 0.026524557642425586, 0.026490885613285695, 0.026429108086718143, 0.02647466199806113, 0.02639523751752255, 0.026302812705681407, 0.026306787635356866, 0.026269312900087462, 0.026197810049229206, 0.026187361321365957, 0.026215530592481273, 0.026149195895600195, 0.026236809457669527, 0.026032433832757187, 0.026186794239446354, 0.025911760183109457, 0.025903691026083763, 0.025863650872991875, 0.025843564619843596, 0.025846006376412167, 0.025858981864245675, 0.025828722887709845, 0.02604374403233368, 0.02562966253212677, 0.026134841963213716, 0.025568233574688314, 0.025698377280752294, 0.025589599637298344, 0.02548409440451059, 0.025737694359392473, 0.025366080297485712, 0.02553147297643942, 0.025322631362030126, 0.02526806111394987, 0.02562292335853993, 0.02518908311623772, 0.025470875300382653, 0.02520640197160581, 0.025142051013817755, 0.02557036899476853, 0.025020800219129793, 0.025373780648662345, 0.024983664821616392, 0.02507899448804748, 0.024943856433363373, 0.024858709728399153, 0.024828343732659554, 0.024829370613483195, 0.024814495788329585, 0.02480337428401943, 0.02466255529448689, 0.02467106486887979, 0.02464204985535682, 0.024570313814207486, 0.024636475247669543, 0.024642787585781437, 0.024747517866377258, 0.024496507522283054, 0.024854781019515108, 0.024420707502570485, 0.024679554999362415, 0.024365442762855963, 0.024522571974391436, 0.024306545031774273, 0.024273035966992776, 0.024221646346771285, 0.024158424023825367, 0.02429248596213853, 0.0242532002446248, 0.024463192069254434, 0.024067176578090436, 0.02453124292837043, 0.02402119842548076, 0.024135058079408536, 0.02401817238060616, 0.023879640333196565, 0.024232830452750778, 0.023897360599006757, 0.024204718203235474, 0.023799847064267812, 0.02412591850942358, 0.023682552113749148, 0.023795988913051312, 0.023704063630996763, 0.023661469274322677, 0.023858928319978347, 0.023700217453014316, 0.02398650550954321, 0.023477147599525797, 0.02404944707747113, 0.02350523181595822, 0.023622498239421377, 0.023488930153258668, 0.0234288816876577, 0.023725178948566336, 0.023436619287104107, 0.023788282881974317, 0.02330147779125377, 0.02384818091492634, 0.02324967402439376, 0.023348011970686033, 0.0232778544713405, 0.023176142380769517, 0.02345765577784902, 0.023179039889634764, 0.023541430631680783, 0.02306756867157063, 0.02357325420155818, 0.023047703409297845, 0.02313262624771117, 0.023016600709635796, 0.022950188906160126, 0.02340303861414189, 0.02306624065531844, 0.02347833519960281, 0.02287083671695763, 0.023986806427631048, 0.02294838595384291, 0.023900161353965957, 0.02274851736768857, 0.0240109888781504, 0.022699687852820054, 0.02331205693325088, 0.02266414327764795, 0.02326190311488372, 0.02260388662770666, 0.02263463188608855, 0.022640792617398806, 0.02252455502383965, 0.02285269849523417, 0.02253384035016964, 0.0227854814734703, 0.022457504345736727, 0.02286984769561312, 0.022416049064717513, 0.02253751889321379, 0.022373196199223025, 0.022474513306803626, 0.02232306959455719, 0.022328459669078773, 0.022295348332877885, 0.022380706936611164, 0.02227914847242034, 0.022376718377096916, 0.022211499439459617, 0.02261214958915744, 0.022176885831309678, 0.02238883899886571, 0.02210451128176971, 0.022715547314496987, 0.022065714190224926, 0.022238196718272735, 0.02203172113473484, 0.02215194423331471, 0.021970556611521908, 0.02196518695605964, 0.021852871215565613, 0.02210087301008463, 0.021963981124709014, 0.022020847979851436, 0.02172925119363595, 0.022456815571341177, 0.021800668627621023, 0.022066667786842104, 0.021757096739024928, 0.022168977741774728, 0.021729906982396324, 0.021771763356045734, 0.02167240210685177, 0.021852186414853658, 0.021643080766825515, 0.021678680478406837, 0.02151451910965991, 0.021979535535913582, 0.02156664988703141, 0.02175873211498194, 0.02151796368401906, 0.022055997273645604, 0.021470092216424267, 0.02163251187614655, 0.021429185458909813, 0.0218191475938754, 0.021387244159648298, 0.021475420122592792, 0.021290197845983835, 0.02173489883448971, 0.021318007142816328, 0.02142854460032557, 0.021173172819238768, 0.021801185381209377, 0.02124933215240947, 0.02143647552684206, 0.021099976217538927, 0.021920495760191443, 0.021223953787848655, 0.021580562674991966, 0.021053820985686738, 0.022160998786220243, 0.02161772914875371, 0.022245472530394373, 0.021149106992517087, 0.02142536416661301, 0.021160233752620185, 0.021380853989387074, 0.020846692128349286, 0.022065018863242667, 0.021513748372800588, 0.02231287645760927, 0.0208498324390322, 0.02411238476422849, 0.02237601517166891, 0.024423515135094418, 0.020874715535280943, 0.025505908841322176, 0.02123557601504235, 0.024502984213635785, 0.021828434270370616, 0.022505006874496882, 0.022017214655928867, 0.021919658944664796, 0.023168019642981482, 0.020905255221696308, 0.022384255719858512, 0.021106647728126517, 0.02159567971439906, 0.022090489332349385, 0.020720940328326335, 0.022468588281386186, 0.02078730293591911, 0.021937206556317892, 0.022124986929367072, 0.020670757794472337, 0.022588756682415057, 0.02083571531368931, 0.021703066683174874, 0.022174364614246322, 0.020593242813664606, 0.022239150528756278, 0.020926903939108673, 0.021284939603109555, 0.02222942792646862, 0.02061201069036616, 0.02146045723451513, 0.02104709286323225, 0.020525419559834647, 0.02112410407491938, 0.020647233140312228, 0.020429878502338062, 0.020513306686925248, 0.0204305642270347, 0.020531560753028925, 0.020396114416443144, 0.02039036675684501, 0.0202828308917014, 0.020346948726994014, 0.02020506746009385, 0.020231269041565015, 0.020290125206939052, 0.020284516777005986, 0.02030903471535266, 0.020123379919693582, 0.02031585603133975, 0.02007943666278716, 0.020188506652750512, 0.020170776194453087, 0.020078554018921155, 0.020144583859444412, 0.0201345411655478, 0.02001402127517695, 0.01998001762440684, 0.019937904154065086, 0.019989672860272336, 0.01989653937684442, 0.01992561368182329, 0.019944606884146978, 0.01999658449941124, 0.01997390848776282, 0.01989721676922583, 0.019943530786398808, 0.0199298922443667, 0.019847181969333657, 0.019901324311058146, 0.01987841389847547, 0.019792343243734464, 0.019846500547412303, 0.01983106198436702, 0.019769373415507042, 0.019799388236419045, 0.0196759505209798, 0.019731267942771604, 0.019753188315251836, 0.01962952372552521, 0.019693844027815186, 0.019715855205802914, 0.019558370019151002, 0.019650295046079385, 0.019570733977543865, 0.019534028366139947, 0.019604314059720976, 0.01962440087297528, 0.019610536809880938, 0.019511185333177132, 0.019578265604667612, 0.019557896691676332, 0.01954727023128872, 0.019534821565193775, 0.01952074635037309, 0.01947246974358646, 0.01949162936080767, 0.01947067671238608, 0.019414399326583124, 0.01944628162259129, 0.019432074875862668, 0.01934150660587886, 0.01940362207922468, 0.0193840967704959, 0.019387546006773792, 0.01935874404156228, 0.01934237651949854, 0.019332312888864223, 0.019316868707941356, 0.01929918448672044, 0.019305989978534742, 0.01927421161045916, 0.019257674321158942, 0.01926398929262986, 0.019232338613947745, 0.01921475456823999, 0.01923170343508899, 0.019190173417690245, 0.019173404770585722, 0.019191769068876152, 0.019148589069716258, 0.019131041862876782, 0.019163289574884106, 0.01910740742026706, 0.01909077460732239, 0.019092772624229246, 0.019065644708948223, 0.0190480927866998, 0.01910176598757425, 0.0190251836603116, 0.019009475347390684, 0.019015257634572937, 0.018984493507912727, 0.01896672911247689, 0.01903007040052412, 0.01891934770439526, 0.019244419558452908, 0.01901975615523065, 0.019190123649784542, 0.018778417996977183, 0.019347006616709274, 0.01904472471362527, 0.01929450592111828, 0.018722815019171227, 0.01924487842076237, 0.019109072107930954, 0.018937209400122827, 0.018822083608633022, 0.01906272907558295, 0.019005506318740383, 0.018825539037783976, 0.01922994220410217, 0.01884648680763642, 0.018944910944605774, 0.018721578931328264, 0.018720232699570915, 0.018873741857091092, 0.018720647736047542, 0.01882589792906558, 0.018652635257567, 0.01931748330191072, 0.018807794936235304, 0.019086586959669704, 0.01867578419277244, 0.01923455531586188, 0.01907371759980062, 0.018627717462073343, 0.019868879447171615, 0.01870004569220353, 0.019468625061841237, 0.018391074751777845, 0.020000905370777648, 0.018505474778471503, 0.020330606524631617, 0.019176203131809594, 0.019116895284650624, 0.01959512970370289, 0.018863724245057414, 0.01990664478806431]