Model Setup for Atypical Patient 1:
ITERS=3000
LEARNING_RATE=0.001
OPT_RESET=500
ATOL=1e-09
RTOL=1e-07
METHOD=dopri5
Input channels=2
Hidden channels=11
Output channels=2
Runtime=8528.831289052963Optimizer=Adam (
Parameter Group 0
    amsgrad: False
    betas: (0.9, 0.999)
    capturable: False
    differentiable: False
    eps: 1e-08
    foreach: None
    fused: None
    lr: 0.001
    maximize: False
    weight_decay: 0
)Loss over time=[222.1164229634339, 213.16005661223053, 204.44265646941696, 195.96664810409177, 187.73382423672672, 179.7452785456499, 172.0013626827832, 164.50164101949923, 157.24483174206082, 150.22877339467905, 143.45039227896936, 136.9057150327264, 130.5900433309074, 124.49821338721362, 118.62476514919412, 112.96417198516987, 107.51100497787661, 102.26006928590749, 97.20646706610664, 92.34541153652646, 87.67222652440061, 83.18246028116157, 78.87159294248721, 74.73527643660246, 70.76904748769985, 66.96824657790172, 63.32876946052783, 59.84590425375529, 56.515224468812946, 53.33225470837731, 50.29258821653236, 47.39188253251318, 44.62582398863079, 41.99021207448163, 39.480882917828666, 37.09378368651755, 34.825085992101236, 32.670852796610255, 30.62736001900072, 28.69099272573524, 26.85829297448323, 25.1258454374078, 23.49034939392384, 21.948607599683815, 20.498276203939493, 19.13712319981043, 17.86074984424928, 16.66622727330451, 15.550756967558868, 14.511368510357443, 13.54557751386505, 12.650522243603417, 11.823550724388035, 11.06227786230451, 10.363878825703544, 9.725382236853864, 9.144037374939266, 8.617084572358875, 8.141743176058974, 7.7152414853526725, 7.334774160631661, 6.997539640360571, 6.700724595652196, 6.441538005462979, 6.21720686176836, 6.024874262784596, 5.861812653977712, 5.72570459833145, 5.614451190595998, 5.524849081702417, 5.454259945476133, 5.400196284593354, 5.360345431114349, 5.332584185895484, 5.315119550584921, 5.306089585343643, 5.303771501674221, 5.306592459687738, 5.313109331419072, 5.322200799072735, 5.332433620818713, 5.342739074339075, 5.352795259476578, 5.36200465803732, 5.369953716569908, 5.376364772772303, 5.381071809157641, 5.384079428727674, 5.3854674939939065, 5.385359890656134, 5.383818435967744, 5.380914017645071, 5.3769387154836785, 5.3723944145762905, 5.36732928787934, 5.361900530755691, 5.3562833814786295, 5.350605522721718, 5.344980657693902, 5.3395077165988685, 5.334259377137065, 5.329315076089002, 5.324726108063141, 5.320529709453167, 5.316750080401431, 5.313393260221306, 5.310478558438024, 5.307988024725458, 5.305907317147083, 5.304197481940389, 5.302819019371385, 5.3017421557442725, 5.300928556205251, 5.300344733510564, 5.299954399078659, 5.299719581370262, 5.2996105032349075, 5.299607084115166, 5.29966335428675, 5.299759128197, 5.29989116643637, 5.300035821597106, 5.300181763799514, 5.300317326475555, 5.300434810915331, 5.300532842084168, 5.300608329751291, 5.300661926943999, 5.300688373299682, 5.300692389003797, 5.300682814117925, 5.30065539767918, 5.300605184036372, 5.300545052015618, 5.30047345935465, 5.300393510814502, 5.300307666347251, 5.300221649359115, 5.300136813334916, 5.300051153659709, 5.29996893877398, 5.299889315955773, 5.2998146230604775, 5.299745713860404, 5.299683196601584, 5.2996274351950525, 5.299578563985538, 5.299536508710909, 5.299501014310482, 5.299471676303512, 5.29944797299704, 5.299429301452171, 5.2994150080995945, 5.299403802844217, 5.299394607718306, 5.299386212122562, 5.299370126204681, 5.299376988871745, 5.299381096087348, 5.299382381918431, 5.2993821043562175, 5.299380394021199, 5.299378129235645, 5.299376038488432, 5.299373571350305, 5.299370294443196, 5.299364357500607, 5.299360601762523, 5.299355295986988, 5.299349632208953, 5.299341419745182, 5.299326450356815, 5.299318829378802, 5.299313034150751, 5.299306834231846, 5.2992999028017636, 5.299292756926469, 5.2992854485811955, 5.299278018942187, 5.2992704985274175, 5.299262859425972, 5.299255021600754, 5.299247074125267, 5.299239152500124, 5.299231260482742, 5.299223398787309, 5.29921556506436, 5.299207753937416, 5.29919998093018, 5.299192217573542, 5.29918444412096, 5.29917664450112, 5.299168800797719, 5.299160893769007, 5.299152903433359, 5.299144810098214, 5.29913659538095, 5.299128243004272, 5.299115079663176, 5.299107465207223, 5.299115251425503, 5.299107714781464, 5.299093810819638, 5.299091882641519, 5.299079866182078, 5.299072450908046, 5.299063334435001, 5.2990541773785145, 5.299046326740515, 5.299035471220721, 5.299004698801442, 5.298991723491564, 5.2990064728706905, 5.2989972684871, 5.298987419049764, 5.298977638918421, 5.298967809199765, 5.29895768239403, 5.29894713475479, 5.298936350558427, 5.298925627093193, 5.298914965410168, 5.298904123346922, 5.298892979657317, 5.298881614276488, 5.298870059120215, 5.2988577727348805, 5.298836910829283, 5.298829441852127, 5.298822527421672, 5.298771773426342, 5.2987677314735855, 5.298745411731062, 5.298772112376684, 5.298759966838668, 5.2987469331867505, 5.298730655954344, 5.298672463866725, 5.2986683725042605, 5.2986440226278555, 5.298678302198332, 5.298647189205877, 5.298640226273961, 5.2986278672970135, 5.298613085250668, 5.298596454714798, 5.2985783904297135, 5.298559170817547, 5.29853954401776, 5.298520868089421, 5.298503490149544, 5.298486989548424, 5.298470442846223, 5.298452737052615, 5.298432842019116, 5.298432230383798, 5.298420550865239, 5.298403716792989, 5.298380726546086, 5.298331730195897, 5.298340116810977, 5.298310233044796, 5.298260193737986, 5.2982632439422135, 5.298215782642944, 5.298191313650933, 5.298219067503856, 5.298159405174877, 5.298178890006914, 5.2981598754179435, 5.298131565976249, 5.29807563904861, 5.298059375177744, 5.2980404476200675, 5.298019500531919, 5.297996972641226, 5.2979733101470385, 5.297948840325799, 5.2979237891143445, 5.297898332026189, 5.2978724778504045, 5.29784622342203, 5.297819457882782, 5.297792098950746, 5.297763966208866, 5.297735042856943, 5.297705308788192, 5.2976748330247725, 5.297643644547564, 5.297611907890677, 5.297579817601097, 5.297547535441086, 5.297515217318259, 5.297482802665061, 5.297450130656049, 5.297416953109342, 5.297382969945293, 5.297286892867495, 5.297246026443857, 5.2971930508917575, 5.2971528782429695, 5.297112608660134, 5.297000115966719, 5.296983596036707, 5.296987066116601, 5.296954871809256, 5.296909873166352, 5.296861310536314, 5.2968081276254555, 5.296753126631668, 5.29671735507026, 5.29655860133998, 5.29645182306674, 5.29639556456562, 5.296386212064311, 5.296321770725495, 5.296261138270455, 5.29618502640188, 5.296078984038382, 5.2960419687066285, 5.296012807259977, 5.295892667860686, 5.295821281700862, 5.295746221945422, 5.295670507306843, 5.295572239965138, 5.295490148002864, 5.295330994757396, 5.295063755268664, 5.294968043570328, 5.2948512192466515, 5.294737695146686, 5.294530149857454, 5.294475937405685, 5.2943627943156795, 5.294232883391586, 5.294067384162597, 5.293892969334266, 5.292768042389764, 5.291360528904985, 5.291989233131127, 5.291788537043808, 5.2909514635408605, 5.290236883212334, 5.290561790339467, 5.290269644709727, 5.289298935787192, 5.289102052520104, 5.289109103886752, 5.288669191869166, 5.287843837817937, 5.28762839097628, 5.287382102846899, 5.286786676291393, 5.286195443679012, 5.28593325415083, 5.285385112007404, 5.28468387696901, 5.284271978761914, 5.283948678160266, 5.283115499659901, 5.282615470273186, 5.282106761854269, 5.281332438533362, 5.280831034178451, 5.279927663033837, 5.279317494818458, 5.278666785678488, 5.2778669976104675, 5.277113323905424, 5.27619033811454, 5.275443081758913, 5.2742372956399, 5.272861955626205, 5.271786973005723, 5.270580746886906, 5.269597826540663, 5.268398596709744, 5.266837555479939, 5.265978912645053, 5.264568378321957, 5.263214407433639, 5.261820189411012, 5.260208391319767, 5.258752878819656, 5.257061100865769, 5.255369430524615, 5.253511367048893, 5.2517057902930855, 5.249813438765583, 5.247723517302666, 5.245697907109564, 5.243456592592519, 5.240985530073142, 5.238617539174024, 5.235909879033489, 5.233980674872435, 5.230438997547854, 5.227489563271717, 5.224390867176367, 5.221052923225, 5.217599282107889, 5.214020679552803, 5.210163323128064, 5.206115774869975, 5.2018417590019785, 5.19733774421885, 5.1924828655038135, 5.18741405625546, 5.18200699490753, 5.1765604876014315, 5.170643692992074, 5.16435086008029, 5.157673492350917, 5.150821760664011, 5.143363308093149, 5.136106439923594, 5.128381927572168, 5.1199925711337615, 5.111080791578146, 5.102336991047751, 5.09343697879889, 5.083900987366514, 5.073641872627002, 5.06270468151449, 5.0502101417310294, 5.034728768561163, 5.017453543244996, 5.001620670909318, 4.990777938887452, 4.975252854897506, 4.949982051018683, 4.95879399255818, 4.937323201491004, 4.924525089969482, 4.918570699710809, 4.892369639143755, 4.89704885123278, 4.872333759324969, 4.880464203242445, 4.8631653650436, 4.853838846017298, 4.854217986792813, 4.83148162044501, 4.833484636615375, 4.820945613977952, 4.810359984833224, 4.8105830699335055, 4.796279836535739, 4.789578298542849, 4.789059286765018, 4.776675048216416, 4.766139183188491, 4.762226352035632, 4.759710048545972, 4.758363117643685, 4.746901121760173, 4.737370497951286, 4.727620899726303, 4.721146459382604, 4.716508855711751, 4.715341659462407, 4.730083134466664, 4.754086126379305, 4.812109603568638, 4.693006024966113, 4.878908132743761, 4.849180615845061, 4.91447857447702, 4.681934126174126, 5.009989314904048, 4.708575532691216, 4.924280827228131, 4.83626236736851, 4.681615268441195, 4.9130409918881455, 4.6821989575432665, 4.773132950615629, 4.815156269775245, 4.702111987421583, 4.72332800133262, 4.771910081322065, 4.674653447536174, 4.732607429171745, 4.740860699303952, 4.67706421296117, 4.704975004150822, 4.715743530954291, 4.667152699522063, 4.699590898384813, 4.698571694259893, 4.663069815389729, 4.685100930835773, 4.680177986792544, 4.65772769018121, 4.67736843668927, 4.667833399193743, 4.651977280511674, 4.668573859416925, 4.652923734651396, 4.650590482674343, 6.983790483084632, 4.679224538518496, 5.074538689731657, 5.712353271747637, 5.979788366539196, 5.882168078227526, 5.556923853960028, 5.156159285471221, 4.823446887372885, 4.679059056818951, 4.776655719958487, 5.020749076942217, 5.183079681194093, 5.124656179163975, 4.935456844924581, 4.772547403874645, 4.711077736996274, 4.739441657355788, 4.8099756216005405, 4.877389030030433, 4.912381425284859, 4.904853178278045, 4.861205714127791, 4.799740412488797, 4.744216746445004, 4.7151259131773875, 4.721192723677212, 4.753108195449238, 4.7845877028390795, 4.790143567599868, 4.764633558359558, 4.725587656238965, 4.696001447795272, 4.687774009928085, 4.696886186232395, 4.711127229567461, 4.7169303220941465, 4.708847071192721, 4.689979728659358, 4.669558285222918, 4.658139915864968, 4.659607741653826, 4.667924642576821, 4.671656166417211, 4.664128233952775, 4.650163464023583, 4.639585203732695, 4.637874130207224, 4.641939683299651, 4.644606465954824, 4.6412568675968515, 4.633317387060322, 4.626424695264067, 4.6249838977077795, 4.627542966990875, 4.628880172761033, 4.624754485409894, 4.619866889694235, 4.6168429446595205, 4.617364357220996, 4.618734170803058, 4.61756045085579, 4.614057174205442, 4.611075930858235, 4.610676591280912, 4.611256971273322, 4.610289190287947, 4.607729149360539, 4.605526713902674, 4.604791925432978, 4.604809673646556, 4.60376206462588, 4.601780148577346, 4.599951877517532, 4.599156362555436, 4.59870603054605, 4.597412958586979, 4.595659938318312, 4.594180351134561, 4.593397360874483, 4.592548301787104, 4.591149147943033, 4.589445649058219, 4.588320035468971, 4.587395738811217, 4.586252047521442, 4.58466521661315, 4.5832730603515675, 4.58215113935328, 4.580898840249672, 4.579484933053453, 4.57802698831323, 4.577038200384004, 4.57606527483629, 4.574763796933012, 4.573331759146802, 4.572087925289949, 4.570899236314497, 4.569637533023885, 4.5684870373882385, 4.567339525488737, 4.5657863654586865, 4.564733653684117, 4.5634848410805695, 4.562092211904389, 4.5608055741461495, 4.559301150097183, 4.558169910342884, 4.55690743542306, 4.555724267745272, 4.554206471705855, 4.552557332155519, 4.55135213981734, 4.550082390783462, 4.548647820133311, 4.5472569045367, 4.545799835353694, 4.544375878263227, 4.542961854401992, 4.541409089111842, 4.5399139258522805, 4.53833445741355, 4.536925401324916, 4.535338527878969, 4.533689395471512, 4.532133538421464, 4.530459951070978, 4.528877827716415, 4.527283510178401, 4.525619126129167, 4.52397157354402, 4.522117155193221, 4.520497467585432, 4.5187267717910595, 4.516841702680806, 4.51502492046422, 4.5119029846324175, 4.511287991954541, 4.509291701860966, 4.507152421082067, 4.504818847493527, 4.502605313063618, 4.5001827307362126, 4.497674237860623, 4.494947147883144, 4.4921781498071764, 4.489395285714689, 4.486457493249797, 4.483452578663792, 4.480473515901992, 4.477305592762906, 4.4744102485482875, 4.471368145193721, 4.468288741846694, 4.465194659793296, 4.461906385195177, 4.458548217742339, 4.455118109316845, 4.451519958283034, 4.447803731957598, 4.443900752687271, 4.439998462767354, 4.436011481192755, 4.431899724959646, 4.427674164470026, 4.423301552024035, 4.41885724678435, 4.414021993676415, 4.4091828738182395, 4.404152815413237, 4.3989242371656365, 4.393577456768919, 4.388209926741795, 4.382328914920539, 4.376417149945995, 4.370411117773629, 4.364234621640545, 4.357753412050233, 4.35113808245351, 4.344309816267581, 4.337356934612865, 4.330314321440065, 4.32358735635458, 4.316701122034186, 4.309448791998604, 4.302195771415281, 4.294853986528998, 4.287085985888782, 4.279377019059564, 4.272208080810095, 4.264940305032968, 4.2576518259192175, 4.249891492536707, 4.241896372724354, 4.233895911765198, 4.225724646907675, 4.217302536015742, 4.208619200369285, 4.19970886323295, 4.1906577675734304, 4.181305603315535, 4.171896442271573, 4.16209782512745, 4.151957533422247, 4.141499853417028, 4.130909054496208, 4.119708704055268, 4.108217404166672, 4.096515024364984, 4.084245843813164, 4.071699505764604, 4.058763952125787, 4.0451259583473425, 4.031070167370959, 4.01657124587267, 4.001840936199636, 3.9863376114306632, 3.970254007729383, 3.953123755930468, 3.936261353159699, 3.9197006785470023, 3.907322239992908, 3.89468985253289, 3.87904824572593, 3.863178847500653, 3.8510535694105372, 3.834065033945666, 3.8179625856122343, 3.8047467929565197, 3.787268189546774, 3.7692044494359194, 3.754489312877311, 3.7362454598370047, 3.715640239422093, 3.6989725647495884, 3.680142996285882, 3.6588906944339796, 3.6433660650335677, 3.6292434705213648, 3.6142686555725145, 3.598483695421173, 3.5831562158855643, 3.5681979813720943, 3.5536376493892927, 3.5393391850322478, 3.527555663406319, 3.5159617177943328, 3.513989098418328, 3.4935867081870398, 3.481805148824652, 3.4488206776851524, 3.4252872569779753, 3.409357937926465, 3.3990867235464295, 3.396616124065699, 3.383196451306678, 3.3855380293638757, 3.34984412693259, 3.3255381765695584, 3.2925203004868497, 3.2729818926282523, 3.2634734402185113, 3.2473865219461833, 3.2308845209980372, 3.1954288293892534, 3.165263558512956, 3.1386731713253018, 3.1091524600366736, 3.077569186753347, 3.03315192175521, 2.9879904864857267, 2.9406518309754826, 2.898447010191273, 2.861401460189842, 2.8296874434524018, 2.8042893221262086, 2.7849650637042545, 2.8253264003029694, 2.894871663498419, 3.813138204472695, 2.6899033894562554, 6.501675930739142, 6.662987276062228, 10.679883668457215, 12.373408039426254, 12.880480539897887, 12.649240117859394, 11.943868388065193, 10.942843526063797, 9.749353681867495, 8.37764560894661, 6.420120406490502, 4.878168657960026, 5.000384628925606, 6.196409133672582, 6.513545320177121, 5.5366236252143235, 4.567015992462284, 4.25082135258636, 4.5865065542164976, 5.045019121911927, 5.358603655271053, 5.409163567930135, 5.204149995878702, 4.833360253106544, 4.426423800130857, 4.120828044970881, 4.053689363173969, 4.136570961535011, 4.244427718277811, 4.271001845075756, 4.189105839100025, 4.049863433489363, 3.9347000763010684, 3.8882599535160596, 3.915172338028725, 3.964800833391435, 3.9895256965253068, 3.9704621060909613, 3.9065120044311623, 3.814601097217957, 3.73100215864659, 3.6868772902084688, 3.680076317113223, 3.6963671031843948, 3.7119340938364833, 3.7060380218812057, 3.6731845167934734, 3.6248990015276594, 3.5790465100612963, 3.5472593266919237, 3.5313933185175403, 3.5240401078427186, 3.5125472932283954, 3.488536347967184, 3.452192112129669, 3.4135031951742447, 3.382800144889796, 3.364421707396325, 3.3529678106655996, 3.3389912253318426, 3.315492944770425, 3.2831868561409694, 3.2493364062639456, 3.220713350130305, 3.197614027930537, 3.1741734579490912, 3.1462127261968145, 3.1158994543750227, 3.089000573967388, 3.0693870371561855, 3.051156719418852, 3.0270401851174538, 2.997621463619547, 2.971038169327777, 2.9493474336582466, 2.9264970792959955, 2.8990360269063333, 2.874189996064405, 2.855156443788125, 2.8332374354519803, 2.80807874360754, 2.7892850825702364, 2.7698647885253846, 2.7476102017142225, 2.7312248524140355, 2.7117275696293595, 2.692689728389532, 2.6772671650271658, 2.658347695830824, 2.645445192513408, 2.6275720067097366, 2.6152018276315716, 2.5992548226509617, 2.588048203350049, 2.572842646243433, 2.561739354773892, 2.54842365685077, 2.5369547282670712, 2.52635847772278, 2.5137318428640696, 2.504203781163692, 2.4936721429664246, 2.4815490114575036, 2.4720282320220908, 2.463384036256254, 2.452457172028959, 2.4414095123996895, 2.4312816736639835, 2.42211996144507, 2.4140401735096764, 2.4083605061896276, 2.4151163168499994, 2.4282059966406457, 2.5203961353715667, 2.4186244135371604, 2.3878281104750623, 2.358766262261584, 2.3527479233112754, 2.366903631435577, 2.3870817704247087, 2.5182747390516003, 2.411216543818299, 2.477452804727666, 2.358953426982569, 2.342091425627387, 2.3171080793741963, 2.3139981971555503, 2.3104342176442945, 2.34103179723728, 2.3671026407511886, 2.66883980205848, 2.3615208993819325, 2.349597087782645, 2.3029181562518293, 2.3373297606754404, 2.339177421171848, 2.5912614543049686, 2.357761461671012, 2.4403856509306423, 2.317145413875081, 2.375407630751312, 2.311761862188229, 2.421096122040926, 2.3208111474197866, 2.4361282681365797, 2.2973887257308143, 2.321767799087873, 2.261715554034072, 2.275209330597941, 2.2506014423289162, 2.285509483947199, 2.2680169049269026, 2.3755839814572863, 2.3072894815497715, 2.5059528139696248, 2.2643799578922805, 2.227791885137354, 2.198054888131784, 2.1885338054806907, 2.1845195763589205, 2.1835637511764467, 2.1884359064647696, 2.204055103884889, 2.2963819685235736, 2.3671095849205765, 3.2899608855942417, 2.20522977721614, 20.309774954472342, 13.73815287173748, 19.946049642597306, 22.424719239083686, 23.067481965994208, 23.078268860406627, 22.811342662568894, 22.35640672318847, 21.718660172013266, 20.874103857961543, 19.922252808026872, 18.913318515245752, 17.894324944935796, 16.93713446300508, 16.020353771194767, 14.986950814145779, 13.82662812261748, 12.527738627386544, 11.358027231487458, 10.576384686314727, 10.061687660488765, 9.695139838453622, 9.297242052056843, 8.820391726616533, 8.295527450363132, 7.801771335823415, 7.391067088668924, 7.091558640740273, 6.892385740744896, 6.7721132244548805, 6.7153496186101345, 6.697340191813766, 6.69941983945184, 6.702929774989988, 6.695241537030862, 6.666782352387788, 6.611893873312963, 6.530633279145033, 6.427490431776044, 6.311260182740027, 6.19408656933189, 6.076463105982437, 5.96200233012184, 5.857420634359806, 5.76778396438084, 5.695819024522943, 5.641676958704315, 5.605284834479326, 5.583117539270935, 5.5718191442628795, 5.566873896951401, 5.564455274871515, 5.586749658038074, 5.457024965545109, 5.465218182701853, 5.443571303079531, 5.372796114914888, 5.367751995064863, 5.367261867592098, 5.334601561421303, 5.300534219091748, 5.291695797824212, 5.281033249049077, 5.2467595613933575, 5.208893017022916, 5.199685346497313, 5.195927730541151, 5.169786717877006, 5.149397046572724, 5.142455136442236, 5.129385828395634, 5.114552123572204, 5.108561071300294, 5.096683018213346, 5.081551323336651, 5.077361092948714, 5.06969520405312, 5.054217942002311, 5.047672453646395, 5.040551637724397, 5.029885819010718, 5.0238569592188185, 5.014475574764476, 5.004531990020994, 4.999780177550064, 4.990591481439911, 4.9821050320096, 4.975478563334678, 4.96647613635154, 4.960442866864887, 4.951756567577356, 4.943524765087013, 4.93680039335867, 4.927784661974604, 4.920665253231568, 4.91124928898163, 4.904209586947375, 4.895031862643611, 4.887055775281821, 4.8776805543050665, 4.869248129324654, 4.85992440993666, 4.8507504417693434, 4.840782584537615, 4.83163997771996, 4.82127200875053, 4.811548246084104, 4.800694554732268, 4.790429987650719, 4.779788922333116, 4.768424528895536, 4.757581067010242, 4.745787198397755, 4.734369566240405, 4.722486966556335, 4.709761399275511, 4.697490776166964, 4.684839831524607, 4.67154304908668, 4.658222737200095, 4.6448215757172795, 4.630925102758596, 4.616327179709828, 4.60170304549956, 4.5866846733542195, 4.571406124462359, 4.556292472387067, 4.539954736910759, 4.5244473861207775, 4.510940629154026, 4.505985282955705, 4.509276360188081, 4.515937374170402, 4.450458827560181, 4.45253283212982, 4.470725299924941, 4.406233655762732, 4.431687415016905, 4.425202323861051, 4.372397773516088, 4.4190611449799455, 4.36341285410705, 4.35953079476304, 4.354330275483329, 4.310405137611982, 4.3287245166916115, 4.286125651057716, 4.301749597706626, 4.277200301581512, 4.261282339537413, 4.264031764135483, 4.22794369739255, 4.231903328156158, 4.2097549613291525, 4.196033805266546, 4.193100354681506, 4.167375934565586, 4.16605981630803, 4.154393288999697, 4.130560711707384, 4.131738725181138, 4.119742830516756, 4.092642023247288, 4.094202293013621, 4.090414218079643, 4.056489800034163, 4.052138602206156, 4.058023866031451, 4.024826040028661, 4.005795927319794, 4.007695174789319, 3.993816729272019, 3.973317370600933, 3.9537292301811964, 3.9464476327919598, 3.9457178296935123, 3.9322825912013353, 3.9202145833923936, 3.897841891106719, 3.880023730598442, 3.865023017543415, 3.8526267283094344, 3.8426969533079682, 3.83782557398637, 3.8583142593958555, 3.8981926856130595, 4.10126574457719, 3.7812920089622324, 4.132041736545023, 4.507556160460043, 4.581233592645279, 3.767679791569064, 5.604588149031756, 4.344761885385546, 5.805551672650585, 6.2865378760244335, 5.748970450905604, 4.64581906094802, 3.854695288461302, 6.1165065656352375, 3.890972748557877, 4.400183574447543, 4.9829103563221455, 5.203494901660492, 5.0331132727614065, 4.591195934461015, 4.104962025804173, 4.077454666678642, 4.828860824010191, 4.190341559810236, 3.9976288611162216, 4.233870867987795, 4.410119683953261, 4.39270888755629, 4.196759465206089, 3.9534854240218533, 3.955843891652727, 4.213118204373391, 3.9943705129115328, 3.8463872410504454, 3.948155648134502, 4.023418649677245, 3.9563778457430856, 3.8130116455347665, 3.786303168445484, 3.900700948194637, 3.8139876198894593, 3.7232901116237147, 3.780449534163488, 3.8182630588109148, 3.750453143059222, 3.6903064137542767, 3.758850093407552, 3.7417128167627216, 3.677251310455503, 3.7207192422156767, 3.7261774639103082, 3.672660124942128, 3.6819776600557206, 3.702485048760903, 3.654339252858129, 3.6646075454020863, 3.6748924107087557, 3.6435767533782535, 3.639597650145187, 3.652468385754668, 3.623365118590384, 3.624388823683159, 3.627620682730084, 3.6070356412945572, 3.6044782064011334, 3.6067905300460024, 3.587970586040275, 3.5859054808638633, 3.5792061781782563, 3.565107554126081, 3.5648886800181057, 3.5528094089928626, 3.5464707397545165, 3.5423049297798714, 3.530363253760169, 3.527834302577432, 3.5182063657068947, 3.5119312488596606, 3.506428539178752, 3.4968819395436963, 3.493344559426779, 3.4834600223534036, 3.4788547588300203, 3.470562657715396, 3.4645519324974403, 3.457415198466097, 3.4506737109744394, 3.4442176206906825, 3.436822568204201, 3.430816161398299, 3.4233398630228575, 3.4169554876077015, 3.4095299432818353, 3.403298281450279, 3.3961187291677093, 3.3892537683683375, 3.3828276589771282, 3.375642274020897, 3.369313117329036, 3.3619061994521346, 3.3557286910244257, 3.3485985219551817, 3.3416859354101764, 3.335360209858244, 3.3280811002340864, 3.321459749287371, 3.314865767657368, 3.307672343722677, 3.3011438109009252, 3.2945287450596212, 3.2874206937557884, 3.2805241035156922, 3.2740123688255096, 3.26736162472617, 3.260376664299433, 3.2534588353079785, 3.246801673563601, 3.240188864473277, 3.2335406768123973, 3.227077283381511, 3.221027743996831, 3.2121833897419765, 3.2000969172057823, 3.190487752062054, 3.2047316737958806, 3.207578947076099, 3.2651176725224222, 3.14322955346932, 3.1542292745007043, 3.2779378100416294, 3.1199289424607057, 3.1660904870359574, 3.3991256839112483, 3.1106216327705525, 4.047418411325854, 5.226614056880693, 6.862151670180676, 6.93402870464329, 5.740426924502462, 3.631023246423081, 25.516791145522788, 7.497432732972059, 12.950602563018576, 17.486098255699133, 21.722170712415036, 25.789439171139495, 29.63186297423033, 33.099405548616566, 36.03240979686809, 38.268985095843156, 39.67740745125683, 40.216710966273865, 39.94503807791471, 38.979137825716805, 37.4718199722737, 35.585009020078544, 33.464565078806054, 31.22126417930515, 28.93119251001593, 26.629387523917547, 24.35123548729903, 22.139779301026156, 20.0453522492512, 18.130748874088965, 16.441850798931487, 15.008597740212831, 13.827885326517332, 12.89191025301529, 12.173823924548032, 11.623596530546688, 11.191359959664254, 10.828190226774966, 10.505438556226558, 10.204924977229142, 9.931308746450247, 9.700715673815472, 9.52127805910055, 9.397184496911716, 9.323350145492572, 9.289634607627733, 9.280852187872393, 9.280955900570879, 9.276616935122806, 9.261204435129061, 9.237014939913514, 9.2084133248635, 9.182661071168722, 9.16346725638533, 9.152120657760735, 9.147558728740263, 9.145814910848788, 9.142160981880034, 9.133167792264304, 9.116567930400429, 9.093024731783435, 9.064216826655736, 9.03197618137628, 8.999721219794266, 8.96824977503251, 8.938372037478048, 8.909333622250578, 8.879738578759996, 8.848660643683461, 8.81599988788081, 8.78086452598763, 8.743756903028446, 8.706147141563859, 8.669229311454426, 8.632936262633553, 8.598025399770622, 8.564296608388515, 8.531501694446284, 8.499228318676835, 8.467125541033262, 8.435092515232629, 8.402552927977023, 8.37040832820526, 8.339296578364353, 8.308642635557403, 8.278674597731179, 8.249415944975778, 8.22102285001991, 8.193920133615535, 8.166543425553662, 8.139434847586978, 8.11313682098792, 8.086909451801871, 8.060968842072365, 8.03504837868747, 8.009993215245485, 7.9851071963710725, 7.960828883975924, 7.936702305824989, 7.9126547158089355, 7.889016314076046, 7.865363473782451, 7.8412689285831, 7.818267605912419, 7.794956742549534, 7.771593164247642, 7.748210438015798, 7.725228247286486, 7.70193028091656, 7.679018558866717, 7.656413993754737, 7.633725839537219, 7.610785970718781, 7.587815042041355, 7.564927807449118, 7.5421028817168425, 7.518608943084871, 7.496350722233815, 7.473570036683437, 7.4507217301081505, 7.427722360291067, 7.4049050242579115, 7.382058793941019, 7.359111689867327, 7.336236345710654, 7.313124647355948, 7.2902170163098186, 7.2673443845231676, 7.244368525644727, 7.2216877242179605, 7.198530398521516, 7.175640857205312, 7.152530120239908, 7.129672829019333, 7.10667356558452, 7.083850256259933, 7.06090131989219, 7.03797425441407, 7.01494390541032, 6.992054004449088, 6.969027033355869, 6.946265145561099, 6.923553198690118, 6.901025754581841, 6.878765991601372, 6.856661515100996, 6.834763600661488, 6.813315317312699, 6.791878403956314, 6.7706100902870014, 6.749644425051639, 6.728823238211818, 6.70833331627524, 6.68821368292684, 6.668159602376528, 6.648354359745244, 6.62897336562197, 6.609631068887459, 6.590611756920163, 6.571797749164153, 6.5533052789189155, 6.535027189493567, 6.51704967499081, 6.499425677702046, 6.48186684297608, 6.4644615303263615, 6.4473577891114795, 6.430698387211635, 6.414313232083736, 6.3979808708208505, 6.381925866228747, 6.366212049003571, 6.35053719159214, 6.335169106500163, 6.319937250906606, 6.305064279092332, 6.29018832576523, 6.275654754714943, 6.261287335523344, 6.2470927902880184, 6.233022833760171, 6.219175281037665, 6.205466601088003, 6.191879029745999, 6.178624732002373, 6.165560310819317, 6.152572931938548, 6.139714772054021, 6.127108686850061, 6.114605008148327, 6.102263827527394, 6.090008474298193, 6.077882486696361, 6.065972783323279, 6.054206660724904, 6.042495013016071, 6.030951922767273, 6.019520136730761, 6.0082792816518245, 5.9970916217082735, 5.986131180171878, 5.975203843870987, 5.964505734712378, 5.953852579384002, 5.94332699215687, 5.932887042917832, 5.922630715339268, 5.912437581147705, 5.902363829111499, 5.892430899132597, 5.882498425550813, 5.872936969480784, 5.863254263721894, 5.8537885526539215, 5.844350908292961, 5.835067442295789, 5.825802605602152, 5.816809024237568, 5.807775911658901, 5.798929494900966, 5.790150752801071, 5.781214307020975, 5.772802725333022, 5.764264331771346, 5.755821234038069, 5.7475210755239114, 5.7393348591593965, 5.7310093151923915, 5.723071035973946, 5.71500989495182, 5.707097548961224, 5.699243228833148, 5.969044549992256, 5.629699801140327, 5.808506947515338, 5.749869603054989, 5.554286007803042, 5.4976049898877895, 5.577388943174959, 5.564754793532294, 5.453023582426002, 5.380547948001932, 5.3974926299504284, 5.422390829072342, 5.380830228365489, 5.304500302956833, 5.2699582877415985, 5.285376538437974, 5.283576275570787, 5.236187103934557, 5.190741368791012, 5.187465486323844, 5.19565535164447, 5.1716096379133445, 5.13271485994749, 5.11930282146273, 5.124639357153135, 5.111865709493861, 5.08264307070641, 5.069382467985348, 5.072768212330235, 5.062185785757189, 5.039457989931385, 5.029801999355971, 5.030331889986859, 5.01873658170965, 5.001321841295462, 4.995676774586818, 4.992667546477476, 4.979258115884143, 4.966649703542597, 4.962702843958028, 4.955221759551273, 4.941787262876686, 4.9334235028852875, 4.928016999078056, 4.916719275607398, 4.906212498330233, 4.900351646368152, 4.89109615895301, 4.879893907908464, 4.872690315860999, 4.864394827499428, 4.853383791751823, 4.845188717400382, 4.836737324859417, 4.825771949393043, 4.816831578129804, 4.807850196064225, 4.7968135669719345, 4.786887195466187, 4.777025267308085, 4.766062430214708, 4.756091491234826, 4.745299641453618, 4.733626909749673, 4.722756975542558, 4.711884590645472, 4.699334753167417, 4.687967805707682, 4.675778923346157, 4.6631921443410365, 4.651453777491671, 4.638010507244728, 4.625232845085849, 4.611751677053031, 4.597510812868678, 4.584317306689858, 4.570059772379898, 4.555545255672744, 4.5410285052678185, 4.525749132946983, 4.510561954314105, 4.495460727618614, 4.47882199383395, 4.462782710536973, 4.446201219510118, 4.429415808742143, 4.4122647318679125, 4.39470844190147, 4.377038794687181, 4.358960311695648, 4.340657565419899, 4.321979826134581, 4.303161546717311, 4.2841096763478275, 4.26490672465643, 4.2454380310067386, 4.225708000171813, 4.205876418655304, 4.185601677303897, 4.165534980856895, 4.145167844945814, 4.124591723697381, 4.103906472828285, 4.083328427811953, 4.062289477236926, 4.041289442687506, 4.019836048043646, 3.9989233198329757, 3.978980967565992, 3.973582471637108, 4.0788857359712924, 4.205425702302385, 4.325200614875546, 4.126625906597421, 4.268854335544797, 3.8968720040072244, 4.085230019697547, 3.8903889436843455, 4.089747141184688, 3.8632993237740845, 3.9901635474750283, 3.86900532891607, 3.95898207758413, 3.8372752724804697, 3.9019446408541087, 3.8533176247471856, 3.860234340964523, 3.8277329927998633, 3.8384367040998755, 3.8264810850073943, 3.8070376887503685, 3.8032130698567417, 3.7972622497864816, 3.790343940884027, 3.7760509152222963, 3.764807442928425, 3.7668740008199135, 3.7486641134660585, 3.755775337551677, 3.725320501460928, 3.7360573343520844, 3.711531287054072, 3.7189432749023568, 3.7083515936652742, 3.6947452626270505, 3.7043569233136937, 3.682321424914839, 3.6755616074982456, 3.680321853077946, 3.6625703526023448, 3.6518020160779256, 3.6593503931046967, 3.651487787239724, 3.6292958860609263, 3.6402286254652547, 3.651697260434308, 3.61064307215626, 3.618384691934386, 3.652662341668173, 3.598524416111536, 3.587324075678716, 3.613762777303991, 3.595872333381064, 3.584144765277283, 3.5603658686810062, 3.5531698492596435, 3.5600698096117203, 3.5654603927481605, 3.60019154816044, 3.560838973545042, 3.5571250244415498, 3.5294895045019987, 3.5174674753224298, 3.507127944581035, 3.5001532784038916, 3.4945197330846325, 3.49000168182194, 3.489368177337185, 3.5024554995046517, 3.589804149997825, 3.5821307180661623, 3.7680108738306957, 3.4584544682116545, 3.949246050467614, 4.895321952988502, 5.144164757678519, 3.5938653796732054, 8.452899211140124, 5.02920167568054, 8.367100354661462, 10.145739859001381, 10.309769384109108, 9.141805240729228, 7.078200580899497, 4.6605419083966355, 3.8102884320796404, 8.011284151603366, 4.433014218559905, 3.889493073447021, 4.96907476080911, 5.718656314525272, 5.883986413955026, 5.528460054332474, 4.838426852235605, 4.09351955307557, 3.7675195279236067, 4.462386534355861, 4.907717911274071, 4.234004698817167, 3.816802999336367, 3.984695227214878, 4.2529206362296, 4.395905191184562, 4.3583651658832565, 4.184073565798939, 3.970653972198258, 3.847418141959106, 3.9377897155031913, 4.113915081129071, 4.084099568802463, 3.9078393436972516, 3.8286985994129736, 3.8785262944070027, 3.945091800158003, 3.9633601921646506, 3.9216861859885372, 3.8476393195340752, 3.7894270217895665, 3.796311868685288, 3.842759158169301, 3.8393491645118103, 3.7798993719299974, 3.7384801152265807, 3.7483229024733733, 3.768790550314328, 3.764354846669477, 3.732496250772331, 3.6971088680602295, 3.6888891256350123, 3.704294016729959, 3.7030873226338574, 3.674033180767949, 3.6502855279686823, 3.651685487076594, 3.659279896434998, 3.6508337294447215, 3.629313188005045, 3.6155701244936793, 3.617801509594261, 3.6186544533707647, 3.6061099414573348, 3.5926132200393965, 3.5891932307743457, 3.588918534267044, 3.581935119431475, 3.5713846480323834, 3.5667027623571603, 3.565844008945632, 3.5605201118360608, 3.5512168233221733, 3.5471181312914424, 3.546299392420218, 3.542226335016923, 3.535146487593816, 3.5305110539062237, 3.5290740919113985, 3.5257834240222947, 3.520210347079028, 3.5165626454816175, 3.514654533376918, 3.5112625345825568, 3.50664498246693, 3.504123612929584, 3.502061864995687, 3.4985390884372474, 3.4949201058730948, 3.492652375600326, 3.490374655691407, 3.4874938239719815, 3.484083458003875, 3.4821605325498415, 3.4795811986381646, 3.4766167026314294, 3.4743606924822994, 3.4721976815385363, 3.4694283623298996, 3.4669890173169637, 3.4648750386842395, 3.4625475968655777, 3.460075517478063, 3.457868527201718, 3.455762505416725, 3.453356950798929, 3.4511756581790833, 3.4491639019505924, 3.4468075969489176, 3.444586646041081, 3.442064013762906, 3.44046217019102, 3.438268201844791, 3.4362086379968364, 3.4341162710336772, 3.4320351081754836, 3.4299493286384073, 3.4280537542652167, 3.4258332987007947, 3.4237855636829413, 3.421918515721254, 3.419715569101827, 3.4177489626852635, 3.4157894221295972, 3.413777150900624, 3.4117542664086815, 3.409808096835552, 3.4078798883298655, 3.405861690552048, 3.4038309168272693, 3.4018323999837103, 3.399939716436447, 3.3979537723559217, 3.3959523271400296, 3.39428361892156, 3.3920739083404796, 3.390163509334281, 3.3878511394064232, 3.386370320686737, 3.384472754876617, 3.3826508905116452, 3.3807504887156075, 3.378825531584941, 3.376903778321811, 3.374995932640724, 3.373241768402396, 3.371392949392029, 3.369500098572344, 3.367678628662229, 3.3657848321877095, 3.3639451553180084, 3.3621219958341158, 3.360348553370409, 3.358527429373885, 3.356685791933741, 3.354816936200274, 3.3531093898452866, 3.3507488698599506, 3.349492655251584, 3.347659356400084, 3.3459027021149126, 3.34408598197176, 3.342336405625483, 3.3405172193556267, 3.3387202141085868, 3.336938702556435, 3.3352018465992344, 3.3334594004245006, 3.331696155651302, 3.3299715364972657, 3.3282016918615622, 3.326453565435078, 3.3247409310107785, 3.322926889109955, 3.3212495939296662, 3.319516395590374, 3.317772406431393, 3.316091813986923, 3.3144671289408865, 3.312596811815585, 3.310925185262623, 3.30924352878457, 3.3075491053261747, 3.305839497878345, 3.304113447177738, 3.302474443908844, 3.300787617531, 3.2990631605865364, 3.297404218995815, 3.2957600135787755, 3.294068557426946, 3.2923621161663514, 3.2907371118422875, 3.2890287384892134, 3.2873896663025977, 3.2857349028688243, 3.284034603393756, 3.2823798696845845, 3.2807318262142684, 3.2791388134108517, 3.2775154152298005, 3.2758023125776528, 3.274208929973187, 3.2727226977967607, 3.2709453149629932, 3.2693443770850235, 3.267760656139113, 3.2661025921827402, 3.2645099214849456, 3.2628736168716728, 3.2613298650834834, 3.259742002560906, 3.2581026392508847, 3.256540130342764, 3.2549292955788616, 3.253332933973812, 3.2518110574956323, 3.250155750918901, 3.248645437104429, 3.2470619349299388, 3.245514228758998, 3.2439491272962133, 3.242357907231769, 3.240810127310857, 3.239231241590389, 3.2376881471861156, 3.236138208095548, 3.234584333129737, 3.2330412694205277, 3.23157297609494, 3.2299274292643863, 3.2284809198165636, 3.226865612188422, 3.225409606537026, 3.223804754304886, 3.222344380352506, 3.2217749213465425, 3.2192589525693576, 3.217753009667781, 3.216236954849774, 3.2146769797519763, 3.2132229973313415, 3.2117105866689966, 3.210207809502039, 3.2087512088042303, 3.2071401650690476, 3.20571996911725, 3.2042043227793537, 3.2026773464244216, 3.201237382381756, 3.1997379496756078, 3.1982706569399553, 3.1968388216724937, 3.1953218741944043, 3.1938256055315084, 3.1923338251258957, 3.1908857829601014, 3.189380822157621, 3.1879422244644497, 3.1864552467159855, 3.1850153719389636, 3.183569772408508, 3.182130608717804, 3.180644596157212, 3.1792036543790783, 3.1777612879533184, 3.1763665718573164, 3.174886916524308, 3.1734272767265677, 3.172054177270559, 3.170519792961787, 3.16914207816299, 3.1677106139428104, 3.1662725197217227, 3.1649447963679136, 3.163446109793164, 3.1620382076072975, 3.160578394036259, 3.1592197888524978, 3.15781617831494, 3.1563541608490926, 3.1549573731319387, 3.1535373171436216, 3.1521557301653944, 3.150714150650653, 3.149381532143367, 3.147895659991501, 3.146582126029168, 3.1451591110742316, 3.143823463211783, 3.1424078177990906, 3.140963325679279, 3.1396355891864713, 3.138278930223437, 3.1368787492973556, 3.1355119212281584, 3.1341300534771346, 3.1327439157576564, 3.131415560455028, 3.1300386342663726, 3.1286564476789662, 3.1273267544124845, 3.1260355286384747, 3.124850803810588, 3.1238259535856914, 3.1234003127953334, 3.124462686138885, 3.1292092321595315, 3.1443150994857167, 3.160185191416578, 3.2074119546895448, 3.161151148150682, 3.14814933818552, 14896711.496422404, 5.538045972202392, 4.796635692099945, 8.18273309883519, 10.924754953441546, 13.16939431770236, 15.077810264525965, 16.751547223813056, 18.27605631823764, 19.67687728132578, 20.975375672839583, 22.180474628047023, 23.299269108339356, 24.34274229390313, 25.30910249086503, 26.20808884215234, 27.04603263436803, 27.817623329436913, 28.53623821698709, 29.19985234570598, 29.81424300551183, 30.38124024709513, 30.904516521442247, 31.38762256002912, 31.833962816381607, 32.243559190722635, 32.61893590677699, 32.95664487483448, 33.27972984238448, 33.571796330295314, 33.838461949163786, 34.084786191785334, 34.308110320269336, 34.51386897700329, 34.700975193763064, 34.87273700302821, 35.02978375513359, 35.173084663216784, 35.30457388260096, 35.42414643240008, 35.53222532826713, 35.632606091266034, 35.72877900268781, 35.80546581915544, 35.88042355400507, 35.949422871625345, 36.01146888150693, 36.06743344408155, 36.119195903183396, 36.1665736508659, 36.20992474042412, 36.24820952369158, 36.283141739387275, 36.31558942209923, 36.34474010218883, 36.371692860478625, 36.395486457863946, 36.417439723843295, 36.43738199050279, 36.45656819076057, 36.47230911086412, 36.48703114721661, 36.50059051211098, 36.51286910275125, 36.523639561723606, 36.53364668171454, 36.54282356908766, 36.550602335541, 36.55969937796851, 36.56471905688317, 36.5712128880169, 36.57677941046496, 36.583186575162024, 36.58685898051933, 36.59117830570394, 36.59490991189813, 36.59830177342469, 36.60117426956539, 36.604152843740096, 36.6065512502335, 36.60925780004666, 36.61134009990627, 36.61324201410941, 36.61472693415704, 36.61626871175776, 36.6176632569661, 36.61923319785123, 36.62006224474025, 36.62093191022566, 36.62202211763054, 36.62300005981044, 36.62359619029923, 36.62426261420275, 36.62496843953269, 36.625541222163264, 36.626192612053416, 36.62641055885025, 36.626878064819415, 36.627385874963075, 36.627683978901665, 36.628079605249404, 36.6281922038112, 36.62864269126323, 36.628428397527806, 36.628588276267635, 36.62865348755553, 36.628732014237045, 36.62890790624956, 36.62905833926103, 36.629217531686216, 36.62938035471142, 36.629513175715935, 36.629622941612745, 36.62971760915551, 36.62950828341174, 36.629567559439145, 36.62960569453417, 36.62992755813911, 36.62992290276883, 36.62992957793814, 36.62993000276951, 36.62992940797681, 36.62992816088808, 36.629925945854055, 36.629915274937076, 36.629886240827275, 36.62990261753763, 36.62988199514627, 36.62988716029757, 36.629932973574796, 36.62988583920028, 36.62987739071113, 36.629868448696264, 36.62985800148335, 36.629849796816394, 36.62984087400104, 36.629796544389706, 36.62982270748425, 36.62981410324981, 36.62980252752942, 36.62979919318045, 36.62946248277684, 36.629435916246294, 36.62941118222129, 36.62937801390266, 36.62934576480856, 36.62931605933405, 36.629564766146466, 36.62952628991325, 36.62948709042499, 36.629447734338754, 36.62940722651806, 36.62936646728132, 36.629325452355765, 36.62928359677826, 36.629231642642736, 36.62919080554344, 36.629149203700436, 36.62910649185036, 36.629062595364665, 36.62901517627533, 36.62895863261415, 36.62891220073375, 36.62885539823261, 36.62879743606685, 36.62873651020031, 36.62874006308046, 36.62867672723469, 36.62861182026146, 36.628592062013006, 36.62859317806203, 36.628545720447946, 36.62845744858883, 36.62845524114468, 36.62841360014809, 36.62837297634831, 36.628334195812634, 36.628298795035484, 36.62826881197072, 36.628194554782915, 36.62832706132916, 36.628286639991295, 36.62821152366061, 36.6281674254539, 36.62813556747967, 36.628104113900804, 36.62836190245048, 36.628085098478124, 36.6281064252309, 36.628069317366574, 36.628026109765926, 36.627978287825385, 36.62792818411506, 36.62789508699845, 36.627901090647754, 36.62787761436589, 36.6278582594161, 36.62780554799276, 36.62779664844424, 36.627798167506306, 36.6281831489762, 36.62805855969534, 36.62810391382042, 36.62805242630106, 36.62802669184812, 36.62790810891249, 36.62783979029758, 36.627792411201604, 36.62774846622974, 36.62770555039533, 36.62766365653579, 36.62762453998849, 36.62749958423367, 36.62757973842912, 36.62762124946896, 36.627698503510516, 36.627522372913035, 36.627431948476925, 36.62733933044301, 36.627354945581935, 36.62732215543135, 36.62731080210419, 36.62727803634616, 36.62722191206837, 36.62715017190666, 36.62708302948568, 36.62703926330948, 36.626952564196365, 36.627144543148496, 36.62691804063357, 36.62685939865591, 36.62684250219969, 36.62679977752982, 36.626754636851025, 36.626710274572055, 36.626667180373396, 36.6266234094808, 36.62657964640942, 36.62653590423158, 36.62649544885865, 36.626408160419736, 36.62647060634294, 36.62651710822749, 36.626481570562845, 36.62635524753613, 36.62637264606982, 36.626350118258024, 36.6262291520571, 36.626172807445954, 36.62614370635766, 36.625988113113245, 36.62593680469979, 36.62588873284722, 36.62586979406583, 36.62577296460114, 36.625850087570846, 36.625979239063774, 36.62596804469658, 36.62575038752193, 36.62560066513429, 36.625720092361796, 36.62555699761099, 36.62546245518734, 36.62544221013097, 36.62564008442808, 36.62533048037102, 36.62530021760369, 36.62524366290722, 36.62520168758218, 36.62540110401783, 36.62505719440028, 36.62509892469231, 36.62528254231226, 36.625234267437776, 36.62518158332543, 36.62517730089075, 36.62506020966515, 36.624975041133254, 36.62489804775627, 36.624843560655854, 36.62480961942053, 36.62479816093985, 36.62480425015528, 36.62483100629199, 36.624809087261646, 36.6247233830331, 36.62464777992281, 36.62458035426743, 36.62451674100778, 36.62444980307178, 36.62439190206835, 36.62434267528851, 36.624293511420824, 36.62424454755888, 36.62419561675446, 36.62414690251796, 36.62409818074331, 36.624049557598426, 36.62400109922988, 36.623952606686906, 36.623904277131516, 36.62385608520582, 36.62380786788021, 36.62375977130547, 36.6237117543146, 36.62366376884747, 36.623615907426625, 36.62356811961694, 36.62352033415361, 36.623475688973315, 36.62344226246562, 36.62341140244158, 36.62338409647964, 36.62336061496013, 36.623342986214965, 36.62333738948823, 36.62335026549894, 36.623209677502196, 36.6231062891835, 36.62302707604584, 36.62297890524694, 36.62295926284231, 36.62295712042337, 36.62299290157882, 36.62288578527725, 36.62279293448353, 36.62271120098291, 36.622650069249936, 36.62260293670699, 36.62255589750876, 36.62250895661146, 36.62242670428114, 36.622345846356275, 36.62237941240458, 36.622261044717106, 36.62219985543106, 36.62217804331877, 36.622093916831176, 36.62205091627961, 36.621991862319526, 36.621928841025344, 36.62192366826705, 36.6219000273155, 36.622029624525815, 36.62176983945305, 36.621719693080244, 36.62166038693322, 36.62164884250271, 36.621569843688974, 36.62152687292481, 36.621486640317556, 36.62144000117112, 36.621387359972836, 36.62133946617416, 36.62129661641583, 36.621304068199535, 36.62137547805848, 36.621173287866434, 36.621103269605584, 36.62105872720852, 36.62100739582598, 36.62097758227764, 36.6209335563286, 36.62102616771005, 36.62083256619514, 36.62074659833715, 36.62075567535035, 36.620617582513084, 36.62060650819502, 36.62056532942211, 36.620474215492806, 36.620618967469156, 36.620315550375565, 36.620327052969245, 36.620556513824916, 36.620297403936206, 36.62026140179318, 36.62011829486544, 36.62014839342615, 36.62010813298185, 36.62002469810319, 36.619887760549744, 36.62000673528642, 36.62002144469497, 36.61998856378246, 36.61974985505358, 36.619604884044044, 36.61957294339758, 36.61953083400578, 36.61948778799616, 36.619374910767164, 36.61953095483311, 36.61961729929994, 36.619445711571174, 36.61928990318756, 36.61913057358615, 36.61911993937318, 36.61905430434244, 36.619059302239, 36.61914105120039, 36.61914276400975, 36.619022808652325, 36.6188646971483, 36.61881612582558, 36.61878467349937, 36.61876927718088, 36.61867472376061, 36.618624928841264, 36.618653622859306, 36.61861054884528, 36.61855689955838, 36.61850178278964, 36.618417999737204, 36.61842571859602, 36.618408749428674, 36.6184652243391, 36.618460047902545, 36.61843105483398, 36.61837666434456, 36.618127926086494, 36.617963107486965, 36.6180340825922, 36.61770326588792, 36.617906945789805, 36.61769178350207, 36.617771167741815, 36.61755221263044, 36.61755255185587, 36.617506841805536, 36.61747309463112, 36.61742338527632, 36.617390739157834, 36.617282300072816, 36.61725943955898, 36.61702600640743, 36.61695676038581, 36.61710587844263, 36.61698008656345, 36.61701174436781, 36.61693723576774, 36.61689901904872, 36.6168431782436, 36.616730846829675, 36.61665127906303, 36.61659018017954, 36.616591273831865, 36.616590772718595, 36.61649649070058, 36.61637528816905, 36.61622895008853, 36.61613165064511, 36.61635574379278, 36.616198944031915, 36.61613018033217, 36.616098166834604, 36.61601621434973, 36.615944984901404, 36.61588742487627, 36.615828292126714, 36.61577545932115, 36.61571879772751, 36.61565816805276, 36.615550357532804, 36.61547940052439, 36.615670805164775, 36.61558722413388, 36.61534905175481, 36.615168991431275, 36.615143232231866, 36.615131499818695, 36.61516008124266, 36.615114882495014, 36.61494291219123, 36.61494055362052, 36.61483872490903, 36.61473005579364, 36.61470853572032, 36.6146986147561, 36.614625509584805, 36.614563068199566, 36.61450457605688, 36.614503846500675, 36.61444323901649, 36.61440861441839, 36.61440938761936, 36.61441595462841, 36.61436527336407, 36.61430652313132, 36.61443312195892, 36.61437786511888, 36.61432002435035, 36.61425917395393, 36.61419557632089, 36.614129578309765, 36.61406105333813, 36.613990393953074, 36.613917743843075, 36.61384256455529, 36.61376436160706, 36.61368096793531, 27.30756244801142, 19.892964863065707, 13.65271368999663, 7.25210892612047, 5.7649384329200535, 7.808520063970434, 3.150431837815644, 4.1151387444467185, 5.254978518021217, 5.815709094899672, 5.82911400517581, 5.3892624150048825, 4.610131390491074, 3.716851429428218, 3.189280007472401, 3.904317308114186, 4.60531996967066, 3.8412405709376056, 3.2252775323839944, 3.3892856994666403, 3.714571591901812, 3.9189683377458366, 3.9308339277279343, 3.7672337828316684, 3.5043523007311834, 3.2682787943945444, 3.2708537386522227, 3.5317374508398376, 3.629161986262964, 3.415866356902754, 3.2406711752492514, 3.2831437159776518, 3.3990167146043544, 3.463133831000479, 3.4415542984984753, 3.3534021480864173, 3.258247736049624, 3.2476067443496364, 3.326654498293373, 3.3717575122854937, 3.3113901676703175, 3.241536411602787, 3.245496180753632, 3.28958139020169, 3.3095881725876866, 3.2889894517885434, 3.245759409841815, 3.2270376279713058, 3.2519899713834324, 3.273467884615168, 3.254449416004007, 3.2241272596616657, 3.2220902878994013, 3.240028914364581, 3.245155062313879, 3.229611127236529, 3.2116635452490256, 3.2137121774683566, 3.2249400972099553, 3.221989744259581, 3.2076260388360893, 3.201277827202776, 3.207408586593665, 3.2098669285141637, 3.201285860199221, 3.1930097643086826, 3.194141168054105, 3.1973798693745663, 3.192852649526259, 3.1856157707872597, 3.1843956379768197, 3.1863803710963725, 3.183886016703795, 3.177852145101254, 3.1762339834332534, 3.1771148941954555, 3.1752846905213543, 3.1708688403187533, 3.1687975804108164, 3.168953917055366, 3.167205104834857, 3.163687273661815, 3.1619584905706106, 3.16162761622503, 3.159839058841814, 3.1570299566847764, 3.1555800543252204, 3.1548540981435664, 3.152990109141918, 3.150732123432668, 3.1496059949442126, 3.148655088975032, 3.146663303598591, 3.1449387226027046, 3.143959478419282, 3.1427212587824425, 3.140961947944797, 3.1396045660204974, 3.1386014703042346, 3.137159824809939, 3.1356259019278228, 3.134564168780604, 3.1334721327577055, 3.1320107504896355, 3.1308974342335976, 3.1298349360303335, 3.1285410025564313, 3.1273010096066782, 3.1263123526661905, 3.125195241970916, 3.1240365526080707, 3.1230777845732987, 3.121909145823771, 3.1209357089751864, 3.1198117656209905, 3.118802040211279, 3.1177420396253934, 3.1167121980975168, 3.115785612107092, 3.11478488504436, 3.113764550027979, 3.112909713012353, 3.1118846181896114, 3.110964279339338, 3.1100345122876165, 3.1090324602644985, 3.108171055411513, 3.1072469381143977, 3.1063081933320507, 3.105384692558029, 3.1045132561211903, 3.1036513021529144, 3.102680362619867, 3.101837775920262, 3.10091914791082, 3.100082988889828, 3.0991710007057818, 3.098321947192412, 3.0974549341795536, 3.096573127838086, 3.0957212718559557, 3.0948429971609785, 3.094028889557235, 3.0931494671337556, 3.0923507694958916, 3.091445302286983, 3.0906255853286493, 3.0898226846190795, 3.088976218802229, 3.088110404518039, 3.087284092074026, 3.086423399473119, 3.0856109281927333, 3.084808555041947, 3.083961796574104, 3.083181741767784, 3.0824139516208633, 3.0815758489524994, 3.0807808660379568, 3.0799818641782966, 3.0788284617229498, 3.0783766414737737, 3.0776038620008053, 3.076789808331415, 3.0760465395567764, 3.075230989647707, 3.0744591149895286, 3.073632028351583, 3.0729247257269408, 3.0721756517748315, 3.0713727361781227, 3.0706243449079924, 3.0698514902527023, 3.069067091367531, 3.0683392634984803, 3.0675391927308113, 3.0669389115236707, 3.0660979466647222, 3.0652956629796098, 3.0645463033905047, 3.063836805350183, 3.0630768371906654, 3.0622579923114883, 3.0615958377180266, 3.0608447474247984, 3.0600726589266896, 3.0593453398652524, 3.058625690212558, 3.0578727160201797, 3.057132654268183, 3.056373171930376, 3.0556141240742347, 3.054890887475772, 3.054088305149412, 3.05341819720052, 3.0526455271724675, 3.05194673943536, 3.0511747993978444, 3.0504247041809474, 3.0496817006777945, 3.04892458097042, 3.04821584916192, 3.0474442759392657, 3.046701933880485, 3.0459643751454863, 3.0452429804328136, 3.0445018296663138, 3.043691717241511, 3.0430005545355887, 3.042224423945351, 3.041515385917562, 3.040720304246442, 3.0399880630292118, 3.039230521796658, 3.03848113503483, 3.0377596702037235, 3.0370034615308388, 3.0362515031571715, 3.0355261333509413, 3.0347824162138695, 3.034037027869334, 3.033272254788261, 3.0325050139923393, 3.0317926796908754, 3.0310373677529103, 3.0303035281968405, 3.029530955787611, 3.0287583089180203, 3.02805174126231, 3.027219016971145, 3.0265067939721373, 3.0257479048948253, 3.0251183549070144, 3.024273155349347, 3.0235646483476897, 3.0227924151832313, 3.02197567910912, 3.0213119297554782, 3.0205160148472228, 3.019796340531577, 3.019043295030704, 3.018293152583013, 3.017530070253032, 3.0167127228039097, 3.0160232104170333, 3.0152373805760564, 3.0145126729036424, 3.0137700477338503, 3.013024156474471, 3.0122624865323093, 3.0115244526781577, 3.0107219804666117, 3.0099886224069397, 3.009216153822072, 3.0084817021217507, 3.007676623198117, 3.00698413744813, 3.0062568755537042, 3.0054195464758138, 3.0046769577036585, 3.003952789257547, 3.0031974692579992, 3.002402049885315, 3.001680290288175, 3.0008892889417838, 3.0001908030277806, 2.999398372299784, 2.998637190089171, 2.9981028334047024, 2.997160974500707, 2.9960429425328257, 2.9956284574746337, 2.994899756861498, 2.9941692006265956, 2.993354400938372, 2.9926492031296132, 2.991824415100244, 2.9910743987656705, 2.990321090753957, 2.9896301950314257, 2.9887988278549824, 2.9880901944867277, 2.9869655589148336, 2.98651702775306, 2.9858183810615073, 2.984999003724813, 2.9842654504548234, 2.9834911212380812, 2.982753096976269, 2.982001887148792, 2.9812437313719515, 2.9804418250253093, 2.9797151900179633, 2.9789053637310245, 2.9781976319395707, 2.977438070406305, 2.976620859819647, 2.975888933434429, 2.9747719569194175, 2.974392832364218, 2.9736041144433853, 2.9725697623398215, 2.9720655902635467, 2.9713249172589298, 2.9705557910189544, 2.969477025059057, 2.9690512547335515, 2.9682713976678112, 2.967547330137333, 2.9667402255987856, 2.9659561928928144, 2.965210173013642, 2.96446692773803, 2.9636721822346512, 2.962875341000286, 2.9621548270607536, 2.9614109528504557, 2.9606046518412104, 2.9598179686819845, 2.9591020634301306, 2.9581132843080993, 2.9577334623173, 2.9567845916712985, 2.9560201933951307, 2.955248312415445, 2.954479004641624, 2.9534771669890207, 2.9529531795025252, 2.952158772529387, 2.9512304327840764, 2.9506146875167687, 2.9498718464904514, 2.9491089453971338, 2.9482987541108305, 2.947538231101893, 2.9467783866591475, 2.9460037256271008, 2.9452363495722236, 2.944446089376382, 2.9437302008452635, 2.9429042540816286, 2.942134553237033, 2.941366965161596, 2.9405654634741554, 2.9398736736595876, 2.938721897361697, 2.9379615911459354, 2.9372463372539426, 2.936518548101098, 2.9359481504148293, 2.9349313451631756, 2.934180934728435, 2.9337088219865746, 2.932915623231058, 2.932016167093877, 2.931820081189178, 2.932227858795685, 2.9339380971153246, 2.9390750645470423, 2.9520251703367606, 2.9889754213059407, 3.021738931766552, 3.13946883449879, 2.959810277604758, 2.92844923111433, 2.997081314951873, 3.053783616128949, 3.176478318158375, 2.923246746416737, 3.1554643367485555, 3.641681657148784, 3.396981513944735, 3.8499871258220604, 4.0816142520971, 4.6721482261683, 3.3605102911960945, 5.2315314802639366, 3.0058725107794397, 3.757460449475054, 3.560098632320913, 2.9496993638461704, 3.5734754333797087, 3.0014758566737587, 3.20191118796529, 3.3428569891944773, 3.053003009439803, 3.0891294528520716, 3.261627445105664, 3.0173766080861593, 3.084860373087283, 3.1914074582508105, 3.0607266446402535, 3.0291384592814383, 3.1406321457114985, 3.0714883644157607, 3.0155809593240703, 3.0932352050476197, 3.0790900011758384, 3.0122773974783836, 3.0504051317435583, 3.0676804881468773, 3.013053979755916, 3.0212363962394018, 3.0487762311610513, 3.0130566425159926, 2.999517148574694, 3.0248665820935527, 3.0054211521709617, 2.9862501142597533, 3.0040237298672396, 2.994790442654684, 2.9747130469797494, 2.986646272891982, 2.981364108741134, 2.964868603289757, 2.9728752351968413, 2.968878293827187, 2.9557590619457303, 2.9613897572189956, 2.9568024521974015, 2.947425886546557, 2.95232762881074, 2.9458042996163343, 2.940608172840839, 2.9435585622315235, 2.9360389565881473, 2.935712091098826, 2.9353111106111527, 2.929291454688929, 2.9309067618527638, 2.9272029665440935, 2.9252241168349347, 2.925439278305863, 2.9211855213118554, 2.9223712772349657, 2.9189913271278347, 2.9183082981187427, 2.917175998659289, 2.9146803960787695, 2.914988899970355, 2.912044779776636, 2.912013908595496, 2.9099353181443415, 2.9090066428183317, 2.9079072371489136, 2.9063389432661504, 2.905726963719551, 2.903948302093001, 2.9034412809771024, 2.901718460397755, 2.901283987198447, 2.8996705955657194, 2.898810024384774, 2.8976363670183085, 2.896621301101737, 2.895621148659718, 2.894471552433611, 2.8936259913780873, 2.892463136223329, 2.8916016879346293, 2.8904011571046055, 2.8896003725171004, 2.888450544073491, 2.8876848907571935, 2.886670475586672, 2.8856875289758404, 2.8846154320660675, 2.8838733516378565, 2.8826929562819896, 2.881923460003019, 2.8808295837939024, 2.880084540448275, 2.878948977373164, 2.8781866414886625, 2.8771991635122505, 2.876207881788395, 2.8752514308048, 2.8743676073664175, 2.8734960967217176, 2.8724327771899847, 2.8716731351447984, 2.870783753403812, 2.869919244989282, 2.8690159757087645, 2.868139204551116, 2.8673144523374865, 2.8665102837317282, 2.8656614772197533, 2.8648430756416476, 2.8640556561424164, 2.863344289913488, 2.8624623905344055, 2.8616716494510017, 2.8610260590539123, 2.860201350520661, 2.8594989042264825, 2.8585967062023694, 2.857771302057821, 2.856912226766151]