Model Setup for Atypical Patient 14:
ITERS=1000
LEARNING_RATE=0.001
OPT_RESET=500
ATOL=1e-09
RTOL=1e-07
METHOD=dopri5
Input channels=2
Hidden channels=11
Output channels=2
Runtime=1710.9793939590454Optimizer=Adam (
Parameter Group 0
    amsgrad: False
    betas: (0.9, 0.999)
    capturable: False
    differentiable: False
    eps: 1e-08
    foreach: None
    fused: None
    lr: 0.001
    maximize: False
    weight_decay: 0
)Loss over time=[2923.8031937550363, 2894.2835642955743, 2864.9239725160605, 2835.728180173729, 2806.699352885559, 2777.8399145674707, 2749.1032816806332, 2720.347985216349, 2691.686441278293, 2663.1184019294333, 2634.6427932839615, 2606.2589174351288, 2577.965423951115, 2549.7597451995002, 2521.63950171023, 2493.601451460529, 2465.6416039127844, 2437.7605714454385, 2409.956317502363, 2382.2157036315493, 2354.5331522627416, 2326.9028138322183, 2299.3190073165842, 2271.7760678705195, 2244.2687805551027, 2216.791852151185, 2189.3407519617595, 2161.9104080863926, 2134.496367696053, 2107.094425248087, 2079.699861770791, 2052.308329005932, 2025.1148053027282, 1998.0039530223958, 1970.9113483047092, 1943.8114635804654, 1916.7035229816233, 1889.5938664007917, 1862.4709365836936, 1835.3268291701831, 1808.1580452904905, 1780.9611200017125, 1753.7326039602028, 1726.468713335681, 1699.1656840718513, 1671.8200688380928, 1644.6135513404786, 1617.385022560798, 1590.0999276644552, 1562.7562623076255, 1535.3519816378184, 1507.8849813475347, 1480.353234294914, 1452.754634687033, 1425.0871537238042, 1397.3487737710884, 1369.5373830719575, 1341.647359148563, 1313.692622457322, 1285.6516044529687, 1257.5188353275005, 1229.2917920240934, 1200.9789448227648, 1172.5848612403402, 1144.1001617667293, 1115.5247912485336, 1086.8592670141838, 1058.1048178638148, 1029.2638415965562, 1000.4030587645207, 971.4616454597606, 942.4445088527206, 913.3574651945954, 884.2214556469447, 855.0540364259148, 825.8470247971894, 796.6106237682495, 767.3570602190867, 738.0994196434657, 708.8529409571734, 679.9665932631302, 651.7807521073292, 623.6672805295765, 595.6425735977941, 567.7421286432908, 539.9792063154259, 512.3510023697473, 484.81660840074636, 457.32854611386523, 430.02397802103656, 402.95251775010087, 376.1433684042331, 349.6522309107557, 323.5410304514885, 297.8664568055745, 272.70096331185505, 248.11486036695007, 224.13822097080455, 200.88333837538704, 178.46776811534556, 157.0109264254653, 136.6314970340762, 116.88248019137747, 97.47722398060476, 79.92966030920606, 64.6415819747808, 51.90423341945232, 41.88975028179265, 34.64582458018779, 30.06691735902407, 27.875720762771277, 27.659961406323895, 28.902830022159637, 31.003204048700578, 33.34633777475099, 35.417892465483945, 36.89274572353808, 37.642314729998354, 37.68958331500715, 37.14719898155302, 36.163194387529686, 34.88485164745097, 33.440055633932, 31.93151264763225, 30.438961439234937, 29.024749302189562, 27.7374591090958, 26.61476947507948, 25.68366252356807, 24.959755687977808, 24.446701852714078, 24.13594615605352, 24.007615664818612, 24.03123565352157, 24.16959624266782, 24.380927545771428, 24.62329430152855, 24.858436492933755, 25.055112317733755, 25.191481680444678, 25.256128941938986, 25.247707904304704, 25.17343349300477, 25.04676759368189, 24.884728133121317, 24.70524918724924, 24.524913090187155, 24.3572774315096, 24.211889339438017, 24.09402297705641, 24.005034370801262, 23.94304983374367, 23.904077070818914, 23.883013487478298, 23.874617959365295, 23.87422226412339, 23.87815963121599, 23.883907793458103, 23.88997727656941, 23.89565128653949, 23.90066886020057, 23.904948294591467, 23.90834339675056, 23.910559648129166, 23.91116362744253, 23.909667374849835, 23.90566449746874, 23.898961284340718, 23.88966787884582, 23.87822629125774, 23.86536999396453, 23.85202574259713, 23.839179661760692, 23.827729084760378, 23.818382944078824, 23.811563748817683, 23.807377783280252, 23.805625367511308, 23.80587482693684, 23.807534710113647, 23.809965561574586, 23.812569635282546, 23.81485398913808, 23.816477407182592, 23.81726461197966, 23.817194075274923, 23.816366174959434, 23.814960411888386, 23.81319055866135, 23.811265245256774, 23.80935909198324, 23.807596673609012, 23.80604891267011, 23.80473940956399, 23.803656994214347, 23.802770496913787, 23.802042265745254, 23.801438049973832, 23.80093220220466, 23.800508413895724, 23.800157144599954, 23.799871398991755, 23.799642528685283, 23.799457371939628, 23.79929746086467, 23.799140286720363, 23.79896219906092, 23.79874208005597, 23.798464754439326, 23.798123385901388, 23.797720163169217, 23.797267826339922, 23.796780780101496, 23.796275678132858, 23.79577867658827, 23.795304318895035, 23.794865192812225, 23.79446668609894, 23.79410586744864, 23.793776914600713, 23.793470837807956, 23.793185384396885, 23.792907341633203, 23.792588142947206, 23.792343728731762, 23.79207880095719, 23.791792804476962, 23.79148757845074, 23.79116632666354, 23.790832769651534, 23.790490488819753, 23.790142530825516, 23.78979128945613, 23.78943863115818, 23.789085903209934, 23.788734176895694, 23.788390422010334, 23.788083000872078, 23.78774602107382, 23.78740659141348, 23.787071133245128, 23.786730475829017, 23.786390767424113, 23.786058288002224, 23.78571509379412, 23.785437135270033, 23.785089988286504, 23.784732899190814, 23.784354555493994, 23.783920187787636, 23.78363733491579, 23.783313678111828, 23.782970558172106, 23.78261859242044, 23.78226087623899, 23.781888769205327, 23.781503931945384, 23.7810860079671, 23.78067465902594, 23.780345339029683, 23.77996990096393, 23.779590383221645, 23.7792082271224, 23.778819756170176, 23.778441369234756, 23.778060428235708, 23.777676774929866, 23.77728284991292, 23.77690070709987, 23.776510143527947, 23.776068109866216, 23.77567657159475, 23.77528166054343, 23.774883593293136, 23.774484904303872, 23.774086386005898, 23.773686093980576, 23.77327756893179, 23.77287208541623, 23.772460026693555, 23.772040436499893, 23.771616468400115, 23.771139059020367, 23.770690595052724, 23.77027382657262, 23.769810608896023, 23.769336509408912, 23.76885396986311, 23.7683614384096, 23.76786388199682, 23.767353708479188, 23.76681279642661, 23.76625602864084, 23.765681873973687, 23.76515685079896, 23.76457964707262, 23.76398322512307, 23.763393602236036, 23.762844180575144, 23.762258805280293, 23.76170143266828, 23.761088339683514, 23.76051723430827, 23.759938142145014, 23.759351338457137, 23.758757071659023, 23.758155563279992, 23.757547008690747, 23.756931578485805, 23.75630942007664, 23.75568065946221, 23.755045402713925, 23.754403737283653, 23.753755732839924, 23.753101441884873, 23.752440900148486, 23.751774126840857, 23.751101125180888, 23.750421882875447, 23.74973637284938, 23.749044554181367, 23.748346373142546, 23.747641764336528, 23.74693065180279, 23.746212949996742, 23.745488564789376, 23.744757394248026, 23.744019329427452, 23.743274254826897, 23.742522049040645, 23.741762585105302, 23.740995730838087, 23.74022134912061, 23.739438202229657, 23.738641044889402, 23.737834100226703, 23.737016445215307, 23.736186760715817, 23.7353431975439, 23.73456834165147, 23.73372256562619, 23.732860046226037, 23.732024248111827, 23.731155111452782, 23.73024059138061, 23.729335027130404, 23.728460464889107, 23.72756833187349, 23.726660588779932, 23.725738613113478, 23.72480302812392, 23.723854211531826, 23.72289238248511, 23.72191822634554, 23.72093468145564, 23.719939460961612, 23.718932309838774, 23.717912949798748, 23.71688106912762, 23.71583630667141, 23.714778225747786, 23.713706270744968, 23.71261969232683, 23.71151741476302, 23.71039773413104, 23.709257414569596, 23.708090652247687, 23.706997709863916, 23.705817835562712, 23.704566732248406, 23.70342561986131, 23.702242145714216, 23.701036469451257, 23.699833867424672, 23.69860095571013, 23.697243180619793, 23.695929424573787, 23.694606085534243, 23.693270815574394, 23.691922446488487, 23.690560286858954, 23.6891838143693, 23.68779265045654, 23.686386671809693, 23.684961500116824, 23.683508601948837, 23.681946440107836, 23.68044785697207, 23.678943511266585, 23.67741948025987, 23.675876387786353, 23.674311004772836, 23.67272455108542, 23.67111665012219, 23.669486923405646, 23.667834798113596, 23.666160016022967, 23.664462219538162, 23.662741012556193, 23.66099599683122, 23.659226784160197, 23.65743756007763, 23.65563175800381, 23.653806748982518, 23.651969755520874, 23.65010161549851, 23.64816824240793, 23.646199439898098, 23.64421153105474, 23.642199249929778, 23.640160677942095, 23.63809310072371, 23.635962263772015, 23.63387880120305, 23.631740237488746, 23.629609648625568, 23.627402779547115, 23.62522052526089, 23.62300807792532, 23.620758041049317, 23.61844170595799, 23.616083914822948, 23.613768382819885, 23.611485384425247, 23.6091010158784, 23.606392106974873, 23.604204063762015, 23.601672545128498, 23.599114456877796, 23.596575568593288, 23.593955810219917, 23.591391964719435, 23.58875043259949, 23.586061329066048, 23.583317803298645, 23.58058626143013, 23.57763915974327, 23.574727684390904, 23.571763330043016, 23.568436944130077, 23.56530755662266, 23.562108492860364, 23.55884057645153, 23.555512483916615, 23.5521210061199, 23.548868254634275, 23.545406218856247, 23.541904894757046, 23.538357067860247, 23.534759847574296, 23.531110182215016, 23.52740895412213, 23.523637132847554, 23.519818884353516, 23.515967699019345, 23.512070706249855, 23.50807158575292, 23.504045857419126, 23.499963031567912, 23.495814844727658, 23.491544203879904, 23.487272588342034, 23.482929734953668, 23.478481691218295, 23.473989567858837, 23.469489101559258, 23.46496844152713, 23.460270409857934, 23.455540525765688, 23.45072080983889, 23.445785645763404, 23.440847623271146, 23.435740052486814, 23.430523493978026, 23.425229821385543, 23.419833040305434, 23.414218623229182, 23.40843151106602, 23.40244178723485, 23.396246354094487, 23.389630338508088, 23.38291347947435, 23.37582014968095, 23.368421365791267, 23.360755992488, 23.353140550921538, 23.345299896023185, 23.33738956195255, 23.32936230789343, 23.320995578694127, 23.31330946817427, 23.30413147051775, 23.295678079585358, 23.28671963019569, 23.27712432701209, 23.267313613997114, 23.257731132670234, 23.24805209588071, 23.23769554343093, 23.227545624260454, 23.217187953180996, 24.150627610448133, 23.19681912825271, 23.539892691250056, 23.758605343803854, 23.450158437444667, 23.172801420960308, 23.224169480240725, 23.417542364536438, 23.422981115264005, 23.256469388361225, 23.128293322384433, 23.147404984378507, 23.238657852334242, 23.26748877115249, 23.199329282348035, 23.108271571526068, 23.075646753200743, 23.10927414317562, 23.14648891514161, 23.125878849338616, 23.06678165043168, 23.025789467571816, 23.027005005879243, 23.047507977591216, 23.04602817725238, 23.012248509322443, 22.973784742241776, 22.95787791609434, 22.962034388636965, 22.961832781117607, 22.93878194770925, 22.907395387865623, 22.889432056574172, 22.88520486646343, 22.879234011741588, 22.859767571970153, 22.833061836508673, 22.813251278959196, 22.80411255293185, 22.792772437322352, 22.770819166691123, 22.7470580676237, 22.730325291483652, 22.718087812729117, 22.700187288719068, 22.676260920501427, 22.654547408242482, 22.63775784455612, 22.619628524020573, 22.59637275871676, 22.57269082942632, 22.552414537651977, 22.532501650126633, 22.509037616202274, 22.48360064900065, 22.460136610053937, 22.437531741429616, 22.412664983418424, 22.386107842969974, 22.360750701922253, 22.335866479501675, 22.30907514038291, 22.28079922405108, 22.25303179731592, 22.225460724245618, 22.19648811173033, 22.16646125759369, 22.137010179656524, 22.107097806242898, 22.06426755908794, 22.01606967158858, 21.97998607051924, 21.944979552552997, 21.90853584475602, 21.87036132877332, 21.830749194572824, 21.789646365552695, 21.74785706219965, 21.705921489273678, 21.66393647001457, 21.62163071358455, 21.579031928189686, 21.535958971371954, 21.49267212000082, 21.44923834823443, 21.402855305934278, 21.361084175110054, 21.320764789211847, 21.268708132382518, 21.23318188376209, 21.182366977913492, 21.138946713057273, 21.086332863435675, 21.052497006638774, 21.007194185602266, 20.964305092700553, 20.906645428846357, 20.877511905151565, 20.81426446144578, 20.78792325925846, 20.72418779359609, 20.690056902797387, 20.6420331446253, 20.590917481688347, 20.556104176954435, 20.500153951972017, 20.464345428643, 20.41569720571445, 20.36936485484588, 20.32819218268568, 20.27523096665506, 20.235252196636484, 20.18398089181608, 20.140953616292247, 20.094250045779617, 20.049316553418297, 20.006985471087713, 19.964024211515785, 19.91689807955113, 19.879605730747894, 19.854978307698328, 19.803954029587988, 19.75512325952551, 19.734023572348335, 19.69147716280024, 19.675606889859807, 19.59041297367037, 19.592364671724223, 19.51860756985769, 19.49707728533274, 19.46154267793855, 19.40505313275602, 19.39374399625767, 19.336198409498664, 19.31001387393726, 19.274592813618025, 19.22936981934837, 19.209087411970348, 19.159349179134885, 19.133626521252292, 19.09523715496432, 19.058831188363353, 19.03027672374108, 18.987169003134806, 18.960773400162932, 18.91964339327582, 18.889637802743614, 18.852745693002397, 18.817815171704357, 18.78469345582338, 18.746847882940617, 18.715147694024825, 18.675955139438848, 18.643803566099276, 18.60456972058842, 18.571345480453573, 18.532047306892256, 18.497301105181513, 18.457871964006934, 18.4219661815126, 18.381899418623906, 18.344585733037242, 18.303694209151242, 18.26519928356207, 18.223105404466107, 18.182972144772176, 18.139871814051336, 18.097897092152206, 18.053616928851756, 18.009185070645778, 17.96399607594877, 17.916873069049874, 17.869910994838612, 17.820678318483694, 17.77101116266503, 17.71994618768504, 17.66696588987148, 17.613415015896706, 17.557855427753484, 17.50037768493553, 17.441791757036757, 17.381206142501348, 17.318311788838727, 17.253461936037873, 17.186686630711392, 17.117601021263216, 17.045536043350623, 16.970727518204537, 16.892833127167346, 16.81188779016039, 16.72751528150363, 16.64031886872921, 16.552974114624938, 16.489622683346468, 16.75328351293672, 16.885780449094327, 16.368455740723235, 16.39681194992816, 16.36488854588187, 16.053273640901605, 16.204504293192795, 15.893351783370967, 16.06166693430041, 15.869410762704051, 15.782675796137745, 15.787081876546882, 15.535543197830366, 15.602175655960396, 15.396144023930155, 15.402789312897227, 15.300086694287398, 15.186228471863785, 15.20226308376783, 15.04760345198708, 14.987032173985993, 14.97126746206965, 14.83143389926022, 14.719967937572841, 14.70246535984541, 14.615199565948272, 14.448852354941476, 14.393775783840569, 14.360328259502854, 14.227117990047038, 14.086958976343624, 14.012212796423967, 13.970679568535223, 13.927979279043576, 13.853167567512005, 13.805568959844571, 13.721167721693947, 13.660200642520563, 13.529299986970644, 13.395791190320727, 13.217383715308511, 13.061277854904137, 12.927152593150016, 12.825877512123167, 12.753659864272471, 12.751478904866529, 13.001274751996055, 14.093191257790794, 15.028509446490096, 12.736797615169666, 13.261910815510657, 13.955292038498563, 12.383909254929232, 13.652961338524522, 12.699177191255023, 12.774655820392399, 13.061487935693735, 12.287500924775538, 13.06701537025224, 12.199123662824336, 12.712667823700553, 12.345824138393844, 12.262096637937889, 12.506437017287595, 12.01152275647206, 12.419106810344765, 12.065962388148312, 12.089232349770395, 12.218657096227595, 11.876779682685623, 12.099653613363154, 11.968909230831276, 11.825476031699413, 11.99820632818545, 11.804220193590334, 11.77498668589625, 11.872681472387375, 11.698547737718046, 11.69690623164776, 11.757288829860189, 11.618893315193082, 11.601367146466522, 11.654142614115456, 11.556929089414597, 11.503264925332482, 11.546638198023523, 11.507354707537244, 11.42534055615169, 11.423392199441308, 11.43863467936553, 11.39076525794607, 11.328108554215737, 11.313582819962242, 11.324008162877933, 11.306597919458437, 11.260166614280188, 11.21128514006923, 11.181771068563375, 11.171167155928218, 11.169621709497383, 11.171383009753045, 11.175872812668873, 11.192048358381685, 11.227858453257891, 11.307460789998325, 11.432767613763074, 11.60671025953447, 11.67952402032379, 11.534539048645733, 11.14299599246308, 10.895783046498465, 10.988615862637712, 11.189170252327441, 11.187215227872517, 10.951705618301524, 10.78307499041456, 10.829421800316206, 10.963388723508574, 11.011469376766893, 10.908040733271246, 10.746642510561019, 10.633387368992244, 10.61355282709326, 10.66493015114594, 10.751440652553626, 10.85561517030073, 10.949766487873248, 11.005431660866627, 10.942192706848262, 10.747032207419453, 10.49740895336238, 10.353397339012888, 10.375204615444291, 10.478864773351132, 10.538362822563489, 10.481524427278773, 10.340192614834939, 10.198569052874488, 10.12156954718806, 10.115432682395852, 10.157825614026208, 10.236449086218236, 10.364306228711882, 10.559650206289028, 10.816722594412294, 10.985315825310153, 10.821764921749057, 10.260555300079089, 9.842551100619941, 9.977794252492153, 10.286358855757824, 10.203862080795552, 9.847948248258653, 9.776459091054008, 9.991365633307437, 10.039275316225114, 9.820773457682106, 9.666270829367953, 9.747863896367965, 9.87427416451546, 9.842778114060811, 9.690354143055492, 9.581509320399032, 9.599228605574584, 9.67948785220193, 9.716286290222856, 9.665566600192209, 9.563590454674523, 9.485413666777179, 9.473208030182754, 9.504558807161008, 9.525920449898651, 9.502578803147331, 9.444308307435309, 9.388262830700501, 9.364613007000628, 9.370425252558533, 9.382175062570283, 9.377409940382192, 9.352618268211584, 9.31823685779817, 9.286634837750308, 9.26624948272802, 9.257678335775427, 9.256272679574268, 9.258816651760753, 9.261428558849623, 9.263116812756591, 9.263788410108344, 9.262053798499013, 9.256448325365422, 9.247865456654715, 9.234414397588209, 9.217528852602923, 9.19673909339156, 9.175572463847926, 9.153477380647612, 9.134364469439445, 9.116957951734959, 9.102999195568152, 9.090956515066022, 9.079894154003874, 9.07122843711725, 9.064633150833076, 9.057859573163114, 9.053117818056704, 9.0511893687101, 9.055672986308348, 9.077080523736717, 9.13455642304933, 9.281691667770172, 9.599065424696525, 10.22295399973895, 10.905646432544767, 11.0386610783439, 9.752853483339708, 9.030157059971412, 9.7628466397441, 9.867523925388948, 9.125890306900171, 9.294307197523025, 9.65740031256169, 9.189609252896108, 9.044231891350362, 9.432652800514477, 9.314140784321335, 8.943708377377373, 9.100104582280368, 9.35786127229355, 9.170456570534087, 8.92617786475579, 9.012112080828928, 9.191656390994693, 9.12750035979371, 8.928409557991275, 8.927250387236539, 9.0533146991464, 9.021233722573594, 8.895666958496436, 8.901798614936189, 8.978714944404162, 8.942683091802898, 8.867562360536356, 8.897330566214201, 8.935854780864082, 8.886378733285786, 8.84796908902702, 8.877348072013193, 8.891608132238078, 8.85509173701319, 8.828920612545733, 8.845676452255548, 8.861482264727327, 8.842864887559783, 8.816390428189658, 8.814046388649231, 8.827423693768056, 8.828382691247091, 8.81018056405771, 8.794210436925304, 8.794053716022097, 8.800414180274814, 8.797913133497827, 8.785203053431545, 8.775134679095139, 8.774732185295456, 8.777294841866334, 8.774474016462461, 8.765352676700951, 8.757233846830236, 8.754622894493156, 8.754820003385527, 8.753231860110956, 8.748095247681276, 8.7418235585355, 8.736381055110629, 8.73369138496974, 8.73229176832396, 8.73073360765438, 8.727435948398936, 8.722821335278526, 8.718480942530027, 8.713612561095609, 8.71017723313066, 8.707703957975575, 8.703270180086497, 8.703343425260295, 8.700600924199339, 8.697513578566156, 8.69380807498479, 8.689977299039102, 8.68646538447166, 8.682933595502488, 8.679610081137499, 8.67634864404142, 8.67400701394, 8.670631582414893, 8.668463594801404, 8.665687352456692, 8.663633091587304, 8.661343557352595, 8.659285784975385, 8.657870917004406, 8.657251911246945, 8.657650264144586]