Model Setup for Atypical Patient 5:
ITERS=1000
LEARNING_RATE=0.001
OPT_RESET=500
ATOL=1e-09
RTOL=1e-07
METHOD=dopri5
Input channels=2
Hidden channels=11
Output channels=2
Runtime=5338.802510261536Optimizer=Adam (
Parameter Group 0
    amsgrad: False
    betas: (0.9, 0.999)
    capturable: False
    differentiable: False
    eps: 1e-08
    foreach: None
    fused: None
    lr: 0.001
    maximize: False
    weight_decay: 0
)Loss over time=[649.7875642031166, 622.0728708045425, 594.8184636742064, 568.096854904318, 541.8804910117752, 516.1850563473773, 491.4568404763458, 467.4572054551061, 443.958385526846, 420.987154764664, 398.5722491363411, 376.8199231427104, 355.6315573825287, 335.0217514837723, 315.0101698070807, 295.60758159674384, 276.8255913047886, 258.70745329557974, 241.21614648146186, 224.3682588997829, 208.1874616955004, 192.646274069173, 177.75286824425564, 163.5139623476882, 149.9300707628333, 137.0000409127491, 124.7261106293788, 113.10979134430359, 102.14726010898816, 91.83273560111401, 82.1623716966611, 73.13126594932766, 64.72990447112093, 56.94673487810366, 49.77116750963176, 43.19061741366632, 37.188306241300545, 31.746220321833913, 26.846367692174578, 22.46789420828789, 18.58672623588917, 15.17841508859455, 12.217600348074235, 9.6759455502561, 7.523822636817781, 5.731790336407508, 4.268885541156788, 3.1028150991275614, 2.2020257039651185, 1.5351422543065516, 1.0702952459834274, 0.7769585848180346, 0.6262134355607701, 0.5899262252161392, 0.6420140987746114, 0.7590636169820851, 0.91952520856419, 1.1044682357514843, 1.2981393199504698, 1.4871660046795763, 1.6608875586954275, 1.8116526151433867, 1.9339813175328506, 2.0246108369430265, 2.0825261012419034, 2.1081384634056395, 2.10321750517639, 2.070767398959688, 2.0143287175373357, 1.9379391881380046, 1.845971320606588, 1.7426332907113127, 1.6320230480443554, 1.517991280163134, 1.4038565875180689, 1.2925423912362153, 1.1864798611492962, 1.0875040431967553, 0.9970262131721399, 0.915969653511188, 0.8447883687685566, 0.7836248980445174, 0.7322675560923642, 0.6902355815809081, 0.6568887267924313, 0.6314007915099442, 0.6128627407174604, 0.6003338993076306, 0.5928317616809502, 0.5894194361521424, 0.5892082092060194, 0.5913623829101792, 0.5951528120858258, 0.5999315619465031, 0.6051471927328265, 0.6103605829486618, 0.6152141975270852, 0.6194487446919672, 0.6228901673831256, 0.6254288604854454, 0.6270286921493754, 0.6277012288567332, 0.6274991176280739, 0.6265131533148306, 0.6248498232522963, 0.6226335920802382, 0.6199950752058772, 0.617060929188182, 0.6139565722760704, 0.6107937941293577, 0.6076721043219208, 0.6046772457882322, 0.6018756821273265, 0.5993200545567394, 0.5970453202665337, 0.5950712450141804, 0.593405431816743, 0.5920417948087751, 0.59096609755229, 0.5901557028729483, 0.5895821330251493, 0.589214241689962, 0.5890178690952524, 0.5889596103693071, 0.5890067233699761, 0.5891285775095119, 0.5892981198895654, 0.5894911877939465, 0.5896881881271373, 0.5898731898280598, 0.5900342814188292, 0.5901635130017288, 0.5902559357428107, 0.5903099701313053, 0.5903261952456048, 0.5903073139507349, 0.590257514377341, 0.5901818194342846, 0.5900860281589787, 0.5899758803585212, 0.58985713444916, 0.5897350497965758, 0.5896142795966047, 0.5894988141280609, 0.5893917274032664, 0.5892953941580292, 0.589211283031717, 0.5891401891634472, 0.5890822241462159, 0.5890369199258001, 0.5890034191600236, 0.5889804659041736, 0.5889666425149568, 0.5889603588117839, 0.5889600332693606, 0.5889641110620201, 0.5889711456285298, 0.5889798648479453, 0.5889891565502242, 0.5889981423831394, 0.5890061247031633, 0.5890126298371334, 0.5890173575858182, 0.5890201796738652, 0.5890211105044839, 0.5890202700093036, 0.5890178741963212, 0.5890141836553147, 0.5890095035530399, 0.5890041380273621, 0.5889983902746105, 0.5889925344512554, 0.5889868118762925, 0.5889814223503278, 0.5889765173486299, 0.5889722060631679, 0.588968548658926, 0.58896556990211, 0.5889632551768894, 0.5889615653045497, 0.5889604364114319, 0.5889597918209897, 0.588959545215901, 0.588959607895192, 0.5889598947718064, 0.5889603258416675, 0.5889608286684388, 0.5889613424941044, 0.5889618202727002, 0.5889622259011393, 0.5889625365472492, 0.58896273733201, 0.5889628246352949, 0.5889628060327052, 0.5889626926441914, 0.5889624995183237, 0.5889622444244736, 0.5889619461402227, 0.5889616230654525, 0.5889612924537594, 0.5889609691814827, 0.5889606657718719, 0.5889603915249367, 0.5889601537107624, 0.5889599568114381, 0.5889598003076001, 0.5889596829173693, 0.5889596018209297, 0.5889595526728377, 0.5889595304522554, 0.5889595295577187, 0.5889595444597068, 0.5889595697914096, 0.5889596007771462, 0.5889596332632129, 0.5889596639320116, 0.5889596902628399, 0.5889597105744272, 0.5889597239326301, 0.5889597306417453, 0.5889597304744766, 0.5889597240916915, 0.588959712525464, 0.5889596969742432, 0.5889596787171008, 0.588959658998486, 0.5889596389323883, 0.5889596195359975, 0.5889596016295614, 0.5889595858007218, 0.5889595724395302, 0.5889595617245622, 0.588959553670406, 0.5889595481338975, 0.5889595448673718, 0.5889595435373839, 0.5889595437693003, 0.5889595451662063, 0.5889595473494542, 0.5889595499655068, 0.5889595527103842, 0.5889595553334469, 0.5889595576478727, 0.5889595595254202, 0.5889595608963478, 0.588959561741311, 0.5889595620834438, 0.5889595619017783, 0.5889595611363365, 0.5889595600925263, 0.5889595588661162, 0.5889595575488763, 0.5889595562243602, 0.5889595549637654, 0.5889595538236286, 0.5889595528432459, 0.5889595520459948, 0.5889595514410871, 0.5889595510242732, 0.5889595507810065, 0.5889595506884849, 0.5889595507202543, 0.5889595508456477, 0.588959551035607, 0.5889595512619166, 0.5889595515044175, 0.5889595517423705, 0.588959551959156, 0.588959552142233, 0.5889595522852313, 0.588959552388225, 0.5889595524522989, 0.5889595524809097, 0.5889595524801597, 0.5889595524563135, 0.5889595524173284, 0.5889595523700806, 0.5889595523211669, 0.5889595522759549, 0.588959552238639, 0.5889595522121097, 0.5889595521980484, 0.5889595521966066, 0.5889595522086517, 0.5889595522325215, 0.5889595522660733, 0.5889595523067327, 0.5889595523517535, 0.5889595523988264, 0.5889595524458042, 0.5889595524907594, 0.5889595525322284, 0.5889595525691768, 0.5889595526004725, 0.5889595526260262, 0.5889595523580209, 0.5889595518450406, 0.5889595513345133, 0.5889595508231377, 0.5889595503115981, 0.588959549800652, 0.5889595492908417, 0.5889595487827041, 0.588959548276587, 0.5889595477728897, 0.5889595472716631, 0.5889595467730352, 0.5889595462769318, 0.5889595457831569, 0.5889595452916505, 0.5889595448019906, 0.5889595443142125, 0.5889595438279517, 0.5889595433429683, 0.5889595428591398, 0.5889595423763616, 0.588959541894479, 0.588959541413468, 0.5889595409332733, 0.5889595404538053, 0.5889595399751684, 0.5889595394974477, 0.5889595390205481, 0.5889595385446396, 0.5889595380697066, 0.5889595375957237, 0.5889595371227868, 0.5889595366509413, 0.5889595361801276, 0.5889595357096025, 0.588959535239453, 0.5889595347697908, 0.5889595343008152, 0.5889595338324916, 0.5889595333644408, 0.5889595328966624, 0.5889595331319399, 0.588959534838969, 0.5889595367986511, 0.5889595382922573, 0.5889595333834521, 0.5889595276917631, 0.5889595208857884, 0.5889595066386148, 0.5889594903360912, 0.5889595098354445, 0.5889594864301524, 0.5889595054487237, 0.5889594899413751, 0.5889595061026401, 0.5889595188522588, 0.5889595248867657, 0.5889595298298267, 0.5889595336684604, 0.5889595306935238, 0.5889595280346754, 0.5889595256245318, 0.5889595234165139, 0.5889595213761463, 0.5889595194769524, 0.5889595176981328, 0.5889595160233047, 0.5889595144391696, 0.5889595139590672, 0.5889595142277049, 0.5889595145180455, 0.5889595148315958, 0.5889595151700143, 0.5889595155352011, 0.5889595159291949, 0.5889595163554318, 0.5889595168166728, 0.5889595173157939, 0.5889595178562478, 0.5889595184419402, 0.5889595190773437, 0.5889595197677615, 0.588959520519144, 0.5889595213385884, 0.5889595222347456, 0.5889595232176092, 0.5889595233859797, 0.5889595207082302, 0.5889595178431255, 0.588959514757896, 0.5889595114097562, 0.5889595077411379, 0.5889595027681233, 0.5889594952280786, 0.5889594861549857, 0.5889594766968167, 0.5889594708932162, 0.5889594876417626, 0.5889594713708602, 0.5889594675417421, 0.5889594672499201, 0.588959466968387, 0.5889594666865843, 0.5889594664045327, 0.588959466122218, 0.5889594658396425, 0.5889594655568114, 0.5889594652737238, 0.5889594649903868, 0.5889594647067855, 0.5889594644229175, 0.5889594641388084, 0.5889594638544406, 0.5889594635698262, 0.5889594632849543, 0.588959462999827, 0.5889594627144473, 0.588959462428816, 0.5889594621429285, 0.5889594618568098, 0.5889594615704524, 0.5889594612838603, 0.5889594609970178, 0.5889594607099464, 0.588959460422626, 0.58895946013509, 0.5889594598473002, 0.5889594595592853, 0.5889594592710121, 0.5889594589825055, 0.5889594586937709, 0.5889594584047873, 0.5889594581155668, 0.588959457826114, 0.5889594575364278, 0.5889594572465064, 0.588959456956345, 0.5889594566659475, 0.5889594563753138, 0.5889594560844333, 0.5889594557933253, 0.5889594555019886, 0.588959455210411, 0.5889594549185904, 0.5889594546265341, 0.588959454334251, 0.5889594540417246, 0.5889594537489707, 0.5889594534559685, 0.5889594531627236, 0.5889594528692665, 0.5889594525755455, 0.5889594522816143, 0.5889594519874229, 0.5889594516932113, 0.5889594513989344, 0.5889594511045819, 0.5889594508101087, 0.5889594505155039, 0.588959450220793, 0.5889594499259305, 0.5889594496309122, 0.5889594493357183, 0.5889594490403682, 0.5889594487448355, 0.5889594484491194, 0.5889594481532214, 0.588959447857133, 0.5889594475608315, 0.5889594472643266, 0.5889594469676267, 0.5889594466707077, 0.5889594463735787, 0.5889594460762335, 0.5889594457786654, 0.5889594454808831, 0.58895944518287, 0.5889594448846375, 0.5889594445861814, 0.5889594442874905, 0.5889594439885871, 0.5889594436894436, 0.5889594433900631, 0.5889594430904701, 0.5889594427906384, 0.5889594424905721, 0.5889594421902754, 0.5889594418897431, 0.5889594415889842, 0.5889594412879846, 0.5889594409867641, 0.5889594406853044, 0.5889594403836128, 0.5889594400816829, 0.5889594397795138, 0.5889594394771215, 0.5889594391744886, 0.588959438871635, 0.5889594385685389, 0.5889594382652117, 0.5889594379616422, 0.5889594376578513, 0.5889594373538266, 0.5889594370495703, 0.5889594367450801, 0.5889594364403593, 1.035007455280511, 0.6805530490131627, 0.7003391644102642, 0.8966837508127302, 0.8100829680912035, 0.6384987414513048, 0.5991055574588701, 0.6799402941543762, 0.7365031419520108, 0.7103659059341788, 0.6458700132384115, 0.6021843002288825, 0.6069969282923802, 0.6449065758623029, 0.6698859458753904, 0.652552316329821, 0.6116835682215247, 0.5891513154246253, 0.6022444431905527, 0.6272387306252779, 0.6331058128600577, 0.6169899680227408, 0.5978554932487667, 0.5916237189365922, 0.5993898121201998, 0.6105964421366644, 0.6127989579050699, 0.60297601755919, 0.5913572996703866, 0.5900243824055754, 0.598069119687672, 0.6036688339423596, 0.600223613674585, 0.5929490380722992, 0.5897056458686877, 0.5920714805249044, 0.5959922093054818, 0.5968199156918081, 0.5934711088246618, 0.5896220688455943, 0.5896109551555401, 0.5926580318055814, 0.5940468727209666, 0.5920267520258267, 0.5895761325969961, 0.5894047896234603, 0.590864614074572, 0.5917995334064184, 0.5910933809805768, 0.589562636041443, 0.5890490193621086, 0.5900228335811303, 0.5908148512576257, 0.5902120196212297, 0.5892062138317472, 0.5891090661190801, 0.589698152209611, 0.590010527803586, 0.589667896796583, 0.5891134665207123, 0.5890440168629364, 0.5894689531078302, 0.5896443292860503, 0.5892869612478047, 0.5889821537568168, 0.5891051410013707, 0.5893349303306581, 0.589317964147463, 0.5891020002767728, 0.5889745097608764, 0.5890897382570377, 0.5892281466570665, 0.5891412627590977, 0.5889821854701636, 0.5889941410587433, 0.5890978256457866, 0.58910889410873, 0.5890249472204686, 0.5889669846391226, 0.5890076120573707, 0.5890657307247735, 0.5890320054788393, 0.588966707361346, 0.5889758298548671, 0.5890190331839809, 0.5890164861571623, 0.5889794098189776, 0.5889630525627365, 0.5889858213211095, 0.5890031048167077, 0.5889806071461379, 0.5889595179537297, 0.5889725712843361, 0.5889866228150834, 0.588977217916957, 0.5889626186405936, 0.5889637559484566, 0.5889753978104452, 0.5889745592862226, 0.5889619979996853, 0.5889608914852668, 0.5889693375162083, 0.5889693938334475, 0.5889624564489276, 0.5889600674298202, 0.5889644972340031, 0.5889667121106625, 0.5889618704593694, 0.5889592604054935, 0.588962720928529, 0.5889640067010604, 0.5889611326137292, 0.5889594613174606, 0.5889610714981269, 0.5889624744519886, 0.588960647389981, 0.5889591349860753, 0.5889605401344785, 0.5889613001440653, 0.5889600485822387, 0.5889592654502076, 0.5889599685615375, 0.5889605797630924, 0.5889597525773511, 0.5889591204533866, 0.5889597888998113, 0.5889600530816789, 0.5889594489857813, 0.5889591794774104, 0.5889595474765966, 0.5889597325781445, 0.5889592970006299, 0.5889591252508847, 0.5889594658660049, 0.5889594726038652, 0.5889591826389828, 0.5889591480327719, 0.5889593374654699, 0.5889593306012486, 0.5889591136643487, 0.5889591347109696, 0.5889592767228862, 0.5889592004445444, 0.5889590891587467, 0.5889591297602106, 0.5889592012203297, 0.5889591370247679, 0.5889590634952733, 0.5889591232708299, 0.5889591466312853, 0.5889590831383607, 0.5889590636272101, 0.588959101302368, 0.5889591035711768, 0.5889590549070245, 0.5889590558834963, 0.5889590848156203, 0.5889590646272107, 0.5889590400716539, 0.5889590496913805, 0.5889590608070663, 0.588959040927187, 0.5889590278054625, 0.5889590414075982, 0.5889590383497958, 0.5889590222641286, 0.5889590208810621, 0.5889590270880412, 0.5889590199325933, 0.5889590087527378, 0.5889590120340916, 0.5889590118020703, 0.5889590021498908, 0.5889589977319677, 0.5889589989770179, 0.5889589951329678, 0.5889589871232225, 0.5889589858675127, 0.5889589848715379, 0.5889589786706345, 0.5889589741840214, 0.5889589705838915, 0.5889589641069585, 0.5889589550512943, 0.5889589490547673, 0.5889589435984086, 0.5889589298193177, 0.5889588521286735, 0.5889587099638273, 0.588958653939835, 0.5889586196842247, 0.5889586381029605, 0.5889586350971523, 0.5889586226563972, 0.588958609061655, 0.5889585949873701, 0.588958578723216, 0.5889585602843489, 0.5889585409013197, 0.58895851976253, 0.5889584954731851, 0.5889584599478189, 0.5889584223237608, 0.5889583819034333, 0.5889583387153157, 0.5889582931657149, 0.5889582446065887, 0.5889581927965893, 0.5889581379184242, 0.5889580797283691, 0.5889580177171466, 0.5889579518467657, 0.5889578820383452, 0.5889578074144283, 0.5889577275092476, 0.5889576426204816, 0.5889575573681433, 0.5889574991886742, 0.5889574391075905, 0.588957362063658, 0.588957237293897, 0.5889571037217226, 0.5889569608006382, 0.5889569450469512, 0.5889568655075723, 0.5889566943253988, 0.5889563189664676, 0.5889561141744565, 0.5889559111547965, 0.5889556936630705, 0.5889554607453296, 0.5889552116759365, 0.5889549456364644, 0.5889546562129865, 0.5889545786800922, 0.5889546912403334, 0.5889548036197809, 0.5889545062187338, 0.5889538334675783, 0.5889524784458954, 0.5889520176803714, 0.5889515560263269, 0.5889511864815582, 0.5889518143009838, 0.5889512796521463, 0.5889512792289713, 0.588950686720408, 0.5889485555469226, 0.588949936163748, 0.5889493697861757, 0.5889480653850611, 0.5889476616753, 0.5889447837480851, 0.5889451735956499, 0.5889437403781753, 0.5889425613265544, 0.5889427323888299, 0.5889404558426122, 0.5889414941562339, 0.5889416280214749, 0.5889389840843225, 0.5889380238888746, 0.588937299891554, 0.5889355531338432, 0.5889346204887183, 0.5889335940790598, 0.5889312305360417, 0.5889299709442942, 0.5889286705941285, 0.5889261159866558, 0.588925190915859, 0.5889226472470327, 0.5889210443809273, 0.5889188913313368, 0.5889165800477193, 0.5889141029079923, 0.5889114460404516, 0.5889086041885917, 0.58890555696581, 0.5889023115221774, 0.588898857459974, 0.5888951687842556, 0.588891228314645, 0.5888870146651655, 0.5888825440386505, 0.5888778103713079, 0.5888727702287209, 0.5888673750048647, 0.5888615683435166, 0.5888553193604577, 0.5888486271363413, 0.5888438590968942, 0.5888360635965817, 0.5888287935148416, 0.5888279173212557, 0.5888131219431272, 0.5888137672306016, 0.5888005205834804, 0.5887910561034029, 0.588782626456075, 0.5887735670429759, 0.588763539104087, 0.5887524429021227, 0.5887411915643214, 0.5887294250238551, 0.5887154242266653, 0.5887010370977913, 0.5886878175708099, 0.5886723268236971, 0.5886550942191118, 0.5886380750513422, 0.5886186994907369, 0.5885979686796595, 0.5885752567579282, 0.5885503007342225, 0.5885240809642788, 0.5884980071191491, 0.5884692922537211, 0.5884389906699845, 0.588405322473042, 0.5883664607510365, 0.5883294525257464, 0.5882870314055281, 0.5882382901291234, 0.5881853092174322, 0.58811399178508, 0.5880522407487837, 0.5879876900967819, 0.5879078911299366, 0.5878441825791558, 0.5877636941680862, 0.5876882220797035, 0.5876034138133034, 0.5875061407989149, 0.5874227076306877, 0.587323617287942, 0.5872136937113628, 0.5870936979752416, 0.5869610542867704, 0.5868165139092181, 0.586661438603518, 0.5864890258075985, 0.5862928292745185, 0.5860763218922981, 0.5858398979149816, 0.5855443688764775, 0.5852368098675012, 0.5848797478947202, 0.5844703875427716, 0.5840119444621523, 0.5834657047404729, 0.5829321478991881, 0.5823963048069203, 0.5817802772575098, 0.5810797813346075, 0.5803220018628318, 0.5793054553515579, 0.5783634515861904, 0.5771285214836582, 0.574521769990132, 0.5695691144953013, 0.5619339692549826, 0.5530594974556025, 0.5430737835154613, 0.5328316185777854, 0.5216353697672201, 0.5093524059594099, 0.49756663606509105, 0.4877214639434628, 0.4838029470140277, 0.5039880723206982, 0.5990725066533309, 0.47886236061621007, 0.5157775364612718, 0.5905247873859539, 0.46764081393658363, 0.620640958903807, 0.5877579066000529, 0.5548534067175, 0.5566201457578974, 0.47939240938784783, 0.5324941371463792, 0.4930889191736938, 0.5007935909960274, 0.4810838195229397, 0.48438001206090386, 0.4899265847110883, 0.46012451291161, 0.48902589145271735, 0.45456055746097124, 0.4826521749116184, 0.44718647635929104, 0.476170568109262, 0.44503727825802064, 0.46342167234626463, 0.4460993969555279, 0.45319601167942614, 0.4428446464437879, 0.44536690230855347, 0.4410423297002606, 0.4382160681525216, 0.4364974494770273, 0.43377330077759885, 0.43222889505863316, 0.42859629276945205, 0.42767819346041663, 0.42476258064812583, 0.42309319219704555, 0.4208210292573535, 0.41788098915980093, 0.4175541526233524, 0.41314703373398254, 0.4145453484529645, 0.40856913640795667, 0.4105527084225907, 0.4053725482400189, 0.40614657460200404, 0.4036925789228596, 0.4012491332160039, 0.40168252728290715, 0.3976383908552013, 0.3977746721558407, 0.3957622237536484, 0.3934694399428081, 0.39336029135189093, 0.3906340674788014, 0.3895449735820166, 0.3887362568819974, 0.38629202854376776, 0.38556675121678025, 0.3843460390274746, 0.38221506210165407, 0.3815873464581761, 0.3802274216184715, 0.3783688557703815, 0.37770748168888646, 0.3763415760613937, 0.3746469201049651, 0.373948462577373, 0.3726443626922402, 0.3711326001843167, 0.37036057760725993, 0.36912181580223263, 0.36778140321365543, 0.36698502030390173, 0.36576393390830686, 0.3645599252503668, 0.36328721943976655, 0.36250301269050983, 0.3624275232099239, 0.36161084109556, 0.3593049083486157, 0.3585971429321253, 0.3582405411806429, 0.35629102529306866, 0.35535940928469273, 0.3549798714168915, 0.3533919156051659, 0.3524505173940508, 0.3519498355449738, 0.35056889683481623, 0.34966659635733516, 0.3490877972170829, 0.34786527024891273, 0.3470064132883115, 0.34638353778081027, 0.3452593184437735, 0.34446686629554163, 0.3437792913060713, 0.34270469628482425, 0.34185088989949597, 0.3410327098959645, 0.3399287652789897, 0.33898472757546394, 0.3379970931566997, 0.33670624459135473, 0.3354817778469414, 0.3341663452920702, 0.33262052605760317, 0.331131361996539, 0.32967218523208464, 0.328128547413596, 0.32678522939098115, 0.32566894391220763, 0.3246187426096156, 0.3238917172997136, 0.32339849477297267, 0.3230717327322075, 0.3228357057017009, 0.3227139327921403, 0.32253276107471046, 0.3222447178086674, 0.3218570263695788, 0.32136312646424775, 0.32074678512626564, 0.32008018146882455, 0.3194355909742098, 0.318800118755259, 0.31819645189574836]