Model Setup for Atypical Patient 12:
ITERS=1000
LEARNING_RATE=0.001
OPT_RESET=500
ATOL=1e-09
RTOL=1e-07
METHOD=dopri5
Input channels=2
Hidden channels=11
Output channels=2
Runtime=1530.484740972519Optimizer=Adam (
Parameter Group 0
    amsgrad: False
    betas: (0.9, 0.999)
    capturable: False
    differentiable: False
    eps: 1e-08
    foreach: None
    fused: None
    lr: 0.001
    maximize: False
    weight_decay: 0
)Loss over time=[570.4570438115946, 550.7569339442342, 531.4899111416336, 512.6583929266034, 494.26127935966684, 476.2938049370519, 458.75009578326336, 441.62520078918146, 424.9143611602906, 408.6169951086588, 392.7868349634912, 377.3569898317088, 362.318795180814, 347.6629838931682, 333.38008536035085, 319.46076081355636, 305.9251701566846, 292.8532973458141, 280.10142280335623, 267.6636324762701, 255.53457452688187, 243.70939325258507, 232.18381121444688, 220.9538890191835, 210.01626963692934, 199.36799569486539, 189.00665861609465, 178.9303194146939, 169.13758532740707, 159.62757413417637, 150.3998959074405, 141.45463930170695, 132.79232153547107, 124.41386259996216, 116.32054523955813, 108.51395782923295, 100.99595022914853, 93.76858096905134, 86.83402896545188, 80.19456384130423, 73.85247516864521, 67.80995281927541, 62.06903975209721, 56.631531299306516, 51.49888116178525, 46.67223084611092, 42.15227848651502, 37.938431762170715, 34.029693086227674, 30.424140006442713, 27.1188842022652, 24.1141419755686, 21.399703310411137, 18.962491537279437, 16.806518181516715, 14.916075693332578, 13.279920074754466, 11.885229505814571, 10.717636351617362, 9.761306746498112, 8.999072230911084, 8.412616323917174, 7.9827171245650845, 7.689543133280908, 7.5129958776002885, 7.433086661730818, 7.430336283663129, 7.48617388940111, 7.583317913905969, 7.706115883620589, 7.840823514436193, 7.9758066888652275, 8.101655091700302, 8.21120295429292, 8.299459401618398, 8.363457509519701, 8.40203656232465, 8.415575579984697, 8.40569775004431, 8.374965055711645, 8.326580470916126, 8.264112060341443, 8.191249675644544, 8.11160113637438, 8.02853119443207, 7.9450434630158835, 7.863702993885875, 7.786595364319612, 7.71531696757697, 7.650990617823651, 7.5943004828043055, 7.545540633821472, 7.504672042797027, 7.471383560294449, 7.445153194065623, 7.4253067868515465, 7.411072023172778, 7.401626234631936, 7.396137215700805, 7.393796718536283, 7.393846663389266, 7.395598402225801, 7.398445628741097, 7.401871637894605, 7.405451775965748, 7.408851819369527, 7.411823195639628, 7.4141957816948585, 7.415869011640286, 7.416801943748959, 7.41700285392733, 7.416518836787972, 7.415425808842392, 7.413819224034816, 7.41180573196663, 7.409495935238212, 7.406998335507954, 7.404414498889648, 7.401835416895683, 7.399339018003169, 7.396988705463271, 7.3948328211331535, 7.392904896559097, 7.391224540092821, 7.389798812896124, 7.388623948821484, 7.387687282130384, 7.386969260164277, 7.386445434425003, 7.386088341498029, 7.385869205421301, 7.385759411756601, 7.385731722563714, 7.385761218840575, 7.3858259734334215, 7.3859074614981095, 7.385990745883692, 7.386064458093234, 7.386120613248662, 7.386154298541457, 7.386163272082874, 7.386147507889401, 7.3861087191825225, 7.386049887640969, 7.385974821070397, 7.38588775652197, 7.385793020525705, 7.38569475307274, 7.38559669748996, 7.385502054549039, 7.385413396108178, 7.385332631342945, 7.385261017145783, 7.385199203513394, 7.38514730460594, 7.385104986548661, 7.3850715638381335, 7.385046097299978, 7.385027487804364, 7.385014561289437, 7.385006141972114, 7.385001111883878, 7.384998455984609, 7.384997293065536, 7.384996893409005, 7.384996684740489, 7.384996248379048, 7.384995307689107, 7.384993710975032, 7.3849914108713755, 7.384988442092155, 7.384984899141205, 7.384980915281239, 7.38497664373753, 7.384972241793215, 7.384967858136007, 7.384963623553577, 7.384959644855882, 7.384956001733414, 7.384952746137631, 7.3849499036986535, 7.384947476664563, 7.38494544785421, 7.384943785152452, 7.384942446136449, 7.384941382495716, 7.38494054398665, 7.384939881749853, 7.384939350887424, 7.384938912274853, 7.384938533632876, 7.384938189932418, 7.384937863236363, 7.384937542100479, 7.38493722066124, 7.38493689753619, 7.3849365746514, 7.384936256091976, 7.384935947053432, 7.384935652948396, 7.384935378701642, 7.384935128246979, 7.38493490422307, 7.38493470784995, 7.384934538959421, 7.384934396145883, 7.384934277002251, 7.384934178404705, 7.384934096813964, 7.384934028566195, 7.3849339701303895, 7.384933918318311, 7.3849338704364405, 7.384933824379618, 7.384933778665704, 7.384933732420057, 7.384933685316804, 7.384933637490828, 7.384933589428008, 7.38493354184941, 7.384933495595624, 7.38493345152157, 7.384933410408147, 7.384933372893861, 7.384933339428722, 7.384933310250769, 7.3849332853832745, 7.384933264649291, 7.38493324770047, 7.3849332340552305, 7.384933223142707, 7.3849332143472415, 7.38493320705125, 7.384933200672629, 7.384933194695062, 7.3849331886900895, 7.3849331823300455, 7.384933175392765, 7.38493316775838, 7.384933159400007, 7.38493315036922, 7.384933140778708, 7.384933130783514, 7.384933120561613, 7.384933110297028, 7.384933100163962, 7.38493309031525, 7.384933080873288, 7.3849330719250466, 7.384933063520185, 7.384933055672354, 7.384933048362688, 7.384933041545339, 7.384933035153709, 7.384933029108127, 7.384933023322223, 7.384933017709682, 7.38493301218964, 7.384933006691107, 7.384933001155807, 7.38493299554007, 7.384932989815112, 7.384932983966556, 7.3849329779926, 7.384932971902329, 7.384932965712755, 7.384932959446362, 7.3849329531285415, 7.3849329467848825, 7.3849329404396915, 7.38493293411384, 7.384932927823999, 7.384932921582018, 7.384932915394848, 7.384932909264554, 7.384932903189045, 7.384932897162833, 7.384932891178013, 7.384932885224867, 7.384932879293288, 7.384932873372836, 7.3849328674545, 7.384932861530031, 7.3849328555930915, 7.384932849639015, 7.384932843665021, 7.384932837670098, 7.384932831654436, 7.38493282551059, 7.384932819171718, 7.384932812818158, 7.384932806452979, 7.384932800079156, 7.384932793699421, 7.384932787316045, 7.384932780930684, 7.384932774544518, 7.3849327681582, 7.384932761771784, 7.384932755384617, 7.384932748996203, 7.3849327426055105, 7.384932736211376, 7.384932729812758, 7.384932723408658, 7.384932716998097, 7.384932710580398, 7.384932704154955, 7.38493269772161, 7.384932691280053, 7.384932684830483, 7.384932678372973, 7.3849326719078165, 7.3849326654353975, 7.384932658955975, 7.384932652470044, 7.384932645977765, 7.38493263947957, 7.384932632975613, 7.384932626465971, 7.3849326199507495, 7.384932613430024, 7.384932606903782, 7.3849326003719105, 7.384932593834287, 7.3849325872909155, 7.3849325807416655, 7.384932574186427, 7.384932567625168, 7.384932561057851, 7.38493255448432, 7.384932547904746, 7.384932541319052, 7.384932534727226, 7.384932528129414, 7.384932521525622, 7.38493251491585, 7.384932508300337, 7.384932501678883, 7.384932495051709, 7.384932488418829, 7.384932481780219, 7.3849324751360435, 7.384932468486169, 7.384932461830712, 7.384932455169709, 7.384932448503078, 7.384932441830853, 7.3849324351530665, 7.384932428469753, 7.3849324217808965, 7.384932415086445, 7.384932408386507, 7.384932401681064, 7.38493239497013, 7.38493238825376, 7.3849323815319075, 7.384932374804646, 7.384932368071992, 7.384932361333972, 7.384932354590558, 7.384932347841869, 7.384932341087791, 7.384932334328472, 7.384932327563851, 7.384932320794051, 7.384932314018896, 7.384932307238578, 7.384932300453087, 7.384932293662339, 7.384932286866453, 7.384932280065374, 7.384932273259185, 7.384932266447865, 7.384932259631473, 7.384932252809867, 7.384932245983301, 7.384932239151641, 7.384932232314903, 7.384932225473125, 7.384932218626346, 7.384932211774571, 7.384932204917856, 7.384932198056097, 7.38493219118945, 7.384932184317833, 7.3849321774413506, 7.384932170559853, 7.384932163673484, 7.384932156782242, 7.384932149886141, 7.384932142985213, 7.384932136079424, 7.384932129168825, 7.384932122253421, 7.384932115333098, 7.384932108408051, 7.38493210147833, 7.384932094543712, 7.384932087604411, 7.384932080660363, 7.384932073711578, 7.384932066758032, 7.384932059799832, 7.384932052836908, 7.384932045869319, 7.384932038897148, 7.384932031920214, 7.384932024938664, 7.384932017952443, 7.384932010961694, 7.384932003966227, 7.384931996966205, 7.384931989961578, 7.384931982952372, 7.3849319759386285, 7.384931968920267, 7.384931961897402, 7.384931954870016, 7.3849319478380115, 7.38493194080154, 7.384931933760523, 7.384931926715027, 7.3849319196649965, 7.384931912610501, 7.384931905551571, 7.3849318984880945, 7.384931891420174, 7.384931884353954, 7.384931877284998, 7.384931870211589, 7.384931863133775, 7.3849318560515425, 7.384931848964973, 7.384931841873922, 7.384931834778539, 7.384931827678745, 7.384931820574533, 7.384931813466073, 7.384931806353191, 7.384931799235946, 7.384931792114369, 7.384931784988416, 7.3849317778581955, 7.384931770723551, 7.384931763584632, 7.38493175644139, 7.3849317492938376, 7.384931742141978, 7.384931734985784, 7.384931727825303, 7.384931720660546, 7.384931713491488, 7.384931706318134, 7.384931699140515, 7.384931691958645, 7.384931684772471, 7.384931677581958, 7.384931670387263, 7.3849316631883175, 7.384931655985079, 7.384931648777555, 7.384931641565803, 7.384931634349827, 7.38493162712958, 7.384931619905044, 7.384931612676284, 7.384931605443319, 7.38493159820612, 7.384931590964712, 7.384931583718986, 7.384931576469097, 7.384931569214924, 7.38493156195656, 7.384931554693903, 7.384931547427092, 7.384931540155978, 7.384931532880672, 7.384931525601195, 7.3849315183174244, 7.38493151102947, 7.3849315037372145, 7.38493149644076, 7.384931489140171, 7.384931481835266, 7.384931474526183, 7.384931467212888, 7.384931459895328, 7.38493145257354, 7.3849314452475365, 7.3849314379173014, 7.384931430582839, 7.384931423244129, 7.384931415901144, 7.384931408554024, 7.384931401202575, 7.384931393846869, 7.384931386487102, 7.384931379122909, 7.384931371754518, 7.384931364381868, 7.704792373156863, 7.402706685910158, 7.463527768294738, 7.574860119830671, 7.516649291072398, 7.415915794244364, 7.386764022888749, 7.433631501861021, 7.477581235693737, 7.46662628002023, 7.420955840063841, 7.387689495185932, 7.392295161550522, 7.41978318695001, 7.435583198688938, 7.424124013636833, 7.399508466384598, 7.385283398164933, 7.391127328614946, 7.40615732939684, 7.41267256221363, 7.404598408541092, 7.391064620736028, 7.3849297182877995, 7.389917538948503, 7.398242536577124, 7.400086255052799, 7.393928491967548, 7.386683139488977, 7.385272062663401, 7.389554690666606, 7.393543153418694, 7.392596165033376, 7.3881054325633935, 7.385044711057367, 7.38609484823646, 7.389065607862378, 7.390023978132064, 7.387951403583835, 7.385427844561087, 7.385142927061913, 7.386813878796551, 7.3879721256293776, 7.387171448788404, 7.385515971539089, 7.384954617022572, 7.385828600400054, 7.386705664306038, 7.386397102798859, 7.385377829440929, 7.384932415245775, 7.385425569571225, 7.385991401703287, 7.385825084939406, 7.385197200947516, 7.384932635976142, 7.385254018160327, 7.385586588012054, 7.385442240901517, 7.385052522490207, 7.384941576347023, 7.385173407242044, 7.385340555689942, 7.385196322535466, 7.384966211366691, 7.3849586562601015, 7.385122248397066, 7.385176621034652, 7.385045471674783, 7.38493080390736, 7.384977920117979, 7.3850760739314865, 7.385061233812664, 7.384963271721019, 7.384929645456688, 7.3849886402062825, 7.385027375958469, 7.384983565382043, 7.384930212250003, 7.384942679657005, 7.384984122759585, 7.384980598911045, 7.3849404738412066, 7.384927479082787, 7.38495262448744, 7.38496600040803, 7.384945184824346, 7.384925755884813, 7.384935134688555, 7.384950451564285, 7.384943662764812, 7.384927354860294, 7.384927429308385, 7.384938839031249, 7.38493910207609, 7.384928037537625, 7.384924207075992, 7.384931071993099, 7.384933895798586, 7.384927412322159, 7.384922942406837, 7.384926456919903, 7.384929408816178, 7.3849257222447156, 7.384921715403425, 7.384923347792317, 7.384925771063821, 7.38492372922806, 7.38492055269138, 7.384920798938398, 7.38492224007695, 7.384920902077153, 7.384918304622729, 7.384917902354055, 7.384918862420486, 7.384918260566959, 7.384916669947123, 7.384916437394119, 7.38491689208773, 7.384915982343137, 7.384914280557161, 7.384913513599319, 7.384913392935307, 7.3849126849569275, 7.384911702025917, 7.384911327683303, 7.384910965260204, 7.384909866892073, 7.384908596868818, 7.38490796480942, 7.384907651029478, 7.384906939642094, 7.3849057514588745, 7.384904557644086, 7.3849033676872216, 7.384902033340677, 7.384900805999785, 7.384899776763032, 7.384898571858226, 7.384897000973697, 7.384895254088784, 7.384893591137712, 7.384891939605805, 7.3848901688363044, 7.384888293238901, 7.38488617270098, 7.384883781355654, 7.384881328317809, 7.384878923191667, 7.384876306722692, 7.384873200469122, 7.384869865937386, 7.38486651541422, 7.3848630192929825, 7.384858951509318, 7.384854448972654, 7.384849713718801, 7.384840723113434, 7.384839079600132, 7.38483269955525, 7.384826006894579, 7.384816921494601, 7.384812062539042, 7.384802743396847, 7.3847918158161265, 7.384779340191589, 7.384768536490662, 7.384756253734397, 7.384742039103662, 7.384725286886765, 7.384709354428085, 7.384692912860925, 7.38467420604946, 7.384645540466078, 7.384619470990075, 7.3845852830785645, 7.384569593481882, 7.384521266804068, 7.384481973889674, 7.384439026528761, 7.384357864786491, 7.384247951088151, 7.384136431891048, 7.383990752339983, 7.383815400757422, 7.383593872038233, 7.383334888527753, 7.383022588882192, 7.382653676901412, 7.38217429409852, 7.38149747285357, 7.380753285009706, 7.379961071125082, 7.378953788681371, 7.377807042770323, 7.37648851169974, 7.375083717753961, 7.373439433301555, 7.371852684478219, 7.369838972494307, 7.368459333989241, 7.366994733721932, 7.366094287424338, 7.364010509458186, 7.3625326921839624, 7.360529026310716, 7.359087977916716, 7.357103986638214, 7.355102095821513, 7.352530202559469, 7.350073247762153, 7.347728984356175, 7.344702088155308, 7.341688673945478, 7.338627106487873, 7.335157023224215, 7.3314974749448965, 7.327740123608956, 7.323324058141545, 7.318788931004892, 7.314072748685418, 7.3087740171475755, 7.30425784330001, 7.2991972737474535, 7.292896418120517, 7.286230902035487, 7.2791242649207115, 7.271894088065334, 7.264958340721182, 7.257183398455735, 7.251561211333859, 7.2421979939135355, 7.232858998028587, 7.225675671097585, 7.21657275873029, 7.206804282709954, 7.197005612993464, 7.18817309962371, 7.17909645129186, 7.167934181029197, 7.156512223913473, 7.145506764371123, 7.134805581824467, 7.123941592697971, 7.113129514584338, 7.101754170949235, 7.088925052992102, 7.075347082832035, 7.061984636314159, 7.048923149120844, 7.035574706272, 7.022154859437385, 7.008306092519569, 6.99687929634826, 6.986917470983183, 6.973323789886236, 6.949915274700694, 6.940267286733062, 6.929174227752366, 6.906198467033869, 6.8967009772543415, 6.88208044587939, 6.861407842394121, 6.852113250353354, 6.834465283396411, 6.815986673209741, 6.803338734998022, 6.781752264432201, 6.763968612856981, 6.749385604893223, 6.728940979335445, 6.711582637107944, 6.697240857980267, 6.678065799218597, 6.659667707212211, 6.644772991042132, 6.627792288592952, 6.608866058908089, 6.592222981744547, 6.577375913792012, 6.56134225387143, 6.543890910211337, 6.527661023799626, 6.512304183687703, 6.4979610064790725, 6.483948300089282, 6.470365187317868, 6.45719796376888, 6.444732839762298, 6.433016953984466, 6.422228536869316, 6.41217184779725, 6.401816185718041, 6.3919107461176505, 6.38145964057554, 6.370690247933666, 6.360734421234597, 6.3526685653709825, 6.3463485511318884, 6.340673004836085, 6.336134847673953, 6.328428699633094, 6.320701828796668, 6.312165968445697, 6.304659621515356, 6.298793868601871, 6.294173496279219, 6.289907192081215, 6.285257100192675, 6.279788953994304, 6.272892394172145, 6.265191127219205, 6.257634749400094, 6.251022360232766, 6.245401290176494, 6.241713218747886, 6.239904734978959, 6.238474712880507, 6.239208405818304, 6.23903100152082, 6.231504869593607, 6.217502699891529, 6.212464181644776, 6.216475528211128, 6.215333516828682, 6.206545616772346, 6.199331930653182, 6.19705276115749, 6.1972322528805215, 6.193881428293296, 6.187549555021203, 6.183408701425154, 6.181834483435498, 6.181052484696528, 6.178666872324641, 6.174571576540351, 6.170408825068486, 6.167167482817832, 6.165517276160764, 6.164391250863226, 6.162852020558727, 6.160936583244631, 6.158178768196734, 6.154999937178189, 6.151909066189631, 6.148941700061414, 6.146403781403251, 6.143989607330282, 6.141744668943929, 6.139695689228663, 6.1376827898148285, 6.136384166997655, 6.136857959001054, 6.1419176149984, 6.158931879845825, 6.190855372387069, 6.206281477948042, 6.151063017075223, 6.1236980780044, 6.1643036174238715, 6.155625789212385, 6.1168028578149345, 6.138219681162861, 6.143244877117284, 6.113150277003772, 6.12565363088743, 6.131537335105306, 6.108625747793163, 6.116348046074065, 6.121173694859232, 6.10397745874975, 6.1089191035904795, 6.112735848532925, 6.0995892511242396, 6.101406865187198, 6.105369161588623, 6.09543732987559, 6.094357376724393, 6.098336513533184, 6.091666135646344, 6.087822381339776, 6.09100700279877, 6.088676344223955, 6.083199375132822, 6.081725605779886, 6.082493880519416, 6.079587981417867, 6.075858904239445, 6.07522954379103, 6.074856934111427, 6.072032366427664, 6.0689889461149615, 6.067638716270295, 6.066970675887981, 6.064908434892654, 6.0618018791063415, 6.059425972523715, 6.058169415731009, 6.056984763205467, 6.055036875098537, 6.052421830069474, 6.0498070924023635, 6.047519640038305, 6.045534637549915, 6.043712456324036, 6.042084165629964, 6.0404172828882885, 6.038909759896245, 6.037568431903569, 6.037096063365824, 6.037998746041733, 6.041963184415127, 6.051271112410742, 6.066563554800678, 6.0709645240862775, 6.062024056204333, 6.029795486955407, 6.015485120581977, 6.029058418391455, 6.042517992660629, 6.037893508418008, 6.013432500341623, 6.00271802627041, 6.011642852587506, 6.020479511434247, 6.014808673381366, 5.9978360314880526, 5.990282591356504, 5.995969506027768, 5.999716821012095, 5.993432874986328, 5.981426884111045, 5.977939757627249, 5.981749173365923, 5.98207011249739, 5.976196007741689, 5.96748949421333, 5.962888737318976, 5.9632103591114864, 5.964125461128891, 5.962774434171263, 5.956716373395852, 5.949892967204895, 5.944744258845838, 5.942761698199089, 5.9423947663124, 5.941721789368208, 5.9406106162178505, 5.936494322274487, 5.932349811285776, 5.926949552158605, 5.922801828729868, 5.9193965956274885, 5.917456051106643, 5.916208999780679, 5.916174664820129, 5.917442760170582, 5.920982936234585, 5.929594379048314, 5.937671750239383, 5.94855949772955, 5.935887425079009, 5.9163127286519535, 5.895238601031462, 5.891494650290974, 5.902265672715222, 5.909824131650862, 5.912403069949243, 5.894124205417282, 5.879439026631551, 5.874498502542604, 5.8797943744123735, 5.8893616102348885, 5.88879085462369, 5.882343260253129, 5.868180790346894, 5.8586949534043615, 5.856634104320196, 5.859825562367461, 5.863919676723255, 5.861832008262557, 5.85716947411101, 5.847034810394502, 5.839110677101174, 5.834595277875064, 5.833437391770574, 5.834680251217595, 5.8353160695679085, 5.836105651895618, 5.832546065282835, 5.828208033252679, 5.820866014362573, 5.81536661912734, 5.807752843466923, 5.8030367210486835, 5.799525976197359, 5.79702770174919, 5.795400386093254, 5.794376347048641]