Model Setup for Atypical Patient 14:
ITERS=1000
LEARNING_RATE=0.001
OPT_RESET=None
ATOL=1e-05
RTOL=1e-05
METHOD=dopri5
Input channels=2
Hidden channels=32
Output channels=2
Runtime=140.42622208595276
Optimizer=Adam (
Parameter Group 0
    amsgrad: False
    betas: (0.9, 0.999)
    capturable: False
    differentiable: False
    eps: 1e-08
    foreach: None
    fused: None
    lr: 0.001
    maximize: False
    weight_decay: 0
)Loss over time=[2.062949157883968, 1.9442324147472876, 1.839315318780731, 1.7393379113439793, 1.6440816913434027, 1.545138316301031, 1.4734799180678833, 1.3805616789966377, 1.3103470408656774, 1.2312070659256629, 1.1644448800472047, 1.1204494400709255, 1.0515035867996765, 0.980177294628533, 0.9496382263485377, 0.9001902945078999, 0.8717133975838925, 0.822332365699474, 0.7727463013126991, 0.7586597896109669, 0.7144497316257531, 0.692209262322891, 0.6645575250110256, 0.6380032757180033, 0.6234423591724599, 0.6038818862068333, 0.5772718989851372, 0.556950376809942, 0.5470759023249258, 0.5332232996550798, 0.5213335586216362, 0.5068303342304886, 0.48838361301334815, 0.4722296873764789, 0.47593189684052556, 0.46112557403421, 0.4487458510471641, 0.43715785902522825, 0.4245925663268357, 0.4099559246040444, 0.40711121454696547, 0.38546841076870636, 0.3949019519072747, 0.37706442132424983, 0.3675249908963934, 0.36557115037920285, 0.36423500994440244, 0.3534279627099016, 0.3460553325882534, 0.33345968977259, 0.3293382573508792, 0.3209559954216249, 0.3156697367722699, 0.30544800628380425, 0.3054648215890446, 0.2989434842203515, 0.2918306344534978, 0.2864634684034474, 0.28335146684720913, 0.28143721822533385, 0.27533595873956057, 0.2711745422902603, 0.26039537581964073, 0.26222357652086375, 0.2616029052513204, 0.2605911542053288, 0.2556106815327848, 0.24974028074563434, 0.2477597377268384, 0.24134186053621498, 0.24285523265665254, 0.23953177603758258, 0.23435540152282666, 0.23294727310437235, 0.22946323482040612, 0.22842578342686534, 0.22577362826671862, 0.2230964723026028, 0.22205596183263643, 0.21960413328030126, 0.21885707505096874, 0.21647786446177406, 0.21512385221761116, 0.21466886700854504, 0.21147352988601845, 0.21005764971930976, 0.20805713044737975, 0.20626859253162363, 0.20612736999342404, 0.2048783160271842, 0.20160561065895247, 0.20047264702706596, 0.1990945828491337, 0.19785267890431618, 0.1964752463438467, 0.19494622212639842, 0.19349821478358506, 0.1924539939982484, 0.19151117406033444, 0.19009386953498578, 0.18846934148032418, 0.1877603772460354, 0.1856427617252858, 0.18464876712292577, 0.1836018001516651, 0.1824746778746256, 0.18164146995793948, 0.17997623216329836, 0.17852347049197378, 0.1775815020834452, 0.1768336990442118, 0.17541243389064629, 0.17480697839860357, 0.17410260179034853, 0.17241177019432333, 0.1721007869233162, 0.1704341967723001, 0.1696607547286129, 0.16829174261597435, 0.16765582607100027, 0.16693086510163302, 0.16605911563577533, 0.16459693084676144, 0.16351610901894353, 0.16314200019106015, 0.1618864986014943, 0.1623198512118028, 0.15978064571334985, 0.15979158782000194, 0.1589040243758571, 0.1581531226770762, 0.15656591746890686, 0.1565546006273678, 0.1558696690620536, 0.15399111006960786, 0.1539318962272694, 0.15313742458427318, 0.15201364499586315, 0.15197158116840176, 0.15094090577003094, 0.14873182992575099, 0.148979535283113, 0.14893722977750076, 0.1485993322563256, 0.14744892508017587, 0.14674755092406236, 0.14524484473641727, 0.1445955567725898, 0.1429639289489986, 0.14425063835192126, 0.14413018278563305, 0.14270822672479955, 0.14139357220678112, 0.14084991110376624, 0.14025212292385866, 0.1375941702684882, 0.1391381927463686, 0.13742516134119154, 0.13645297815284022, 0.1367415945116605, 0.135614397151716, 0.1354384336636887, 0.13445655378454024, 0.1341039220449437, 0.1329700654550216, 0.13225305846561683, 0.13189868536930655, 0.13198667938947814, 0.13056904938109667, 0.12962207377851084, 0.12914060853780382, 0.12853630510725755, 0.12805385785706952, 0.12817743915532687, 0.12616046142815251, 0.12655369493930999, 0.1248473711048272, 0.1251090440678027, 0.12466843585302789, 0.12324737141369328, 0.12367485897272337, 0.1223277636069492, 0.1220694308764298, 0.12109404189926103, 0.12101947241814347, 0.12020452188706998, 0.1196734289197066, 0.11946353743133081, 0.11839992080945193, 0.11798551115902543, 0.11669640316045155, 0.11670944315174764, 0.11608969916524679, 0.11593803870047557, 0.11526157679332179, 0.11437667231293452, 0.11382261657026443, 0.11353817998976469, 0.11310563925995537, 0.11196944500396051, 0.11163712862696219, 0.11056211037182738, 0.10929049001015229, 0.10983289061558398, 0.10967362766662214, 0.10854643545126043, 0.10801994271419874, 0.10803577181107275, 0.10730681574178079, 0.10685217215447908, 0.10638810139083793, 0.10563346357037508, 0.1042994991208258, 0.10472147518896642, 0.10412333067824352, 0.10382509971790736, 0.10313759257672288, 0.10232440744251732, 0.10209068025455234, 0.10151981689755364, 0.10144704304777824, 0.1001882765896216, 0.09995283182102156, 0.09958536672915348, 0.09896638392727289, 0.09874177445131882, 0.09829156966960745, 0.09742662106354336, 0.0969846150605787, 0.09658325171775474, 0.0962986941057779, 0.09582994122413034, 0.09508118254663384, 0.0947994915437978, 0.0946614784456751, 0.09353227834238287, 0.0932625057377563, 0.09283995920921552, 0.09169153139004006, 0.09134460266823173, 0.09112076889880272, 0.09076474231415882, 0.09044449753808975, 0.09006050767049457, 0.08951463030757499, 0.08898064072682367, 0.0888701517207961, 0.08896437553309008, 0.0883913781346148, 0.0883183375795969, 0.08754584477921644, 0.08724689608746511, 0.08659256219885055, 0.08618370579786562, 0.08598244039612038, 0.08543735587433696, 0.08457481257728672, 0.08420116677117011, 0.08359334854633561, 0.08332161287735657, 0.08295291174111898, 0.08245439043469817, 0.08193040366280306, 0.08163581962827073, 0.08115284474335432, 0.08071238941458322, 0.08013962940467721, 0.07983116586828075, 0.07960616344874596, 0.07908952220524137, 0.0785346437599826, 0.07817305124612331, 0.07778951919277215, 0.07749871227393258, 0.07700721311867363, 0.07694789384831727, 0.07598572670043456, 0.0756277212760156, 0.07530778978572329, 0.07479562210769383, 0.07444322245841474, 0.07395338861343195, 0.07356748939433504, 0.07318270755752562, 0.07292549675782432, 0.07241178737355405, 0.07181677523722065, 0.07142878536853424, 0.07144335080923922, 0.07101955450968069, 0.07063230014897476, 0.0703292858165946, 0.06978565989736697, 0.06948610681743331, 0.0691517852841871, 0.06854762340807861, 0.06799789014494279, 0.06778893479077532, 0.06769331628616942, 0.06727561950639774, 0.06677537728532913, 0.06639929347653782, 0.06596535530952231, 0.06570305766432205, 0.06535760872714787, 0.06546409571454527, 0.0646272909766377, 0.06429203416038681, 0.06404279002563305, 0.06371021044542796, 0.06313811288302164, 0.06288230173116481, 0.062429638490723464, 0.06215724278609322, 0.06183379240022215, 0.06185010850805133, 0.06123836500706468, 0.06089733269555697, 0.060498056607552926, 0.06049863855218844, 0.06008626093481457, 0.05942615301195979, 0.059507395732051105, 0.059089510064452136, 0.05847245368998681, 0.05843810174839463, 0.05801241371830706, 0.05750097528657601, 0.057189839725642184, 0.05708817923079321, 0.056692210913114494, 0.056284639680801864, 0.05578490959915199, 0.05551563838675882, 0.055358606462250486, 0.054911434769526576, 0.05453256365536559, 0.054233248372529026, 0.0538931130894664, 0.05351270328715763, 0.05344662468030739, 0.05297461940269598, 0.05255719375884651, 0.0526535207579309, 0.05211726045828531, 0.051612763535109324, 0.05132427244617574, 0.05098245708213353, 0.05083099083446397, 0.05070063866844874, 0.05036012467230744, 0.050095541030165974, 0.04973875924554944, 0.049570225873012366, 0.04975221016463716, 0.049047146034719165, 0.048710629082283956, 0.048556685921430726, 0.04823429312235397, 0.04783255463854477, 0.04695257163229896, 0.04673592250973255, 0.04652679626567068, 0.04637724217024696, 0.045944659078865975, 0.04559062230426525, 0.045382992060006684, 0.04527701871563858, 0.04483631422389444, 0.04460904591235866, 0.044402715036877656, 0.0440459111135544, 0.04397664872300992, 0.043630640250541114, 0.04332155007791016, 0.04295130671224635, 0.042753880605102296, 0.042668881253217134, 0.042334835764406824, 0.04196918960962332, 0.04165994819904286, 0.041269526446530216, 0.04114450296290029, 0.04080875478689178, 0.040570007691545125, 0.04026628035938084, 0.03995669098043007, 0.0397477084345137, 0.03967675592972688, 0.03949897816141729, 0.0391763260382714, 0.03913225778678234, 0.03891079330441824, 0.03897280723991395, 0.038611839468706055, 0.038374903764858616, 0.03779490594397501, 0.03767851061665522, 0.037861068467305706, 0.03766967599994093, 0.037330184047780664, 0.036996552960115475, 0.036922349500108365, 0.0365334920097853, 0.0365931016352921, 0.03625911155615103, 0.03618386249698042, 0.035644586568748776, 0.035687632967179056, 0.03533850210561593, 0.03526324521609269, 0.03515597497070954, 0.03491558979543615, 0.03457397176837345, 0.034548576794399516, 0.0340125875520676, 0.034227099153440826, 0.03404518718793991, 0.03379013229502613, 0.033581843936901744, 0.0334138766778832, 0.033203146815920855, 0.03293433599085151, 0.03285365313087607, 0.03240932063952995, 0.03267787066524254, 0.0322926946618683, 0.03222351803575828, 0.0321486455289035, 0.032019933652419334, 0.031890862753360165, 0.03172354084916896, 0.03148226173838015, 0.031152333251608936, 0.03109558846130694, 0.030937419678073574, 0.030793986850248197, 0.030499785004209676, 0.030357853972969237, 0.030250196346856495, 0.03026483727641125, 0.029998583361732112, 0.029729534358297192, 0.029362530965735267, 0.029571721675479147, 0.02943572151640556, 0.02930659717826464, 0.029109476348441667, 0.028900445805177075, 0.028723670457788907, 0.028660384009501924, 0.028477697396324164, 0.02841879352924125, 0.02814250134148437, 0.02806077308016238, 0.02803421100069723, 0.027718294879555915, 0.027543686168522232, 0.02746542941363986, 0.027251014723249433, 0.027205982043549414, 0.02702977697299027, 0.026858923373767087, 0.026854866326576368, 0.02664955084229328, 0.026542688862305753, 0.026463607791177565, 0.026282669118406453, 0.026140092520989363, 0.026027564906212056, 0.025911623951834814, 0.025723196738373488, 0.025599660063518305, 0.025421837941884715, 0.025342950345055668, 0.025254543314643944, 0.025041147566401387, 0.024971715988265655, 0.024860399792933554, 0.024823238403227213, 0.024778200437745677, 0.024528315569189073, 0.024419795760838584, 0.024331791984573622, 0.02425877684377428, 0.024102048201978973, 0.024011479925546683, 0.023834020493769082, 0.023604538177467146, 0.02364532614911223, 0.0234563376727803, 0.023334152170228096, 0.02328812998507143, 0.023180237973297588, 0.02296904705695584, 0.022965629302182065, 0.022866821020482778, 0.02280718200536538, 0.022734503694717488, 0.02253752686907122, 0.02249428026562388, 0.02235434046389854, 0.022281223980605554, 0.022136730432028014, 0.022066199560384393, 0.02192044410160856, 0.0218019328401673, 0.021803338020243465, 0.02161519011563372, 0.02159058219460345, 0.02159005404555446, 0.021507494755332965, 0.02130391960528946, 0.021218096266564793, 0.021136397929386472, 0.021168741179424525, 0.020873665652977894, 0.02084232274382196, 0.02081187723491108, 0.020751359633766113, 0.02068606610798764, 0.02068265003616349, 0.020641115258134054, 0.02050328917943312, 0.02029151763073425, 0.020224589101651817, 0.020114537894971, 0.020063880232656404, 0.020038638762291464, 0.01982494990343773, 0.019831473602561735, 0.019772281738229133, 0.01972909425880665, 0.01956143007865227, 0.01948368214031782, 0.019406571605372045, 0.019429721316951355, 0.019229197633946357, 0.019207522594226034, 0.019070840572807463, 0.01901123593649534, 0.018932466878794227, 0.0188838693438846, 0.018920751713053643, 0.018694751047252163, 0.01869213911209401, 0.01858626449700671, 0.01854615096813428, 0.01842210391200479, 0.01845539389303899, 0.018287139045157243, 0.018209220343393524, 0.018159941152230616, 0.01804843101724725, 0.018093864871344692, 0.018029120334545443, 0.017909104792230054, 0.017878011112593392, 0.017791991858369667, 0.017718186458598958, 0.017689914405992917, 0.01751734635279717, 0.017516448351613388, 0.017538100393599813, 0.017435109599671397, 0.017399477927321678, 0.017261448385957636, 0.0172358593773474, 0.0171075814391767, 0.017050130911489103, 0.016969822398873624, 0.016999266054290085, 0.01682623801521271, 0.01680346764634373, 0.016662443050178673, 0.016614669370284156, 0.01653945511970289, 0.01647081230407532, 0.016389340177900058, 0.016442807576160023, 0.016266517859480575, 0.01628689421965451, 0.016213129542312587, 0.01623485106254496, 0.016120478662767012, 0.016097131309429878, 0.0159698291642914, 0.015874908942932184, 0.015970864078733746, 0.015783717710727077, 0.015729715787562482, 0.015718547015817916, 0.015672122733971217, 0.015637122928974137, 0.015522752605055739, 0.015484113765038438, 0.015404648586557095, 0.01553653627494057, 0.015335170251758644, 0.015351591719932252, 0.015236665863288796, 0.015212876736514185, 0.015131157326900778, 0.015087951904189056, 0.015240399116717792, 0.015183640023371027, 0.015057559347298211, 0.015010865016968085, 0.014915880307239459, 0.014853487114004643, 0.01473959464660431, 0.01471153025897769, 0.01470086958263672, 0.014602547634857526, 0.014579292105536146, 0.014528685661859397, 0.014519293017746434, 0.014391183930779069, 0.014421700948112315, 0.014307295322700952, 0.014257960570578331, 0.01418522472076064, 0.01429354644015935, 0.014120538935389015, 0.014161055018997098, 0.014107064649639582, 0.014019000150776074, 0.014054673367956546, 0.013983188022505767, 0.013829840400279337, 0.013794475562790983, 0.013798157763878912, 0.013820004069593918, 0.013662922879033217, 0.013602778209707019, 0.013563884808813943, 0.013558204265977052, 0.013524544585902987, 0.013516929262228795, 0.013416138162229236, 0.0134546547002085, 0.013394803712587916, 0.013338415171615577, 0.013247617179581174, 0.013199593285070671, 0.013168772577041526, 0.013164976933210946, 0.013125095066263725, 0.01305811529798771, 0.013002526762072393, 0.012964539110577494, 0.012950401398153953, 0.012889719003442044, 0.012848471891574923, 0.012823352682629739, 0.012813548720463353, 0.012750619262957629, 0.012686399622101253, 0.012658363270731473, 0.01265319397094594, 0.012604797850071342, 0.012577575006256385, 0.012528614607590683, 0.012515761891926143, 0.01246569067603252, 0.01240841259257512, 0.012400258156866066, 0.012361031802629712, 0.012266669167113737, 0.012202981670144174, 0.012170872803515935, 0.012110778214760533, 0.012134707219000762, 0.012111124491121698, 0.012054094502848011, 0.012034770306193966, 0.012007268875009573, 0.011990071709867428, 0.011944311517492643, 0.011883748090077572, 0.01188082286946049, 0.01202852728245807, 0.011735521318850266, 0.0117312859515878, 0.011711686937482313, 0.011651614333953992, 0.011612928990373046, 0.011558601602424758, 0.011504931804123913, 0.011529290068145069, 0.011429917295535158, 0.011404894099184881, 0.011407013514638121, 0.011333561607451725, 0.011331024399953532, 0.011249038221164444, 0.011341684541608433, 0.011198373162408005, 0.011184547495336223, 0.01116357112263276, 0.01114046525116582, 0.01110062174796042, 0.011061037545200639, 0.01105835775581526, 0.010959994485597023, 0.010933247025905032, 0.010884359372699515, 0.010847353792354622, 0.010863159557937001, 0.010879365321068712, 0.010749573017183269, 0.010806808553260612, 0.010709687071467244, 0.010680110386005626, 0.010679093214653509, 0.010645097627875848, 0.010680819217959865, 0.010557753026544483, 0.010616393034306202, 0.010492556934405916, 0.010521660180119975, 0.01046373265291762, 0.010422143415384071, 0.010396780039361961, 0.010357279556532218, 0.010302905919025846, 0.010369556233144875, 0.010243799992114966, 0.010267856328430846, 0.010210539371660748, 0.010169361450988325, 0.010126595094148278, 0.010207633755898728, 0.01023067942526353, 0.010040090254399692, 0.010009833589554509, 0.009989831506287019, 0.010014530707309267, 0.009926960130452816, 0.009939914189507197, 0.009890549795337624, 0.009852247280633346, 0.009880261097044603, 0.009848062082709753, 0.009774561224098621, 0.009738995854583305, 0.009732493929775309, 0.009692198274608516, 0.009642152467135474, 0.009621554866218573, 0.009650013746677103, 0.009663258659567395, 0.009544020170787114, 0.00950798560601839, 0.009475951066677774, 0.009460457597383475, 0.009485116304481284, 0.00938949679245796, 0.009381863448319287, 0.009342837764916468, 0.009313781986673918, 0.009312579204874745, 0.009366806837046614, 0.009250990340349497, 0.009302052404477996, 0.009219819479180021, 0.009171133846365111, 0.009154731411994263, 0.009120504544223845, 0.009134190105845043, 0.009098452261085499, 0.009066912867345936, 0.009063663750688091, 0.009025143197712344, 0.008968387166018645, 0.008928321689859022, 0.008992470870351342, 0.008929582307203617, 0.008899967210622532, 0.008845677054601766, 0.008799836007682627, 0.008797084568484102, 0.008772129552320764, 0.00874142695432751, 0.00871592721084759, 0.008690792691516852, 0.008691491754083456, 0.008708232922880404, 0.008651786364325845, 0.008604298295997145, 0.008582499093641664, 0.008554137224142536, 0.008571241944387057, 0.008628354887619689, 0.008508855531904114, 0.00847958133631987, 0.008457391855656183, 0.0084752491147375, 0.008417743424631712, 0.008442977456203057, 0.008352487199418895, 0.008334113248386463, 0.008347964618981461, 0.008291712523136742, 0.008278680454564702, 0.008246320891757909, 0.008232284311528632, 0.008265430405021324, 0.008172509898831252, 0.008176218400195567, 0.008140031820125074, 0.008146023224027384, 0.008143337787189599, 0.008136721837032065, 0.008060264051182896, 0.008058057582950789, 0.008032015444861294, 0.00800888172932098, 0.007978911028926389, 0.007989036360661906, 0.007930661992964856, 0.007948962905575065, 0.00791475346879483, 0.007852114512625002, 0.007874995466360777, 0.007945007673625269, 0.007837243002876122, 0.007817998111308963, 0.007771820120932615, 0.0077410379992641255, 0.007795290294187065, 0.007737638015168663, 0.007709034519859276, 0.007739751906816256, 0.0077475478418523695, 0.007637443013691612, 0.007665348996845702, 0.007590228313123429, 0.007627593284686274, 0.007560614175665298, 0.007527581563629752, 0.007568408496430523, 0.007501435130905868, 0.007482698809569538, 0.007458119730259955, 0.007490056310688365, 0.007428204299431032, 0.00745520237437981, 0.007450060059817771, 0.007403814061018938, 0.007392778172220339, 0.007352195846437861, 0.007309875648703303, 0.007313244347661596, 0.007322924758623058, 0.0073029245378490116, 0.007281493277731191, 0.00724604973181979, 0.007223588539696697, 0.0072535744166987515, 0.0072120035653091994, 0.0072140982426100115, 0.007177020850000062, 0.007154504507541626, 0.007153912722263254, 0.007151825224250105, 0.0071081460703049, 0.007083706921031344, 0.0070229774637134154, 0.00704640146156082, 0.007077428025578849, 0.006999834935343974, 0.0069899050761349, 0.006946935226837519, 0.007001064923825656, 0.006957852801143608, 0.006941131040428164, 0.00690685471605064, 0.006863376760764742, 0.006906689105693362, 0.006887344072553675, 0.006834683539886249, 0.006869900362177963, 0.006845817059641584, 0.006813701510672126, 0.006845328051529989, 0.006856082876437616, 0.006881928608711183, 0.006760055343725993, 0.006761021248822038, 0.006733121841948155, 0.006719219161218732, 0.006726724320998961, 0.006775953226569714, 0.006637315551143136, 0.006856088838656663, 0.006643413565080733, 0.006607232467003888, 0.006581755143999055, 0.006618931329056862, 0.006616274137130368, 0.006551422079419417, 0.006746021638930595, 0.006599652166365043, 0.006504676986819815, 0.006527107036463215, 0.006500921694323245, 0.006463151914242743, 0.006423882192447847, 0.006493978775594351, 0.00640819968125969, 0.006467952242445994, 0.006540517140451565, 0.006369838734859903, 0.006448470847828516, 0.006368861465168571, 0.006332250722497926, 0.006331332090665529, 0.006277470768517924, 0.006282892483823476, 0.006351814302890336, 0.006259258735320272, 0.006345497028294428, 0.006260062384924483, 0.006249502239275313, 0.006402072428593022, 0.006258111834868093, 0.00621153866997381, 0.006238024250088451, 0.006165681358080635, 0.006172940782035164, 0.00615314364349536, 0.006196382012201054, 0.006132336356116882, 0.006143811116973285, 0.00609194476695957, 0.006104785345256532, 0.006281827932315559, 0.0061468955459207724, 0.006069709965291892, 0.006026337362089413, 0.006032138827248601, 0.006068343255905855, 0.0060730862371545504, 0.0060189451048154145, 0.005995163003377688, 0.006003092917650777, 0.005982679847856492, 0.0059228287312687875, 0.006089936866053519, 0.005907912643257306, 0.005899855651371533, 0.005922211041059186, 0.006046022128398807, 0.0058654332801676015, 0.005849179454066289, 0.005832503470012923, 0.005841123168339465, 0.005837661671836978, 0.005858094526737214, 0.005823520619757914, 0.005869540256113122, 0.005768342643958994, 0.005807331277576303, 0.0057806686401342235, 0.005809473927522205, 0.00578733099432112, 0.005765028285049078, 0.005761381218830495, 0.005702543413419927, 0.0057599044131246635, 0.005703909927073697, 0.005715723902940825, 0.005684847869676784, 0.0056873044828500505, 0.0056690878726256754, 0.005647113720411779, 0.005647361383158459, 0.00561522924979164, 0.0056102056365408244, 0.005594305995818072, 0.00563424134091749, 0.005618101153951307, 0.005577078421697938, 0.005597142623935697, 0.005587653720225397, 0.00558045008856427, 0.005548466285863507, 0.00554065957695517, 0.005513856028165605, 0.00552236459570265, 0.0055237448189132685, 0.005481464917605639, 0.005471228151915545, 0.005460205304104838, 0.005534340431819273, 0.005441224782289876, 0.005490975302011547, 0.0054183516165794135, 0.005430567979067249]