Model Setup for Atypical Patient 1:
ITERS=2000
LEARNING_RATE=0.001
OPT_RESET=None
ATOL=1e-05
RTOL=1e-05
METHOD=dopri5
Input channels=2
Hidden channels=32
Output channels=2
Runtime=300.39326906204224
Optimizer=Adam (
Parameter Group 0
    amsgrad: False
    betas: (0.9, 0.999)
    capturable: False
    differentiable: False
    eps: 1e-08
    foreach: None
    fused: None
    lr: 0.001
    maximize: False
    weight_decay: 0
)Loss over time=[1.58635547986528, 1.5199251782003698, 1.4530199970094329, 1.4002263126544392, 1.3567077694156195, 1.274616588374472, 1.2369085121769314, 1.184374284150977, 1.1332284792159721, 1.10479856974846, 1.0565741270556204, 1.029093610934483, 1.0106344562527425, 0.9844379956699224, 0.959700896027964, 0.922946345450201, 0.9136950743591022, 0.8890442900853468, 0.8723324877575757, 0.8664471693701238, 0.8477904011611048, 0.8398193258046326, 0.8231820700850812, 0.809398466970061, 0.791193815757762, 0.7864738243818081, 0.7786749422771305, 0.7801082932225615, 0.7676189574466125, 0.7526016597944288, 0.7396606273519168, 0.7367119442742068, 0.7316928584924663, 0.7180489714277232, 0.7113940756900041, 0.711363257581442, 0.7091448638369499, 0.704905849123192, 0.695855389603609, 0.6931727602558858, 0.6877714710903504, 0.682830024170238, 0.6787220773373567, 0.6662693730558831, 0.6657244962289307, 0.6538268110237389, 0.6541658647837262, 0.6496571084242881, 0.6434906753312912, 0.6400137621448334, 0.6299685269256131, 0.6241482549401811, 0.6216173662555664, 0.614930540631385, 0.6114362916279901, 0.605579111640269, 0.6020753444519108, 0.5971548479458615, 0.5939535217469327, 0.5904888661900033, 0.5887796980769452, 0.5844645961579207, 0.5800558659039694, 0.5746533542073405, 0.5693168172748305, 0.5659990046565038, 0.5628610797635853, 0.5585646433340381, 0.5539758583453817, 0.5504185916697056, 0.5470308596570977, 0.5403894252836028, 0.5364177119380739, 0.530664058478184, 0.5273997988219881, 0.5246263976252407, 0.519346862036156, 0.5152292440608559, 0.5114225197490746, 0.5109397386890243, 0.5039808304306527, 0.5004802392999319, 0.49900432033412234, 0.49219592995959477, 0.48986356333729814, 0.4844333646019559, 0.4792630619134998, 0.4693767041834401, 0.4719420934688365, 0.46860124101841705, 0.46255803402662254, 0.45951031401137943, 0.45583601313604194, 0.45135392562354776, 0.4480861601856361, 0.44375359170924966, 0.4406110902417893, 0.43941762168997534, 0.44167811689507536, 0.4326004573353026, 0.4323234740150134, 0.4269971895900172, 0.42341495766662296, 0.4194917990115408, 0.41812550837633466, 0.4139109848240382, 0.4105583547830251, 0.4089228286476953, 0.40556675767629924, 0.3970324420742117, 0.3984814840644304, 0.3958775397457846, 0.39271369877755835, 0.38926086906435303, 0.3870073337935336, 0.38310859598592106, 0.3818483682272935, 0.37591658538393885, 0.37400394162136963, 0.36947990490290966, 0.3678548717460506, 0.3674075109277901, 0.3600352845544019, 0.36177704614967393, 0.35597870819017585, 0.35394582344140485, 0.35048334320856994, 0.3499376246048103, 0.3474499684542993, 0.34421166111407614, 0.33760916243076083, 0.3376385775878514, 0.3324010169187901, 0.335405950023264, 0.32909393605114406, 0.3292845099182191, 0.3251456950167965, 0.32207098428048747, 0.31855036557963906, 0.3153885438010245, 0.3146959217960847, 0.3144189685249971, 0.308733975039206, 0.30695014366124734, 0.3082279889769967, 0.30491518811609325, 0.3023781751297999, 0.3001494557331556, 0.2998196094207906, 0.2926521291316037, 0.29108359325530975, 0.2871651689928704, 0.28919882727235596, 0.2887822141144015, 0.2844284791985894, 0.28252605136538467, 0.2809174382388107, 0.2772449313498489, 0.270979359892631, 0.2737592791125837, 0.26984446426980035, 0.26672333739216103, 0.2624088822827225, 0.2652422764763877, 0.2632640373105099, 0.26079686359840915, 0.25897376227049795, 0.2592257865714356, 0.2559485122238683, 0.25535712714571956, 0.25167414186077636, 0.251575512182004, 0.24628097431323903, 0.2463153594697686, 0.24547395391913007, 0.24296996792852935, 0.24073558049331262, 0.2393312571023074, 0.2362095072419237, 0.23442059172839483, 0.23377171984691064, 0.2321072321782279, 0.2343514685248835, 0.23274307947687933, 0.22818017431638457, 0.2252771702334334, 0.22489903916130374, 0.2232520781741929, 0.22255752070649948, 0.2212793447166761, 0.22167543508997734, 0.21909630192448012, 0.21793575957620473, 0.21756256036859975, 0.21513912292415707, 0.21386350242539656, 0.21228304332785355, 0.2109880227652017, 0.20938509506982117, 0.20837134096101237, 0.20718003851286595, 0.20616502017607727, 0.20477899502657768, 0.20225068207897567, 0.20293697138940878, 0.19960821980099136, 0.19708394753772635, 0.19657518127982437, 0.1960501620967461, 0.19615165747908847, 0.19564206258865902, 0.19274421800037764, 0.1924055583376055, 0.19018301007321428, 0.19048078554317824, 0.18970231135645108, 0.18741364802923427, 0.1870593564574304, 0.18536389856861035, 0.1845682540142599, 0.18454751000923303, 0.18348369604541492, 0.18190334137350758, 0.18185400750402314, 0.18097409808353687, 0.17999359967443176, 0.17877846049601068, 0.1808812111369729, 0.1773574121376978, 0.17652763945257896, 0.17584714187808018, 0.17499490263729867, 0.1744923981333875, 0.17300289161937246, 0.17213671161245178, 0.1717368825925953, 0.17038340448485542, 0.1710796339808922, 0.16960098468657175, 0.168067420195218, 0.1673128345717874, 0.16648024035188194, 0.16632627826193105, 0.16533600773180546, 0.16423936578673512, 0.16465319707636322, 0.16272269963631333, 0.16296630248962835, 0.162433554351871, 0.1605643187951471, 0.15977193504142123, 0.16068576800757964, 0.15843674995265855, 0.15943598901528871, 0.15771809761676575, 0.15707891713390587, 0.15774136199093888, 0.15740123478873194, 0.15744227822810825, 0.15494899839169954, 0.15472263108234444, 0.1538483462715935, 0.15357051124546997, 0.15355110361070567, 0.15287825557405513, 0.1518262752410983, 0.15144595206807607, 0.15086136649027498, 0.14975551287960934, 0.15088489738369898, 0.14897908727484604, 0.14806079163446487, 0.14739180124065035, 0.14695329714672256, 0.14748316105082765, 0.14669178152832596, 0.14651551684266198, 0.1453928225707662, 0.14455814263568753, 0.14467595425482915, 0.14440167078322144, 0.14378107686094785, 0.14404045027841952, 0.14526959943596238, 0.14267696424694243, 0.14152823011542123, 0.14093883793761297, 0.1404459810856672, 0.14128717708342164, 0.13984645228194828, 0.13949339259099028, 0.13953648009963662, 0.13894423688990418, 0.13870782046055005, 0.13847411686214436, 0.13801860780146866, 0.13797981887242514, 0.1374600567058456, 0.1369411747255164, 0.13582441115227742, 0.13533666682189247, 0.13622548814223084, 0.13549192548016908, 0.13548256575213868, 0.13445764322347006, 0.13524245623503017, 0.13506916357155863, 0.13378877055273353, 0.13359769747104375, 0.13286139343389392, 0.13312250297590586, 0.13329770754655856, 0.1328014009685553, 0.1325751103109284, 0.13319011154272375, 0.1322613024846363, 0.13166923846541928, 0.1314791530440054, 0.13120174343338276, 0.13095372802869396, 0.1297138118413687, 0.13079938763832308, 0.12925873539591942, 0.12951225687439252, 0.129402114108415, 0.1291790590797572, 0.12905684137755705, 0.12905020746843132, 0.1286606840172524, 0.12833294436726028, 0.12800665801445918, 0.12785634427430895, 0.12788478212769866, 0.12795525477061656, 0.12729578958166105, 0.1267009409013882, 0.12650146371597829, 0.1265094343610225, 0.12660418688429886, 0.12617269950691853, 0.12647408826535056, 0.12648405540077184, 0.12498777458592009, 0.1253547357034344, 0.12566074341007785, 0.12451973082929771, 0.12469876650046191, 0.12429197098180246, 0.1236617216035038, 0.1232871300341626, 0.12407730884878863, 0.12316911088992555, 0.12526150988366153, 0.12282841283173171, 0.12347027004311695, 0.123363920865394, 0.1245552493931322, 0.12239265910362042, 0.12214334011298268, 0.12107083758647569, 0.12186214244907619, 0.12154778153384044, 0.12147845280795645, 0.12135261811108386, 0.12148379161234076, 0.12104301838577158, 0.12002582775756117, 0.11973617379875931, 0.11988569462946118, 0.1189404357504611, 0.11943554344625062, 0.11832906676359722, 0.12039602823756068, 0.11824989200820775, 0.11855872335653507, 0.1173387578091671, 0.11758765873984972, 0.11736946642285745, 0.11682658764194821, 0.11692889519531259, 0.1160075191136609, 0.1153637470081735, 0.11558625150579188, 0.11530530471412916, 0.11417921592299858, 0.11404211192385078, 0.11359314119900937, 0.11371984603437536, 0.11253647297830506, 0.11219321632917309, 0.11156077543749325, 0.1114351783725113, 0.11092416278320293, 0.11027772433728165, 0.11047636389803052, 0.10878071191016542, 0.10850047045853715, 0.10759702484186238, 0.10763995573459618, 0.10688712105537036, 0.10697144658700601, 0.10661205213716975, 0.1065945106344789, 0.10607965671319754, 0.1056859792448127, 0.10525915430871402, 0.10478663768928015, 0.10444729190579002, 0.10416818925229193, 0.10388997962233866, 0.10401043693651423, 0.10358238526555578, 0.10265566719596314, 0.10251511759959842, 0.10221054949869574, 0.10225600252096644, 0.1017787868751244, 0.10132295528333635, 0.10094227191122292, 0.10089592313368147, 0.10037558808827685, 0.10029151486811116, 0.10045452596347464, 0.09918180401400735, 0.09930006832443414, 0.09913806393955539, 0.09843973869514215, 0.09844276983968286, 0.09833607167563808, 0.09805292324018579, 0.09774409721346528, 0.09726292748510187, 0.09716418569502641, 0.09723581164959881, 0.09661548709818092, 0.09657381480782176, 0.09619367049441978, 0.09576583742578881, 0.09569974756350791, 0.09519281383637389, 0.09503291670906656, 0.09480522142309455, 0.0946837648623314, 0.0947882815651307, 0.09452557768945401, 0.09428254509022685, 0.09414159084050903, 0.09396462218021416, 0.0937220393558801, 0.0935351728827865, 0.09317197085122597, 0.09299541912179411, 0.09269927990062322, 0.09263102792842215, 0.09278455042514172, 0.09216007917324553, 0.09183424131902734, 0.0916487251414232, 0.09161591871236059, 0.09149879488157436, 0.09154256683160635, 0.09121444674098966, 0.09100836676688039, 0.09069073002417337, 0.09057618332655593, 0.090575239289796, 0.09023631439118657, 0.09002969394052761, 0.08989924120967907, 0.08959894389645268, 0.08943605015351348, 0.08930167856023162, 0.08922492162288999, 0.08889180287999165, 0.08870224844524754, 0.08872104746903381, 0.08869072329305577, 0.08825603810269969, 0.0882582153871645, 0.08799731904962868, 0.08765694144307014, 0.0873220984893932, 0.08718319257599373, 0.0871498440262345, 0.08687996784517406, 0.08686752241790771, 0.08640686971149426, 0.08665595467872023, 0.0865851430867377, 0.08598314207793542, 0.08611694540735491, 0.08589639968177591, 0.08570523829575621, 0.0855110274096994, 0.08506714822831472, 0.08499053379252108, 0.08483610128195793, 0.08457997202232671, 0.08478906944946082, 0.08429847877075834, 0.08387296201727573, 0.08375767411447041, 0.08362817013079976, 0.08343688165776407, 0.0832306524644205, 0.08312952430705434, 0.08294360324208877, 0.08239052741502446, 0.08226902293106433, 0.08191200314543402, 0.08177361644535448, 0.08138796413980194, 0.08120016289595118, 0.08086515108246667, 0.08049111552328783, 0.08050190033527369, 0.08020299437039807, 0.08008756006436742, 0.07968172064554462, 0.07942675900538324, 0.07903388423357859, 0.07871555742347408, 0.07843609163249354, 0.07811075614557748, 0.07785388205783965, 0.07727186377322554, 0.07736688962101057, 0.07699627756149106, 0.07681540192725102, 0.07640859789299076, 0.0762211064974504, 0.0758955819363508, 0.07561517075657542, 0.07530970515249608, 0.07417988461364182, 0.07478604903660027, 0.07447254936226028, 0.07430702955985774, 0.07411046192344989, 0.0738597495709074, 0.073733226205766, 0.07356152807150229, 0.07343847931154428, 0.07276565423774234, 0.07240700487525856, 0.0722310442665245, 0.07197466678409782, 0.07154795190884064, 0.071479383338842, 0.07085061939004965, 0.07114279196595973, 0.0708928180611022, 0.07063015891883634, 0.07022086236381542, 0.06997610715274503, 0.06987431476598646, 0.06951923053702064, 0.06912512807229726, 0.06891763014568181, 0.06888667444657272, 0.06837963743810997, 0.06790274809106159, 0.06783237496110624, 0.06761874620061176, 0.06729625924201803, 0.06717081122767801, 0.06685075209405987, 0.06651446077719013, 0.06632296173627258, 0.06611594133157445, 0.06569650302243867, 0.06534054889781829, 0.06501645972534006, 0.0648749823184914, 0.06449597651277662, 0.06420735219141904, 0.06391425149632289, 0.06350921769352719, 0.06326311171671878, 0.06304355600980648, 0.0627312553425685, 0.06256661341205728, 0.06219099054535899, 0.0617875905667175, 0.06162359778099406, 0.06109023606263993, 0.060836020862442816, 0.060536226188788, 0.060286473888253124, 0.059743567635580246, 0.05950909059939617, 0.05899926166593674, 0.05857051687890011, 0.058371426237745334, 0.05802631222303844, 0.057793702706009836, 0.057348232338167264, 0.057068148192283924, 0.056688378179531984, 0.05621008494050205, 0.05591482226569002, 0.055499801088164616, 0.055028845630596686, 0.05479923883326065, 0.05411251515035182, 0.053954566787552886, 0.053383973401587424, 0.053136120501057975, 0.05308649734087982, 0.05240591148751348, 0.05207637221002981, 0.0516116977304085, 0.05124396202491985, 0.05074409443836585, 0.05051130346161517, 0.05018734888760386, 0.0497460368135779, 0.04944085772625935, 0.049085981918882624, 0.04864457255886443, 0.04809306319375508, 0.04758983538867072, 0.04719820172285693, 0.04666758621821221, 0.04630379427252067, 0.04581133940753814, 0.04541454561480019, 0.04526051421378066, 0.044756843323809054, 0.04427011789030175, 0.04388896463593059, 0.04369017051565714, 0.043269113637152364, 0.042954745157546756, 0.042749056966066755, 0.04225698137334971, 0.04173856991673715, 0.04140041464833763, 0.041328773644267874, 0.0407383190131084, 0.0402118601680673, 0.04003634974149451, 0.03989361102832294, 0.03983250080084896, 0.03906318589984437, 0.039237794449288925, 0.03861221058574465, 0.038314227674621615, 0.038183617395726926, 0.03773971192850852, 0.03753665062879781, 0.03711399096094214, 0.036884319770967906, 0.03669126273756367, 0.036536628509859656, 0.03619224134467209, 0.03601840625501068, 0.03534919698165113, 0.03529225068543806, 0.035008156319424305, 0.03497976824397391, 0.034758864665353786, 0.03439728537785646, 0.03424473701245503, 0.03400914118401393, 0.03407156485578506, 0.03339577168457844, 0.033287311187675916, 0.032926033513616206, 0.03315172901160697, 0.03260224360828281, 0.03319803637081469, 0.032267830810988406, 0.03210827229849517, 0.03224299911191026, 0.03172308964136563, 0.03153890044090663, 0.031160747406433095, 0.031513736593831804, 0.030983163501343395, 0.031076956576345682, 0.030994915274306437, 0.03055645395415648, 0.03027095733243228, 0.030326591168609765, 0.03003435403412137, 0.030183154885131267, 0.02942803170553778, 0.029357628493464835, 0.02935052765507775, 0.029196078986967945, 0.02881447842871449, 0.02885240071409123, 0.028678295354936864, 0.028759076625482338, 0.02812412078156059, 0.028566049708701503, 0.02764814737509802, 0.027772007887369065, 0.027397271102059393, 0.027475857144103277, 0.027392262748608533, 0.027175602659232963, 0.027024030082141073, 0.026810700650355335, 0.02689166354311021, 0.026605733054258195, 0.026672931938430997, 0.0264571373791753, 0.026152121090788193, 0.026829151292776965, 0.026786673905259576, 0.026063831916928615, 0.026618270354276007, 0.02644185069897972, 0.02625701551651417, 0.025665466772546195, 0.025892141128158255, 0.025622141159923298, 0.02528944222568509, 0.02536591296075846, 0.024996738668984244, 0.02506139897172903, 0.024975403888575384, 0.02447306244759375, 0.02452888353836482, 0.02446833041894737, 0.02436355840919907, 0.023943345115772185, 0.023949131596975093, 0.023637018300442337, 0.023431716469892817, 0.0232648320336267, 0.0229498534081614, 0.02295221408615897, 0.02276319937949467, 0.023182200869263977, 0.022512789728803214, 0.022523539040414244, 0.02265671125384988, 0.022490089195467366, 0.02200603877121718, 0.022347893143313594, 0.022106866662201546, 0.02235776781181317, 0.022103001683495455, 0.021987075098710524, 0.021684474463465386, 0.021987461319725194, 0.02131134212283293, 0.021158519582631978, 0.02264763916099054, 0.02133457455462484, 0.02123651624000568, 0.021274059827097, 0.020493490614801897, 0.0206916196477024, 0.020636509070126766, 0.02060224881871425, 0.0204173259228485, 0.019858195425042982, 0.020002451806675446, 0.020062121559238942, 0.020219200573974902, 0.02003959200827537, 0.01968926013316248, 0.019925647451195433, 0.019664083133353005, 0.01955425749531591, 0.019561764712661564, 0.019214390107536058, 0.019132959008825997, 0.01877747179281175, 0.018813291659265617, 0.01931168324943304, 0.019010643873992653, 0.018802702796271165, 0.018473406193862483, 0.018771488231897226, 0.018977589591082186, 0.018039638525014643, 0.018573579388564146, 0.018220879711060498, 0.01817332257381649, 0.018397618852675043, 0.0180919543476478, 0.017735661156267454, 0.018001675233929117, 0.01774033261717162, 0.01741676322600606, 0.017166471167559757, 0.01728938244502301, 0.017213417162509834, 0.01702460673342261, 0.017691101844465405, 0.017193249874938657, 0.016758787133389092, 0.01731513467213223, 0.016749155303621036, 0.0170413230378888, 0.01656752425699645, 0.01641109283789087, 0.0166713380137111, 0.01623327680242157, 0.0165110008201584, 0.016393591063595104, 0.01625363445148601, 0.016294292817144066, 0.015902043252467964, 0.015553405023345611, 0.015671606983948264, 0.015810264969410893, 0.015492919141009531, 0.015304621651409334, 0.01507181837840673, 0.015158378057524485, 0.015308478873295773, 0.01531673451432608, 0.015210125806740898, 0.015583631296931306, 0.01500296456709052, 0.014841606721911576, 0.015822491706394437, 0.015005867574786093, 0.015127590286462584, 0.015124037069013652, 0.01489214823532989, 0.014917813299423672, 0.01426299552742124, 0.014796022749658144, 0.014694744709843199, 0.014345978783616204, 0.014342156495046726, 0.013972988637043625, 0.013827661505152562, 0.01437931961841089, 0.013807543754002677, 0.014159824659735603, 0.013419499897347779, 0.01375332507687285, 0.013708224834880827, 0.013324128802173396, 0.013517225649819218, 0.013331664251595337, 0.01340995754694806, 0.013218522168531793, 0.013580015906240438, 0.013433269548863343, 0.01290660873827334, 0.012983836857915244, 0.013331673382785902, 0.013252182264016777, 0.013242205461784227, 0.012690216827571975, 0.012636676119758548, 0.012910941531437313, 0.012383362610724334, 0.012614218489449418, 0.01262985774213543, 0.01266908722358451, 0.012531458135202357, 0.01221805186806653, 0.011875544966397068, 0.012237519612187431, 0.011926705810721956, 0.012093475430305629, 0.011489967939016237, 0.011692362250724876, 0.011704112698348895, 0.011781523473817557, 0.01198068002779753, 0.011311349616667854, 0.011461993776526225, 0.011466093713332804, 0.011601473376475978, 0.011675841395335361, 0.011350048920093482, 0.01130560580081887, 0.011276739940379575, 0.011172380926518502, 0.011001856376416288, 0.010525654283448338, 0.010861465453692782, 0.011275644071935013, 0.010675054911661314, 0.011015906395073436, 0.010637528840643505, 0.010658924895510548, 0.010676284454367682, 0.01025797153163061, 0.010387333807528078, 0.010566171985170169, 0.010445944974753313, 0.009980327997098972, 0.010427001281419108, 0.010294029072755324, 0.010238058461447075, 0.010191551696994044, 0.010031185039574562, 0.009971571457779113, 0.009909605698928377, 0.009858969177837663, 0.009821966065298924, 0.009782285011196191, 0.009546045123164289, 0.009515920783363595, 0.00962461502032249, 0.00915085514469137, 0.009427014262085613, 0.00933715478610858, 0.009532902540737553, 0.009551627890381, 0.009149339169338232, 0.009103579165853783, 0.0090960827624696, 0.009447050684346855, 0.009076374955751003, 0.009340483411568372, 0.009180056483896094, 0.009440819126158302, 0.008618362486859916, 0.008784853985340456, 0.009004503058636468, 0.008804641283557537, 0.008243129451423754, 0.008608180018015561, 0.008192367142497142, 0.00887562294842224, 0.008828766311337445, 0.008526131354943638, 0.008570130292687177, 0.008666857671382134, 0.008354087272631119, 0.008160247573900598, 0.008418530977385935, 0.008067403076660283, 0.008215417243109957, 0.008291461518447292, 0.008084657022439632, 0.0077583566190474185, 0.00784087331946823, 0.007769495917651561, 0.007834176322394085, 0.007780855592178024, 0.0076925758229708955, 0.0076525530136722164, 0.0075677859528046395, 0.007675974389068071, 0.007810030958362858, 0.007703770636570592, 0.007778357631077235, 0.007869989072648612, 0.007487309230198799, 0.007498000058938734, 0.007265294848581145, 0.0074006669429142555, 0.007140012764153039, 0.007289487034648534, 0.007148889466355104, 0.007139779184207421, 0.006840378801477936, 0.007066849518090723, 0.00732892034113602, 0.007093420138081422, 0.006985274749306152, 0.0065850532945712905, 0.007022329487305811, 0.007227251154907425, 0.006859041480134617, 0.006800648480022312, 0.006706519864645281, 0.006575389827304543, 0.0064640239644085055, 0.006625776135939401, 0.006472297752825832, 0.006427896793135398, 0.006466662840339662, 0.005973914878169306, 0.006698957332775588, 0.006440756909547484, 0.0064270476982820285, 0.006231324283251049, 0.006423340577169115, 0.0058898661752370815, 0.006229312515305413, 0.005857318838660535, 0.006169697147914225, 0.006054086797071579, 0.006096363328116596, 0.005795404896813167, 0.006159492002554199, 0.005774203695068738, 0.006026703896901551, 0.005863764509610739, 0.005878852986609539, 0.005857166440703902, 0.005488940390181473, 0.005763186053590957, 0.005719620029275962, 0.005770798457826767, 0.00573900437300416, 0.005880030437791423, 0.005530741579491388, 0.0056619773435242875, 0.005518884457341678, 0.005407035988364727, 0.005780901639752118, 0.005398134340192835, 0.005216522936428951, 0.005292822594034519, 0.0051785836340585405, 0.005376140178750772, 0.0052405633598713725, 0.0052310523061965325, 0.00502857850410452, 0.005258957056276928, 0.005095823942108783, 0.004841623808747872, 0.005043267846454632, 0.005057608617095554, 0.005058021864453393, 0.004878418875261298, 0.004757958404075112, 0.0049663371373492, 0.005071320312471689, 0.00471076223676704, 0.0047221316706923065, 0.0049273299647615626, 0.004825823104726957, 0.004524628077403353, 0.004578533689909807, 0.00472874949388769, 0.004641508190310731, 0.0046616583313052636, 0.004577393760249593, 0.004460495113582084, 0.004378008945594614, 0.004962720391047248, 0.004711549505263366, 0.004876545789328158, 0.004517911224239248, 0.004295410931864971, 0.004279663141153126, 0.004495993882627625, 0.004131337501131667, 0.004387612646528482, 0.004439044245697825, 0.0043018287301325, 0.004040209080283446, 0.004158619623495389, 0.004137658118890734, 0.004123680625339315, 0.0042938693513744994, 0.004086885229075293, 0.0038828154120546157, 0.004274352880130118, 0.004231346840843035, 0.004077591821674576, 0.0040420549008581145, 0.0038816398767593076, 0.003826929331768154, 0.0037465266269138143, 0.0037605573098782653, 0.0038413390081215516, 0.004117740232402071, 0.003942744857646572, 0.0036690337333842664, 0.0038800435546887005, 0.00372565658389747, 0.003604345943731049, 0.0037701727954108717, 0.003705531383437652, 0.003526118172620596, 0.003732000008748193, 0.0035377085281040163, 0.0035145968105852227, 0.0037462148243004936, 0.003469168778013867, 0.003356621373892871, 0.0037534940186551642, 0.0036665298345075568, 0.003440535719442296, 0.0033299513991610743, 0.003337862931229635, 0.003480921966694041, 0.003176396477201196, 0.0034017007536079613, 0.0034295434710464863, 0.003305474384034801, 0.003398042878886713, 0.0033337488080319414, 0.0034477223963690715, 0.0030802040181066538, 0.003228825066716155, 0.003067477424845272, 0.002921831815463755, 0.0030646641869362386, 0.0029503503429461823, 0.0031997197963088875, 0.0028918824424749652, 0.0031080603839493833, 0.0031091449264786753, 0.0028459320698003775, 0.002869835210292247, 0.0029829470590688857, 0.003133438283709149, 0.0030573044949469513, 0.0028508596589638738, 0.0029695552963475594, 0.002972648158948146, 0.0028025320951595495, 0.002767946586226741, 0.002901685526166317, 0.0029216461542464034, 0.002930057741358687, 0.002855070518236962, 0.002733612199315594, 0.0025998516819998115, 0.0026691094994124405, 0.002765245747563194, 0.0028175225671934006, 0.0025600805413063224, 0.0026136138645133948, 0.002570995787253276, 0.0025884284103708994, 0.002412898539204872, 0.0025220254099454524, 0.0027840498897492307, 0.0027747850870320874, 0.0025966511394309648, 0.0025254177060836987, 0.002577800364164948, 0.0024786392798923735, 0.0024855630958045783, 0.002563891547426293, 0.002344390736870141, 0.002350273952931333, 0.0025529314817274926, 0.0022278800473958843, 0.002468363760821103, 0.002327218172539495, 0.0023854287199748985, 0.0024270446916206012, 0.0024132739717276867, 0.0021946344824536976, 0.0026170608958942534, 0.0023050419806125225, 0.0022292126263844603, 0.002313943823105321, 0.002215280817651692, 0.0021885275634258403, 0.0020668859929274127, 0.0022392869646484475, 0.0020838616006690074, 0.002165837167642868, 0.0021798827415351134, 0.0021503736563961333, 0.0020034970485648287, 0.0022347441793692606, 0.0022479907209500927, 0.0023183243358510216, 0.0020964637987785067, 0.0020351219889885247, 0.0021360025639733204, 0.0020699898757384704, 0.0022413744613229234, 0.001994645485751874, 0.002169044808134682, 0.002098206611172503, 0.0021475813880061077, 0.0020378862102502517, 0.001809009225634469, 0.0018914435120472766, 0.0018053323382309992, 0.001991486062900825, 0.0019737222053296173, 0.0018532842485647362, 0.0018406827822071501, 0.0019795246296906836, 0.0018707106238763627, 0.0018941723534638176, 0.0018072123053902663, 0.001837523283312844, 0.0019075479101757485, 0.0019934009241246325, 0.002103612772523246, 0.001854972937275811, 0.0018142241071246563, 0.001820800002823872, 0.0017569362514142537, 0.0018049498192222917, 0.0018189786232772037, 0.0017907812242685362, 0.0017382855686961277, 0.0016804292270773907, 0.001609515248028326, 0.0016801615346073162, 0.0015626832489040795, 0.001974144633986445, 0.0018569743051558855, 0.0018655149788970127, 0.0023656852483572226, 0.0017521928313098177, 0.0017487305261120094, 0.0018438536912129655, 0.0017260992937434708, 0.001682462816862223, 0.0016441096294831316, 0.0015479972232860537, 0.0015419782756736914, 0.0018008813228912962, 0.001463068466233202, 0.0017221494422185186, 0.0015921180091988383, 0.0015825504551167347, 0.0016252668504885234, 0.001515180964524939, 0.0015890904712183506, 0.0015661066828078685, 0.0015708029745624648, 0.0015244806452129943, 0.0015893563017317558, 0.0014786429628084843, 0.0013842071266122228, 0.0014697593580161696, 0.0016687166612261134, 0.001736825441128599, 0.0013856171194932842, 0.0013505180502954189, 0.0014625436481293637, 0.0013728219497287442, 0.0014466084156211493, 0.0015412719792030625, 0.0013427174287010118, 0.0013856239985332375, 0.0013447879868915952, 0.001357173678564392, 0.001448934125695176, 0.0012628736082551022, 0.0012375248533817037, 0.0012706257909260068, 0.001314705053866475, 0.0013828141436416134, 0.0013183490487616507, 0.0013591405817545558, 0.0012812192052640827, 0.0013307336777320122, 0.0013201650473468592, 0.0013887805354919223, 0.0012996555909625832, 0.001349811700367598, 0.001283502421374088, 0.001191377004253799, 0.001274998159624678, 0.0011912782271309428, 0.001199748291219671, 0.001369227733112572, 0.0012692881503115609, 0.001188389012411692, 0.0012068421517359826, 0.00111261254265282, 0.0012142721185422001, 0.0011350955249680216, 0.0012287686457647822, 0.001161575263151241, 0.0011343141329797808, 0.0011651463537264018, 0.0012210630694205638, 0.0012359831982837177, 0.0011341798145514301, 0.001019817302657719, 0.0010680854741311585, 0.0011680508314634457, 0.0010789912981014544, 0.0010881064009423311, 0.0010356253509573846, 0.001058591167254538, 0.0010369626058104257, 0.0011233457991353328, 0.001126126189726324, 0.0010903407473946563, 0.0010918862120963403, 0.0010323001472691306, 0.0010684291522816867, 0.0009739452093190308, 0.0010316683222537128, 0.001035068174700446, 0.0009241311237018209, 0.0011735033253543186, 0.0010999047890891218, 0.0010395638084932724, 0.0011329984338487127, 0.0010540573232516394, 0.001113580820576625, 0.001088008949760456, 0.0010933590078121844, 0.0011441261273397638, 0.001241542870965809, 0.0009710862989514118, 0.0009992554630040592, 0.0011385455921304266, 0.0010426391966754116, 0.0011167495709413482, 0.0010317410309533385, 0.0009651593541595074, 0.0009176839547642181, 0.0008862886826558284, 0.0009842773427194225, 0.0009260631705277859, 0.0009842870164911228, 0.0010468081764082842, 0.0011205065158289922, 0.000968953563166684, 0.0008714677643291837, 0.0010516594996028562, 0.0009486942768050889, 0.0009494267262217343, 0.0009611598432412539, 0.0009478134174008139, 0.0008595392583745229, 0.0008441067188198114, 0.0009164834133417398, 0.0008779139714823486, 0.0009422072191648562, 0.0009091792005897978, 0.0008161181337023777, 0.0009552890234688468, 0.000796213910048247, 0.0008945921151532896, 0.0008168566107843503, 0.0008012134839095586, 0.0008090588774199616, 0.0008166563882152787, 0.0008226186286000906, 0.0008132305936604128, 0.0008202524768232603, 0.0008615933999066524, 0.0009077243244241639, 0.0009284699877477872, 0.0010364363651204126, 0.0008251035198965474, 0.0008403539901469273, 0.000845322130750929, 0.0007874880937220178, 0.0008268141923228684, 0.0008336205768275363, 0.0008329890990244837, 0.000824170269084152, 0.000849978131619894, 0.0007574276660294904, 0.000931047492771913, 0.000753452178878383, 0.000740467257672462, 0.0007617616977412225, 0.0007661431512783433, 0.0007701346050433069, 0.0007883937385198529, 0.0007584748748957469, 0.0007305536521963643, 0.0007652946379798517, 0.0007263124443992338, 0.0007399126615652427, 0.0007499974089532157, 0.0007906559833147929, 0.000790024494846521, 0.0007516419386361166, 0.0007969285468173683, 0.0007440270480345221, 0.0007741718646074174, 0.0007328021805656028, 0.0007769762132384988, 0.000752315065433936, 0.0007138679007602497, 0.0007558998201927561, 0.0007519204541632105, 0.0006703823261971151, 0.0008355993054653802, 0.0007069101228106788, 0.0006909845350419185, 0.0006766747620439623, 0.000691326198870433, 0.0007979847580168953, 0.0006774167191371958, 0.0006864796545041295, 0.0006906534863076588, 0.0006913086167292833, 0.00069764482949702, 0.0006607794459791937, 0.0006941382353826529, 0.0007007511690537192, 0.0007221724943423962, 0.000722906101430579, 0.0006370037114311333, 0.0006335685168375842, 0.0006639278675064658, 0.0006569969014142003, 0.0006555636552157371, 0.0006398730371081934, 0.000659870627937603, 0.0006750660834694837, 0.0006199422200957543, 0.0006581021855537466, 0.0006279244442864573, 0.0006781187124939532, 0.0006327317500565709, 0.0006459294511803011, 0.0006010582205238111, 0.0006980039033682008, 0.0006634839570527118, 0.0006360573342205241, 0.0006402146506297043, 0.0007451083862330412, 0.0006619436790166927, 0.0006261217636438879, 0.0006779112501242476, 0.0006089630016040894, 0.000612780336758428, 0.0007146625503383006, 0.0005999394967245613, 0.0006010958660462491, 0.0006192516555033143, 0.0006125336622583169, 0.0006875223382612529, 0.0006276173200837303, 0.0007538194452337308, 0.0006636426522846295, 0.0006702566156902582, 0.0006399696142643592, 0.0007538748769253707, 0.0006554345330050803, 0.0006569968690838307, 0.0007544409350606292, 0.0006568083525146522, 0.0006300232151396218, 0.0006086359278396103, 0.0005988401991238796, 0.0007078603196532686, 0.0006486757182722571, 0.0005711763892753756, 0.0006090447943021576, 0.0006110757627013321, 0.000569778390499088, 0.0006042175180061991, 0.0005641623973022254, 0.0005874879567564327, 0.0005817842328006607, 0.0006122566137758528, 0.0005429334803993044, 0.0005482769646537001, 0.0005624625304046922, 0.000590581427411882, 0.0006532586805538809, 0.000614315183441897, 0.0005936284070528878, 0.0005863953963703781, 0.0005422987539223593, 0.0005601624704223355, 0.0005936243504090807, 0.0006053072035734276, 0.0005622359833680315, 0.0006081122654658076, 0.0007451546406880855, 0.0005791215263562833, 0.0005470965316254548, 0.0005070065935187533, 0.0005745030058781654, 0.0005554286592954109, 0.0005496503462803511, 0.0005845946548874895, 0.0006134198637047994, 0.0005020153380885172, 0.0006000902306108929, 0.0005896676275867946, 0.0005529511938721334, 0.0005664927958145949, 0.000533292024502317, 0.0005432293201386664, 0.0005444670904159819, 0.0005656782359989959, 0.000563086030313166, 0.0006315921470294308, 0.0005189703979288986, 0.0007201101482354433, 0.0005449376562014652, 0.0005816608256558211, 0.0005487059276289085, 0.0005667954545300144, 0.0005409175111091758, 0.0005449938028636199, 0.0004797595212681015, 0.0005291112996125536, 0.0004869885949517972, 0.0005300769950331361, 0.0005116699333819953, 0.0005116932832458127, 0.0005426769629405278, 0.0005102165999355085, 0.000543119935372304, 0.0004841101358376294, 0.0005282533032842251, 0.0005234239502737054, 0.0004964928174197661, 0.0004970994790055547, 0.0005669825426465539, 0.0004780368459212994, 0.0005223455476600637, 0.000666397382924435, 0.0004977931528501753, 0.00047397905298645433, 0.0005279424421704505, 0.0005387550921128466, 0.0006100446690708504, 0.0005013169130751894, 0.0005187995049784795, 0.0004913754006478796, 0.0005214706679632434, 0.0005301903737882707, 0.0004891218785709465, 0.0005034605049437271, 0.0005043498235429984, 0.00047995873015981645, 0.000477398896714503, 0.0005083809969723707, 0.0005751057678104345, 0.00046804444220921443, 0.0004814780352774314, 0.0004953314386150203, 0.0005378489674289069, 0.0005078763606157166, 0.0005092633394949004, 0.0006109574999970935, 0.0004674195911645053, 0.0005219243976740128, 0.000546896979724576, 0.0005610555824159079, 0.0004858409019793477, 0.0005721985358024753, 0.00047773383775456227, 0.000418200342216131, 0.0005177813453253523, 0.0004911030386213114, 0.00049319693348552, 0.0004715737846044249, 0.0005369634032780742, 0.0005031971021148603, 0.0005043638863633585, 0.00046234953977876105, 0.0004493504751243545, 0.0004671004883368993, 0.000562094084478751, 0.0005008393135317294, 0.0004735976026864422, 0.0004819075423902662, 0.00043500012148264074, 0.00047411161912141694, 0.000437667754553734, 0.0004851479854335285, 0.00048778147028590046, 0.00047864361640371703, 0.0004417476826331862, 0.000453023725131203, 0.0004503735803040841, 0.00047076416605833525, 0.0004450644506057518, 0.000495386399929989, 0.0005057116170438344, 0.0004673577280333213, 0.000545156680934192, 0.0004817952888048569, 0.0004959751024324773, 0.0004934356190178583, 0.000508770450482431, 0.0005128386408998165, 0.0005227794329022247, 0.0004920340479067885, 0.0004564959624571839, 0.00042800240135371266, 0.0004647294331973454, 0.00044651945750978086, 0.00044039217067095004, 0.0005019151055382732, 0.00046757749841609724, 0.000462537206536816, 0.00042985670598628294, 0.00046363738157988735, 0.0005481282214505201, 0.000520534430079028, 0.00046657802441072473, 0.0004334020969939411, 0.0004966894541425121, 0.0005940623540818945, 0.00042758836411326136, 0.00047227431162532186, 0.00047111452207112154, 0.00046131220366777277, 0.0004264668687237688, 0.0005675348981319363, 0.00044875768488920285, 0.00042774379648635144, 0.0004519892934597029, 0.0005909245295383505, 0.0004446926662102399, 0.0004318157549052961, 0.0005095235789052733, 0.0005403357401644161, 0.00042227401238594, 0.0004429550591994341, 0.0004832680883531263, 0.00044921620005658057, 0.00044151732001037063, 0.0006679796001882782, 0.00044120861793785356, 0.0004526260873523371, 0.00044545097175789156, 0.0005377323521681236, 0.0004752028217758664, 0.0004544149607068563, 0.0004101551718554154, 0.0004330202519680006, 0.0004421953586090139, 0.0004387131983390004, 0.0004416997744406264, 0.00045005244946459276, 0.00042388975065143526, 0.0004154811635186119, 0.000413767808090909, 0.00041344992761149584, 0.0004555937320135452, 0.0004296342183213779, 0.00047278776683235604, 0.00045156798108663847, 0.0004236799886302914, 0.0004888300216754907, 0.00041712312691434284, 0.00043094480006901554, 0.00042564264963360787, 0.0004212039054664688, 0.00047967720352631664, 0.000418774691944848, 0.00042239571827011705, 0.00043254353942970763, 0.0004075304984113302, 0.0005583902024930026, 0.0004744761003492644, 0.00048648382734202964, 0.00040175876051559147, 0.0004418624115562416, 0.0004406960179340752, 0.000436057960061868, 0.0004107227476403042, 0.0004104625381849594, 0.0004383514563559327, 0.0003942695410725626, 0.00042635289290343534, 0.00041703446914736515, 0.0005724458831997408, 0.0004344559662605501, 0.0004487668699081826, 0.00045465361298305354, 0.0004105790841783726, 0.00044910878317983645, 0.00043603003450741316, 0.00040951446725300493, 0.0003806654090749769, 0.0004606823155321167, 0.00041263498862667574, 0.0004552815544609805, 0.00039125844169035846, 0.0004198092356053182, 0.00044630356348757556, 0.00043068222272809117, 0.0004408203905041846, 0.0003958633417053038, 0.0004602321522315895, 0.00065479136987961, 0.0004577720585602688, 0.0005321755998042084, 0.0005235198026523117, 0.0004681825415947929, 0.0006833280104550362, 0.0003976200666139483, 0.0004077787354780126, 0.0004282676097077031, 0.00039996502648055344, 0.00042972477682232823, 0.00043868163399658, 0.00042460629971418517, 0.00040787871510308214, 0.0003822707230181034, 0.00033896895351732037, 0.0004080870568491284, 0.0004008276097256432, 0.00042701771494065585, 0.00042805438311024376, 0.00040988120954730834, 0.000421642761948181, 0.0004975227249292307, 0.00043667512944331623, 0.00041546002804828644, 0.0004648401170612314, 0.00041260381751735984, 0.00038329366633389, 0.0005167648270555083, 0.0004116562160896531, 0.0004087474488935692, 0.00035280368539025334, 0.0004020488133098379, 0.0004069896085958707, 0.000467097117109602, 0.00043067696417725855, 0.0004191894405586439, 0.00039900616409449877, 0.0003806158735303551, 0.00048685132875655714, 0.0003637378750241093, 0.0004366876683865227, 0.0003929321703148136, 0.0004222836113560974, 0.00038402917929305065, 0.0004756983578253929, 0.0003695502557615842, 0.0005909145337389028, 0.00041270433509725166, 0.0003802358295894288, 0.00041193076269560743, 0.00041560996870579846, 0.00040416742135772744, 0.0004167062358221584, 0.0003804831327992909, 0.0004048682881748885, 0.00038658103011031766, 0.0004381343146691637, 0.0003851185343193287, 0.0004076715179423132, 0.0003940831743022649, 0.0005799166206987655, 0.00035974814251809234, 0.0003821517706954533, 0.00040137277874922693, 0.000364121428394697, 0.0003941168020428664, 0.0003820830320122146, 0.00041475090237323313, 0.0004089646648139683, 0.0003876381345477232, 0.0004357763056657799, 0.00043907987557134485, 0.0003647946086404055, 0.0003644190272396567, 0.0003715309041161508, 0.0005740296004489917, 0.0004591807017893946, 0.0004663437566556919, 0.00044342947732176654, 0.0003730080146270433, 0.0004826109388337237, 0.00047512193781551037, 0.00039005126005124105, 0.00046228489823348014, 0.0003880658540849692, 0.00042350347156684394, 0.0004026697634509033, 0.0004159596377792169, 0.0004068513057159709, 0.00038934889547023147, 0.0003910751006847535, 0.00041843952852931195, 0.0003733212942653241, 0.00036519681948811634, 0.0003523616763050352, 0.0003580425149749057, 0.0003689978886099445, 0.0004194157234086079, 0.00036634956546692716, 0.00039941213286458183, 0.0003648796682351702, 0.00037437265211287177, 0.0003734620048987069, 0.000378339662980575, 0.00044229118363520165, 0.0004021979108144653, 0.0004037793076681733, 0.00038532335338639157, 0.00039266958659081504, 0.00037937260006067113, 0.0003729846523599799, 0.0003689877972836512, 0.0003551043318857803, 0.0004022567709339226, 0.0004267761047100251, 0.0003824872710616663, 0.0004633158530174509, 0.00043709397568975956, 0.00036159695140907007, 0.0004886165945910558, 0.00036865967175383016, 0.00048021743983005303, 0.00047334540825609496, 0.00038533399247985445, 0.00039736144480697987, 0.00036725569216291794, 0.00037034071973166016, 0.0003972881617656717, 0.00034572947176293674, 0.0003577047412095415, 0.00035928088481315917, 0.0004179915311556832, 0.0003700942883180444, 0.0003483945188208314, 0.00036743887966417986, 0.0003717528075155704, 0.0003697213239271127, 0.0004413120019766506, 0.00034886067105150586, 0.00032979141081513616, 0.00036307073523827413, 0.00039666819908554534, 0.000354925564668398, 0.00039276295606482573, 0.00039287183376402054, 0.0003878181022752905, 0.00040321239239032874, 0.0003959079081619936, 0.00048317250073739244, 0.0003913411914876338, 0.0003757736030949414, 0.00037983725685493283, 0.0004931132515416124, 0.00035157226277495764, 0.0003893096040078793, 0.00037300472169730475, 0.00043638197384787534, 0.00039555326839518546, 0.00044660000342172987, 0.0006525931804027382, 0.00035366919068276735, 0.0004356304398673119, 0.0004060368367944895, 0.0003735588361709627, 0.0003961764258147855, 0.00036098932616094594, 0.00040841539451284646, 0.00034570867628276017, 0.00035947156864052663, 0.00040368591359060224, 0.0003779762178122762, 0.00040147188848925036, 0.0003521776228739207, 0.0003580396829295212, 0.0003705234791932801, 0.0003418337390841024, 0.0003612182824231, 0.00034708992401756946, 0.0005980696275750264, 0.0003808989859300487, 0.0004258788324777998, 0.00035670317277135835, 0.00036828935571412043, 0.0004103689743776949, 0.00037339557123596874, 0.0003718747692188773, 0.0003865991210799252, 0.00034128543367940834, 0.00037723066649620923, 0.00036627104733788024, 0.0003648117504939822, 0.00041734825024014946, 0.00033836344169835183, 0.0005347654889988495, 0.00036031360144511226, 0.00040162353298888267, 0.0003463987221805097, 0.0003434420253845384, 0.00035415052093646304, 0.00039348415987362133, 0.000378657580123073, 0.0003505449742676527, 0.00040194497349348266, 0.00037995721757410586, 0.0003544217553856277, 0.00035782877557952457, 0.00035778913163052317, 0.00036435771509231354, 0.000410097990065302, 0.00038700305548405227, 0.00040398825175320794, 0.0003544330754087887, 0.00032640787249314503, 0.0003762274239053216, 0.0003451603639424786, 0.00041324868475428703, 0.00034142893956413083, 0.00033986884225556494, 0.00046529063077869933, 0.0003045594087044653, 0.0003595722707656776, 0.00040985371749844364, 0.00035838607893168913, 0.00036391515708907463, 0.0003538549816699691, 0.00039009336251385996, 0.0003322523455224246, 0.0003703027294526059, 0.00033754678336983746, 0.0003465111806733577, 0.00044709974461869993, 0.00041801165232514315, 0.0004376445933062701, 0.0003432533362067941, 0.0003460086653180689, 0.0003941422421535223, 0.00038433258621558414, 0.0003950306169752277, 0.00036099664456084137, 0.0003264281718539122, 0.0003241549448336917, 0.0003735072090540007, 0.0003731026791300123, 0.0003736345615254356, 0.00036079551571206476, 0.0003134514884868651, 0.0005015141121315932, 0.0004993668167482053, 0.00035721361960838684, 0.0004629507371180647, 0.00037364213867881814, 0.00042727117320811534, 0.00039964584961779253, 0.0003825747036893113, 0.00048040530151636737, 0.0005108333813182666, 0.00033515316376462115, 0.00033278297816367, 0.0003779675723296367, 0.0004929336107655612, 0.0004227221431539949, 0.00032687999625912367, 0.00036388140782827113, 0.00040451907530638515, 0.00037017457786126006, 0.0003747040161180141, 0.0003359628301452127, 0.0003648535723907923, 0.0003862765688498729, 0.00034845215081165637, 0.0003708049869397673, 0.0003373749337648749, 0.0003603575458830464, 0.00031051373358768653, 0.0003659730814812283, 0.00032909116919859426, 0.0003480507032740907, 0.0003528547477337388, 0.00033114519323516455, 0.0003708779831055249, 0.00034740721761468727, 0.00037560023368594947, 0.0004180488881219293, 0.00035698461427895477, 0.0004223592977679021, 0.0003310071271507041, 0.00036814550691136836, 0.0003511419402904266, 0.0003107364364160725, 0.0004921365096735218, 0.0003203096969024358, 0.00029383692998410867, 0.00033068096818930946, 0.0003213765571596564, 0.0003222491934612979, 0.00036584685323472584, 0.000494581638233127, 0.000355613261991012, 0.0003223022973625708, 0.00034352397696538645, 0.00038190563220700234, 0.00033646200248982035, 0.0004168325324730503, 0.0003331024825840364, 0.0003032142522279606, 0.00034802809325902795, 0.0003310345857438116, 0.0003259116796862149, 0.0003690494126829397, 0.0004283579552345719, 0.00033804155786609406, 0.00035488954510931337, 0.00042900302213178307, 0.0003331376639426849, 0.0003667406043327715, 0.000365793391213479, 0.0003729477539461804, 0.0003822206210257114, 0.00035425556193519915, 0.00032026982070335573, 0.0003757397444801554, 0.00033247852226864775, 0.00033469714787672417, 0.0003519475667086571, 0.0003452792105924836]