Model Setup for Melancholic Patient 12:
ITERS=2000
LEARNING_RATE=0.001
OPT_RESET=None
ATOL=1e-05
RTOL=1e-05
METHOD=dopri5
Input channels=2
Hidden channels=32
Output channels=2
Runtime=288.8521590232849
Optimizer=Adam (
Parameter Group 0
    amsgrad: False
    betas: (0.9, 0.999)
    capturable: False
    differentiable: False
    eps: 1e-08
    foreach: None
    fused: None
    lr: 0.001
    maximize: False
    weight_decay: 0
)Loss over time=[1.867528541004419, 1.853612609843411, 1.841012721167642, 1.8285546138437667, 1.8124161837574975, 1.80149994370289, 1.7887788576158572, 1.7786129051096067, 1.7622290021547433, 1.7506585132048562, 1.7385760065757074, 1.7290531929041497, 1.717669133316077, 1.7070810115909445, 1.695356561575616, 1.6849344408226836, 1.6749062457260777, 1.6622625670726192, 1.6568740960494404, 1.6455121666500399, 1.6369365350701188, 1.6274343142566297, 1.6185922212667498, 1.61088232592134, 1.5998214862791122, 1.5940867348110404, 1.5835012578870278, 1.577912026444777, 1.5674924470015303, 1.5621784838348134, 1.5533916169193858, 1.544589734190505, 1.5376320113707587, 1.5307726947367355, 1.521995113613425, 1.5163304635520125, 1.5130453799700554, 1.504167589005229, 1.4985207303050252, 1.4894049912547302, 1.4840558262188173, 1.4795324554318476, 1.4742841511619422, 1.466844447291596, 1.4688889771190325, 1.4536320006175507, 1.4507702295301108, 1.4415805833954034, 1.4357735953966755, 1.4319059680909878, 1.4256545776944514, 1.4210924540017096, 1.414961814118733, 1.4113475497813655, 1.4055632222701424, 1.3985208343770383, 1.3937358259466004, 1.3881937120715486, 1.382866624643604, 1.3793269681357685, 1.3745799367866711, 1.3693328168553014, 1.3641685606457317, 1.3605910992074546, 1.3550175034501761, 1.3494577619858048, 1.3440851959254099, 1.3408959604256132, 1.3358169144792378, 1.3305394792812228, 1.3261688894344186, 1.3234310713003201, 1.3179312843436566, 1.313287489049278, 1.3094955032165811, 1.3036179129069192, 1.3006457132513007, 1.2945977070097596, 1.2927351086408627, 1.2880464182476772, 1.2836351601237073, 1.2785521262331165, 1.2758845189475168, 1.2713327749396648, 1.2683043089034434, 1.2642505326908435, 1.2614256172032698, 1.254843456335738, 1.2514336584933432, 1.2485252101719935, 1.2439467505355246, 1.240370397473867, 1.2365865903831919, 1.2318462325735824, 1.228576275201432, 1.2236702775235733, 1.2212242561739963, 1.2178700784107852, 1.2144760961315255, 1.2098435983777003, 1.2069539884484437, 1.20350526456365, 1.1991115714591523, 1.1967312343796903, 1.1915271087891255, 1.189456612533781, 1.1853635353326397, 1.1820333234847709, 1.1789920208471563, 1.173684296847343, 1.1718112376222174, 1.1686033150590596, 1.1644270919961792, 1.1617379884295114, 1.1575345455716315, 1.1542290749209612, 1.1510819094353493, 1.1475443822039244, 1.1454627507678372, 1.1410430684221546, 1.1364354466048612, 1.1343743871201615, 1.1310725018610717, 1.1282604985626208, 1.124016357762928, 1.1210546032225368, 1.1176528798350913, 1.1143799978899038, 1.111375441843029, 1.1072472996292864, 1.1045127118374658, 1.1011714570559215, 1.0976397277299987, 1.0943779208677447, 1.0910025743829221, 1.0877412814177214, 1.0843289299474868, 1.0818260813745433, 1.078221623981053, 1.074513165198568, 1.0716303902750939, 1.068547656595822, 1.0655105318708542, 1.0616731124232246, 1.058108093340576, 1.0556808551432766, 1.0517736191689266, 1.048755758987742, 1.045469618721246, 1.0419912359434245, 1.0383927658154137, 1.0352574013875195, 1.0311874721503151, 1.0286148136794344, 1.0254942183507225, 1.0215867469107847, 1.0181997186583234, 1.0149014600070814, 1.0121780646176917, 1.0084617481915208, 1.0051521057341462, 1.0017978671924608, 0.997865548088972, 0.9944917597177482, 0.9908985501621868, 0.9875949812930074, 0.9843619682471156, 0.9803529953591569, 0.9764299474994348, 0.9738634774548761, 0.9702823892039525, 0.9665204085420404, 0.9632529125059726, 0.9594207673364717, 0.9559964251938059, 0.9517741873179966, 0.9480933053479188, 0.9448815059976351, 0.9410341526000696, 0.9372968316570559, 0.9333622930068466, 0.929688999273559, 0.9246122434494516, 0.921672172316882, 0.9182455974646444, 0.9141315531403852, 0.9096958320754964, 0.9063293960534299, 0.9016039454012925, 0.8975142279521452, 0.8932890842835985, 0.8895779163163898, 0.8847716450298561, 0.8804435912091452, 0.8758771508751247, 0.8716362014965995, 0.8669187713843101, 0.8619981516133447, 0.8573535727722527, 0.8517573173221962, 0.84634376803001, 0.841212952585898, 0.8358743584734382, 0.8300343279249105, 0.8247090066351632, 0.8188508118952286, 0.8132567973429459, 0.8074151626525699, 0.8008851906608775, 0.794155166812791, 0.7881043966695368, 0.7810988335948488, 0.7769795372693882, 0.770673314618776, 0.7637484249622447, 0.758277265698504, 0.7523423556333655, 0.7456946008407221, 0.7401048210998148, 0.7340056687742629, 0.7273781908224052, 0.722773943035241, 0.7164816350636752, 0.7122612297272783, 0.7072235276211448, 0.7016261627368302, 0.6963130349874574, 0.6924582257613886, 0.6869242983550093, 0.6825320157348448, 0.6763165217778386, 0.6719724451612786, 0.6665076532602847, 0.6627113802056802, 0.659457031666825, 0.6539513258252554, 0.6502392773504436, 0.6452874816713909, 0.6409796386709095, 0.6370813091259866, 0.6332424906161279, 0.6272480527159822, 0.6245568131782316, 0.6204055259832402, 0.6171265140063571, 0.6131706978006524, 0.6083660452340884, 0.6038350702997204, 0.6010678973917082, 0.5963912887885688, 0.5931693839757667, 0.5904316487464917, 0.5860488443835256, 0.582453246656646, 0.5791133163051202, 0.5747410247294741, 0.5711543053272631, 0.568220821210381, 0.5645329682520221, 0.5611328640141398, 0.5577381262451724, 0.5540996799125941, 0.5510227112826662, 0.5471932710752768, 0.5445926469377237, 0.5408269631900642, 0.5377974727145635, 0.5341760934961821, 0.5311636690260548, 0.5282202306316827, 0.524702338947188, 0.5218652862679346, 0.5186909088763926, 0.5154514130363279, 0.5119805948936963, 0.5091860852973734, 0.5061355239118722, 0.5029833029081273, 0.4992991541059027, 0.4963126229030666, 0.49308793798100764, 0.4907749586757179, 0.48759595814940265, 0.4847772843504152, 0.4821668237237064, 0.4784737814025318, 0.4756483540275403, 0.47320648540248506, 0.4702409453604312, 0.4670086490218779, 0.46502578356886753, 0.46212655176919915, 0.45924607379307003, 0.4560445772619209, 0.45260541920127095, 0.45039211767468, 0.44704805374056034, 0.4442528070787327, 0.442155355534998, 0.4387517504472241, 0.4367118816389597, 0.4337661413248839, 0.43170359620211407, 0.4285835348294833, 0.42587295198420744, 0.42287786734569593, 0.42069670585787705, 0.41786194644706626, 0.41502643951818746, 0.4124377671173805, 0.40948164053996516, 0.4073011333721299, 0.40397654623005097, 0.40170545784770506, 0.3989225326866851, 0.3965512193003027, 0.3936119369818513, 0.39144080836488, 0.3887470380040305, 0.38618911587177807, 0.3833721273873442, 0.3810869512812006, 0.3787677415092508, 0.37569131318468396, 0.37310506022532086, 0.37075686834373245, 0.36827446377585926, 0.36571684141840277, 0.36306025668207603, 0.3585270248603731, 0.35810358139282256, 0.3556213437639373, 0.35318876766111, 0.35028992052420177, 0.34922201944203146, 0.3463497961072148, 0.34347662566546977, 0.34159468641623253, 0.33932162993671233, 0.336177051074433, 0.3344276428132908, 0.3317862495425203, 0.32895913006693694, 0.32670734316665734, 0.32441785615614394, 0.32196174592727045, 0.3202599153491226, 0.31601756990262597, 0.3150343497587944, 0.31341781626196963, 0.31043647412460373, 0.30830968674393144, 0.3062370826575393, 0.3037416182020884, 0.30194741022272714, 0.2992919094773376, 0.297101932439276, 0.29509070255595354, 0.29284241793181975, 0.2909885790271885, 0.28852049117701556, 0.2861926525435356, 0.28415942838612873, 0.2818292052947102, 0.27949181202256707, 0.27758753631197153, 0.2756108256081565, 0.27341385706612337, 0.2712331629696216, 0.26930440056197535, 0.26738736799473456, 0.2652067185942182, 0.2630574384968311, 0.2612749328399367, 0.2592524499026458, 0.2571261136541466, 0.25532206755784626, 0.2530599533102586, 0.25114846069819396, 0.2495290429044167, 0.24742231921449911, 0.24569265920133096, 0.2437058920637872, 0.24174296369243423, 0.23976781862148364, 0.23793546221250111, 0.23604038768719302, 0.2342351288783411, 0.23233390830072062, 0.23058564483603633, 0.22832804788978908, 0.22688891496607067, 0.22478822200891874, 0.22315968981494946, 0.22135890572510555, 0.2194957766494192, 0.2177979391518499, 0.2160963144567046, 0.2141951241953696, 0.21258553934856092, 0.2108211510212226, 0.20900519057029063, 0.20771373295838752, 0.2058124882888478, 0.20424055957181286, 0.20264262070380398, 0.20113731202539178, 0.19957188622002053, 0.19790917461537544, 0.19621059377791214, 0.19479727227506646, 0.19307581360492723, 0.19153884029609045, 0.18996842423018734, 0.18847486012385134, 0.18700729242429742, 0.1853301913900637, 0.18386408591851733, 0.18230097902363696, 0.18096522532121087, 0.17948525713722516, 0.17793964058459597, 0.1765223622795158, 0.17502816198296137, 0.17381648220719922, 0.17237858251512153, 0.17123915142472895, 0.16977668647470576, 0.16803131805040408, 0.1667671408846181, 0.16539223551562268, 0.16399648206554784, 0.1626117090668066, 0.1612833926592371, 0.15999322137650634, 0.15862933715097025, 0.15734170645577802, 0.15605927708047143, 0.15474277345492837, 0.15348078768125095, 0.15227426559547222, 0.15092829225579962, 0.14971114247648376, 0.14846969060390788, 0.14716575876230947, 0.1459738164936526, 0.14481384457784827, 0.14363125978393715, 0.14232294797517, 0.14116301179087368, 0.14003142401564164, 0.13883149209958798, 0.13778295478646135, 0.13645790084453688, 0.13544961165414823, 0.13429407734044066, 0.13321479812988782, 0.13202988569017496, 0.1308748623667541, 0.12984898153806654, 0.12885992131712712, 0.12769467397298204, 0.12675669697503333, 0.12554136658722712, 0.12450443999364671, 0.12343372654077932, 0.12242760570406265, 0.12128247177447778, 0.12022397619174306, 0.11934669018775024, 0.11840375993157636, 0.11724571049122724, 0.11627496588786279, 0.11510019311936111, 0.11482818274316915, 0.11371289532309531, 0.11224733557971932, 0.11111817631003316, 0.11068176986971358, 0.10931263534166892, 0.10876815715006184, 0.10776508630461325, 0.10689686028801158, 0.1059942725606526, 0.104981139420565, 0.10425105635444937, 0.10282958089771013, 0.10196933122120434, 0.10104895258089132, 0.10026389177329015, 0.09907162100290655, 0.09816290615170406, 0.09779260244966775, 0.09665083359183738, 0.09566046209422341, 0.09496337060219379, 0.09387424406915755, 0.09336842394271329, 0.09242385260860035, 0.09139246352680405, 0.0906741212302064, 0.09002781440675502, 0.08894900217492217, 0.08833720438945553, 0.08811297014254592, 0.08670336634744825, 0.08597870486828461, 0.08511214215775466, 0.08446718150382443, 0.0836886331993879, 0.08296548763193883, 0.08216818855245903, 0.08134496012700058, 0.08133681672431456, 0.08021339199779848, 0.07904081363681119, 0.07890265976009189, 0.07786231300479918, 0.07705532873868891, 0.0766650577912993, 0.07597013187895546, 0.07529412095511824, 0.07438706014559338, 0.07421016528290468, 0.07305824527756549, 0.07262118344367295, 0.07205048994398304, 0.07136683463219205, 0.07053126650763997, 0.07049553647958869, 0.06961016555041963, 0.06864618413686774, 0.06814733461927168, 0.0671202737551402, 0.06683782311227375, 0.06598734049928938, 0.06550456381167737, 0.0651222038431528, 0.06454701553025467, 0.06357862613885167, 0.06306360299769197, 0.06314378709869904, 0.062365792051807416, 0.061449146287892595, 0.06076078810880887, 0.060404169145946415, 0.05980858937628788, 0.05902986448870478, 0.05847695838233094, 0.05803444137554659, 0.05754447845158013, 0.05689947555207769, 0.05654535200417122, 0.05577245298906757, 0.055519907360089674, 0.05494245883428122, 0.05425113023064978, 0.0539502127152477, 0.053184353505429466, 0.052903739686950765, 0.052401944486515514, 0.051915082825873975, 0.051521297816670385, 0.05100389267509917, 0.05059647578503245, 0.049895020942051165, 0.04967038627721258, 0.04901716263524751, 0.04864357298076483, 0.0483382210222826, 0.04778151139013846, 0.04767413665962099, 0.047044426349279675, 0.046569277270163356, 0.04589845899013429, 0.04575922410375141, 0.045094894460193415, 0.044532874841297594, 0.04424469588261828, 0.043742789069530136, 0.04319050834699766, 0.04294504957159168, 0.04246326104276276, 0.04210448553962815, 0.04169231474445216, 0.0412636683289094, 0.04093326420343454, 0.040330461704553414, 0.03986382797436601, 0.03975495106180264, 0.039203871036251316, 0.03913161214962871, 0.03861627307407226, 0.0383001992672879, 0.03789113213907954, 0.03734397421266588, 0.03688704218541401, 0.036527514156626716, 0.03630669388571359, 0.03592018782641725, 0.035545813646290364, 0.0352002109045024, 0.03488106214657392, 0.0347376303944556, 0.03415675249066026, 0.03391448608284391, 0.03347481256075518, 0.03315747744495328, 0.032804292469425365, 0.03265085668687822, 0.03241014577755387, 0.03200052478633711, 0.03163521831568304, 0.03170417998178921, 0.03137347734722515, 0.030888541485068602, 0.030688628872766875, 0.03030870031475967, 0.029922858214897253, 0.029868847250089692, 0.02956074963680171, 0.02900525143265207, 0.028815891057614593, 0.028665255618295162, 0.02833711421690145, 0.02819732922292029, 0.027718653671680818, 0.027737626881999832, 0.027338954370745284, 0.0271431299844333, 0.026743723363649365, 0.02654754924372438, 0.026219886505544018, 0.02591327369068206, 0.025727783058015728, 0.02538735284018846, 0.02528149952825148, 0.02499332082305661, 0.024505175254110344, 0.02455505990805531, 0.024281266277891678, 0.023996754710652577, 0.02371730946117587, 0.02353236466471251, 0.023342674743823875, 0.023083591480278498, 0.022890814959683616, 0.022445995697193737, 0.02234207426230657, 0.022131177689804934, 0.021944492690605773, 0.021893515965928832, 0.021518971761501905, 0.021369107565118648, 0.02121535105980374, 0.021003128699972007, 0.020750785544016815, 0.02043999654763595, 0.02032079873251585, 0.020204371232502658, 0.019939808042800742, 0.019873916520019283, 0.019413892152346682, 0.019335988618530153, 0.019159348359770487, 0.018934213304132242, 0.019021880995494043, 0.018625860560002403, 0.018495454939464154, 0.018366714116274437, 0.01811000687561017, 0.01801727198869656, 0.017750518693560445, 0.017788052532625945, 0.017244508041579284, 0.01721935166625704, 0.01715928678541429, 0.01715932142288506, 0.01685030429116067, 0.016730546008323834, 0.016434367632290055, 0.01635499605131466, 0.01614168696431409, 0.016051166872244713, 0.015978929619863632, 0.015826277383807028, 0.015798946555758055, 0.01547467766792013, 0.01535777193556554, 0.015192534762380689, 0.015091525600314066, 0.014917202659224355, 0.014815656092412664, 0.014679741523416591, 0.014590942115159428, 0.014426558075339546, 0.014309782064965693, 0.014287627076885473, 0.014012485085485842, 0.013843456410417758, 0.013836026531497219, 0.01362898567621108, 0.013531225319544316, 0.013572341037704948, 0.013214387567354345, 0.013158301699148873, 0.013009299195567973, 0.012995198878677254, 0.012990830357049702, 0.012791329077837994, 0.012544237674598462, 0.012546083548862396, 0.012420022839289724, 0.0123490599530667, 0.012127974670081393, 0.01205527718351872, 0.012139935581354648, 0.011912023564014695, 0.011889190612951113, 0.011679625320940256, 0.011600031488392682, 0.011539955332578167, 0.011350848189435324, 0.01128741453095006, 0.01126773250887289, 0.011181527520823952, 0.011042604110978835, 0.010938787851145397, 0.01081849895368761, 0.01081979873343413, 0.010701028349618523, 0.010660809380921843, 0.010425061530781243, 0.01041318397875017, 0.010487657969163745, 0.010467971930286774, 0.010147113615202291, 0.010212953908378855, 0.010002606861208472, 0.009891543953849592, 0.009907133908522376, 0.009779173053424671, 0.009701281838075435, 0.009655948179839157, 0.00955414273393667, 0.009496769290178344, 0.00943847137114415, 0.009420529716002927, 0.00940017737917438, 0.009255384415507988, 0.009160857061166582, 0.009153081951045807, 0.009015003141187106, 0.009045405531087293, 0.009008853206871859, 0.00887481323615756, 0.009045376302187354, 0.008713663270384598, 0.008724756713134251, 0.008734408677351403, 0.00851942154741176, 0.008502180232054988, 0.008625871827509797, 0.008422916667867143, 0.008311619911209751, 0.008198101178944288, 0.00823890891989882, 0.008213076848683765, 0.00812034637110444, 0.007999286412308515, 0.00801359741012672, 0.008097941293829285, 0.007947942478277216, 0.007896040290587238, 0.007957706693443006, 0.007750110704648105, 0.007775840077142934, 0.007602473804795212, 0.007589355607772077, 0.007558420421056108, 0.007470589303713873, 0.00755491173270279, 0.00751385201389648, 0.007418228881410905, 0.007483372059526536, 0.007352097691669481, 0.007207145707720242, 0.007287345317116305, 0.007160700182717814, 0.007150742387795209, 0.007057759169729222, 0.007025523972303751, 0.007055882702792624, 0.00703153560942428, 0.006930268154020622, 0.006952721096674625, 0.006857949304864458, 0.006846542062347121, 0.006795391606109535, 0.006781632823131064, 0.006669591659998217, 0.006662101600438153, 0.006614045346464024, 0.006627454855116433, 0.006529035972434379, 0.006634267667340638, 0.006494756189079922, 0.00646350168965846, 0.00640028223607143, 0.006467843681295246, 0.006364958760463024, 0.006518746842724266, 0.006267272104993229, 0.006304662031274047, 0.006411227564575185, 0.006340005169131428, 0.006208284776187819, 0.0062136965841058074, 0.006147051685820259, 0.006045388815948844, 0.0060739512067144175, 0.006052047477877006, 0.006106077069560721, 0.006027575002320684, 0.005934298942437416, 0.006004696608450852, 0.006014756524725096, 0.005946901903032359, 0.0059280169141820134, 0.005911252548741233, 0.005817637914030289, 0.005785055214207802, 0.005791004962816328, 0.00579923442133915, 0.0057680683254337645, 0.0057479630341605355, 0.005709310347760408, 0.005668916901758407, 0.005653824218348731, 0.005636939171049899, 0.005582556749925658, 0.005584344866789237, 0.005583801751721484, 0.005533913307237475, 0.0055320088554835604, 0.005591087248259708, 0.005447524409500392, 0.005473252281848897, 0.005516331925233025, 0.00539709404828965, 0.00548114626569296, 0.0054145294043216555, 0.005355313082634888, 0.005359840209898991, 0.005336199784152739, 0.005352192044209735, 0.005325730114051078, 0.0053303902547845085, 0.005317425768525592, 0.005242736412031053, 0.0052261515496231144, 0.005207217466653758, 0.005226875447446877, 0.005261282467350791, 0.005171216116541353, 0.005148750385694358, 0.005234918402578396, 0.005137712801420626, 0.0051205325494542075, 0.005159142203428363, 0.005077059850627157, 0.0050630462905942, 0.005062570028113063, 0.005077508115663147, 0.00504457927614859, 0.004993083083214015, 0.005007576473123139, 0.0049742612507092205, 0.004966296186321309, 0.0050189139231887414, 0.004919170826405058, 0.004924874167713221, 0.004940244447988245, 0.004963085727430911, 0.004893861332335378, 0.004909411350203666, 0.004936850642562781, 0.004906999202931142, 0.0048799017758086975, 0.004871393538266377, 0.004890517117948395, 0.004859141536257065, 0.004831026363066666, 0.004825847507618325, 0.004874092131104081, 0.004878799396825758, 0.004806400215349798, 0.004799155754383357, 0.004766327212902981, 0.005044439126850432, 0.004747036053080304, 0.00476147413321969, 0.0047060253771189645, 0.004700992901162959, 0.004692886787177711, 0.0047069568370330305, 0.004656457860533373, 0.0046801912398297335, 0.00468932131658912, 0.004645692474520576, 0.00471275892990193, 0.004629587799292984, 0.0046505768618178575, 0.004646027641084982, 0.004576549775388495, 0.004581607682536532, 0.004634308608339182, 0.0045410735923961075, 0.0045511239207732205, 0.004545652112195416, 0.004526432345624955, 0.004528176861289316, 0.004522107684032168, 0.004508861004387417, 0.004492562321527103, 0.004474844831185272, 0.004499994822449619, 0.004466390371309584, 0.004473051389344474, 0.004475004519323258, 0.004450047908318257, 0.004469453565717979, 0.004460057078118577, 0.0044957209042208405, 0.00444374483662082, 0.004496624589847577, 0.004418281372995481, 0.004471527595205698, 0.004403473126531483, 0.004921456002644339, 0.004395791705045582, 0.00442734509908454, 0.004368354080743076, 0.004367955275017527, 0.004394533591354073, 0.004372389298774369, 0.004352494400145559, 0.004349026126579353, 0.004368333306989981, 0.00430987577969506, 0.004363661128603495, 0.004303779100182977, 0.004315239542988251, 0.004323041958163718, 0.004303237615518567, 0.0042861251853888276, 0.004303351104129983, 0.004285347633950848, 0.004288344992952567, 0.004277071724982398, 0.004295170061055001, 0.004301675017842447, 0.004266247365277806, 0.0042467826014112664, 0.004261441034866176, 0.004231143938384604, 0.004251466025115475, 0.004226546873925143, 0.004268596186721171, 0.004206649304812399, 0.0042074468019393544, 0.004208973839175624, 0.004179417127374408, 0.004203288387799104, 0.0042364291570809705, 0.004187839718015737, 0.00419715212114734, 0.004188391954466938, 0.004180495708696646, 0.004190067087745845, 0.004158018521857603, 0.004146666848033041, 0.0041898837760824025, 0.004176959728544105, 0.004140550098930465, 0.004149810178364951, 0.004148732071892785, 0.004142929916277649, 0.004143074162928135, 0.004141828292215428, 0.0041406713232535345, 0.004130123059598965, 0.0041335012600618596, 0.004139465428482596, 0.004115351249189557, 0.004116606820254474, 0.004118249980012165, 0.004105103333034201, 0.004102294134201484, 0.00408949741610013, 0.0040801357968616135, 0.004080975498432959, 0.004059233233071472, 0.004071997761469611, 0.004076607287001242, 0.004074096519373144, 0.004060401657455367, 0.004043628702941472, 0.004076097806856127, 0.00406795969452453, 0.004110785623307792, 0.00409116341563329, 0.00409601132643469, 0.004043920748500591, 0.004050872285933907, 0.00406111615071993, 0.004033617370583083, 0.00403697395438055, 0.004038568747971976, 0.004026440913459592, 0.004042625069442683, 0.004014812196759521, 0.004016259821636002, 0.004014508267257339, 0.004027119516192678, 0.00401136485689822, 0.004013784190892295, 0.004006133251751329, 0.004000343926411259, 0.003997993723553027, 0.003996494647842298, 0.004006041595703267, 0.003973091852533394, 0.003967441955432839, 0.003981279760820174, 0.0039586477770627414, 0.0039657889370234055, 0.003955323717831988, 0.003955960646398349, 0.00396278084725881, 0.003943897930302223, 0.003959762509305789, 0.0040081971630078, 0.0039576477965026615, 0.00394823429570053, 0.003932779157389581, 0.003924115076444154, 0.003941252027824666, 0.003919149333696353, 0.003914184115183042, 0.00392266724092119, 0.003909997237553619, 0.003921552723196495, 0.003939818216194791, 0.003903123284061213, 0.003924608189478635, 0.003943548566989415, 0.003931011306908396, 0.0039346672919148675, 0.003900206498411239, 0.003898393484131134, 0.003945918495625439, 0.003899869166298535, 0.0038937969234314617, 0.0039124674882602154, 0.0038962860665262807, 0.0038985008301175394, 0.00389469492451978, 0.0038905816346613757, 0.0039052522461089146, 0.003889440730121657, 0.0038804443925328767, 0.003872842275312209, 0.003901647429889145, 0.0038814264729011092, 0.0038765980862918697, 0.003869813972381865, 0.003874694950635446, 0.0038812051150794976, 0.0038829980036146276, 0.003849067641013548, 0.0038526438631141867, 0.003845671114401987, 0.0038467519513399277, 0.0038378485163923586, 0.0038619995028571037, 0.003820809026016236, 0.003824515368784882, 0.003838381122627738, 0.0038400957846421242, 0.003847025523944306, 0.003802735633632795, 0.003833149692636769, 0.003817695212546479, 0.0038275391912800734, 0.0038165221385472446, 0.003821201092881553, 0.0038082925506079126, 0.0038062489371488138, 0.003789717649371076, 0.0037866976042062214, 0.0038033418735613196, 0.003789072155845191, 0.0037851773612503446, 0.003806846630483002, 0.0037805192145212206, 0.0037789388299410307, 0.003788044009517261, 0.0037569350818486987, 0.0037881791329670883, 0.0037873340684328877, 0.003775067748125564, 0.003798667235973054, 0.003796663618887175, 0.0037515332328054386, 0.003772193441865125, 0.0037649451495978966, 0.0037753684217032915, 0.003750752293576379, 0.003756915031326079, 0.00376184351857856, 0.003749261941191066, 0.003774849707962159, 0.0037544140950801284, 0.0037391808466642586, 0.0037331381092725237, 0.0037401473221121972, 0.0037395490640141542, 0.003737968099188256, 0.0037039676267391903, 0.003717150470605346, 0.003718841425112399, 0.0037332594102088943, 0.0037015648578067077, 0.003698842871048322, 0.003719364951373679, 0.003725429284826939, 0.0036970182456307053, 0.0037037958606935496, 0.00370100599584796, 0.0037078706289625533, 0.0037186072291577107, 0.0036803244971008423, 0.0036971979146377537, 0.004360772184373699, 0.0036671422409546503, 0.003668485669631342, 0.003706549389735071, 0.0037163928256818348, 0.0038190315828667055, 0.003727245828151503, 0.0037224260891211714, 0.0036785974622873733, 0.003728505718732271, 0.003673010552248707, 0.0036941718568278465, 0.003702375529831457, 0.003676892553326835, 0.003645788089416407, 0.0036986479934183482, 0.003709332407047192, 0.003708702398711361, 0.003680095538744897, 0.003664103775902043, 0.0036623355271355423, 0.0036642017355895634, 0.0036475447627371416, 0.003649683729629684, 0.003634323470393251, 0.0036114349959344423, 0.0036369429229413525, 0.003634149438538503, 0.003622779041537002, 0.003644973481197812, 0.003669070083745532, 0.00373581124288357, 0.003618889376813585, 0.0036269897350705554, 0.0036405791118765897, 0.0036202887760997033, 0.0036183287936556586, 0.003618450505721282, 0.0036305991039271984, 0.003681610860982806, 0.0036348724084635017, 0.0036179878946744678, 0.003601018056747475, 0.003678672143289582, 0.0036103259334789974, 0.003594436869513674, 0.0036135858013355555, 0.003627270904534356, 0.003593117939604403, 0.003592742046531856, 0.00359789839689484, 0.0035779221319987703, 0.003592418171960996, 0.0036085186680053726, 0.0035987969367380396, 0.00360143326143162, 0.0036426138493242913, 0.003583574343553739, 0.0035804398519735077, 0.0035760562292762236, 0.0035828162226214035, 0.003591687495843923, 0.003592549323249555, 0.0035767732103949086, 0.003576898988239602, 0.003558836659894329, 0.0035668643803448015, 0.0035618968839447596, 0.0035488162332698993, 0.0035836193681992356, 0.003571075029187661, 0.003583004487643053, 0.0036170036283589527, 0.0035651412976193623, 0.003545547992247064, 0.00356469861503686, 0.0035772981072022636, 0.0036006578246529073, 0.0035942662078752006, 0.00358388621016102, 0.003585807358579672, 0.003576763673153136, 0.003608756755789599, 0.0035862016724963436, 0.003534308128114057, 0.003530556381962582, 0.003538657981468261, 0.003553101799973146, 0.0035543066877556425, 0.003552919763813717, 0.0035845222953780303, 0.0036314076140339085, 0.0035205805148080718, 0.0035440463790529036, 0.0035161401844364167, 0.003521550302995546, 0.003964830442270786, 0.0035097239649779814, 0.0035238781623425377, 0.003518415302632073, 0.003557380433800333, 0.003555121888793282, 0.003543983736757235, 0.003515815126077192, 0.003552207838664567, 0.0034997415254971968, 0.0034989041824279557, 0.0035315596938721634, 0.0035331973932691664, 0.003534112469850649, 0.0035800138337003986, 0.003513878521654899, 0.0035241189424361054, 0.0035483527230849164, 0.00350121085906072, 0.0035244080388059785, 0.0035037808219344335, 0.003487047723014276, 0.003516722496600323, 0.0034799821668754986, 0.0034767623541347072, 0.003480955574590633, 0.0034893626083493, 0.0034784708105598558, 0.003481066353401731, 0.0034705486504783504, 0.0034943067245573056, 0.003467044841273782, 0.003492173749629576, 0.0034957076265766038, 0.0035919072000579737, 0.003477994173392586, 0.003443997070066625, 0.003443372116279278, 0.0035174883271028505, 0.003470616156713242, 0.0034629564375239065, 0.0034464547875338787, 0.00346357580420578, 0.003477760154555565, 0.003458839697716842, 0.0034901249992086076, 0.0034505583060839115, 0.003450993719562708, 0.0039028942575955058, 0.0034910987005887235, 0.0034602512641520923, 0.0034404995823804187, 0.0034438707863314083, 0.003445325240377353, 0.003505209488689999, 0.003460264885020696, 0.003440695611178691, 0.0034286012538564813, 0.003455310790473176, 0.0034232890833477154, 0.003473866158633085, 0.003439955569230317, 0.003424252147380871, 0.0034397391783667765, 0.0034707330770509114, 0.003452852655087321, 0.0034373162226416366, 0.0034460702929476447, 0.0034409377625850353, 0.003440014746699067, 0.003413626285571225, 0.0034342594839048145, 0.0034865422589006614, 0.0034149369800137237, 0.0035036723253994793, 0.0034416341365536385, 0.00343890102649311, 0.0034389353291303993, 0.003407120270329345, 0.003430323392045187, 0.003404686753340394, 0.003404500756562262, 0.0034087959185529772, 0.0034235931255795133, 0.003396975993326917, 0.003396668461304822, 0.0033933675531974375, 0.0034054380441496833, 0.003418948465871074, 0.003497955857416168, 0.0033785507034417507, 0.003392706999952146, 0.00341537938490061, 0.003422243748947158, 0.0033814839491749685, 0.0034402529092609074, 0.003401338782403912, 0.0034458505173410006, 0.0034718932359402393, 0.0034031866001529745, 0.00337748725010819, 0.003399955679574809, 0.003401082201274687, 0.003424205569497823, 0.0033755270913002258, 0.0033790268090656966, 0.0035210512654757467, 0.003390485002084814, 0.00338358924644608, 0.0033811012190996985, 0.003375598123267429, 0.003372051489575607, 0.003374647760704591, 0.0034000390973080805, 0.0033779069018009173, 0.003364835454833841, 0.003380373735140588, 0.0034005446054848607, 0.003383095231306483, 0.003355314201958967, 0.003404340783637866, 0.003364557273696095, 0.0033476787569837294, 0.00339416229249013, 0.0033638322556157857, 0.0035017920429023294, 0.003349105374409965, 0.0033850023657773297, 0.003367152376579582, 0.003401103583889153, 0.0034289646965377204, 0.0034427449619925253, 0.0033576905162202406, 0.0034282844716106084, 0.0033489793316154276, 0.003401866727064946, 0.003412148294824734, 0.0034287621696372835, 0.0034647875845041707, 0.003387470382426354, 0.0033722237766811033, 0.0033914058716405333, 0.0034225517839641933, 0.003424623777280172, 0.0033654770347857116, 0.0033510882154481735, 0.0033421958430610186, 0.003360936977497038, 0.00335361972398965, 0.003352130630205562, 0.0033402431788206095, 0.0033234303094950945, 0.0033225037941664866, 0.0033707976063811263, 0.00333997803761911, 0.003323531911885128, 0.003336509886871454, 0.003324257541774611, 0.0033160508305525777, 0.0033346282092062583, 0.003324412635657588, 0.00334274217636603, 0.0033243412742419887, 0.0033419231794639516, 0.0033215307829681283, 0.003331445593154163, 0.0033429866819942146, 0.0033617154966442573, 0.0033176243462515772, 0.0033041770533891015, 0.003315449470611001, 0.003311191348478092, 0.0033043511315239927, 0.003558257480497107, 0.003354973909788186, 0.0032976866435738663, 0.0033102650602110355, 0.003332020953077067, 0.0033153857227104858, 0.003400590511303006, 0.0033015616819132686, 0.003327641196326635, 0.003483523101059889, 0.0033335296128677657, 0.003313752122920745, 0.003301979867971295, 0.0035740263452107334, 0.0033294030757276397, 0.0033136598434494254, 0.0032951814106999227, 0.0032900509766438032, 0.003302966861871008, 0.003372301614311542, 0.0033184290382637436, 0.003358024999662965, 0.003394536565271862, 0.0033015323434050833, 0.0033124369998836097, 0.003310570842029971, 0.003286841659063666, 0.0033345118992785324, 0.0033003560190238246, 0.003328279793110586, 0.003343338222203793, 0.004473548869027899, 0.003309315855462017, 0.0033122924397074875, 0.003441847423333705, 0.0033792449124141646, 0.003443449431351642, 0.0034591675823002596, 0.003561778195577253, 0.0033752565282988752, 0.0032740560153518075, 0.0032864444534552576, 0.0032814536059764016, 0.00336950865675269, 0.0033753617306574763, 0.003571630716375111, 0.003515769718384719, 0.0038207260878531744, 0.0033181577587981614, 0.0032824554566286924, 0.003521011288671758, 0.0033698460163417254, 0.003476398037465278, 0.0035366809673627805, 0.003989966151415372, 0.003482578815510765, 0.003361740225940356, 0.0033572768363802226, 0.003325305086070811, 0.0032379581639608106, 0.003241913685625732, 0.003273414144571464, 0.0032646404154779273, 0.003342333716379774, 0.003291597154950898, 0.003359111762229853, 0.003280949535342553, 0.0033426402148275676, 0.003293369104570144, 0.0032343756157137502, 0.0032775047474000478, 0.0032456934439440404, 0.003258406110460249, 0.0032352978186216794, 0.0032192452327489685, 0.003348042163783556, 0.0033003083475382135, 0.003265586150776356, 0.0033161615942352406, 0.0033734090967427006, 0.0032837569167964947, 0.0032511743569867842, 0.003255356710936488, 0.003233615936652552, 0.00321545523045252, 0.0032166648898119803, 0.0032409095586184767, 0.0032414170861842072, 0.003218017076567239, 0.003232940518300045, 0.003995825181744804, 0.003230261520432815, 0.0032203278769436902, 0.0032588821817547938, 0.0032031419754865657, 0.003263961566480808, 0.0032283478692368335, 0.0032510234458993166, 0.003179950858409651, 0.003205732058983675, 0.0032084417118343066, 0.0031838508509317047, 0.003246319943130411, 0.003256512283905478, 0.0031940357367433573, 0.0032196840346205746, 0.0032049038555007985, 0.003176760463900322, 0.0033651651752062903, 0.003200699545425416, 0.0032433659255831095, 0.003204835195107987, 0.0032090214495625715, 0.0031989614385405417, 0.0032204647258851126, 0.0031823294013951574, 0.003166065850792479, 0.0031969226808345502, 0.003188271549360086, 0.0031727186319396024, 0.00319818435089928, 0.003166786124135751, 0.003174328575639955, 0.00317246601154651, 0.0031684544767080587, 0.0031895407718899554, 0.0031618655642852195, 0.0031570810096195907, 0.003145506411439784, 0.003161222633713505, 0.0032957412560169416, 0.0031458549660719304, 0.003182293053233538, 0.0031632764744134335, 0.0031457482484609275, 0.00315273951375232, 0.0031484413460993563, 0.0031608504706615703, 0.003136111006434829, 0.0031401286171627283, 0.0033439201421366876, 0.00314356244920661, 0.003147352807180943, 0.0031294956427525005, 0.0031406264553743846, 0.003126752794306521, 0.0031326217098877483, 0.0031378179467017524, 0.003130017549651261, 0.0031354560896940512, 0.0031258562398581674, 0.0031194011281908424, 0.0031275171406472293, 0.0031158001448947275, 0.003146131717213935, 0.003500790083090158, 0.003105424719748823, 0.0030946919177579357, 0.0031379072737441377, 0.0031578479381006493, 0.003137639645719263, 0.0031185612870468717, 0.0031122281882221244, 0.003125262940681328, 0.003108656416061119, 0.0031099967409313244, 0.0031025290717035703, 0.003100861875811656, 0.0031067142454338963, 0.0031057817207889842, 0.0031039757812919375, 0.00321497077599843, 0.0031091787180285544, 0.003142475432502717, 0.0030962449801292717, 0.003098322538273819, 0.0030945509987453097, 0.0030834753293456168, 0.003070043280422359, 0.0030986382437042433, 0.00306957745916754, 0.003088821497048304, 0.003085810615765337, 0.0030671118984052503, 0.0030759107602980856, 0.0030997393615177105, 0.0030756751833957265, 0.003075405740328876, 0.0030817060432398275, 0.0030651834027345536, 0.0030719874745985584, 0.003068646871682171, 0.0031570224737039933, 0.003075266779623132, 0.0030852726249353825, 0.0030922847288791175, 0.0030696835775066546, 0.0032110513137718895, 0.003044317495535143, 0.0030772743343241977, 0.003043162973174553, 0.0030590110927037205, 0.003083689322457034, 0.003072451399350433, 0.0031630159859801638, 0.003108479849297566, 0.0030505305393472323, 0.003039811948310033, 0.003052890172490791, 0.003056202726873501, 0.0031361375216388157, 0.0030175032776908264, 0.00307768153283709, 0.003051249438512375, 0.0030838286039257855, 0.0030286248891911375, 0.003018624712926334, 0.0030116187618695637, 0.0030237536224843845, 0.003031951889350212, 0.0030241833397672644, 0.00302263137778697, 0.0030113945870121647, 0.0030227943616006514, 0.0029911069636892147, 0.002996848727574404, 0.0030036091759129344, 0.0030207993299452107, 0.0030086455237963755, 0.002984267201890624, 0.0029993962064203228, 0.0029994549195797703, 0.002981160363386339, 0.0029988391807734046, 0.0029880184407975133, 0.002981569646506733, 0.0030105740114599777, 0.0029804618817112012, 0.002963712651886741, 0.002994455018114951, 0.0029596121832308766, 0.0029872251127843748, 0.002970927875762015, 0.0029643166111212008, 0.002963840924716331, 0.002975300883765188, 0.0029762669744741077, 0.0029618659812722242, 0.00295736531244373, 0.0029742417066220338, 0.002964425998053008, 0.003032644997401962, 0.002927806286358289, 0.002945679885497719, 0.002945037737619312, 0.002945642985168972, 0.0029470512156316363, 0.0030288185020168512, 0.002906332084982494, 0.0029338100885409977, 0.0029225602045261315, 0.0029245382057234803, 0.0029232822167601395, 0.0029189855190349906, 0.002904339184262528, 0.0029127818629736428, 0.002897845967152792, 0.002910012897110589, 0.002903132306377872, 0.002905252676304546, 0.0029040384333212602, 0.002897868336477061, 0.0028842560691397646, 0.0028942666109390875, 0.0029068466990587183, 0.0029048387202191273, 0.0029089478308602823, 0.0028886408974104247, 0.002883628250455163, 0.0028702687733419235, 0.002883627207477152, 0.0028774304523030312, 0.0028636136757588023, 0.002855706724032339, 0.0028541251818566594, 0.0028634952862455418, 0.0028481651627048897, 0.002857086354784444, 0.0028614345053683517, 0.0028389878103762395, 0.0028239504074741443, 0.0028784056084989883, 0.0028470793581355774, 0.0028407566894027994, 0.0028484158751024753, 0.002850184333515597, 0.002841174343398282, 0.0028293910520929837, 0.002826280779388829, 0.002813740407043463, 0.00285720825135614, 0.0028222462156442486, 0.002818354636747466, 0.0028174405855416283, 0.0028900165244456475, 0.002821094896013512, 0.0028194865325359246, 0.002816835494074693, 0.002817423243489365, 0.002805132311251987, 0.0027784812518844137, 0.0027801649674840012, 0.0027655843071634585, 0.002803682432592484, 0.0027917795697049333, 0.002792719245421055, 0.0028128004458885703, 0.002799396280266539, 0.002821931262752772, 0.002793737442650869, 0.002779483180790365, 0.0027729522022869007, 0.002830676436880879, 0.002786371319911795, 0.0027827195769617816, 0.002764010205447963, 0.00275596955310055, 0.0027674267839925743, 0.002770624576962518, 0.002756783841374125, 0.002759997882055012, 0.0027542123808123654, 0.002750090615765095, 0.0027542907636079906, 0.002794248675712931, 0.0027452029007194972, 0.0027592700357039973, 0.0027809305397085466, 0.0027650196562181294, 0.0027614532009699066, 0.0027607838538610072, 0.0027374167693505085, 0.0027275825969359665, 0.00271774671617292, 0.002752388772421516, 0.0027601624923144427, 0.002736978826428475, 0.002736802347234071, 0.002749666256509851, 0.002765102264037972, 0.002745053202613255, 0.002727666854626163, 0.002732225172655793, 0.0027238131262378395, 0.002747157905100252, 0.002727724715121087, 0.00273532960905418, 0.0027255519868663344, 0.002726347379176118, 0.0027252508523152243, 0.002726233944115325, 0.0027300271495683194, 0.0027349491986304233, 0.0027235624494751265, 0.0027225370027049913, 0.002723376226578733, 0.0027194304209300756, 0.002708009954410447, 0.0027200857120458465, 0.0027217003488008294, 0.0027128409030900695, 0.0027188267026411863, 0.0027346102285636764, 0.002761349802666339, 0.002701603812637634, 0.002733728852607479, 0.002822545588455519, 0.002718140626660897, 0.002743254573645115, 0.002768740064469503, 0.0027012431945200874, 0.002694897591689121, 0.002744002682263653, 0.0026936785807383933, 0.0026928550252367637, 0.0027113568038828386, 0.002696586467709324, 0.0027006330543849245, 0.0027260149565766045, 0.002694007665718881, 0.00268885206665922, 0.002683099238925601, 0.0026762554755760974, 0.002678153644429654, 0.002681288228745527, 0.0026844777152315565, 0.0027064674125831713, 0.0026800471333931417, 0.002678015517815593, 0.0026888444735416925, 0.0026912219803902435, 0.0026966324660979745, 0.0026724101574436944, 0.0027026054115359605, 0.0026724948138149465, 0.002679244578636825, 0.002670947425829189, 0.0026678235933913206, 0.0026707670436681786, 0.0026949091272650424, 0.0026820167891625103, 0.002684145850213993, 0.0027003535596113503, 0.0026875753716846724, 0.0026844928335357852, 0.0026777622094280207, 0.0027072888517269827, 0.0026720034709049796, 0.002672633003533982, 0.002692685669695839, 0.0026803421580040747, 0.0026773793769815798, 0.0026582986891808174, 0.0027176334771215603, 0.002686842830808365, 0.002662421734390325, 0.002675995071454026, 0.0026794577337022315, 0.0027915552724015105, 0.002648478770707406, 0.002652451651778427, 0.002682761177925654, 0.002660002694228517, 0.0026509818041233974, 0.0026976680807108324, 0.0026570984326612316, 0.0026593152211784625, 0.002650107703914394, 0.0027253145310627467, 0.002614957942559101, 0.00264530910137812, 0.0026545056308994344, 0.002652874169509843, 0.0026567638193104744, 0.0026712330744236017, 0.0026950354611253485, 0.0026132677901444705, 0.002653574609211124, 0.0026590735235846354, 0.0026234105905400297, 0.002625097239166351, 0.0026473301962638513, 0.002620073404590009, 0.0026411754374415664, 0.0026303453201568694, 0.002630852878096965, 0.002634817469765707, 0.002654609498350283, 0.0026175237594441817, 0.0026387107787627716, 0.002621574385284745, 0.002629053747796711, 0.0026211984825133747, 0.002621601397764711, 0.0026213870522570834, 0.0026167562707341764, 0.0026007055962983866, 0.0026286389220017024, 0.0026250973977959458, 0.0026363411233408947, 0.002645444165447514, 0.002617495488898391, 0.002608667160879335, 0.0026236786744334864, 0.0026068661228318937, 0.0026120617610385336, 0.002606859148807666, 0.002612985319052808, 0.0026082725466891163, 0.0026060255255427327, 0.002616615792624999, 0.00261349429340255, 0.0026060095867148016, 0.0026022063631243237, 0.002588898534686392, 0.0026112236381455353, 0.002581899398341941, 0.0025897567436600714, 0.0025975843006972167, 0.002592315960243609, 0.002606846218797421, 0.0025874315970583674, 0.0026399207418227387, 0.0025973179705482555, 0.0025768164340127593, 0.002599355474410787, 0.002586066969837064, 0.0025822138230273436, 0.002583903555131165, 0.0025965711415778456, 0.002577130299631734, 0.002589667731468255, 0.0025707001755770624, 0.0025802173215465616, 0.0025764097069503463, 0.002579396664413154, 0.002567124990306503, 0.002576397413289393, 0.002584153638592056, 0.002561777259798041, 0.0025878985537749425, 0.002589459554550273, 0.002570472278874614, 0.0025710146104912434, 0.0025529631749938064, 0.0025665082032926595, 0.0025655920403561214, 0.002594441245761355, 0.0025596279006231334, 0.002553528171486842, 0.0025555893004950217, 0.0025761658356570193, 0.002550378894152683, 0.0025565453987985835, 0.00254267351544691, 0.0026205410518992324, 0.0025503218758451142, 0.0025640307112364566, 0.0025622615932476543, 0.002558564844501164, 0.0025548661765372096, 0.0025541957182184933, 0.00255812756432804, 0.0025523608384573483, 0.0025432733222424298, 0.002541096774906378, 0.00253900181937293, 0.0025499072733128976, 0.002538047312730508, 0.002538670491866001, 0.00253543733732066, 0.002536180006178285, 0.0025517415012598675, 0.0025745037477949016, 0.0025493488774886303, 0.0025215824769948, 0.0025166553769601146, 0.0026179903400616873, 0.0025616378483439605, 0.0025403027439304927, 0.002529951813240703, 0.0025246080094808113, 0.0025237262205416115, 0.0025298513193822546, 0.0025444441476454665, 0.0025271620255968344, 0.002515593664557737, 0.002540821721825332, 0.0025950506665588986, 0.0025285367568447753, 0.0025258160484817275, 0.002518518946021744, 0.002513613098915264, 0.002531985446496618, 0.0025254654459296966, 0.002516874402223024, 0.0025147544890463305, 0.002516474524993812, 0.002530643537658328, 0.002517047944864456, 0.0025110357029359074, 0.0025189888269783298, 0.002507574955921317, 0.0025159071579007593, 0.002504904845704771, 0.002519388231014457, 0.002511480928384224, 0.0025150473509557127, 0.0025084692656356265, 0.00253837242357487, 0.0024864684050314987, 0.002498245630342208, 0.0025007044298925437, 0.0025116572442131745, 0.002529938965908051, 0.0025172543555126536, 0.0025053050323796742]