Model Setup for Control Patient 14:
ITERS=1000
LEARNING_RATE=0.001
OPT_RESET=None
ATOL=1e-05
RTOL=1e-05
METHOD=dopri5
Input channels=2
Hidden channels=32
Output channels=2
Runtime=168.95843291282654
Optimizer=Adam (
Parameter Group 0
    amsgrad: False
    betas: (0.9, 0.999)
    capturable: False
    differentiable: False
    eps: 1e-08
    foreach: None
    fused: None
    lr: 0.001
    maximize: False
    weight_decay: 0
)Loss over time=[2.6161625112577327, 2.5986256110858226, 2.582093107569058, 2.563374269471251, 2.5454584573111108, 2.5242085839197146, 2.507747726421738, 2.4798854006689495, 2.473344032281709, 2.450225239676124, 2.4392416185836825, 2.4233918104300676, 2.4072298325669284, 2.387848356294439, 2.3747287266285615, 2.3597512550772097, 2.341651361527899, 2.3250235342747505, 2.317380278308548, 2.3033500782397542, 2.2827150193964165, 2.271021763280658, 2.2563798014344707, 2.250273456436273, 2.2293607820418004, 2.2165037976371074, 2.2072070700191486, 2.1877219211850796, 2.1773534822367084, 2.170964551581011, 2.15324851027613, 2.1456222991674547, 2.1271328533825753, 2.114274554887993, 2.1063651413264015, 2.093054530931258, 2.0847652261905307, 2.0713461719125985, 2.0623763904976053, 2.04366097563113, 2.037991574935718, 2.0208402768633102, 2.014805142327144, 2.0021822263401785, 1.998784101053041, 1.9854014231227621, 1.9737176809514987, 1.966017060078425, 1.965151489046587, 1.9403202864253153, 1.9358815735918846, 1.9177160936454412, 1.913249175669612, 1.900004794791102, 1.888962316449561, 1.8827810337897888, 1.8683982808302162, 1.8610793460934154, 1.8531486528144996, 1.8454653305589703, 1.8303495491841923, 1.8286672964544395, 1.8154004273067441, 1.8050429079284631, 1.800120443190916, 1.7870925807555766, 1.774215112058525, 1.7662278502107656, 1.761190622171766, 1.7460424123454317, 1.742768652888691, 1.7257720056425114, 1.7192081189783506, 1.716794465403998, 1.7029754798278014, 1.694963105404304, 1.6864544346968686, 1.6774549273800496, 1.6726872231378445, 1.648923693110355, 1.654148733266061, 1.6419637746289366, 1.6311525368199107, 1.6280750190491249, 1.6185784051176197, 1.6111436340138312, 1.6012647839311789, 1.590025967443873, 1.5854935628590405, 1.574076348267271, 1.565413950541995, 1.5569033739899487, 1.5446157970735719, 1.5432432750849043, 1.5316865804590227, 1.5202440268087407, 1.5155813901718815, 1.5036345884854443, 1.4946895404452893, 1.4874799208311364, 1.479793386237185, 1.472368186266415, 1.4611483326875943, 1.456054287814898, 1.4424913959143384, 1.4383174074015799, 1.422952748281964, 1.4181044346317961, 1.4088094434256369, 1.3991619764597554, 1.3973650414976548, 1.3895042897435521, 1.3814711074837287, 1.3724203728368969, 1.3632751448362088, 1.3541484177077119, 1.3471295459445232, 1.340319723093318, 1.3294019031268867, 1.323429539109262, 1.3167754565642509, 1.3082781848620284, 1.2968998658806727, 1.2936071681750605, 1.284408268488353, 1.272885056030397, 1.268712497810975, 1.258774611763908, 1.2568998884830895, 1.249288344339481, 1.2406679555232782, 1.229405793994644, 1.2252085783298716, 1.216257005547696, 1.208069247464408, 1.200776620092569, 1.1932351910549128, 1.1881214471853703, 1.175328981441483, 1.1682914689666084, 1.1654507775234124, 1.1568770460800062, 1.1479904681597615, 1.1417299149150024, 1.1352396721173366, 1.1265290778566557, 1.119179592857336, 1.105932762553471, 1.1044575668096088, 1.1028088817804074, 1.0871870615573676, 1.0805871472860162, 1.0715632372281705, 1.0675390393254798, 1.0607101240176553, 1.05248788077652, 1.042240512085202, 1.0375113687718176, 1.028509511481054, 1.019101451496451, 1.0167936853499429, 1.0068616295505224, 1.0010870399389173, 0.9923399035041608, 0.9862306235097216, 0.9820790695528476, 0.9707171380527242, 0.962566100888473, 0.9540808653203329, 0.9499050114648565, 0.9446984013597337, 0.9374926966130072, 0.9289198814500348, 0.9240085964036534, 0.9193603318978645, 0.9075896153516044, 0.9016190514114796, 0.8974595961753102, 0.888025618389955, 0.8833883956702532, 0.8764226919082887, 0.8724272292629848, 0.8601212218484607, 0.8612673583367122, 0.8479755864359507, 0.8428388163833295, 0.837640695147114, 0.8308027107944657, 0.8280321107042437, 0.816871461224235, 0.8111794536723861, 0.8001621689507608, 0.8023419836552773, 0.7923714419032428, 0.7947783202227509, 0.7878264635831876, 0.7733248585966037, 0.7602725568470049, 0.7556544294348495, 0.7610720486875574, 0.7506367327250613, 0.7427042516216926, 0.743899087703216, 0.7276341897534315, 0.7246005835523109, 0.7194168852096277, 0.7130729144158107, 0.7123829907769877, 0.7008918588199264, 0.6925849782277961, 0.6836106232590318, 0.684260029763501, 0.6785642945830054, 0.6729300545601764, 0.6662254267305426, 0.6584798658283373, 0.6508563706503666, 0.6499880773733794, 0.6411579674669897, 0.6432772596866716, 0.6358909244653767, 0.6250734129880849, 0.6149556251538414, 0.6106735412141895, 0.6156857642087791, 0.603934489418202, 0.6003877151277361, 0.5881429794001377, 0.589036506720281, 0.5832699626338316, 0.5769689548682776, 0.5719428678806954, 0.5643586977782513, 0.5616348569382325, 0.5567313116609398, 0.5478222323054986, 0.5455948026817693, 0.5369798032305567, 0.5366194213340273, 0.5308223169898736, 0.5166749750454533, 0.5186514573425709, 0.5157004734557876, 0.5092193615350513, 0.5118060112641931, 0.5035848585256372, 0.4894381241713948, 0.48613938275068397, 0.4840843320176966, 0.48532500065318396, 0.47476879143404765, 0.4700971024101053, 0.46457939336035337, 0.4609173838080673, 0.46459511283893506, 0.4515785561907572, 0.4470867347604953, 0.43872674810137835, 0.44772528406679885, 0.4334132380133626, 0.4265718318365204, 0.42627342075637886, 0.430591550039275, 0.41480964511659396, 0.4172420406285122, 0.40130570473609983, 0.40121827679240174, 0.39907968215665635, 0.395658929067392, 0.3915183580219119, 0.3827390072560681, 0.3925476826181742, 0.3770575281514539, 0.37262167507481686, 0.3588602705392361, 0.36306605654604174, 0.3549722719050045, 0.35731300267560573, 0.3549949738398463, 0.35051348453218373, 0.34334394331943446, 0.3375829273674643, 0.33883930976975835, 0.33037488899473166, 0.32908558664759613, 0.32773918881392344, 0.3162546613779163, 0.32873621178130713, 0.325554139406718, 0.26222514745267766, 0.3108497017462648, 0.3042706793057659, 0.2967649779352222, 0.2881888696523242, 0.2907810643179816, 0.2794844432275278, 0.27492191327439414, 0.27858862982484894, 0.2662871753434546, 0.2656494565465109, 0.26149443991881527, 0.25782298015082505, 0.2598725574659239, 0.257891371157865, 0.24903123460040624, 0.25677673781177623, 0.24985584839832686, 0.24865772184529156, 0.2375516453478332, 0.25109334344737877, 0.24782981673053242, 0.23468276588911674, 0.23304290846158252, 0.22624269385065754, 0.22650642858325332, 0.22823000040386326, 0.21885244173959426, 0.21620816168412163, 0.21502938720263168, 0.2151759616295106, 0.21495558779343, 0.20923714510614963, 0.20211875373809926, 0.20616883489964638, 0.20176880497438587, 0.1890083458857277, 0.18964844114847212, 0.18835633136797048, 0.1933932680125234, 0.1895012157607158, 0.19008431585439195, 0.18568004700714036, 0.17583521501538898, 0.17382592326952184, 0.17627860336123885, 0.17501274738542882, 0.17273776301619712, 0.16462573452706858, 0.1641940453248446, 0.16559390575345503, 0.16354061068680575, 0.15872086644407005, 0.15811196445868259, 0.153069112186288, 0.15356490195217995, 0.15292389833846054, 0.15193523118525976, 0.13685017924646292, 0.1423340151463966, 0.1396868760636979, 0.13843708424748233, 0.13581813524750477, 0.13437670103161833, 0.13135835955698366, 0.13042273626206516, 0.13048647832631446, 0.12450503413410662, 0.1254158832285442, 0.12312540146140555, 0.12149945009116624, 0.12155012195728272, 0.11790980149782584, 0.11648652097071595, 0.10820358571026008, 0.11265833282530115, 0.11330246319613205, 0.11419029083929763, 0.11162086310138998, 0.11136614910120955, 0.10424212791911408, 0.10469806022115619, 0.10254492167917251, 0.1003696414911694, 0.1039540815938564, 0.09966025040805505, 0.09874870043643376, 0.0955042247856538, 0.09429953059783495, 0.08571710479859612, 0.09404789528175662, 0.09479808453954014, 0.09116442516826061, 0.08899271660379089, 0.09061748767493857, 0.0870178442082128, 0.08552062108531847, 0.07894486500540052, 0.07934345458338386, 0.07891012039589992, 0.08109070229808056, 0.07850791271624159, 0.07691394020659882, 0.07709799724914193, 0.07440164088099875, 0.07581520878458509, 0.07250752870846887, 0.069774030856045, 0.07105192573002818, 0.06804966066792034, 0.06922541863510602, 0.06365383921093702, 0.06675619912983287, 0.06318417500310201, 0.06470822974193434, 0.06207634909197575, 0.06349548486808693, 0.062377868462648194, 0.06002453495107925, 0.06069358340319129, 0.06101331287354845, 0.05747622033287902, 0.05624278198940481, 0.058295294614796093, 0.05618946685487685, 0.05551421710462605, 0.05543515999007836, 0.055369435171253235, 0.054571793543558594, 0.0537293715794592, 0.05293355827961992, 0.05094107740278569, 0.05123308209133266, 0.050260350884219346, 0.04935567379452466, 0.04901576142187234, 0.04823816285184193, 0.04826530770027622, 0.04752631198754005, 0.04566881036475035, 0.045526198445936236, 0.04455255834661354, 0.0450203207962746, 0.045166862402347845, 0.04284703072595641, 0.04278004895277943, 0.04129738587193595, 0.04124637000809324, 0.04001193533377647, 0.04045653467188414, 0.03893129854906463, 0.039226312154688595, 0.03698091494702509, 0.03663503156417698, 0.036957553909214784, 0.03569468584573457, 0.03470556706384854, 0.035688517976063136, 0.0354052127305716, 0.03562500542569115, 0.034711209229392366, 0.03401803636116234, 0.033604665176731996, 0.03346608227315127, 0.033493715547730944, 0.03182820766394162, 0.03155298616433613, 0.030924761337002768, 0.029947931683167662, 0.03147426658891142, 0.03138252562165769, 0.029716029302695755, 0.02922775602005988, 0.030065908501023798, 0.02913083672779718, 0.028543769580346975, 0.02879885486704914, 0.028364532878241477, 0.027290946660173045, 0.02791224842354766, 0.02657871121672772, 0.026646980210861957, 0.026229369343322765, 0.025632250091285277, 0.02511732116271775, 0.02513420536201687, 0.024693665462404722, 0.02423931823836223, 0.024224069937825846, 0.02379035765726615, 0.0236935122974915, 0.023213822765901327, 0.022824283934394195, 0.0227058394959701, 0.022349546080866974, 0.022611096435822767, 0.021697709249587745, 0.021700084069553486, 0.020772400333970157, 0.02133511743553886, 0.02093008931337948, 0.020192059569051138, 0.019974179767930093, 0.019907266699651437, 0.01971823049201252, 0.01932850312339834, 0.019045648768880284, 0.01882581775655234, 0.018579357147059647, 0.018391210790206558, 0.018597943007639492, 0.01841774804352697, 0.01801080506494189, 0.017562573641266867, 0.017324146808572333, 0.01768167158094158, 0.017472435144305788, 0.01672321110744935, 0.01718375269127959, 0.016627795559352437, 0.01656228873683049, 0.016527125950416367, 0.016352160529344725, 0.01621353753195335, 0.016164623713727955, 0.015893621209444406, 0.016073930031561226, 0.015833300114042655, 0.015751001350798065, 0.015708301510200785, 0.015607969811482108, 0.015479623169521806, 0.015282969493675302, 0.015170196814620314, 0.015125465524340324, 0.014763966129183915, 0.01457954212963829, 0.014647411333034509, 0.014491449138180108, 0.014307593438658056, 0.014096068916751754, 0.014099578837063548, 0.013958396108499816, 0.013827273596605709, 0.013708292403467949, 0.013591082531845261, 0.013463563265722643, 0.013334609771600031, 0.013182252533330836, 0.013025302085126332, 0.012970614807932329, 0.012981487736452224, 0.012887776870703171, 0.012705508813852255, 0.01262348559233966, 0.012691588870765373, 0.01248282183628918, 0.0126253323954397, 0.012495377571644232, 0.012266781809364942, 0.012232364875830076, 0.012132376966482976, 0.011916640786712441, 0.011969282316901912, 0.011818483411257845, 0.011783943189174662, 0.011682598393046452, 0.011555311401956798, 0.011579758029517682, 0.011433918584626975, 0.011383040922620042, 0.011303193841185147, 0.011154552017148154, 0.01114940075897079, 0.01107035135055382, 0.011008237708292802, 0.011006349262278616, 0.010785548943746576, 0.010713772915149111, 0.01055961369801179, 0.010550132706237093, 0.010474570724993852, 0.010485024817439171, 0.010386361732875804, 0.01032495507114597, 0.010315499678059446, 0.01039900671655739, 0.010128713012691828, 0.010034438952052298, 0.009979500449833612, 0.009976798945494305, 0.009923047841819625, 0.0099100667649656, 0.009783750640320636, 0.00977146259155105, 0.009722050266892854, 0.009658323569813417, 0.00961060607886255, 0.00962127730603273, 0.009582343037320343, 0.009620910837106061, 0.009673868829389108, 0.009542285888163811, 0.009433527094032498, 0.009392708949611509, 0.00931247701339934, 0.009307118325245858, 0.00921771901495046, 0.009140676769513507, 0.009041592680593286, 0.009007391604395343, 0.008959866736719212, 0.008858022823349347, 0.008876746164728904, 0.00883710136167033, 0.008751933945629863, 0.00875936602546397, 0.009024004257069063, 0.008938916951538449, 0.008859823485073514, 0.008902549695219473, 0.008689261599992313, 0.008601397192477213, 0.008576428987852576, 0.008530128919404701, 0.008490306726762216, 0.008542305783950209, 0.00843605610495677, 0.00849829783754772, 0.008321345894419348, 0.008234994325311116, 0.008238098485461304, 0.00825239998078463, 0.00827016352853794, 0.008179183782311682, 0.008071696202283544, 0.008065094759504789, 0.008658470707169262, 0.008143174726234362, 0.008083644802582344, 0.007953682581265109, 0.007862611002445247, 0.007951816121167339, 0.007872029121464811, 0.007765207741082896, 0.007785143439644106, 0.007755602880864006, 0.007779141489175034, 0.007832011572286022, 0.0076987422274807935, 0.007717419409417988, 0.007737488964984615, 0.007674907004410234, 0.007694031691624012, 0.007615692461753382, 0.007625944402598317, 0.007593827578961465, 0.007530489008211416, 0.0075368057957157725, 0.007486109225043661, 0.007369465150884349, 0.007401407144874959, 0.007460211432492269, 0.007389276071150586, 0.007345243605468955, 0.007276060626561021, 0.0073308482090315066, 0.007313917333506136, 0.007435524524420332, 0.0072931335051821455, 0.007259204350760024, 0.0071801307460807266, 0.007165746922943955, 0.007181016475219265, 0.007131262179568798, 0.007022849814866911, 0.007037927724183695, 0.007137804790169549, 0.0070542899941950675, 0.007015181698653558, 0.006976635592249577, 0.006999174408845129, 0.006968293162005133, 0.007044664734382542, 0.006913373412212363, 0.007061367084008171, 0.006925307426918301, 0.006878748542757846, 0.006844959165808403, 0.0068664260689244895, 0.006836361826117584, 0.006765273700362415, 0.006796791874251887, 0.006895951544005367, 0.0067683082022879865, 0.006749780391429857, 0.006744350384387573, 0.006795706228213289, 0.0067653390927431755, 0.0066649704654068226, 0.006658748985633345, 0.006714249290740828, 0.00664160264903616, 0.006640477380309851, 0.00662788077250329, 0.006561650894682669, 0.0065988599187470805, 0.006514836618515734, 0.006519702961965057, 0.006481186872582035, 0.006548047492911408, 0.006492315764332904, 0.006592714400864911, 0.006535364965132962, 0.006644368688855412, 0.006498780037765986, 0.006584280572041223, 0.0065363683807865315, 0.006442797409228414, 0.006399799262978923, 0.006394785873328226, 0.006441133392789003, 0.006343834651223251, 0.0063136438583255025, 0.0064848703423019925, 0.0063676108667933325, 0.006380287667520951, 0.006535105223830054, 0.00631962689398296, 0.006303845205276718, 0.0062746487612225735, 0.006353069878416094, 0.006371277786766146, 0.006178792296974347, 0.00620415908295023, 0.00623223157401941, 0.006259338292201668, 0.006200257864611735, 0.006134458868232693, 0.006131454342311247, 0.006126529311431563, 0.006104328955706722, 0.006051954075524002, 0.006072889553156679, 0.0060389540764547965, 0.006022625706775137, 0.005976000458770749, 0.0059930963867864204, 0.006100927724701436, 0.006098648297821422, 0.005945217696106619, 0.005980513916363273, 0.006034367014087178, 0.0062771206130101224, 0.006055887128267683, 0.0060744390035177035, 0.0061274484281318015, 0.006210604749993379, 0.006185682182526825, 0.00602648491423463, 0.0062364151380784475, 0.006017542809985519, 0.00601080300758775, 0.005999498804384665, 0.006104948986996486, 0.006043283099569083, 0.0059712100180947135, 0.00603419104531569, 0.005989695254131494, 0.006005953314953507, 0.005976238636976699, 0.005893783414420952, 0.006074178711260891, 0.006121502985947177, 0.006034339731832871, 0.005950065435646529, 0.006004890329638968, 0.005891462119928262, 0.005839586929948359, 0.005892920263220766, 0.005877859433399451, 0.005820129196562771, 0.006000625896323642, 0.0059830857082536874, 0.005893653853855383, 0.0058333099690073935, 0.005770759369954023, 0.005827769169070382, 0.005845031827257355, 0.0058198061457160975, 0.005864434014414258, 0.00579533723019665, 0.0057194290551286445, 0.005669754371455169, 0.00571525530827659, 0.005738412394003163, 0.005872266701083754, 0.005636727781980627, 0.005651701158893499, 0.0056189205242226795, 0.005751909606039696, 0.005741949596564014, 0.00570768629745612, 0.005945814620739432, 0.005760487905651959, 0.005628572561468828, 0.005675055200698078, 0.005777444834318246, 0.005637499844788183, 0.005642045297983103, 0.005626391644957712, 0.005804188974910182, 0.005776380143890866, 0.005766050492332908, 0.005564414053320472, 0.005519943952989375, 0.005662651202284771, 0.005580387687474976, 0.0056116245724183314, 0.005746582255663827, 0.005720190214847123, 0.005669698336017528, 0.005710508618053531, 0.005637604155087699, 0.0055240064915223035, 0.005558399750762825, 0.005543564568605883, 0.005578125760911212, 0.005830934979130745, 0.005828601763422077, 0.0058094888483554204, 0.005555016745890622, 0.005409313051979465, 0.005505428628494894, 0.005558035832533605, 0.0055389620893930396, 0.005812573598121479, 0.005667128811619565, 0.005482854133071723, 0.005487017322129615, 0.005591144757916258, 0.005759499331572729, 0.00550946128508948, 0.005474902895532844, 0.00542056886698593, 0.0055188097920368, 0.005495649280823107, 0.005522440431001023, 0.005630018299007705, 0.005353150129136617, 0.005419917848585498, 0.00555789271415972, 0.005466256052517256, 0.005434372768676895, 0.00580817916327038, 0.005439496627551218, 0.005441179442900735, 0.005580761947381864, 0.005435313243198827, 0.00547649566714082, 0.005493714131822197, 0.005531195095475481, 0.005330189130664035, 0.005389227726431176, 0.005350308198115414, 0.005389662733608954, 0.005351551342726578, 0.005376251104466218, 0.005353903625217689, 0.00532359903352654, 0.005436842948985401, 0.005564120749737834, 0.005533782271071932, 0.00532513592442865, 0.005325304784024626, 0.005308148617119088, 0.005345069074355586, 0.005246724772179823, 0.005308027184494451, 0.005321480270677844, 0.005285341882239136, 0.005296691470422169, 0.005300177546666176, 0.005282994019693398, 0.0052704483931340735, 0.005185268828963652, 0.005301260134876563, 0.005336367575478769, 0.005276678155626262, 0.005463333151279032, 0.005352302324747467, 0.005304510425465692, 0.00524778367441535, 0.005255465619893105, 0.005385464302924931, 0.005193009305189217, 0.005282298842330574, 0.005211336837111262, 0.005489713492025323, 0.005603955554508772, 0.005419254788257552, 0.005337111599495587, 0.005355407210289206, 0.0052676991902615815, 0.005343273978426256, 0.005294828612614021, 0.0052519195356527945, 0.005315402644703627, 0.005362834110451977, 0.005260674694174658, 0.005254963106645487, 0.005258032135534445, 0.005286682771418912, 0.005342454976519278, 0.005321138258416013, 0.005337315277096127, 0.005222689185376415, 0.005236329838356883, 0.005272347943687208, 0.0055235566942387244, 0.0052241172962898775, 0.005186182226007121, 0.00513640787961303, 0.005337993793782845, 0.00550857275816733, 0.0054286080873789935, 0.005419237253183748, 0.005172181303770361, 0.005217519863522992, 0.005209285659599041, 0.005180783923129721, 0.005357817845248291, 0.005431547368829088, 0.00521848862082781, 0.005180544131954621, 0.0052008856457044185, 0.005187676960702495, 0.0052162489664186636, 0.00518047522201354, 0.005220435419509308, 0.005178971955099913, 0.005197518530818295, 0.0051248248023622565, 0.005251311987610085, 0.005104306784502482, 0.005145839599579576, 0.005168574430319046, 0.005102536606227725, 0.005253536625945444, 0.005235709712816613, 0.005341942431716562, 0.005024078074007542, 0.005147338735956355, 0.005065080462497638, 0.005369975280937078, 0.005239665147010909, 0.005294991079635466, 0.005180601943155237, 0.00513279991260788, 0.005127778174932757, 0.005131562701349641, 0.005124666862483792, 0.005143092578723186, 0.005136800714693147, 0.005228160233402738, 0.005084397837479885, 0.005220634792678175, 0.0050677476894672255, 0.005287760243506202, 0.005147469788796578, 0.0050435497006974745, 0.005115022704059204, 0.005099285515684976, 0.0050554064493684115, 0.0050672030800781665, 0.005063393850598633, 0.005070444495662466, 0.00515936293702912, 0.005117487878494315, 0.0052646359851284165, 0.00513843311950139, 0.005071972887278458, 0.005080009724026889, 0.005081217537906907, 0.005070853606794366, 0.004970050666410646, 0.005110725434825535, 0.005058441533386109, 0.0050124677016256565, 0.005058110498446956, 0.004992396063701949, 0.00501403969510952, 0.004880295728748288, 0.0051062864844663635, 0.00505744078932133, 0.005009846780145066, 0.005082797014673954, 0.005083771024040585, 0.005048823777569896, 0.0057050473389801655, 0.005151003109213107, 0.0050962562536784545, 0.005030726799617527, 0.00505700061973826, 0.005101169241999859, 0.005016724650169094, 0.004996118614552492, 0.0050650349763928385, 0.00506624091480929, 0.005059524966842686, 0.005015660422692192]