Model Setup for Atypical Patient 1:
ITERS=1000
LEARNING_RATE=0.001
OPT_RESET=None
ATOL=1e-05
RTOL=1e-05
METHOD=dopri5
Input channels=2
Hidden channels=32
Output channels=2
Runtime=170.55499792099
Optimizer=Adam (
Parameter Group 0
    amsgrad: False
    betas: (0.9, 0.999)
    capturable: False
    differentiable: False
    eps: 1e-08
    foreach: None
    fused: None
    lr: 0.001
    maximize: False
    weight_decay: 0
)Loss over time=[1.9433223415648777, 1.8921943206686824, 1.8468272728112063, 1.8029287588882412, 1.7570804797941078, 1.7003826244088358, 1.6700970623139513, 1.6373993359834842, 1.5910958104130821, 1.5548173713523687, 1.517474699156727, 1.476853521625875, 1.4530355274981908, 1.4146039748492425, 1.377302459187721, 1.3594116996671217, 1.3236948556592594, 1.2934788134958222, 1.275663620472123, 1.2422497766825786, 1.2232285191103975, 1.2039699887330033, 1.1811297839724193, 1.1661411057522015, 1.15338127576211, 1.1418502154096875, 1.1202894833359833, 1.1059793430213434, 1.0879872385340035, 1.0736842937571305, 1.0688782334105658, 1.0530029227070838, 1.050907383914887, 1.0359244552448905, 1.0232948178838421, 1.009620217767109, 1.0021446837542427, 0.9982173446082954, 0.9938419987802521, 0.9789070551416267, 0.9757454395430322, 0.9561455558893933, 0.9597460472705287, 0.9519759148824488, 0.9475920555614675, 0.9430603608360045, 0.9318189173005899, 0.9337067551448325, 0.927343768727454, 0.922160402487465, 0.9189569096868658, 0.9102266214070996, 0.9067596150905056, 0.897646648272146, 0.8952965500094394, 0.8902065207435801, 0.8851197491252226, 0.8776705993355549, 0.8756394298721467, 0.8709767095757477, 0.8650874349863266, 0.855361959441613, 0.8516881322290678, 0.8541394423935084, 0.8499380202355201, 0.8429724427600068, 0.8427651568896899, 0.8361505970733467, 0.8341461750424055, 0.8280369641447366, 0.8248214389427563, 0.8193495226638219, 0.8139033843533672, 0.8138089472328717, 0.8062609150642431, 0.8067001912316556, 0.7981968155213786, 0.7961220537087964, 0.7920760480008314, 0.7898554619667142, 0.7842989716080649, 0.7856160081296786, 0.7782833014706573, 0.7745028240899082, 0.7713856894910553, 0.7676445296738053, 0.7625355268212419, 0.7605747887066484, 0.7572238871738275, 0.7550743058928479, 0.7516453196575188, 0.7439564835908153, 0.7437491384240555, 0.7382181832173189, 0.7351242628789513, 0.7338286498517587, 0.7286725545947715, 0.7264298487671351, 0.7223357865222936, 0.719452540258695, 0.7177694256350591, 0.711223724312043, 0.7082333003700945, 0.7073899311501353, 0.7057205326260693, 0.6998289055147975, 0.6938746959907578, 0.6920404098537768, 0.6887514219806576, 0.6884914347376972, 0.6817117638212828, 0.6797935140411328, 0.6763987903304233, 0.6763661455049305, 0.6690085555707858, 0.6660590082152765, 0.6639042946576339, 0.6605281458157928, 0.6577687472995861, 0.6547870048500195, 0.65143217065745, 0.6494653150566866, 0.6464906918158493, 0.6428183829864849, 0.6398928076856278, 0.636628574283523, 0.6331590637283289, 0.6277901548768771, 0.6276970180706897, 0.6241087801747371, 0.6215061901946745, 0.6181483075001339, 0.6150090280808819, 0.6115700929044429, 0.608849521128188, 0.604707272125819, 0.6040325666805071, 0.5999932468874573, 0.5973691133972703, 0.5923256700376262, 0.591783569866393, 0.5888634041655375, 0.5863098211441607, 0.5825310142127796, 0.5783534880779843, 0.5755604418437771, 0.5722927870306791, 0.5700421386289644, 0.5672925769925631, 0.5643047888973599, 0.5610178609597369, 0.5596953292112324, 0.5562018495276214, 0.5533606162880899, 0.5508498078317364, 0.5478144001531403, 0.5447121080099016, 0.5420856471242235, 0.5370252052273563, 0.5369831142043481, 0.5327232910013973, 0.5294310884895691, 0.5278701654867605, 0.5254238939160046, 0.5217929645025529, 0.5177676357968274, 0.514546678056881, 0.5144151236776169, 0.5109391496436478, 0.5064916158848136, 0.5054385751297248, 0.5022554840110366, 0.5001919329572143, 0.49686456269300056, 0.49471222481935045, 0.4921275337770375, 0.48855546712489023, 0.48597101147145294, 0.4837978032672836, 0.48043052283860366, 0.47670585075564736, 0.47544812940331016, 0.47365196512010566, 0.465981699713527, 0.46732951359507385, 0.4644938699570909, 0.4630915902127203, 0.4599342822198984, 0.45726183005693416, 0.45444223607394496, 0.4516425078918429, 0.44821748609184336, 0.44575232151767313, 0.4436542073313545, 0.4410204258595133, 0.43900514401431445, 0.4361204434016743, 0.4338338772609289, 0.43050251400479084, 0.4283594811675764, 0.42530635549687046, 0.42217466894473915, 0.4212045485895329, 0.41824114919769023, 0.41642476207619733, 0.4132484455595968, 0.4106904971791426, 0.40749655467190987, 0.40547233364826174, 0.4034716046004309, 0.4005382068079721, 0.3972844149483292, 0.3949306942910633, 0.3930747048379304, 0.3902938034149161, 0.3877793630517734, 0.3839419475995209, 0.3834175605359984, 0.3813221198726268, 0.37823897121399574, 0.3757463868814099, 0.3736656439561951, 0.3714096463758639, 0.3693012562672031, 0.3659145232679817, 0.364900662870607, 0.36172271954055984, 0.3598205635122396, 0.35708445008816775, 0.3552234713131645, 0.35060428679162664, 0.3514804548105819, 0.34876707303943166, 0.3469828731665754, 0.3449629850640086, 0.3428911684572325, 0.3407961006867973, 0.33892772757457845, 0.3365937003516792, 0.3344845193645721, 0.33202966302112447, 0.3304952507236981, 0.3282205390540987, 0.3265468235262096, 0.32479088196703243, 0.32270151813027365, 0.3205398948247018, 0.31688265437242974, 0.31646786942084454, 0.3141811028129388, 0.3127214283763111, 0.310668546181809, 0.30874852876536085, 0.30746276790926164, 0.3056083094465024, 0.3041279704856511, 0.3024047477773418, 0.3002742670951442, 0.29896842265496143, 0.29702989743847813, 0.29488238121806015, 0.2933726935974145, 0.29195886420551626, 0.28960212751536074, 0.2871628629469106, 0.2867730947582956, 0.2851068434404578, 0.28462276628420624, 0.2820556507692994, 0.2803957286491445, 0.2785251721298675, 0.2777208279142343, 0.2754101390238475, 0.2740650277274612, 0.2717186798920552, 0.27154958423296544, 0.26944033067302053, 0.2678098506000286, 0.2659856483867205, 0.26441549737797804, 0.2636353701333167, 0.26187268870904945, 0.2605010144665648, 0.25918491658263537, 0.2580273910003693, 0.25614307498583916, 0.2545689803292247, 0.2529479814876585, 0.2520585991864872, 0.25002336095897504, 0.24840784170273336, 0.24785900159532115, 0.24671867059049743, 0.24541064249887354, 0.24421813387162009, 0.24391887151129374, 0.2420035422403812, 0.24025993480193594, 0.23865954066310896, 0.23766498828134797, 0.23611214963842334, 0.23542207597757797, 0.23438583370855337, 0.2331735687155324, 0.2317058741442448, 0.22990320322172086, 0.22828397320073296, 0.22757909474750856, 0.22565961374574658, 0.22605160854777767, 0.22434900398307225, 0.2237233670315801, 0.22114591414583282, 0.22042446912656277, 0.2195854427378536, 0.21833448512690357, 0.21649994039978893, 0.21591736404640052, 0.21542610070507912, 0.2136198457844225, 0.2128666090771896, 0.21177082747512685, 0.21063679294217091, 0.20938782420709157, 0.2087347364703599, 0.20763746493056887, 0.2069212457717691, 0.20530894244495668, 0.20468628881136094, 0.20364452686795234, 0.20290193605083137, 0.2016017006883365, 0.2005258159928081, 0.19954678152980196, 0.1985636342731181, 0.19753503268868186, 0.19664035620433237, 0.19593531450000204, 0.19456534270185985, 0.19385174569340807, 0.19282543342937872, 0.19080263470196002, 0.19024329290098196, 0.19071899850283683, 0.18974508241534052, 0.18865905786821113, 0.1879014131025594, 0.18703831542667973, 0.18642130157823045, 0.18555313085551922, 0.1844909897421185, 0.18357027227483522, 0.18270046731435885, 0.1819436251798965, 0.18152878793739202, 0.18073654291210975, 0.17962344766118601, 0.1786849112544215, 0.17788346912176134, 0.17723985293909897, 0.17610718429225855, 0.17530923192198425, 0.17471064394660435, 0.17386589337599812, 0.17306586183445624, 0.17214906457894488, 0.17119432302516316, 0.17085821000636556, 0.16948974177350487, 0.1693265412057681, 0.168554953052778, 0.16766245686332515, 0.1666483674973941, 0.16600049799296623, 0.16608075367677946, 0.16448231149854695, 0.16394951416608805, 0.16562482209690374, 0.1629248970546128, 0.16448988409422424, 0.16135646151465205, 0.16021266062380576, 0.1598122397212628, 0.15967083235001162, 0.15905797086965293, 0.1579766496868191, 0.15769277844729343, 0.15794708882939268, 0.15636459111580228, 0.15820722682434538, 0.15501537160720424, 0.15544859293957777, 0.1545701298750757, 0.15474081717412966, 0.15633140257499314, 0.15357292325777683, 0.1534503400654714, 0.15181040457594783, 0.1515197237764394, 0.15019823247594913, 0.15186357279772972, 0.14992598631392792, 0.14927210404829144, 0.14951114677127786, 0.14939311343561476, 0.15307252847164063, 0.1482661619823275, 0.14732858889890282, 0.14562800464233316, 0.14574122024467703, 0.14567708196940218, 0.1449896535808025, 0.14362498657171846, 0.1434534181434614, 0.14304023919755393, 0.14268710299969242, 0.14227524862616103, 0.14139754853609285, 0.14142460128812478, 0.14092258469328317, 0.1406862602553204, 0.1401050025698041, 0.13929257805076542, 0.13881203251292562, 0.13932800073216076, 0.13843420200680076, 0.1381226426995843, 0.13753365379004923, 0.13925409744590514, 0.14007930510559444, 0.1365777332742837, 0.13606939305580532, 0.13568172364010914, 0.13524483471988205, 0.13629888659034622, 0.1344437869684188, 0.13379145808086962, 0.1337484254562587, 0.13331582103799608, 0.1332904278952566, 0.1330964294829976, 0.13188902599169114, 0.1319485718464043, 0.13159060255770574, 0.13247320092066434, 0.13078627367674453, 0.12992198682119002, 0.12969063003847744, 0.12965728077635472, 0.12895222042249807, 0.12882749057950382, 0.12900990545095226, 0.12852367511870685, 0.12780962328783196, 0.12745362136766017, 0.1269970089387499, 0.12673689449017936, 0.12564660176015913, 0.12592331352169484, 0.12608036200226838, 0.12518744823056502, 0.12487733021892468, 0.12475772632619705, 0.12468910533834786, 0.12368281788556185, 0.12353102195462991, 0.12329374675338406, 0.1224189198521184, 0.12210772756579243, 0.12189068288588777, 0.12192484558665312, 0.12162045407900425, 0.12051006596989679, 0.12020590714789131, 0.12007217811704028, 0.11928915536258264, 0.11910538979049283, 0.1183544577898629, 0.1183281762568925, 0.11750097573570213, 0.11664830977333782, 0.11659226021944008, 0.11564095598508667, 0.1148077544389562, 0.11409697040105525, 0.11346770126564891, 0.11175999507562745, 0.10981609624148653, 0.10876260512818282, 0.10698762458745627, 0.10538260631498134, 0.10412392468120482, 0.10271597125107296, 0.10122483082988475, 0.10062085014740955, 0.09946294732899186, 0.09890006552357082, 0.098205763723322, 0.09776888041227728, 0.09701211452808266, 0.09650007275054134, 0.09582641950980066, 0.09524640516423775, 0.09466553343661754, 0.0941505076177958, 0.09356494023001193, 0.09313158096280429, 0.09264553816196228, 0.09191917124833196, 0.09124086589528026, 0.0908856630669063, 0.09016592266795258, 0.09001255881405014, 0.08938021684401133, 0.0895650056333241, 0.08872985601640053, 0.08757868178406868, 0.08705561913125087, 0.08653058551551923, 0.0860248353857536, 0.08547211201679522, 0.08503414424625629, 0.084586930300832, 0.08394770929936048, 0.08349941814129275, 0.0830345201556366, 0.08252409521603651, 0.08195734950613497, 0.08149896887494658, 0.08100209408131025, 0.08040638023548276, 0.07991754282340958, 0.07940261175158166, 0.07904807770449272, 0.07843484787027535, 0.07784734380317479, 0.07725921456757807, 0.07730787020164215, 0.0764062154298859, 0.07607905863529374, 0.07578247638086268, 0.07530876759861999, 0.07461793151401017, 0.07450960283323492, 0.07372949260139648, 0.07327672861894051, 0.07256643319858279, 0.07224743058143739, 0.07182609396475165, 0.07137219600829027, 0.07068381123209633, 0.07042168573468836, 0.07011089970716876, 0.06958647366013547, 0.06918423203011549, 0.06850420734620752, 0.06810334842655417, 0.06764760545669726, 0.06733092322146712, 0.06682093274682449, 0.06641461036987649, 0.06589798348186891, 0.06552225445096437, 0.06518642380922558, 0.06468284104085457, 0.06428987572587115, 0.06388516384309026, 0.06346887401710907, 0.06309624305681465, 0.06269706928612698, 0.062280382308048575, 0.06186379154310204, 0.06146801007004637, 0.06117868003459567, 0.06059862470041944, 0.060264578930834256, 0.05982047537927498, 0.05921258160405753, 0.05921871555390479, 0.05879363038111654, 0.05855839701349694, 0.05791694833895053, 0.05758382140776788, 0.05722453923046416, 0.05695763477805796, 0.056736527960515586, 0.05649371240163778, 0.055830908871372424, 0.05559968064561182, 0.05545423652346242, 0.05481546859345767, 0.05451285724861192, 0.05381214719719496, 0.05396223543226564, 0.05342651331056532, 0.05316267665770507, 0.05256018613814096, 0.05272584130063885, 0.05242378721301464, 0.051801430019250375, 0.0516071497155852, 0.0512143644762171, 0.05099264234579464, 0.050546563632589366, 0.05048802054905718, 0.049922577165197345, 0.04973905451753808, 0.049186007650637735, 0.04911943128058669, 0.04889115263301808, 0.04857889935866325, 0.04816536960860413, 0.04808966036779058, 0.047705820996840925, 0.047353122558471836, 0.0470427025503781, 0.04658460871918477, 0.0464284885871741, 0.04616993210181734, 0.04581659279943803, 0.04568264630402847, 0.04531860413673954, 0.04506867646365743, 0.04485598648463026, 0.04447310897803532, 0.0441701620212824, 0.04388089098929105, 0.04352759469277865, 0.043237464756627216, 0.04308269026485161, 0.04285709881618146, 0.04252732317424691, 0.04222329838174294, 0.04183252210737453, 0.04164538347733521, 0.04149840882343135, 0.041256875015399194, 0.040924172983782064, 0.04057086237260679, 0.04043001110969386, 0.040225636577189854, 0.040041207895172334, 0.03962116701435063, 0.03950238315416175, 0.039239006519550784, 0.03903441574446451, 0.03868104809748929, 0.03843821361269907, 0.038313140771844674, 0.03808659687734523, 0.03787399166988167, 0.03774014185875318, 0.037354598128475254, 0.03704921928614422, 0.03695394246609158, 0.03667244808168885, 0.03644713992561021, 0.03620441340024973, 0.03619316920184852, 0.03576255177436633, 0.03557524026471508, 0.03537366231766238, 0.03518913830936285, 0.03503055725691789, 0.034732891234080916, 0.034515893597935325, 0.03425885617537666, 0.03420570306485287, 0.033817009281907354, 0.033773567865379155, 0.03368088607474843, 0.033200698499086696, 0.03302537206942296, 0.033150901240435765, 0.032978430955767184, 0.03251761729972757, 0.032292858815961244, 0.03216289075435803, 0.03203850842918989, 0.03177709226496708, 0.03152672573789745, 0.03147066868285032, 0.03125516942874763, 0.031022054139633902, 0.030702286899133523, 0.030605471636257372, 0.030616671746573145, 0.030327407576571676, 0.030089941597972666, 0.029917820179657682, 0.029842331266978286, 0.029704740809921158, 0.0294281655245987, 0.029358511954702907, 0.029061615912149154, 0.029029619880930193, 0.02875787940069789, 0.028508174733914256, 0.028345162655967315, 0.028522885379256437, 0.028233574467463992, 0.027947939610088336, 0.027862782133732392, 0.027663406148832174, 0.02749102183958023, 0.027367823161462624, 0.02725510463121499, 0.02710737564843776, 0.027075126247797576, 0.02677115105931208, 0.02667520371829669, 0.02648850723912489, 0.026363792014853116, 0.026304569494180655, 0.02623674405219983, 0.025989244796895284, 0.02569991973689995, 0.025609432059555622, 0.025487656825526384, 0.02530176057815072, 0.028008179572314596, 0.025120240787251915, 0.025177330467127224, 0.02509091062591368, 0.025010262109211135, 0.024939936103917548, 0.024808993577402697, 0.024660342293087976, 0.02446613394890956, 0.024316823633653742, 0.024120856343460496, 0.02388489410097394, 0.02375792269973186, 0.02363355828858029, 0.02363995496105413, 0.023519086542713494, 0.023346568784086516, 0.023344089238640245, 0.023067316863595175, 0.023021427928661183, 0.022893936602689634, 0.022811215042214106, 0.022522148454555926, 0.02244172500025414, 0.02247509898821219, 0.022210160707263206, 0.022313690015750128, 0.02209720543686525, 0.021900957182453308, 0.021818734458319933, 0.02175854859874896, 0.02164407416629727, 0.02150564922788695, 0.021408643605644147, 0.021289831361427817, 0.021184819322358262, 0.02110447771930568, 0.020909052556946386, 0.020886850057670672, 0.02079670038597258, 0.02059465290961688, 0.02048400240598862, 0.020381120239213846, 0.02031179806910964, 0.02014547337179668, 0.020072181068537667, 0.01992722988689747, 0.019975107997293243, 0.019800882059985536, 0.019738141833335863, 0.01956141595734312, 0.019533769651165454, 0.019316587588694922, 0.019416586968667878, 0.019114321092531826, 0.019041077175165615, 0.019028871317284004, 0.018875397861892587, 0.01887467056211299, 0.018695165784619498, 0.018515569051091245, 0.018639721580405014, 0.018436507071873543, 0.018284532175491808, 0.018203497176426043, 0.018089231274002103, 0.018025296199384287, 0.017985810317380384, 0.017793945529310393, 0.01777323070548673, 0.017634496212244888, 0.0175052315268049, 0.017426859278154124, 0.017224659086346194, 0.017196951150034816, 0.017185845971389172, 0.01696922188133184, 0.01678091948430469, 0.01670356046799718, 0.016674412822345695, 0.01664509854409112, 0.016473434092127797, 0.01626506000941026, 0.016199492299487386, 0.016053150068712795, 0.016112275077825075, 0.01584379217484391, 0.0158023416349895, 0.01558313112019285, 0.015477114823774426, 0.015364158880082013, 0.015274542069313113, 0.015153266109053138, 0.015082672296782024, 0.015031048015450582, 0.014927180473091174, 0.014843637929258628, 0.014706844962164449, 0.014736930344993139, 0.01453120076073457, 0.014469575805039962, 0.014345976681586093, 0.014362373525975502, 0.014216621298158745, 0.014119396509089206, 0.014172376255995262, 0.013867100140081124, 0.013899645232884368, 0.013793022875162864, 0.013711542927071201, 0.013599510297110757, 0.013530389730553139, 0.01354325168782816, 0.013325504710338765, 0.013377485758643481, 0.013277441283259715, 0.013129458969400931, 0.01302923058164832, 0.012949892998595903, 0.012908283839219308, 0.012749748095872697, 0.01276472157956657, 0.012651407247409192, 0.012532650097533167, 0.012484384108667045, 0.012534971591317475, 0.012339662897950509, 0.01232783842652427, 0.012205797948732245, 0.012156036549014572, 0.012040496652094146, 0.011944611250467802, 0.011855491130263797, 0.011792419874774512, 0.011875139262280121, 0.011586911967198042, 0.01155109181778722, 0.011487576029454456, 0.011414339290996217, 0.011376376646147983, 0.0112091295540521, 0.011286313970870505, 0.011109096789580003, 0.011050121958948882, 0.011019426970667354, 0.010932619410431143, 0.01097813198100488, 0.010815178660440227, 0.010733626678567058, 0.010664571346228273, 0.010691125004896197, 0.010540718331590926, 0.010464278335968219, 0.010398496474957464, 0.010400443845868775, 0.010268013952738197, 0.010179922106296611, 0.010234019374200896, 0.010163606726078899, 0.010038093174194797, 0.010028821182059113, 0.009998489410016404, 0.009898913675944705, 0.009751659477328574, 0.009787382698377872, 0.009673455653836661, 0.00968838772216907, 0.009660096737893892, 0.00961392794516549, 0.009581616154140327, 0.009430571669941441, 0.009387819412922504, 0.009286113936141215, 0.009266983269721448, 0.009146821872378067, 0.0091519014073434, 0.009085138612440152, 0.009074376874506754, 0.008921427820871049, 0.008950425063783548, 0.008851800673568645, 0.00885803721145381, 0.008744237385549254, 0.00873659207999699, 0.008644357834302962, 0.00873349246981845, 0.008529148959136973, 0.008479518934441226, 0.00844253066084711, 0.008368444780648385, 0.008356128946466713, 0.008327500375235164, 0.008311163103675707, 0.008205723491903795, 0.00815307300483046, 0.008172459931209465, 0.008106414670672945, 0.008058932890567404, 0.00803698711601305, 0.007963242152691563, 0.007896911497181457, 0.007867209145495673, 0.007827729786529477, 0.00777133847367334, 0.007793221914712555, 0.007760788348465149, 0.007708941084423598, 0.007670982490160799, 0.007636328598850456, 0.007600953126750576, 0.007519583263440666, 0.0075348268226972295, 0.007474916396187284, 0.007488718339914529, 0.0073838157952963316, 0.0074731996466335104, 0.0075640768593950745, 0.00729522750369117, 0.007224034395513381, 0.007241506981700502, 0.0072027051188785, 0.0071614301663520405, 0.0070845875324430894, 0.007079474014437886, 0.007011467423211656, 0.006940636280728308, 0.006945861212887748, 0.006877372986059938, 0.0069036900751304996, 0.006879527463208499, 0.006809959398010128, 0.006736874568978871, 0.006695432307192048, 0.0066535116472049745, 0.006696937067572109, 0.006607321604072028, 0.006591349667243754, 0.006598876669472565, 0.006511041900300486, 0.00656385976911929, 0.006473218233359279, 0.006471151235507667, 0.006405863990901471, 0.006480123478059859, 0.006350192391441357, 0.006372419701316316, 0.00640170230612313, 0.006334149009689743, 0.006325836862087015, 0.0064115318520548475, 0.006320287092816546, 0.006374605553428011, 0.006238573500815161, 0.006284385948476581, 0.006298096972758166, 0.006220380909582682, 0.006160420662083635, 0.00601980764125944, 0.006060683532090083, 0.0060206396576121595, 0.006230104341583789, 0.006104413882790041, 0.006001477723673452, 0.005938995591042542, 0.005896433411063046, 0.005962337257986976, 0.005982489956774176, 0.006008709886769253, 0.005876201122143384, 0.005890455331942937, 0.0059028203447300505, 0.005960325028113836, 0.0060080068542732205, 0.005824849956262339, 0.005811117660490695, 0.005852677511143576, 0.00587186614771498, 0.005877836480265578, 0.005859323297767501, 0.005728601059024737]