Model Setup for Atypical Patient 13:
ITERS=2000
LEARNING_RATE=0.001
OPT_RESET=None
ATOL=1e-05
RTOL=1e-05
METHOD=dopri5
Input channels=2
Hidden channels=32
Output channels=2
Runtime=278.55293893814087
Optimizer=Adam (
Parameter Group 0
    amsgrad: False
    betas: (0.9, 0.999)
    capturable: False
    differentiable: False
    eps: 1e-08
    foreach: None
    fused: None
    lr: 0.001
    maximize: False
    weight_decay: 0
)Loss over time=[1.798693803778457, 1.7160828256509055, 1.6635096548583768, 1.5916680715949822, 1.4787470026621725, 1.481331908243366, 1.4271968906534824, 1.4156623780302473, 1.3272675479595681, 1.278359989058613, 1.251262309116425, 1.2056281180534867, 1.1500575942192215, 1.0970370380817993, 1.0766508360286944, 1.035980211058068, 1.002191290604774, 0.9691193796998583, 0.9326389122426857, 0.9243111265336433, 0.8834873097491215, 0.8608840361563381, 0.8381292052301158, 0.8201356448202781, 0.8005305660140667, 0.779747428432455, 0.7627990327833032, 0.7419574884892982, 0.7268130452462948, 0.7147246390340657, 0.7025391498080672, 0.688207671033003, 0.6746497547921374, 0.6641483458683929, 0.6554306360106499, 0.6430719116236298, 0.6351264963425042, 0.6272498246871625, 0.6179070133797833, 0.6108560531662026, 0.6038054815512793, 0.5969042282602459, 0.5899310921676569, 0.5836358772923075, 0.5760225891372613, 0.5697775912262742, 0.5637088756352626, 0.5584079989345713, 0.5515210024500864, 0.5501938670803697, 0.5408754281744845, 0.5360665741270426, 0.5306780054909589, 0.526379329629928, 0.5206945656646345, 0.5153409611309395, 0.5137052445613158, 0.5095533785507084, 0.5038019497058729, 0.5011466728844751, 0.4959644017172487, 0.49130330391642346, 0.4876284086600107, 0.48489399186580595, 0.4822835028105837, 0.47721087295128517, 0.47449497268442187, 0.4703766848605234, 0.46638982515599287, 0.46327262324019164, 0.4603778362874087, 0.456799442960514, 0.4540262954921894, 0.45137355119451567, 0.44800488807503364, 0.44454418754671965, 0.44182131277277054, 0.43737548078115007, 0.43545205178963897, 0.4314105045240838, 0.42994813404279775, 0.42847335358288263, 0.42314249476575533, 0.42055487043611434, 0.4175680558488884, 0.41339158644576285, 0.4110986218079668, 0.40796936673893297, 0.4064519823775349, 0.4028321648774146, 0.4002051171055207, 0.39880023344477356, 0.39523813201086105, 0.39187393906064777, 0.3897125647181196, 0.38652917712667706, 0.384186076782793, 0.3828583428525922, 0.3785704551874524, 0.3771398273714564, 0.3747791549109833, 0.3722699089312137, 0.3689956370231373, 0.36655866945015086, 0.36405973763240546, 0.361865757497764, 0.35896919355629836, 0.35730537076397273, 0.3546329945489514, 0.35226850963856404, 0.3501641085230064, 0.347713312488899, 0.34556849150610663, 0.3432124849733714, 0.341190199922629, 0.3390671797809584, 0.33692213117674863, 0.3351607523623976, 0.3321650064488501, 0.33043921910691215, 0.3282192041584599, 0.3260035729922644, 0.3236450861631275, 0.32091051737029974, 0.3197851355934388, 0.31739826328808096, 0.3154006733800033, 0.3129064240517656, 0.3106551270570972, 0.30919258102544506, 0.3063784921810275, 0.30453324194540926, 0.3037755445434096, 0.3019145561791887, 0.29915710640626836, 0.2964266685664908, 0.2949486638589331, 0.2923512587658131, 0.2903910913195086, 0.2884669248484377, 0.2873543148415993, 0.28559613550903484, 0.28271232021597315, 0.2818510204964235, 0.27987586781117935, 0.2770464316078884, 0.2760376037498692, 0.27364983285593153, 0.27267076944717605, 0.2693224651521153, 0.26842195974362393, 0.2680746085210639, 0.2649468024954233, 0.2630315632135858, 0.2616555286956354, 0.25884088880597317, 0.25695542819536454, 0.2560198542346126, 0.25418519895764385, 0.25233789411945895, 0.25015899851794593, 0.2483055241505188, 0.24707057818691505, 0.24484754873125664, 0.24464952921111013, 0.24205043879357444, 0.23994233236251344, 0.23912253686185309, 0.2369792187119124, 0.23488434278116516, 0.2339216405636823, 0.23234544546468594, 0.230939920146964, 0.22971110920294044, 0.2271942376385126, 0.2267773070046478, 0.22449784776573323, 0.2235714679607738, 0.2218329937118398, 0.22036281860235613, 0.21823217311900656, 0.21649889632134822, 0.2145017245645665, 0.21397144088022504, 0.21137074382612217, 0.20980290525462023, 0.2081970238405045, 0.20725692023012002, 0.20605921913806408, 0.2040062319289038, 0.2022864015431476, 0.20092279164993068, 0.2003311373297546, 0.1982171932211891, 0.19680411753363636, 0.19567038685788243, 0.19382581719229908, 0.19342608191539432, 0.1910318977110642, 0.18965659263136422, 0.18880790873893272, 0.18835211232585508, 0.185745337802911, 0.18413290242668898, 0.18296065357954247, 0.18294574998026014, 0.18171489090778786, 0.17973519606437086, 0.17841516687993503, 0.1775313296774783, 0.1760123205681034, 0.17453952503008582, 0.1749586617078729, 0.1730206675231609, 0.17037692320361603, 0.17105628762038272, 0.1686131527829506, 0.16829161466282055, 0.1668385620746544, 0.16572931764106608, 0.16308669514256494, 0.16198308946767404, 0.16084215635414184, 0.15917383432678447, 0.15938459091653046, 0.15856343421752114, 0.1563883528994593, 0.1551949590998676, 0.1540652718150573, 0.15262958077611713, 0.1521692478057304, 0.15018772560166585, 0.14962286958761536, 0.14862177627055662, 0.14788586977161097, 0.14668679948269006, 0.14605137461784634, 0.14523222987329246, 0.14521756174075187, 0.14318084448084015, 0.14209521460206684, 0.14152505081549666, 0.13999902224869923, 0.13854783820904817, 0.13811540451552817, 0.13613658455026648, 0.135116580671873, 0.13531850055477446, 0.13374923392123284, 0.13174875891842497, 0.13032748112736214, 0.13133191988107729, 0.1306615938065373, 0.1289407397260998, 0.12844836031622878, 0.12703256929932774, 0.1259807210974456, 0.1256528931088668, 0.12508116687884202, 0.1251738302059309, 0.12292176241477279, 0.12266303631235533, 0.1214221316058695, 0.11974730676561371, 0.11844752669964724, 0.11883350872641942, 0.11687829955605124, 0.11537890496737906, 0.11505708243132971, 0.11493642231685851, 0.11415568319393582, 0.11310701819895617, 0.11237636656884319, 0.11117981664798594, 0.11000714963830731, 0.10906996273855882, 0.10855411372328355, 0.10819239223199482, 0.10725957563747307, 0.1063503365568297, 0.10585119648879547, 0.10474665713457693, 0.10370574869571217, 0.10298826793936589, 0.1021746580851652, 0.10110512526537128, 0.10088414871153702, 0.10021508860578666, 0.09881633946688959, 0.09808510740979992, 0.09773635120149854, 0.09702099037871995, 0.095890570882979, 0.09500547432078327, 0.09460301756625861, 0.09314546250784206, 0.09265689940605425, 0.09190105923281022, 0.09133759345478644, 0.09032800863950143, 0.09018928837541414, 0.08995924171425305, 0.08884443684851523, 0.08819257206745663, 0.08770000641197212, 0.08673705311429124, 0.08545132207844125, 0.0853957605810663, 0.08466562253318562, 0.08516563230497266, 0.08371231122072202, 0.08401422047612822, 0.0822795604496189, 0.08185743098328041, 0.0810302420298375, 0.07977574394578536, 0.07964830060653981, 0.07821008160296566, 0.0788584645096695, 0.07705985572730767, 0.07667174965498122, 0.0766196806806282, 0.07579621051474604, 0.07535896257354345, 0.07452160309729415, 0.07391217135316369, 0.07322668034411849, 0.07236399983589217, 0.0724198897035426, 0.07162731156144314, 0.07082861979679743, 0.07010722367794507, 0.06950190568957536, 0.06954176802512178, 0.06850416952312423, 0.06795832763567303, 0.06726998630298522, 0.06723272279856925, 0.06624243952289466, 0.06576741490192822, 0.06545477999406979, 0.06426936159679095, 0.06472416691771428, 0.06336098149823659, 0.06364800570934383, 0.06236661782837991, 0.06238074715248874, 0.06194490724488928, 0.06144861949961931, 0.06106012909597278, 0.060463739388908144, 0.059975738737832955, 0.05910796089695145, 0.05899897607597344, 0.05842105894698408, 0.05764981632112151, 0.057004559184381985, 0.0572354681161424, 0.05637816530348471, 0.05637074871670236, 0.055878625369162487, 0.05508674528861419, 0.0545973383638353, 0.05416508280437448, 0.05378914909810739, 0.05352473378841098, 0.05271187382465199, 0.052370073201154124, 0.05228626295811267, 0.05197912753609321, 0.05162027896960368, 0.051077807811632424, 0.05068111409631495, 0.05038132376460765, 0.04977481298521367, 0.049495284965630916, 0.0493324519005848, 0.04885469743592956, 0.04797628912697747, 0.04787048586302956, 0.0473454484007755, 0.04783973240421866, 0.0468803931294735, 0.04644972768299785, 0.04618290879672562, 0.04630254717850213, 0.045451570405667226, 0.04533561787663031, 0.04489665826180377, 0.044751015437018225, 0.044169463583729925, 0.044166294174397436, 0.04357547657089503, 0.04320779572039612, 0.04332825184126814, 0.04247983248629178, 0.042343034306747886, 0.042098497317964875, 0.04164978010294437, 0.04182016310518454, 0.04151105825386932, 0.0407437743322729, 0.040650701693674275, 0.041142322974484745, 0.040278360146738426, 0.03996265749007469, 0.039676876959696225, 0.0395231913943718, 0.03893494338438928, 0.0390958977286845, 0.038486987788735785, 0.03803886394666544, 0.037825123103535564, 0.03812079561722892, 0.03753446033047496, 0.03725889745338063, 0.03697118690772717, 0.036745121143828254, 0.036653093079098226, 0.036427253456901905, 0.03623177039490741, 0.03589235123932069, 0.03587609147069939, 0.03564725894720743, 0.03521275405441287, 0.03510160854908279, 0.03478004125860241, 0.03467459799688372, 0.0346600834926675, 0.03438304200197217, 0.03408418870271615, 0.03405053113516888, 0.033684991799882186, 0.033516979072549545, 0.033203189083098834, 0.03322872479465754, 0.03297459851540547, 0.033090163727817416, 0.03254779463911673, 0.03280116068228809, 0.032130799464076425, 0.031962041241130716, 0.03248691323045014, 0.031543301368122695, 0.0314242388120586, 0.031208994577948904, 0.031129889590158125, 0.03093877563307061, 0.030725137771808506, 0.03060481057560319, 0.030611670105390374, 0.030229823476348738, 0.030033442196828453, 0.03003356900067902, 0.029978660783624423, 0.029631863449738394, 0.02962450183455754, 0.0293642823711889, 0.02914450348991647, 0.029239279240545243, 0.028951294730507605, 0.028731078765711408, 0.028605825963599948, 0.02847587241168327, 0.02838839532631422, 0.02820997642427773, 0.02814213087088088, 0.027951701905859442, 0.027862051451115307, 0.02776210060048098, 0.027476663471613264, 0.02787101664100243, 0.027216595550286885, 0.027327613707052847, 0.02685496116852003, 0.026970642998286196, 0.026798718426106483, 0.026603410261271984, 0.026643013286697645, 0.026405466259415852, 0.026418241878884627, 0.026149380254312224, 0.02613227389603157, 0.02605420543982795, 0.026046080336392795, 0.025849545956776153, 0.025777809465675653, 0.025664348623714753, 0.02549797267824703, 0.025276097737650972, 0.025356181739727125, 0.025048658995308195, 0.024902481171617332, 0.024937253594627118, 0.024821935004616068, 0.024605872768782077, 0.024725121526340686, 0.024596857286839444, 0.024870731204119253, 0.02445029472789553, 0.024207877126624824, 0.02420608038787793, 0.024193818243917108, 0.02399986871448726, 0.024004515392839713, 0.02368914792642139, 0.023547699881055307, 0.023613854624968213, 0.02358842542712408, 0.023447586742107947, 0.0231449669992726, 0.02348670119176185, 0.02318767881567647, 0.022983097883154634, 0.02284780773687191, 0.02293953306218477, 0.022832197127469558, 0.022683962695181973, 0.022654182372589135, 0.0225255038816342, 0.022542050511167422, 0.022465177742590173, 0.0222750140142115, 0.02203329162588125, 0.02213472636193264, 0.021971344091987734, 0.022046551437633795, 0.021761524552698495, 0.021793516163837564, 0.021646696121693784, 0.021676245742624112, 0.021726635767449345, 0.021510661945711055, 0.021304781452039404, 0.02138699349305624, 0.021249340452423007, 0.02123876445728813, 0.02114772218209269, 0.021120731247214586, 0.02095585586982256, 0.020969714361930285, 0.020869883769302752, 0.02074158703666384, 0.02064378264276229, 0.020628581906877864, 0.020641164509742002, 0.02042454452204022, 0.02056113950299014, 0.02019230327678915, 0.020199478213941635, 0.020235470214136162, 0.019981653088605535, 0.020002710735873692, 0.019834383645100304, 0.019862562670452222, 0.019675507566532493, 0.019661080679739342, 0.020050864645457942, 0.019785016048522966, 0.019477758950591596, 0.019320254438194944, 0.019257591491679864, 0.019378063600352685, 0.019380652086999094, 0.019126000837188784, 0.019003500376743757, 0.019095082650997762, 0.019018054496215894, 0.018888390038514776, 0.018910087502790194, 0.018915074175081967, 0.018652286310455343, 0.01851643500673871, 0.01855198455855681, 0.018368790208647658, 0.01837044664694454, 0.018325764472458424, 0.018096453516847768, 0.018113482124256102, 0.01807971026727352, 0.01815480480848696, 0.017900991811856757, 0.017795791670973546, 0.017764028719163487, 0.017753346154079006, 0.01760516878533191, 0.01739780734169277, 0.017427029102689343, 0.017293277857515207, 0.01732387672769499, 0.01717923436020716, 0.017113579112229958, 0.01691005847609639, 0.016859252030744988, 0.016903921629652135, 0.01673292765074658, 0.016603316398137006, 0.016498267379394714, 0.01647339298639522, 0.01644438065856787, 0.016276984568311, 0.0162563245942606, 0.016158693626005315, 0.01605719721050948, 0.01589557961346078, 0.015872322345624315, 0.015729791786732252, 0.015670050641453964, 0.015605779601271895, 0.015497318261163557, 0.015627034995199546, 0.015461557737309351, 0.015353908266096063, 0.015225533830732035, 0.01524771910997384, 0.015215112974770156, 0.015152732882242935, 0.014943860120706276, 0.014991272838456714, 0.014898017837261645, 0.014772199942237245, 0.014679938254132292, 0.014707855707198259, 0.014602710082472926, 0.01450492054963461, 0.014524636590343969, 0.014459081781564909, 0.014325537597382372, 0.01430138004602269, 0.01429983769598103, 0.014177797115236212, 0.01413178076773991, 0.014076903918929367, 0.014044705445497102, 0.013944159042177745, 0.013886604792310298, 0.013850926964380228, 0.013795345720412043, 0.013776224584628537, 0.013673263883668995, 0.013642971469357319, 0.013610095186657895, 0.01353766591779329, 0.013506422128198541, 0.013365476164524576, 0.013322447802259612, 0.013337028395394513, 0.013299304221753842, 0.01322741821935004, 0.013125177235719647, 0.01312833507608573, 0.013028943329809872, 0.013071159604388467, 0.012978439698982073, 0.012915856203642006, 0.01288947510303176, 0.012835595513258202, 0.012795646425189431, 0.0127146291817141, 0.012806104296754328, 0.01260349793268948, 0.012546418911131323, 0.01256197542478683, 0.01248246673784423, 0.012387702609034263, 0.012396966828017992, 0.012419214679488349, 0.012361747110752393, 0.012287721072259563, 0.012330808437162805, 0.012207003243342696, 0.012165147972863282, 0.012054973871892737, 0.01207472077133153, 0.012032961297624246, 0.01202724977236863, 0.011896033482788492, 0.011932199372608077, 0.011877983186417019, 0.011859336845971681, 0.01175853757154838, 0.011745299933033616, 0.011669680768221795, 0.011690874356241714, 0.011617318627912442, 0.011466244076175509, 0.01151811928435146, 0.011428856858419396, 0.01139050425693351, 0.011395113173238401, 0.011316487322083063, 0.01130902794506258, 0.011302160653047273, 0.011204786572347619, 0.011234661185375302, 0.011181445342209452, 0.011054882884436507, 0.011014911900446333, 0.011050559507925934, 0.011020920569518864, 0.010921604723565966, 0.01092511685946833, 0.010871430791216365, 0.010811494003413517, 0.010763721992537324, 0.010778187143020822, 0.010777073125071163, 0.010654329488841261, 0.01062697757243735, 0.01056157336787737, 0.010513408948635143, 0.0106132403341004, 0.010505128389408543, 0.010491068117937584, 0.010443687528318134, 0.010349928752121594, 0.010409865175701928, 0.01067188841113217, 0.010319828463649051, 0.010287321693274275, 0.0102072235408833, 0.010168170015862857, 0.010180825792907695, 0.0101459045994844, 0.010022685793067898, 0.010011931339924335, 0.010302853832045168, 0.009955146248238567, 0.00996950377124914, 0.009899455722961472, 0.00984746670272162, 0.009811177189434396, 0.009773078716333077, 0.00978008001926687, 0.009747230097305331, 0.009637521463606791, 0.009623428946104892, 0.009659974561184009, 0.009572142862601402, 0.009524939147873439, 0.009521273461028533, 0.009461458573322312, 0.009450493158688195, 0.009437810354660197, 0.009395537373529187, 0.00933666616006034, 0.009321823043694388, 0.009286784067180006, 0.009223667071954678, 0.009239881048109612, 0.009196431074797562, 0.00925994789126197, 0.009113135962269276, 0.009090423899543388, 0.00905191024513099, 0.009064287627137218, 0.009040363285618263, 0.008958433224225378, 0.008918814651001807, 0.00892957715930069, 0.00889997061358963, 0.00883664940506027, 0.008867431624677367, 0.008791518603836404, 0.015010283673872433, 0.008712605654591294, 0.008697415229200638, 0.008703202270653392, 0.00868449537181923, 0.008632779583193346, 0.012750842273418007, 0.008843929034127805, 0.008717409089853485, 0.008947233536822188, 0.00869654301372395, 0.008545836733709065, 0.008431612637796472, 0.008485237272370237, 0.00841912651402324, 0.008389015597690933, 0.008332763174775042, 0.008322959967534125, 0.0083376183377801, 0.008262856147982223, 0.008183689158157094, 0.008169299733547776, 0.008189241481892713, 0.008009755767821487, 0.008071817744154847, 0.008004634938904272, 0.008061971030563603, 0.007890530088010014, 0.00795746533428799, 0.00799142873480011, 0.007901257594470294, 0.007867029674260707, 0.007749460371224353, 0.007755462115767397, 0.007768585094274135, 0.007634483651150259, 0.0077001912896651975, 0.007662815873352245, 0.007622985173056771, 0.007759682199272947, 0.007732497175792072, 0.007533044847946299, 0.0074936944109484085, 0.007463698756513252, 0.007514396329857193, 0.007454527253429721, 0.007449389722548608, 0.007495577780449297, 0.007366191255266741, 0.007318229512349902, 0.007375858446522345, 0.007326389697673963, 0.007327142045007418, 0.00723640432214725, 0.007242436539513844, 0.007268071012759858, 0.007202289397290462, 0.007121692312844333, 0.007112406759921314, 0.007104120059814292, 0.0070847179420101625, 0.007036321963145328, 0.007025821376951993, 0.00698073451358833, 0.006977389390238411, 0.006958953070471541, 0.006907844890942537, 0.006901831352785537, 0.006872575536660799, 0.006855020565578878, 0.006812885385960157, 0.006836757448251928, 0.006865426778293802, 0.006739476478574419, 0.006726967165045391, 0.006737033109282914, 0.00666141762589266, 0.00669809361447136, 0.006673871171773024, 0.0067400150037109354, 0.006591508917754048, 0.006568169040110675, 0.006556051695041065, 0.006531819819002599, 0.006501131562612111, 0.006541064123672975, 0.006449176613836649, 0.0064507106032727435, 0.0064601424880641025, 0.0064243355417569585, 0.006405293367201317, 0.006357927065819405, 0.006441015238224582, 0.006322609756249026, 0.006336119722397854, 0.006266886157555603, 0.006295106830622007, 0.0062362148985942506, 0.006203525024966496, 0.006212778061893959, 0.0061553084973663885, 0.006195256631354373, 0.006181950691364554, 0.00613461307688655, 0.006120756462204612, 0.006115119416735552, 0.006082349125535454, 0.0060610442139855895, 0.006001091412100422, 0.006011475208259859, 0.006024969522210776, 0.006010721565369456, 0.005945176015219929, 0.005977357083890362, 0.005955087775404394, 0.005928111269346035, 0.0058986880545881856, 0.005894178913905365, 0.005889328940239663, 0.00587850403889727, 0.005832626813920749, 0.00579294155221382, 0.005776528324797051, 0.005811392684936503, 0.005722530482632743, 0.005777729420977242, 0.005760921433541812, 0.005717688210361355, 0.005730286634668624, 0.005740713892496422, 0.005672579977867734, 0.005759362884403735, 0.005645112970244504, 0.005633843320620621, 0.0056451232525287645, 0.005593560868394185, 0.0055683789355193405, 0.005572934842250064, 0.005577172085644882, 0.005555590317874709, 0.005509290128104363, 0.005511482840644854, 0.005491358263509974, 0.0055109738487960575, 0.005444501659487754, 0.005522675344044206, 0.005448005070968464, 0.005441284124284255, 0.0054125892740328335, 0.005412787846786817, 0.005390658547302778, 0.00533558926045216, 0.0053758635666353825, 0.005360238754068963, 0.00532063202169119, 0.00535495679040055, 0.005348426886210177, 0.005314480411370318, 0.0052904039458003226, 0.005682421529334619, 0.005224803788310012, 0.005264338028596122, 0.005308315436466008, 0.005255319269189909, 0.0052526130748559215, 0.00523619783133008, 0.005251385410087711, 0.005182999309179334, 0.005261070898948372, 0.005177347800752086, 0.005220701900767027, 0.005170286534546941, 0.005152753289763578, 0.005125494885076951, 0.005078368062349004, 0.0050943434137384926, 0.0050703468986887015, 0.005138582589117461, 0.005098556496569721, 0.005072564506857079, 0.005077889501038147, 0.005050120021449391, 0.005009187616685669, 0.005000010063803213, 0.005073527444925321, 0.00503647524105525, 0.00503765248907291, 0.0049663530837761516, 0.005140470836703079, 0.005093695294210621, 0.004964023030706533, 0.004939560898016503, 0.00495101656430015, 0.004940406294272091, 0.0049291497862781735, 0.004947365594061337, 0.004928750308197038, 0.004907651228637875, 0.004895698370524836, 0.004889945803469409, 0.0049070816185695495, 0.004876078350431353, 0.004898661858819506, 0.004913058094021419, 0.004841148315547084, 0.004868119524010728, 0.0048423703418106374, 0.004909298179739955, 0.0048137812035937665, 0.004828437733704726, 0.004860795238789882, 0.004811331059121632, 0.00478090567925203, 0.004784731314490553, 0.0047795291440055785, 0.004712996877577111, 0.004719266753581432, 0.004749405838983618, 0.004761846769937896, 0.00480212515272379, 0.004767917034249344, 0.0047581540901656385, 0.0047225525900193655, 0.00472502250392121, 0.004722674174781997, 0.004700642569998935, 0.004647776140514557, 0.004656346234372534, 0.0046665367319000525, 0.004660043464050684, 0.0046441360219174185, 0.00463399973994568, 0.004674090989680481, 0.00465027699460798, 0.0046777678751119, 0.00462570969915985, 0.004637859365732239, 0.004606390684571393, 0.0045933567442953925, 0.004583872565553277, 0.004568767123231217, 0.004562029896192513, 0.0045851529120217865, 0.0045823561856190706, 0.004562164033809163, 0.004545917528766428, 0.004552791335739274, 0.004545939022121842, 0.004519805677847222, 0.004526385019838556, 0.00452674673915365, 0.0044960335772298065, 0.004718081288652135, 0.00466059878849088, 0.004515008915681026, 0.00449708426966844, 0.004508687849143808, 0.004504418536104743, 0.004516576754609205, 0.004509965804436722, 0.004492342346822381, 0.0044605325308692085, 0.004494488054698326, 0.00447087781917167, 0.0044614199355266565, 0.004452441933803725, 0.004459671278003044, 0.004461742396042017, 0.004419139828150832, 0.004461652134419348, 0.004413706145530619, 0.004899354428693189, 0.004457868451031157, 0.0044370055313486725, 0.004449471201931474, 0.004433762712513841, 0.0044509928716546755, 0.004438824255367902, 0.0044103311773817135, 0.004449306879205806, 0.004464842022308803, 0.0044635413110661465, 0.004403489716864452, 0.004444250082315308, 0.004412530955648053, 0.0044377256740346475, 0.0043941048318245695, 0.00443373646034812, 0.004413322698423685, 0.004380713723362296, 0.004366180316246978, 0.004387405470916756, 0.004387050217728192, 0.004360856821964602, 0.004303511062598692, 0.004428158741779532, 0.0043596608152688555, 0.004323275833126423, 0.004335825052781389, 0.004448351109361607, 0.00434933082857051, 0.00431845898804945, 0.004318047739349789, 0.004326844155275334, 0.004375290041865581, 0.004300184979853776, 0.004302291726729343, 0.004286558529518549, 0.0043344173929831765, 0.004341882889345065, 0.0042956197061905866, 0.004281927994524667, 0.004307970624566857, 0.00428853506926084, 0.004294323751910696, 0.004308159368298739, 0.004287985289607345, 0.004314686472820925, 0.004316240288420093, 0.004285400993873085, 0.00432075411947418, 0.004233919908417549, 0.004262767427464773, 0.00429172120615716, 0.004234932396707123, 0.0042597478784053115, 0.004264281729997984, 0.004271494563623857, 0.0042729674095710836, 0.004260932079230473, 0.004288499918942452, 0.004317860566570776, 0.004162915213650975, 0.004271810197023443, 0.00432031893209082, 0.004248217616100871, 0.004168240034209417, 0.004185774350172605, 0.004247388241243533, 0.004152696519216936, 0.004216339617199424, 0.004175004262769779, 0.004183885529399682, 0.004235489262203045, 0.004248325747619044, 0.004165157455377769, 0.0042097369927634985, 0.004182980205089282, 0.004151660428202108, 0.0041954479613993114, 0.004194299152817043, 0.004184758777548087, 0.004237135045491996, 0.004209960847168513, 0.0042431585278441975, 0.00423619587088297, 0.004180183290085727, 0.004188959678945107, 0.004290373888152469, 0.0041882745377968215, 0.004156050274730085, 0.004177400861721572, 0.004214119412871322, 0.0041414232844277634, 0.004131002411023276, 0.00416996277292095, 0.004157402944159302, 0.004104899654963584, 0.004195233360355794, 0.004127924924025473, 0.004132948213724219, 0.004145322787484507, 0.004122932280785233, 0.004128579477384845, 0.004149160307777621, 0.0041077129568143035, 0.0041065136552227025, 0.004106406067377163, 0.004130496633117293, 0.004106358874287104, 0.004195250795184529, 0.004137114957698089, 0.004106206327764531, 0.004137755108851809, 0.004096685314421925, 0.004099853722862476, 0.004091626133989174, 0.004080286618337542, 0.004073693345842826, 0.004090321789564406, 0.004136355239463731, 0.004079201933760189, 0.004151179068798427, 0.0040602712900135625, 0.004057109174247591, 0.0041377168639310504, 0.0040537981881961, 0.0040572640131475365, 0.0040062665147575565, 0.004050403079194309, 0.004131996082928523, 0.004044986283543876, 0.004054155026907384, 0.004058187699584347, 0.0040390453015376054, 0.004028711126093495, 0.004026693054918157, 0.004056104230744916, 0.004041333620665221, 0.003989230798545815, 0.004037061846520588, 0.004011161388951504, 0.004030441990424117, 0.004050389987513011, 0.003987081840742187, 0.004008843712284098, 0.0040624225214332555, 0.003993505424266807, 0.004008257655251977, 0.004019532109164612, 0.003994843477385438, 0.004003060888929755, 0.004032239663749636, 0.004054744374498439, 0.004043027443348015, 0.0040131699361463, 0.0040254421142212875, 0.0039972477984491096, 0.004026156859687308, 0.004026050825517768, 0.004026918931221101, 0.0040050339870771855, 0.004026877630277196, 0.003977236853930768, 0.004032773755351298, 0.004015678306908996, 0.003964966536577836, 0.004006311984505528, 0.003975080107684852, 0.0040046122928056585, 0.0039872739024535775, 0.003988331977884246, 0.003996757925168028, 0.0039978712050971945, 0.004005510547989089, 0.004033507541001516, 0.003986997614523086, 0.004011013126979778, 0.004105209898876149, 0.003986626387467181, 0.00397322884420684, 0.004004657619454253, 0.003970597459072076, 0.004028845269104153, 0.004082340944338935, 0.004022985656655083, 0.003991897278648866, 0.003976320467866445, 0.004106514812008793, 0.004148393065920891, 0.0039777665694613155, 0.003996145352392662, 0.003984455235886234, 0.004052027265428682, 0.003992994207144004, 0.004002725204207562, 0.003965455229138158, 0.003941901365940531, 0.004017888973551773, 0.004041862318161304, 0.0039940781603125, 0.0039836659762971845, 0.003991040415864285, 0.003980248959799878, 0.003955521241510403, 0.003972063329716867, 0.003978309274885528, 0.003976819309136498, 0.003983415924240335, 0.003938829086308131, 0.003937600247312809, 0.003988490376880832, 0.003927430143451914, 0.003939422042663274, 0.003946588877219867, 0.0039303104501368985, 0.0039057918597819484, 0.003946142069462771, 0.003982040677191565, 0.003945767430478111, 0.003926999047021918, 0.003971269522296728, 0.003933363203813401, 0.003926352098282034, 0.003867923081712185, 0.003923676546816685, 0.00395381644440975, 0.003900969287431201, 0.003919829116727055, 0.003925129494331819, 0.0039127276381613375, 0.003907420679062696, 0.00392378863143392, 0.0039005523640739006, 0.003864288048338865, 0.003908728834928875, 0.003914167587581429, 0.003909502784265064, 0.0038965693685778387, 0.0038767746429167697, 0.003885136424091339, 0.003882339680509141, 0.003868534533771306, 0.004081396829821674, 0.003908073849727897, 0.00387435849168227, 0.0038924419472645207, 0.003961728515949687, 0.0038618940067281925, 0.0038325780204803554, 0.003868959097746275, 0.0038881258869238457, 0.0038460118157672306, 0.003914429276119882, 0.003855010088738356, 0.003831503712494244, 0.003897901410383239, 0.003856275150794464, 0.003921236322010949, 0.003867678753880198, 0.0038395301398768604, 0.003808773979684557, 0.003817888701075604, 0.0038771019491466692, 0.003814018332162797, 0.0037876899739278406, 0.003831836508540852, 0.0038134705453096414, 0.0038904433912899435, 0.00381674995737826, 0.0038227896961698566, 0.0037615965847638873, 0.0037751225900467325, 0.0037271886160193664, 0.0037829897520749796, 0.003785130805826178, 0.003765798641582047, 0.003844671817353255, 0.00374693421414721, 0.003794112404326529, 0.0037778094150053144, 0.0038186441775956894, 0.0037608128442898504, 0.0037006596970083415, 0.003726715788699708, 0.00370392832799159, 0.0037063882109536718, 0.0036869295435082382, 0.003694199234997479, 0.00369328216029443, 0.0037290325225141255, 0.003672164395869435, 0.00369058987024478, 0.003746608542737724, 0.0036701612337834044, 0.0036702084289802843, 0.0036884747763287246, 0.00368471339840135, 0.0036719765773457025, 0.0036867029657966584, 0.00369407536424048, 0.0036572783627945287, 0.003635501886080948, 0.0036327136158474525, 0.0036423470227730254, 0.0036199808426919016, 0.00360763111391864, 0.003652280626507634, 0.0036415707994467434, 0.0036326924076864444, 0.0036070436561553457, 0.0036224900053919377, 0.0035926613685674925, 0.0035915296330221117, 0.0036141937457459224, 0.0036087908063652673, 0.0035955224999338203, 0.003577415163148144, 0.003624780591346456, 0.0036208438278110626, 0.00358318144180086, 0.00362204458334032, 0.0035552134111662037, 0.003571778797641428, 0.0035872790381141534, 0.0035606900303848704, 0.003521085802743937, 0.0035555618483302078, 0.0035370286732149866, 0.003532299573714405, 0.0035469245122609, 0.003522214773249342, 0.0035452079535523424, 0.003529690732904128, 0.003507079512023205, 0.0035069760721143516, 0.0034945014175326717, 0.0035030953440737607, 0.003502269117048143, 0.003499602808297454, 0.003483155931232815, 0.0034588443895826296, 0.0035179807290358083, 0.003487948156885931, 0.003482232452692932, 0.0034825776384184177, 0.0035068807169123407, 0.0034558731563999624, 0.0034553472173342215, 0.003470949368682852, 0.003464258564023057, 0.0034621747617339434, 0.0035066309901254145, 0.0034368691461570313, 0.0034425929510286143, 0.0035603161419186487, 0.0034273114794043115, 0.0034686201058523073, 0.0034330074292351007, 0.0034354428164525418, 0.0034377912137027065, 0.003406077896871981, 0.0034067220547361276, 0.003481346036703364, 0.003445613601059476, 0.003422850754115443, 0.0034207771996941864, 0.003391959117824801, 0.0033758659236910694, 0.003397102519959956, 0.0034138301167963444, 0.0033861929333680275, 0.0035092196126222624, 0.0033957018102058908, 0.0033739069694251893, 0.0033985432758843266, 0.0033693379280662554, 0.0033938745359156585, 0.0033595484905887918, 0.0033834359314712462, 0.003403520824189221, 0.0033550516266780905, 0.0033468094830586275, 0.003354670224361882, 0.0033785762150880137, 0.0033810544193838264, 0.003402654489131497, 0.003352263339461944, 0.003411899952233594, 0.003324352596390393, 0.0033021848090286454, 0.003296759135987604, 0.0033194259920310376, 0.003325955269157531, 0.0033492332221425353, 0.0033496040577622667, 0.0033148228508859943, 0.003330978075336048, 0.0033246505412930006, 0.0033160846687444456, 0.0033491102034680638, 0.003278000061312882, 0.003643501703428104, 0.003309571770414807, 0.0033229613890815176, 0.0032950454885888924, 0.0036403889498966735, 0.0032615120968411226, 0.0033050740254445456, 0.003286202359102306, 0.0033655851841482352, 0.003279740098678917, 0.0032768432736717907, 0.0032826392359620485, 0.0032546331351528996, 0.003255062129255003, 0.0032299868362011676, 0.0033067075915985266, 0.0032343875634078183, 0.003224312408294482, 0.0032638377407641027, 0.0032258435477994975, 0.0032538102303460675, 0.003217364654583044, 0.003221754343427292, 0.003225819115889095, 0.0032100086833995807, 0.0031930933759626505, 0.0031917546023431205, 0.003190670979119349, 0.0031836411278413144, 0.003227998197422628, 0.003249683800405312, 0.003187175151752096, 0.0032790545317124757, 0.003196516394771961, 0.0032632274356564116, 0.0031601079265392326, 0.0031614246765424643, 0.0031585553326174336, 0.003167969477994195, 0.003173303455904118, 0.0031332970182617807, 0.003126939903631425, 0.0031430188975793316, 0.003131773878651119, 0.003127914125851702, 0.0032011658172532804, 0.0031821727267004494, 0.003126448412715231, 0.003150447495573719, 0.003131067886796578, 0.003117094390017136, 0.00313619318897503, 0.003105028214875809, 0.0031202367570217974, 0.0031285655162123184, 0.003107777191009208, 0.003116565964544737, 0.003092811423485664, 0.003251900412828725, 0.0031443653395774054, 0.0030985897338941344, 0.0031244399009008263, 0.0031205474998883946, 0.0031450663330163525, 0.0031345908996892966, 0.0031072988017520242, 0.0030482754318263182, 0.0030665069240738444, 0.00309468119073891, 0.003124846700757393, 0.0030749725963388455, 0.003055687488531375, 0.0030741369442885825, 0.003054642239664158, 0.003036025362611036, 0.0030433552042367887, 0.0030360009547012842, 0.0030323523954590534, 0.0030296459498775226, 0.003013991288089127, 0.00302459887534047, 0.0030374468398758707, 0.0030379939220177275, 0.0030070515879149734, 0.0030041038298964404, 0.0030308956626478537, 0.0029870893822741672, 0.003062077143007483, 0.003052859405094369, 0.002977109611537144, 0.003028856057362771, 0.0030911014179513386, 0.003044081150865405, 0.0030789154979223524, 0.002981011233252005, 0.0029970356708494115, 0.0030240677784231294, 0.0030025335569312454, 0.00295385178355667, 0.0029714361515650613, 0.002987462655472083, 0.0029423104495462306, 0.0029834866066262163, 0.0029819341397183587, 0.0029394713343688854, 0.0029573118956223734, 0.0030271571491378383, 0.0029590827478653196, 0.0029569632046008367, 0.0029688967583266297, 0.0029391584945638646, 0.002930081740024221, 0.0029114805126731116, 0.0029530013086464173, 0.0029067146139036795, 0.0028969809012922426, 0.0029763421634323574, 0.0028837210092223426, 0.002940486606699699, 0.002920111403642221, 0.0029274294243942763, 0.002918205578996228, 0.0028895043500986174, 0.0028981514710458155, 0.0029364237393739597, 0.0029030350289508526, 0.0029082378107806684, 0.00290465285748059, 0.0028939052491099666, 0.0028619600811164198, 0.0028943513129431678, 0.0028987286097782923, 0.002920963049479894, 0.0029666397574427033, 0.002930864168849641, 0.0028706707424358767, 0.0028666239857838127, 0.0028677073456701858, 0.003043810263976751, 0.0028769882756790777, 0.002864290782551192, 0.0028516359419806375, 0.0028627820288364167, 0.002875452219794192, 0.002879212219043041, 0.0028440437370579317, 0.0028537805578071115, 0.00283444263724419, 0.0028468379865704855, 0.002872778517499904, 0.0028722185502116485, 0.002854681067615782, 0.0028500986049475817, 0.0028248253194212447, 0.0028394995948554454, 0.0028250512470809285, 0.002829282088897458, 0.002817252634432135, 0.00286366907181289, 0.002823701866783551, 0.0028143158847971114, 0.0028233088703991274, 0.0028217130938671437, 0.002801820704135396, 0.002817573668415649, 0.0028229027290539704, 0.0027946644694474268, 0.002791307729551719, 0.0028007164002650862, 0.002831952350225217, 0.0028039592070821374, 0.0028676444278682637, 0.002804475077807166, 0.0028193487697667015, 0.0027818651423136584, 0.0027606091060558627, 0.0027828953492313544, 0.0027984271201482876, 0.0028034866133706243, 0.002781603790323936, 0.0027769260807187736, 0.0027484006964649033, 0.002770302400870567, 0.0027564514695832447, 0.0027426165275922262, 0.0027699821751751568, 0.0027405629915564543, 0.0027501879492490473, 0.0028040909011766047, 0.002747332595521966, 0.0027419369246810092, 0.0027579744813883296, 0.0028198463891887285, 0.0027232487324210337, 0.0027183805167602937, 0.0027357130912118773, 0.0027175110473033125, 0.0027285184060958988, 0.0027423138076279937, 0.0026958926199764244, 0.00271694009403732, 0.002736284457710703, 0.0026955161033997994, 0.0026856357183620057, 0.002691626591643306, 0.002691886317894755, 0.002723668615160372, 0.0026949638774259044, 0.0026762715343953154, 0.002683662013725781, 0.002713776717162517, 0.0027048232566769855, 0.0027163907971584785, 0.0026602026287468102, 0.002654585892168495, 0.002685690137670423, 0.002726387690691956, 0.002660854497313489, 0.002643192873435905, 0.0026644693575356353, 0.002677046220331599, 0.0026837321336430696, 0.002649020302243114, 0.0026677795753957414, 0.0026336196030222847, 0.0026670012951082725, 0.002670812447784529, 0.0026352941586942403, 0.0026528288156351023, 0.002642437714707511, 0.002639218975181317, 0.002677221817892483, 0.0026200782608633167, 0.0026372224666224436, 0.0026468305043012117, 0.0026478495072594817, 0.002702121263696274, 0.0026434792214477328, 0.0026162738812682885, 0.0026056490533190157, 0.002591858301752944, 0.0026504424564230047, 0.002596537325779695, 0.002601536880963409, 0.002613228668806617, 0.00261566052497823, 0.002594250206175066, 0.0025859148629419847, 0.00257986433683552, 0.0025835889232353844, 0.0025723820580919234, 0.0025806804956758165, 0.002575265051396268, 0.002578226119996506, 0.0025783671975679726, 0.0025971743662624807, 0.0025617984592623388, 0.0025581708471880734, 0.0025519892665762088, 0.002558309400400084, 0.002561778423240097, 0.0025554477547715063, 0.0025322161148915033, 0.002561706461062666, 0.0025627370882820365, 0.0025564782456687185, 0.0025634000489036563, 0.002542901598307758, 0.00255099368275917, 0.0025646155746092618, 0.002548408637235028, 0.002536370382911146, 0.0025249033544455916, 0.002561464542732779, 0.0025444861040946716, 0.0025165669325560107, 0.0025336129664032783, 0.00252258514364205, 0.0025146662515573293, 0.0025184072128380404, 0.0025794915006534763, 0.0025324585032134414, 0.002521239122309552, 0.0025199144206368013, 0.0025359454658880763, 0.0025289802430833713, 0.002495544536310154, 0.0025992412959500197, 0.002522333118215812, 0.0025244738358654634, 0.0024975277241726834, 0.0024994490745237903, 0.0025145889640423445, 0.002512693705948054, 0.002479204489172163, 0.002523982312821992, 0.0025577813202485203, 0.0026079037829903166, 0.002506630885415079, 0.002488400945763297, 0.0024594137257042572, 0.00245889412157657, 0.0024612230737095014, 0.0025189438491053586, 0.0024725854659249794, 0.002460676883076426, 0.0025348382242568056, 0.0025304547316938857, 0.0024691006013157555, 0.002467007340843817, 0.002485214367592424, 0.002463308167340889, 0.002475246190289679, 0.0024925992123819955, 0.0024716957989449288, 0.0024341350107703053, 0.0024508449781448765, 0.002492241478574986, 0.0024343448512567666, 0.002466602388218294, 0.0024315094388121772, 0.0024728420178600436, 0.0024845716856774377, 0.0024364900188243253, 0.002457681565120818, 0.002465113788196494, 0.0024169847195799525, 0.002430258667053358, 0.0024955069581982774, 0.0024557859537787763, 0.0024066631850106664, 0.0024727575928220878, 0.00238699098282117, 0.002425780507852006, 0.0024131156419256133, 0.0025222026584906824, 0.002412829401082136, 0.002379969649714393, 0.002431612645856287, 0.002379608326621748, 0.0023867637633161313, 0.0023863998181333744, 0.0024162146513988995, 0.0023931780975570234, 0.002406516292833712, 0.0024627730821276364, 0.002389023262222629, 0.002379480786397867, 0.00239405842569639, 0.0024216789160308038, 0.0023788637296664294, 0.0024172819180585743, 0.002384605838767712, 0.0023592922799358703, 0.002407488205413356, 0.0023454609371966746, 0.0023807535646524175, 0.002347287606274916, 0.0023575982669729453, 0.002379470061966902, 0.0023634487771072685, 0.002353037713110544, 0.0024465459766853655, 0.00246351330791882, 0.002404120953338475, 0.0023943867941418743, 0.002410393145628964, 0.0024367252749595025, 0.0024697981185990126, 0.002360215091990541, 0.002350408426546366, 0.0023641641561635666, 0.0024333353333570763, 0.002437655892080304, 0.0023560395217404567, 0.0023382235504843933, 0.0023892596274953585, 0.0024469745814803367, 0.0023884099284866146, 0.0023452650101695263, 0.002478586543255751, 0.0023378069882548065, 0.0023270528504111244, 0.002302787660070312, 0.0023392899028685313, 0.002341842864763074, 0.0023292234096774582, 0.0023040017890751754, 0.002314231530851789, 0.0022955078515415834, 0.00237249209156592, 0.0023292310443160115, 0.002348767051650776, 0.0023787872447660185, 0.002342990872359146, 0.002322129928593621, 0.0023444497535095475, 0.0022848741394946395, 0.002403265944955309, 0.0023055015873125017, 0.0023751415231938237, 0.0023328831573020525, 0.002329495195835705, 0.002282112470260053, 0.0023102861992362386, 0.0022703750027096314, 0.0023062447923276135, 0.0022612152690993027, 0.0022866793497091555, 0.002288816646999561, 0.0022703677711256374, 0.0022845740731415984, 0.0022534808964240257, 0.0022563846624512325, 0.002304177722788807, 0.002264044015283754, 0.002254695681140303, 0.0022461101346252983, 0.002297649093803499, 0.002325432613550437, 0.002311275930937579, 0.002225139759943566, 0.002268601577727778, 0.002243328315776869, 0.002287831701550573, 0.002241457247114065, 0.0023170693950787967, 0.0022836790908823974, 0.002281774666532299, 0.0022528829142522025, 0.002250223390371485, 0.0022393171384064, 0.002254109990423017, 0.00223887988581678, 0.002223011473794177, 0.002208725893491128, 0.002252820963300643, 0.0022155717936289334, 0.0022895170980008, 0.0022509488263125848, 0.0022573184973564515, 0.0023144395450154587, 0.002290527906056681, 0.0022015129810956475, 0.0022385138217069877, 0.0022010997630696858, 0.002274719412235971, 0.002197370061153161, 0.0022306329017639163, 0.0022148368825763275, 0.0022439962949817056, 0.00241355952425941, 0.0022201771455466817, 0.0021920483780586146, 0.0022137561095012153, 0.002185993476563954, 0.002239666449962098, 0.0021797925088186745, 0.002164326668745019, 0.0021556848650588615, 0.0021517805500628753, 0.0021684968166690976, 0.002160650914690326, 0.0021684767178834193, 0.0022296181583218153, 0.002183677338681886, 0.002168768851943296, 0.002186027194158551, 0.0021835220349694395, 0.002170517022665767, 0.0021497385553344824, 0.002156613379820667, 0.0021680646770328837, 0.002168389685081094, 0.002132993355505595, 0.0021208390986660972, 0.0021612431811859015, 0.002124125523402353, 0.0021613306781495503, 0.0021400317274943067, 0.002159995250951144, 0.0021479904418538484, 0.0021352030222318162, 0.002116375174746008, 0.0021599837701249676, 0.002140802986269719, 0.002182435827434687, 0.0021183211501314848, 0.002129994777753384, 0.0021431271502220955, 0.0021261044670813083, 0.002127522981571457, 0.0021480530699096046, 0.002131656895313479, 0.002149096821196401, 0.002109070014665258, 0.0021197708084687147, 0.0020978039052504185, 0.0021307923263063004, 0.00211413604128816, 0.002132684267671789, 0.0021280920050548236, 0.0021012098287629508, 0.0021366492859545743, 0.0021319835632694593, 0.0021196328338724917, 0.002116045261750586, 0.0020997027507674427, 0.002097837144852542, 0.002112752998424529, 0.0021154029084952185, 0.002106010665892266, 0.002163173565491429, 0.002089620647452988, 0.0021139198618821747, 0.002103264391828056, 0.0020719589599141265, 0.0020694744127739283, 0.0020638873694438682, 0.0021220739716541724, 0.0020787384222064223, 0.002054513449338149, 0.0020901035446391713, 0.002118455482477489, 0.0020581150811081433, 0.0020384726330262433, 0.002059342902363544, 0.0020631583767764974, 0.0020572592984718385, 0.0020516079277343485, 0.0020590867015653964, 0.0020843918446896265, 0.0020498719225763478, 0.0020774181838976295, 0.0020447044989944673, 0.0020492208976165506, 0.002042877411236157, 0.0021005464479956896, 0.0020185634606931908, 0.0020362915225097767, 0.002062437870939157, 0.002042752899220726, 0.002062582949803098, 0.0020929142870871743, 0.0021563606712364726, 0.0020427311581858957, 0.0020120426963250583, 0.002039568006396444, 0.0020152253571549786, 0.0020215937857177837, 0.002027160046385942, 0.0020173006343060383, 0.002033719692062715, 0.0020722080687925544, 0.002014330321610553, 0.002005819860421923, 0.002092230497834652, 0.002034004307493494, 0.0020123073852240853, 0.0020043355457338837, 0.0020094814361773677, 0.0020165075865607733, 0.002034585646201055, 0.0020280517967428556]