Model Setup for Neither Patient 7:
ITERS=2000
LEARNING_RATE=0.001
OPT_RESET=None
ATOL=1e-05
RTOL=1e-05
METHOD=dopri5
Input channels=2
Hidden channels=32
Output channels=2
Runtime=303.4962558746338
Optimizer=Adam (
Parameter Group 0
    amsgrad: False
    betas: (0.9, 0.999)
    capturable: False
    differentiable: False
    eps: 1e-08
    foreach: None
    fused: None
    lr: 0.001
    maximize: False
    weight_decay: 0
)Loss over time=[1.1956685199237769, 1.1851396936354235, 1.1709354417191744, 1.1599747118802584, 1.1480163195685984, 1.1350477653264477, 1.1239554137720664, 1.1117098795952745, 1.099537658458091, 1.086239967984237, 1.0743794554656232, 1.0626523461348782, 1.04876079934594, 1.0393924077721743, 1.0239058689840699, 1.013031647520677, 1.0026860629896523, 0.9889500509736714, 0.9758847201336674, 0.9660522482358292, 0.9534036329430489, 0.9462722910174535, 0.9359655817811535, 0.9263616056611884, 0.9185611825547816, 0.9066938889861333, 0.8972341178707418, 0.8898831964664001, 0.8828566936382759, 0.8589555119829785, 0.8682422234342859, 0.8583936715983327, 0.8529019707088275, 0.8433256753977164, 0.8389282097861084, 0.8266589416329623, 0.8223951771272531, 0.8134656705742664, 0.8098501036455364, 0.797960626341795, 0.7950207925458124, 0.7873802396160244, 0.7813007667328155, 0.756975664224473, 0.7646751504858806, 0.7614002950667168, 0.7580419762505709, 0.7535604539361459, 0.7450012382496554, 0.7391401685090792, 0.7341780999315207, 0.7249481174414054, 0.721745776685962, 0.7163181188484913, 0.7107587521588784, 0.7065020582570788, 0.6992020269055801, 0.6944297170284028, 0.6902056853988322, 0.6838572206591165, 0.6792606083097126, 0.6753326535308133, 0.668019739552841, 0.6637067356692978, 0.6593993716153032, 0.6525191282856163, 0.6445105833060353, 0.6407007157564926, 0.6400217084614643, 0.6312523483633454, 0.6278599306282246, 0.6248255789069469, 0.615775043360724, 0.6124116470864771, 0.6080479600894587, 0.6039962853427508, 0.6006018379303604, 0.5908167569819583, 0.5887975233738924, 0.5846653829055287, 0.5799810203954817, 0.5706354992106671, 0.5665662829412849, 0.562533556087109, 0.5609234572892504, 0.5531900473239962, 0.5533587877796028, 0.5487487390223845, 0.544771414005514, 0.5398768005991065, 0.5335221792456272, 0.5296496154312004, 0.5229107162166527, 0.5212991636790913, 0.5192670185068505, 0.5130735955214429, 0.5091707027786055, 0.5022941485375846, 0.49418327728617634, 0.4938014424694457, 0.4906016234652109, 0.48678707951445843, 0.4787992821958296, 0.4794629882079447, 0.47245495785919717, 0.469326762237124, 0.46490728768157746, 0.4624997004776885, 0.45610243318515403, 0.4543525308528716, 0.44631914477925877, 0.44329260031058193, 0.440387566861939, 0.4337637421189452, 0.4313414810466201, 0.4294947895302727, 0.42721851990033494, 0.41996665111806897, 0.4023485416605126, 0.41320746738434705, 0.4054093399339523, 0.4032419257823936, 0.399000118699502, 0.3960232032243992, 0.3972937180796704, 0.3912082067512966, 0.3872743264717697, 0.37806546580661, 0.37591694022785715, 0.37448854000007276, 0.3672086003051545, 0.36556202275821775, 0.36337950764526394, 0.3587471288499656, 0.35532472884390204, 0.3521833038725226, 0.346925544077057, 0.34415641655479484, 0.3402053111725134, 0.33564277032462164, 0.3346657841673975, 0.32873295375788253, 0.3263468167915168, 0.3198597273976849, 0.31869866786010165, 0.31475885979465956, 0.3110735668144343, 0.30906398793852324, 0.2998614080836363, 0.2999510260265058, 0.3003937934493384, 0.29500046671134095, 0.29173631279262396, 0.289134280279953, 0.2839895251145359, 0.2810971714275835, 0.2744239641634852, 0.2750576146612342, 0.2750524484503702, 0.2697444649728231, 0.2637916668213247, 0.26498560229651696, 0.2614705494619967, 0.25704882630198694, 0.2545875507210976, 0.25263633813848924, 0.24634632896672157, 0.24592081013088338, 0.24406144379498781, 0.24162917387571026, 0.23810342440011967, 0.23430059546604218, 0.23038156474362897, 0.22976073408029044, 0.22662064136791624, 0.2265293529771917, 0.22063538200267782, 0.21604624161959246, 0.21305365931670384, 0.21482329540535117, 0.21107178666345805, 0.20915166388701445, 0.20586669146049583, 0.20073293290839234, 0.2009488594240261, 0.1962357384248838, 0.19224683885408894, 0.19349599924127361, 0.18520173079086105, 0.18700014714694016, 0.1828196864267209, 0.17895197049819953, 0.17862492289273763, 0.1754136075522372, 0.1732212560344302, 0.17567328488146947, 0.17303228839021983, 0.16601818351303932, 0.16620874173850217, 0.16566997340184997, 0.16164237237122556, 0.16030747782248597, 0.15379552647622768, 0.15751578820143539, 0.15637058936604087, 0.14384968089824055, 0.14883343965458656, 0.15036468427987482, 0.14300147250363715, 0.14423569357046578, 0.14131872133457882, 0.13828902833413242, 0.1365426041693829, 0.135449529297631, 0.13199812711660092, 0.13259624322681163, 0.1300815556720454, 0.12712652264394542, 0.1267939005284067, 0.12456520141027766, 0.1211644174665819, 0.1187291953335316, 0.1200695142288925, 0.11654067655612402, 0.11496764251928178, 0.1129672211467489, 0.11241554572903684, 0.10880091865806456, 0.11117500447788009, 0.10683846543431703, 0.10351267513212764, 0.10246230416445087, 0.10173994968539049, 0.09933747464507144, 0.0994032809375756, 0.09882782984845968, 0.09585125624845828, 0.09611558027939608, 0.0945737736864213, 0.0934808623442191, 0.08926063205595253, 0.08886393523413494, 0.09132779522342206, 0.08853410340079648, 0.0855978871420293, 0.08301789117294818, 0.08332722858837337, 0.08298281640335783, 0.07996254078276378, 0.07858312150781446, 0.07953623337167194, 0.07633044990651384, 0.07672674161005828, 0.07463277742553037, 0.0744970297087612, 0.07260955414079168, 0.0690905938103048, 0.07209243899188249, 0.06867579012114346, 0.06637646661082298, 0.06738799627334852, 0.06474795990038053, 0.06505302659717364, 0.05648583324872056, 0.06237818564949681, 0.061901783804600784, 0.0622350796607704, 0.0606720328431875, 0.059946464739657375, 0.0587094199801449, 0.058829277155475146, 0.05531352848606383, 0.054442765261537726, 0.05428331145702819, 0.054320623598808314, 0.05191609410055782, 0.05276419130064657, 0.05029031893374857, 0.05051901453645699, 0.049771815835286275, 0.0491390575072264, 0.04801590867123972, 0.04629854858578235, 0.04682906188837355, 0.04695560223406867, 0.044766714299647646, 0.04438952691321819, 0.04291226598727827, 0.04193758479097425, 0.042285014790973886, 0.041200520095495526, 0.04018061995196121, 0.03874695693711417, 0.03991827251936069, 0.038704702069268335, 0.06640332205518416, 0.03909684947014696, 0.03729939323990786, 0.035469306561869314, 0.035997465207343884, 0.03492846908719824, 0.03449961828295727, 0.03585658616610161, 0.03466744507685107, 0.03474498077363526, 0.03271675901519278, 0.033374761959411366, 0.03245827523891847, 0.032079085140938664, 0.03365283805647462, 0.030830486496389812, 0.02934035152974623, 0.03183996040142231, 0.029588659333071, 0.028989463914807265, 0.02852610231954592, 0.027775323833019297, 0.028769088318365478, 0.029215779186877257, 0.028131123159435677, 0.02698671389666424, 0.0269845782891474, 0.025146857833082226, 0.02452022373704643, 0.025609515584127808, 0.025121292060783718, 0.02443282875490931, 0.02417394100206803, 0.024232514806963555, 0.023927521230619662, 0.02336920809467259, 0.0232663391516442, 0.02218661300198605, 0.02283346351551839, 0.022048814666676523, 0.021958049535668763, 0.022361568388171844, 0.021712645426729633, 0.021609967277868517, 0.021465335752360096, 0.021894370942029586, 0.022078939162203163, 0.022079008177193868, 0.02171629734382745, 0.02108563090998874, 0.020000839757415328, 0.01995106247368755, 0.019627555588554932, 0.019040435100222367, 0.01863842060988168, 0.01894269439505034, 0.018524663446523027, 0.01854640143348814, 0.018532862429481642, 0.018531291519318784, 0.018244765326887888, 0.018018319232019384, 0.01879421356386172, 0.018052407259937807, 0.017055186619098134, 0.017793775551531558, 0.017137578008054755, 0.017107332311037855, 0.017218814408301166, 0.017291725704660352, 0.01669239701726823, 0.017878500101765962, 0.01672756398967574, 0.016949034002235384, 0.016065518979583863, 0.016647088309301807, 0.01649422116120886, 0.016235469933724947, 0.015707476650476317, 0.016053200772384008, 0.015678933803947293, 0.01562509276446544, 0.015463666412237165, 0.015220264570446406, 0.01590741786710156, 0.015341604382872463, 0.015094649625193622, 0.01539060928359865, 0.015271101186900808, 0.014956000447116757, 0.014711854474688792, 0.01486802409831698, 0.014769813158097521, 0.01417037126823249, 0.014245283581435932, 0.014610507348493161, 0.014523712596157116, 0.014659711758045934, 0.014601246842888372, 0.014033352223471563, 0.014099901098797413, 0.014287566081912438, 0.014059936783638238, 0.013999767369464254, 0.013896952289657412, 0.013784722256995613, 0.014033291128939297, 0.013848541636406302, 0.013647332990004292, 0.013671063952844615, 0.014043039750009274, 0.013533933485741998, 0.014203348533503786, 0.013794573500828437, 0.013469656648216845, 0.013520869308926512, 0.013418040121986165, 0.01365348368783209, 0.013562876798368855, 0.01334919019269858, 0.013431519221710849, 0.01353679784455974, 0.013206342884092004, 0.013251489031563833, 0.013767519352715725, 0.013172520202620552, 0.013302853542139347, 0.013301372673060393, 0.013162511213215272, 0.012992757459622114, 0.013140733960674495, 0.013026495855639919, 0.013036976231080149, 0.012970037175751596, 0.013727016866619535, 0.012830834086260384, 0.012943580416313376, 0.012994223477993202, 0.012853401543548061, 0.012609240737790605, 0.012908971245377347, 0.012824439653923242, 0.012840809916482903, 0.012698935625282891, 0.012846316462055229, 0.012779214978400805, 0.012675803557986936, 0.012535475912452526, 0.012748652857189173, 0.012730817689675676, 0.012569025540767, 0.01250596943480657, 0.012491206484133292, 0.012628019099413428, 0.012408200744422726, 0.012732569381234843, 0.012485946301164973, 0.012654489522691074, 0.012673539095165543, 0.012695420027064613, 0.012486242631831491, 0.012424988537079356, 0.012597435286518143, 0.01234567595924885, 0.013059658997176328, 0.012301367178489448, 0.012161587509614586, 0.011974511590205987, 0.012082663988637575, 0.012374884565544347, 0.012272252418532801, 0.012366696814914984, 0.012309373688623613, 0.012188044061207364, 0.012130383634122876, 0.012011297615857114, 0.012156206816107634, 0.012361438371978143, 0.012391636718671306, 0.012789674683489778, 0.012080702777360376, 0.012021679996951206, 0.0119834171493498, 0.01202823815082265, 0.011799868465514203, 0.011913830150951184, 0.012040175988767726, 0.01189669977290887, 0.011845352861316598, 0.011847822679458402, 0.011943865267484838, 0.011937070913045616, 0.012332406846116296, 0.01177041270759977, 0.01201417986119751, 0.011980928851796246, 0.011820178293805246, 0.011530588399823417, 0.0117019041679508, 0.011858016815325412, 0.01181931969075603, 0.011659598049664065, 0.011767096992478542, 0.011802207210873538, 0.011740519748135165, 0.014587914133652922, 0.011813426952340137, 0.011725036336860329, 0.011851175426668503, 0.011609331326640477, 0.011423393075185894, 0.011508702024948301, 0.012108983996003513, 0.011510891417120127, 0.011638224168026208, 0.01172053300505771, 0.0115839077209787, 0.011429402506015667, 0.011636166757648697, 0.011590307171858466, 0.011585156526570762, 0.011501709437264009, 0.011606711266116971, 0.011238997827393337, 0.011412200658144573, 0.011444091676487033, 0.011444704198694084, 0.011322515617117055, 0.011327699630916049, 0.011421327483418574, 0.01146422227793231, 0.011462233989672478, 0.011450557074329555, 0.011238412292510665, 0.011556174294353554, 0.011427577437697628, 0.011216061246272837, 0.011089109020676445, 0.011279391576356306, 0.011319577530125798, 0.011373074436141346, 0.011153368190926063, 0.011488312824853165, 0.011299039617577543, 0.011233502275945993, 0.011296135220344613, 0.011183225721156122, 0.011476540012620452, 0.011119917956861972, 0.011133126817039296, 0.011400873587948217, 0.011039667180597621, 0.012712904109071454, 0.011043821895721907, 0.011316673775899705, 0.011283811851832514, 0.011164506757023024, 0.01103575943206359, 0.011066069464894034, 0.011095005097110271, 0.011159190263074536, 0.011160720910183813, 0.01114965602365915, 0.011109010806781934, 0.010962578571669167, 0.011081525766779142, 0.011023531709878723, 0.010898134109118605, 0.01078365400652351, 0.011152436507341896, 0.010742542182909912, 0.01059515575703531, 0.010722228220818225, 0.010855083705842246, 0.010852213404727152, 0.011008590641579946, 0.010677654600504015, 0.010839233467987066, 0.010767636066390201, 0.010757961199515243, 0.010762215622606375, 0.010752169470653767, 0.010802988399798728, 0.010910781419472375, 0.01083573204633252, 0.010606112619022244, 0.01075301670363208, 0.010675247855315487, 0.010732380109855026, 0.01079572453234055, 0.010772287949530846, 0.010878722997626334, 0.010824179770676002, 0.010705198448922941, 0.010947291134015201, 0.010770622840992094, 0.01048981683345581, 0.01080955551221134, 0.010705083801604757, 0.010714537125303262, 0.010745641874371598, 0.010301004154264815, 0.010411530133101603, 0.010594963407503252, 0.010554898688169114, 0.010462102999640338, 0.01055847806567645, 0.010752732167910733, 0.010523862439673055, 0.01054370702807095, 0.010424536457931935, 0.0105052607236937, 0.010480185724488205, 0.010801188230098274, 0.010426617566432454, 0.01076357363290849, 0.010603451013980273, 0.010636813273655309, 0.010606212205051924, 0.01063782637251011, 0.010389647221117347, 0.01065512871771888, 0.010625701793996323, 0.010248972635399084, 0.010734167439544001, 0.01036200436475346, 0.010576481767932973, 0.010407922690064885, 0.01039442455121551, 0.010449759210314978, 0.010111777762224756, 0.010680834702505538, 0.010567725624416725, 0.010172945407966356, 0.010682020781590402, 0.010365422431952478, 0.010306314524073063, 0.010663248531002152, 0.010621318169511052, 0.010054790073199798, 0.010738563061744632, 0.010560263599128216, 0.010227289260171548, 0.010554138754525459, 0.01042890160347838, 0.010467348433047285, 0.01046109611897429, 0.010394623551289157, 0.010368772589128161, 0.010306363305056505, 0.010335379227332148, 0.010235430795263673, 0.00998394910041862, 0.010361314841745678, 0.010307213444691463, 0.010547297020795508, 0.010338263061015124, 0.010218898241313177, 0.010271207580734005, 0.010348444213150928, 0.010303522267618484, 0.010219299054249113, 0.010109610635650218, 0.010506915297181644, 0.010074739924633175, 0.010431307331387828, 0.010117215852925666, 0.01028431339511201, 0.010195603788832143, 0.010449698221840732, 0.010127066226683365, 0.010249690321255694, 0.010037357378407495, 0.01031068087971408, 0.00971417748668032, 0.010425909882481006, 0.010488657540235088, 0.01028426356660618, 0.010342157428337039, 0.010449655357487549, 0.010115823237161214, 0.010106418454132942, 0.01019382806420059, 0.009783058175808934, 0.010271139361515627, 0.010276584389777133, 0.00988371492135446, 0.010067042737550607, 0.010075498857279118, 0.010116878367365047, 0.0095922143988631, 0.01009234643328759, 0.009858534166313338, 0.009931525685805796, 0.010187445470562105, 0.009840522316864872, 0.010338885124946242, 0.009828841612195384, 0.010241518610469907, 0.010154169666114078, 0.009896991056586776, 0.010127547729843868, 0.00997416118592803, 0.009800812929487772, 0.009758966072473169, 0.010036237430609581, 0.009727396019284353, 0.010215915996144543, 0.00986073327201092, 0.00996978079726049, 0.01004299229362187, 0.009941973298698958, 0.010059036237801315, 0.009939225522012353, 0.009881760119621703, 0.010119484167549474, 0.010051103873582594, 0.009756913723212827, 0.009889721106951554, 0.009747686169986971, 0.009954499413641198, 0.008556930173830607, 0.009850502137073194, 0.011791781744179936, 0.009606705140318169, 0.009774648481341013, 0.009816840477323098, 0.009795486076149513, 0.009867125484928322, 0.009667408621535069, 0.009936963288021891, 0.009994006237353761, 0.009447644674535058, 0.00976829744987019, 0.009801485129966257, 0.009659150722532345, 0.00957419260622245, 0.009423224570886441, 0.009606841454362185, 0.009904993120021481, 0.009312426710235853, 0.009560000038105757, 0.009587262745214825, 0.009734864271229014, 0.0096573888135424, 0.00964085801245863, 0.009553559116057321, 0.009611303247255945, 0.0096179017101325, 0.00900567761478459, 0.009800606750208541, 0.00956237986127442, 0.009500468532571454, 0.009813631377180512, 0.009783843408671987, 0.00976709968769791, 0.01001175560701732, 0.009749559761806302, 0.009600185442462267, 0.009602998222426103, 0.009414300376008657, 0.009502675264894248, 0.009224561045677504, 0.009348935042878105, 0.00947446054282532, 0.009523258148770544, 0.009478411039511515, 0.009433098962175132, 0.009534766463662898, 0.009390645849494143, 0.009331812321702977, 0.009349690723391804, 0.009609436246989985, 0.009259406430714478, 0.009604089264051518, 0.009679379936303587, 0.00939504801808489, 0.009396790679113557, 0.009485713310229316, 0.009689524788439015, 0.009535345925770948, 0.00999364204444555, 0.009484842276209137, 0.009182872849390828, 0.009205286167146033, 0.00902935674550224, 0.009526615340434853, 0.009271660470220962, 0.009236109848451447, 0.00955453221248654, 0.009288632745438136, 0.009359891784345016, 0.009146323160682625, 0.009299468060470054, 0.009493345114648867, 0.009307164204693802, 0.00920198287741964, 0.009650531136755314, 0.00931234875357902, 0.009454591024218166, 0.009279937825345351, 0.009318984262736191, 0.009424769207690574, 0.00926740235896726, 0.008319458423159124, 0.009197693742606372, 0.009246690000283901, 0.009229638312555584, 0.009344964390420934, 0.009170161870137864, 0.009066644075694078, 0.009223180294388365, 0.008810160059338209, 0.009060604172614053, 0.00896976637151354, 0.00948524733640254, 0.009264233613811816, 0.009294321786239727, 0.009362539527164473, 0.009467098823474797, 0.009101907700808716, 0.009267046424430448, 0.009260948304605169, 0.009007993844891394, 0.009336067416592993, 0.009183160118486522, 0.009225443054665787, 0.009247278399859466, 0.008848555186440411, 0.009319814646851061, 0.009062934855190137, 0.009087150632964074, 0.009080607556186221, 0.00919043753143387, 0.009307742147662635, 0.00904949742055395, 0.009197417188676815, 0.009200031670990849, 0.00930262202504781, 0.0090568218963257, 0.008934248782682891, 0.009002055778039227, 0.009043939602710365, 0.00901488939175063, 0.009176467284148438, 0.008961781820558378, 0.008807384146195148, 0.009174532658252715, 0.008763526983994845, 0.009255046057663351, 0.008935903017850988, 0.009095380957291928, 0.009114400531845262, 0.009040713404382714, 0.009204092424687832, 0.008872722807475114, 0.008911193578016709, 0.008959255457300934, 0.00880439192939927, 0.008862236990726191, 0.008968306650475615, 0.00895985485539994, 0.00864460242213157, 0.008980108461666648, 0.009032440062189867, 0.008876051225571615, 0.008911609229963861, 0.008858966624256498, 0.008718691364953542, 0.008933331975274478, 0.008836439145831453, 0.008671530354139327, 0.008848386966921307, 0.008787187187186537, 0.008827180005559909, 0.008781344191017648, 0.008865080456721882, 0.008765859982431333, 0.008886292245302952, 0.008868971130539085, 0.0086504486755843, 0.0088211993171777, 0.008947368143910936, 0.00874252622304953, 0.009044092102321004, 0.008610939488819374, 0.008986892461866488, 0.008869693324390023, 0.00890002979925262, 0.008785610607980103, 0.008967580965016148, 0.008922869511049784, 0.008805844359885668, 0.008999682886390373, 0.00864258779922842, 0.008894549868703291, 0.008955841214535909, 0.008859067494505215, 0.0086823668114471, 0.008748923062092788, 0.009096841561574857, 0.008662389897553075, 0.008043341825878788, 0.008891425832790113, 0.008513703270460908, 0.008673279270879334, 0.008778061015087298, 0.00868965265483597, 0.008856528717701335, 0.00838189385974574, 0.008640651215401779, 0.008888745104387169, 0.00872787674095165, 0.008918588411193067, 0.00868608384400031, 0.00871888587630843, 0.008707925365797342, 0.008569576604337643, 0.008734307866452592, 0.008872114642822443, 0.0086662868528165, 0.008672429784094715, 0.008744287176508485, 0.008868819256908045, 0.008670500443276092, 0.008759710303259062, 0.008570316233246243, 0.008447467805467686, 0.008525659890743052, 0.008661133217278986, 0.008497146188922073, 0.008657023861223596, 0.007963099957600604, 0.00870974337721464, 0.00868015310646953, 0.00865838568532885, 0.00847429461887303, 0.008518965437368214, 0.008521984447093517, 0.008417181045584497, 0.008520828513715089, 0.008686728673478271, 0.008558946803052015, 0.008392587657233004, 0.008448956030951993, 0.008582459027750143, 0.008757420398306511, 0.008325173157497041, 0.008807757242158364, 0.008814384335589126, 0.008827890139969555, 0.008511869929819395, 0.008739839681120293, 0.008635556051407076, 0.008628841587623998, 0.008515913883173803, 0.008727935732988835, 0.008455675623989866, 0.008746176749740812, 0.00840902700779852, 0.008406241075955586, 0.008407572299851696, 0.008594859579749859, 0.008769762291530174, 0.008514691783461266, 0.008495807310331017, 0.008221470142530739, 0.008683460877305415, 0.00847753707585655, 0.008575240339420507, 0.008390283521448095, 0.008221643421270968, 0.008484196357063566, 0.008314300972727789, 0.008645405101925354, 0.008402128775400168, 0.008401335502756659, 0.008658947519546448, 0.008603357213244907, 0.00838201809118877, 0.008339516399772985, 0.008233583101453746, 0.008225714982912783, 0.008387277333941607, 0.008074370235155589, 0.008379685644678728, 0.0070855897968550765, 0.008330035083752107, 0.008467905865034216, 0.00822320847565517, 0.007964964308872903, 0.008224051663381297, 0.008086707717507401, 0.00825218366374656, 0.008175081945138619, 0.008152966160226191, 0.008141033336684112, 0.008191046113568709, 0.007991504612600226, 0.008066974645401175, 0.007678304875283637, 0.00765324711794946, 0.0076457156232583616, 0.007751351582413703, 0.007629042366486726, 0.007741282974421579, 0.007616051547043462, 0.007489245327733109, 0.007090896778266245, 0.007184489229363027, 0.007408789572280832, 0.006666196579481781, 0.0066994781310698494, 0.0065810308018538185, 0.006128270312712538, 0.006295137059872197, 0.006409066656558554, 0.006089855116508733, 0.005668907079477445, 0.005729363684613803, 0.0055954817673855295, 0.005183759870731791, 0.0048427203019806055, 0.005112036808824028, 0.005202855572605382, 0.004751660507383997, 0.004469358719831117, 0.004682388205024714, 0.0041978958229025665, 0.004146969938523621, 0.004264612581765372, 0.005045369840323555, 0.004155737150891895, 0.0038838618407467133, 0.003827949009469947, 0.0036929097481224206, 0.00350178217680502, 0.003667615972432323, 0.0034218063707689523, 0.003547570094684625, 0.0035020037711686602, 0.003286498879917783, 0.0030232805271929735, 0.0030832687093893, 0.0032019433336231144, 0.003127641859577102, 0.003045795431944838, 0.002957255416598206, 0.002875996991174837, 0.002890725546258643, 0.0026157037563548156, 0.002862188446840851, 0.0028002912271142206, 0.002788716688776886, 0.0025178542682551108, 0.003049478807168657, 0.0026720279510309454, 0.0024375540948633635, 0.002640472930983057, 0.0024115424926301004, 0.0023707435805430375, 0.0023697746671702984, 0.0024878035036108312, 0.00223674270383292, 0.0023352678863260306, 0.0024426656764327493, 0.0024880959050734616, 0.0022198745331979113, 0.0022072933152862393, 0.00346662498333755, 0.00214725634044211, 0.002234720788418166, 0.0021290111415056684, 0.0021770750492578167, 0.002005668109261253, 0.001991528188826446, 0.0024165497306835623, 0.002090323284599257, 0.001987089662557182, 0.0019366066930409328, 0.0019273053902437228, 0.0020398657313315752, 0.0018901882307957119, 0.0018852913190689185, 0.0018548381230506993, 0.0018961831411138921, 0.0018935019701247615, 0.0018795757995930743, 0.001782092735451872, 0.0018826930253364035, 0.0017723847151404008, 0.001818693402497013, 0.0017167723956332441, 0.0019591383437384934, 0.0018457564799679005, 0.0018639271289782615, 0.0018618135819775962, 0.0017061763113707365, 0.0017369251485610188, 0.00176186486370084, 0.0016262716385901919, 0.001667015074216068, 0.0016944765046925754, 0.0017231216163505925, 0.0016744329583988265, 0.001555900695030784, 0.0015443978729503228, 0.0016209828156059506, 0.0015456550524548035, 0.0015342069341206842, 0.0016267026940199165, 0.0015145548880836383, 0.0015315338894787457, 0.0015501363860861333, 0.0014883786688965302, 0.0015134600306663942, 0.0015278033882720975, 0.0015937712556411186, 0.0014515027993211188, 0.0014751386674000078, 0.0015502597991551203, 0.0016520245142872295, 0.0015721461005732578, 0.0014374047721032077, 0.001673840304055503, 0.0014696865490612006, 0.001407845640409614, 0.0014706217571240818, 0.0015893201026587942, 0.0014318670714009447, 0.0013770176149689314, 0.0014343372012685443, 0.0014323846900628644, 0.0014353048967302323, 0.0014674552740428293, 0.0014276297165199507, 0.0014036368409896865, 0.0014363725732407942, 0.0013426452175887733, 0.0013615179221489577, 0.0014282439765137599, 0.0014376135893275, 0.0013808860748466263, 0.001359704585327511, 0.0013180371961297648, 0.0013134040970004305, 0.0016163520582383726, 0.001271469193450357, 0.001322418632430208, 0.0013583719064360954, 0.0017660835749860548, 0.0013644579134203675, 0.0013607286037265942, 0.001293780149764794, 0.0012752302396463059, 0.0013086732876912402, 0.0012754695848817327, 0.0012586075101331403, 0.001350504592003087, 0.001303617237194287, 0.0011513475949290056, 0.0013132728209664468, 0.0011983624886671982, 0.0012647322278578502, 0.001297816016014793, 0.0012214163186897858, 0.0012886061356041545, 0.0012260310460056095, 0.001280320831974856, 0.0013439828125133358, 0.0012117976320838435, 0.0011888381010808603, 0.0012772999392357174, 0.0012295998800449985, 0.0012409290738321763, 0.0011765076204110162, 0.001196234014960808, 0.001608273134430861, 0.0011354732061894211, 0.001408317965653763, 0.0012079030202532435, 0.0011338351328328185, 0.0011312275357743054, 0.0012488992994386184, 0.0011131429156506951, 0.001242277394964012, 0.0011691682716284488, 0.0012337470783604675, 0.0010971586236512465, 0.0010937034828437636, 0.0011909765681403426, 0.001180714386950369, 0.00116049168934201, 0.0015180561539058029, 0.0010746071679808072, 0.0011333604319366682, 0.0011574298435436368, 0.0011017375273242676, 0.00119114698333159, 0.001096966160883113, 0.0011481631869811476, 0.0011675895222336525, 0.0011517290741970296, 0.0011767391431194837, 0.0010294420783883754, 0.0011754145880941368, 0.0010008139999945385, 0.0011613282730234726, 0.0011345092276941187, 0.0010500040785514709, 0.0010875231324297438, 0.0011076325855784355, 0.0011840527616869836, 0.0012414035501564396, 0.0010785627354586854, 0.001065471621273529, 0.0010748782056654422, 0.0010833955171550053, 0.0010606525930805684, 0.001083184447977382, 0.001111005734530088, 0.0010682942352408904, 0.0009999527499899965, 0.0010552324890485576, 0.0010583292125731962, 0.0010603953730039856, 0.001018679035767734, 0.0010838448497822255, 0.0010562427041001415, 0.0009997116600084213, 0.0010011753958660066, 0.0010787447793572781, 0.0009661922639592167, 0.001023238799655374, 0.0009649541413042403, 0.0009570938928488319, 0.000900123914250062, 0.001014704608587241, 0.0009368768211253872, 0.0012124417031015911, 0.0009379919345683893, 0.0009539733284422304, 0.0010174337431195855, 0.001102925529317087, 0.0009859620270806088, 0.0009459199555525843, 0.0009217281472812824, 0.0009486063645315959, 0.0008914169205715035, 0.0012164813313887588, 0.0008635491823974976, 0.0016573900564322403, 0.0017629180095313029, 0.0009342052373627656, 0.0009369831558503692, 0.0009995518213856379, 0.0011230599324991424, 0.0010038955334046888, 0.000872552230585058, 0.0008811726612827276, 0.0009257733993688795, 0.0011405205492341476, 0.0011864434145594357, 0.0010118807937363869, 0.0008704184382670803, 0.0008772486102887657, 0.0008709387900338651, 0.00092004997268118, 0.0008838392134351118, 0.0008848632296422003, 0.000857870863799231, 0.0008876625324030107, 0.00090050794623492, 0.0008730104819354417, 0.0009696977383063789, 0.0009245808016882902, 0.0009382604332625993, 0.00087583041372076, 0.0009165331866903315, 0.0008798592910771351, 0.0008857761539180356, 0.0008831743795788467, 0.001029831797563777, 0.000806554895598284, 0.0008517178777137257, 0.0008264714283880561, 0.000855160974342738, 0.0008317279424584067, 0.0008236810405870744, 0.0008167578354180389, 0.0008715478206179533, 0.0008105971384744823, 0.0008289363219897015, 0.0007964729371512306, 0.0007861211003451705, 0.0007790557099506477, 0.0008556821877123037, 0.0007803453602645533, 0.0007411729845475691, 0.0008122910328684791, 0.000772318443345832, 0.0007856380827999976, 0.0008550396650727928, 0.0007960677985137381, 0.0007848185642981988, 0.0007075797240025302, 0.0007518814832766482, 0.0007619503144522965, 0.0009751180207285943, 0.0007719647118976833, 0.000757291856065706, 0.0010728120414154935, 0.0008722092882853212, 0.0007403532748020701, 0.0007425475893854703, 0.0008472385375373777, 0.0007143543045401994, 0.0008273594507288098, 0.0007253428066255167, 0.0007114077176539674, 0.0009209204205586787, 0.0008347326123053854, 0.000870642676282657, 0.0007799949147958049, 0.0008012034569170032, 0.0007149200666310816, 0.0009055046621135062, 0.0008102932848942847, 0.0007057333599229018, 0.0007458841499444897, 0.0007935318855341211, 0.0015037306121036239, 0.000746268433781748, 0.0007323472182841427, 0.0007443132746302969, 0.0007864199482521026, 0.0007765107715317704, 0.00069090050032094, 0.0010148642480853104, 0.0008907403258354516, 0.0007500560515765891, 0.0007124345368492959, 0.0006618577732844834, 0.0007571444095187947, 0.0008696354502835695, 0.0006990543364388725, 0.0007085449186848804, 0.0008181890202472092, 0.0007073619096441333, 0.0008011911865232542, 0.000837421462535648, 0.0006844901653220692, 0.000823880635740511, 0.0007863065279290895, 0.0006974423982567114, 0.0006596324313598126, 0.0006731547102639872, 0.0006516210745603639, 0.0007284662507295717, 0.000771865824430801, 0.0007746756166152731, 0.0006757437871660037, 0.0006465700383669, 0.0008500818116331677, 0.0006665915951066498, 0.000670679327736962, 0.000762801008422341, 0.0007306927631983621, 0.0006537004849005406, 0.0006706316677397224, 0.0007541186293660772, 0.0008105384413506875, 0.0006372813775590856, 0.0006390186463928809, 0.0007618534040861509, 0.0006897592748020527, 0.000761601959072607, 0.0006820776529490982, 0.0006538403659696226, 0.0006336748302304522, 0.0007157388481880919, 0.0006756992384467549, 0.0006714287334311054, 0.0006287178061859509, 0.0006524581996146439, 0.0011760374446420053, 0.0007415040426984964, 0.0006006925101982031, 0.0006144092911211217, 0.000642640792714519, 0.0006316369289372565, 0.0008828467710558087, 0.000555723442969615, 0.0005826390318682702, 0.0005796570870114992, 0.0006986632619930443, 0.0008143478614810784, 0.0005736237088303723, 0.0007085907271963979, 0.0007804347527422595, 0.0006218422818023478, 0.0006592547792330521, 0.0006064125028937706, 0.0006775037972585571, 0.0006367528449397727, 0.0007014421306554941, 0.0007046594038718547, 0.0005369047269014239, 0.0006411149900893001, 0.0006324386682453647, 0.0007367343018617723, 0.0006192688449317463, 0.0005995405467194359, 0.0005818088143846519, 0.0006386159324619832, 0.0005793764358779271, 0.0005852600508649463, 0.0005821776771822949, 0.0006050455528554908, 0.0007047746390467247, 0.0005546806845782569, 0.0005461891780101035, 0.0009244817297825225, 0.0008563587317138365, 0.0006940634308564651, 0.0007054328604753634, 0.0006452030079219616, 0.0006040598235957827, 0.0006071788454441613, 0.0006160013699047325, 0.0005394456849334422, 0.0006747104692299426, 0.0005290935669976305, 0.0006575111600171945, 0.0006683368656612853, 0.0005384677098106836, 0.000660356068428659, 0.0005390569699843543, 0.000574696688541413, 0.0005213654097501939, 0.0005753513116638705, 0.0008791974624562764, 0.0004994943860101489, 0.0005563063789815413, 0.0005116604770557023, 0.0005586107897540571, 0.0006115278376936882, 0.0005341365327008838, 0.0004874555671952187, 0.0004952887593714624, 0.0004893800384082827, 0.0004914666247476019, 0.0004828489821940063, 0.0006772413920806865, 0.0005584051625927737, 0.0005885539075618471, 0.0005041424157586154, 0.0005526924016585299, 0.0004920320703171337, 0.000521424752780694, 0.00053580826620372, 0.00047827598326838773, 0.0005083698255843234, 0.00048766915168323366, 0.000563233100741636, 0.0005282521410206623, 0.0008260173560450126, 0.0005244847521780461, 0.00045882876897485996, 0.0011684151327078834, 0.0007980436028207981, 0.0005970860514816775, 0.0005410066432551041, 0.0005382979013324386, 0.00047723419323163067, 0.0005277203124120886, 0.0005816141564229084, 0.00048547691609804306, 0.00045138535367664456, 0.0005135083617797383, 0.0004933620974613538, 0.0005054441184093328, 0.00047999031771188693, 0.000536533285073769, 0.00053458935478012, 0.0005487360269490188, 0.00046444931401363397, 0.00048646538413902907, 0.00045299161668308863, 0.00048074452718519005, 0.0011827140226092858, 0.0006465957878165883, 0.0006105382918378875, 0.0005178249231139561, 0.0005652191730976382, 0.000834444089184505, 0.0005366736647837823, 0.00044003370696320233, 0.0008090333713710662, 0.0004218422319165929, 0.0006603177058498158, 0.0004901011485101692, 0.00045999854546891904, 0.0004503749872744482, 0.0004137411021842893, 0.0004229495341357935, 0.0005305870562772, 0.0004191172537720006, 0.0004550457021862662, 0.00043232567158086894, 0.000411819979098633, 0.0005131369797869221, 0.0005536561237565507, 0.0004909140907414411, 0.0005440995540872334, 0.0004845776105262816, 0.0004896997926667152, 0.0004682200886044372, 0.0004280264698964482, 0.0004215685554599296, 0.0005651741380683904, 0.00047133756211451916, 0.00041098585947076533, 0.0004303257909233641, 0.00045520078876532536, 0.0004904076701178118, 0.00046011531970414975, 0.00040143471261203226, 0.00045672096156836695, 0.000505560035282488, 0.0005601755676567587, 0.0004941532797914023, 0.0007101837137164844, 0.00042256631780786627, 0.0004484050490424429, 0.0004199020589870319, 0.0004166688107230303, 0.0004989403199283773, 0.0004041551976296962, 0.0005835963874780734, 0.0004669413685327306, 0.0004587506578282944, 0.0008026032052582381, 0.00042850827773756545, 0.0004128134301268781, 0.0004352750844522748, 0.0005378186913366675, 0.00042327728498147294, 0.0005322602733028199, 0.0004089069618005075, 0.0003572692976493337, 0.0003636698320596031, 0.0004582528699418767, 0.0004004532838419207, 0.00043143952074087765, 0.0007122747183540966, 0.0004401885015891624, 0.0003924579511492513, 0.0004255331960811097, 0.00043781675147899936, 0.0003977294285914768, 0.00044057521817398654, 0.0003577677188880553, 0.00038384890610298496, 0.0005536189835604013, 0.00040631162746982503, 0.00036454064094860653, 0.00034676481323137656, 0.000578991138226094, 0.0005086217037585096, 0.00042087507046516915, 0.0010999193637607194, 0.0003383215059577188, 0.00036029255357728233, 0.000353000048281449, 0.00035178387853590206, 0.00037229032676519645, 0.00045516598024943435, 0.0003881871933500152, 0.0004232934612466762, 0.00045461528528521045, 0.00034556243320885534, 0.0003790111886651977, 0.00046998266513047785, 0.0004717222490831669, 0.0003635386094742701, 0.00034456613989001427, 0.00040792871006622853, 0.00036729529971917907, 0.00041427637388910874, 0.0005993832544817086, 0.00037444051699688045, 0.00039466195105022814, 0.000371978261377142, 0.0003824847728932988, 0.00044034880927049455, 0.0003305786463017148, 0.00034432838228057625, 0.00039918895680215777, 0.0003569452338672669, 0.00032168441758974423, 0.00035210499982097634, 0.00031637217165667194, 0.0003089722871570262, 0.0003372704026629297, 0.0003567778540870795, 0.0003374209587112085, 0.00033860462842176964, 0.00038703581306959276, 0.0005589811708575219, 0.0005981308700604156, 0.0003631329815166059, 0.00043042513703463165, 0.00040099555478275236, 0.00034411459030228353, 0.0004562480086852859, 0.00029750716691889426, 0.0003155103667026203, 0.00035073655594466686, 0.00038182570745575546, 0.0003137051432418802, 0.0003044021465926395, 0.00033948576703956624, 0.00039180013497092775, 0.0003025369600098424, 0.00038603240152751574, 0.0003452630278994022, 0.0003900596530458993, 0.00032265635426538726, 0.00033446567353976616, 0.0003149174082021978, 0.00030171500122700714, 0.0003667963274502703, 0.0003524536883591377, 0.00035065610719606385, 0.00041151357015458426, 0.00030157967283321103, 0.00029719797028388077, 0.00030499083368076504, 0.00029247107497022955, 0.00034599645120659455, 0.0003135692710267544, 0.0003245399559199309, 0.00035737769807905195, 0.0002956790162507151, 0.00030427289577463753, 0.00029285627551537167, 0.00028976574059754476, 0.0002897698160613554, 0.00032228924543067797, 0.00037372353850798626, 0.0004809500057149755, 0.0003048924815534552, 0.0003443608413546228, 0.0003030065638881006, 0.0002919939447717703, 0.0002938547257521534, 0.00029732506482396464, 0.00033262450949502696, 0.000278030270472468, 0.0003962040590974229, 0.0003078396829670974, 0.0002783937747747585, 0.0002509676682089145, 0.0002951647125165489, 0.0003675884242922592, 0.00029749345562531, 0.0003949496508331397, 0.0002789286027309627, 0.000406077678110779, 0.0003300730047728686, 0.0004376406030958916, 0.0003330855657093909, 0.0003834010041813022, 0.00034441426105722984, 0.000373790499559348, 0.00038214879908148454, 0.0003122855658290075, 0.0003038194091957989, 0.00027111227735466896, 0.00027584319802536483, 0.0002779390456844347, 0.0002875400282655092, 0.0002825642480555638, 0.0004526032439277654, 0.00029301501911213704, 0.00039887285764790196, 0.00026331698014123227, 0.0004126054354308704, 0.0003256958805983287, 0.00034256788233243585, 0.00028744623512579217, 0.0003100209915026355, 0.00027453490114863195, 0.00032930332358255564, 0.00035524330676617826, 0.00032451735022480724, 0.00029512079411887207, 0.0004939479951042606, 0.000290785704987556, 0.0003237685188955752, 0.0002824870116661667, 0.00033964884136272305, 0.000314977265953345, 0.0003375042786115659, 0.0005023002553914889, 0.00025244807006226904, 0.00025633807296540303, 0.0003698256127794399, 0.00028653391842650765, 0.00027569264730722975, 0.0003564933618644866, 0.0002484516928564472, 0.00047352764726155106, 0.00041201708515286407, 0.0003551390694346594, 0.0002643303844782129, 0.00034548038038258617, 0.0005018618160207184, 0.00028055233693825675, 0.00038509456907645767, 0.00022505867001152804, 0.00028222199767690803, 0.00026364815270122743, 0.00023875557295989424, 0.00042546234811620523, 0.0003026283353947544, 0.0002853587635636632, 0.00023811334000278873, 0.0003270011591187251, 0.00024100375315873692, 0.00029058048848440107, 0.00036172366626545193, 0.00025414063264861967, 0.0003051344253817772, 0.00024309642612173465, 0.00047312041371345477, 0.00041753421988278966, 0.00026838664192355534, 0.00029218458640504385, 0.00033931458857233086, 0.0003765900130962015, 0.0002884110171689582, 0.0003498879721584355, 0.00027405322998618826, 0.00024039931918183493, 0.00025172828211821453, 0.00021094952657531638, 0.00020669532578520934, 0.00023175856592157253, 0.00023484659997366814, 0.00022616555619090728, 0.00023860656192228706, 0.00022972655214242082, 0.00027312704585586816, 0.0003681623758662413, 0.00031288425561939017, 0.00033464746125907974, 0.00026573739300565373, 0.0002794437876217544, 0.00039507486738745573, 0.0002412236323432178, 0.00019628466376857417, 0.0002292076708372358, 0.00026229073034419635, 0.0002243759410173611, 0.00021864169323731642, 0.00023625351171350365, 0.00021666790331236155, 0.00024232824986065256, 0.000304864698942851, 0.00019103284985158312, 0.00030772836454693724, 0.00027650968277305265, 0.0006791580034561875, 0.00081350492578794, 0.0002672669211956115, 0.0003058300688007593, 0.0006186917415880182, 0.000328841745636166, 0.0003295619313839913, 0.00024040581813594453, 0.00031745743153529707, 0.00032197556079564127, 0.00021907234462575584, 0.0003262831516579775, 0.00030438000168031494, 0.00029878959070192524, 0.0003567445637985868, 0.0002134513509614012, 0.0004251166993035455, 0.0002708854699251201, 0.00024892051696061307, 0.0003785264557551198, 0.0003085578077494902, 0.000247601614101692, 0.0002755701033316858, 0.000285127729943609, 0.0002221303019074662, 0.0003197050868390965, 0.00022437949555757013, 0.00031658106090952755, 0.0002503140051805297, 0.00021384470070170432, 0.0005067839103143437, 0.0003113097776371646, 0.0003544269694283943, 0.0002185672881499479, 0.0002763974413664134, 0.00019849042311013943, 0.00022627655323449608, 0.0002709332583657536, 0.00022204589191955067, 0.00045451119027159416, 0.0005935864309680017, 0.0002135090535481896, 0.0002189124582044172, 0.0002153064360678668, 0.0002316871552321379, 0.0003910138451848181, 0.00022488969782432695, 0.0002968026383937712, 0.00032094814241337834, 0.0002886880445736578, 0.00021704298337404178, 0.00033873853132495826, 0.00030914722523680025, 0.0002922325807008091, 0.0001935099490013095, 0.0002648105559747383, 0.0002577203089037012, 0.0001994662925506011, 0.00020064010883733186, 0.00026675722171166065, 0.00019438719946792842, 0.0003033230500507464, 0.0003180349203366474, 0.0002898060660897147, 0.00044153382777863316, 0.0003014076894936261, 0.00023701524599910776, 0.00022279294448989, 0.0002246965642149536, 0.00021529323840502654, 0.00021528239637791458, 0.00028610203102900716, 0.0002151184681835544, 0.0002756702415747015, 0.00025289844765553383, 0.00024217547589214068, 0.00036074421562740376, 0.0002753393856746209, 0.00029275792370968127, 0.0002025666859726749, 0.0001838532033986988, 0.0005109025280639287, 0.00024382095445784233, 0.00048687552511531007, 0.00020632153391275692, 0.00027831719337583177, 0.0001909673978519613, 0.00021196190927035, 0.00018351074066071522, 0.0002350168308615355, 0.0003665499486554629, 0.00027532888696703663, 0.00018650560922213257, 0.0002811049382144499, 0.0002014065297002734, 0.00022871153524550228, 0.0001874231209285303, 0.00021216686142995706, 0.00023673325992063242, 0.0002327356452761633, 0.00017150533224550503, 0.00017389405510925617, 0.00029984570968280165, 0.00023241475235994983, 0.0002608118128596374, 0.00016399088460341283, 0.0002585156518651915, 0.0001972149996882407, 0.0004463775474205453, 0.00036022581428159147, 0.0002730340387051082, 0.00017625986018780505, 0.00035503282875686584, 0.00023096528392884606, 0.00017449860187481448, 0.00022413361356667753, 0.00022731442228944896, 0.00018217869523074097, 0.00033627256847406956, 0.00018605325944195917, 0.00022298880686175287, 0.0005854342703003496, 0.00015185917320075944, 0.00016483015290754785, 0.0002890321828940121, 0.0002224794471562345, 0.0003438938393716205, 0.00023643413365198067, 0.00019703813958818752, 0.0002669773141217222, 0.00019368508569835117, 0.0002817679871647047, 0.00023260199270117238, 0.0002056883007740355, 0.00026174555511950166, 0.00017732124452831947, 0.00023900137817851237, 0.00018113607137019533, 0.00024331012657199472, 0.00024251506170860687, 0.00046324887550611274, 0.0002477869403855241, 0.00023318658170737332, 0.0002926127973714797, 0.0002499511864641014, 0.0002018442985690025, 0.00014207913055200622, 0.0001628163428497831, 0.0002105148047349423, 0.00020989196373186384, 0.00013732607797376295, 0.0004107348239700851, 0.00021419642202506457, 0.00020228353809833668, 0.00023613167828551154, 0.00031867446426670165, 0.000168547531662441, 0.0002591472464444927, 0.00025323195148526463, 0.00017480413945311513, 0.00023935038311244568, 0.00016320184717742286, 0.0004687648955731647, 0.00015307079092593192, 0.00023488096885626697, 0.0001614976096467768, 0.00016360838299099743, 0.00031620164699813156, 0.00022438411220652798, 0.00018919708864901136, 0.00026421282320483313, 0.0002571880835321307, 0.00023443393060407246, 0.00021907865666730654, 0.00018339070586354583, 0.00023279006754877845, 0.00028327005938227516, 0.00031834872074423663, 0.00017926058203115598, 0.00035273530272115995, 0.00020710872217857176, 0.00021865051053868983, 0.00016972863399614664, 0.00023054417624561417, 0.00018580592874315087, 0.00015826491710845098, 0.0002575125482680815, 0.00018307663760533198, 0.00022873226646879304, 0.00017833991733033115, 0.00014269802780309869, 0.00017872376560849502, 0.00021850738474048323, 0.00025708687713225166, 0.00020940874157814713, 0.00013591541389138982, 0.00013658127075323555, 0.00012768002535470697, 0.00017468080325084534, 0.00047397394290583006, 0.00021735648588895395, 0.00017383844343008085, 0.00019417664865704163, 0.00022013354197952676, 0.00016537136241798984, 0.00016019474711447037, 0.0001827355412161341, 0.00033951039139589064, 0.0002376471044107267, 0.00030078390427727307, 0.00022136329603019482, 0.00029377500166303123, 0.0002881037373549573, 0.00027040079031934584, 0.00019635183233190836, 0.00024827869031140705, 0.0003636283560561675, 0.00014334313037238003, 0.00014507960073947295, 0.00018140299561296587, 0.00033900781588455024, 0.00020722033663395878, 0.00024030000760863192, 0.00018254811901847277, 0.00022844024894158642, 0.00013622379078966442, 0.00021107273418964945, 0.00017756331897754915, 0.00017446711202256574, 0.00022386742835301312, 0.00023818815865147704]