Model Setup for Atypical Patient 10:
ITERS=2000
LEARNING_RATE=0.001
OPT_RESET=None
ATOL=1e-05
RTOL=1e-05
METHOD=dopri5
Input channels=2
Hidden channels=32
Output channels=2
Runtime=240.00295186042786
Optimizer=Adam (
Parameter Group 0
    amsgrad: False
    betas: (0.9, 0.999)
    capturable: False
    differentiable: False
    eps: 1e-08
    foreach: None
    fused: None
    lr: 0.001
    maximize: False
    weight_decay: 0
)Loss over time=[0.8789239424538248, 0.8466569860826472, 0.815754834600967, 0.7817593546332688, 0.7478576567558547, 0.7142565830055656, 0.6791921246587236, 0.6504997380852042, 0.6308833037349079, 0.5951209527012165, 0.5635881171240819, 0.534959740358193, 0.5251167754269388, 0.49591412498403575, 0.4691698250364053, 0.44936670037105747, 0.4361191152737786, 0.41396778032012643, 0.4033668653693953, 0.383436313535582, 0.37532616776071637, 0.3612350660883499, 0.346265638921985, 0.33278041883086734, 0.32660195235227396, 0.32308143006627127, 0.30276787974008196, 0.29931712849211284, 0.29422080837720227, 0.29096187741248103, 0.2823781500295317, 0.27868034177193957, 0.26677757022475, 0.26480942364282334, 0.2592597241176058, 0.2510165444871481, 0.25086303092554485, 0.24270446938947898, 0.2402066631208062, 0.23666148286509744, 0.22855037722532223, 0.22101956246552676, 0.2134042184406821, 0.2177742618337784, 0.21553617711758807, 0.20649673860707943, 0.197429088212722, 0.20379876352594958, 0.20010380492872556, 0.18549662015236093, 0.18198967721319653, 0.18478817582267917, 0.17754873435891144, 0.1726689596654354, 0.16868900970223072, 0.16844944263519207, 0.16251751044990986, 0.1577004517109228, 0.15279829069882445, 0.14893238036684278, 0.1482000171762018, 0.143274035570615, 0.13887810284871022, 0.13517496995024808, 0.12937854548430316, 0.12794831563710396, 0.12498083737583533, 0.12463149087307389, 0.12014633652348268, 0.11748609279406597, 0.11426777983429025, 0.11191107117454856, 0.1077271068506351, 0.10632512252994054, 0.10270134769606228, 0.10090775348768365, 0.09618531987542452, 0.09561724442110217, 0.092101117962717, 0.09100806210798539, 0.08849162849907101, 0.08703358372782995, 0.08559327756114123, 0.08485454597306048, 0.08426023582815857, 0.08267188646459057, 0.08232570818142125, 0.08176780793586651, 0.08046529078340436, 0.07996033865621875, 0.07872967486222175, 0.07732031117742247, 0.07620881465546686, 0.07542026004715746, 0.07393006642733777, 0.07314646761564615, 0.07211564033291779, 0.07142495581205112, 0.07053904303693458, 0.0695015015185794, 0.0686219785866483, 0.06781044322731178, 0.06686283948129691, 0.06689001937008471, 0.06685544145412886, 0.06499188307457344, 0.06476159612749893, 0.06399077076294986, 0.06278818318145746, 0.06353462064137375, 0.06141019523980324, 0.06217261739221041, 0.06051593767679027, 0.06033076265482228, 0.06062330131755529, 0.06043278676585571, 0.05898789564876564, 0.05805244419847111, 0.05776839001184926, 0.056585577176203335, 0.056123394874503026, 0.05604703715300989, 0.05506949313898382, 0.054455463286206186, 0.05499992706861931, 0.054082751271692535, 0.053508543720830776, 0.05349408148674453, 0.052559848277505865, 0.053011334409818575, 0.051454682141276686, 0.051217605171111784, 0.051388749888655896, 0.050264383221030925, 0.050113147828782824, 0.04994083212235419, 0.04915224467795051, 0.048865084956943104, 0.04864125481615218, 0.04829534970800641, 0.0478848510943932, 0.04728430325750366, 0.047089971633231385, 0.0463744805065871, 0.04631832843787336, 0.046075247629247855, 0.04536028595583395, 0.04594729235040169, 0.04480773052119997, 0.044713903168494704, 0.044489397889287664, 0.04384035615930138, 0.04343814579656536, 0.04353499388199223, 0.0430193925416102, 0.04332495796130405, 0.042427018701711984, 0.04216713989989724, 0.04197358370924099, 0.04149960862273829, 0.041162036815051456, 0.040849335995622245, 0.04052044413176965, 0.040790767481692164, 0.04039573377580363, 0.03993277382088489, 0.039474538895724165, 0.03915249771688343, 0.038974283383558524, 0.03870709871578766, 0.03838364946576771, 0.03802336417916108, 0.03801008068638662, 0.03767945083074495, 0.03745288044595099, 0.03717994788142686, 0.03685058261769603, 0.03670065402734145, 0.03653166258367373, 0.03652109115984981, 0.036231467749105746, 0.0360129604346861, 0.0357051106106912, 0.03557922681863096, 0.03546003767205203, 0.035108479453546323, 0.03490117897898211, 0.03468140972255877, 0.034526663722206745, 0.03436651657038989, 0.03423971991790638, 0.03391894553330613, 0.033836751471846165, 0.03345742407508151, 0.03339459985298181, 0.03317591855305784, 0.033075231151344385, 0.03279402811329266, 0.03257619311033288, 0.03246478778841572, 0.03227523345091907, 0.03218296431187869, 0.03189449558575611, 0.03184848612069646, 0.031829713962587804, 0.03147755738860001, 0.03123766872796446, 0.03106699493883375, 0.03094461644279355, 0.03077904701821516, 0.030647006232834895, 0.030477285916627295, 0.03028302474741495, 0.030200097431811814, 0.030290763713064325, 0.02987515395127901, 0.02970738811832758, 0.02959751429008842, 0.029428875024673562, 0.02936810562348179, 0.029257697627548086, 0.02897344632622673, 0.02892232538509897, 0.02876326474147728, 0.028650819747907365, 0.028494413770781393, 0.028324423289378, 0.028457219779553167, 0.028179558184719813, 0.028162536027526143, 0.027877143607393153, 0.02771484122591794, 0.02759978250948963, 0.027721089834821033, 0.027476425886804323, 0.02726504107542823, 0.027293918118790884, 0.026994609885872264, 0.02692793659771023, 0.0267546363161366, 0.026655344270538537, 0.026530851697934964, 0.026519650777152102, 0.026305202111141335, 0.02630256806923821, 0.02604334042119625, 0.02605138329181556, 0.025844870512881188, 0.02575245383715088, 0.0258623740371148, 0.02554931848018777, 0.025605582318451017, 0.025333595789483, 0.025362551748116, 0.02521732903421445, 0.025126183373959565, 0.024950268221744384, 0.024798478828109774, 0.02471429261957734, 0.024618183416796755, 0.02474474775007349, 0.024453114963447046, 0.02428176101183235, 0.02419388544923605, 0.024099514538241197, 0.02403113430921642, 0.023896445716940436, 0.023768679833964388, 0.02368662763850229, 0.023564683801758426, 0.0234706343876273, 0.023375727525766242, 0.02324999368780559, 0.02323794639205573, 0.02307675482873202, 0.022971141655330887, 0.023000713769234713, 0.022748355052929967, 0.022876827103709915, 0.022715731553956856, 0.022494677618684854, 0.022519868462258587, 0.022306898232710422, 0.022197081407541577, 0.022093839178286254, 0.021947491994326055, 0.021999579429021917, 0.021975970024384214, 0.021769350390036715, 0.021748497811054708, 0.02163505952877926, 0.021615095383211044, 0.021382477578241042, 0.021271166107452177, 0.021222296011250873, 0.02118081574740077, 0.021072673703890443, 0.02087191975817294, 0.020796236653739718, 0.020636089491603223, 0.020626448675567087, 0.020921813509845916, 0.02046821426927907, 0.020388130701387865, 0.02026177357488488, 0.020233266177959928, 0.02011346649535946, 0.02002627510808227, 0.02002946549587671, 0.019784058917022337, 0.01969132566340156, 0.019741293652670275, 0.019484436348030112, 0.019403621513597133, 0.019382304982957572, 0.01918318326460944, 0.01912242081080914, 0.019163295633716316, 0.01901809399540719, 0.018839212039809112, 0.018837785570223586, 0.018860223150782066, 0.018616830010930067, 0.018510794841279262, 0.018392926399017094, 0.018430306853431014, 0.01831997507239439, 0.018142385784720813, 0.01818522440612792, 0.01797519360470742, 0.017851640806149805, 0.017860160114901172, 0.017678216106981268, 0.017623169200837983, 0.017523595706009983, 0.017444658671921565, 0.0173495972301667, 0.017318001559912474, 0.017216297629574738, 0.017105394209697523, 0.017001312972179498, 0.016962543503400252, 0.016844490945758198, 0.016743718891869895, 0.016724704081768085, 0.016607504649784968, 0.016502006911062784, 0.016420320924528123, 0.01631651749409432, 0.016291797172118785, 0.016180979208014836, 0.016231941817917855, 0.016003748540905315, 0.015957251997919922, 0.01582122192832353, 0.01578136723555725, 0.015723376190590676, 0.0157999826467899, 0.015534669135501179, 0.015410420703032147, 0.015454087649271718, 0.01531894869955307, 0.015203016091532257, 0.015186510803265647, 0.015114774299102619, 0.015024376744949804, 0.014937974531743343, 0.014856219641921999, 0.014772171364658969, 0.014656917788533537, 0.014616502382838887, 0.014545581701194894, 0.014479807214134456, 0.014493459623064047, 0.014358934267213918, 0.014313454881665043, 0.014242380992053922, 0.014146185291524515, 0.014139609073154858, 0.014070822284229068, 0.01396313541329456, 0.013919021555257254, 0.013791750125744835, 0.013819556479435901, 0.013770626956568497, 0.013621377294605348, 0.01355404248834506, 0.013515651482823859, 0.01346112596503478, 0.013401768801979635, 0.013367374040015284, 0.013284301410859494, 0.013257057957507768, 0.01312870306721124, 0.013127043308175294, 0.01300168487448959, 0.01304344765614346, 0.013029740011350521, 0.012919456184451646, 0.012912126933427977, 0.012720786529042277, 0.012700659357104509, 0.012594624034444037, 0.012590068475415706, 0.012522159965106307, 0.012522657301205425, 0.012456699576599046, 0.012541631537095133, 0.012333989177567489, 0.01222401240999215, 0.01225399318004648, 0.012168805076694168, 0.012074455525952273, 0.012052056444564224, 0.011943676797449424, 0.011932974389448986, 0.011880205247094745, 0.011835616569164042, 0.011802265250894244, 0.011654486184631442, 0.011649964860158719, 0.011597086995351964, 0.011608337521089836, 0.011560861796263455, 0.011535505953140913, 0.011460121990024897, 0.011364451677183605, 0.011565167721178842, 0.011221770699768511, 0.011198273972567481, 0.011211399234985169, 0.011167512919915013, 0.011072097142861332, 0.011005868528683783, 0.011182729753146511, 0.010938821436032585, 0.010897040087455347, 0.011117291363681553, 0.010770827668661227, 0.010732442417259432, 0.010707473344706961, 0.010662788031033328, 0.010591616628426939, 0.010604928188193611, 0.01057318639623192, 0.01046407745727994, 0.010587136791633435, 0.010429028780155447, 0.010300937568302956, 0.010367287903349372, 0.010224708946327201, 0.010247915623776482, 0.010223820348758364, 0.010179759738995346, 0.010083832936735336, 0.010062162384405549, 0.01002782516287327, 0.009934958892233548, 0.009903381191415855, 0.010056241769895571, 0.00996377056458962, 0.009824139460926504, 0.00991233117485095, 0.00975809772469965, 0.009740013813374844, 0.009729828934896876, 0.009641911551501924, 0.009605715215670203, 0.009512699016080347, 0.009494904282535554, 0.009496349095593009, 0.009440277232485937, 0.009440183960318498, 0.00939946018411955, 0.009367134052383486, 0.009353813890406308, 0.009238248414456267, 0.009254826842570224, 0.009259612910285247, 0.00917940985813651, 0.009164636937589843, 0.009117669274925182, 0.00904327732547532, 0.009082352175616147, 0.009077858294154143, 0.008997776890576471, 0.008955535513780095, 0.008854110660273447, 0.008934578742683353, 0.008839549871185336, 0.00877122339716898, 0.008701231869359628, 0.008758002232677762, 0.0087413400162305, 0.008628146488028595, 0.008686002702426447, 0.008594813844627696, 0.008533669567150164, 0.008465897009085623, 0.008437054189944844, 0.008525466270352545, 0.00842595186490301, 0.008489819276567915, 0.008562398590959521, 0.008416950758903712, 0.008279133628009576, 0.00824318735823363, 0.008203997284404225, 0.008261534153868473, 0.008181085640557974, 0.008145055305980371, 0.008159200436576967, 0.008087726683818712, 0.00800717070039801, 0.008275867289372086, 0.008108900656062139, 0.007997211578112406, 0.007957912294618218, 0.007927465428244079, 0.007964899096271676, 0.00805641506975725, 0.007882332089236138, 0.007872761354945948, 0.00780848878678573, 0.007728135682963367, 0.007749531409378377, 0.007732337598570671, 0.007678855245814916, 0.007682582885710115, 0.007613864439041998, 0.0076269192065559184, 0.007580518822852333, 0.0075924160253041575, 0.007735017760188897, 0.007567927474908415, 0.007448635088797637, 0.007518962836738144, 0.007422027952813089, 0.007408288061256484, 0.0073348714106714515, 0.0073097999230144674, 0.007357801083197711, 0.007310094445471271, 0.007278240582089545, 0.0072098698798028415, 0.007224978605897259, 0.007301575752327884, 0.007171586321562239, 0.007147771453800703, 0.007100688715427673, 0.007293293720544585, 0.0070550678978498335, 0.007047366605968436, 0.007026814142596042, 0.006997138262295225, 0.006983765885239247, 0.006943958378255724, 0.006949033133003993, 0.006897456287048382, 0.006815871477275359, 0.006826811169324484, 0.006809452784414427, 0.0067943815283381, 0.00678504605195391, 0.006746400793495702, 0.006709013827379598, 0.006708490643451984, 0.006656515749029373, 0.00660640730601231, 0.0066712239315933316, 0.00665030348553885, 0.0065596366895159, 0.00651377488076163, 0.006531782520015644, 0.00652253579303042, 0.006505930948950711, 0.006472087325147673, 0.006444655670675292, 0.006431494994932882, 0.006440819241969075, 0.0064924590113359165, 0.006414273281101612, 0.006415711128105064, 0.006357274629527954, 0.006312043808981047, 0.006302582163826695, 0.006299233933501882, 0.006253144807006753, 0.006192988279048029, 0.006198250563782051, 0.006126136100055665, 0.006211926037598479, 0.006143972208855716, 0.006067755798119431, 0.006090761187895941, 0.006083113781906783, 0.006016455883667532, 0.006098532822118493, 0.005995843230168853, 0.0059597391049648835, 0.005964684882824023, 0.005973621011771976, 0.005856045422568187, 0.005913679400175669, 0.005813764735131664, 0.005871194475778225, 0.005888087690210855, 0.005812165531526636, 0.005766417049073391, 0.0058046402075860514, 0.0057359248387187315, 0.005692553257428964, 0.005683443286009806, 0.005673176908923024, 0.005804921868181362, 0.005683032000019167, 0.005646435775395086, 0.00559415200825951, 0.005662165962268858, 0.005557080498260056, 0.005534422581557852, 0.005505472747295805, 0.005488011163885606, 0.0055334864761562635, 0.00565273666314607, 0.005533549515614242, 0.005419438253068837, 0.005440747551855884, 0.005385779210593293, 0.005412957994925634, 0.005412693219628048, 0.005348318055164809, 0.005354832144462301, 0.005319503496082131, 0.005418790596531712, 0.005229335859981632, 0.00550949773360776, 0.00521781560824047, 0.0052233381975895785, 0.005294295548316516, 0.005147636891627391, 0.005212659756920096, 0.005081274370974364, 0.005066449532432368, 0.0050352038950030095, 0.005088515255316951, 0.005050093811007364, 0.005384220468366849, 0.005044409460169628, 0.004909200969048533, 0.004928648177915391, 0.004935342444180734, 0.005019191442298136, 0.0048659052947430115, 0.004944751682261304, 0.004946807611055578, 0.0048565882241670836, 0.0048236017024049305, 0.004902222753032689, 0.0047871702235062295, 0.004814413299422477, 0.00477443545710545, 0.004745230942760783, 0.0047693572052323685, 0.0047749954840068404, 0.004724047862393451, 0.004667316867734418, 0.004725432714451332, 0.00469492686029064, 0.004648315069047869, 0.004644873524238696, 0.004584687643030657, 0.004597157989671019, 0.004557290916929815, 0.004551810597495569, 0.0045300393676283215, 0.004618587689416135, 0.004533697222125623, 0.004622658968207469, 0.004479376380893473, 0.005021785992577676, 0.004494968214919318, 0.004362057963130106, 0.004423890158482798, 0.004426086875919711, 0.004391308526751073, 0.004370914199208875, 0.004386183104172689, 0.004360140602378289, 0.004386008400167285, 0.004571370170784769, 0.004291063389966391, 0.004215762808610558, 0.004179064228046545, 0.0043137596170926915, 0.004311514526811467, 0.004223187197670144, 0.004276461199177958, 0.004125009427823413, 0.00420122807118645, 0.004168095362867119, 0.004218306581503211, 0.004141637278849741, 0.004293502850061943, 0.004111800407466785, 0.004143459552322055, 0.004096642890749277, 0.004106920922857187, 0.0041147685122529636, 0.0040693265100839445, 0.004058495233026486, 0.00409333945184789, 0.004037269441461575, 0.004049151039382086, 0.00397890992668816, 0.00400734953260413, 0.003907700852894703, 0.003904159352909321, 0.003915578670539147, 0.003872841821952564, 0.003858370279566974, 0.003887220854610026, 0.0038254346533131197, 0.0038933138135682777, 0.003818710536618909, 0.003826351931030998, 0.0037896478267588, 0.003819959464922386, 0.003834982042302006, 0.0037719323182574247, 0.003682572395077041, 0.0036956070245896867, 0.0037807346307899368, 0.003743524309207696, 0.0038029986463065353, 0.003696477474950395, 0.0037320356802745787, 0.00361095168664946, 0.0036475250061762305, 0.0036157773378351606, 0.0035889709444104213, 0.003553223790396373, 0.0035868542884416755, 0.003515465133786301, 0.0035911654884143314, 0.0035547050216166508, 0.003489084620148594, 0.00353401454327029, 0.0035139945164141067, 0.0035762335272460986, 0.0035114800410164277, 0.0034820607460181656, 0.003455111427883816, 0.003572497654917893, 0.003414457735700335, 0.003389415031247485, 0.0034244708013766293, 0.0034130025600261613, 0.0034350815919250623, 0.0036266713672374706, 0.0033685900668587935, 0.0033540976499166386, 0.003355375847268233, 0.003287705012894976, 0.00334816234142068, 0.0033091056444379844, 0.003258028033568902, 0.0033677403929138535, 0.0032972881036608757, 0.003326802662291044, 0.0033848613661147495, 0.0032752335365823127, 0.0034688168242366394, 0.0031942893594531746, 0.0032106657081273364, 0.003266500194880312, 0.003199667953540626, 0.003297275994099781, 0.00352994757086565, 0.0030994691613913006, 0.003173549079646533, 0.003121319394636656, 0.003103138652157465, 0.0032485229159768215, 0.003116124028373489, 0.0030847021677825157, 0.003033216501525652, 0.0031082633275356926, 0.0031765826291025086, 0.0030989857497004214, 0.0030829185811558674, 0.003064169312975561, 0.0030561648016475106, 0.0030931126125364095, 0.002984705077786305, 0.0030839631236471935, 0.003027060167161014, 0.002956617075757588, 0.002956268043347483, 0.002899157783725936, 0.002946819491145711, 0.0029067410492719967, 0.002924850928315064, 0.0029036780192728613, 0.002826083288860051, 0.002894110790862796, 0.002891059749118387, 0.00289598259618719, 0.0028547197464077745, 0.0028474649282058395, 0.002859766583574475, 0.0027622610889228025, 0.002898169974526817, 0.0028301288882350566, 0.0028131113524557465, 0.0027807076065892275, 0.0027520818011344266, 0.002766006321381849, 0.002768267142091882, 0.002742673884589107, 0.003510795177690024, 0.0027926915071513755, 0.0027962695964373774, 0.002757930361014126, 0.002754053736378735, 0.002769928842658802, 0.002793940478870696, 0.002649552497031162, 0.0026114214065056543, 0.0025959694641091197, 0.002698113136592008, 0.0026919762842798705, 0.0026584539881488577, 0.0027900040939449113, 0.0028802860546665184, 0.0026318594084716283, 0.0025992968068184485, 0.0026414945113261024, 0.0026322320451206667, 0.00258157987308609, 0.002579839632087307, 0.002681736813349779, 0.002562065694529469, 0.002558527805935758, 0.002562698796138482, 0.0025458656558887097, 0.002502314806379718, 0.002494641977280359, 0.0025044056651702807, 0.0024546942917891943, 0.002528308885590587, 0.0025359485792809345, 0.002487846183293589, 0.0024305657304298364, 0.0024608440851849795, 0.002408456819224235, 0.002389008815478629, 0.002462205394613163, 0.0024250503076611403, 0.0024166617247513445, 0.002394150796108151, 0.0023930122066416408, 0.0023387053577839747, 0.002368848574496953, 0.0023067718458691304, 0.0024113455458316087, 0.0024233389890038755, 0.0023136618720807633, 0.002323647975576734, 0.0022567982662431473, 0.002295501706658508, 0.0023534603488643653, 0.002337481864525808, 0.002319726152386263, 0.0022642329936165117, 0.0022815941166355446, 0.0023438088181357746, 0.0024636433319261404, 0.0022698211049623053, 0.002267167540519015, 0.0021978966872432735, 0.002194867070362097, 0.0023190069140847343, 0.002600555321351884, 0.0023280770601652725, 0.0022130397070349718, 0.002236392958262025, 0.0022613859642733945, 0.0021680862252647956, 0.0021898070494775256, 0.002302405685628654, 0.002130170024668791, 0.0023135544149951366, 0.0021216872561755115, 0.0021310551556164505, 0.0021443048840567966, 0.0022647963359622753, 0.002065109490018407, 0.0021468329700248066, 0.0020755785950981737, 0.0021301723645522105, 0.002087715180075368, 0.002079946867416187, 0.0020378089563718393, 0.00205771285933247, 0.0020701198581861355, 0.002025646065004895, 0.0020606051879438706, 0.00203714580903758, 0.0020464093183597473, 0.002019386238738265, 0.002030321821526747, 0.001969668458834377, 0.0020822668073439857, 0.001987179144654178, 0.001964228232962507, 0.002017354134767383, 0.0019507430374949735, 0.0019552933476624386, 0.0019785624239126716, 0.001957083924899383, 0.0019464410397633336, 0.0019241870572001218, 0.0019427572565013603, 0.002000857348647615, 0.0019592592667818797, 0.001914444348609188, 0.0020276260156893108, 0.0019208484785518682, 0.0018713507261653869, 0.0018614700917562973, 0.0018644887712832737, 0.0018786365243553134, 0.001828147491335842, 0.0018352021605237828, 0.0018468005010711297, 0.0019157071006120731, 0.001956289241360881, 0.0018166402007026058, 0.0018479532105900886, 0.0018066409599072776, 0.0017994310246362494, 0.0018307063233523526, 0.0018303444691873784, 0.0017978486295925696, 0.0018478127566953666, 0.001828947811536885, 0.0017775022060265559, 0.0018504000774772476, 0.0018333651272580706, 0.0017464572999146188, 0.0017190985661027743, 0.0017842323987407754, 0.0018145026337635442, 0.0018123578720847986, 0.0016735349003164904, 0.001748616645840547, 0.001712464684069915, 0.0017315618997267616, 0.001721416118333482, 0.001709259297493556, 0.001743142460900375, 0.0016904588172286137, 0.0017104761775250195, 0.0016994582815780736, 0.001683330277200959, 0.0016850208732585232, 0.0016517751576576205, 0.0016579599298148734, 0.0016840662152430694, 0.0017216970415299807, 0.001715185058594229, 0.0017035116762774056, 0.00161121327702949, 0.0016481597192622647, 0.0016469945076602107, 0.0015918669257035676, 0.001626856019387584, 0.0016160788474161628, 0.001605218738013628, 0.0016668563017338052, 0.001560948514658738, 0.0016546736437898577, 0.0016565572997909838, 0.0016553814816831945, 0.001819743972813167, 0.0018178767407414941, 0.001566527561559497, 0.0015167834949618847, 0.0016422800381708366, 0.001517746883248665, 0.0016017249100556666, 0.0015375274524393517, 0.0015682277101901239, 0.0015109717120717536, 0.0015398466038251618, 0.0015112509457535243, 0.0015099916562493932, 0.0015533695607598574, 0.0014834376473211737, 0.0015407216398563893, 0.0015188414292480392, 0.0014950499149056155, 0.0015248996858431738, 0.0014272913007908723, 0.0014744171362427233, 0.0014936903095804685, 0.0015431263929151064, 0.0015099161781898208, 0.0014761410925212977, 0.001474170900819215, 0.0014739454275976087, 0.0017986250380843769, 0.0014603035826671522, 0.001469604366941729, 0.0015974571990141318, 0.0015450446208117288, 0.0014285085076146523, 0.0014363951798147061, 0.001417878214938713, 0.0015022696820715072, 0.001425557912528195, 0.0015151586428852149, 0.0014685650479516262, 0.0013536502543990197, 0.0014343947490644221, 0.0014243887103779736, 0.0014863278235118951, 0.001390568864590653, 0.001388614265956793, 0.0013878292568457894, 0.00140372213050503, 0.0013441471257895808, 0.0013168052490070325, 0.0014057493598068336, 0.00141522473053895, 0.0013714370332545116, 0.0013860393036293959, 0.00135067938227984, 0.0013839824643337552, 0.0014382806896460667, 0.0013387286417474184, 0.00132442221689116, 0.0014021665501120334, 0.0014731650019191244, 0.0014079276256444607, 0.0013062088301259269, 0.0012962508763011188, 0.0013905443210428725, 0.0012452807683381855, 0.0013455338323720251, 0.0012715154234052414, 0.001287391664253605, 0.001289440979411633, 0.0012201724736107039, 0.001196533402550662, 0.0012353543627863142, 0.001361074680364594, 0.0012561495004251967, 0.0012033219445487123, 0.0012561597210338287, 0.0011979764936432909, 0.0012264291867998167, 0.001179971594235335, 0.0011955272164731095, 0.0012791964645327602, 0.0012675751054993078, 0.0011724115394758144, 0.0011839322058968575, 0.0012435995898523776, 0.0011974810178580963, 0.00118812862436354, 0.0012430722775322678, 0.0011817522385452084, 0.001166037871533917, 0.0011908354386095078, 0.0011668533615034197, 0.0012374583778802211, 0.001187222103688757, 0.001168587885519949, 0.0011334075112620244, 0.0012389435902298745, 0.0012006811427893768, 0.0011709128404378975, 0.0011530238755961583, 0.0013146214896350274, 0.001115128252788175, 0.0012821798651739035, 0.0011275624503013692, 0.0011008363655969809, 0.0012063543491707925, 0.001184229444919323, 0.0011299458117942118, 0.0011533121679563015, 0.0010691383387529314, 0.001094347006627907, 0.0011657809499702623, 0.0011254172441503786, 0.0011836961765668954, 0.001094094892426553, 0.0010372270866915304, 0.0010859641714640964, 0.0010679119393216703, 0.0010339480495932432, 0.001112248654719221, 0.0010844594785988269, 0.0010452674994462926, 0.001042250959543224, 0.001096395890299683, 0.001115958496034166, 0.0011728929156342696, 0.0009997985038130352, 0.001038010858846441, 0.001024102070721717, 0.0010701854027695122, 0.0010277628064717223, 0.000995201982652858, 0.0010477657777559549, 0.0010596268240342162, 0.0010009266735834638, 0.0009738338837591564, 0.0010248337789070035, 0.000982787423177021, 0.0010102045976233564, 0.0009994625898967315, 0.0010362220182166578, 0.0010010279823050104, 0.001062630899733327, 0.0009480198936233663, 0.0010285694533437783, 0.000980330456476233, 0.0010129806604445657, 0.0009825756053540233, 0.0009456905629492747, 0.0009849755420763928, 0.000944124035295564, 0.0009356818170098286, 0.0009572233446865236, 0.0010811927030143001, 0.0009934626478150538, 0.001007366762872966, 0.0009965184162695185, 0.000998039774328792, 0.0009896220509275349, 0.0010050019961669147, 0.0009545750837314893, 0.000963333265494101, 0.0009737641640093858, 0.000934968730536759, 0.0009832831357189772, 0.0009652405542801844, 0.0009299982035098803, 0.000891522320396061, 0.0009101631509746248, 0.0008910939852879316, 0.0009371791522418029, 0.0009001788402713671, 0.0009142931786497169, 0.0008915567051691141, 0.0008821599442710384, 0.0009307125730882551, 0.0009278393803559181, 0.0009480721650570612, 0.0008821873213120854, 0.0009797428818708132, 0.0009341590630904625, 0.0008892994546026646, 0.0008973090772631244, 0.0008994450679045423, 0.0008999435561038709, 0.0009054403620917001, 0.0009062299646483922, 0.0008769291327623542, 0.0008869049321573143, 0.0009323818650912048, 0.0008329285285123083, 0.000839611974909408, 0.0009460728043651864, 0.0008760426074647261, 0.0009154523301594801, 0.0009518737700274817, 0.0008583918624892329, 0.0008387572174052596, 0.0008723713435666042, 0.0008588289076474254, 0.001070548514030026, 0.0009310380939192928, 0.0008679899804073338, 0.0008175096361799967, 0.0008019955956541067, 0.0009353968763199247, 0.0007895564423700326, 0.0007962482536170133, 0.0009164010235609553, 0.0007727094233090288, 0.000763385983941458, 0.0007987579553545368, 0.0008549849664837742, 0.0008342458523048299, 0.0008417844297412096, 0.0007740141668571051, 0.0007727973249012217, 0.000932791013166849, 0.0008267207131542766, 0.0008243378536870953, 0.0007755852021704524, 0.0007632548457317506, 0.0007560900994295218, 0.0007731135243201439, 0.0007592034649257267, 0.0007559612141269031, 0.0007359849419392057, 0.000755876643199713, 0.0007709765978753227, 0.0007174817946616879, 0.0006976830875316644, 0.0007281110471595783, 0.0007639464220950943, 0.0007218049435309385, 0.000747903542439624, 0.0007608108850166055, 0.0012714146014965282, 0.0007686256462555251, 0.0006943739065794322, 0.0006719175633413762, 0.000834543920943404, 0.0006766750090547184, 0.0007023541236450343, 0.0006908203266574319, 0.0007220574173840936, 0.0006898306012985898, 0.0006729102821260795, 0.0006820087302381146, 0.0006785378446531663, 0.0006619942556391915, 0.0006783621716725734, 0.0006591942401035777, 0.0006387694035906238, 0.0007113660443633276, 0.0006592908397244772, 0.0006318457660117303, 0.0008102393732542141, 0.0006791963626751298, 0.0006565035527623301, 0.0006671249460208389, 0.0007488987562866855, 0.0007271776472396034, 0.0006931139416290252, 0.0006249626453734735, 0.0007019198144657416, 0.0006863034993770489, 0.0006743405804052291, 0.0006197845036330349, 0.0006612731507519565, 0.0006548400672061027, 0.0006718849851738437, 0.0007874603453633205, 0.0006338594402594523, 0.0006373141017424012, 0.0006468926230779021, 0.0006415456552265621, 0.0006852474541252812, 0.0006606205252605481, 0.0006334333998480272, 0.0008059075951589056, 0.0006463651410013124, 0.000667274897045603, 0.0006299460381953907, 0.000721846137117082, 0.000599777262770414, 0.0006232302418205721, 0.0006366374980514986, 0.0006321251712873345, 0.0006176381685261276, 0.0005975206408236623, 0.0005941479281019188, 0.0008514389946200903, 0.0006466333694934373, 0.000633871734693195, 0.0005776618783457373, 0.0005891771883533987, 0.000599628028231114, 0.0006703126463176806, 0.0005861284874356059, 0.0006171323644083182, 0.0005702836803916306, 0.0005576841026687323, 0.0006619065044114771, 0.0006269414835698591, 0.0005969775258392392, 0.0005679455033406327, 0.0006287961089939943, 0.0005596758909998394, 0.0005912705309244396, 0.0005551590922906442, 0.0005553538364485986, 0.0005980665352013887, 0.0005467625992980808, 0.0005510074344316985, 0.0005913003519800702, 0.0005150845775542993, 0.0005122308078419333, 0.0005180734429571055, 0.0005473706079965468, 0.0005253828513343017, 0.0005261935170947522, 0.0005201066175930113, 0.0005141792821048339, 0.0005164298733079587, 0.0005240447037633988, 0.0005834357715388609, 0.0006211047915031662, 0.000501555819982847, 0.0005600936644927064, 0.00098914363064511, 0.0008172084847234446, 0.000634709835459138, 0.0006314300741518364, 0.0005494733344852819, 0.0009865036203000278, 0.0005702253882098009, 0.0006207253169208457, 0.0006246422476693044, 0.0005671833709334859, 0.00057447517367957, 0.0006317080794595604, 0.0007300039278927723, 0.0004982158428338425, 0.0005328334019913874, 0.0005304312084012444, 0.0005653663575367036, 0.0005302306985301313, 0.0005397338634530751, 0.0005347608500677009, 0.0004896808222825987, 0.0004730958603726075, 0.0004946079642970653, 0.0004703960455105965, 0.00047095805318197315, 0.0004750403947640039, 0.0005707954814967689, 0.00048449415054216595, 0.0005316587373378451, 0.0004862501292844923, 0.00047792803468867535, 0.0004878503066331412, 0.000506297694985718, 0.0004767538927504176, 0.0004863666390630024, 0.0004780694945114421, 0.0005185500777929178, 0.0004290184012704168, 0.00045397320616706626, 0.0004347732241448859, 0.0004369493133858681, 0.0004332540644459797, 0.00046143884438996143, 0.00044751670432847897, 0.00044156006771389837, 0.0004217415266538231, 0.00046223530202929493, 0.000425540358117949, 0.0004955806218300545, 0.0004104148984953796, 0.0004292784755492508, 0.00044320378401594465, 0.00041387823656394845, 0.0004108143820198916, 0.0004380899235425406, 0.0005061565877446686, 0.0004380789072502984, 0.0004257279592982188, 0.0004662363977051819, 0.00041021751298064846, 0.00044918324892989604, 0.00040371530576290715, 0.0004446506388636183, 0.0004552265538539633, 0.0004498059048980431, 0.00041853956365302524, 0.0004466459929688116, 0.0010386404848044901, 0.00041979523172246347, 0.0004504427667040109, 0.00039826706570089953, 0.00044478100610865443, 0.0004289366452010954, 0.0004642230055634716, 0.0004301029433114766, 0.0004150058970699142, 0.0005297781384789975, 0.0004024024682620775, 0.00041163112522313967, 0.0003989408850181491, 0.0003856631922088361, 0.0004051243772294315, 0.0004974438615110255, 0.0003955003678323525, 0.00042662818328914576, 0.0005313464921020022, 0.0005008175228713895, 0.0004089919417748148, 0.0007856394797259892, 0.00041073531036644843, 0.00042053199778462486, 0.00044153363350861506, 0.0003857295045026319, 0.00043375374427303344, 0.00038566384884161555, 0.00046708919364831723, 0.00036085670056726897, 0.0004159875012998121, 0.00047636875971804825, 0.0004904840352443547, 0.00045181972024204656, 0.0008986525796531212, 0.0004405576309568225, 0.0004146594379239518, 0.0005481405832358691, 0.0003786105509659438, 0.0003814957669158957, 0.0004030350495908174, 0.00038062635584470587, 0.00035642974752230855, 0.00034771282135910765, 0.0003530514763387325, 0.00037178092615546124, 0.000416349689916618, 0.0003484532378582282, 0.00039705421000054813, 0.0003506786825375169, 0.00036833684566785175, 0.0003924904448881332, 0.00043286416626849656, 0.0004127372646716129, 0.0003525258115723791, 0.0003452901889127127, 0.00032035644469393244, 0.00036026856577943704, 0.00034027646274801073, 0.00034691517270960166, 0.00031433604204423677, 0.0003839247232773273, 0.0003370053835025355, 0.0003371446702809547, 0.00032599265144352775, 0.0003319369718536147, 0.0008291702190560284, 0.00034483587347367435, 0.0003825480259230542, 0.0004893148328195859, 0.00044989341032595847, 0.00035548769129679534, 0.000380791986984314, 0.00048043062521787005, 0.0003544243852434141, 0.0003855913200810851, 0.00030871178199510835, 0.000346580751818972, 0.0003017905147992866, 0.00034290469121435257, 0.00031805191133260223, 0.0008110201688749384, 0.0003363958533664063, 0.00040209838136161713, 0.0003805386778019875, 0.00031849826196562537, 0.00033513613066777346, 0.00037949269328588225, 0.0003458929324858813, 0.00032981316314108385, 0.00031907789121977866, 0.00030959741248553314, 0.0002890081333508503, 0.00030073844849919275, 0.0004579139597991418, 0.00034376983140043565, 0.00035269330716991944, 0.0002755743075415144, 0.0002924956193897921, 0.0002851359092517937, 0.00029113274214631493, 0.0002859015578248801, 0.0002703869453911857, 0.0002947690660081145, 0.00029524891443768667, 0.00026272644654681327, 0.00026207031165097954, 0.00029517097815120617, 0.00032834862186693735, 0.0003128042213067273, 0.00028965325650436594, 0.00029057487603898933, 0.0003162810991873683, 0.0002906104585172088, 0.00028995372571709603, 0.0002875930476323606, 0.00030643249532561856, 0.00032543704681082646, 0.00027670008618802086, 0.00028671782073918394, 0.0002594962624694179, 0.0003432044024396623, 0.00031739971217109423, 0.0002783255672866735, 0.0002544653507460855, 0.0002822295188171344, 0.0002624874455094057, 0.00026780067860276833, 0.0007123372271952383, 0.0002954469598398055, 0.0002394507561417388, 0.00028808440063431725, 0.0011991859520893862, 0.0004234716565420876, 0.00025931618631702154, 0.0007151986785934574, 0.0002920328986711518, 0.0002896140333440076, 0.00038034428802891166, 0.00037838517849923955, 0.0003053361302582477, 0.0003046541975075753, 0.00030813271235944137, 0.0002855526559947794, 0.00036846117302556013, 0.000416499756605904, 0.00029921751562854925, 0.0002505244129233684, 0.0002377564202057334, 0.00024529187735698103, 0.00029438995286585517, 0.0002479370040514677, 0.00023960327425050348, 0.0002513288722513203, 0.00028066002876067056, 0.0002498029939050918, 0.0002402767818406615, 0.0002712004459531614, 0.00023820916707902924, 0.00028180599757716014, 0.00023635150613460007, 0.00023372721080002488, 0.00029179100808494223, 0.0002586000472564211, 0.0002252358175519344, 0.0002426845889950599, 0.0002685192298715323, 0.0002210384250332918, 0.0002432897705474586, 0.0002265671144059452, 0.0002878234345450991, 0.00046669655920491773, 0.00024133520529170092, 0.0002003512112896554, 0.0002485438031039919, 0.0003245813706146283, 0.0002462969259265911, 0.00020084372770558443, 0.000333002601773477, 0.00029962968899553753, 0.0002246088729301403, 0.00024250492976571675, 0.0002602770319091344, 0.0002631198196350646, 0.0002917459555283575, 0.00021774211558813286, 0.0002477734227288805, 0.0002501464039306008, 0.00020834044071684965, 0.00022878739134542673, 0.00025796605848020895, 0.000299666503347495, 0.00025051709996391585, 0.0002122567717724876, 0.0002029947293641978, 0.00019733593426999812, 0.0002026081771302272, 0.00019082189244923038, 0.0002473504342942698, 0.0008136360810852048, 0.00018428270182802457, 0.00029358337089266487, 0.0002799249094289521, 0.0006087686523022728, 0.0002156035959654016, 0.0002120498459657491, 0.0002199593294546647, 0.00022206511423145643, 0.0002896553738317397, 0.00023705853993697323, 0.00023372484418092597, 0.000257912842987736, 0.0003158304219905926, 0.00023182814438216413, 0.0002356248984110267, 0.00024829198597073077, 0.00020852208212987483, 0.00019576520393003153, 0.0002279579010801095, 0.00019278324866768172, 0.00019500491648020553, 0.00019464852738188462, 0.00022989264977516002, 0.00019106965096063203, 0.0001894876434786405, 0.0002386724979851115, 0.00019843028202141955, 0.00022439277229797453, 0.00017767425295873955, 0.0001998256140355651, 0.00029010424942877783, 0.00017905446162933114, 0.00028550435128572193, 0.00018400266619088217, 0.00018069183816423249, 0.00018718110404690686, 0.00020299813555964928, 0.0001862391897639145, 0.0002176003033719641, 0.00021330329219062955, 0.000207786643427655, 0.00020210162973627901, 0.00020710492739884728, 0.0001889114282608547, 0.00018174422867247358, 0.0002030372967365239, 0.00018040353791106518, 0.00020379140632323142, 0.00018643868357631885, 0.00021322730886058603, 0.0001999490300464553, 0.0002054318629676202, 0.0001867551304944758, 0.00023321800375408102, 0.0002082709700353018, 0.00018197318856883905, 0.00023192898150839833, 0.00024859518720883215, 0.00019879561249664605, 0.0005515704804015653, 0.00020128093663304426, 0.00019283644748196378, 0.00016699622872047383, 0.00025625902511940076, 0.00018374282465150597, 0.00016896088139676572, 0.0001676316378273074, 0.00017760528407187638, 0.0006239808334826641, 0.0005612368637011122, 0.00016583019262666286, 0.0001776636736398834, 0.00022586705880525666, 0.00017336188804157959, 0.00023371155527318954, 0.0002403066725068545, 0.00019730100775614657, 0.0002609989879324138, 0.0001871518514400472, 0.0001756654651369692, 0.00019323836658151187, 0.00018226112354471403, 0.00016038692419174334, 0.0001546622403492985, 0.00017085273924019164, 0.00016209151147939302, 0.0002787490019449446, 0.00017107061297185548, 0.00020869644332821214, 0.00014548068295502743, 0.00024761495901412403, 0.00020366000882365623, 0.0001945586148142175, 0.00020459170937819738, 0.0002210873144415288, 0.00016963211884741833, 0.00015111565654753192, 0.00015761924632604193, 0.00015406249254253234, 0.0001378608817754313, 0.000136336612763122, 0.0002560172388828234, 0.00016512759320504468, 0.00014453085277457432, 0.00014845423004150864, 0.00017596728327928213, 0.0001505727628165103, 0.00014411721294021893, 0.00013523893265682835, 0.0010722559444513976, 0.0007788615103386795, 0.00015301193288653925, 0.00018423944058975955, 0.0002737358243322936, 0.00015065432676787853, 0.00040084827983156486, 0.0002754996566183696, 0.0001603913465873313, 0.0001425165898210711, 0.0001412993829114753, 0.00014956203144635138, 0.00015813251486014327, 0.0001338990845102947, 0.00015283342213729905, 0.00019719302591934715, 0.00012309050304737054, 0.00013828632681780323, 0.00014511208708845806, 0.00012411643965270182, 0.00018742634604887668, 0.000198724722614144, 0.00015004009044742417, 0.00014918128947054968, 0.0001486874203356992, 0.00015957929517757428, 0.000159635137037956, 0.0001373207336092466, 0.00019443741822355984, 0.00012858951233479438, 0.00017269085459890719, 0.00015610478457777225, 0.00011999368641704343, 0.0001366398899563531, 0.000125463333672898, 0.00013765658834112942, 0.00015514800972603706, 0.0001264544600252404, 0.00013807732977005855, 0.00012411229120523528, 0.00012309218490690724, 0.00016242455401924678, 0.00015944360308386158, 0.00013665629958583365, 0.00012612482148725455, 0.000122879370309607, 0.0002777892361959988, 0.00020743537130525107, 0.0001156212407748307, 0.00011844882403444536, 0.00011953183384291623, 0.0001327460311707869, 0.00011154554313884506, 0.00012134100944580617, 0.00012675535735856704, 0.00016251520253674908, 0.00012251594852601873, 0.00011916640417562804, 0.00011156741622874622, 0.0001094674379373418, 0.0007252587646781515, 0.00013136785239501695, 9.488703570192736e-05, 0.0001637141180477038, 0.0001147621017973985, 0.0002190386778281152, 0.0001647415873466928, 0.00012105615215207058, 0.00014718742108113127, 0.0001662192186681087, 0.00012796016515018749, 0.00011958952026747778, 0.00013177375641641338, 0.00014758077523296993, 0.00011325547876149993, 0.00014166899963523238, 0.00010432694738977477, 0.0006781578647740524, 9.349517263584983e-05, 0.0008405820705877768, 0.00026192603008071813, 0.0002014697022576662, 0.00013473941332077822, 0.00011842389472945252, 0.00018396965523494155, 0.0002680646535118707, 0.0002617619209560981, 0.0001263472880117426, 0.00012025770161407022, 0.0001618581462507184, 0.0001823298112439967, 0.00019313432843252713, 0.00016623968535536316, 0.00012429289054387423, 0.0001516226756866455, 0.00011708146979456034, 0.00025230524631352777, 0.00014905664973661017, 0.0003653597399863394, 0.00021929722264777259, 0.00015089707129874302, 0.00019661165257187535, 0.00011367877534023135, 0.00011212625665838926, 0.0001241550792877923, 0.0001539675140088165, 0.00015347335079865537, 0.00017635427283169507, 0.0001729705201367291, 0.00011619559284340263, 0.0001279910755528098, 0.0001225362003138636, 8.946895090937304e-05, 0.00010229317038736708, 0.00014550579945939954, 0.00013378037308786007, 0.0001680124535123502, 0.0001083299959859969, 0.00022874119450662963, 9.82816139627703e-05, 0.00023207277471176576, 0.00017742566628122097, 8.467025969157686e-05, 8.799453378320774e-05, 0.00012517077335640837, 0.0001435290468659754, 9.785531633194658e-05, 9.27729991038234e-05, 0.00011952947102586495, 0.00010909738547670835, 0.00012852772503852962, 0.000150992186388064, 9.570200780480528e-05, 0.00011085919043210905, 0.00010480265627992327, 8.961860423203571e-05, 0.00011082964439261207, 9.646999736703327e-05, 8.330909314902319e-05, 8.425010972514892e-05, 0.0001307901710646347, 8.614145726759235e-05, 0.00026571790096340285, 7.149081473692819e-05, 0.0001809565073671044, 7.195059366341167e-05, 0.00013426062370565343, 0.00019883053555527436, 0.0001118358839387781, 8.104704552621897e-05, 7.388590883153618e-05, 0.00011279151045734889, 8.728092039666264e-05, 8.537107053482218e-05, 8.256239055715887e-05, 0.00010851564552948242, 7.831889966892825e-05, 0.00018197903659357973, 0.00010235550184457927, 9.734918915327135e-05, 0.00015308680466682504, 8.076183001017049e-05, 0.00011358728664813731, 9.862794788861167e-05, 7.570872692933904e-05, 0.00010474299021234293, 9.436333785580092e-05, 0.00016623844225932552, 8.35046758164513e-05, 8.314839708897888e-05, 0.0001088229886724442, 0.00010158035963433826, 7.419436053529028e-05, 0.0001672908672253495, 8.12769455665055e-05, 0.00012133506252054342, 7.131576657062052e-05, 0.00036322531270251737, 0.00015997981037236376, 0.00020168651876223767, 8.551908013951906e-05, 8.966209032798914e-05, 0.00012123759214172831, 8.604648803994072e-05, 0.00037455996623318423, 9.167717052491627e-05, 9.519285399414407e-05, 0.00010155863645932056, 0.00015285161963456156, 8.813745002482798e-05, 0.0002179194794363042, 7.322229647205684e-05, 0.00012518688569317646, 9.82778315182679e-05, 9.183797364450628e-05, 0.0001436651387197158, 9.137823860317918e-05, 9.539930255357873e-05, 7.691439824484127e-05, 0.00010772844835265053, 9.464795670986555e-05, 7.685549922757346e-05, 0.0001865405775943553, 0.00011185891006927746, 0.0001617659783882784, 0.00015845923305805537, 8.34022181527855e-05, 7.157790718798712e-05, 0.00010785097263687721, 0.00012637412939643048, 9.550943742638587e-05, 8.578450453238317e-05, 0.0001040749242493806, 6.864209531729798e-05, 0.0001336061090993397, 9.222639653190034e-05, 9.177833761698264e-05, 0.00013835205996135062, 9.20475717970293e-05, 8.020478403818169e-05, 0.00025310802394340145, 5.4894380342635736e-05, 6.251426747248754e-05, 0.00013725457349562673, 0.0001684191091747472, 6.90343066112836e-05, 9.293138460416185e-05, 9.49807508819343e-05, 0.0001361422545144179, 7.689104873192676e-05, 9.928211056415109e-05, 8.864237453436816e-05, 0.00010487987798122213, 0.00040386618128635703, 6.574561617577715e-05, 7.742307195208156e-05, 0.0004140524440351899, 9.655537034831628e-05, 9.070587143018969e-05, 0.0001313567614049765, 0.00015709627046643756, 6.504131076956955e-05, 0.00016522727012706982, 0.0001489432228470767, 6.291458205050209e-05, 0.0003339065912002436, 0.00021742410285538209, 8.622212121514621e-05, 7.033041654161686e-05, 0.00011744264629490044, 6.006742648591643e-05, 0.00015278729402570985, 9.787233417867456e-05, 0.0007081076418789732, 0.00011507686166443218, 8.088148579255308e-05, 0.0001087192636850039, 0.00022216000799843576, 0.00016343027421540136, 0.00013553016598247036, 0.0001122554308328477, 9.670128432440025e-05, 0.00019255322874142786, 8.293652954284732e-05, 8.268552912270283e-05, 0.00022336733036713112, 7.163469331535188e-05, 5.5738648417185444e-05, 0.00011715971192213381, 0.00014745194848785477, 6.411076390997047e-05, 0.00012065051590998432, 0.00011877284761584238, 9.335414873569904e-05, 7.606133581716686e-05, 0.0001103549351341152, 0.00042803704477644653, 7.437063855094469e-05, 5.133376492450921e-05, 0.00022300269124005972, 8.02591376125326e-05, 0.0001346315724172608, 0.00019918854561628383, 0.00015378557061554194, 0.00010221646119119454, 0.0001396634173735405, 0.00015714328657823575, 0.00010016633845348787, 9.866838630140724e-05, 0.00015903766035026002, 9.282899351831646e-05, 8.945542238841934e-05, 7.775034027157085e-05, 8.520114097675878e-05, 0.00018105091492415205, 9.177531050299512e-05, 6.948327460073179e-05, 6.0261480480643165e-05, 6.396831780641406e-05, 0.00010686978179151215, 0.0001289716036904581, 0.0001148251988444759, 0.00019522925624830865, 0.00020689798488386838, 0.0003398866342963254, 8.085622504456344e-05, 7.852241835652674e-05, 0.00010147862735297009, 0.00010930873965243896, 0.00011371857918243976]