Model Setup for Atypical Patient 8:
ITERS=2000
LEARNING_RATE=0.001
OPT_RESET=None
ATOL=1e-05
RTOL=1e-05
METHOD=dopri5
Input channels=2
Hidden channels=32
Output channels=2
Runtime=275.4273130893707
Optimizer=Adam (
Parameter Group 0
    amsgrad: False
    betas: (0.9, 0.999)
    capturable: False
    differentiable: False
    eps: 1e-08
    foreach: None
    fused: None
    lr: 0.001
    maximize: False
    weight_decay: 0
)Loss over time=[1.919263757153004, 1.900471449890322, 1.8907948470245786, 1.87857012273305, 1.8682508423957545, 1.8534707196184008, 1.844507021885178, 1.8336338053481336, 1.8213516841702684, 1.8097128248872012, 1.8024612121876489, 1.7902711406222525, 1.782601553040334, 1.774160248944545, 1.7657984041322747, 1.7557500094934246, 1.7455504909533142, 1.7367621547359597, 1.726231059228162, 1.7147192030249192, 1.7104632043376997, 1.6987922594983105, 1.6948625879950754, 1.6814836503897348, 1.6800930026576522, 1.6693143391114404, 1.6641100290429711, 1.6516311455210901, 1.6466285836639791, 1.6383958912420888, 1.63241210616617, 1.6194432140366037, 1.616055886852359, 1.6070243127391954, 1.599603219821609, 1.5925157047429643, 1.582877124967009, 1.5773878590264852, 1.56873847434208, 1.564209800863007, 1.5524629982287004, 1.547656753715769, 1.5403776116614374, 1.5336950703418326, 1.528580282388187, 1.5201666514033014, 1.5133283913844422, 1.5052156533051835, 1.4994558135527534, 1.4922381283868127, 1.4857223892321978, 1.480594816215987, 1.4742231488360853, 1.4673750345232721, 1.4606997213614585, 1.4561179093124281, 1.4486641381121446, 1.4425605094409732, 1.4352574435933192, 1.4290266138788612, 1.4241946367510872, 1.4193039339247109, 1.4117045585669794, 1.4073524494359941, 1.40132484393237, 1.3950845567848258, 1.3891048232365106, 1.3839518115198033, 1.3798166833337786, 1.3737104022008382, 1.368930602569913, 1.363501032593236, 1.3584699623885934, 1.3539719449237888, 1.3505423113382127, 1.3440585501579347, 1.3390868078858247, 1.334953071539122, 1.3303028351702064, 1.3254186246883939, 1.321972560973775, 1.317178488249005, 1.313243396147454, 1.309392243181536, 1.3053343304898628, 1.301099053230813, 1.297608282242683, 1.293308379293296, 1.2899839854361916, 1.2855157657537308, 1.282440421858309, 1.2779882319863403, 1.275105934098595, 1.2707330556132066, 1.2666931718602357, 1.2636699092640062, 1.2599445990313705, 1.2563237490836079, 1.2525604017414247, 1.2489243278336046, 1.2453766424109394, 1.2415212984872892, 1.2380188586290255, 1.2341890078411284, 1.2307314467697463, 1.2271206040953375, 1.2234225550918156, 1.2196204591153177, 1.2156128600729412, 1.211821830791114, 1.2080046827648145, 1.2041315814497, 1.199853106587566, 1.1957153194567907, 1.1920632100208335, 1.1883510411163762, 1.1837260136628944, 1.1791280433568418, 1.1753880608442508, 1.1708666621516723, 1.1657924711621284, 1.1617590400351692, 1.1572081377587908, 1.1520502431871955, 1.1473324379203433, 1.1424756461422412, 1.137474923935908, 1.132549706664647, 1.1275139799793306, 1.122456512528499, 1.1174741526907253, 1.1124871816817874, 1.1076669331038624, 1.1028325873173344, 1.0977106598355015, 1.0927825573046779, 1.0877225098701915, 1.082400346806332, 1.077608376309787, 1.0726286537043856, 1.067110464405452, 1.061817049856649, 1.0562827988447216, 1.0515521704973319, 1.0461910232812965, 1.0408068447888443, 1.0353329934001863, 1.0298792561802201, 1.0243752897894838, 1.0188673465656974, 1.0139865237748966, 1.0079826643746541, 1.0030823490555294, 0.9976800971374756, 0.9920313009526399, 0.9865501374992051, 0.981049293293627, 0.9757904846424423, 0.9701350645810064, 0.9650341147036396, 0.9595519136621319, 0.9538948588900802, 0.9486381650090064, 0.9438422624424008, 0.937812595746778, 0.9323033615400078, 0.9267467848732839, 0.9210356625296684, 0.9153321718856734, 0.9093681425656999, 0.904671498132609, 0.8989680459676915, 0.8930107947725552, 0.8875282026469691, 0.882067633293302, 0.8763765091927297, 0.8706199240173643, 0.86389052833171, 0.8595145989005943, 0.8542616159472384, 0.8485620625825029, 0.8430107523109917, 0.8388128689013631, 0.8326705369241064, 0.8261101307001814, 0.8213067765810895, 0.8160967418031441, 0.8107235469392311, 0.8045607498253058, 0.7989189215832113, 0.7943740221714115, 0.788649259877971, 0.7832183540984555, 0.7777092547056746, 0.7717436514490597, 0.7660878668953647, 0.7604217016064663, 0.755416862836259, 0.7503394674403502, 0.744821882674946, 0.739538328409429, 0.733949971528117, 0.7282521444011057, 0.7232332323118874, 0.7178322096313576, 0.7122424058203332, 0.7075807823978548, 0.7022054326883399, 0.6970441611133271, 0.6920596877445911, 0.6874418584209404, 0.6811307019910348, 0.6775159022938887, 0.671274330557432, 0.6673559326480041, 0.6619525120177346, 0.6566799097065068, 0.6523842650492261, 0.6469953594006411, 0.6426357689768442, 0.6372905167940462, 0.6336439465022958, 0.6276892054692854, 0.621838541070753, 0.6189933332948955, 0.6147177045839419, 0.6099000629692758, 0.6053933725420788, 0.6010824351351552, 0.5970505797695551, 0.5925625303910643, 0.5902691038535444, 0.5848373855131819, 0.5809646793340056, 0.576898982038835, 0.5736457699053983, 0.5691825800169842, 0.5648200634260521, 0.5616448698713437, 0.5579128809065719, 0.5547643177501309, 0.5504084120147442, 0.5469286538066787, 0.5432985234825526, 0.539267164298293, 0.5355617684728302, 0.5329043996984864, 0.5290731291581356, 0.5258851312212068, 0.5223392920421467, 0.5190204450931777, 0.5152754778895464, 0.5119213930308644, 0.5083447000143543, 0.5052745227576948, 0.5021859345440115, 0.49850266443234653, 0.4950431709448269, 0.491905326303095, 0.48953467349068175, 0.4863323127116932, 0.4834867265142526, 0.480241395640761, 0.4787722801122355, 0.4743871860014684, 0.47135183907316464, 0.46803686877771467, 0.46598119027795076, 0.4636530737299957, 0.4605809374396491, 0.4568640757967355, 0.45468015342125256, 0.4514273344455932, 0.4488824561193599, 0.4461937597523796, 0.4437061194957147, 0.4408863676339449, 0.43886933940781697, 0.4360129915527448, 0.4332313093923174, 0.4304313846748881, 0.4285914350784315, 0.4259222123520303, 0.4234909185636073, 0.4209041095473534, 0.4181788205168015, 0.41573017688526437, 0.41351868129383346, 0.4113437376567724, 0.4091713457849858, 0.40663074056926746, 0.40457374117544675, 0.40291620866229216, 0.39966789213768744, 0.3973446455742737, 0.3957719514126498, 0.39356082041847545, 0.3913088902689296, 0.38941480027887765, 0.3871382743066356, 0.385151474265159, 0.38326533547910735, 0.3806887500595242, 0.3791748612229432, 0.3767574481418529, 0.3750083847643493, 0.3731810706166142, 0.3711325502145248, 0.3689362052464572, 0.36709308843509336, 0.36506485701047814, 0.3631521401949552, 0.36194460471771267, 0.360096094742339, 0.3578391413892793, 0.3564427492761696, 0.3541773081789617, 0.3529654044458532, 0.3511465644538682, 0.34983801250089414, 0.34772923668514893, 0.3458626034073629, 0.34403307202272654, 0.34235235273727355, 0.34054189081109826, 0.33942550174926633, 0.3378689435210112, 0.336038748505562, 0.3346810891203955, 0.33327469747413074, 0.3314077160936726, 0.33021574502939155, 0.32869605240469113, 0.3266983274779886, 0.32589924763564554, 0.32404636783179286, 0.3231175962720664, 0.32173453490314013, 0.32002477671096485, 0.31844525392833045, 0.3173891940093839, 0.31540120313355674, 0.3145469652305653, 0.31335093422068405, 0.312161891446038, 0.31042856623381065, 0.30919172732173456, 0.3081531823615904, 0.30669067536884853, 0.3052093322544286, 0.30451532695370853, 0.3031495640176942, 0.3018755614217181, 0.30053741606792034, 0.2993426750044057, 0.2984457413732937, 0.2971301946503726, 0.2956571235679179, 0.29470314231883793, 0.29381011480160824, 0.29274761527746385, 0.29147554544922727, 0.2900695956130484, 0.2896281440516447, 0.2879598527777848, 0.28696993357552963, 0.28623432666133125, 0.2850275148360443, 0.2842183139197317, 0.28322499648415805, 0.28134609695530516, 0.2809351278308442, 0.2797332332105617, 0.2787148283021603, 0.27805313043686986, 0.2764774128753649, 0.27561100490170104, 0.2746333539482219, 0.2736845053233147, 0.2726339280396379, 0.27167554170360314, 0.27073627059776334, 0.2696916912875617, 0.26836747227466534, 0.2679459067303711, 0.2665013659844379, 0.26579140009570634, 0.26442506807889893, 0.26366887905068936, 0.2631834577283976, 0.26227269574619405, 0.2612275037618747, 0.26064040220462015, 0.25880439429794105, 0.2578690549346486, 0.2567588089313779, 0.25596519695598535, 0.2552549518383271, 0.25361631893830505, 0.2531081544444961, 0.2517014836293165, 0.2511838388609424, 0.25104848775195693, 0.24930580011063397, 0.24835682783118357, 0.24727284546628606, 0.24643196469917336, 0.24539539391918927, 0.24413841334090136, 0.2439538341311521, 0.2429360464801883, 0.24189522083616238, 0.24093982126024321, 0.23985377780009562, 0.23930831880874956, 0.23889409133081835, 0.23669170510995619, 0.2347379409784175, 0.236343983853725, 0.23446493614296815, 0.23513751317174292, 0.23531177976613574, 0.2337235720149235, 0.23216228201546907, 0.22974061048621486, 0.23355591916972565, 0.22809136991629925, 0.22937546067676742, 0.23027337399314904, 0.22896215430188782, 0.22855779928176248, 0.22639031920310676, 0.2237551038995624, 0.22291910478065233, 0.22625002184188647, 0.22088025095091482, 0.22139157819550775, 0.22234305476281932, 0.2219132856964732, 0.22007869039714362, 0.21737231195589155, 0.21555642821173848, 0.21772238163069557, 0.21528918939038072, 0.21386499209630927, 0.21419499705026207, 0.21370960114433235, 0.21246358575888433, 0.21043816427708337, 0.2095711891880656, 0.2098848050795536, 0.20781957150702726, 0.20743374338954423, 0.2068488701570461, 0.20639829724536804, 0.2053561958868311, 0.20395095094350407, 0.2029792596413688, 0.20272272215535983, 0.20176803884299047, 0.20053584800847118, 0.20030604297267154, 0.19978727122949202, 0.19861470371602374, 0.19823009970485092, 0.19670686124184467, 0.19598769133889313, 0.19480251431898096, 0.19448104888739132, 0.19341387202003268, 0.19286046177666522, 0.19183250425075196, 0.19115211739221938, 0.19032735961114747, 0.1891911851049806, 0.1894861089091987, 0.18797413996094556, 0.18778870775353218, 0.18653523627408006, 0.18571131698166884, 0.18503255490329415, 0.18463441284510437, 0.1832285513813676, 0.18259921522259234, 0.18138998528457836, 0.18056281074344324, 0.18040921371565458, 0.1806370838946176, 0.1787960752143158, 0.17910056951761663, 0.1776656523626198, 0.17671788280209064, 0.17594260804476602, 0.17485809447161504, 0.17373489884786084, 0.1735586895537738, 0.17251087187550765, 0.17146336244083316, 0.17123772581192356, 0.17048604102631215, 0.1690702685102302, 0.16858014574539432, 0.16782753625881772, 0.16658453649423297, 0.16732554594404594, 0.16466227785700524, 0.16401085598989204, 0.16341165676391076, 0.1626425739004316, 0.16149914768286325, 0.16167899297044752, 0.16282503135223506, 0.15865978072960477, 0.15836211854020532, 0.16026882879667997, 0.1569186691518741, 0.15485802683107627, 0.15701427928477524, 0.15251586246697132, 0.15401724066264155, 0.15108924125755602, 0.14941240093348154, 0.15728808333817323, 0.1465536863104078, 0.14558784991190513, 0.1471770633845594, 0.14218067933271894, 0.14049602381325432, 0.14170890629193353, 0.13885723793571395, 0.1360527057705438, 0.1348418191135609, 0.13288984289853575, 0.12922497976127942, 0.1286189227102383, 0.12525268970423606, 0.12342289692277207, 0.12125843652055973, 0.11802290856690995, 0.11687281717235631, 0.1139397794909648, 0.11241625161792838, 0.11045766345628868, 0.10889619136504282, 0.10756648912362882, 0.10610511429160528, 0.10536707769568011, 0.10433104597342883, 0.10358996658551053, 0.10307674697232967, 0.10196088323386476, 0.1015246584062916, 0.10100405746285057, 0.1001550539224188, 0.09926762618522512, 0.09855099802485658, 0.09831097746946793, 0.09732358917480659, 0.09678607914707321, 0.09620859673601455, 0.09552635512739696, 0.09471671859152285, 0.09399036050569709, 0.09335004386965963, 0.09244206708375263, 0.0928000798138351, 0.0915735589732451, 0.09131860779585987, 0.09040687712504737, 0.08963709574059266, 0.08944989024743366, 0.08852065095889328, 0.08825592040860786, 0.08735237559589062, 0.08674530065737203, 0.08589034082543882, 0.08520086664187032, 0.0849639609419837, 0.0840293555948189, 0.08396807871349078, 0.08272532530087502, 0.08245976395569679, 0.08164064545313195, 0.08160448949779417, 0.08091523805223969, 0.08042424619349803, 0.07990622525591587, 0.07888005930409006, 0.07830014609644792, 0.07775437131264616, 0.07710665843443208, 0.07657439808809283, 0.0765184413688696, 0.07601943015404213, 0.07458016601555909, 0.07452047079005654, 0.07431861016676589, 0.08420478251768336, 0.07244068750223902, 0.07414637525612489, 0.07144809901297204, 0.07288037842911216, 0.07093314379155506, 0.07090197046573796, 0.06951852978366503, 0.06903612690714872, 0.07078389380444843, 0.06828319731312377, 0.06793922939604051, 0.06693098271429464, 0.06768298165341785, 0.06620756575853852, 0.0647111218042432, 0.06667366720875743, 0.06379269386558248, 0.0666563276703064, 0.06345609184275035, 0.06259028689327553, 0.06341013854603782, 0.061038115406460224, 0.06167340142674216, 0.06135443899022745, 0.059117392046508836, 0.059237369445353516, 0.0594543112149952, 0.05834596134947052, 0.05860763657692982, 0.06171963267900753, 0.05983682898996235, 0.05693833030223494, 0.055304533744639256, 0.05656503151639813, 0.05614970942144268, 0.05345420062717196, 0.05472510989797626, 0.05286441807283653, 0.05127214109573561, 0.05194590605812288, 0.051546229318443236, 0.050423677469183595, 0.050987213748906135, 0.04909232877687326, 0.0489945497443832, 0.0489250239864057, 0.04836774508365916, 0.04780165937062681, 0.047808714404644986, 0.04626915301563999, 0.04562060544522884, 0.04808902171882951, 0.045940529574878326, 0.04545941697120728, 0.04417921057200401, 0.046702450587879835, 0.04461121016071072, 0.04291768882805253, 0.04177204979869317, 0.04237300047212943, 0.04128266060288966, 0.042830469948613066, 0.04056748736749157, 0.04133768049845548, 0.04132097916556903, 0.03932448721721435, 0.03938198043820945, 0.038623053243923906, 0.038426481898938825, 0.037921402998271805, 0.036837495443707347, 0.03720036696706818, 0.03664215746503475, 0.035105198280160295, 0.035633381009500815, 0.03497739259772025, 0.035032029329869215, 0.03396240855475104, 0.0340696205730384, 0.03481209864794074, 0.033557888942276286, 0.03358582280943607, 0.033370089527184184, 0.03277572255336673, 0.03241962328992782, 0.03179122546492411, 0.03148445620290114, 0.03115458485106014, 0.030279191722465345, 0.03137403581016199, 0.029170163516275736, 0.02954670133782338, 0.029436937139919652, 0.02955447948117447, 0.028587309951289455, 0.029546742568470688, 0.028986214360270778, 0.028515036246652022, 0.028104857602761647, 0.027801360267865796, 0.02673629015222863, 0.02697371524829221, 0.02640391154705918, 0.02669498264678747, 0.0264439045857635, 0.0255629812449512, 0.02536678242434861, 0.02484668443858645, 0.024582305779385714, 0.0260493069949965, 0.02520831998161961, 0.024599944479028347, 0.02441885245447484, 0.024342167519557357, 0.023746979947664202, 0.023568087733642103, 0.023889689434264616, 0.022935971334061545, 0.022722534350185595, 0.02255679129100681, 0.022571950974532552, 0.022487958547798847, 0.02217604946324052, 0.022373988074121495, 0.022189976203492275, 0.021756191283257984, 0.02155022881702388, 0.021644189822672546, 0.02140923482503954, 0.020702766565671684, 0.02047835621515143, 0.020820699496627567, 0.02052268555374984, 0.020390787637122567, 0.020820299613553136, 0.020132945027293472, 0.019772656740167007, 0.019489064156092473, 0.01966424879542158, 0.01949407357158157, 0.019478580221362746, 0.019190955885756512, 0.019114769557590006, 0.01866571628283537, 0.01883159007314331, 0.018793050080620117, 0.018492413480445627, 0.018298343073939235, 0.01782525426893496, 0.0182203158847372, 0.01784389684754957, 0.01766945174233747, 0.017549105553024275, 0.017785490475136608, 0.01738124536783028, 0.01711129522067186, 0.017192760814015377, 0.017102914682677592, 0.016811648041216445, 0.016927225577198664, 0.016832327835256608, 0.016535329275427675, 0.016521767539225417, 0.01610142621143829, 0.01638043760070132, 0.01636345600050597, 0.01636234224703498, 0.015920731356886018, 0.015559488410460481, 0.01563885048040239, 0.015191502448782666, 0.01547423038329531, 0.014868539172896138, 0.01512608185217868, 0.01460485905325241, 0.014786816710497435, 0.014420580127012429, 0.014287317401592614, 0.014535668144603808, 0.01389744136262065, 0.013775208921683118, 0.013638549230462205, 0.013585416461239912, 0.013329521223879632, 0.013364640496486212, 0.013125517246541919, 0.0131063334564913, 0.012913793141113855, 0.012901062479098944, 0.012649343279179352, 0.012602422147464976, 0.012550170717050413, 0.012461263999293593, 0.012400634441875653, 0.012147663745757036, 0.012100365814911229, 0.011937521307146719, 0.01187848775465246, 0.01186672608092889, 0.011767912780926156, 0.01160503165157961, 0.01158888974658862, 0.011506853434548188, 0.011301036021134405, 0.011265097398070094, 0.011185822114113491, 0.011106051316573133, 0.010990996961012241, 0.010912885514333824, 0.010815665266188813, 0.010730683203505082, 0.010768246946953235, 0.010730757709506893, 0.01056286759553207, 0.01045963803086891, 0.010445205471932398, 0.01046704558821187, 0.010270643840780788, 0.010183193791726414, 0.010214248695118612, 0.010365229183243148, 0.010166118175790623, 0.00999805732760091, 0.009997850311422356, 0.00991884062253685, 0.00980895245951735, 0.00990608745301445, 0.00975804457405202, 0.009810114069217722, 0.009596690525643171, 0.009562800399873662, 0.009562215000738856, 0.009495009674290513, 0.009476792387995233, 0.009465343374295861, 0.009381849498159022, 0.009425337349495274, 0.00929462489951349, 0.009229092299251201, 0.009307167082175457, 0.009216784067929562, 0.0091623579453617, 0.009268991615921289, 0.009123291099255875, 0.009013937367348257, 0.008943048453924095, 0.009006418998959721, 0.00895324904158404, 0.009160134441436787, 0.009237109828363461, 0.009075014698291238, 0.008869133203009198, 0.008785517840823744, 0.008849221354861122, 0.00868228624590663, 0.008762163010996284, 0.008646471668166468, 0.008705092038139161, 0.008619276089584404, 0.008504005287535645, 0.00857291178091815, 0.008628541880143822, 0.008535964040564736, 0.008484616852512684, 0.008440609551319946, 0.008500110518482686, 0.00841856536093846, 0.00827374144552613, 0.008437757234996977, 0.00831626909328617, 0.00830497606882751, 0.008224672646704031, 0.00826471462466102, 0.008227722023969163, 0.008336256707021258, 0.00814458218510303, 0.00812593571493891, 0.008101585693229095, 0.008099838996660147, 0.008187407938015352, 0.008278318098344919, 0.008012890405462039, 0.008139975494005375, 0.007956518417551383, 0.00822550150648356, 0.008160426863540597, 0.007941789270852108, 0.008356467677361071, 0.007893231766400157, 0.007832801255638637, 0.007806942796130068, 0.007840588572802603, 0.007799996170341869, 0.00779830511842644, 0.007922253227524503, 0.007926831648017727, 0.007739345681279559, 0.007681519911732296, 0.007787207660314987, 0.007673097930154058, 0.007629766035714704, 0.007707725567660173, 0.007577230218054087, 0.007698697487986983, 0.007529544915311785, 0.007552020054824343, 0.0075795785981371275, 0.007542987460267694, 0.0074431899736094095, 0.007447248232597345, 0.007553060420573666, 0.00754618762832568, 0.007554633581346865, 0.007480236180397674, 0.0076431250451539645, 0.007437934356167428, 0.007267694322901419, 0.007289960196876542, 0.007223656336734813, 0.007212925792122743, 0.00723957194481496, 0.0071759748371545105, 0.007376719786603203, 0.007132631174673637, 0.007138630409827593, 0.007164356067436765, 0.007078048186422106, 0.007070281130076389, 0.007147220421762512, 0.007236698331405134, 0.007034542801330251, 0.0069982223974803855, 0.007078992151978333, 0.006977969632087118, 0.00702363284761831, 0.007027783120176395, 0.006938100957179691, 0.006909863905236041, 0.006955882183480095, 0.006867761594549957, 0.006914943834099448, 0.006802974269636087, 0.006860807621413651, 0.006883273199407444, 0.006784464961619579, 0.00684821132894468, 0.006921196399048862, 0.006720477650820559, 0.006744879067544281, 0.006743994086545977, 0.006795532028473882, 0.006818198154031636, 0.006711240359427593, 0.006679810607176881, 0.006619640953623874, 0.006642348393940819, 0.006589413891621851, 0.006632561847683746, 0.006649176676418906, 0.006574195721881756, 0.0066073839095277705, 0.006694443043955154, 0.006713376589933171, 0.006601998137250645, 0.006604975545709713, 0.006527295257137161, 0.006523255845290793, 0.006547082707524004, 0.006576677175343415, 0.006535338523119994, 0.006545737003091976, 0.006537247920807618, 0.006545293833222129, 0.0064787311715087175, 0.006493405275442048, 0.006481181253275745, 0.006388687083059966, 0.006450261105400928, 0.006387933093353382, 0.0064344312065722185, 0.0064352492519122615, 0.006463607455760068, 0.006442252550329875, 0.006399323078773541, 0.00637461026737133, 0.006334462839144237, 0.006429361278204705, 0.006349184645091896, 0.00639576150819213, 0.006367220774383458, 0.006404488212331114, 0.00632099445913514, 0.006396202244659122, 0.0062775260386703224, 0.00633293509530622, 0.006388470601560097, 0.0063203598141238805, 0.006347803005897856, 0.0062882482619590375, 0.006339587135346949, 0.006286800299609749, 0.006275678836439674, 0.0063201024515334705, 0.006304942733776112, 0.006294741139053233, 0.006264617814912977, 0.006276401752305863, 0.006232103395539806, 0.006406056639694403, 0.006218227289988365, 0.006341414977771973, 0.006270636328882157, 0.006150308180515723, 0.00616128679948617, 0.006336125391505379, 0.006211508076135671, 0.00626792342347696, 0.006232686728255179, 0.006190292237640396, 0.006174168320372014, 0.0063013599455019505, 0.006274526788583378, 0.006164355194177505, 0.006152241083425719, 0.006154982183980248, 0.006118737911529487, 0.006189519850770869, 0.006118421253410339, 0.006086895528149076, 0.006136140410299674, 0.0061347756431346795, 0.006117748670574847, 0.006172487353108091, 0.006064855578771123, 0.006047377318834612, 0.0061819155157954225, 0.006199392992180675, 0.0060934652928945005, 0.0060949410797536295, 0.006085285064125922, 0.006080501669153759, 0.006077652681694737, 0.006103897473510309, 0.006056300117852489, 0.006051724851886722, 0.006101092956684594, 0.006034792595389666, 0.00633972983609364, 0.006049338965768517, 0.00603402549680013, 0.006033428652632156, 0.0059731345510308015, 0.0060552533008086905, 0.0060273114729057714, 0.005981135469402515, 0.005996743792873715, 0.005992442136472386, 0.006055254182180738, 0.006038302708935902, 0.006004806395493053, 0.0059889484180944245, 0.006026722268468229, 0.00596066811603417, 0.0059733254603150125, 0.00602580336430269, 0.005989435521217593, 0.005991209430845242, 0.006002532313871683, 0.006016859789045142, 0.0060537533578254804, 0.005941457403368004, 0.006033566595711531, 0.005942412104398994, 0.005992172427848666, 0.006072126511174423, 0.005931219815979557, 0.0059074506817770175, 0.005985743751037349, 0.005864759080889618, 0.005914191487569273, 0.00590630500699183, 0.005880818885545398, 0.005914537733920907, 0.005991094332288577, 0.005853776260249371, 0.005875404650952923, 0.005901003035607466, 0.0058569796570257715, 0.005877196548843908, 0.005859453105307028, 0.005877460844842164, 0.005846242525942516, 0.005845224748375909, 0.005872701500549766, 0.005868601568911589, 0.005839303872167756, 0.00585160115697985, 0.005813353921662882, 0.005910627741112978, 0.005864702211764731, 0.005820142475786191, 0.0058361601650534075, 0.005848714593679255, 0.005817559137624374, 0.005853950812976198, 0.005828461062739043, 0.005843355357614501, 0.00583423961525216, 0.005882004300434812, 0.0058438878821100125, 0.005808396760660533, 0.0058097507953391355, 0.005809938786025243, 0.005821024965341553, 0.005859974811592481, 0.00578148111670674, 0.005895604089153609, 0.005805987799763135, 0.005800075260554604, 0.005807472232024935, 0.005801677786161433, 0.005734128805975791, 0.005741665628677014, 0.005819085831929663, 0.005734701437106743, 0.005776255817884226, 0.005793365766918724, 0.0057307437099343135, 0.005740992344044793, 0.005756591143728657, 0.005747359689355969, 0.005779964086803471, 0.005838144223587915, 0.005726231104414905, 0.00568962405298856, 0.005850696034380706, 0.005737971670671024, 0.005794637046034486, 0.005740819505171247, 0.005807086371745357, 0.005700841840673346, 0.0056176048281571574, 0.005690085581827769, 0.005712048709120804, 0.005681201261138611, 0.005685168277395825, 0.005725869599007174, 0.005725539765503857, 0.005629554004296654, 0.005704255205441422, 0.0057612297663192195, 0.005650350912787639, 0.0056717187117691905, 0.005660013182810277, 0.005720681905610717, 0.005675851503210574, 0.005625883273293806, 0.005660386325204915, 0.005691365666758195, 0.0056931451646403805, 0.005631476745382, 0.005673629792328847, 0.005574365276157399, 0.005652127663857933, 0.005588958846726589, 0.005608173609132836, 0.005560307155454491, 0.005609457140363914, 0.005603622254090794, 0.005608470402457431, 0.005611269093781652, 0.00561629482482898, 0.005751574466533822, 0.005672734124170402, 0.005721234339108353, 0.005599509771622605, 0.005518011226352301, 0.005604296476871975, 0.00562586072897144, 0.005566475123291103, 0.005595568076368589, 0.005542502021602044, 0.005586686270232646, 0.0056315343969998615, 0.005614266138237297, 0.005542561828388211, 0.005680709719944452, 0.005552718270975274, 0.005618198208585623, 0.005740647901768253, 0.005533945843789858, 0.0056052898535104605, 0.005570835103617788, 0.005593188177883418, 0.005549814258547757, 0.005549681421848954, 0.0055079310357569, 0.005545448826375315, 0.005483478705323736, 0.005527521453566776, 0.0055232565132347, 0.005661380413574506, 0.005525425317321473, 0.005515267602713594, 0.005641743368636948, 0.005547668877092956, 0.005511913251843547, 0.005504412571310244, 0.005578896845445828, 0.0054944978268487744, 0.005536358575455853, 0.005496683026217685, 0.005467799598990553, 0.005455539807167163, 0.005482458781208017, 0.005451698858658772, 0.005487976807935204, 0.005541852711585795, 0.005627234022350593, 0.005511884530641628, 0.005484609639315861, 0.005433336098214443, 0.0055284289733441815, 0.00545197240991644, 0.005430441392209235, 0.0054320756765524015, 0.005484505470056748, 0.005403053504920904, 0.005510966545921676, 0.005495614801352536, 0.005401263880173616, 0.00545317893743459, 0.0054207085391992545, 0.005364861146866202, 0.005414127462282566, 0.005379019390792207, 0.005425429829545845, 0.005447077790426907, 0.00543821679756647, 0.005433548685839443, 0.005391815789307632, 0.005421712028160737, 0.0053680887096158765, 0.005412604866594467, 0.005402142250664576, 0.005348069838048454, 0.005367469998252742, 0.005384784547231514, 0.005336437878304653, 0.005387046776349647, 0.005343028081750743, 0.00538270128283884, 0.0053327669537295815, 0.005391223773155038, 0.0053351397547064024, 0.005323623276495267, 0.005358596850258946, 0.005337829205869985, 0.00535720352020147, 0.005335407260214338, 0.005298636727424807, 0.0053467765711589545, 0.005452520236950612, 0.0053413399223286905, 0.005309839211629307, 0.0053234177144187, 0.005333423683956052, 0.005331721344703512, 0.005332800021870475, 0.005373356900581377, 0.005329944297053291, 0.005330419647817441, 0.005306926884434345, 0.005439245571145681, 0.005256671281494217, 0.005277264780457906, 0.0052816287131486495, 0.005315653840653973, 0.005295435534274851, 0.005301958382619629, 0.0052942549614484495, 0.005317365233502979, 0.0052436671225825114, 0.005276869715495045, 0.005275874440748348, 0.005292133715875235, 0.005286112059887397, 0.005225058050771797, 0.0052147669544169726, 0.005263932643702552, 0.005372155642737534, 0.005296334435896655, 0.005261902740123853, 0.005267098029236045, 0.005237821510024931, 0.00525844312781924, 0.005234477865542418, 0.005231036611375868, 0.005239848315516404, 0.005223470086505088, 0.0052211525052661, 0.00524931529749148, 0.005257056627456355, 0.005225043886426859, 0.00524143070633074, 0.005208810193262632, 0.005219432159939232, 0.0052217242721611466, 0.005229124450942771, 0.005234816495740705, 0.005227491990536812, 0.005226336341944784, 0.005220007023771304, 0.005245078819909075, 0.005242477808310857, 0.0052170485162587495, 0.0051522610903464395, 0.0051902623684246885, 0.005163544538795286, 0.005144097938371669, 0.005149588747273198, 0.0051507661342958195, 0.005228738257695437, 0.005185376630060779, 0.005208893535898665, 0.00513712914929739, 0.005120793438298666, 0.005134662877515837, 0.0051322968793725, 0.005147995665628854, 0.005275708735661928, 0.005151782419292248, 0.005119822048474685, 0.005177334726459175, 0.005178245813500142, 0.005147972899842445, 0.005151239248144849, 0.005142170729481393, 0.005161649537610365, 0.005149920645702953, 0.005163391515590977, 0.005129321319292971, 0.005138798125858822, 0.005150134029582229, 0.0051211879368860645, 0.005139752094637968, 0.005090180290087663, 0.005070254096876006, 0.005131249432229217, 0.0051160319450995985, 0.005094542290049148, 0.005112645566448495, 0.005137506768785089, 0.005134834115362353, 0.005105249005051488, 0.005078579331623788, 0.0051084804002187205, 0.005092038048054446, 0.005148297780850796, 0.005103486279521462, 0.005074143830519575, 0.005165392827538692, 0.0050297546921887195, 0.005098674635116903, 0.005045040976813694, 0.005121980240157377, 0.005113948721596325, 0.005071143603748745, 0.005148432035083591, 0.005066663508850871, 0.005039007526053924, 0.005069025981619396, 0.005071120584207378, 0.005066189250593308, 0.00507071695390199, 0.005035778189499951, 0.0050478013639121706, 0.004997160619416588, 0.005106039569639079, 0.005084398972266529, 0.005085834448660606, 0.005127098897910753, 0.005020798118569096, 0.005065631832270152, 0.005092390407685853, 0.005013575605147343, 0.005002075834623142, 0.005085891904034823, 0.005063940475015778, 0.0050308686599980605, 0.004999363742666452, 0.004968684288542863, 0.0049925402439034, 0.00503566444202408, 0.004965704703091805, 0.005055229865101935, 0.005000440798865773, 0.005004262854851448, 0.005038058370059457, 0.005014662144019581, 0.005010497519402876, 0.00502721549778075, 0.0050412346640422365, 0.004957382275625929, 0.004991054857363254, 0.004993398055727683, 0.0050530471024473195, 0.005117628287459628, 0.004997184276022064, 0.004946060973369768, 0.004938698821804472, 0.004946106025116888, 0.005053893637830746, 0.0049516160859584615, 0.005116744435566058, 0.004947919782220824, 0.004943476859622272, 0.004910935022953044, 0.005022830987941227, 0.005020938026345643, 0.004953409981910962, 0.005013470833158975, 0.005035441122922551, 0.004981905390261435, 0.004993252014594631, 0.004964340485869661, 0.0049237357238846625, 0.0049078306111504134, 0.0049678862320154185, 0.0049676590297873975, 0.005009651098864894, 0.004898264713980838, 0.004917656881766075, 0.004958460378386562, 0.004959955113887748, 0.004901375648634291, 0.004951966190514039, 0.004862395360085412, 0.0049132267002629515, 0.004880587134437734, 0.00499326412856304, 0.004889517092389008, 0.004909548910121833, 0.004893205425727399, 0.004959059282304833, 0.004979272162795559, 0.0049453734323202025, 0.004917291812729566, 0.004878324638147993, 0.0048986984244919355, 0.0048792714195230276, 0.004904672164757685, 0.004879639160612014, 0.004862435809437807, 0.004862973445264683, 0.0048874373455135905, 0.0048473690693867765, 0.00483353113643334, 0.004857029629258635, 0.0049100107505368655, 0.00481367907941713, 0.004814280201210517, 0.0048809184330677316, 0.004906294412335369, 0.00498685918002944, 0.004847295182256519, 0.004843741489941088, 0.004796235736705851, 0.004884278669624934, 0.004834561274691617, 0.00482589111675403, 0.004830989603642147, 0.00488543091025671, 0.0048455842263020535, 0.004808097836099647, 0.004809759182934477, 0.004791045984062944, 0.004890971647550444, 0.004800910237314808, 0.004824533623320614, 0.004771860810116455, 0.0048212061089710065, 0.004889068587851175, 0.004821043052480914, 0.004838277414465845, 0.004799120134712438, 0.004779229569648129, 0.004857399158074601, 0.004807930833385189, 0.004808760853085612, 0.004819689996368216, 0.004761854495296539, 0.004768199656980966, 0.0047836551231038756, 0.004805868832638449, 0.004770105748622164, 0.004738530150912126, 0.00478965777793865, 0.004815468985188367, 0.004743958674336893, 0.0047238742840633695, 0.004776218552199154, 0.004764129107374609, 0.004791615196553468, 0.0047690037833357105, 0.004797847845062388, 0.004722843530689903, 0.004755680374628294, 0.004781435602981084, 0.004768798384664577, 0.004753273189749478, 0.0047243702928617525, 0.004704604944084507, 0.004707817751946867, 0.0047044688870990945, 0.004746852394854783, 0.004761155711922233, 0.0047452778213696555, 0.004727318160568126, 0.004739635175104042, 0.004719713443130771, 0.004712424575727441, 0.0047093265558673676, 0.0047407988892079166, 0.004779485439253516, 0.00474660363783903, 0.0047384798342807845, 0.004716157487833039, 0.004698195273122426, 0.0048161894203130095, 0.0047180066443005255, 0.004725414845560121, 0.0047157548316776755, 0.004774442039172175, 0.004721919898823182, 0.004683570631890056, 0.004724236436488489, 0.00469819895041969, 0.0046774383106359734, 0.004680462109772383, 0.004679799271943855, 0.0047041041683016155, 0.004681213628349934, 0.004707273652750255, 0.004735719629621018, 0.004657546733079617, 0.0047086308724209255, 0.0046964875929310914, 0.004658900953543751, 0.004663796776697139, 0.004688798092674357, 0.004697539693578458, 0.004641618771268532, 0.004665483642325158, 0.004676305661760384, 0.004637847599226547, 0.004671129970818521, 0.004725809818823479, 0.004728176859476472, 0.004658789815474251, 0.004644622979120942, 0.004742811193594328, 0.004661052357059243, 0.0046536922945228385, 0.004653884193240179, 0.004697166950324948, 0.0046128426327849, 0.004697697476797826, 0.004642283032631878, 0.004671923941718938, 0.004722367001013644, 0.004736112999164665, 0.004616109357533651, 0.004699952114461377, 0.004633584940477502, 0.004673938005965915, 0.004660224491801321, 0.004620194920883812, 0.004728479014416136, 0.004688367113977742, 0.004628733222895826, 0.004661010868932652, 0.004612155227755522, 0.004618219568449992, 0.004690089274238807, 0.004640761495777811, 0.004592837001675452, 0.004650304349714717, 0.004628223027766428, 0.004628855082945995, 0.004633044132206687, 0.004588809858139983, 0.004669721774071594, 0.004495437528096619, 0.0045742793950505406, 0.004627745627941531, 0.004681694321603113, 0.004650377402465388, 0.0046128877154432875, 0.00459935968570819, 0.004624660969406147, 0.004649117830875436, 0.0046420368100089085, 0.004633168180996215, 0.004554276667573084, 0.004612045055413832, 0.004577760997331158, 0.004708783007149979, 0.004617975116505562, 0.004578551859714731, 0.0045698156696461064, 0.004588462714031366, 0.00462844080251577, 0.00455461817944438, 0.004556717370782406, 0.004575988315826652, 0.0045308823936176055, 0.004572746753670622, 0.004563479855986524, 0.0045846371779468065, 0.004633581797105172, 0.0045361694042776795, 0.004588872387551329, 0.004585539226175868, 0.004519575824799516, 0.004563965723812843, 0.004521175383802223, 0.00455956531193675, 0.004575826296813934, 0.004521207412227598, 0.004582912125634744, 0.004656846220038303, 0.004580146001373211, 0.004575118586399494, 0.004565680665980198, 0.004551288972860701, 0.004602248265005856, 0.004602625354040315, 0.004524006835535532, 0.004607028204146206, 0.004603355788085798, 0.0045191866913015044, 0.0045419566626916244, 0.0045350431310005376, 0.004516728741277579, 0.004537500443649375, 0.004483393399005584, 0.004762926257360656, 0.004577496317211841, 0.004547119419623547, 0.004563288436771817, 0.004541711508194036, 0.004592009136311962, 0.004622014208885392, 0.004534503218104179, 0.0045624671230869475, 0.004574857689819991, 0.004487294241829826, 0.004636411704917269, 0.004508048865814043, 0.004508997217788309, 0.004545594754510094, 0.004576287852825785, 0.004539642213528813, 0.004525879312580376, 0.004503296205880311, 0.004526374615062661, 0.004521273548594015, 0.004455773925226947, 0.00452081764292173, 0.004495106470651766, 0.004578672355299607, 0.004483296827950906, 0.004510109298176251, 0.004467864903970012, 0.00448647807594902, 0.004585164888635427, 0.004477209532541169, 0.004482928815531306, 0.004490613835134365, 0.004496845210833294, 0.004478389440795243, 0.004511472091758175, 0.00449925868615496, 0.004492237358734081, 0.004526896640413302, 0.004457800628051684, 0.004516567926967683, 0.004430693154024349, 0.004487408130486626, 0.004555178888301637, 0.004524214986532984, 0.004400226672589339, 0.004463509424522265, 0.004409885367013817, 0.004392861936718239, 0.004396125645049736, 0.004602793185455112, 0.004391717878527591, 0.004412102244155828, 0.0043925346027723685, 0.004420414197229499, 0.004492180941061508, 0.004462465879868587, 0.004491645808175482, 0.004552280596333864, 0.00444161972962626, 0.004556463256530301, 0.004406697111231537, 0.004493191960820735, 0.004415576812250113, 0.0044436287116665, 0.00438704632843474, 0.004402912694608332, 0.004398043410758123, 0.004392120772377783, 0.004377246765003539, 0.004509574789221408, 0.004377001722842358, 0.004417837105508497, 0.004540791398419936, 0.00445740457421016, 0.004405274128441454, 0.004450253832977856, 0.00444391312004752, 0.004460105343451784, 0.004432826177639018, 0.004486136850560005, 0.004377325175764535, 0.004433508403483162, 0.004397814737885083, 0.004421408040602148, 0.004342161788949425, 0.004445296959853698, 0.004449498386865986, 0.004360174510526814, 0.00444503072063376, 0.00441791938570056, 0.004422553167642273, 0.0044112920748993, 0.004340874348275552, 0.004390177342182482, 0.00436285257116828, 0.0044198268634084254, 0.0044144194673725965, 0.004400007084277003, 0.004407573052104799, 0.004390556372815007, 0.0043495655502346076, 0.004479467133817038, 0.004399658300404507, 0.004361711827379857, 0.004378126647882226, 0.0043995214298049624, 0.0043733567280921214, 0.004310929228509208, 0.004386477150135706, 0.004353894291643296, 0.004316363871034583, 0.0044795476642102315, 0.004329489056282223, 0.0043478770562205005, 0.004389447792139839, 0.004308549561295743, 0.00439368803305715, 0.004357020393662734, 0.004358607289719324, 0.004395790023203856, 0.004352631515092796, 0.004343321345606513, 0.0043502920960382906, 0.004323097723128836, 0.004452635013081872, 0.004328113825147571, 0.00432894580092506, 0.004287517716798538, 0.004359571640473727, 0.004300359881732394, 0.004305146972128612, 0.0043025289999769735, 0.0043368179164345565, 0.004293422036643822, 0.004380933001790403, 0.004361134670009985, 0.004304448836208561, 0.004280217670911677, 0.004381662413515864, 0.004280387282961443, 0.004320464928906799, 0.004367091515523365, 0.0043723515329681766, 0.004300513185547038, 0.004341719785818069, 0.004340742255291774, 0.004300556246214327, 0.004328817700894329, 0.004253091089690638, 0.004301289483560277, 0.004317223362578942, 0.0042482041807750245, 0.004316238082968439, 0.004256449192249037, 0.004252758966587574, 0.004261519720670077, 0.004253419014123569, 0.004308028813524513, 0.004298215196406584, 0.0042982977251822384, 0.00430903043973516, 0.004233898365589576, 0.004358800929173756, 0.00425741456427846, 0.004296664288176657, 0.004302309972989297, 0.004264543225630178, 0.00426388771267841, 0.004265253505001039, 0.004245442379798029, 0.00425791233744779, 0.004227934535479489, 0.004251292417084025, 0.004255984381747946, 0.0043000686829559745, 0.004247019255173432, 0.004224897343075726, 0.0042612400315635785, 0.004234891114595712, 0.00427499056965076, 0.004252576731201132, 0.0042638790895959755, 0.00423976288459954, 0.004292383581745255, 0.004249610475074271, 0.004225736971499468, 0.004184357119794216, 0.004220664306582202, 0.0042708342746139855, 0.0042287193193344015, 0.004201886382582235, 0.004194039453130987, 0.004270557324654696, 0.0042214957919859625, 0.004227976187598721, 0.004202804502940379, 0.004178983335167716, 0.004227789961082755, 0.004255834101221306, 0.004199001512845007, 0.004256602241217272, 0.00421564256914301, 0.004181134230982192, 0.004205133611299837, 0.004163930962045968, 0.004200489661223976, 0.004163903894491472, 0.0041817047334307585, 0.004160876027141485, 0.004177918251794209, 0.004170429483583016, 0.004144318589179571, 0.004155369089834764, 0.004161438592309518, 0.004141965545166299, 0.004137331336854632, 0.004164239540200687, 0.004107174265717665, 0.004210047499956923, 0.004136962674666656, 0.0042675000942798864, 0.004203186823656038, 0.004264879757282607, 0.0040992708347294534, 0.004193016817887468, 0.004198076862166373, 0.004205398396531914, 0.004168903611243632, 0.004153510784444627, 0.004284670972461262, 0.004146484290705965, 0.004199488003194266, 0.00414184752094006, 0.004126115735814074, 0.00410892339213249, 0.004098882551803532, 0.004108253458671047, 0.0041137875492495875, 0.004154559385441165, 0.004136342434715416, 0.00413749415846826, 0.004147487943872035, 0.0041280928988933095, 0.004122926759751537, 0.004186295932505199, 0.004084734129491579, 0.004121464097727314, 0.004087695823192047, 0.004048229150876766, 0.004105161221014964, 0.004053425158660147, 0.004100646453442969, 0.004093411047416621, 0.004123075126047819, 0.0042554509231406, 0.004179090882053457, 0.004108940517393082, 0.004116572096752627, 0.004203606476745508, 0.0041588593787245465, 0.0041247781122607805, 0.004082004127312152, 0.00412395978682909, 0.004099320526686518, 0.004152110847241069, 0.004073149257227575, 0.004062644338744193, 0.004043794907931598, 0.004088063481974349, 0.004176413339245945, 0.004229253832128719, 0.0040656879992257665, 0.0041042783325919725, 0.0041513109290032746, 0.004092943406477135, 0.004063216507966348, 0.004195022825333088, 0.004108166502797951, 0.004173654400274672, 0.0040953481194570115, 0.004131363799770577, 0.0040877240147523565, 0.004077583807646361, 0.004145408403787955, 0.0040191827042557245, 0.004026865781200364, 0.004111773467047503, 0.004157970452998949, 0.004060665994793323, 0.004074125328119759, 0.004172804965182494, 0.004133730468382867, 0.004032936117752106, 0.004069832346636932, 0.004074279692638088, 0.004005131510228026, 0.004039077805037536, 0.00410329661877243, 0.004181409989432182, 0.004146547944786264, 0.0040225468125112095, 0.004077716366603815, 0.0040502753873174575, 0.0040288148471259505, 0.0040396651759337255, 0.004060563681378957, 0.00407625161877307, 0.004010496538411844, 0.004037917676398852, 0.004064834614993903, 0.003994552394557606, 0.004031485785759317, 0.004085258380499735, 0.004092795115624175, 0.004020143733045139, 0.004039258266578182, 0.004053598093866252, 0.004015440403045908, 0.003983207915449115, 0.003957184634013226, 0.004141967678620726, 0.004068449716846189, 0.003990706165107019, 0.004022503715468164, 0.004038421274884435, 0.004057747763240339, 0.004060083537874485, 0.004002256295774366, 0.004026879993805067, 0.0040125438276888145, 0.003988259753683809, 0.003913031998458632, 0.003971416441472788, 0.004015084043808973, 0.003989497395078797, 0.003973073817827282, 0.004107057196019818, 0.0040593723311377235, 0.004026102313888607, 0.0040455238422299035, 0.003992864924702528, 0.003995985588131239, 0.004051978107333706, 0.004033707339125496, 0.003929053148790974, 0.004146170706718486, 0.004051564185921336, 0.003962070405684966, 0.004072621309331066, 0.0040739663928806395, 0.0039522278924650316, 0.00409060070991641, 0.004006727747274547, 0.003992165684883702]