Model Setup for Neither Patient 12:
ITERS=2000
LEARNING_RATE=0.001
OPT_RESET=None
ATOL=1e-05
RTOL=1e-05
METHOD=dopri5
Input channels=2
Hidden channels=32
Output channels=2
Runtime=342.8730809688568
Optimizer=Adam (
Parameter Group 0
    amsgrad: False
    betas: (0.9, 0.999)
    capturable: False
    differentiable: False
    eps: 1e-08
    foreach: None
    fused: None
    lr: 0.001
    maximize: False
    weight_decay: 0
)Loss over time=[1.3941748187484024, 1.3825340466886067, 1.3713903306716082, 1.3613271117694834, 1.3499753662687632, 1.340342151214974, 1.3301159497921915, 1.320359201880377, 1.3100538566143567, 1.3001751273984619, 1.290565782237486, 1.2855969386928874, 1.2725682258224873, 1.262613680759316, 1.2542927382910298, 1.245653529974908, 1.2364368137464938, 1.2281468742324688, 1.2206061511336532, 1.2114646141179173, 1.2035221771235385, 1.1951232053217609, 1.1850193997058254, 1.1793589666525324, 1.1715978686819981, 1.1632992290547413, 1.1562647717580399, 1.148384634248479, 1.138449816099708, 1.1310919937278872, 1.123822749697313, 1.1161588287259008, 1.1075543151722917, 1.1018877894338357, 1.0944406130786524, 1.0851939387701368, 1.08040931603517, 1.0720316335781475, 1.065172140815689, 1.05429366074619, 1.0516091509290868, 1.04372949237996, 1.0370250390040312, 1.0327590269681037, 1.0253588421619138, 1.01910631238294, 1.0118337407578624, 1.004066190792524, 0.9996440642237286, 0.9935803006333377, 0.9866686700478173, 0.980449522982651, 0.9767898291601204, 0.9692289326539977, 0.9635589783495171, 0.9595312654429943, 0.9525078210471972, 0.9475914659122355, 0.9430359790092641, 0.9351669220205937, 0.9286526506137934, 0.9254126363491985, 0.9208960826516717, 0.9157071686376521, 0.9100130779791606, 0.9073600846054003, 0.8983089388312622, 0.8938640169807882, 0.8876288637282159, 0.8877212858835685, 0.8820332755075984, 0.8760115283634469, 0.8674456176921083, 0.8636368416490678, 0.858184890248549, 0.8562747503351485, 0.8513290600840215, 0.846464096456345, 0.8415601327994612, 0.8370025053284956, 0.8322433555730618, 0.8270024991902566, 0.8233390129618392, 0.8194256810299344, 0.8140106571849203, 0.8087713289263131, 0.805098201695651, 0.7996094744725842, 0.7957497240758274, 0.7916448762221019, 0.7874694628326729, 0.782635648321451, 0.7751013109385618, 0.7740128224796513, 0.769093957561898, 0.7638511755417675, 0.759709501352934, 0.7547620960020714, 0.7504950858632288, 0.7467825898044868, 0.7409396663796837, 0.7368712556293153, 0.7316887815947422, 0.7274909922755434, 0.7223590102834403, 0.7171104914948514, 0.7128247223684662, 0.7087879641241646, 0.7021359044544042, 0.6992405954127395, 0.692931928581879, 0.6872327037001427, 0.6814217664314378, 0.6763931436034848, 0.6715014528179247, 0.6661689324804647, 0.6595460750693852, 0.6559994268797793, 0.6483295628937537, 0.6456693435562534, 0.6388215474638513, 0.632406531113237, 0.6267931914979411, 0.6215134725270353, 0.6157963659807355, 0.6081475646193848, 0.6033179173836453, 0.596010583599779, 0.5915122957804865, 0.5858209645721726, 0.5802698340969952, 0.5742627104967113, 0.5667003603968562, 0.5625781734083569, 0.5583351973447587, 0.5512538515280195, 0.5475965043105688, 0.5404131908065015, 0.536439894134822, 0.5291540498472197, 0.5241898490426128, 0.5181364485281857, 0.5145814013284592, 0.5097818319484544, 0.5044895159601287, 0.4972314356144961, 0.49410233081816984, 0.48757512656187224, 0.48170731014522816, 0.4786605273068018, 0.4721475193978615, 0.46713689182152773, 0.4633524248787928, 0.4572837122188627, 0.45136722656437805, 0.4464225085857704, 0.44160221496552976, 0.4376919455632526, 0.43263350421810765, 0.4269006983531641, 0.4236220737407299, 0.4201361183228116, 0.4155803060690351, 0.4096518156316514, 0.40752267748949916, 0.3994190694904036, 0.3961132763266567, 0.3927544967160298, 0.38766291699141375, 0.38318989834362577, 0.37826207912492626, 0.3745622842560332, 0.3682927717389397, 0.36593738733716924, 0.36099102785145315, 0.3560838791419837, 0.35286802116033705, 0.3478358237845703, 0.34376588613821385, 0.33936729598739823, 0.33684467584365174, 0.33302465894183997, 0.32964512419087033, 0.3261628655753825, 0.321974294790001, 0.3153647179633182, 0.3122167571322905, 0.30860442427469736, 0.3053733148633905, 0.3025672697457129, 0.2988706868236635, 0.29406972853441743, 0.2912282204413449, 0.28753761275725687, 0.28204962806355804, 0.28122628704941305, 0.27877914390575376, 0.27074359791364944, 0.27084362406658813, 0.2680587175585856, 0.2637240517622186, 0.2622207116829349, 0.2572813433397857, 0.2562249002508389, 0.25003295039936735, 0.24970704078225425, 0.2469906070278942, 0.2426323991962034, 0.2398319476881589, 0.23720660656249223, 0.23433820138875608, 0.23155129990450884, 0.22767829974262382, 0.22547412928239108, 0.22312301517425343, 0.22091903590954845, 0.21891741571211779, 0.21646047058421125, 0.21358195585524697, 0.2099881361390394, 0.20781137426538712, 0.2045622248000312, 0.2033079176970827, 0.19879169352713874, 0.19872358344137603, 0.19579244225426543, 0.19330014170896426, 0.19059866049144591, 0.18875926883259656, 0.18097388307843898, 0.18490951698942018, 0.18217107450096928, 0.17971642408679092, 0.1774564544922892, 0.17483054851822266, 0.17354075345119566, 0.17143871065362323, 0.16911036890839595, 0.16794297475756345, 0.16601015741496347, 0.16444469998872224, 0.16250481360030536, 0.16147294818933167, 0.15955749478747214, 0.15731273946954383, 0.15660355750786242, 0.15472296276045314, 0.15258079680592074, 0.15101399113411887, 0.14947891561477264, 0.14844635648714363, 0.14634126748330697, 0.14442140011471563, 0.14439468132448352, 0.14212201340407335, 0.14143967877790212, 0.13887036334817313, 0.1384135581257143, 0.13726517655845313, 0.13632249402918425, 0.1341774962932261, 0.13349519656678466, 0.13283423321760435, 0.13162616982700248, 0.13093189756951426, 0.12894545016605063, 0.1274378870006059, 0.1268975261518811, 0.12542724266597668, 0.1251535492441322, 0.12446485411448775, 0.12341258933759412, 0.12174630931722463, 0.12106857726025909, 0.12023858669492378, 0.11927065976157794, 0.11868119670104321, 0.11832042732354311, 0.1173662732280817, 0.11667317128235158, 0.11582659630882355, 0.11507345463317455, 0.11394501121078261, 0.11341295698883719, 0.11276797145974443, 0.11166719667256357, 0.11077112622299873, 0.11002419602106293, 0.10950260104926643, 0.10889001138235362, 0.1080873233278298, 0.10762284702046511, 0.10666044403566387, 0.10531080758208987, 0.1052653461797779, 0.104237157232697, 0.10395362552532213, 0.10338327546965718, 0.10329598192881631, 0.10163417711640275, 0.10164017304250898, 0.10126366031812882, 0.10047227281149987, 0.09988844401717349, 0.09920638564077496, 0.09865923676598358, 0.09807828357562785, 0.09795404311408283, 0.09717954687694474, 0.09699542680227707, 0.09588153494621508, 0.09567982768935757, 0.09521119256588446, 0.0947201773972087, 0.09399320835678648, 0.09451758309745038, 0.0932652818838746, 0.09279033579224011, 0.09237116654011929, 0.09168946452941974, 0.09125648190415457, 0.09086213007276076, 0.09048285483938447, 0.08960681047413122, 0.08930220980722449, 0.08868360970534629, 0.08838087858944982, 0.08727061911204372, 0.08667323649889229, 0.08730690312365245, 0.08607861042336316, 0.0862627620633421, 0.08533051017209717, 0.08468871565460388, 0.08468482004387465, 0.08383861770033209, 0.08373276506348148, 0.08352183490554867, 0.08208978667112225, 0.08248305129105976, 0.08199599391691524, 0.08149035281477625, 0.08138016683015124, 0.08135549918038155, 0.08145041125520046, 0.08029022166740808, 0.07951509136910671, 0.07967516915420479, 0.07957187854333173, 0.07889952620301915, 0.08532656833476596, 0.07864774670415572, 0.07825498188350145, 0.07724816859215239, 0.07752946190607267, 0.07711118418334038, 0.07651830911648788, 0.07696152311983953, 0.07659248120601778, 0.07549005216928482, 0.07528386694613577, 0.07538353883633213, 0.07470889374959754, 0.07521944802272564, 0.07463787526328375, 0.07376334812058126, 0.07372676575217624, 0.07380811766638623, 0.07373991022725056, 0.07292009326177461, 0.07272216526924806, 0.07263047700444636, 0.07260887255462024, 0.07190917007228888, 0.07160567208242816, 0.07162260086195295, 0.07131767282733667, 0.07072711501643487, 0.07075435027668862, 0.07046738474590208, 0.07034992914679417, 0.07037220664766702, 0.07028671103867384, 0.07001685891401578, 0.0698801362512095, 0.06956891569145819, 0.06853623140649295, 0.06928854216892061, 0.0689819477739619, 0.06847741699211819, 0.06837120567594698, 0.06826068783202767, 0.06794046882629158, 0.06809666900541965, 0.06710221105242871, 0.06807702062951292, 0.06736481908157524, 0.06700486848146184, 0.06685620601891919, 0.06697143313778783, 0.06603986810469732, 0.06647276501868073, 0.06577870749376716, 0.06566447461776216, 0.06566908005631253, 0.06551865936405127, 0.06575478625729751, 0.06562513257715445, 0.06554926917171801, 0.06516836448306694, 0.06523302272179649, 0.06455349624885041, 0.06504941839057227, 0.06433870032511603, 0.06443130753185614, 0.0642318124173797, 0.06434553812019418, 0.06406495579136254, 0.06386243062447973, 0.06399856822421238, 0.06370015777094987, 0.06340055188560349, 0.06313437928615313, 0.06324403893477554, 0.06307065843295913, 0.06269163863484582, 0.06285909561266469, 0.06271218905423684, 0.06256062540256489, 0.062384795608038536, 0.06222994447964491, 0.06252205534130541, 0.06114260562118842, 0.0618514579003487, 0.06181344656860289, 0.061396201021498925, 0.06158579983400137, 0.06170250414498986, 0.061557106311781684, 0.06147049762853669, 0.06135441968391265, 0.06117425071694765, 0.061113692659940426, 0.06095950581247995, 0.06082318866474894, 0.06046001160675186, 0.06027876753805072, 0.06039995334462081, 0.06006129158966518, 0.05979120192576201, 0.06029085855038232, 0.05941968399160189, 0.06001922289460975, 0.059706527235710107, 0.05997195543737596, 0.05991045982564137, 0.05951142116832297, 0.05910143286326896, 0.05905266392628181, 0.05901442444461669, 0.05900887368523636, 0.05844537412959228, 0.0584241942807409, 0.05840304790658752, 0.05878873990772768, 0.058692597120274685, 0.05855318167035961, 0.05784002325914838, 0.05764940118003463, 0.057772394452841457, 0.05783623634235981, 0.05739853857867454, 0.056897283628415056, 0.05743176712806917, 0.05763334686420932, 0.05681433160682278, 0.05776437784489663, 0.05686917904141309, 0.0569912537236715, 0.05701708223288953, 0.05649724622006403, 0.0567397971483477, 0.05674536705383062, 0.056686665753863726, 0.05615067585732063, 0.05646482142055181, 0.05642188249757826, 0.05615008362052499, 0.05570752313316532, 0.056440672783843376, 0.05592562915302582, 0.0558084083734205, 0.055675877557863296, 0.055779051423070006, 0.05541358772298806, 0.05582022766153108, 0.0552713278027894, 0.05542968514577285, 0.05543108131828698, 0.05540601837174197, 0.05526437316398148, 0.05495791827140962, 0.05524906389216663, 0.05486622891560088, 0.05515080467354061, 0.05491573231884503, 0.054723179240361325, 0.05531355983234101, 0.05530804758314501, 0.05464944453714129, 0.055251512409832455, 0.053977271200016566, 0.05441272307271045, 0.05435846005716962, 0.055235918921534614, 0.05449235939566248, 0.05455562885543733, 0.054864112980531066, 0.05464465055658163, 0.05436349480046692, 0.05438534239138695, 0.05466224834475424, 0.054298855227577554, 0.05491729313042724, 0.05502819369267878, 0.053986565466284414, 0.053843491757848326, 0.054120940200112516, 0.05444297680026758, 0.05421627492022271, 0.05480433377284182, 0.05404359086559341, 0.05368606131255239, 0.05380645010766619, 0.0546429399838305, 0.05382216539904212, 0.05449528564939337, 0.054976432590791616, 0.054167447025848, 0.053742276060969284, 0.05404432381962699, 0.05340403818826498, 0.053491571370073855, 0.05315705648347319, 0.05292724615461822, 0.05460520617743065, 0.053253334069761515, 0.05353829219146197, 0.05325961594702435, 0.053870645755044945, 0.05289550104477641, 0.05363250768126202, 0.05358738632375284, 0.0531442188620717, 0.0530911290052222, 0.05353783469591453, 0.05368844914005304, 0.053310552693995164, 0.05269614643939066, 0.05223827215839603, 0.053612892064385236, 0.053524143783105445, 0.0522057643061303, 0.052970805854009484, 0.0544016888205569, 0.0529272708953989, 0.05289155298078545, 0.052872112939379774, 0.052188898027209614, 0.0523794546483115, 0.053839524813113555, 0.053197928829606195, 0.05278211181419068, 0.05288228621241071, 0.05267732751532494, 0.0531643367646053, 0.05259892827078935, 0.052706319465943154, 0.05281553776098912, 0.05262515549185261, 0.05351801104519315, 0.05235802898105861, 0.052884582851091474, 0.05225620244610841, 0.051302107522523, 0.05312282904901322, 0.05176422674240424, 0.051903810246869346, 0.052381555553208455, 0.052932188487391674, 0.05288560672748537, 0.05270408540940039, 0.052641286279500134, 0.05219928902567954, 0.052247503825774304, 0.05134429028378966, 0.05268622980589506, 0.05294764600508588, 0.052578672423560985, 0.05243436930600882, 0.05173874048097422, 0.051881485324887504, 0.052516628410979746, 0.05222045220728643, 0.051879943247844194, 0.05252162890076605, 0.05271016592609212, 0.052220596260743386, 0.05263828690668503, 0.05055600739563082, 0.05186167361611407, 0.05165231853979307, 0.051913956937598996, 0.052354334287526005, 0.05209640392423891, 0.05212429763788153, 0.051619004958681665, 0.0524943298166644, 0.051515421227783235, 0.05193026090457062, 0.05113773851283785, 0.05138932957050129, 0.051742890136629874, 0.051761524057384614, 0.05158967396344944, 0.0524272416523086, 0.05190949585863132, 0.05148870826601018, 0.05065641069352924, 0.051434233897336416, 0.05114024906119969, 0.051232712162651975, 0.050650474513465854, 0.05130721161435817, 0.052501866629211545, 0.05142536814575333, 0.050941313470546576, 0.0509330155590979, 0.05101896121782457, 0.05109905227831854, 0.05104381008650478, 0.05138269188532188, 0.05158359062632167, 0.051412194054468334, 0.050811014553220346, 0.0511271291031929, 0.051684444624195636, 0.051064715219054084, 0.051830652325317604, 0.05163018671662864, 0.05143928074174898, 0.051190194730785364, 0.051377265611648265, 0.05018586372139751, 0.050885841641458866, 0.05105776727548641, 0.050211817683891984, 0.049997254943630394, 0.05075430107388137, 0.05137690181464785, 0.051244564185857405, 0.05192691584892195, 0.05070873191065184, 0.050921711968984824, 0.05109988250705786, 0.051178185973222344, 0.05046770447197051, 0.05152158087409548, 0.05040688158199418, 0.05096423213922801, 0.05018819309380151, 0.05075505532856406, 0.050475217916542726, 0.05079402194058416, 0.04961224958370011, 0.05009210437949887, 0.04974556011518445, 0.050623267212091275, 0.050354349741743396, 0.05059328449125658, 0.05057279713670999, 0.050220066595400986, 0.05001328902709563, 0.05044857487745289, 0.05132399804606555, 0.04994022257125638, 0.049961882576322655, 0.050258784420632766, 0.050558435779544414, 0.05028551913831478, 0.05044483826169777, 0.05024150407524602, 0.05017704415949471, 0.05004706107167109, 0.04947134786116509, 0.05031390245966166, 0.05032215739127401, 0.05063836453438086, 0.05038048127766657, 0.050020978171050466, 0.050339296247398295, 0.048652990440835577, 0.050093375260287655, 0.04915872729523321, 0.050018535366600794, 0.04980832816885256, 0.05030007455141736, 0.04995749528889888, 0.05031385030763913, 0.050747252951552364, 0.048863634616560965, 0.050012329718743434, 0.04973755514834674, 0.04991811319000723, 0.04913093639275727, 0.04965711291614829, 0.05000151620576767, 0.05014448949218591, 0.049759831241002556, 0.04940799625049638, 0.049473393221303445, 0.050377681151914294, 0.04842710689430678, 0.04942001903240753, 0.04957693683284219, 0.04988035744161623, 0.04955650239208114, 0.049945325402528225, 0.04937321035224911, 0.049580671448201656, 0.04919035026069365, 0.049342909118869564, 0.049782460470166344, 0.049110678630844284, 0.04987376267089658, 0.04944872285235682, 0.04987920721975003, 0.04953057439204477, 0.049727475875536456, 0.04935321391040168, 0.04937279800082984, 0.04907786383415555, 0.04952526083962397, 0.04950193161528278, 0.04950105271784447, 0.04913476175057919, 0.04992998964265103, 0.049256257783469044, 0.049440939633903856, 0.04922364494788119, 0.04946067445048601, 0.04949868516395977, 0.048398576810428875, 0.049556273238604336, 0.047459219865920166, 0.04907388498543417, 0.04898952277223114, 0.04933999577648647, 0.04903251454871816, 0.049133615536883175, 0.04886446065708328, 0.04912946958156446, 0.049406033914392286, 0.04887739455864097, 0.04924092566535801, 0.04881993195183001, 0.04908958481924131, 0.04960652492396827, 0.04873105325178375, 0.04912937318222064, 0.04863055872307188, 0.0488552278547115, 0.048907309804682615, 0.048565020594915055, 0.048157446558403746, 0.04912456063026676, 0.04871522305273819, 0.048963265979490946, 0.04773191422700334, 0.04869196346299484, 0.049394361979379096, 0.04859980530468429, 0.04924687693768334, 0.04831107955184016, 0.047264619055508376, 0.048320182511634606, 0.048792718711380405, 0.048497449224389005, 0.04806844796904152, 0.04849269654273614, 0.048287217002379916, 0.049465657182406204, 0.04820269214270656, 0.04810129908169005, 0.048120490306897475, 0.04913310904220865, 0.04926295365508342, 0.04868217732321561, 0.04825459536751091, 0.0479623705421974, 0.04787506051006582, 0.04831145425425452, 0.04800694710908122, 0.04759458241949283, 0.047870010214091256, 0.04872388077436008, 0.0482831890739371, 0.048566560027749596, 0.048482842068558435, 0.04863486265359644, 0.04803230461510611, 0.04959730946838634, 0.04784362642399806, 0.04775165148046868, 0.048022494649801684, 0.04804967785523148, 0.047667934220625256, 0.04783456976907564, 0.04807896509153233, 0.0473445580374342, 0.04765267317759436, 0.048278496733761174, 0.04726292352637285, 0.0483852041480838, 0.04742574214482522, 0.04779211022582833, 0.04802558127285345, 0.04794819153528356, 0.046996914305107634, 0.047977829751033395, 0.04810636182419308, 0.04819411949470775, 0.0480158458905237, 0.047226417347183205, 0.04782078657892994, 0.04733997542820762, 0.04727503783954459, 0.0471059658931805, 0.04723726428073442, 0.04806892849423047, 0.047422552934554, 0.04793483255912243, 0.04681359814917538, 0.046712892559840895, 0.047574948758690616, 0.04804822630796473, 0.04699458476504608, 0.047113586399105796, 0.04704851230650118, 0.04727395788061261, 0.04699589894071688, 0.04768739841164026, 0.04765729684463115, 0.04738963583848627, 0.04670867032282717, 0.046504390155674334, 0.047019932252730996, 0.04697269167377583, 0.0474817762739246, 0.04785924153601672, 0.04706580850218887, 0.04658422223011211, 0.0467381160761587, 0.04700990473259497, 0.046655506827424524, 0.04704201358461617, 0.047089783179007735, 0.04644203640828992, 0.04727950610301856, 0.04679258456072106, 0.04667388845648182, 0.04725471370060439, 0.047127771899413855, 0.04648341599163594, 0.04600789219702772, 0.04655174693796551, 0.04657897432441158, 0.047332033493660546, 0.046885204799124565, 0.04680896663631102, 0.04655505990303072, 0.04683698931350737, 0.04686568201224408, 0.04714648139974607, 0.046310800831904204, 0.04674446440629518, 0.04644417474635303, 0.04717519494888269, 0.04653569445100751, 0.04648701116356355, 0.046050577985696346, 0.04655312174826924, 0.046532964996801755, 0.04630121552619546, 0.045255520670429636, 0.04674348157339458, 0.047276786758688634, 0.04714670977570548, 0.047678310014699195, 0.04598341419615677, 0.04671089181746901, 0.04664183323446513, 0.047188789442642994, 0.04641219616250327, 0.04619329201554818, 0.047249710414554634, 0.046228479430776244, 0.04601831632984519, 0.046717319293825825, 0.04619543133808757, 0.04627761310381036, 0.06899605906932106, 0.04588358092483855, 0.04637323237238724, 0.046072743087815476, 0.0466180604952065, 0.04715607041934202, 0.04542079137604232, 0.04589192575840917, 0.04599716308842419, 0.046054436520503915, 0.04602698663910109, 0.045903090217870986, 0.046144553228903054, 0.04561778412706878, 0.04562988996179224, 0.04596256130239282, 0.04617351385920434, 0.04589664925080008, 0.05950573046134877, 0.045912449986257146, 0.04588425892318721, 0.045616210544772426, 0.04521399470732764, 0.04573405098015238, 0.045296060854470244, 0.0450220235058847, 0.04552124377721444, 0.04533367485730098, 0.04502655728114048, 0.044526498629683234, 0.04431740961484244, 0.044315346904587376, 0.04481322133258793, 0.043758592913406044, 0.04351615289344146, 0.05768547696036311, 0.042919838731076514, 0.04286077429935977, 0.04161757433758009, 0.04065107122309269, 0.04013688722041095, 0.03927002256948268, 0.03852984454704243, 0.037344862630985735, 0.03647417117924712, 0.03570561164368177, 0.03514512090271498, 0.03495386520026255, 0.03377986635635442, 0.0334368459757323, 0.031991982906838384, 0.02977032692035597, 0.027973738389201433, 0.026885428457162484, 0.027263868677925015, 0.02781285933978986, 0.02725467928195197, 0.026250554306513373, 0.025457363025180178, 0.025198270437209104, 0.024732901744246694, 0.02428489129166704, 0.024739945464989425, 0.024648720401061194, 0.024854458896493035, 0.02448666353145782, 0.024022493119287894, 0.02389207770100069, 0.023211123651085876, 0.022910813472238258, 0.023122098615919472, 0.022488928752653754, 0.0226902933914777, 0.022771858133043697, 0.02208438375497494, 0.02213696849027677, 0.021257163409057978, 0.02088448779372273, 0.02081326002293961, 0.020484354101052066, 0.02025112945931698, 0.020282660273088962, 0.01989952066824363, 0.019718620256835434, 0.019454433150593767, 0.01904464517223056, 0.018872041797495975, 0.018937235362020736, 0.018746729132194495, 0.018486062898787604, 0.018785781998231995, 0.018086110263183734, 0.01763957397282455, 0.017309079924154223, 0.017346361658205967, 0.017314186879330996, 0.016984551287526715, 0.017198675426454934, 0.017039292198662105, 0.016942713514984605, 0.016430368106369858, 0.015606967240296027, 0.016452689236142563, 0.016024055616491308, 0.016169349018024037, 0.0160717461123825, 0.01586339182918155, 0.015410845623678048, 0.015314579119457767, 0.015307894591423267, 0.015074114031152648, 0.01484977483297563, 0.014720504197720708, 0.015053166577731559, 0.014743255378048992, 0.014540216205953598, 0.0142761134879221, 0.014187532608439328, 0.014133663804893821, 0.014045324316241004, 0.014184688512578474, 0.013769573587060104, 0.013481193183390168, 0.013624314224706143, 0.013394025085960305, 0.01335088993926514, 0.013276590040187304, 0.013322014912115997, 0.013122838062155827, 0.013303602433678457, 0.013315148438682667, 0.013168617621700861, 0.012830472280805139, 0.012939924502308096, 0.012790833972573567, 0.012704716128424366, 0.012945712738068372, 0.012451621363888528, 0.012404386696665076, 0.012471975479047033, 0.012187187191880965, 0.012173893767830755, 0.012174644878292045, 0.011958255639058194, 0.011730627745091171, 0.01193144046787168, 0.011708587683265832, 0.011686772597797634, 0.011710662011946921, 0.011496731664966241, 0.011561044821082606, 0.011722498800356264, 0.011455509899470069, 0.011264961595524993, 0.011180988728468485, 0.010784913426174398, 0.011132338190681457, 0.010909874782493978, 0.010944912022031466, 0.010944702715370954, 0.010815509041004251, 0.010742103701095464, 0.010618095664214067, 0.010467793252584883, 0.010894014421128433, 0.010632810242941885, 0.010607450680086521, 0.010464636702178797, 0.010336840507993012, 0.011718270559357792, 0.01017649870849079, 0.010071560348244505, 0.010226664341826506, 0.0100485771748062, 0.010012807831314863, 0.009844389021682371, 0.009865460922798998, 0.009911040844362085, 0.009629717831467113, 0.009944319317790945, 0.009629744882476752, 0.009543008383328057, 0.009540729891114257, 0.009279942597502007, 0.009381292050389503, 0.00950893796159995, 0.009487586318627065, 0.009506436898216437, 0.009486590486800282, 0.009340271579688138, 0.009425587888614119, 0.00928412133386542, 0.009025851682319525, 0.00905528049916698, 0.008705691848697895, 0.009109779486313436, 0.009006435317017548, 0.008981546203667194, 0.009086312700898807, 0.008792808596052066, 0.00880281622056382, 0.00856673145318403, 0.010021287791925777, 0.008556349570334645, 0.008736370823918198, 0.008555226494977149, 0.008652062355296508, 0.0098478833204449, 0.008491995257943363, 0.008416922858113613, 0.008708595003868317, 0.008597903725232687, 0.008158516952996946, 0.00818560368473103, 0.00808650115354332, 0.00805069782216085, 0.008414331517077963, 0.00806273442909245, 0.008219526748318589, 0.008001809565924127, 0.0079948374086445, 0.007797283926963739, 0.008002283354145406, 0.00781915143660124, 0.007906533414935983, 0.007735178843562151, 0.007923422223416852, 0.007596639101518452, 0.007537433816648987, 0.007681521988376073, 0.007591420288243752, 0.007637696645869139, 0.007662989270589022, 0.007671926043803967, 0.0074284045912191565, 0.007510351217213099, 0.007485595295547546, 0.0075126534338388305, 0.007441695050393329, 0.007337328890624026, 0.007486294476699273, 0.007167216565986426, 0.007217431335272334, 0.007067173739819772, 0.00709236397866822, 0.007449022238903994, 0.007220794034042317, 0.007282559844039938, 0.007324494455101613, 0.007163640516599092, 0.007091763636447071, 0.007062242191033827, 0.006994076714178046, 0.00690449989179368, 0.006928829758527719, 0.006914217706816924, 0.006927361751635184, 0.007113926284850262, 0.006855615136156657, 0.006965608959218873, 0.006833726949225119, 0.006862085226802966, 0.006713250564834461, 0.006823259614833036, 0.006632907387579611, 0.0068167010834497745, 0.006712832987016895, 0.0066308357482968185, 0.006653807966087796, 0.006696384362470722, 0.006549917496393437, 0.0063863230715265505, 0.006520621703679407, 0.0064916899201544025, 0.006604224737993805, 0.006516426126224667, 0.006386658123099089, 0.006550369477308404, 0.006562342698379232, 0.0063274480552028495, 0.006512556386687602, 0.006382426231398353, 0.006577177119422386, 0.006068096455583886, 0.006516641566941151, 0.006057849782894073, 0.006142188109506008, 0.006250697559918078, 0.006269098296694261, 0.0062715029748771555, 0.006195150001481111, 0.006045908000023192, 0.006169244161968817, 0.005963278920339128, 0.0061614109159666445, 0.0058477392551395165, 0.006271929099061566, 0.006001532924988632, 0.006329527461891791, 0.0058044041290360665, 0.005883481152318227, 0.005824242300803656, 0.006911910870013318, 0.005925944859135726, 0.005895713964087155, 0.005806723408513068, 0.005758969957388704, 0.005924573633887733, 0.005470185281129459, 0.005889838997062183, 0.005585924130836129, 0.005579956239396387, 0.005976718783889617, 0.00589450492415582, 0.005696436901523789, 0.005795311369875558, 0.0054890688074680834, 0.005493642909937982, 0.00531387690534533, 0.005573513057208665, 0.005516306579035238, 0.005631665395395033, 0.005653664608046069, 0.005369266837564764, 0.005682595017605796, 0.0057215463768440335, 0.005508656224072009, 0.0054192775079250945, 0.005347256461068372, 0.005119735414390718, 0.005455550709924528, 0.00542301230027702, 0.005533195505479377, 0.005100767056311836, 0.005237443883782288, 0.005443642727101046, 0.005099613232088662, 0.0054565240004764565, 0.005415669809799819, 0.005464385581539311, 0.005276958705602865, 0.005417434914278336, 0.005214519232023526, 0.004975543980570496, 0.0051734592384614425, 0.005294604339281528, 0.005297251516820143, 0.005110517593061344, 0.005081829381762931, 0.005098250873288882, 0.005355228001955619, 0.0052192406558928504, 0.0049907618745872705, 0.005075725229735724, 0.0050458646700685785, 0.0048024688043027605, 0.005031923988987423, 0.005160619023638526, 0.005033848734473332, 0.0047920945569690015, 0.004874207011174119, 0.004847702936674082, 0.004789727368917243, 0.00478996669286895, 0.005018031543830381, 0.004972622202434881, 0.004873186328612042, 0.004948797347378319, 0.004984248014082587, 0.004696747228192277, 0.004898618586637294, 0.004920669995811123, 0.004778349175525427, 0.0050751545933917985, 0.004971999766853322, 0.004867716056975157, 0.004904822344263863, 0.004906212499990403, 0.004947108824914064, 0.004927474392733888, 0.004794814860762375, 0.004808721402847601, 0.004889419199134141, 0.004808971733440257, 0.004782103636693353, 0.004850224413350992, 0.00481181384914956, 0.004731049150560823, 0.004774026946600722, 0.004494898276419999, 0.00447146694610902, 0.004427263368237636, 0.004420369502717656, 0.004579549281959338, 0.004696976324366748, 0.004215760872763058, 0.004583314345655302, 0.0045233074795759535, 0.004616094427754274, 0.004434846930297576, 0.004518959102950143, 0.004495100204406851, 0.004607351095869946, 0.00438086323594951, 0.0045269211915229925, 0.0043920149581650044, 0.004594661560413063, 0.004450092559181186, 0.00448884818298671, 0.004530460454665612, 0.004395971851162945, 0.004233909240209762, 0.004202194733147608, 0.004386600759773712, 0.004344482163655425, 0.004252625040585469, 0.004347176336121594, 0.004324523834061369, 0.004375100751025813, 0.00432844822034021, 0.004174166646296467, 0.004044796623995498, 0.004367952592899947, 0.004256320236978717, 0.004330791472146204, 0.004019168199669298, 0.004221157327091338, 0.004084121606190296, 0.004169498071846236, 0.004130581334923479, 0.004112619916632898, 0.004329392792517196, 0.004192691131251494, 0.003998375068917846, 0.0041188916510502774, 0.003903859782646742, 0.003975582211591979, 0.004107287939371962, 0.004063477948986743, 0.004014050909979097, 0.003863390094685852, 0.004001064966633128, 0.003953237245577044, 0.003988427641302641, 0.004061756374169846, 0.0038081225702962444, 0.003944399666041833, 0.0038682891233709897, 0.0038782817123248566, 0.003970140568118472, 0.004206891485978584, 0.00386235505800729, 0.003934556788950958, 0.003753898069312611, 0.004066867710487316, 0.004258718141589942, 0.003877074579060208, 0.003930322839884166, 0.003916453281953156, 0.003885202418123698, 0.003731360160813713, 0.0037604626000070323, 0.003792862634441958, 0.0036895381445081043, 0.003869450382926888, 0.003931198684354023, 0.003783448156194581, 0.0038570415038711244, 0.0036358256554466094, 0.004028645500726909, 0.003959822315798212, 0.0038356983252580855, 0.0037290649682276576, 0.0038758935310442373, 0.003649712846733201, 0.0037934478831928072, 0.003672675908837368, 0.00360639043765051, 0.0035825983035714533, 0.0035854218741042955, 0.0036042341249394936, 0.003510224935500604, 0.0036419766989452887, 0.0036530316460882672, 0.003457763495023819, 0.0036999864587067095, 0.003592873167960463, 0.003701624101674376, 0.003613611264803548, 0.0035020927870809443, 0.003628198966006364, 0.0033821190366319694, 0.003512754582209736, 0.003486874864016011, 0.0035305670883678986, 0.003553207264483484, 0.003474608209605052, 0.0034233231630258795, 0.003454408412936923, 0.003343606521295538, 0.003648616800606726, 0.0035258819184626534, 0.0034819481384905375, 0.0033691484307892035, 0.003342038724670339, 0.003324431814391464, 0.003352591108316157, 0.003371291362029299, 0.0033259273129656835, 0.003220112725480921, 0.0034510654210916716, 0.0035096304705368483, 0.0033612658675072145, 0.0034034657815699893, 0.0032752759013643866, 0.0033370255839657165, 0.003246114939448801, 0.003195251939404392, 0.0034298746752155847, 0.0031771306759942612, 0.003236609222943594, 0.0031955839905483787, 0.0033006352870039763, 0.0032768522413977054, 0.003231125027517175, 0.0034384975864592757, 0.0033021563064108417, 0.003292029449289861, 0.0031849897248586623, 0.003386876716430875, 0.0030821701913675294, 0.003150672638392173, 0.0031726535681620037, 0.0031731790127399874, 0.0033090472937548254, 0.0032028771558024875, 0.0032339520461499255, 0.0030265911106908765, 0.004584167603839178, 0.003249528248730263, 0.003118855415747658, 0.003278536496229271, 0.003157892549972732, 0.003168743507579407, 0.00323742855080724, 0.0031910610849079355, 0.0032347515576923547, 0.0030087467752322027, 0.0031439215189915924, 0.0030568161604972556, 0.0030703340245815127, 0.0031361059017533457, 0.0030201335531295404, 0.0032258531675430344, 0.003098492691989234, 0.002830906883786988, 0.0031517940777419803, 0.0031067841279197555, 0.003014464823764286, 0.002896749970490261, 0.0028212981344731894, 0.0028508606614666117, 0.0029179539278870533, 0.002940982615906611, 0.00315054472657488, 0.003402600977369998, 0.003020360371414235, 0.003018642999158024, 0.0027323273706346195, 0.0028918175323379676, 0.0028960886913772872, 0.0029323426050610513, 0.0028964651010977296, 0.002878693759018153, 0.002848502027963262, 0.002897135637776363, 0.002783451187650238, 0.0028906282492487524, 0.0027113897636639735, 0.0028178991340012745, 0.0027417707974636456, 0.002766170582623826, 0.002710268940604063, 0.0027432370578086246, 0.0028397574976725477, 0.002762907164248818, 0.0028172755637482613, 0.0028773834183259935, 0.002804245538137269, 0.002835217614701747, 0.002875613237430293, 0.0027817473601487734, 0.002665760196438939, 0.002703516400938066, 0.002617018741150688, 0.0026949845634404316, 0.002710412024210721, 0.00268919809758694, 0.002593062485266345, 0.0027681952924887674, 0.0027867005999683563, 0.002841952529631794, 0.002565842213538259, 0.0026556140213040923, 0.0027155267805501386, 0.0027419975510006517, 0.0025843627825083895, 0.002530779728649976, 0.002587544051658579, 0.002369699086323203, 0.0024771419104821055, 0.002532656535451538, 0.002582787320860831, 0.0024155839958444046, 0.0025703318198998216, 0.0024837690884700727, 0.002652159615634407, 0.0026552972587166627, 0.002367543895112475, 0.0026521440612025035, 0.0024732112373414823, 0.002526974872927065, 0.0025654674063378727, 0.0027168133796105216, 0.0026610575272978183, 0.0026815423219781103, 0.0025404287117966992, 0.0024447863009381156, 0.0026195917101614805, 0.0025146005978368947, 0.002570190547599431, 0.0024952677922717562, 0.0023730649525250153, 0.0025280614575385633, 0.0024520827265362612, 0.0024559115945081327, 0.0025046732715698814, 0.0024239013462027093, 0.0023575762882099612, 0.002508173417473196, 0.002397301430506128, 0.0023723843698946474, 0.002484369805855491, 0.0023561335751532747, 0.002505111637715876, 0.002402338691193986, 0.0023133616770621046, 0.002390267103158571, 0.0023345486431427327, 0.0030232680909930364, 0.002315981157693859, 0.002359803211408686, 0.0024321192634963523, 0.0022976429444912408, 0.002348865603514825, 0.002231752262521146, 0.002309989327239888, 0.0022707360277939657, 0.0023393198331520663, 0.00231385829023348, 0.0023766271768294613, 0.0021956480393373837, 0.002342459670628577, 0.0022672391228590978, 0.0022718274822460384, 0.002199130958527208, 0.0024059016570463967, 0.0022436687861475627, 0.0022022351215881847, 0.0022831807678475205, 0.0022177895197413636, 0.0021257777558511344, 0.0021821039152654788, 0.002163050098448482, 0.002549416689084337, 0.0021327982317551368, 0.002118768920616446, 0.0021766067915185935, 0.0023041713662806103, 0.0021463834500826113, 0.0020524997347500687, 0.0022761238824735267, 0.0021433069327114504, 0.002200697658782581, 0.0022386505483136536, 0.0022033810460638133, 0.0021069646076988455, 0.002383607093005551, 0.0020857886375841993, 0.0022047035253032667, 0.0022308916900060406, 0.0023585860591534375, 0.002243261375988851, 0.002096845887082697, 0.0020076734693402643, 0.001968852802085725, 0.0021476943077810406, 0.002053979594596983, 0.0020521174341700007, 0.0021971893232797185, 0.002112849225489558, 0.0019913937271264694, 0.0020904193243810975, 0.0020339090219215, 0.002161332481164967, 0.002018413248106042, 0.0020056951056635496, 0.00198144287069794, 0.0019490791977312084, 0.002052584220782944, 0.001973450054849812, 0.002398552300957314, 0.0020851785559509676, 0.001890753741106735, 0.002051863575672236, 0.0020602310129652986, 0.0020233502293277206, 0.002013529859864895, 0.0019979178983741542, 0.0020383932724837546, 0.002004623397232414, 0.0019182498957600854, 0.0020120413765399884, 0.0021306972313282742, 0.0019429462286089992, 0.0020490461502725536, 0.00197151356421213, 0.001909244037383994, 0.0017688079435627792, 0.0019461286809991487, 0.001957867806039355, 0.001992842169329934, 0.0018522197730154058, 0.0018424729707608486, 0.0019407684901147594, 0.001856684047044757, 0.0019722467926974754, 0.002018670173485025, 0.0017824025556389025, 0.001690140773305743, 0.0033621908533537468, 0.0019951024132164982, 0.001997402463502339, 0.0019895383741837633, 0.001801982378414735, 0.0017274142480116943, 0.0017781068015084625, 0.0018583220995210827, 0.0019594247277882554, 0.0018863536142215622, 0.0019746900886502303, 0.0019092420673566307, 0.001870381810716376, 0.0018330838575464302, 0.0018434265805296402, 0.0018045429599728858, 0.0017390501126687773, 0.0018672972463118958, 0.0018721566040135668, 0.0017758158615730623, 0.0017982289816088272, 0.001797637875306732, 0.001729463658020748, 0.001675878777727101, 0.001742179451781267, 0.0018659824877177537, 0.001963786714895877, 0.0017914401883366252, 0.0015957090407864186, 0.001758883289381096, 0.001864156653692263, 0.001687123704911436, 0.0017361825119480276, 0.001735810337384857, 0.0016676295216891193, 0.0017537232784702135, 0.0017872554103980315, 0.0017456468823586063, 0.0017002585539415548, 0.0017919864051404112, 0.0017102400268186886, 0.0016454475992930889, 0.0017217136778757344, 0.0014911012229491525, 0.0017813158270655633, 0.001755430553487547, 0.0017278463715021122, 0.0016044776204064233, 0.0017056453461235653, 0.0016812511251970365, 0.0017163921593021402, 0.0018667309421383288, 0.001656552798648645, 0.0017238401039831332, 0.0014819909424246104, 0.0017217817798202632, 0.0015908169452414815, 0.0015939043224650425, 0.0017048832156491478, 0.001581665437338433, 0.0016320768110955044, 0.0016286439812742417, 0.0015013472030254481, 0.0015475587174785103, 0.001519642471528547, 0.0015865370502550422, 0.0017023571695549639, 0.0016281078101033492, 0.0015933725444650332, 0.0015749416465831042, 0.0015401430326245742, 0.0015773269415424972, 0.0015132721202581996, 0.0014285997859518863, 0.0014839117870925971, 0.0015539235322296968, 0.0015346129720819794, 0.0016130157941269187, 0.0015535242426946406, 0.0028539731065154884, 0.0015255489105867404, 0.001501842623494213, 0.0015597216174085221, 0.0015225166205317493, 0.0014677787082404774, 0.0015739493938980815, 0.0015098926775142358, 0.0015860958004411693, 0.0014426548415141709, 0.0015330095217162042, 0.001399546041831038, 0.001311079580728648, 0.001384583041680374, 0.0014789798034558052, 0.0015020156401605324, 0.0015154922393642413, 0.0013928301789694528, 0.0015122527092070724, 0.0014936329789694148, 0.0014390755003312683, 0.0013797668299554591, 0.0015423291851744852, 0.0013477992980431403, 0.0014223781248114372, 0.0012747830528871682, 0.0013362710268579713, 0.0013617604284525387, 0.001409548084243357, 0.001433826532432269, 0.0013727840971140687, 0.0013781710840802654, 0.0014986111818372921, 0.0014522011493952104, 0.0014074767872267768, 0.0013564880618128978, 0.0013326231142978117, 0.0014140077613704306, 0.001235908278039029, 0.001344553733820081, 0.0013443669973617256, 0.0014459304725096926, 0.0012478501254356894, 0.001407165341042456, 0.0013961016908792157, 0.0013777844316030926, 0.001451236379926933, 0.001447952792665066, 0.0013879514743851005, 0.001432475902622657, 0.0013961356174667144, 0.001437819544623409, 0.0013049516498863578, 0.0028825540325527893, 0.0013252068047475305, 0.0013781209459409144, 0.0014196439342619891, 0.001398905856906837, 0.0012087429227438955, 0.0012480766030666904, 0.0013422514534426175, 0.0012830580418134508, 0.0013204519305410557, 0.001281487039855267, 0.0012922746491226746, 0.0013481419013048911, 0.0013117670620009724, 0.001215686777029951, 0.0012425698248146038, 0.0013520553058872754, 0.0012871799407479232, 0.001363021475515227, 0.0012585863600625526, 0.0012310672054978804, 0.0013392336844160052, 0.001229497437381395, 0.0012463788468137086, 0.0012117036658828811, 0.0010682908123598048, 0.0012774229722928214, 0.0013187357275132748, 0.0011931921952864563, 0.0011270862645115206, 0.001310914899500304, 0.00126177761818512, 0.0012382501723917805, 0.0013809358000719284, 0.0011469067101380973, 0.0011646657998638456, 0.001273123255456994, 0.0012914856003064844, 0.0012893909381429675, 0.001270414338947374, 0.0012570151688656847, 0.0010431011888003697, 0.0011637222845667155, 0.0011387643350397993, 0.001113938731702818, 0.001110123144008133, 0.0012234271393785656, 0.0011496592235456385, 0.001243204665925361, 0.00117922629474933, 0.001141218673996139, 0.001197989020905999, 0.0011327350739396393, 0.0010991651649196422, 0.001099225727876866, 0.0011140877639710764, 0.001128908100071178, 0.001164926458461453, 0.0010682877661728778, 0.001168773436482851, 0.0012364688966028001, 0.001164739716926781, 0.0011993786618158628, 0.0011245676733658066, 0.0011030281535689705, 0.0011170840549069299, 0.0010772124501960063, 0.0011834119122333155, 0.0010972408101895753, 0.001217215646558798, 0.0010839829764935293, 0.0011515163736813038, 0.0011357795922467334, 0.0013119712885857062, 0.0011322334995502623, 0.0011165921191552827, 0.0010786895361355202, 0.0011085728038190597, 0.0010810996367257826, 0.0009228620456417553, 0.001055267406053205, 0.0011692341101321513, 0.0010999536171830205, 0.001051208863262755, 0.0010728172778576885, 0.0010427583477135326, 0.0011113288197508388, 0.0010684928869185617, 0.0010156536019237778, 0.0010400203254191116, 0.0011285060286846788, 0.0010124591994889098, 0.0009972498789121368, 0.0010109021028676837, 0.0009866039376524485, 0.0010542326025298236, 0.0010481708602851174, 0.0010640254564293677, 0.0010738972855345466, 0.0009824531502871138, 0.0009671167111939448, 0.0010216994277876717, 0.0009545071493048361, 0.0011032570120776799, 0.001040782451099938, 0.0009627086244250741, 0.0010344927500782494, 0.0009472291086445528, 0.0009924308897868246, 0.0010178404068477977, 0.0008962645345939849, 0.0010376199932128265, 0.0009389514324033535, 0.0009529835801635691, 0.001010966030736961, 0.0009034481262245556, 0.001103873040297329, 0.0010938652587126818, 0.0009934821205270581, 0.0008262742375295431, 0.001010903370374128, 0.0010598450237628793, 0.0008870540039304451, 0.0011893112250265035, 0.0009544727874311545, 0.0009784164009370734, 0.0008788020337191355, 0.0009685309962139282, 0.0009238270417007439, 0.0009453180303648796, 0.0011921501504477362, 0.000846097609096173, 0.0009322512796510026, 0.0008531344802730218, 0.0009846426284955646, 0.0009696508902226439, 0.0008832101928851776, 0.0009020620576470847, 0.0009179993222186183, 0.0008069764180466563, 0.0008528352139812043, 0.0009529522836354259, 0.0009932648076968456, 0.0010007024444369686, 0.000919925241500785, 0.0009187082346617429, 0.0009912422961820123, 0.0008402923940444447, 0.0009730442585619823, 0.0008662091853286581, 0.0009418602600072885, 0.000913833380528975, 0.0009897974876855629, 0.000916303722928691, 0.001095778008234208, 0.000940209743090769, 0.0009586046573436319, 0.0009815706637838865, 0.0008842248150214301, 0.0008841498476420794, 0.0008683252038707381, 0.0008967155187097487, 0.000812569681883564, 0.0008958564294509835, 0.0008780972982022975, 0.0008292973082903218, 0.0008565578300055852, 0.001036718524649717, 0.0012023023024262105, 0.0015717563194972194, 0.0008182025517499407, 0.0008588002395493468, 0.0009176365418520175, 0.0008584298246406787, 0.0008052739063934049, 0.0008156365182765593, 0.0008013092124421072, 0.000845363406748737, 0.0007943453888362933, 0.0008411910996615249, 0.0007970744845518094, 0.0008320983346211477, 0.0007546113455391201, 0.0007941641402172871, 0.0007760953045202686, 0.000756555476099839, 0.0008714643162395301, 0.0007581862221748518, 0.0008500733374543458, 0.0007923322341377166, 0.0008350378927900953, 0.0008197344974675201, 0.0007559967217361344, 0.0006534997017074586, 0.0007708240627034016, 0.0008634694765044602, 0.0008622474758101322, 0.0008483744125439434, 0.0007990962444636156, 0.0006950373177250658, 0.0008205296668110425, 0.0007325720198752523, 0.0008371291129907688, 0.000775811265232082, 0.0006534170203571168, 0.0007103910037392916, 0.000675437176690934, 0.0007290832106074535, 0.0007286357914814319, 0.0007915423867863474, 0.0007121480766385688, 0.0007896365688878294, 0.0009801978445100853, 0.0007036058528972002, 0.0006731644730715815, 0.000864513737762869, 0.0008002863550375588]