Model Setup for Melancholic Patient 5:
ITERS=2000
LEARNING_RATE=0.001
OPT_RESET=None
ATOL=1e-05
RTOL=1e-05
METHOD=dopri5
Input channels=2
Hidden channels=32
Output channels=2
Runtime=302.3293397426605
Optimizer=Adam (
Parameter Group 0
    amsgrad: False
    betas: (0.9, 0.999)
    capturable: False
    differentiable: False
    eps: 1e-08
    foreach: None
    fused: None
    lr: 0.001
    maximize: False
    weight_decay: 0
)Loss over time=[1.526243971738397, 1.4963988756649358, 1.463977191165151, 1.441683933806756, 1.4151549569977666, 1.3841761226044957, 1.3543787111839778, 1.3269519611007676, 1.2992894704518951, 1.277608132854911, 1.2470222162426097, 1.2225129575355609, 1.2046301404066437, 1.176367325160645, 1.1424415584645946, 1.1120680405463717, 1.0848198131883888, 1.0572633693617783, 1.0308792850423212, 1.0086670138000229, 0.9812232335444953, 0.9558637175791986, 0.9354899554101851, 0.9170575544156413, 0.8789981746231755, 0.8575368674777922, 0.8369313891956125, 0.8245524294579357, 0.8017083321336724, 0.7877117522437994, 0.7575962055384206, 0.740011140040393, 0.7161320771845474, 0.7010988725038654, 0.6858735008581995, 0.6616092917186202, 0.6468832235626908, 0.6319465153864514, 0.6156158312908026, 0.6066724691641582, 0.5804866184961424, 0.5627881527937314, 0.5433036253135611, 0.5351469156562776, 0.5165003234461141, 0.4985183792894656, 0.48796712982133156, 0.4760096637214967, 0.45733159368358883, 0.44759095460105186, 0.4319244911032298, 0.4183682011863508, 0.4047351410510272, 0.39619403896180005, 0.37917537831411413, 0.368148894382959, 0.3577982086948665, 0.3513818367623998, 0.3354259565147722, 0.3324274757924051, 0.3239525224953767, 0.31717844123965855, 0.3107648511874015, 0.30232760541642, 0.2959324946549547, 0.29224437818039556, 0.2861152808555944, 0.2798006832528784, 0.27433920385615623, 0.2713730523559362, 0.26859305561603464, 0.2627743140329146, 0.2578016613171774, 0.25432223599820225, 0.2503024905991667, 0.24689407228523352, 0.24432026888485517, 0.23967798514308614, 0.23614962015877108, 0.23249975925756405, 0.23191589391066386, 0.22757148495169907, 0.22461094538288087, 0.22199578750140933, 0.21769233958491202, 0.2169037394286413, 0.21306291712818723, 0.2129961502188846, 0.209568413555673, 0.20814263631351182, 0.20517516597910862, 0.20083867877995162, 0.2004179431109319, 0.198704677396264, 0.1963185907749447, 0.19498383281603565, 0.19155434680647299, 0.19003495154813901, 0.18763717364925495, 0.18642646423690357, 0.1838048725263393, 0.18218860360878383, 0.18934420214524492, 0.1793046635235098, 0.1756080625054443, 0.1745249938129246, 0.1733812852203127, 0.1727774986126225, 0.17132491652740683, 0.1688467856463785, 0.1675451450246861, 0.16582911927989394, 0.16375501059546047, 0.16407246391879715, 0.16263104345429097, 0.16146230889646543, 0.15791524775602916, 0.1575688705004092, 0.1563511717769328, 0.1560933010435651, 0.1536156252239498, 0.15262235031616198, 0.15036256507464, 0.14939032180417297, 0.14865886134352013, 0.14716938159147083, 0.14503821564091626, 0.14424657656841133, 0.1432081778815732, 0.14266637627169043, 0.14055233252624352, 0.14047491049842117, 0.1399452271393313, 0.13714617728036485, 0.1373747735808809, 0.1371920565026012, 0.13474915490501865, 0.13368357262724678, 0.13288228254412404, 0.13166405411453586, 0.13243112376532784, 0.13072273753617092, 0.1289319938261493, 0.12783929424589335, 0.1265886108349973, 0.12718464541856886, 0.1259066012402978, 0.1246712984762879, 0.12297829534486442, 0.12266401280222623, 0.12187138965334551, 0.12190643964430493, 0.12087180760572842, 0.1212162047288974, 0.11926465417645504, 0.11810038933121723, 0.1164141032781722, 0.11701048174002046, 0.11569059574905656, 0.11473815868186006, 0.11442625171651238, 0.11374115241764195, 0.11175263186079819, 0.11118074436289406, 0.11121501029778309, 0.10853528444827276, 0.11006650858542466, 0.11032980626463584, 0.10804758382176863, 0.10721926648672399, 0.10609961341208783, 0.10596529269742083, 0.10532948792845974, 0.10593218864211859, 0.10439463615857596, 0.10460171138002033, 0.10388618304934422, 0.10257043101407647, 0.1020745951964685, 0.10176734652177921, 0.10205110657585119, 0.10056748056768075, 0.09997922165375069, 0.09907685535770935, 0.09871285411038096, 0.09799172902739563, 0.0973479769346178, 0.09596019109119315, 0.09589875078217443, 0.09547464304279685, 0.0929959754326184, 0.09494655252935245, 0.09366948847343787, 0.09334941280480401, 0.09224058634277316, 0.09219170668288806, 0.09189012124893306, 0.09219364969040084, 0.09163276745228303, 0.090057449800063, 0.09065911608933576, 0.0895337262877332, 0.09382432039836021, 0.09121042949845003, 0.08872775316904981, 0.08972771478442708, 0.08761561905383757, 0.08732574838787323, 0.08753514615178522, 0.08635619211080765, 0.08610320252222387, 0.08500796592291472, 0.08465932423043165, 0.08394968851642247, 0.08345816715196923, 0.08326122625877964, 0.0814465618630331, 0.08330243985393676, 0.08333716969937612, 0.08241240006481763, 0.08314060106376939, 0.08114955930275426, 0.08154108629819512, 0.08057670322404603, 0.08063241713042729, 0.07972916842224802, 0.0798068795684178, 0.07894169265292637, 0.07928601407754866, 0.07897743032801954, 0.0784384459273241, 0.07742048331252818, 0.0777901301916447, 0.07698998343569867, 0.07707105834306797, 0.07638286095198024, 0.07603236944707387, 0.07555168866279362, 0.07531854892789848, 0.07548299220872151, 0.074883538130271, 0.07493667209938777, 0.07430891447970961, 0.07499014169302237, 0.07452640085134131, 0.0736458537396137, 0.07337732336734347, 0.07319732288508628, 0.07313122311885176, 0.07243609499243607, 0.07270912672841785, 0.07245257049542601, 0.07123280062118441, 0.07130584401875686, 0.07137181396872949, 0.07212258872186134, 0.07089080996304685, 0.0703495782830175, 0.0696944504615032, 0.06921416722890093, 0.06949342016116793, 0.06943553094947928, 0.06857297740888699, 0.06869028000364098, 0.06913487312070427, 0.06867265022713752, 0.06837224764290149, 0.06749792903030127, 0.06777579337204842, 0.06697364087794325, 0.06756926911950646, 0.06692729846313815, 0.06731209398342643, 0.06678050742803125, 0.06676845172532912, 0.06643053213733237, 0.06604133438557644, 0.0653967539747874, 0.06566645306490802, 0.06545741686876295, 0.06529845765870296, 0.06519489339892927, 0.06479591133454671, 0.06508154746983882, 0.06412598459708148, 0.06417304134958339, 0.06431629241027102, 0.06381128234139838, 0.06431533512974387, 0.06347082585561942, 0.0633873941148836, 0.06284311502042378, 0.0631478316200179, 0.06349783492722393, 0.06223283951796843, 0.0619762725594577, 0.06255473072379103, 0.062235017801080136, 0.06199678318734132, 0.061206366065669156, 0.06136803756101843, 0.060655855937554966, 0.061780233184949296, 0.06124066534662536, 0.0610626072397708, 0.06085969782328879, 0.06019639540843005, 0.06014858661358697, 0.05985210983448896, 0.06007125154478599, 0.059613433258208934, 0.06035625730544112, 0.05888597196444618, 0.058841241898931466, 0.05918210038572238, 0.05904761375247227, 0.058650302965587334, 0.05882869351319565, 0.05833380667173807, 0.057798347936034736, 0.05777717037857233, 0.05766302476787215, 0.0578136082543758, 0.057183636041056446, 0.057505986305079256, 0.057894736847230927, 0.05744737612567486, 0.05707619027179366, 0.0565306327373252, 0.05660478018067479, 0.055991463528309436, 0.056258584899624965, 0.056082552163023026, 0.05590689014979513, 0.05593552956760281, 0.057366690381096055, 0.055942158576019405, 0.05532174696633363, 0.05490641572969918, 0.0552648970250696, 0.055267723654809815, 0.05517139686966787, 0.05458364853386912, 0.05519243475921169, 0.05481354338005959, 0.05431223176631588, 0.05434185603254469, 0.05414472857693789, 0.054475699599898404, 0.05397366444804472, 0.053433548654476096, 0.053374448716448294, 0.053431216239357586, 0.054160016293067686, 0.053171224464981924, 0.05326729151003685, 0.05325260335033099, 0.05260757232597337, 0.05318674854002663, 0.052018730687387466, 0.0520937168800339, 0.052023511099850546, 0.052858921198455054, 0.0515573895848587, 0.051731154417243956, 0.05168171097677206, 0.05190638276680823, 0.05112801911881538, 0.05101208999414868, 0.049945366944488256, 0.05102316385827635, 0.05150616788572151, 0.0503219201745227, 0.05063234701458301, 0.050193196998244316, 0.05075107120344095, 0.05016335956219675, 0.050073733265806636, 0.04939825776252996, 0.04930336722841215, 0.0495878662160295, 0.05010623252816333, 0.04891801342182813, 0.04992660344372746, 0.048900482588739774, 0.04929593762124886, 0.04878205356003091, 0.049021496049251476, 0.048477673624394764, 0.048400323053727684, 0.048995342773233655, 0.04810924753345907, 0.04834010466617198, 0.04824238800811937, 0.04829833761702252, 0.04809321175716861, 0.04756128833196141, 0.047498845449799425, 0.04757014976759049, 0.04727701458945594, 0.04745689111493124, 0.04673634002475336, 0.04730603890148943, 0.04640834352355585, 0.04637803788677484, 0.046642409256638435, 0.04638483950396053, 0.047131565271793456, 0.04651739836215183, 0.0462493379072969, 0.04575310987379893, 0.046053424333821785, 0.04650795121347422, 0.045722817195123285, 0.04572345640852771, 0.045470732564870976, 0.04569917729294549, 0.04522509052490125, 0.045203327876150945, 0.04523149817697569, 0.04457463633544912, 0.04498157635471302, 0.044417845508892766, 0.045418850697584306, 0.044423982725602974, 0.04533431739866641, 0.045447145178415145, 0.044073431339696156, 0.04434188852915023, 0.043871992310889146, 0.04403731467131508, 0.04346653821524348, 0.04447807623093824, 0.0434431011729487, 0.043357609780603455, 0.043473102702353876, 0.04582266083005975, 0.04379666684703791, 0.04309192114541822, 0.04328858415178248, 0.0431472201898694, 0.04314883970723699, 0.042678964456477314, 0.04316409971601545, 0.04271857420982938, 0.042693839093075385, 0.04213992736119148, 0.042056493248443676, 0.042329363922100155, 0.04210875869547451, 0.04190349484540831, 0.0420417130910857, 0.04204536224237171, 0.04209030285184089, 0.04157677662865743, 0.04133473385899192, 0.041113862917820626, 0.041039960483722535, 0.041112255028256404, 0.04124169769414376, 0.041125045720821214, 0.04081182868269948, 0.0411522491000205, 0.041048480821100124, 0.04090725987134288, 0.04150735884921385, 0.04011237503863021, 0.040373585625458, 0.04020665349791462, 0.04092774643057506, 0.040318524719646226, 0.03986599193661503, 0.03980803736493087, 0.039503696746843446, 0.0394201970334372, 0.03989503020837614, 0.04004171979591728, 0.03903895340666879, 0.03909072535339617, 0.03953164061534845, 0.03971938786588642, 0.039146932723807655, 0.03927017530366916, 0.038710425622039434, 0.03904809327822772, 0.03892114970645699, 0.03896934796441926, 0.038456812847573484, 0.038472788703032106, 0.03859580306535679, 0.037985716928971035, 0.038521226087423414, 0.038274704292807014, 0.03804212229126506, 0.03759963622475836, 0.038226102613100305, 0.03809613385766997, 0.03774286296514544, 0.0375783668149384, 0.03799442248567929, 0.03724583230365723, 0.03725065826004221, 0.037194304596426184, 0.03750650836026763, 0.037178152818626825, 0.03669645637051494, 0.03729494836572912, 0.036784977821886895, 0.037110858787261794, 0.03666823974525501, 0.03681492182212021, 0.036241215528890695, 0.03627540109021821, 0.036137597272015355, 0.03593487380075132, 0.03641160789519205, 0.036045690723917605, 0.03616160577922732, 0.03612386425747333, 0.03629613277738003, 0.03565103554348393, 0.03589545185549043, 0.03551030252083293, 0.035714239742943604, 0.03533392875777917, 0.036191243985605276, 0.03546603248449232, 0.03555601502460423, 0.03524335153553515, 0.03490536229737564, 0.03603868892435472, 0.03569212966763383, 0.03534004674478354, 0.03551757810209349, 0.035103555259121316, 0.0345948867426312, 0.03536111348893703, 0.03521800128358759, 0.03523701732541995, 0.03475484819951725, 0.03484414353091126, 0.03482435805190723, 0.03495303875396193, 0.034445731207642, 0.03401455816937887, 0.033985732185038635, 0.03449400998607982, 0.03428566878612876, 0.034343682709564845, 0.034008823539961604, 0.03370158674023391, 0.03379097506992322, 0.03453375540662476, 0.03385833082207841, 0.0337073517373628, 0.03450867912340772, 0.03372395940492218, 0.03408416260234071, 0.03390233929846637, 0.033415284482743064, 0.033738907389655966, 0.033349462291869254, 0.03296067641635518, 0.03274532794821044, 0.033074455777567714, 0.03304515437679887, 0.03358133960417446, 0.03328433079615604, 0.03300932712244206, 0.0329128677729657, 0.033353201937682125, 0.033218976329225984, 0.033457891430260074, 0.03260096335286703, 0.03248585060950194, 0.03260082135530974, 0.03240000773013025, 0.03215457694238498, 0.0325831404369688, 0.032433532076780285, 0.03281083821669448, 0.031961118366351404, 0.0324459855412024, 0.03222571304817969, 0.03181937096283676, 0.03182779081864302, 0.03167121594493393, 0.032083309064262745, 0.03211956418751674, 0.03178021208024381, 0.031512053080024874, 0.03163008972622286, 0.031792662912844126, 0.03163974273544303, 0.031710527948939526, 0.03123326731079621, 0.031196170414530912, 0.03112275494942747, 0.031028311328504643, 0.03123840944173366, 0.03182216014766284, 0.03107694439658648, 0.031391541569675004, 0.03128682296307877, 0.031039138150128074, 0.030916513264285985, 0.030607110140612594, 0.031587139675973264, 0.030681948160235204, 0.030957123963022457, 0.032078584355479174, 0.03037208343916715, 0.030754748829685517, 0.030817077451191773, 0.030442692294652015, 0.030238633291058095, 0.030274164670679136, 0.030703175662129937, 0.030317519992187746, 0.03002260854528601, 0.030220172417196486, 0.02991441198454625, 0.02965532710116625, 0.030030456913559492, 0.029902868309820554, 0.030217950163338624, 0.030236610646567144, 0.03043833123099361, 0.030010869491045537, 0.02952368952392579, 0.02964772391912003, 0.02980558851977089, 0.029716914804749937, 0.029376388977581314, 0.029277141591420097, 0.029357129198390987, 0.02965517212563823, 0.02939377831874374, 0.02921936837091732, 0.030255718662571398, 0.029121652652555185, 0.02920830078404775, 0.029249299205048294, 0.029394798169999084, 0.02897277048211325, 0.028899433430575883, 0.028780897644211708, 0.02890962995218532, 0.029529467209521897, 0.02859381170192217, 0.02898274989183933, 0.02857769937609064, 0.028475672412261968, 0.028737206427444203, 0.028490795454441976, 0.028510746688462027, 0.028612120223914718, 0.02852989426648298, 0.028514274590529277, 0.028304856404095483, 0.028115083870313865, 0.028433247208992433, 0.02833536393279507, 0.028247848871601446, 0.02834231650233502, 0.027945587363571334, 0.028022515351462097, 0.028126142514424957, 0.027922147409733745, 0.028217735591380612, 0.027949773086208208, 0.027747114756255475, 0.02772546870060116, 0.02823882008880363, 0.02746103510601589, 0.027653188668969264, 0.027673815088872546, 0.02749011020496012, 0.027982555338778206, 0.02766392687464336, 0.027448447567438253, 0.028106096528712633, 0.02739897729838434, 0.027481841038879063, 0.027424370857570247, 0.027680833197224905, 0.027052744357223966, 0.02728778482658972, 0.027403480171720836, 0.026997139563801623, 0.027513197511200002, 0.026916327746536847, 0.026928875866123202, 0.02689005212375423, 0.027146783575507906, 0.026956017016739373, 0.026798026521970306, 0.02712248254763279, 0.02686209123207256, 0.026723359132767906, 0.027042048319780035, 0.026627538424922492, 0.026561352972454575, 0.02665004941636079, 0.026811498722576613, 0.026041728107072882, 0.02673871460572238, 0.02657795847587573, 0.02670116778053887, 0.026608158791419593, 0.0264184979490784, 0.026392710760002217, 0.026285649825624802, 0.026204806916361126, 0.026439850077254193, 0.026143997621027273, 0.026880648807330435, 0.026047575513681406, 0.026138692786859864, 0.026206563665316672, 0.026183962354539844, 0.02624323038038059, 0.025919400337311212, 0.025933777878792495, 0.02581657992000906, 0.025858843911617947, 0.025892506954385955, 0.0257825175028875, 0.025816035818401625, 0.025668976258982113, 0.0256171462656289, 0.02542876463797625, 0.025700712606964115, 0.025868207850598648, 0.025679569146551492, 0.02585588818859961, 0.025542790291530372, 0.02547451409946676, 0.025155437935505533, 0.025557166520994087, 0.025291344609750622, 0.025203396563300465, 0.025132503882286803, 0.025524565185185352, 0.02503568682230085, 0.024925087488848273, 0.025245789785790416, 0.025054210660669162, 0.024944946437164082, 0.02541623916454431, 0.02486787269212989, 0.02486053095943954, 0.02482594786014073, 0.02474544377287825, 0.024853366291405908, 0.024817351046895298, 0.024698530069331884, 0.02467682193111752, 0.02457722755074104, 0.024835093080005432, 0.024665989013319674, 0.024716369828520345, 0.02455686304535518, 0.024662320420312456, 0.02428712863098724, 0.024351271171730228, 0.02441370618600195, 0.02438875289589505, 0.024363998974236335, 0.024641612569754487, 0.02442893594511033, 0.024352182546165238, 0.024471952307978585, 0.024158926170348347, 0.02422365578915174, 0.024077608436776712, 0.024096121622894505, 0.023880443148861383, 0.024257085620281223, 0.023882596617461126, 0.023726435391417555, 0.023829950499676376, 0.023930651797938584, 0.023825170376911967, 0.023621674782460748, 0.023572576669645098, 0.024040584756279015, 0.023894548508838175, 0.023485853780466946, 0.023532697616364884, 0.02357136534772881, 0.0234204315020949, 0.023413422450598017, 0.023916435437657247, 0.02335283573234437, 0.023502275947478436, 0.02357963222553253, 0.023329796519527546, 0.02334277183378058, 0.023231621308867967, 0.02345073367042858, 0.0231219679261398, 0.023202823198526536, 0.02343887849079126, 0.02310811883977083, 0.02314044545977267, 0.023237701253848133, 0.02305541724529172, 0.02316209415536262, 0.02311807643479701, 0.022831789759587596, 0.022712035721705, 0.02290978940401882, 0.022677295929539355, 0.02275744730861957, 0.02280821301435373, 0.02262733295958572, 0.022806149558920134, 0.022601057838603323, 0.02254849468823972, 0.022692648795887574, 0.02264764903592693, 0.022369385008003836, 0.022438071612758046, 0.022445763174919964, 0.022507499080072584, 0.022323375734357647, 0.02235682392713646, 0.022309681730044717, 0.022303787576810872, 0.022230313987609843, 0.0223926740594785, 0.022265804499199852, 0.02217533708232094, 0.02205298882230889, 0.02213484392504744, 0.022185063388763752, 0.022001819100586597, 0.022038991370216667, 0.02196222197461705, 0.022206797058434095, 0.021942052353241755, 0.0217249372171089, 0.02170036157275059, 0.02163340899511988, 0.021816698799116782, 0.022050709643848143, 0.021765172885893677, 0.02179531145964519, 0.02168867059098982, 0.02156976426266465, 0.02161688185337192, 0.021565224189171752, 0.021578860088336677, 0.02147393904519451, 0.021779404204834766, 0.02148088320729843, 0.0212227143776688, 0.021480723755257444, 0.02144218749529411, 0.021220427755553647, 0.02155304700062449, 0.021231999447274833, 0.02130145306722531, 0.021344190506134317, 0.021225052342029985, 0.021292435370093985, 0.021185718190490775, 0.021209537413673752, 0.0211632552755592, 0.02131545501804624, 0.020949581799495704, 0.021074944311779843, 0.02092883618292008, 0.020838524444322173, 0.020750778250539652, 0.020850310155728618, 0.021081700678955286, 0.020722935116446135, 0.020746130701975105, 0.020980674646180277, 0.02073054651725857, 0.02075269638741349, 0.0206302276380097, 0.020507163351203634, 0.020465180098258325, 0.020324925423809124, 0.020728918346198544, 0.02049446978071479, 0.0203738867362401, 0.020574401664341917, 0.020280358218988638, 0.02032709041710932, 0.020260245218021843, 0.020173434412001787, 0.020318545957800947, 0.020381092606711042, 0.020069562426238974, 0.02012144066906033, 0.02014020946417172, 0.020165238147415318, 0.020005956015105037, 0.019911484925548253, 0.01999387506338737, 0.019931571498717736, 0.020325249462244427, 0.019752971714363105, 0.019765420125667652, 0.019691059802677026, 0.019893676214434882, 0.01984938687261061, 0.01970185028519481, 0.01977956624688814, 0.01957267063499062, 0.019812377782715686, 0.01980328628731174, 0.019778775475150723, 0.019619613644248954, 0.019591495091990548, 0.01933496445693284, 0.019456669584186525, 0.019433191857068186, 0.019243133280380513, 0.019157538962152137, 0.01941192124769922, 0.019301241489288135, 0.019355178045294998, 0.019259524241730608, 0.01911489452392784, 0.019253017237057378, 0.019112563303877925, 0.019083588548805736, 0.0191024771875444, 0.018988172685572492, 0.018991989831434148, 0.018898848635993698, 0.01891305071575471, 0.01899136011958164, 0.018849330464578325, 0.018766938268100636, 0.018889031972768065, 0.018716524092514366, 0.018693684896194662, 0.018646985400146615, 0.01861912632445586, 0.01855861296621698, 0.01851924720532128, 0.01896515047685043, 0.018320680447285635, 0.01844564061819712, 0.01842986270439725, 0.018557677325920178, 0.018657071473282744, 0.018545280526965358, 0.01824802339529836, 0.01829446834387446, 0.01843753449848748, 0.018280688313321806, 0.018323349906752773, 0.018231135128789697, 0.018177193049037425, 0.01822760294770598, 0.018237395922009843, 0.0181419648866845, 0.018053893835043213, 0.01797617094308573, 0.017988744091030597, 0.01806339470633608, 0.017882737387268186, 0.01786844266789683, 0.01789749793188836, 0.017883264456460313, 0.017945816387430393, 0.017943294635392095, 0.017808053780900553, 0.017680366877839474, 0.017667959999597523, 0.01743414392861187, 0.017553180739767964, 0.017855161182410366, 0.017825286947913258, 0.017840877037553767, 0.017336774840896494, 0.017378211305846384, 0.017368717701567834, 0.017370044603334592, 0.017277940357529407, 0.017631606860548082, 0.017628865058688867, 0.01727080310061815, 0.01723855824901572, 0.017233123776623168, 0.017394184029023728, 0.017085077090427232, 0.017118772621743317, 0.016993923258919463, 0.016909508886685954, 0.01696020110702572, 0.016928613402360453, 0.017116021874572975, 0.01722050485989921, 0.016770811571530916, 0.016863954635509146, 0.01680003299234986, 0.016693279711728157, 0.016833462788693056, 0.01705260016908058, 0.016963426171812776, 0.016606644880391257, 0.01663707023878931, 0.016730776286494692, 0.016586010285263474, 0.01680270963753842, 0.016493740055127267, 0.016410902298963494, 0.01649066887306381, 0.016361702871754022, 0.01643764822851928, 0.01637694453944206, 0.01625865178726893, 0.01631553815274064, 0.016344423510353624, 0.016331467207194958, 0.01626828458927548, 0.01619685496517946, 0.016175293626913254, 0.01604960756039113, 0.016151211324885104, 0.01637869470798186, 0.01610462568147199, 0.015942335951130645, 0.0160364552473612, 0.015904737486301442, 0.01602142793336781, 0.01579093539376654, 0.01579222020386156, 0.01574020137473025, 0.01592776653837645, 0.01583977256269721, 0.015756760929456708, 0.015571504071803709, 0.01569899272937568, 0.01568190507327927, 0.01563529593998256, 0.015445222498724064, 0.015610613056809459, 0.015532055172970684, 0.015378896734638726, 0.015461754273156164, 0.015369385365469281, 0.015297932120220207, 0.015313627387455831, 0.015278886303869395, 0.015638093908675592, 0.015275141851415713, 0.015167917511856005, 0.015189006231548759, 0.015201106402743352, 0.01516248697252897, 0.015066214589076593, 0.015097554024326183, 0.015045514156375684, 0.014966784412330592, 0.014899162863675609, 0.014926846783238473, 0.014938272928128004, 0.014874668374955548, 0.01483244831652733, 0.014720725504362604, 0.014706703509178269, 0.014676844285534403, 0.014700067269441978, 0.01457328861872248, 0.014535575036613861, 0.014556500315962832, 0.014665182115544746, 0.014610955334671093, 0.014590875737251867, 0.014484840889387436, 0.01462658177751505, 0.014399013429949752, 0.014567012736753452, 0.014338120357612989, 0.01437369390640361, 0.014578776475398752, 0.014306001397203626, 0.0141015541193437, 0.014160534261086606, 0.014186895510254531, 0.014129121417724688, 0.014086031204384066, 0.013911421401235911, 0.013946999287920031, 0.013894884826231767, 0.013899868481068276, 0.014153206201791214, 0.013975716873336253, 0.013990478611640626, 0.013930534264349594, 0.013755476144296829, 0.013781903922909622, 0.013759851449361303, 0.013740307459606561, 0.013609542599269452, 0.01376968247464485, 0.013650696795831906, 0.01358085510713494, 0.013634879077578347, 0.013479027880234872, 0.013679977358565921, 0.013683542382612447, 0.013537853164321269, 0.013353665825908105, 0.013720829271138957, 0.013490024795416162, 0.013420709869748415, 0.013260676278068716, 0.013229745333669364, 0.013199976985416152, 0.013124457305147053, 0.013184494327296408, 0.013121579904080229, 0.013070633060306218, 0.013424224205075096, 0.013072235941523397, 0.012969583238049608, 0.012962713869796078, 0.013099805715931124, 0.012826132431592096, 0.012809360622774678, 0.012840105142574037, 0.012770500416924757, 0.012768113127828096, 0.01270098816673651, 0.01273525671044462, 0.012854843020361849, 0.012643455432112843, 0.012659113354683404, 0.012598659018306929, 0.012550990633366165, 0.01250234309689362, 0.012570497754560324, 0.012414165121307203, 0.012434555831727017, 0.012543113523869899, 0.012279139162917231, 0.012257757751818664, 0.012405442879742427, 0.01217790218006492, 0.012146023821339946, 0.012115973886124683, 0.01216451874177899, 0.012092235562574547, 0.012031656050127687, 0.012216740482865685, 0.01197273139670455, 0.012001920438923182, 0.011946621620919046, 0.011963187744487886, 0.011806817324027928, 0.011982443937202257, 0.011868677192271693, 0.012055427626088062, 0.011914965521543803, 0.011743591170953804, 0.011867766563829589, 0.01173018692366859, 0.011591346786972016, 0.011548670771513033, 0.011605762475566465, 0.01155836821102568, 0.011569680209464795, 0.011520262430145402, 0.011608449677480771, 0.011401159228507051, 0.01131553483133118, 0.011333568709470582, 0.01138415152303418, 0.011455590023322427, 0.01115077612833715, 0.01130261706037766, 0.011108367781281091, 0.011083499767381912, 0.011231509234956921, 0.011118542670704619, 0.0109823985613847, 0.011018718595758772, 0.010982669122851145, 0.010859081342034971, 0.01092379607590405, 0.010887146979146603, 0.010760300946973224, 0.010686572619614918, 0.010920481886159865, 0.010819187180871761, 0.010779121212397194, 0.010571601331250758, 0.01061633484289927, 0.010587667124213645, 0.010592248882974057, 0.010518286917317153, 0.010471593571263302, 0.010390006912239668, 0.010420386252235887, 0.010352205838486601, 0.010358315713962401, 0.01045439543072124, 0.010432994402427257, 0.010219789289117568, 0.010186593086593858, 0.01018533483836896, 0.010211860342130728, 0.010160329490795776, 0.010133726714677627, 0.010005938536350178, 0.010066384000778974, 0.010028144297240874, 0.009979305156783537, 0.00999842678241725, 0.009950945015162435, 0.009861860241305816, 0.01001509917398349, 0.010054095132841383, 0.009976001400036788, 0.009767127635451052, 0.009808114202684003, 0.009670414360463382, 0.009704815380429103, 0.009700254078756352, 0.009675837294994438, 0.009575839826257156, 0.009559177265614706, 0.009503648906546232, 0.009520077688627998, 0.009504688042559174, 0.009531952268748888, 0.009486027826251476, 0.009648714222451914, 0.009350768126356854, 0.009327940876819537, 0.00936213444881166, 0.009265342271226188, 0.009254250851797844, 0.009159708064871562, 0.009156150320252167, 0.009123528673656192, 0.00935167842267131, 0.009149976505796291, 0.009228453672116329, 0.009095094148695861, 0.009005959799032461, 0.00895457355757171, 0.008994052236501737, 0.009009904890222565, 0.008971229587717535, 0.009035690726122765, 0.009032567683121114, 0.008878078287193763, 0.00886294333455037, 0.008859913685720883, 0.008783870985613769, 0.009107882163203787, 0.008758890454963038, 0.008777577079512064, 0.008834567634999966, 0.008699064432973858, 0.008597227414096716, 0.008607251699150206, 0.00857899846300664, 0.008481681266752097, 0.008655328641342745, 0.008502376667020401, 0.008470485074954045, 0.008468514486687324, 0.008386060382614899, 0.00842659990459401, 0.008403769711122234, 0.008333182254658473, 0.008278450336109916, 0.008354161607219584, 0.00830054297247534, 0.008208674621579166, 0.008245735564966881, 0.008208798178674247, 0.00813209082927731, 0.008088764600334298, 0.00810082841807836, 0.008170258747263955, 0.008061329107496353, 0.008094036174035198, 0.008335280480122102, 0.00793919560690484, 0.00815751734525126, 0.008038889878219697, 0.007955349617434763, 0.007904725722957048, 0.007941018262858262, 0.007847432711668734, 0.007886698274862282, 0.007899424052002647, 0.007910931559844937, 0.007993009246166659, 0.007777638418524247, 0.007883046225025772, 0.00776792597534387, 0.0076725098100746125, 0.007778113786636185, 0.007795974229950347, 0.0076211476913960385, 0.0075727166240459965, 0.007806089660693224, 0.007710522531516679, 0.007728017730240114, 0.007452821547724722, 0.007544917699030518, 0.007492184618907476, 0.007499631045970585, 0.00751615390827089, 0.007490166720770108, 0.007442733658293305, 0.007537040063683315, 0.007448433190331002, 0.007386921276365676, 0.00745063038503219, 0.007359324607894218, 0.007287944760218711, 0.007281322424789418, 0.0071749033184622946, 0.007175498288392584, 0.007176872909864243, 0.007274430039919163, 0.007139473233049482, 0.007152511593752672, 0.00705983263940381, 0.007058148306803424, 0.007070130100284502, 0.00707049043234926, 0.007069739432002841, 0.00709145358719693, 0.00702062644133698, 0.006988241630581185, 0.00700399470672558, 0.007022841659042788, 0.006934533681845364, 0.006946903475106499, 0.00696414636688466, 0.006983827215253172, 0.0068843566332271395, 0.006817348951393304, 0.006816995936413439, 0.0067625819405977535, 0.006822176132901953, 0.0068248775360021914, 0.006792354745732345, 0.006671563048749806, 0.0066572748169781894, 0.006747253603822293, 0.006612957560259058, 0.006623563029833634, 0.0066347611084745595, 0.0065652048731234735, 0.006563239113094878, 0.0065469499478572135, 0.00657115494590772, 0.006623282511629364, 0.006481231695105891, 0.006633001802026924, 0.006434645763458938, 0.006515531638150543, 0.0064939557563166135, 0.006466931447099528, 0.0063834958997021326, 0.00656881963007992, 0.006333446822684966, 0.00662750985285732, 0.006298634930562435, 0.0062739838539294735, 0.006270304287748577, 0.006343025712545933, 0.006402698925083156, 0.006277158473970221, 0.006227507574652455, 0.0062489702305726265, 0.0061760369096138775, 0.006151624785016473, 0.0062364894364612435, 0.006210983070766744, 0.006092243166337214, 0.006071439562062394, 0.006079997745408835, 0.006098136017065845, 0.006114672346282527, 0.006049714780572752, 0.006158174080758583, 0.005996213597882457, 0.006041428200247468, 0.005998659706311244, 0.006102974721272719, 0.00604775036255131, 0.005912625255960393, 0.005962286393166391, 0.005849903043558105, 0.00606157645643357, 0.005869143310813374, 0.005897048870565611, 0.005978041771197179, 0.005819918743528805, 0.005817775202329281, 0.005818593044717121, 0.005874084175175753, 0.005927443550137778, 0.00576611765252279, 0.005719865154439777, 0.005728250668744773, 0.005615093886554617, 0.0056211274517237834, 0.00564182823500218, 0.005667238161776231, 0.005655774155411882, 0.005676854265601424, 0.005667523878272677, 0.0055264239543450595, 0.0055849522059555345, 0.00555544707149925, 0.005921250219927845, 0.005786599292466805, 0.005614272191838168, 0.005547917672613828, 0.005471625453160252, 0.00560219026659704, 0.0054639163967158426, 0.005470421196954447, 0.005611894441763543, 0.005497236961618381, 0.005397462385030503, 0.005361598716263422, 0.005448329745359138, 0.005348825601558502, 0.005342677690324125, 0.005350177452182729, 0.005469200651249084, 0.005240764751365697, 0.005311277442892704, 0.005250429685371306, 0.005319559522955788, 0.005244762710909365, 0.005212988309340362, 0.00515326108759019, 0.005148281424716279, 0.005295539090120399, 0.00514707757460904, 0.00513538414340316, 0.00507812510134514, 0.005133471174786549, 0.0050870459874629275, 0.005069921622361064, 0.004995205241768544, 0.005030525766634874, 0.005103951571375703, 0.005026377125925544, 0.005030462427475368, 0.00499612441505415, 0.004984660246043354, 0.004971047924435362, 0.004970607402618838, 0.0049243209533070395, 0.005084261224446242, 0.0050638286613850616, 0.005058923126538985, 0.004864629420174013, 0.004904828167449565, 0.0048536387023141395, 0.004873524086152317, 0.004876708021872476, 0.004870045215716397, 0.004812177605054708, 0.0047950849597614776, 0.004762420967084421, 0.004775523513390644, 0.004877169379658605, 0.004803574552076674, 0.004841064440146506, 0.004754565359172786, 0.004685747064640355, 0.004668182904123226, 0.0046790345388095156, 0.004672924888163934, 0.004651406274698511, 0.004649077378746946, 0.004670803171802094, 0.004704096586631497, 0.004627014470540004, 0.004662046864645866, 0.004621263289763976, 0.004518459891842336, 0.0045202619780619875, 0.00451159502154152, 0.004472905174194142, 0.004500011799815276, 0.004508857288422767, 0.004445241205666986, 0.0045047679895027035, 0.004459566989491113, 0.004493516667460822, 0.004391773983017483, 0.004517079095255518, 0.004379172153254799, 0.004395904731935921, 0.004379104047234118, 0.004390118823615902, 0.0044982121604245275, 0.004347662982227318, 0.004308179488826675, 0.004300954900756487, 0.004289341099867006, 0.004338929576594863, 0.0042403069989806474, 0.0043647940296784515, 0.00428131597469612, 0.0044049345521381825, 0.0044019996532676684, 0.004204481490272568, 0.004303910801828067, 0.004194439182498192, 0.004162928083132558, 0.0041461620604522, 0.0041500099668106616, 0.004306479718200223, 0.00413817081965709, 0.00418218906800894, 0.004101393059205287, 0.004086024739503812, 0.004075984356207285, 0.004075858701347456, 0.004077427477679987, 0.004063934697755283, 0.004042225618719985, 0.004064355419673233, 0.004054087683223212, 0.004069308200538828, 0.004000155528238295, 0.003984631824074554, 0.0039636943849179675, 0.003975646329757033, 0.0039877550145175624, 0.003991996857948468, 0.003961842970653161, 0.003890097636112949, 0.003889348316810036, 0.0038912838262633383, 0.003881441892117242, 0.003924256941208504, 0.0038910487749061347, 0.004086305148759273, 0.003859940005430143, 0.0038852415882204977, 0.003890138055242138, 0.0038666852161458316, 0.003805518737239297, 0.003845059427786152, 0.0038483325801029118, 0.0037811459859918312, 0.003728057631379467, 0.0037454882582410075, 0.003758075548370533, 0.003708625799290343, 0.0037722587920117415, 0.0037145363095744638, 0.003692735701803769, 0.0036952275954396873, 0.0037291603463910947, 0.0036030196153957125, 0.0036825949909458644, 0.0036571512784842443, 0.003585943309860415, 0.0036040157360783883, 0.003617335661448959, 0.003592619107597453, 0.00359314727688311, 0.0036115600984818297, 0.003559335911364606, 0.0036188979957895344, 0.003502510800502252, 0.0035510236441341405, 0.003508172087894457, 0.003511177600594549, 0.003582017477318285, 0.0035030991191727754, 0.0037820545343441657, 0.0034599773549041906, 0.00341094850941342, 0.0034001957944702387, 0.0034201240409151806, 0.0034008245973951193, 0.003501524149584363, 0.0034344614579647657, 0.0038145944701582692, 0.0034394502504603163, 0.0033708245716719816, 0.003358359986240404, 0.0033787897555632093, 0.0033279249408093734, 0.0033374216550808595, 0.0033478745326378763, 0.00333684018518417, 0.0033656612064578966, 0.0032856996980450497, 0.003322975799094205, 0.003323619264895002, 0.0033163203454113967, 0.0033497568329863307, 0.0032463114033700253, 0.003272523034233103, 0.0032550987798591682, 0.003182645492188593, 0.0032300441610942578, 0.003277041441075432, 0.0032629217458704524, 0.003173182615218791, 0.0031825554263848876, 0.003165139467867338, 0.0031453029362739945, 0.0031143621048256107, 0.003142411475854268, 0.0031309030257147207, 0.0031180019432533543, 0.003125802259940573, 0.003122804220249811, 0.0030770952891186897, 0.003095336854679008, 0.003087656110618501, 0.0030495899314966278, 0.003101961296582581, 0.0030414758606406257, 0.003135366843939337, 0.003026269466232216, 0.002993284414980593, 0.003028975487555964, 0.0030179407797355927, 0.00300840665437684, 0.0030160859716381024, 0.0030392018360849843, 0.003001177186290377, 0.003004302285849825, 0.0029729132327790857, 0.003032624678045269, 0.002970381552139978, 0.002880381066414407, 0.00305940772889481, 0.0029470968851597374, 0.0029019118842143004, 0.0028810786267460583, 0.0028742420588825294, 0.0030304960439567373, 0.00284560471076197, 0.0028746397847038974, 0.0028409092016065283, 0.0028674742235344983, 0.0028047877949465244, 0.0028966442416991254, 0.0029048740790453913, 0.0028103466700350947, 0.0028107277950660276, 0.00276144631076968, 0.002761250609366782, 0.002740963568003758, 0.0027828281154396273, 0.0027692293003187813, 0.002700755830721772, 0.0026801648979898206, 0.002716047863219249, 0.0027303351982178644, 0.00294195296766641, 0.002712901120944175, 0.002683786325153832, 0.0027125607166983427, 0.0026917003637966217, 0.0026772685522863005, 0.002756017278590012, 0.0026514208349701436, 0.0026561845296500233, 0.0027011405853007344, 0.00265006633992178, 0.002612068064516647, 0.0026035875595852103, 0.002637879242426371, 0.0025866047828358224, 0.002587249006627076, 0.0025528205950109753, 0.002580637651656498, 0.002538932287391347, 0.0027218870057316765, 0.0025078056985312976, 0.0024971084802639034, 0.002489822003854762, 0.002485851833737247, 0.0026019072111149342, 0.0024671430826266054, 0.002476338721054286, 0.002463232266337918, 0.0025182293594489544, 0.0024551813172308183, 0.0024399325056585455, 0.002443858975782834, 0.0024601861745590383, 0.002407198167399467, 0.0024219709692498356, 0.002379140417475911, 0.0024281302832188686, 0.0023844305722508846, 0.002376853865894865, 0.0023518920390703437, 0.002368274839600324, 0.002388641004557206, 0.0023394282740618285, 0.002320113814828446, 0.0023472072278827474, 0.0023634704883848147, 0.0023372766152835807, 0.002322645058160409, 0.0022803537986003848, 0.0022777967814060136, 0.0023386389964042266, 0.002345803593672576, 0.0023621059324155556, 0.0022909643242290346, 0.002265600557039612, 0.002284375246930477, 0.0022169909167162414, 0.002217302620095687, 0.00223040347050468, 0.0021952961701794467, 0.002218897366428436, 0.0021932223771364335, 0.002164074514487555, 0.0021831386140632814, 0.0022153159717564997, 0.002141972236123513, 0.002270760670028227, 0.0021405397612841966, 0.002112526019549831, 0.0021534375964382627, 0.002126869136697181, 0.0024577409890776773, 0.002120688444248714, 0.0020786118065478625, 0.0021008198469590583, 0.002100522897695779, 0.00206557298149082, 0.0021902896107425175, 0.0020881727781492743, 0.0021389712471997072, 0.002047422823848645, 0.002068879494675119, 0.0020599059600639163, 0.0020139576722459436, 0.0020330539125498247, 0.002076425347305609, 0.0020122228602718483, 0.0019678553649076706, 0.001985229781927694, 0.00197336034342572, 0.0019630890314780254, 0.0019932402109123257, 0.002028053041701257, 0.0019432580805558606, 0.00195831890544369, 0.0019327826010837198, 0.0019930931216229505, 0.0020996293697240933, 0.001930620260151537, 0.0018713629973817877, 0.0019089511909310861, 0.001958933304337059, 0.001908972911540535, 0.0018802993928046, 0.001878339151497728, 0.001937341695733589, 0.0018817345790326262, 0.0018776152008245653, 0.0018212114107354197, 0.0018523370110214508, 0.0018218969239718605, 0.001817516961913499, 0.0018281416927901498, 0.001852469631317053, 0.0018701758548760538, 0.0017820417809199316, 0.0017902709284903714, 0.0018012509250111665, 0.0017538756798857378, 0.0017516434284467976, 0.0017806061445928638, 0.0017392986945796397, 0.0017906248345586318, 0.0017491822869082061, 0.0017420771717019223, 0.0017578201718004129, 0.001695557161966421, 0.0018198581674410417, 0.0017467478685283774, 0.0017334892821369936, 0.0016917427492111994, 0.001679850872026683, 0.001695570114531158, 0.0016540611812544252, 0.001747281354309777, 0.0016850652692146715, 0.0016577269153489533, 0.0017374271197552213, 0.0017728699072873555, 0.001661675677867573, 0.0017017322226027217, 0.001764142205484959, 0.0016392868311493184, 0.001602942298214019, 0.001613077902924525, 0.0015979574120603864, 0.0017319295793223931, 0.00156937256267706, 0.0016655936637601184, 0.001610403266159413, 0.0015944524737898076, 0.001548146822471242, 0.0015975587312581862, 0.0015311718424886988, 0.0016002711536827442, 0.0015419918422682906, 0.0015632222176766792, 0.001548201752187432, 0.0015298387102194826, 0.0015200674888545837, 0.0015771736105977695, 0.0015102190347630754, 0.001522361516720297, 0.0015068076358592142, 0.0014996644085097544, 0.0015653490182266127, 0.0015741854710847338, 0.0014741635932145056, 0.0014608587278828133, 0.001469218928964249, 0.0014622415311581658, 0.0014849284664126099, 0.001452590672757776, 0.0015210305246970896, 0.0014372355077477464, 0.0014502283002573847, 0.0014911015389900142, 0.001450708659960861, 0.0014288699839964537, 0.0013968604669368793, 0.0014489892280619661, 0.0014456307495375543, 0.0014908105637298442, 0.0014351635665739665, 0.0014041797969698273, 0.0013909378359230418, 0.0013746932237717233, 0.001383024836416463, 0.00144222223986945, 0.0013728864362461326, 0.0013799533044915402, 0.0013984616440825077, 0.0013654812847937983, 0.001350179119323948, 0.001331729710012311, 0.0013362692652817692, 0.001341571827400149, 0.0013235631810227274, 0.0013409533720421347, 0.0013066354607045986, 0.0013036717183428092, 0.0013174258697806066, 0.0013835130731803921, 0.00130854981385461, 0.0013433842850303615, 0.0013128997976263464, 0.001337385683146298, 0.0012850295077944504, 0.001290443791169793, 0.0012811110017465612, 0.0012941514788936544, 0.0013684420456958782, 0.0012843372981111408, 0.0012763841161756188, 0.001244627949238112, 0.0012563956533325753, 0.0012569112317301746, 0.0012972146942120968, 0.0012467837084327693, 0.0015728889510691956, 0.0012382729998953418, 0.0012265924227292536, 0.001239149609318304, 0.001251398653282555, 0.0012738232156971948, 0.0012428588275397653, 0.0011990688325880681, 0.0012112873885734509, 0.0011889005842040878, 0.0012032209200763498, 0.0012200471617352326, 0.0011857126334953207, 0.0011700836315079793, 0.0011757378982710657, 0.0011724831197628125, 0.0011785140432861662, 0.0011668369316025914, 0.0012312855449307272, 0.001242064572838335, 0.0011456943230019586, 0.0011735534350522092, 0.0012305349491681362, 0.0011706518893545017, 0.001142132771652557, 0.0011720316663759633, 0.0011338866771337937, 0.0012153203871401454, 0.0011273161833883923, 0.0011153072758925133, 0.001169028196686577, 0.0011070918596902091, 0.001099146448453773, 0.0011315962819477806, 0.001265803360090255, 0.0011831898667836924, 0.0011883407842183636, 0.0010955920964873748, 0.0011692428742529502, 0.0010824737135290885, 0.0010821465853636319, 0.0010997104190198057, 0.0010951712799185129, 0.001111603779873597, 0.0010861182912947907, 0.001083386144247728, 0.0012074294724655282, 0.001085081069061335, 0.0010643765671894277, 0.0010362578696100433, 0.0011431360201574004, 0.0010327768418500133, 0.0010630096755570697, 0.0010546791027509232, 0.0010787041291999365, 0.0011336210800397051, 0.001078168418992771, 0.0010149979158524968, 0.0010151818727038092, 0.001042049606575434, 0.0010004809516058792, 0.0010094049698149863, 0.000994524335447326, 0.0009972335447099073, 0.000983774473229059, 0.0010121829469322884, 0.000995218976763893, 0.0010089449390530887, 0.0009836409244808658, 0.0009857253363536509, 0.0009899218676499304, 0.0010163663196260113, 0.001012455042403614, 0.0009674922991412667, 0.000981049908219556, 0.0009753830151585946, 0.0009545698152120738, 0.0009510027755045626, 0.0010734897781680326, 0.0009442008330954667, 0.0009608486933334222, 0.0009528795279607782, 0.000947354094866298, 0.0009360584888092935, 0.0011025625749896738, 0.0009598798773225662, 0.0009388150449019512, 0.0009303727310435592, 0.0009239439954488859, 0.0009742762710389327, 0.0009108036851528935, 0.0009862611555185136, 0.001021473080492069, 0.0009362263474018772, 0.0009477579040927954, 0.0008903357673161891, 0.0008853822202072744, 0.0009120583641981224, 0.0009047513050827325, 0.0009809158610536903, 0.0009219525430240791, 0.000993873644690651, 0.0009923082133567905, 0.0008968627724898794, 0.0009022223997421954, 0.000885918049146896, 0.0008807331822457639, 0.0009410497225606609, 0.0008873258862498447]