Model Setup for Melancholic Patient 15:
ITERS=1000
LEARNING_RATE=0.001
OPT_RESET=None
ATOL=1e-05
RTOL=1e-05
METHOD=dopri5
Input channels=2
Hidden channels=32
Output channels=2
Runtime=120.5082540512085
Optimizer=Adam (
Parameter Group 0
    amsgrad: False
    betas: (0.9, 0.999)
    capturable: False
    differentiable: False
    eps: 1e-08
    foreach: None
    fused: None
    lr: 0.001
    maximize: False
    weight_decay: 0
)Loss over time=[0.5815527784432906, 0.5711354525552257, 0.5650115078123215, 0.5586678383265528, 0.5486757091267781, 0.5400097032065815, 0.5329772867671679, 0.5256017783327941, 0.5160277997756265, 0.5100873307689785, 0.5038561618886325, 0.4958999266722905, 0.48722866476839105, 0.4836217392056972, 0.4779784042734013, 0.4706987230659012, 0.4672596861329822, 0.4565209638283193, 0.45507450147661577, 0.4475983567526708, 0.43839643890943447, 0.43766933254151374, 0.4288537288849518, 0.4253146389609444, 0.4223738170045604, 0.42126572396494577, 0.4063502806597277, 0.40722386106423597, 0.40956332927977274, 0.3976912616657866, 0.3974902138052293, 0.3927005669639383, 0.38676882985457506, 0.3794398946420744, 0.3767597185857903, 0.36997765800352356, 0.3671258921437731, 0.3628016835731437, 0.35711844572066637, 0.35696832879819995, 0.35258154954340937, 0.34340234516554063, 0.3371479761595893, 0.3359863128820154, 0.3317137818749897, 0.3313629762200226, 0.3259952378830299, 0.32039394980170705, 0.32154703182812727, 0.3150283639922855, 0.31641326598382497, 0.30494563136315095, 0.30412137728263705, 0.29957165940865416, 0.2957224373472925, 0.289350080732181, 0.28427316684478937, 0.28560735648919894, 0.27824372528376834, 0.27078516024277527, 0.2660671623980143, 0.262470697029126, 0.2598354599048285, 0.2628297968665356, 0.25726255122336356, 0.25073503377698225, 0.24954843220238818, 0.24679458427364065, 0.24315738196356518, 0.241410308777391, 0.23203750593043324, 0.2343630623205399, 0.23121290183315385, 0.2286470232408475, 0.22090711025008195, 0.2261704007404519, 0.2219898714696763, 0.21808928055520233, 0.21486645676693705, 0.21082228775837805, 0.2106495409996728, 0.20051867516585278, 0.1982071068040214, 0.1945850844410728, 0.1964448606063015, 0.19266545916082733, 0.187750550414637, 0.18323594662864204, 0.18372654469049535, 0.1779466887344143, 0.1792831763513876, 0.17854536420108225, 0.1779294844234895, 0.1658870316210533, 0.16668317545766606, 0.16145483826914092, 0.16400169782494897, 0.15737882496143166, 0.15609578138301533, 0.15748911035086907, 0.15350824015291964, 0.1509349533740671, 0.14411506058684323, 0.14421241290107292, 0.14234959282573845, 0.14205499844955385, 0.13292175661440944, 0.14211493405733297, 0.13253032069048581, 0.1295902036643217, 0.12710719646642535, 0.1259930694815118, 0.12622785687733987, 0.12143953233425762, 0.11912363359182775, 0.11469915835573641, 0.11250274343114051, 0.11278460757203329, 0.1164265400001594, 0.10940672994947837, 0.10736448341474047, 0.10660821950060359, 0.10239865683175009, 0.10170035933536824, 0.10144075080201712, 0.09983676887225862, 0.09658694953218296, 0.09383097669502026, 0.09231423834388232, 0.0922435068062637, 0.08943494418462945, 0.08840791727043636, 0.08629264153393346, 0.08616986351703225, 0.08870446276335398, 0.08362198656488411, 0.0817801749066346, 0.07937109252890634, 0.0773951279566529, 0.07710107085688643, 0.07766449437794415, 0.07528796960041385, 0.07384793310099785, 0.0721000393101198, 0.07071701121806045, 0.06964944927950517, 0.07020889054044559, 0.06887130562417655, 0.06758519780499134, 0.06573507839451678, 0.06440703061674206, 0.06229755790991478, 0.06061730846383472, 0.06016660225341983, 0.05871748397443341, 0.05794933313672581, 0.05690200425247483, 0.05560531917784751, 0.05555611665825413, 0.0549394108488136, 0.055615412608628005, 0.056815415842520325, 0.052365569418072404, 0.04885465956541993, 0.04955782000011757, 0.050554304968800395, 0.04854381281364557, 0.04619854679598268, 0.04645919768066446, 0.04712185713867831, 0.04685916067562193, 0.046196459427215814, 0.04546431615796767, 0.044613543514860715, 0.04258334976315177, 0.04107906789117271, 0.04013840145111017, 0.040487855517684565, 0.041263147471336054, 0.04016473002844922, 0.03932657326208861, 0.03960950827035908, 0.03771370428117007, 0.039012970064355515, 0.035903688602966576, 0.035777041028277216, 0.03658887624493691, 0.034861529941356655, 0.03417006347677109, 0.034801458162940606, 0.03458997338473258, 0.03457286940045725, 0.03271898570021589, 0.03327842655805098, 0.033546678899421416, 0.0326318580253565, 0.032003613667550425, 0.031702820836760175, 0.031717285517002744, 0.03219187633840797, 0.030756100396784215, 0.03049445995770783, 0.029411859075183046, 0.02956864870265717, 0.029643436326672212, 0.029391623623288343, 0.02919728193543761, 0.028896810853025565, 0.027993223553753655, 0.029428345574631233, 0.028211893835795608, 0.02764062854539862, 0.027983825176025098, 0.02717804225667604, 0.02742804173290855, 0.026796473338790882, 0.02659688365856221, 0.02646705729703687, 0.026480956925244825, 0.026175236798876244, 0.025688109287866082, 0.02570171301065498, 0.02545197404611227, 0.025305983501025264, 0.02492319882727922, 0.024791910028696528, 0.024655016952899532, 0.02453345371364515, 0.024092586457242063, 0.023969567655338853, 0.024016113535631444, 0.023759959564393307, 0.023626271704862502, 0.02352970981157163, 0.023158388588892884, 0.022963883355269554, 0.02280128847459978, 0.022787868357745485, 0.022566403414947873, 0.022379593852950394, 0.022295112192311336, 0.02249803499594253, 0.022030159425716442, 0.022001585874505927, 0.02162893306434133, 0.021453307077942383, 0.021470139218865935, 0.021372193849269496, 0.02151773983454257, 0.021196589817941407, 0.021059543272029427, 0.020811394208195097, 0.02067765086947612, 0.02050233229044143, 0.020540009385786647, 0.02030179343744903, 0.020152439680518434, 0.019865268975392373, 0.020099369330395658, 0.01998056141830938, 0.01991894513771429, 0.01973876976029967, 0.019607581055467574, 0.019516031604803582, 0.01927033748791354, 0.019092895657546894, 0.01912771750414578, 0.01900363956960222, 0.019315445740268656, 0.019231020517487925, 0.018982486251635348, 0.01895967947399902, 0.018833463371697685, 0.018525310656665576, 0.018354159973693707, 0.018533659303385974, 0.018359714717517357, 0.018163411031246825, 0.018127472447873657, 0.01819254060751445, 0.01819151857725401, 0.018132184069632674, 0.017990443689918256, 0.017933170257156166, 0.017828551321303142, 0.017798402645102705, 0.017629173893471895, 0.017697614276719266, 0.017599473372138255, 0.017467496188989004, 0.01734893298154258, 0.017237053912604595, 0.0172044093621534, 0.017245048250442666, 0.017221758183853745, 0.017081979348766083, 0.01697593281824393, 0.016852565864480237, 0.016896567900707822, 0.01681335532863305, 0.016713386438477022, 0.01669229925823423, 0.016594408023739435, 0.016614213558769794, 0.016477987425781826, 0.01644532048240054, 0.016470563186523676, 0.016473866275366927, 0.016332521032555218, 0.016265254001211708, 0.01633731143030133, 0.017025384884369246, 0.01624208697023279, 0.016093642585442405, 0.01603684632613296, 0.016022177663198474, 0.015964424342144554, 0.015959758987036905, 0.015980672051080606, 0.015936341138213947, 0.01585466766566012, 0.015833123036184383, 0.015789547366648463, 0.015753442363339525, 0.01572969087179308, 0.015744093650280153, 0.015634666919324986, 0.015594349992021401, 0.015565735343640754, 0.015535917804678745, 0.015572134647745582, 0.01552024720374038, 0.015509657528589864, 0.01555146691895128, 0.015427874052018951, 0.015387839853540204, 0.015463393260008184, 0.015341365745290592, 0.015333347328813333, 0.015329886952487026, 0.015295400532303232, 0.015289117884712471, 0.015193489593182076, 0.01518994369346749, 0.015145374739705097, 0.015104505293705982, 0.015138949720981133, 0.015182416724661751, 0.015165470084811351, 0.015123818538066013, 0.015098015957034581, 0.015035447342575224, 0.01497607515533325, 0.015143266805343147, 0.015031934225498896, 0.014954624679162087, 0.014909870120201842, 0.014928439181985914, 0.014890853124202345, 0.014882372773491992, 0.014815726969029795, 0.014803407530902918, 0.014813337047971735, 0.01481011093272522, 0.014820473144889606, 0.014812583254977817, 0.014773569301736006, 0.014761112540973868, 0.014765914991558117, 0.014715376105750992, 0.014607737263180726, 0.014682851664793006, 0.014684342604478458, 0.014620700424273153, 0.014609146222813408, 0.01464460119981068, 0.014564632100393606, 0.01450519243388953, 0.014434162493689699, 0.014599505065434192, 0.014493565589359702, 0.014396154090798674, 0.01440710250989582, 0.014361794696550556, 0.01436585429793002, 0.014320709207681675, 0.014384594412806578, 0.014251639303583018, 0.014245442352243414, 0.014842539714054671, 0.014237422847339498, 0.014221845964592295, 0.01413844929309509, 0.014155450235228293, 0.014149448628044847, 0.014109862474351509, 0.014077606616066114, 0.014056129569385708, 0.013979638450303665, 0.013893060054369766, 0.01385806795159203, 0.013956933008212036, 0.013685067441692771, 0.013592787307724093, 0.013491843508677442, 0.013351847001343703, 0.013178817360938679, 0.013142678795356104, 0.013042633570349967, 0.012812880596172728, 0.012602761208858903, 0.012644778299504889, 0.012748482154855805, 0.012711113010695458, 0.012811933826344895, 0.0125900077853476, 0.01258019059329689, 0.012691194420659318, 0.01250139778086501, 0.012397188242693662, 0.01236027727426555, 0.012500628959012, 0.01234075819979598, 0.012370802994886887, 0.01240030629428408, 0.012387209493728922, 0.012301887958512904, 0.012247782669636846, 0.012291467982730543, 0.012151217610432398, 0.012031506473031488, 0.012100419828296688, 0.012074515336134926, 0.012016281492808496, 0.01201099378165902, 0.011904302885539831, 0.011939656089187555, 0.011792239783752961, 0.011909816129422048, 0.011842827209217865, 0.011760396782378897, 0.011717830852461288, 0.0115819201765139, 0.011540119493863693, 0.011512722257823314, 0.011477048140869027, 0.011528457171492841, 0.011555808264349333, 0.011509727625529957, 0.011517100579856597, 0.011417062097935117, 0.01135873132256104, 0.011364286632624431, 0.011353343618338797, 0.011277184573032319, 0.011198184739072485, 0.011224242698534802, 0.011278164436563917, 0.011228592942189536, 0.011184240767590666, 0.011199533359636726, 0.011123333169267105, 0.011109665451657515, 0.011126306107358557, 0.011010016209654694, 0.011073253449434467, 0.011097604429671486, 0.011031190452149097, 0.011102218525498815, 0.0110384795781494, 0.010996407377163337, 0.011040004889145668, 0.010932323325367149, 0.010880244743899077, 0.010883029684234382, 0.010868084959784842, 0.010847688629980461, 0.010876033907223458, 0.010858318105067504, 0.010868205345036908, 0.010586476793739773, 0.010876974302051595, 0.010745304862706716, 0.010746615852888617, 0.010670285874038673, 0.010651705597656935, 0.010566009491202004, 0.010512967669950923, 0.010488910748074697, 0.010524962581292423, 0.010683448480209018, 0.010634550600384584, 0.010555072387618292, 0.010313530240735273, 0.010406018342994377, 0.01036294256071244, 0.010416073595677528, 0.010402905063439811, 0.010410694362991075, 0.010445482034513233, 0.010297343166808389, 0.010201071262178852, 0.010199182917954512, 0.01019079439982491, 0.010298190446997714, 0.01035620964112814, 0.010352542560974775, 0.010292738180734827, 0.01017166745644479, 0.009966656432694992, 0.010045029597416322, 0.010166493960618491, 0.010247810630339103, 0.010091935383673499, 0.01012782511571095, 0.010029282104358023, 0.010079215468456445, 0.009966534471657086, 0.01001009338277243, 0.009858294522802173, 0.009852368979469754, 0.009950893740909805, 0.009772917376873453, 0.009925830017235111, 0.009853758543534858, 0.009824536945803224, 0.009828816610152282, 0.009767146326029446, 0.009771674451834654, 0.00970492409774776, 0.009658428527623752, 0.009680461478525143, 0.009681248134862498, 0.009496018664254076, 0.009494782489068801, 0.009481282091694502, 0.009624111668386505, 0.00943838824136136, 0.00936965747284663, 0.009355350320828248, 0.009409624240656018, 0.009326754056129849, 0.009473740237030221, 0.009418822623351007, 0.009310799765271958, 0.00949177009761526, 0.009364994119909457, 0.009213019097121806, 0.009281245319609784, 0.009058473628877899, 0.009185073818151828, 0.009298534677689803, 0.00919516113707237, 0.009125349238489401, 0.00915646092548117, 0.009085779815847246, 0.008973455261959114, 0.009030328761747532, 0.00901206380272644, 0.008889072665275373, 0.008930339078430589, 0.008857610450712044, 0.008695815391230512, 0.008705956918594333, 0.008728685781034045, 0.008848719835425652, 0.008942669558221143, 0.008770520924752799, 0.008520411436823779, 0.008749518790457227, 0.008695724382324478, 0.008859122128791754, 0.008592840305401726, 0.008597094349884258, 0.008578172861575877, 0.008542435502743988, 0.008627027391283869, 0.008567629039127956, 0.008554680088087137, 0.008446341962998132, 0.008594674185506163, 0.008729093578012192, 0.00862772277126863, 0.0083416264598335, 0.008369517234773442, 0.008419760105331936, 0.008327834419747316, 0.008327827240227001, 0.008274255875797639, 0.008291439141140012, 0.008279449349603505, 0.008048061415425167, 0.008187962367004399, 0.008114130169532005, 0.008162388813206146, 0.00815507091883099, 0.00810874877887783, 0.008205552330910722, 0.008075647826865746, 0.00808588735770993, 0.008090782076207354, 0.008046079468613626, 0.008037038223393524, 0.008006052582126267, 0.007966943763564584, 0.007932218038398811, 0.007901390622059044, 0.007872101816545013, 0.00784375116023829, 0.007833373668698615, 0.007816994859787386, 0.007802121699394035, 0.007788989768139443, 0.007738889006418473, 0.007723742009353907, 0.007715376370208278, 0.007713325008097205, 0.007732024387595572, 0.007620897117301005, 0.0076945649415602144, 0.007700806303348746, 0.007707146939515682, 0.0077121804129642695, 0.007495231195412224, 0.007587354603215862, 0.007621655973003128, 0.0075834558195859636, 0.007499489100911277, 0.00736518243122391, 0.0073631527168938485, 0.007364214919792929, 0.007364430559311037, 0.007344987670950645, 0.007319969279869485, 0.007348294885862414, 0.00727653675057803, 0.007244099442863922, 0.007214401387578479, 0.007174843354708549, 0.007147307812174292, 0.007151761616894831, 0.007097317272337344, 0.007101772062219528, 0.007187319764054289, 0.006908181214654535, 0.0069524558031961725, 0.00696677304280837, 0.006979289203554572, 0.006899771717198122, 0.006864912182410001, 0.006983322684281982, 0.006905051709334867, 0.006843004386734976, 0.006822090538811826, 0.006801410074517799, 0.006780882464022363, 0.006773532133145851, 0.006808084497747063, 0.00671577422454846, 0.006856998340687761, 0.006810038630906386, 0.006807236909114871, 0.006740177025943901, 0.006728347935148279, 0.006699764234616235, 0.006657441786183004, 0.006612049629926789, 0.006563291988257478, 0.0065455811505201736, 0.0064521770931348695, 0.006450678797569462, 0.006435189182411533, 0.006419259107334035, 0.006403533257625748, 0.006450304381915639, 0.006411259617920952, 0.006439544052400487, 0.006421359341428943, 0.006402622916098452, 0.006383083744331427, 0.006498166595851837, 0.006447051524941989, 0.0064188120578446035, 0.006456673588713854, 0.006366671106756921, 0.006219079407695324, 0.006203352214787081, 0.006201067477058646, 0.006202114707076527, 0.006183598502060819, 0.006155357178101093, 0.0061837557355796, 0.006086955027299029, 0.0060141255131906405, 0.006007335103816445, 0.006000337099751968, 0.00594329448240449, 0.005977313061845859, 0.006000081608106997, 0.005967399524414065, 0.005971587358661148, 0.005976527057396887, 0.005960568993282778, 0.005944719201212342, 0.005926881651886175, 0.005910692225590797, 0.005914428963203941, 0.005915484558747544, 0.00588318333197435, 0.00588373555201592, 0.005872816668251826, 0.005859740929010076, 0.005844877930857537, 0.005829022983929188, 0.005811083993409011, 0.00579045123365339, 0.0057691512287146975, 0.005747932343935293, 0.0057258211092557935, 0.005702420016607233, 0.00567796844788146, 0.005658002761646851, 0.005570448665329056, 0.0055159883858177695, 0.00557094070407975, 0.005421579413958094, 0.005408127667394472, 0.005626019204908011, 0.005395628503413623, 0.0054617842500780745, 0.005386223151087971, 0.005393051304615351, 0.005433803688792749, 0.005257545193258369, 0.005274815347790648, 0.00540828971168961, 0.005303461110910927, 0.005337205471365519, 0.00536339738732502, 0.005316632489318706, 0.005309024309568702, 0.005269467055785037, 0.00523617649305854, 0.0052784319072834655, 0.005250152966071255, 0.005184160892446153, 0.005179931743225255, 0.0051691393780765454, 0.005154274159510651, 0.005134126311789037, 0.005126131934520987, 0.005102832888866685, 0.005089422662108342, 0.005074542068161092, 0.005063193940448036, 0.005031647702173874, 0.005028040908742657, 0.0050054999915982315, 0.004983546626148114, 0.0052847186606407685, 0.00498166350189432, 0.004866908153257699, 0.005078369323458743, 0.005132096103230713, 0.005104189509912625, 0.00512128083790936, 0.0050772667691382145, 0.00495286795379824, 0.004863499585898345, 0.005051482255581634, 0.005010569786307451, 0.005002154242060095, 0.004821899291724863, 0.004804663962760101, 0.004893330330339582, 0.004768159024317197, 0.004891329644746665, 0.004777486287869248, 0.004654736560884872, 0.004806874476381587, 0.004810049999554659, 0.004846229320381591, 0.0047398208516022874, 0.004605644881405222, 0.004658880051476169, 0.004773277598552837, 0.004617545891585125, 0.0047976729782717486, 0.004631449931428336, 0.004720371916636185, 0.004568668041151422, 0.004571966412312864, 0.004570142939128787, 0.004595421019172797, 0.004729919753153382, 0.004718936451100623, 0.004703185819699118, 0.004633320416559122, 0.004571580187138447, 0.004470138129066496, 0.004654856888681361, 0.004428270023855215, 0.004272858803389367, 0.004459015870554634, 0.004426386360751004, 0.004401989811314186, 0.004508887985558386, 0.00438576643609711, 0.004378397109061632, 0.004246544743998095, 0.00434932254034414, 0.0043206675669108996, 0.0043078818596144035, 0.004135981856950671, 0.004299778397415989, 0.004252848957919219, 0.004193397844785105, 0.004221422751401939, 0.004089419293816652, 0.0041615022753638, 0.004124991672769507, 0.0040653146319295785, 0.004045310848771007, 0.004125865042176629, 0.004026201718880699, 0.004019478273189078, 0.003987216891603845, 0.004020515696770339, 0.0040842599009761685, 0.004117704778038425, 0.004148684593142123, 0.003989993542767213, 0.004032531071545979, 0.004012091403044437, 0.004011386344941948, 0.003953871171776199, 0.003991813478724138, 0.003992323891836155, 0.003911686108204511, 0.0038970154984098453, 0.0039122601972027445, 0.00398899390124109, 0.004051263831898164, 0.003920614998063324, 0.0037907105577686447, 0.003887135581801463, 0.003967013185523381, 0.0039326140012945245, 0.0039179546882613485, 0.004007460725536627, 0.0038014512942793626, 0.0037292603176803346, 0.0038933012760563614, 0.0038184511329848723, 0.003939553500731088, 0.003760968559238877, 0.0037145800929886093, 0.0037818188278812654, 0.0038101304139143326, 0.003734361041266074, 0.003693011205349296, 0.0036729783070335374, 0.003819861018101051, 0.0037128634711940337, 0.0038227655756866608, 0.003801903739464611, 0.003673538798043784, 0.0036017199497458295, 0.003637939834786458, 0.003650253195416829, 0.0036404495635733013, 0.00367549675225002, 0.0036260663779911495, 0.003715016211040541, 0.0035944261942068554, 0.0035233936214629194, 0.003538599730540042, 0.0035266456489066195, 0.003536856384836126, 0.003524150212308436, 0.0035278105980920444, 0.003412925479886251, 0.0035252515331830585, 0.003405318227049545, 0.003457502118925661, 0.003446775695332294, 0.003491522202998683, 0.0034097153863891986, 0.00333360650159116, 0.0033179096219146335, 0.003349613386344434, 0.0032540765935670404, 0.0032450813449555835, 0.003236872253357044, 0.003284192577506473, 0.0032038621654588584, 0.003215086848281283, 0.0035635694742448404, 0.003073735350373552, 0.003152892549230582, 0.0031092349013548304, 0.0029489810753720144, 0.0029827457979676717, 0.002821141390048533, 0.0029775200634249545, 0.0028223375175887326, 0.0028185571466872775, 0.0027370236079465866, 0.0026517231001302096, 0.002748606223186546, 0.002485780027239623, 0.0024471194715866566, 0.002399778843747193, 0.0024231706711832033, 0.0024096251720545597, 0.002234213727661862, 0.002247105744716576, 0.002171159928938717, 0.0021313205507847307, 0.0020968768079103594, 0.002143909159405395, 0.0019551269120831804, 0.0020305955476240434, 0.0020254578746309367, 0.002031120994991151, 0.001966199859349274, 0.002056793922010117, 0.0018677038598231587, 0.0019010414814669369, 0.001945197120317074, 0.0019916376003887523, 0.0018376591390641516, 0.002046496247987115, 0.002059950488457159, 0.0017996055924252537, 0.0017877230012018927, 0.0017347362847066825, 0.001961231487116114, 0.0016540644012169746, 0.001748133987141847, 0.0018334373166393767, 0.0017049768249530973, 0.0018051706717692815, 0.0016537519844554661, 0.0018328266538342553, 0.0017114852364102184, 0.001663699953485237, 0.0015890813007099374, 0.0015366500839160003, 0.0015941733662456618, 0.0017436084320373627, 0.0017136181965780436, 0.0015722910296694025, 0.0016349294529397279, 0.0016007215136878922, 0.0016051918310154031, 0.0014442749416876115, 0.0017084725564106824, 0.001608189942469838, 0.0017233356468113073, 0.0017176850674291285, 0.0015243938171717222, 0.0016179073928156852, 0.0015584743312617153, 0.0016380002948834273, 0.0016082890829553574, 0.0014191756023236885, 0.0014647966855189552, 0.0015017671143286151, 0.0014647409953136722, 0.0014926416753266718, 0.0013858690003198176, 0.001516524045645888, 0.0013471281453799884, 0.0014207183848753482, 0.0013737405242055447, 0.0013035514660238703, 0.001343763286658673, 0.0013192876605369363, 0.0013374525619406538, 0.0013265169828625759, 0.0012647688520832571, 0.0013682176272135698, 0.001382717680095382, 0.0013933079725147238, 0.0012998343876016306, 0.0014642996436898988, 0.0011799622557545726, 0.0012450089654361613, 0.0012781179404543644, 0.0012978505082138264, 0.0011731499868125825, 0.001144035883072275, 0.0012067094610016835, 0.0011713977514150433, 0.0011554714714775885, 0.0012053200807197548, 0.0010836439113606066, 0.0011558154349383398, 0.001148153196691784]