Model Setup for Melancholic Patient 8:
ITERS=2000
LEARNING_RATE=0.001
OPT_RESET=None
ATOL=1e-05
RTOL=1e-05
METHOD=dopri5
Input channels=2
Hidden channels=32
Output channels=2
Runtime=319.5623679161072
Optimizer=Adam (
Parameter Group 0
    amsgrad: False
    betas: (0.9, 0.999)
    capturable: False
    differentiable: False
    eps: 1e-08
    foreach: None
    fused: None
    lr: 0.001
    maximize: False
    weight_decay: 0
)Loss over time=[1.1041268213920505, 1.0766541711202358, 1.0580272866697347, 1.0383060050072048, 1.0093671689923545, 0.9947886036823086, 0.9695420249942163, 0.9549160980549064, 0.9337269129139518, 0.9188707277172796, 0.8988213291997599, 0.8818660840268499, 0.8676152974950426, 0.8456498561220746, 0.8287424798385739, 0.8112782898255563, 0.7958325438305106, 0.7772706894109362, 0.7613788329368898, 0.7494083536967339, 0.7324748782467964, 0.7220880482193537, 0.7075740482286613, 0.6944842148851634, 0.6855852580207302, 0.6728915820522938, 0.6626524907282861, 0.6524526965404065, 0.64282006123041, 0.6335299292493183, 0.6259147332189143, 0.6171568414839144, 0.609710632169332, 0.6019250541656855, 0.5948003048554338, 0.5865834640311994, 0.5800585973840338, 0.5729542185241082, 0.567352471764297, 0.5588983237324995, 0.5539843679380885, 0.5465451065109926, 0.5401310267475737, 0.5348654664628386, 0.5284197698256446, 0.5221624792334048, 0.5159149008052684, 0.5101589231134027, 0.5040206964169301, 0.4983960337015228, 0.4928926718921568, 0.4867147527189586, 0.4814967162237878, 0.475690306482452, 0.46981223354570184, 0.46456718584739837, 0.45892491936709373, 0.4537551572749112, 0.44753268660250356, 0.44245077738692445, 0.4371274799513565, 0.4312677944994483, 0.4262182122163642, 0.42100870470935786, 0.4157996305297709, 0.41093206010996575, 0.40607606325776596, 0.4019319016428582, 0.3979111344606279, 0.3931443662133855, 0.38995262183481855, 0.3856876960409618, 0.380902960857793, 0.3766365716258902, 0.3719995085658418, 0.36746784826345363, 0.3639020678154678, 0.36041213574241576, 0.3551602224788824, 0.35146346812045776, 0.34739999441104, 0.34415624976838194, 0.33965088554206296, 0.33643910611729755, 0.3330375499470661, 0.32859166836662496, 0.32537979368434744, 0.32201260735010706, 0.31914842029142304, 0.31516603455473075, 0.31212780603756424, 0.3080467464685555, 0.30568882003159453, 0.30240276983607733, 0.2990455094109942, 0.2956969809245067, 0.29310314480107286, 0.2888106291298417, 0.28673165399454914, 0.28379379595199167, 0.28110979903062444, 0.2781625099470672, 0.27560819018991645, 0.27230834047253877, 0.2688999619392711, 0.26619694292427537, 0.26454232052255405, 0.26209841825573776, 0.2591591432017654, 0.2553512505398859, 0.25273699603231486, 0.2503260662597977, 0.24790311287998115, 0.24610372341903367, 0.24355335884992088, 0.24084124373239818, 0.23856301612730665, 0.23644080891496894, 0.23361427803662219, 0.22876778939740705, 0.2288092599435074, 0.22650436438202226, 0.2241509931767289, 0.22190022004713714, 0.22018787282577082, 0.2176529480590099, 0.21561274850488468, 0.21268698707172276, 0.21109058511009132, 0.2090240167478033, 0.206785695315273, 0.20492556077549368, 0.2028717932703565, 0.20061696426920425, 0.19888315896357406, 0.19698931056417382, 0.19447945990265758, 0.19213317962818313, 0.18986128488178144, 0.1876303730914974, 0.1856709527126842, 0.18384522885201793, 0.18187956703733962, 0.17935306055845304, 0.17822865221251433, 0.17700394049533966, 0.1739822762189008, 0.17343725781639086, 0.17144850493031477, 0.1695031237751369, 0.16787301883274194, 0.16535463472314202, 0.16365798646176047, 0.16327701567479916, 0.15899700647038448, 0.15629008848209736, 0.15584004138113824, 0.15443415558885776, 0.15264347935771638, 0.15135998131575598, 0.14823263745017487, 0.1471887446636092, 0.14336180226390552, 0.14278615814932774, 0.14118744304561676, 0.13985468176808485, 0.13606091220132374, 0.13414744432931527, 0.13452780539558903, 0.1306925960066209, 0.1311736510622725, 0.12722948753388935, 0.12584332207616866, 0.12398043911578638, 0.12212811813756352, 0.12059383373480853, 0.11943650958915297, 0.11787755252738732, 0.1169364803499168, 0.11453551159467, 0.11315858404413777, 0.11259843698401055, 0.11056593420655897, 0.10986035061268401, 0.10877583923419416, 0.10627557139108262, 0.10405335664340526, 0.1036022964189001, 0.10317746808434772, 0.10104681691574387, 0.10026661490048693, 0.09950730804455582, 0.09654963732998634, 0.09624960581261313, 0.09573003165827193, 0.09439944728998434, 0.09314238656953068, 0.09155049977825434, 0.09076671453282122, 0.09009631919550148, 0.08860309601029459, 0.08821400155771325, 0.08716044827198294, 0.08621520944343472, 0.08523239105577853, 0.08423677747711099, 0.08396449187166653, 0.08270681284878525, 0.08233219391995765, 0.08145050152589156, 0.08049873101696957, 0.0807084527196922, 0.0790053713745229, 0.07869012952613791, 0.07883015316493411, 0.07777161673068565, 0.07691263898075608, 0.07652697441033789, 0.07607788425338204, 0.07525028498902198, 0.07438160688490392, 0.07437825296705278, 0.07438174997635955, 0.0741961929291475, 0.07309524500340431, 0.07208051119636133, 0.07201930739554804, 0.07146131342060055, 0.07109783501998998, 0.07179714222761681, 0.07022259122405576, 0.06963648802548911, 0.06952805462593625, 0.06945768354903112, 0.06846127001536857, 0.06801690489999301, 0.06778644586249344, 0.06750218611543163, 0.0666613718114773, 0.06592030187721967, 0.06666127563117728, 0.06614038024222792, 0.06570820221782825, 0.0645267611270758, 0.06487667713477223, 0.06490621839264028, 0.06415968660554175, 0.06470014110922655, 0.06401708161615705, 0.06326016614012306, 0.0630315083930425, 0.0657542377043696, 0.0624410918894585, 0.06273819491472425, 0.06197483970603846, 0.06270689978796402, 0.06155571097565041, 0.061191861691872226, 0.06064625242371893, 0.060350649503506985, 0.06066232739430348, 0.06030753781170799, 0.060146209333692, 0.059848379303613426, 0.05955155061094091, 0.059310899184866185, 0.05827295265861266, 0.05888544431162809, 0.05796605383493975, 0.05762578376184457, 0.05772945042380719, 0.05895763336764567, 0.05773802205796968, 0.05741937445813643, 0.05714877162841885, 0.0567505677895312, 0.05964195362770954, 0.05860506625255382, 0.05827226797890838, 0.057574208581324754, 0.05671823585943225, 0.05578901990460261, 0.05503643908089302, 0.055560159900249866, 0.056970688203546234, 0.055383093999754565, 0.0546912419728999, 0.054314532190828574, 0.05503503694787631, 0.05492770662426847, 0.05472018944528458, 0.053535827338315384, 0.05340877851300719, 0.05321525324530438, 0.053027920846288865, 0.05690547326845649, 0.052411691515972095, 0.05272648551943897, 0.05278183146089899, 0.05266539109825433, 0.0525037427801175, 0.051957574423879375, 0.051763525941224756, 0.05139433283365531, 0.051725056690465655, 0.0516139074340021, 0.05131021728542673, 0.05082559578150048, 0.05081829265220677, 0.05093131432943305, 0.05066769935289957, 0.05054689701827002, 0.050264153015963896, 0.05134285776685143, 0.05067069899000597, 0.05029246188229069, 0.0501492117093815, 0.04987818629115126, 0.049648322759620916, 0.04923796181826956, 0.049369970810591225, 0.049224781337512, 0.048515815478153666, 0.048954777377040744, 0.04822565068293481, 0.05122768016100662, 0.04972491511850594, 0.049298124720916874, 0.04961504057522214, 0.04986521654338318, 0.047973137659991956, 0.047737631970246164, 0.04731460591859888, 0.04774349789685414, 0.04865753080523712, 0.04829931684082971, 0.04688631470913199, 0.04696942889505247, 0.04653160737435802, 0.04741207730760886, 0.04704466152526163, 0.046499690530081475, 0.04623401803421152, 0.04596106123960262, 0.04623440452868615, 0.04579377676363734, 0.04600031813249559, 0.04568281798512024, 0.045494907835225584, 0.04500104899575697, 0.04532646740102115, 0.04544103606587997, 0.04488941762989528, 0.04507526553348951, 0.04539975233011248, 0.04519564770442274, 0.044291714211708307, 0.044341821781238216, 0.04400541270102823, 0.044742200728022416, 0.04379516453470806, 0.04429831788351414, 0.04403091320091106, 0.043968993182663375, 0.044175245126935714, 0.04343394891889819, 0.04327835784567715, 0.04332061020321453, 0.04330671454490556, 0.04377493039550354, 0.04294333361104418, 0.042870518268487416, 0.042711186414583976, 0.04315417925562251, 0.04272856065319896, 0.04247892309142395, 0.04227938007719633, 0.04228491982990497, 0.04224432992337748, 0.04240570231051743, 0.042448229217384136, 0.042050296319257406, 0.04193254741219443, 0.04114910866752559, 0.04194231257031893, 0.04156248485150948, 0.04141269818254174, 0.04166783902265397, 0.041563111688810876, 0.04103087115957176, 0.04095280931975843, 0.041160805276568936, 0.04096843519374884, 0.041000242147000945, 0.04059975480492633, 0.0410505938218543, 0.04083496001749571, 0.04094183707302131, 0.04084040615055718, 0.04078032958625195, 0.040883368342821295, 0.040736616326196635, 0.04032761371527016, 0.0403495871368984, 0.03995738359706732, 0.0399407753512168, 0.039678686434171606, 0.03960858770270963, 0.039482192614049214, 0.03964777647244432, 0.03969950177010226, 0.039589459942897635, 0.03899765951558747, 0.03930475381888989, 0.03935640439221182, 0.038951299712610105, 0.03891377336874713, 0.03890992177786883, 0.038721243213424454, 0.0386316399677552, 0.0387783213976721, 0.03848733792853372, 0.038565091007755854, 0.03853976391867837, 0.03803842559425679, 0.03813243320429896, 0.03832647576540083, 0.0380621680098911, 0.03812181194246955, 0.03788870849101318, 0.037775945260561654, 0.03783316423101828, 0.03800781085582853, 0.0375092540040272, 0.03724764407799879, 0.03734744500447428, 0.03780942784525771, 0.03762307773862721, 0.03756484151800548, 0.037349717814970755, 0.03689962197155123, 0.0364837666972562, 0.03745707655347743, 0.03640650932826378, 0.036859314730975874, 0.037099747942533234, 0.03639617617215171, 0.036601122243938584, 0.03657196918361647, 0.036562605889764684, 0.03616321314761203, 0.036170201044558835, 0.036790128750819516, 0.03644612034139402, 0.03561908477203706, 0.03589957553655205, 0.035611533562287086, 0.03568292806745, 0.03577407052470153, 0.03578784700262775, 0.036041914429954934, 0.03555744573512865, 0.035556590906448, 0.035276807600795636, 0.03530802176846398, 0.03513398845828313, 0.03513150656924036, 0.03474362052329291, 0.03506736319775423, 0.0348251082317528, 0.03490144162228179, 0.0346052699328003, 0.034801271004169625, 0.03464835258382795, 0.03469877021026085, 0.03446878036748144, 0.03449058941199337, 0.03471636427828374, 0.03435816853952738, 0.034024672522483417, 0.034085092324064474, 0.034084180984650506, 0.03390529329617791, 0.03381575203804657, 0.03376237008560236, 0.03384191611673329, 0.033989259459645815, 0.033622613766595005, 0.03334037831714264, 0.03355854619784628, 0.03346165305774224, 0.03370929532023204, 0.03311533291868458, 0.0333319647258773, 0.03309864454702525, 0.03301409608024978, 0.03303759847852098, 0.033101440307477685, 0.033229387365702794, 0.03278653818465926, 0.032748052308090025, 0.03287890196090218, 0.03254455253113084, 0.03261822172314488, 0.03265910108913658, 0.032490134494678406, 0.03240849949524572, 0.0326170469408897, 0.03221424605677914, 0.03225310804142727, 0.03197138608057663, 0.03202076237515299, 0.03181163078093682, 0.03179681042857664, 0.031990488111204224, 0.03206279997272749, 0.03172737288948626, 0.03173973011022457, 0.031425242634976286, 0.03154394630160529, 0.03162344293955748, 0.031441346258702346, 0.031582457148662396, 0.031391613851398756, 0.031244911218979873, 0.03134511144815258, 0.031108954679795044, 0.031247161075424426, 0.0312276637527218, 0.030969701731561713, 0.030900753916584978, 0.030827825111125706, 0.0305965641679136, 0.030974780360051454, 0.03069566194471726, 0.030830474215433255, 0.030953735471633746, 0.030651810134544023, 0.030562538762224034, 0.03022557589418304, 0.030292737797350835, 0.030799484057970436, 0.029977565517205096, 0.030025646882716462, 0.030227776183600105, 0.02976218882607803, 0.029632176986994507, 0.02975194727620674, 0.029494971780330993, 0.029937093220367316, 0.02953632118368132, 0.029434359375662467, 0.02965115819274937, 0.029696137640845444, 0.029429310947100277, 0.029332614591367014, 0.02905862416045518, 0.029047604036585652, 0.02916600401891374, 0.028792342695632113, 0.02920902018524331, 0.02897432548266894, 0.029127191532582586, 0.029021303892658244, 0.028800638264828773, 0.02899984304869462, 0.028896992075576357, 0.02874211295594252, 0.028473831061686824, 0.029486095447217243, 0.029178576804322152, 0.028716827290289824, 0.028101136401344203, 0.028795872576019108, 0.028620047153904263, 0.02824005064259417, 0.02828173073064417, 0.028305553758014003, 0.028333977705789645, 0.02769934337117808, 0.027821094555292126, 0.02782985165321411, 0.027802992666424352, 0.027768478963622677, 0.027699906415193664, 0.02735789233740108, 0.027779745271998557, 0.02752708045746347, 0.0272930068849518, 0.02751188139977896, 0.027004299507631103, 0.027361436960819187, 0.027285607050397086, 0.027151131568511264, 0.027210812975393687, 0.027125126812597624, 0.027057622648628578, 0.02724414229190558, 0.026859352515617753, 0.02702740034015958, 0.026982235700643308, 0.02663794072872768, 0.02641252429962991, 0.026851349003070065, 0.026747207694133402, 0.02614755936844255, 0.026642205293386675, 0.026500377898039697, 0.026951226517437053, 0.02658834425468305, 0.02648983471444706, 0.026664275545122375, 0.026205164179793825, 0.025923391588651677, 0.026137209572598127, 0.02594660513518987, 0.026126661710858524, 0.025897761919266474, 0.02542690871820559, 0.0256558555889766, 0.025889700602177355, 0.025505004960240562, 0.02569331069371084, 0.02572290682613991, 0.025264126701644997, 0.025444933100257836, 0.02558490112890627, 0.025254108926029927, 0.025343497830075713, 0.02534466361216744, 0.02506919244928396, 0.02485012934122388, 0.025409785986595542, 0.02481761272332769, 0.02488744288753232, 0.025175118985887313, 0.025007566139186976, 0.02486043969535318, 0.024729381141402617, 0.02519953118980828, 0.024544213337509623, 0.024704010178106372, 0.024549799610982602, 0.024728072663120822, 0.02454253953127256, 0.024408290883863596, 0.024272080797200123, 0.02427743291920105, 0.024563176998369726, 0.024380002118044978, 0.024227903108983647, 0.02430095759436024, 0.02408376544744946, 0.024229203044947002, 0.02428251983260353, 0.024075211796395202, 0.023572038525161706, 0.0239108549310423, 0.023994838737782034, 0.02391681849672489, 0.023676738392149163, 0.023349748569080987, 0.02385727341852085, 0.02397627819763779, 0.023577902253099258, 0.02340047680422724, 0.023597117127836964, 0.023545708823791377, 0.02346243221560875, 0.02348974188975234, 0.023409480675521822, 0.023194417836695232, 0.023382137147484338, 0.022972948463175914, 0.023047425070609317, 0.022880100282635277, 0.023132215251275134, 0.022955045544668377, 0.022594325828009795, 0.022815343582223046, 0.022759689947702336, 0.02262946099659894, 0.02251678233944357, 0.02247914120731623, 0.022890460731478542, 0.022493047949091672, 0.02281464669358155, 0.022711446684302673, 0.022485664446991172, 0.02242366480924995, 0.02228395304676446, 0.02246696324006889, 0.022227297350329245, 0.022225152863310584, 0.0220880547939134, 0.02243511581496812, 0.022133959524257254, 0.021748685077568337, 0.021928726321976993, 0.02205514759265164, 0.02244109956784785, 0.021769131705743582, 0.021842502307062167, 0.022025020553820995, 0.02182177415944379, 0.021770089993734174, 0.021676076253401257, 0.021793507859713, 0.021486804167360176, 0.02162144461216136, 0.0217139858657, 0.021635097630710733, 0.021583039640485677, 0.02137786224786691, 0.021125092333674763, 0.021466860840340364, 0.021162042413174997, 0.02106493344797907, 0.021153647858724235, 0.020951959068228512, 0.02099318042052609, 0.020693431265065596, 0.020999956838984642, 0.021042848702937753, 0.020660228064201088, 0.02095478834097445, 0.02095176704672248, 0.02064801118136716, 0.02093771285591386, 0.020903418364391788, 0.020492592549409747, 0.02070915274785797, 0.020501030654136984, 0.020804395698599397, 0.020460947756520173, 0.020478677992893293, 0.020435496833135124, 0.020188924539460553, 0.02009946532848581, 0.020443533016540602, 0.02003613414220813, 0.020164373301252047, 0.020094659969942544, 0.020119766279647497, 0.01997244309627658, 0.020025603440659488, 0.020309884929670643, 0.020054523271429824, 0.019816844752616927, 0.019816330577121698, 0.020087215040722237, 0.019933622731318032, 0.019796092117221817, 0.019440061346156567, 0.02002117512146244, 0.01943915641779324, 0.01966660278930693, 0.01949840968092712, 0.019792278774402, 0.019686221617370433, 0.01945560851830084, 0.01961140336853495, 0.019557605548658805, 0.01937729682001416, 0.019421848186927007, 0.01927628238311529, 0.019298944202509934, 0.019339037949160053, 0.019273065861200117, 0.01894932969623441, 0.019216814802334767, 0.0198024276344449, 0.018928773742642954, 0.018939200262840877, 0.01906060524911218, 0.01885701649394618, 0.01877047255069687, 0.01895173453360072, 0.018920019092964147, 0.018755391090684605, 0.01900228295721538, 0.0185414113969478, 0.018520882169714384, 0.01880968813381402, 0.018496280669578348, 0.01890748553456773, 0.018633768094441002, 0.018522591861083418, 0.01842932483525558, 0.018440696240772183, 0.018418024242803265, 0.01842844106984817, 0.018416548793168543, 0.018319181686646684, 0.01810018236680967, 0.018358399214076334, 0.018242535841711236, 0.018247908384164943, 0.017985309427249838, 0.017881453464717843, 0.018331106790386333, 0.01798090934878567, 0.01795877229003726, 0.018166347527473044, 0.017912830613055476, 0.017760472141696782, 0.01799774952764154, 0.017813003781118972, 0.017821924003900213, 0.017608190150336583, 0.017753414973966944, 0.017672978917791727, 0.0175941189494374, 0.017428501176142246, 0.018143547398407987, 0.01767754996553916, 0.01756879404399998, 0.017705900351658834, 0.01760694639065664, 0.017680050407671562, 0.017370031079855408, 0.017972054908786016, 0.017999430317897882, 0.01743836140666516, 0.017694164903887675, 0.017773718650376847, 0.017980446332178667, 0.017103021924635264, 0.017385185988795033, 0.017760891769158304, 0.017371760843858112, 0.017155338589422295, 0.017305646112290254, 0.017281117381361052, 0.017186759851060454, 0.01685010572093022, 0.016876211829563205, 0.017165321862495267, 0.017160280160226634, 0.017107822704893912, 0.017013431041508254, 0.017465830637720992, 0.01719147656508617, 0.01689971934311563, 0.016694395987196367, 0.016612223404152027, 0.01684815367611816, 0.016625107428882787, 0.01679812788365863, 0.01652946403911585, 0.016664967104872697, 0.016768587955268154, 0.01672174705488695, 0.016601193041333617, 0.016537997975715448, 0.016685122688237165, 0.016488939661873838, 0.016452492292197165, 0.016301635249194958, 0.01628337273565166, 0.016266162476445606, 0.016213895221850416, 0.016220216466952778, 0.016292038064673182, 0.01643742818771236, 0.016209937454431608, 0.015900837145741423, 0.01611215390938956, 0.01603063687265471, 0.016095235488028874, 0.016082925292717775, 0.016002440726040977, 0.016082339347074107, 0.015897790701909473, 0.01604941955556166, 0.01576238716293053, 0.015714258309051335, 0.015953642231162846, 0.015835943932905452, 0.015943937976915488, 0.01566558953303165, 0.01570464589989767, 0.015705857002533106, 0.01566154012871881, 0.015654734379622823, 0.015519832708775378, 0.015587583582344603, 0.015533538866868719, 0.015513318686036403, 0.015684757942169655, 0.015530456976818803, 0.015522653021371291, 0.015560484830427303, 0.015386454900683017, 0.015256403838569625, 0.015303071566877314, 0.015157719191082124, 0.015285369417345455, 0.015289578857222279, 0.015212923884023198, 0.015250037695684645, 0.015189609053322591, 0.015103285274864164, 0.015016193145158063, 0.01494495734431634, 0.015141251671824481, 0.014985320820588404, 0.014943480478605813, 0.014921610339489279, 0.014961259557431066, 0.015021625114625292, 0.014921313062054915, 0.015032700316123176, 0.014973376321347931, 0.015055503063344881, 0.014846758865913202, 0.015146428418195216, 0.01495804483247713, 0.015463397913032561, 0.014956622002716772, 0.014942972270957523, 0.014614499681223901, 0.01516793077092946, 0.014828406349528468, 0.014613036109084055, 0.01462873401920452, 0.014799456000224006, 0.014829229430472046, 0.014631669743187543, 0.014448447738971314, 0.014996805063563807, 0.014843563823950164, 0.01494606119242334, 0.014446573334022399, 0.014391653505731768, 0.014396841584905002, 0.014445538530132885, 0.014734388675572297, 0.014196111014516517, 0.01431989743561521, 0.01476847513834716, 0.014591020322950171, 0.014359981636381141, 0.014191829090863438, 0.014236499036272237, 0.014375460151468756, 0.014124434541614828, 0.014169613309376898, 0.014281850863072957, 0.014328674601261866, 0.014727558911069654, 0.014132231418420875, 0.014087863278165342, 0.014246985274562161, 0.015014231695117368, 0.014081110732448528, 0.01377685110575717, 0.01448559717647757, 0.013856338645245214, 0.013827148303314286, 0.014053476556202276, 0.01402056745525821, 0.013858069503962551, 0.013871321530677515, 0.013651390781560585, 0.014128222720712262, 0.013612316000601933, 0.014039038066196401, 0.013749681294426058, 0.014092131972059461, 0.014015301927799843, 0.013747516887223248, 0.013581489181216906, 0.01358759207483627, 0.01369802209956672, 0.013700862051415208, 0.013740997887755652, 0.013530384421851683, 0.013928348202742531, 0.013731559735335942, 0.01354726186976231, 0.013491112400271565, 0.013472389882288075, 0.0133937387300658, 0.013691603643983495, 0.01331568719890514, 0.013511514698115769, 0.013447188243358582, 0.013304817196341372, 0.013214159059039726, 0.013213239010456007, 0.013189464592160765, 0.01338779361547529, 0.013113470039267877, 0.013038334595555045, 0.013228582888098033, 0.013315445328025892, 0.01326246627754905, 0.013268872814893246, 0.013217713348371634, 0.013101820757620859, 0.013047994550825342, 0.013148619970124292, 0.012962995949731675, 0.01310681800564873, 0.012927552822112276, 0.013036056072816186, 0.012844582613257704, 0.012956514738079156, 0.012979198231682886, 0.012782287979164158, 0.012886394934684332, 0.012906003639436591, 0.012760038439987497, 0.012807794512796379, 0.012854833952896634, 0.012791309463851546, 0.012841320821795003, 0.012740065925224954, 0.012717899201447225, 0.012825063592281733, 0.012705848090022377, 0.012746380392140195, 0.012653219692291768, 0.012954468436771858, 0.012701201155823738, 0.012711572456013731, 0.012905585971569515, 0.012876669993431511, 0.012590813396302176, 0.01259179353470608, 0.012754322356367165, 0.012553293280003784, 0.012294263933908823, 0.012702973290885185, 0.012627553636236966, 0.012487163083679004, 0.012362552744419386, 0.012540078381559126, 0.012372520362955036, 0.012222771455492365, 0.012751701703014807, 0.012314463825160578, 0.012211646914968934, 0.012547741498657389, 0.012651109842654924, 0.01229336210454871, 0.012422787380172218, 0.01207364047828242, 0.012315051714699238, 0.012157998502285034, 0.012257950186568924, 0.012095029239178367, 0.012228356479000274, 0.012039962242083724, 0.011966471947703856, 0.01226915945355458, 0.012062506287720124, 0.012007622467965884, 0.011927877596300644, 0.01207588443418961, 0.01203117306497279, 0.012012632442430983, 0.01198836162017989, 0.011959724298659193, 0.011816112412934164, 0.011787194599951383, 0.011845922055050888, 0.011907592447909647, 0.011814399746701797, 0.011674801231269098, 0.011762093180348376, 0.011742207999975109, 0.011754046800547212, 0.011767661880044028, 0.011680090868666414, 0.011642826114293842, 0.011721956797863337, 0.011453376526338616, 0.011425117350624429, 0.01153356528010806, 0.011589598167186467, 0.011361232968786932, 0.01155287356710799, 0.011521194246810397, 0.011576499232728764, 0.011647157184863994, 0.01149558123026881, 0.011551938355204789, 0.011720473251207975, 0.011466713339890112, 0.011558665242892452, 0.011864311160069791, 0.011299501933585353, 0.011577059360399213, 0.011558798262426112, 0.011395140938797866, 0.011518718660906676, 0.011396972797358223, 0.011498056704466368, 0.01159708286412452, 0.011281409115874759, 0.01114712749316914, 0.01114433823358494, 0.011300916813466316, 0.011221200140681186, 0.011241190659085147, 0.011083098711720878, 0.01120322630072041, 0.01117173025105475, 0.011013691140537228, 0.011347646685507395, 0.011127739505286643, 0.0110213877099614, 0.011022653007555281, 0.01108074448044199, 0.011026814816593806, 0.010993129645157178, 0.0109715926422442, 0.010982368193190862, 0.010953851726009834, 0.010889263270561134, 0.010849209919340892, 0.010726780164081082, 0.010919909754967313, 0.010930626727135372, 0.011172142237737244, 0.010824597043129243, 0.010767605338407172, 0.01090652700653999, 0.010727713631767355, 0.01073626911823957, 0.010624810854643327, 0.01058243790890716, 0.010957043971398196, 0.010665607745770507, 0.010683906530334991, 0.010712799186145244, 0.010893415750900708, 0.010856822248075458, 0.010761948956935158, 0.010502798690657771, 0.010537763784194883, 0.011360119077610897, 0.010500133314879251, 0.010517397863236261, 0.01103876529485186, 0.011088135206898756, 0.01053633528891996, 0.010496035149043549, 0.010499162865586916, 0.010826634885046905, 0.010433891804378408, 0.010791451933459408, 0.010261446746298176, 0.010699718422380477, 0.010948513161230446, 0.010801943578676905, 0.010208433645225605, 0.010298193242326038, 0.010380666808004547, 0.010335037907533916, 0.010393992922267318, 0.010142463401465789, 0.010192775905745523, 0.010143046163005742, 0.010266497740914982, 0.010241951229238362, 0.01012593457085225, 0.010004223263952845, 0.010004052277063472, 0.0101149577804458, 0.010045237833529204, 0.010145383119401406, 0.010118120447220703, 0.009961967256825138, 0.01009834460104646, 0.00987213654655547, 0.009877706335916649, 0.009982603129037987, 0.00993055662537854, 0.009985433597857765, 0.009850784739500422, 0.009968399023374569, 0.009786240078294761, 0.00983326961704492, 0.00991462567768794, 0.009942793264904493, 0.009755247264065318, 0.009798505228355377, 0.0097072190566299, 0.009855440441840491, 0.009717839794533157, 0.009706884130016014, 0.009682794275874982, 0.00990160823641263, 0.009614202540895928, 0.00975409045690154, 0.00967269113626717, 0.00966005617240855, 0.009548729683674968, 0.009581504077908254, 0.009399059299885935, 0.009572296047681677, 0.009654477150423784, 0.009404234673442756, 0.009487632797549512, 0.009494766771992985, 0.00943145560486235, 0.009505568577915022, 0.009453402486997027, 0.009401491270757184, 0.00942513546371853, 0.009514444867540018, 0.009448043356079183, 0.009250128179716481, 0.0094044402308669, 0.009173855245302317, 0.009322343169268764, 0.00942866229360465, 0.009365699316111082, 0.009315973331562158, 0.009157850011810064, 0.00920714079751015, 0.009042542478122091, 0.009181954682004, 0.009102771981738573, 0.0093839932232653, 0.0090764532911169, 0.009042572592813021, 0.009244307804012373, 0.009185759768862031, 0.009041036634092385, 0.009014360079876675, 0.008994840652221787, 0.009043207588517364, 0.008892845769889067, 0.00903239989493871, 0.009169415850838143, 0.009010686102240683, 0.008920851092208588, 0.008980146633836417, 0.00901648159551077, 0.008956959899081142, 0.008818362768375615, 0.00887863275209393, 0.0088743129080691, 0.008901617083210238, 0.009055590404247275, 0.008860617032424512, 0.008925435968682215, 0.009001625349703335, 0.008914096448034764, 0.008897735239705327, 0.008789177769283403, 0.008902702959609541, 0.009042624150654157, 0.00870783543995019, 0.008761138173934275, 0.008658364113777621, 0.008872141776534642, 0.008941097001014139, 0.008788729926977186, 0.0087480240578649, 0.008599110933890236, 0.008623103852677285, 0.008761651990840936, 0.008824715465831473, 0.008712778082562565, 0.008616731106966386, 0.008778814097000003, 0.008810441133920042, 0.008864793830849926, 0.00838317607674882, 0.008329770437841237, 0.008895577531288395, 0.00834816028536255, 0.008575763694503837, 0.008536172249902997, 0.00832455775712018, 0.008554126336687258, 0.0087038402357113, 0.008496860868510038, 0.008369674798758296, 0.008236387727110061, 0.008228769887322442, 0.008440260494331425, 0.008320592348273424, 0.008221513308267507, 0.008216089862357147, 0.008174645581651013, 0.008174794305230382, 0.00846687243605186, 0.008205249546807337, 0.008248577841961886, 0.008128832412844683, 0.00817331184298731, 0.007967070318786417, 0.008123264730392911, 0.00813898503518113, 0.008063142912555407, 0.008215406406500248, 0.007994304167148025, 0.00811090700272062, 0.00794825176643877, 0.008001011918297557, 0.007977426998511054, 0.007879056958570618, 0.007760441241648864, 0.008134673509133498, 0.00784636923697745, 0.007894607535204639, 0.008069953261847439, 0.007865312442294124, 0.007868625695355085, 0.007877909976577955, 0.0077994419244800635, 0.007818966117863342, 0.008254384678694443, 0.007831034195126124, 0.007685522023783969, 0.007874964813133946, 0.007769575768009932, 0.007676073047030368, 0.007807239294206847, 0.007592878533223677, 0.007915221232885006, 0.007644599417777704, 0.007699111306525583, 0.007630847438362883, 0.0074325754040959514, 0.007659776577103155, 0.007609639731846732, 0.0075636481434389466, 0.007601847460876834, 0.007544400084049635, 0.0073542041119427255, 0.0076295380237745925, 0.007502720792801219, 0.007445624078349725, 0.007343653964442132, 0.0073864694067565595, 0.007602383828650067, 0.0074040061807529615, 0.0073502003843270445, 0.007384243246293929, 0.007458886051089403, 0.007387042903974997, 0.0073984129473814745, 0.00717402004074199, 0.007360505875247215, 0.007374206008665346, 0.00732573309218304, 0.007121317831148835, 0.007220545453062946, 0.007128467072427634, 0.007312500292042259, 0.007453046062713169, 0.007116008206636489, 0.007202310245874851, 0.007168602350153042, 0.007309382243998847, 0.0071008208496679244, 0.007534343666886356, 0.007210369731111595, 0.007034405607830127, 0.0068999879556523955, 0.0069962996615116095, 0.007082886435236488, 0.0070488294065965, 0.006919770608719486, 0.0070108921199648145, 0.007273457849681226, 0.007138037340062023, 0.007164139870343187, 0.00705124680485496, 0.007042687900506167, 0.0074521409328087256, 0.0070625717036295, 0.007043724150021014, 0.0069003797290423385, 0.006722214228712978, 0.0066779011509146835, 0.006760974210783106, 0.007039742850080113, 0.006910545943961368, 0.0066932413752295175, 0.006777770309203499, 0.006862448670331006, 0.006868868289740984, 0.006901199263274698, 0.006734927942431631, 0.006781058987585719, 0.006612171820098808, 0.006692589545992326, 0.0066479381731143795, 0.0067198015617608246, 0.006686506730509179, 0.006576700875337759, 0.006852466291481434, 0.006533984815941619, 0.0065719289005333635, 0.006646802664071874, 0.006625381137256719, 0.006432207742165141, 0.006687901104026766, 0.006770829742427164, 0.006527504279898493, 0.006544827230751744, 0.006565757298954102, 0.00656293643644982, 0.006606698790409912, 0.006431405989481076, 0.006409707097668177, 0.006432726332431051, 0.006458636495303555, 0.00623713443795679, 0.006227445830464123, 0.006630786285384201, 0.00633956353265995, 0.00651055891259589, 0.006307738119151778, 0.13027159920814035, 0.0064569247255501705, 0.0064341947114771305, 0.006217333157280388, 0.006165284877170216, 0.0063157062923084204, 0.006245497745974371, 0.006238401974332356, 0.006176305025478385, 0.006147691810097969, 0.006256358765026767, 0.006195807569803646, 0.006365439881601488, 0.006447110983529872, 0.00619314716332624, 0.006178323772705969, 0.006230159119652304, 0.006070295183091318, 0.0060388430322784155, 0.0062978256518115535, 0.006067890605748207, 0.006084099281602449, 0.006295951770720628, 0.0062296029202919215, 0.006063026836013594, 0.006219698933084481, 0.00617418614659529, 0.006085541071334789, 0.0061459331723891205, 0.006105222195023652, 0.006010936888334601, 0.005869091600105896, 0.006011642104299859, 0.006040629756970667, 0.0060978724345252784, 0.005941350929094879, 0.005933827181613748, 0.005748244698130612, 0.005822225500620826, 0.005778989643687358, 0.005856531370367651, 0.005717956770677707, 0.00578309644967681, 0.005844690130694966, 0.005741653228172219, 0.005801389942761781, 0.005824408146323844, 0.005872293180080762, 0.005777633756760981, 0.0057435654526993155, 0.005806976332834211, 0.0056050815454513426, 0.005686430468710299, 0.005942930551345046, 0.005693935150772098, 0.005905945666597457, 0.005614510488971355, 0.005544731371981998, 0.005663824069833051, 0.005666772306046809, 0.00568129874542858, 0.005468293598231289, 0.005571573892944032, 0.005458521011314424, 0.00557451441214275, 0.005561488763252257, 0.005482756421074913, 0.005761454779296527, 0.005510810301080873, 0.005493582148345172, 0.005314662667981022, 0.005424123739807171, 0.005377881738776443, 0.005312259487784839, 0.00553338271206773, 0.005677951382930435, 0.005511583041598712, 0.005247926067033066, 0.005293925564685762, 0.0051884147696271135, 0.005519898386205194, 0.005293480530101051, 0.00542475630002113, 0.005210524741106332, 0.005218163316559004, 0.005627804311507328, 0.0055894339421135066, 0.005427223332631148, 0.005594825127600461, 0.005338587736669708, 0.005308239833645526, 0.00519323201554286, 0.005174214331495878, 0.005272382897499197, 0.005087268469091307, 0.005138706185102204, 0.005194095738709589, 0.0052583873011945925, 0.005028986163386195, 0.00503491375285976, 0.005072599951167409, 0.005116118442607446, 0.005013410907381219, 0.0049949497597682755, 0.004934160699986167, 0.005267635890740869, 0.004922478277129226, 0.005054094951447697, 0.004930238797421393, 0.004914656106908105, 0.004851810832785187, 0.00510231898950236, 0.00503344066789986, 0.005096024621963659, 0.005054004541040453, 0.0047558245759038815, 0.005214636030764402, 0.005109914856530334, 0.005057248355643453, 0.004818423980322447, 0.004818037785616339, 0.004904537495016465, 0.005017553481382747, 0.00513729985931004, 0.0049357594075818976, 0.004853189979142395, 0.004712366867711006, 0.004703898081814406, 0.0047861400702208295, 0.004691474294218338, 0.004670413834805793, 0.004676349863897768, 0.0047913874652408435, 0.004709495923163918, 0.004659516826394475, 0.0047609673050601235, 0.004727531063624806, 0.004582559218529888, 0.004605664774971804, 0.004449906844091505, 0.004739168971551611, 0.004772429126925665, 0.004446803351549609, 0.004656283952351064, 0.004428731995382736, 0.0044846755352035035, 0.00458292342542588, 0.004574615166937122, 0.004522573221024542, 0.004449350131562179, 0.004522111552234775, 0.004675981048346089, 0.0045778550434368, 0.004401696602636499, 0.004670625542577076, 0.0043932638314023295, 0.0044043645892058395, 0.0043826211050479215, 0.00445796195923931, 0.004430580114652589, 0.004540632002586, 0.004325075840847625, 0.004326317915727943, 0.004296663590842367, 0.004400794167613817, 0.004517701722703212, 0.004282675689642337, 0.004305144998502602, 0.004394783164718155, 0.0042245437191161745, 0.004282136766198554, 0.0042640389900808935, 0.004263176263340689, 0.00422314761364149, 0.004172176005722352, 0.004182359329322727, 0.004126757474443182, 0.004138091407574944, 0.0041955713272802155, 0.004153028678764106, 0.004509608084818259, 0.004078076375206751, 0.004171767982072731, 0.0042215655527624435, 0.004159625042745356, 0.004208256545880868, 0.004341729907372068, 0.004144933078730138, 0.004109300537493321, 0.004128125909649085, 0.00408171675304867, 0.003990030758045023, 0.00399108756540402, 0.0039889463151507746, 0.003974051945363249, 0.003992332642869242, 0.003916635180642645, 0.00398708514899927, 0.0039802916270139654, 0.004019584250281583, 0.003960820873283293, 0.0039458284145255365, 0.003868095899463479, 0.0039857858225406245, 0.0039401742938537385, 0.003910079359997506, 0.003978287139779178, 0.004499492214259227, 0.0038834523381285676, 0.004041457724108461, 0.00409863237523263, 0.003982719782794319, 0.0040022780552428855, 0.003875968772018172, 0.0040345392139446955, 0.003707096336748979, 0.0037196645496484775, 0.003846797486014322, 0.003793899210788337, 0.00372264785556633, 0.0038788646646635548, 0.0037780175512341324, 0.0038745690273893378, 0.0038764904425308707, 0.003824344993130642, 0.0038096423856263132, 0.0038420441921261997, 0.0038392062146409677, 0.00372369575094378, 0.003662396449190128, 0.0036717388603468085, 0.0037682787996765154, 0.0038623653911087704, 0.003578294651436926, 0.003643824262505863, 0.0036325367610513, 0.0036219549863316615, 0.0036104200002001954, 0.003575900094597258, 0.0036305350857723014, 0.003474992316029399, 0.0036167091247411676, 0.003551735855979041, 0.0036620753847736473, 0.0037245401713466323, 0.003615946119813379, 0.003553676281592033, 0.003507267719423812, 0.003540697674716477, 0.0035308770845852446, 0.003510164820855651, 0.0035394371936370117, 0.0034043939207231517, 0.00357897599903402, 0.0035335768932974036, 0.003500093033606636, 0.003515006557033594, 0.0034650748364128737, 0.003512492322314766, 0.003351237099463229, 0.003494093939006761, 0.0035425088217645655, 0.003369065539371553, 0.0034876004174128946, 0.0034265392415687612, 0.003337222376281304, 0.0034015695060383624, 0.003419667954284268, 0.0034367352608836053, 0.0034293074089412024, 0.003336912560410307, 0.0033459358769625082, 0.0033560611307134817, 0.003621725021914347, 0.003171405136230555, 0.003474939649660237, 0.0032650002696303472, 0.0033017581219775822, 0.003229000522000068, 0.003281439902333483, 0.0033675839602051016, 0.0031147606346978453, 0.0031652993237756303, 0.003702865207842652, 0.0032061448915222455, 0.0032015441849507498, 0.0031937768583955497, 0.003234976042859425, 0.0032322962706070393, 0.0032154213174922838, 0.003192797974190328, 0.003191617881268717, 0.0031947377031324915, 0.0031963729802362926, 0.0032710109873869044, 0.003292142770679965, 0.003144879195902793, 0.0031431155297012505, 0.00309266474163329, 0.003205965890627842, 0.0033272070633031986, 0.0031062357322489717, 0.0032159845912944633, 0.0031276105922899864, 0.0030300667711646734, 0.0031896395511614092, 0.00301035603990928, 0.0031719382024364183, 0.0030464226624772246, 0.003046117137555582, 0.002929316956622564, 0.0030647327296200733, 0.0031034046041917254, 0.00301664855973596, 0.0029657741722911913, 0.003034840056764469, 0.0029420493862177986, 0.0029866969337954273, 0.003064758436592016, 0.0028742974134235346, 0.0031593129260664684, 0.002912772139593269, 0.00294560798317888, 0.0028508846788452414, 0.0027597298255037997, 0.0029009158011847644, 0.002831050811517618, 0.002757680630812256, 0.002943483842025005, 0.0029244060579450685, 0.0027654382465519298, 0.002827382135887954, 0.0032702971864115578, 0.0029379756416743454, 0.0029300032731001333, 0.002891767764128247, 0.0027811161572641675, 0.0027816567000749433, 0.0027776351872976553, 0.0027417736888355475, 0.0027394765813423738, 0.002841503251514776, 0.002807699887964815, 0.00284377406039361, 0.0026172485404964223, 0.0026111880549365436, 0.0028439615282886336, 0.0026618362263146, 0.0028353567686978547, 0.0027170543109118744, 0.002743725290230551, 0.0027518614501538534, 0.0026283311013538565, 0.002535757813541976, 0.002700508111080389, 0.0025792886281167824, 0.0027728756781585286, 0.0028638485251296407, 0.0026986206403059546, 0.0026394465901098344, 0.0026702766592132175, 0.002582885931188907, 0.0026377372395786566, 0.002746503328792099, 0.0025941786721305053, 0.0026442291362948457, 0.00265278162804421, 0.0025480187132728375, 0.002567528478525824, 0.00250866010957157, 0.0025526908052800877, 0.002582673775068973, 0.0026554940459729737, 0.0024681640782502024, 0.0024396926313134553, 0.0024535997390089863, 0.002507118175011433, 0.002595114429783446, 0.0024864998556354493, 0.0025393907599630863, 0.002543689901193559, 0.002453576585292652, 0.0024526445918140257, 0.0024430308860671265, 0.002474425256472459, 0.0024084157106275582, 0.002457648827482704, 0.002414531706841649, 0.002398133113372189, 0.002461473644033068, 0.00250172241359142, 0.0023675613968699594, 0.0024002141367493106, 0.0023503921411196574, 0.002356508589782591, 0.0022778239003885354, 0.0024731231549037667, 0.0025067723064299595, 0.0023471264236760007, 0.0022893042979307593, 0.0023833488220985663, 0.002735855714329322, 0.0023172170415995744, 0.002358493880267525, 0.002380625412511798, 0.0023503147404007564, 0.0023404944636428848, 0.002360116284994721, 0.0023221219148394784, 0.0026265021082907355, 0.0022973287470792413, 0.002386655451258686, 0.0026072280957071077, 0.0022632939388551095, 0.0022608591617110773, 0.002364151734788176, 0.0022538340567836565, 0.002274840162757549, 0.002288547585103934, 0.0022530227361173684, 0.0021984963683906555, 0.0022478428096322353, 0.0023571748179880463, 0.0021305636495130374, 0.0021337944366796122, 0.0022367993803274647, 0.0022146049368908104, 0.0022398125082294636, 0.0021302213339000637, 0.002197697246857898, 0.002148475717124167, 0.002210585264269772, 0.002125850700016194, 0.0021106381374373664, 0.0022054560481301415, 0.0021954580937090322, 0.002078058171136117, 0.0020766721432019545, 0.0020802313363270167, 0.001995806897343976, 0.002181745479876346, 0.0020331181871777767, 0.002124798736427429, 0.0019700772181330513, 0.0019189495073970756, 0.002050145507582766, 0.0019783145458694587, 0.0021174706709664263, 0.0018655449648414576, 0.0019343034828453634, 0.002043705819751794, 0.001860718475421765, 0.0019273301267258571, 0.0021079412292895655, 0.0019146441103086616, 0.001959341314819157, 0.0019416190392714063, 0.0019598640452789784, 0.0019738375676150513, 0.0019461796247035056, 0.002027877211645071, 0.001900193429497478, 0.0019412834464644904, 0.0019305753806046016, 0.0018969985243748359, 0.001979895495630587, 0.0019437089578484216, 0.0019219361703192515, 0.001958106140988803, 0.001941294835126202, 0.0019296306700580074, 0.0019952672344996794, 0.0019587343624282937, 0.0018623902620275067, 0.001788506323244232, 0.001878196919355902, 0.0019489194452951516, 0.0019593849771206875, 0.00218474188620858, 0.001911631468951198, 0.001882361808984048, 0.0018986521555570254, 0.0019010442125190965, 0.0019445668878770696, 0.0018656720445390169, 0.0019145630459487131, 0.0018416189903880042, 0.0017623646203034984, 0.001959563193607178, 0.001744053828734319, 0.0019232193004019584, 0.0019108818187478587, 0.0017948958887308644, 0.0017805063876260032, 0.001707795009214217, 0.0016761199927303255, 0.0017581246641670855, 0.0017597575175073105, 0.0017153935060327133, 0.0017978130338268403, 0.0017291047590939192, 0.001752233723128713, 0.0018181220044691795, 0.0017467868099947286, 0.0017125619811301693, 0.0016811542391987234, 0.0017210470067037015, 0.0017142382768725712, 0.0016504088080632653, 0.0018726509254350264, 0.0017789512396764531, 0.0017868428280097927, 0.0016629003643009869, 0.0017440745139701349, 0.0017213318674140562, 0.001670713688890229, 0.001738192542443915, 0.0017178801676055436, 0.0016980430203633644, 0.0016458664371710528, 0.0016610309622704087, 0.0016524114148759336, 0.0016597004012029182, 0.0016485382849965036, 0.001645926111946881, 0.0016620221034894154, 0.0016049624828984109, 0.0016125012153066763, 0.0016286772300659073, 0.0015923481392895247, 0.0016098635769599059, 0.0015822813740135535, 0.0015886874095735048, 0.0015527511622451245, 0.00155899068138574, 0.0015844986084037548, 0.0015517421303439455, 0.0015232533438928617, 0.0015404117572054379, 0.0016122657891869633, 0.0014646337600598685, 0.0015611704530255456, 0.0021515108378511076, 0.00161323587854227, 0.0015863698800274452, 0.0015958329873437998, 0.001653840026747228, 0.0015807744141060759, 0.0015553814897470498, 0.0014875127143223132, 0.0014743323096994348, 0.0015551964175089352, 0.0016302842041100482, 0.0017687839279506559, 0.0014383985070408431, 0.00151458108113311, 0.0014615787502883565, 0.0015582416607041627, 0.0016878410722259542, 0.0014727774882703263, 0.0014848607244641037, 0.0014591043823240848, 0.0014131785532237652, 0.001469566668787716, 0.0014943007559887866, 0.001451519759256828, 0.0014108869766948, 0.0014932189074292205, 0.0013597401043498483, 0.0014212558375851744, 0.0013425314945337572, 0.0014234771707334094, 0.0013521756907105052, 0.0013982485985067842, 0.0014117225945371032, 0.001373787854146438, 0.0014026550120343326, 0.001450298949225208]