Model Setup for Control Patient 14:
ITERS=2000
LEARNING_RATE=0.001
OPT_RESET=None
ATOL=1e-05
RTOL=1e-05
METHOD=dopri5
Input channels=2
Hidden channels=32
Output channels=2
Runtime=289.60333371162415
Optimizer=Adam (
Parameter Group 0
    amsgrad: False
    betas: (0.9, 0.999)
    capturable: False
    differentiable: False
    eps: 1e-08
    foreach: None
    fused: None
    lr: 0.001
    maximize: False
    weight_decay: 0
)Loss over time=[2.6161625112577327, 2.5986256110858226, 2.582093107569058, 2.563374269471251, 2.5454584573111108, 2.5242085839197146, 2.507747726421738, 2.4798854006689495, 2.473344032281709, 2.450225239676124, 2.4392416185836825, 2.4233918104300676, 2.4072298325669284, 2.387848356294439, 2.3747287266285615, 2.3597512550772097, 2.341651361527899, 2.3250235342747505, 2.317380278308548, 2.3033500782397542, 2.2827150193964165, 2.271021763280658, 2.2563798014344707, 2.250273456436273, 2.2293607820418004, 2.2165037976371074, 2.2072070700191486, 2.1877219211850796, 2.1773534822367084, 2.170964551581011, 2.15324851027613, 2.1456222991674547, 2.1271328533825753, 2.114274554887993, 2.1063651413264015, 2.093054530931258, 2.0847652261905307, 2.0713461719125985, 2.0623763904976053, 2.04366097563113, 2.037991574935718, 2.0208402768633102, 2.014805142327144, 2.0021822263401785, 1.998784101053041, 1.9854014231227621, 1.9737176809514987, 1.966017060078425, 1.965151489046587, 1.9403202864253153, 1.9358815735918846, 1.9177160936454412, 1.913249175669612, 1.900004794791102, 1.888962316449561, 1.8827810337897888, 1.8683982808302162, 1.8610793460934154, 1.8531486528144996, 1.8454653305589703, 1.8303495491841923, 1.8286672964544395, 1.8154004273067441, 1.8050429079284631, 1.800120443190916, 1.7870925807555766, 1.774215112058525, 1.7662278502107656, 1.761190622171766, 1.7460424123454317, 1.742768652888691, 1.7257720056425114, 1.7192081189783506, 1.716794465403998, 1.7029754798278014, 1.694963105404304, 1.6864544346968686, 1.6774549273800496, 1.6726872231378445, 1.648923693110355, 1.654148733266061, 1.6419637746289366, 1.6311525368199107, 1.6280750190491249, 1.6185784051176197, 1.6111436340138312, 1.6012647839311789, 1.590025967443873, 1.5854935628590405, 1.574076348267271, 1.565413950541995, 1.5569033739899487, 1.5446157970735719, 1.5432432750849043, 1.5316865804590227, 1.5202440268087407, 1.5155813901718815, 1.5036345884854443, 1.4946895404452893, 1.4874799208311364, 1.479793386237185, 1.472368186266415, 1.4611483326875943, 1.456054287814898, 1.4424913959143384, 1.4383174074015799, 1.422952748281964, 1.4181044346317961, 1.4088094434256369, 1.3991619764597554, 1.3973650414976548, 1.3895042897435521, 1.3814711074837287, 1.3724203728368969, 1.3632751448362088, 1.3541484177077119, 1.3471295459445232, 1.340319723093318, 1.3294019031268867, 1.323429539109262, 1.3167754565642509, 1.3082781848620284, 1.2968998658806727, 1.2936071681750605, 1.284408268488353, 1.272885056030397, 1.268712497810975, 1.258774611763908, 1.2568998884830895, 1.249288344339481, 1.2406679555232782, 1.229405793994644, 1.2252085783298716, 1.216257005547696, 1.208069247464408, 1.200776620092569, 1.1932351910549128, 1.1881214471853703, 1.175328981441483, 1.1682914689666084, 1.1654507775234124, 1.1568770460800062, 1.1479904681597615, 1.1417299149150024, 1.1352396721173366, 1.1265290778566557, 1.119179592857336, 1.105932762553471, 1.1044575668096088, 1.1028088817804074, 1.0871870615573676, 1.0805871472860162, 1.0715632372281705, 1.0675390393254798, 1.0607101240176553, 1.05248788077652, 1.042240512085202, 1.0375113687718176, 1.028509511481054, 1.019101451496451, 1.0167936853499429, 1.0068616295505224, 1.0010870399389173, 0.9923399035041608, 0.9862306235097216, 0.9820790695528476, 0.9707171380527242, 0.962566100888473, 0.9540808653203329, 0.9499050114648565, 0.9446984013597337, 0.9374926966130072, 0.9289198814500348, 0.9240085964036534, 0.9193603318978645, 0.9075896153516044, 0.9016190514114796, 0.8974595961753102, 0.888025618389955, 0.8833883956702532, 0.8764226919082887, 0.8724272292629848, 0.8601212218484607, 0.8612673583367122, 0.8479755864359507, 0.8428388163833295, 0.837640695147114, 0.8308027107944657, 0.8280321107042437, 0.816871461224235, 0.8111794536723861, 0.8001621689507608, 0.8023419836552773, 0.7923714419032428, 0.7947783202227509, 0.7878264635831876, 0.7733248585966037, 0.7602725568470049, 0.7556544294348495, 0.7610720486875574, 0.7506367327250613, 0.7427042516216926, 0.743899087703216, 0.7276341897534315, 0.7246005835523109, 0.7194168852096277, 0.7130729144158107, 0.7123829907769877, 0.7008918588199264, 0.6925849782277961, 0.6836106232590318, 0.684260029763501, 0.6785642945830054, 0.6729300545601764, 0.6662254267305426, 0.6584798658283373, 0.6508563706503666, 0.6499880773733794, 0.6411579674669897, 0.6432772596866716, 0.6358909244653767, 0.6250734129880849, 0.6149556251538414, 0.6106735412141895, 0.6156857642087791, 0.603934489418202, 0.6003877151277361, 0.5881429794001377, 0.589036506720281, 0.5832699626338316, 0.5769689548682776, 0.5719428678806954, 0.5643586977782513, 0.5616348569382325, 0.5567313116609398, 0.5478222323054986, 0.5455948026817693, 0.5369798032305567, 0.5366194213340273, 0.5308223169898736, 0.5166749750454533, 0.5186514573425709, 0.5157004734557876, 0.5092193615350513, 0.5118060112641931, 0.5035848585256372, 0.4894381241713948, 0.48613938275068397, 0.4840843320176966, 0.48532500065318396, 0.47476879143404765, 0.4700971024101053, 0.46457939336035337, 0.4609173838080673, 0.46459511283893506, 0.4515785561907572, 0.4470867347604953, 0.43872674810137835, 0.44772528406679885, 0.4334132380133626, 0.4265718318365204, 0.42627342075637886, 0.430591550039275, 0.41480964511659396, 0.4172420406285122, 0.40130570473609983, 0.40121827679240174, 0.39907968215665635, 0.395658929067392, 0.3915183580219119, 0.3827390072560681, 0.3925476826181742, 0.3770575281514539, 0.37262167507481686, 0.3588602705392361, 0.36306605654604174, 0.3549722719050045, 0.35731300267560573, 0.3549949738398463, 0.35051348453218373, 0.34334394331943446, 0.3375829273674643, 0.33883930976975835, 0.33037488899473166, 0.32908558664759613, 0.32773918881392344, 0.3162546613779163, 0.32873621178130713, 0.325554139406718, 0.26222514745267766, 0.3108497017462648, 0.3042706793057659, 0.2967649779352222, 0.2881888696523242, 0.2907810643179816, 0.2794844432275278, 0.27492191327439414, 0.27858862982484894, 0.2662871753434546, 0.2656494565465109, 0.26149443991881527, 0.25782298015082505, 0.2598725574659239, 0.257891371157865, 0.24903123460040624, 0.25677673781177623, 0.24985584839832686, 0.24865772184529156, 0.2375516453478332, 0.25109334344737877, 0.24782981673053242, 0.23468276588911674, 0.23304290846158252, 0.22624269385065754, 0.22650642858325332, 0.22823000040386326, 0.21885244173959426, 0.21620816168412163, 0.21502938720263168, 0.2151759616295106, 0.21495558779343, 0.20923714510614963, 0.20211875373809926, 0.20616883489964638, 0.20176880497438587, 0.1890083458857277, 0.18964844114847212, 0.18835633136797048, 0.1933932680125234, 0.1895012157607158, 0.19008431585439195, 0.18568004700714036, 0.17583521501538898, 0.17382592326952184, 0.17627860336123885, 0.17501274738542882, 0.17273776301619712, 0.16462573452706858, 0.1641940453248446, 0.16559390575345503, 0.16354061068680575, 0.15872086644407005, 0.15811196445868259, 0.153069112186288, 0.15356490195217995, 0.15292389833846054, 0.15193523118525976, 0.13685017924646292, 0.1423340151463966, 0.1396868760636979, 0.13843708424748233, 0.13581813524750477, 0.13437670103161833, 0.13135835955698366, 0.13042273626206516, 0.13048647832631446, 0.12450503413410662, 0.1254158832285442, 0.12312540146140555, 0.12149945009116624, 0.12155012195728272, 0.11790980149782584, 0.11648652097071595, 0.10820358571026008, 0.11265833282530115, 0.11330246319613205, 0.11419029083929763, 0.11162086310138998, 0.11136614910120955, 0.10424212791911408, 0.10469806022115619, 0.10254492167917251, 0.1003696414911694, 0.1039540815938564, 0.09966025040805505, 0.09874870043643376, 0.0955042247856538, 0.09429953059783495, 0.08571710479859612, 0.09404789528175662, 0.09479808453954014, 0.09116442516826061, 0.08899271660379089, 0.09061748767493857, 0.0870178442082128, 0.08552062108531847, 0.07894486500540052, 0.07934345458338386, 0.07891012039589992, 0.08109070229808056, 0.07850791271624159, 0.07691394020659882, 0.07709799724914193, 0.07440164088099875, 0.07581520878458509, 0.07250752870846887, 0.069774030856045, 0.07105192573002818, 0.06804966066792034, 0.06922541863510602, 0.06365383921093702, 0.06675619912983287, 0.06318417500310201, 0.06470822974193434, 0.06207634909197575, 0.06349548486808693, 0.062377868462648194, 0.06002453495107925, 0.06069358340319129, 0.06101331287354845, 0.05747622033287902, 0.05624278198940481, 0.058295294614796093, 0.05618946685487685, 0.05551421710462605, 0.05543515999007836, 0.055369435171253235, 0.054571793543558594, 0.0537293715794592, 0.05293355827961992, 0.05094107740278569, 0.05123308209133266, 0.050260350884219346, 0.04935567379452466, 0.04901576142187234, 0.04823816285184193, 0.04826530770027622, 0.04752631198754005, 0.04566881036475035, 0.045526198445936236, 0.04455255834661354, 0.0450203207962746, 0.045166862402347845, 0.04284703072595641, 0.04278004895277943, 0.04129738587193595, 0.04124637000809324, 0.04001193533377647, 0.04045653467188414, 0.03893129854906463, 0.039226312154688595, 0.03698091494702509, 0.03663503156417698, 0.036957553909214784, 0.03569468584573457, 0.03470556706384854, 0.035688517976063136, 0.0354052127305716, 0.03562500542569115, 0.034711209229392366, 0.03401803636116234, 0.033604665176731996, 0.03346608227315127, 0.033493715547730944, 0.03182820766394162, 0.03155298616433613, 0.030924761337002768, 0.029947931683167662, 0.03147426658891142, 0.03138252562165769, 0.029716029302695755, 0.02922775602005988, 0.030065908501023798, 0.02913083672779718, 0.028543769580346975, 0.02879885486704914, 0.028364532878241477, 0.027290946660173045, 0.02791224842354766, 0.02657871121672772, 0.026646980210861957, 0.026229369343322765, 0.025632250091285277, 0.02511732116271775, 0.02513420536201687, 0.024693665462404722, 0.02423931823836223, 0.024224069937825846, 0.02379035765726615, 0.0236935122974915, 0.023213822765901327, 0.022824283934394195, 0.0227058394959701, 0.022349546080866974, 0.022611096435822767, 0.021697709249587745, 0.021700084069553486, 0.020772400333970157, 0.02133511743553886, 0.02093008931337948, 0.020192059569051138, 0.019974179767930093, 0.019907266699651437, 0.01971823049201252, 0.01932850312339834, 0.019045648768880284, 0.01882581775655234, 0.018579357147059647, 0.018391210790206558, 0.018597943007639492, 0.01841774804352697, 0.01801080506494189, 0.017562573641266867, 0.017324146808572333, 0.01768167158094158, 0.017472435144305788, 0.01672321110744935, 0.01718375269127959, 0.016627795559352437, 0.01656228873683049, 0.016527125950416367, 0.016352160529344725, 0.01621353753195335, 0.016164623713727955, 0.015893621209444406, 0.016073930031561226, 0.015833300114042655, 0.015751001350798065, 0.015708301510200785, 0.015607969811482108, 0.015479623169521806, 0.015282969493675302, 0.015170196814620314, 0.015125465524340324, 0.014763966129183915, 0.01457954212963829, 0.014647411333034509, 0.014491449138180108, 0.014307593438658056, 0.014096068916751754, 0.014099578837063548, 0.013958396108499816, 0.013827273596605709, 0.013708292403467949, 0.013591082531845261, 0.013463563265722643, 0.013334609771600031, 0.013182252533330836, 0.013025302085126332, 0.012970614807932329, 0.012981487736452224, 0.012887776870703171, 0.012705508813852255, 0.01262348559233966, 0.012691588870765373, 0.01248282183628918, 0.0126253323954397, 0.012495377571644232, 0.012266781809364942, 0.012232364875830076, 0.012132376966482976, 0.011916640786712441, 0.011969282316901912, 0.011818483411257845, 0.011783943189174662, 0.011682598393046452, 0.011555311401956798, 0.011579758029517682, 0.011433918584626975, 0.011383040922620042, 0.011303193841185147, 0.011154552017148154, 0.01114940075897079, 0.01107035135055382, 0.011008237708292802, 0.011006349262278616, 0.010785548943746576, 0.010713772915149111, 0.01055961369801179, 0.010550132706237093, 0.010474570724993852, 0.010485024817439171, 0.010386361732875804, 0.01032495507114597, 0.010315499678059446, 0.01039900671655739, 0.010128713012691828, 0.010034438952052298, 0.009979500449833612, 0.009976798945494305, 0.009923047841819625, 0.0099100667649656, 0.009783750640320636, 0.00977146259155105, 0.009722050266892854, 0.009658323569813417, 0.00961060607886255, 0.00962127730603273, 0.009582343037320343, 0.009620910837106061, 0.009673868829389108, 0.009542285888163811, 0.009433527094032498, 0.009392708949611509, 0.00931247701339934, 0.009307118325245858, 0.00921771901495046, 0.009140676769513507, 0.009041592680593286, 0.009007391604395343, 0.008959866736719212, 0.008858022823349347, 0.008876746164728904, 0.00883710136167033, 0.008751933945629863, 0.00875936602546397, 0.009024004257069063, 0.008938916951538449, 0.008859823485073514, 0.008902549695219473, 0.008689261599992313, 0.008601397192477213, 0.008576428987852576, 0.008530128919404701, 0.008490306726762216, 0.008542305783950209, 0.00843605610495677, 0.00849829783754772, 0.008321345894419348, 0.008234994325311116, 0.008238098485461304, 0.00825239998078463, 0.00827016352853794, 0.008179183782311682, 0.008071696202283544, 0.008065094759504789, 0.008658470707169262, 0.008143174726234362, 0.008083644802582344, 0.007953682581265109, 0.007862611002445247, 0.007951816121167339, 0.007872029121464811, 0.007765207741082896, 0.007785143439644106, 0.007755602880864006, 0.007779141489175034, 0.007832011572286022, 0.0076987422274807935, 0.007717419409417988, 0.007737488964984615, 0.007674907004410234, 0.007694031691624012, 0.007615692461753382, 0.007625944402598317, 0.007593827578961465, 0.007530489008211416, 0.0075368057957157725, 0.007486109225043661, 0.007369465150884349, 0.007401407144874959, 0.007460211432492269, 0.007389276071150586, 0.007345243605468955, 0.007276060626561021, 0.0073308482090315066, 0.007313917333506136, 0.007435524524420332, 0.0072931335051821455, 0.007259204350760024, 0.0071801307460807266, 0.007165746922943955, 0.007181016475219265, 0.007131262179568798, 0.007022849814866911, 0.007037927724183695, 0.007137804790169549, 0.0070542899941950675, 0.007015181698653558, 0.006976635592249577, 0.006999174408845129, 0.006968293162005133, 0.007044664734382542, 0.006913373412212363, 0.007061367084008171, 0.006925307426918301, 0.006878748542757846, 0.006844959165808403, 0.0068664260689244895, 0.006836361826117584, 0.006765273700362415, 0.006796791874251887, 0.006895951544005367, 0.0067683082022879865, 0.006749780391429857, 0.006744350384387573, 0.006795706228213289, 0.0067653390927431755, 0.0066649704654068226, 0.006658748985633345, 0.006714249290740828, 0.00664160264903616, 0.006640477380309851, 0.00662788077250329, 0.006561650894682669, 0.0065988599187470805, 0.006514836618515734, 0.006519702961965057, 0.006481186872582035, 0.006548047492911408, 0.006492315764332904, 0.006592714400864911, 0.006535364965132962, 0.006644368688855412, 0.006498780037765986, 0.006584280572041223, 0.0065363683807865315, 0.006442797409228414, 0.006399799262978923, 0.006394785873328226, 0.006441133392789003, 0.006343834651223251, 0.0063136438583255025, 0.0064848703423019925, 0.0063676108667933325, 0.006380287667520951, 0.006535105223830054, 0.00631962689398296, 0.006303845205276718, 0.0062746487612225735, 0.006353069878416094, 0.006371277786766146, 0.006178792296974347, 0.00620415908295023, 0.00623223157401941, 0.006259338292201668, 0.006200257864611735, 0.006134458868232693, 0.006131454342311247, 0.006126529311431563, 0.006104328955706722, 0.006051954075524002, 0.006072889553156679, 0.0060389540764547965, 0.006022625706775137, 0.005976000458770749, 0.0059930963867864204, 0.006100927724701436, 0.006098648297821422, 0.005945217696106619, 0.005980513916363273, 0.006034367014087178, 0.0062771206130101224, 0.006055887128267683, 0.0060744390035177035, 0.0061274484281318015, 0.006210604749993379, 0.006185682182526825, 0.00602648491423463, 0.0062364151380784475, 0.006017542809985519, 0.00601080300758775, 0.005999498804384665, 0.006104948986996486, 0.006043283099569083, 0.0059712100180947135, 0.00603419104531569, 0.005989695254131494, 0.006005953314953507, 0.005976238636976699, 0.005893783414420952, 0.006074178711260891, 0.006121502985947177, 0.006034339731832871, 0.005950065435646529, 0.006004890329638968, 0.005891462119928262, 0.005839586929948359, 0.005892920263220766, 0.005877859433399451, 0.005820129196562771, 0.006000625896323642, 0.0059830857082536874, 0.005893653853855383, 0.0058333099690073935, 0.005770759369954023, 0.005827769169070382, 0.005845031827257355, 0.0058198061457160975, 0.005864434014414258, 0.00579533723019665, 0.0057194290551286445, 0.005669754371455169, 0.00571525530827659, 0.005738412394003163, 0.005872266701083754, 0.005636727781980627, 0.005651701158893499, 0.0056189205242226795, 0.005751909606039696, 0.005741949596564014, 0.00570768629745612, 0.005945814620739432, 0.005760487905651959, 0.005628572561468828, 0.005675055200698078, 0.005777444834318246, 0.005637499844788183, 0.005642045297983103, 0.005626391644957712, 0.005804188974910182, 0.005776380143890866, 0.005766050492332908, 0.005564414053320472, 0.005519943952989375, 0.005662651202284771, 0.005580387687474976, 0.0056116245724183314, 0.005746582255663827, 0.005720190214847123, 0.005669698336017528, 0.005710508618053531, 0.005637604155087699, 0.0055240064915223035, 0.005558399750762825, 0.005543564568605883, 0.005578125760911212, 0.005830934979130745, 0.005828601763422077, 0.0058094888483554204, 0.005555016745890622, 0.005409313051979465, 0.005505428628494894, 0.005558035832533605, 0.0055389620893930396, 0.005812573598121479, 0.005667128811619565, 0.005482854133071723, 0.005487017322129615, 0.005591144757916258, 0.005759499331572729, 0.00550946128508948, 0.005474902895532844, 0.00542056886698593, 0.0055188097920368, 0.005495649280823107, 0.005522440431001023, 0.005630018299007705, 0.005353150129136617, 0.005419917848585498, 0.00555789271415972, 0.005466256052517256, 0.005434372768676895, 0.00580817916327038, 0.005439496627551218, 0.005441179442900735, 0.005580761947381864, 0.005435313243198827, 0.00547649566714082, 0.005493714131822197, 0.005531195095475481, 0.005330189130664035, 0.005389227726431176, 0.005350308198115414, 0.005389662733608954, 0.005351551342726578, 0.005376251104466218, 0.005353903625217689, 0.00532359903352654, 0.005436842948985401, 0.005564120749737834, 0.005533782271071932, 0.00532513592442865, 0.005325304784024626, 0.005308148617119088, 0.005345069074355586, 0.005246724772179823, 0.005308027184494451, 0.005321480270677844, 0.005285341882239136, 0.005296691470422169, 0.005300177546666176, 0.005282994019693398, 0.0052704483931340735, 0.005185268828963652, 0.005301260134876563, 0.005336367575478769, 0.005276678155626262, 0.005463333151279032, 0.005352302324747467, 0.005304510425465692, 0.00524778367441535, 0.005255465619893105, 0.005385464302924931, 0.005193009305189217, 0.005282298842330574, 0.005211336837111262, 0.005489713492025323, 0.005603955554508772, 0.005419254788257552, 0.005337111599495587, 0.005355407210289206, 0.0052676991902615815, 0.005343273978426256, 0.005294828612614021, 0.0052519195356527945, 0.005315402644703627, 0.005362834110451977, 0.005260674694174658, 0.005254963106645487, 0.005258032135534445, 0.005286682771418912, 0.005342454976519278, 0.005321138258416013, 0.005337315277096127, 0.005222689185376415, 0.005236329838356883, 0.005272347943687208, 0.0055235566942387244, 0.0052241172962898775, 0.005186182226007121, 0.00513640787961303, 0.005337993793782845, 0.00550857275816733, 0.0054286080873789935, 0.005419237253183748, 0.005172181303770361, 0.005217519863522992, 0.005209285659599041, 0.005180783923129721, 0.005357817845248291, 0.005431547368829088, 0.00521848862082781, 0.005180544131954621, 0.0052008856457044185, 0.005187676960702495, 0.0052162489664186636, 0.00518047522201354, 0.005220435419509308, 0.005178971955099913, 0.005197518530818295, 0.0051248248023622565, 0.005251311987610085, 0.005104306784502482, 0.005145839599579576, 0.005168574430319046, 0.005102536606227725, 0.005253536625945444, 0.005235709712816613, 0.005341942431716562, 0.005024078074007542, 0.005147338735956355, 0.005065080462497638, 0.005369975280937078, 0.005239665147010909, 0.005294991079635466, 0.005180601943155237, 0.00513279991260788, 0.005127778174932757, 0.005131562701349641, 0.005124666862483792, 0.005143092578723186, 0.005136800714693147, 0.005228160233402738, 0.005084397837479885, 0.005220634792678175, 0.0050677476894672255, 0.005287760243506202, 0.005147469788796578, 0.0050435497006974745, 0.005115022704059204, 0.005099285515684976, 0.0050554064493684115, 0.0050672030800781665, 0.005063393850598633, 0.005070444495662466, 0.00515936293702912, 0.005117487878494315, 0.0052646359851284165, 0.00513843311950139, 0.005071972887278458, 0.005080009724026889, 0.005081217537906907, 0.005070853606794366, 0.004970050666410646, 0.005110725434825535, 0.005058441533386109, 0.0050124677016256565, 0.005058110498446956, 0.004992396063701949, 0.00501403969510952, 0.004880295728748288, 0.0051062864844663635, 0.00505744078932133, 0.005009846780145066, 0.005082797014673954, 0.005083771024040585, 0.005048823777569896, 0.0057050473389801655, 0.005151003109213107, 0.0050962562536784545, 0.005030726799617527, 0.00505700061973826, 0.005101169241999859, 0.005016724650169094, 0.004996118614552492, 0.0050650349763928385, 0.00506624091480929, 0.005059524966842686, 0.005015660422692192, 0.0052530338601972084, 0.005001437147915859, 0.00503830728984809, 0.005245714247504411, 0.005177543048014425, 0.0051720327361910725, 0.005005705722000709, 0.005020021400237448, 0.005189926608521433, 0.005186173794734228, 0.0051630836875775025, 0.005221909012893189, 0.005143670319283336, 0.005043293408646421, 0.004965463292934014, 0.00498845783924694, 0.0049679842544895, 0.004926349338823549, 0.005118495514004102, 0.0050845241357811025, 0.004972625652661849, 0.005010220759582077, 0.005024256588769772, 0.00504657211385031, 0.004939861662267752, 0.0051176585215332365, 0.004943896678667912, 0.004998572402632629, 0.004911556067561906, 0.004993402717124753, 0.004872959968158833, 0.004952136629438351, 0.005223443638322796, 0.004941775020037744, 0.004824051484929006, 0.004813507972536226, 0.004976871969609074, 0.00490645359649473, 0.004920453163373334, 0.005014460118160132, 0.0050947582267162, 0.004930037532276382, 0.0049613879101565285, 0.005067601775405808, 0.005025775001376375, 0.004950244230939823, 0.0050682320363207665, 0.005056367484243125, 0.0049694397879261505, 0.005083677652352442, 0.005002813674289496, 0.004977933452359824, 0.004838847561527388, 0.0049455054426501424, 0.004904724005486802, 0.004893739724353354, 0.004986930062879262, 0.00495784189503921, 0.005103503766057744, 0.004975065950218323, 0.005106665961371769, 0.004898083845114795, 0.004869088035426394, 0.005013814877830008, 0.005058822901769902, 0.004870521166600114, 0.004919111247465158, 0.005128024140314345, 0.0049754628434362175, 0.004930501475974512, 0.004913172095538592, 0.004873721950968451, 0.004860299469948787, 0.004987792208559208, 0.0049420302079587275, 0.004839921958357096, 0.004885760583005575, 0.004892344688055537, 0.00508040701378791, 0.004999509447327816, 0.004993114487731243, 0.004909924384147298, 0.0049132665738280505, 0.004797840092153319, 0.004811448014901965, 0.004843716889728283, 0.004871914064333998, 0.004866054315222961, 0.004875907796741152, 0.0048823892653045604, 0.004911249871212392, 0.0048698024905592, 0.004804161933987151, 0.004820099241942366, 0.004889384654252793, 0.004945380573143871, 0.0050370791126405105, 0.004849430421320316, 0.004756916135620063, 0.005417586389254999, 0.004797663204570807, 0.00496430769822543, 0.004998215666835013, 0.004899443712412623, 0.004899263825377752, 0.004746687142342049, 0.00490322232848883, 0.00487120688452284, 0.004853741422164633, 0.0048238417148659, 0.0048573012479948404, 0.004816476791350733, 0.004851493690968315, 0.004865439827128154, 0.00493548954109917, 0.004780758982661053, 0.004889399181682955, 0.004872911006813034, 0.004721451414933317, 0.005075466583216814, 0.004781995749383639, 0.004683082135701005, 0.004725362331722222, 0.004735546307702592, 0.004958920569879463, 0.00471482453397297, 0.004926682774805332, 0.0047146591595949375, 0.004944406067743588, 0.004766678811675479, 0.004856121143593138, 0.004880774926363984, 0.004890046377019551, 0.004716703314770813, 0.004707660573020746, 0.00487341032238671, 0.0048582730691571, 0.004825464479077216, 0.004806781097626132, 0.004783324905236577, 0.004799137079363371, 0.004777329824124953, 0.004755202003744851, 0.004787710125950979, 0.0051093635752394555, 0.004875776965613975, 0.004729195715615662, 0.004788644755697941, 0.00485567693924928, 0.0049332187230820895, 0.00485058829246279, 0.004747011649224915, 0.004994691320617995, 0.004764282982965205, 0.004718148302510342, 0.004690634317586015, 0.004870871196108773, 0.004988001144623245, 0.004945730075792648, 0.004766382832061546, 0.004760356446722743, 0.004936117768641695, 0.004772599217958176, 0.0048253015598487495, 0.004816305769996482, 0.004849473335209129, 0.004962796914583578, 0.0048436409210404424, 0.004939004972570122, 0.004931691585896527, 0.004877442827358795, 0.004768225515597354, 0.0047169486269192104, 0.004841864316495208, 0.004867517649320887, 0.004824293006716206, 0.0049104312011809675, 0.0049281484104771916, 0.004720463363470107, 0.004911361043847319, 0.004904871982085928, 0.0049082281739654685, 0.004756063441741737, 0.004857206730393043, 0.004779499141792644, 0.0048557765127852865, 0.004673180479724558, 0.004800147259063347, 0.00465967140887332, 0.004803172157306434, 0.004759441992988201, 0.00473397455474642, 0.004759463653013456, 0.004862736227926885, 0.004731656534148128, 0.004704404299520097, 0.004656492601368263, 0.004840748741844545, 0.005099223943643992, 0.004670123984067078, 0.004722971394319045, 0.004706835061049477, 0.004801341241936078, 0.004719533341467169, 0.004747773937292449, 0.004716732915879113, 0.004728689526468088, 0.004686458169866797, 0.004563878495291151, 0.004730974248011367, 0.004681140194839059, 0.004697693077250031, 0.004661280709642877, 0.004661247007659934, 0.0046325279731206995, 0.004626190830167015, 0.004602036846027899, 0.004751833324943939, 0.004930442189876826, 0.004938465829858497, 0.004626767353348175, 0.004620226653489049, 0.004640914323660424, 0.004750942249170101, 0.004722531755297281, 0.004758192010180487, 0.0047268106980372345, 0.004759998435342723, 0.004780751417412574, 0.004717335281983085, 0.004685996594125271, 0.004582154002978771, 0.004743448813165119, 0.004696707935424272, 0.004687389492201705, 0.0047138257891796735, 0.0047344029443331555, 0.004781301406438219, 0.0048782402959928845, 0.004671434888272337, 0.00463324204472733, 0.00485555249365792, 0.004770858626525851, 0.004678053365364125, 0.004590222523372571, 0.00475502859901411, 0.004673831397058447, 0.004625270940579431, 0.004700830560814949, 0.004711821049754147, 0.004625294991182528, 0.004646247479980942, 0.0046643553916829485, 0.004585039269017822, 0.004621079921502232, 0.004574373927482244, 0.004517882247770769, 0.004745270730757954, 0.004658189118740396, 0.004488870194531258, 0.004823779464220562, 0.00500971617885898, 0.004738566794784327, 0.004556005634766918, 0.00448807237249545, 0.004826757130562606, 0.004720075374664432, 0.004484606848757447, 0.004688932053550843, 0.004814588181411065, 0.004673195198690584, 0.004693569780835788, 0.004667424262012208, 0.0047574401128444134, 0.004606251568780167, 0.004637072373729469, 0.004611706583611091, 0.004532456151612915, 0.004691939779862585, 0.004612504320372123, 0.004610070033739622, 0.004663710197125881, 0.004594340154261591, 0.004684075459327316, 0.004546081740498764, 0.004800178267242031, 0.004607842466701908, 0.004662565051484308, 0.004707476276849281, 0.004744144174177947, 0.004629479508410859, 0.004641023299800207, 0.004713105044860678, 0.004619672128698938, 0.004643910413820959, 0.004631755127646275, 0.00451754243049533, 0.004734618641700336, 0.0046241503746804035, 0.004625613469455015, 0.004631732429998093, 0.004681664451179402, 0.0045924645779583445, 0.004580538663459851, 0.004716055875670332, 0.004787500719183771, 0.004629894615042975, 0.004683607306366707, 0.004681114832796554, 0.004657951123150539, 0.00461141628602428, 0.004632678779619373, 0.004617231547614704, 0.004556103018681266, 0.004627130429496475, 0.004556330813043568, 0.004566495050329278, 0.00457333198367326, 0.004574044385460985, 0.004565148838118304, 0.004567383691995066, 0.0046503208455778095, 0.004670866932879757, 0.004981376785492458, 0.004755145328360027, 0.004345660429424282, 0.004472155294774714, 0.0049145079746101316, 0.004601849922315811, 0.004674088555197104, 0.004592660111954094, 0.004685931103698712, 0.004621201444350411, 0.004610211587944795, 0.0045822088796141, 0.004655767910078352, 0.0045602937845665, 0.004640091014209969, 0.004614363230984153, 0.004630145516628313, 0.004597279728869644, 0.0045761034836107025, 0.004629806719195326, 0.004659404349391027, 0.004538372048445841, 0.004598680249314099, 0.004729149207493971, 0.004601689158497673, 0.0047576394770708595, 0.0045657411471024395, 0.004513221454230006, 0.004736764623875621, 0.004506114089135011, 0.004533550254977394, 0.004511581644219489, 0.004651869264074664, 0.004476627173229781, 0.004467024681071477, 0.004650343610666315, 0.00460796600131003, 0.004540455120641628, 0.004548546033238728, 0.00457641190390046, 0.004540017371586395, 0.004575392282324098, 0.004517719812948059, 0.004590045907067506, 0.004649758597707891, 0.00466817665907929, 0.004592630098338574, 0.004564231342037224, 0.004438613549859084, 0.004521615917474782, 0.004525533913019548, 0.004455628209480898, 0.004602405374832789, 0.004616640297161908, 0.004589384279382609, 0.004723815186262064, 0.004620121084346378, 0.004558492495410421, 0.004523554479276243, 0.004727795067962847, 0.00449152291478441, 0.004549652006209653, 0.004531991080005085, 0.0046273269168755115, 0.004620210915120839, 0.004567196724510114, 0.004432910531368316, 0.004490321147583504, 0.004442397324874773, 0.004512328891632016, 0.004535476141323377, 0.004486821967130612, 0.004662475763648089, 0.004503018753518909, 0.0044715780081462245, 0.004602336851090457, 0.004558062388916011, 0.0044089080997364175, 0.004527582911232528, 0.004703673211231375, 0.004479765454752018, 0.004470238409419721, 0.004473161833725601, 0.004418816759247398, 0.004476603312428199, 0.004370185577932061, 0.004646748370613659, 0.004544550593263801, 0.004525171513918005, 0.004447506381591467, 0.004440450644523455, 0.004432487643951328, 0.004538620894187557, 0.004473789659795023, 0.0044477135697034735, 0.004492873542052182, 0.00450407460810701, 0.004555605489046558, 0.004393554846699053, 0.0044819255575063366, 0.0045019002886670136, 0.004382907589134295, 0.004412136657119452, 0.004564350146441516, 0.004438763386967023, 0.004452635413868784, 0.004478315456364065, 0.004437820060503968, 0.004452642310687308, 0.00444816415891807, 0.0044088633674132975, 0.0044083413889714545, 0.0044772386307015315, 0.004304922280697494, 0.004377139471142987, 0.0043695594741738975, 0.004564777932722281, 0.004362898957062508, 0.004434180832632983, 0.00434230385549439, 0.004510313570597065, 0.004420022828299828, 0.004438507170730189, 0.0045556698087947725, 0.004415232369915186, 0.004362969061198842, 0.004501540846710794, 0.004454417069469697, 0.00435366737247305, 0.004416098825626399, 0.004388748525561884, 0.004407943391904939, 0.004429386279276382, 0.0044354320889136425, 0.004354354278194906, 0.004414071158532841, 0.004335062662675168, 0.0043995534363015796, 0.004606588695615392, 0.0043705872793677394, 0.004357428069868572, 0.004522848505633102, 0.004577677915130656, 0.0043792497350885525, 0.004349395585112676, 0.00428676226091707, 0.004334403658935681, 0.004415176873652795, 0.004312672922983841, 0.004302221463977942, 0.004489194433708976, 0.004489913203705863, 0.004602486236907345, 0.00435958794914651, 0.0043695170076088535, 0.004501018081601391, 0.004268817358300717, 0.004338389979316154, 0.004500112577194245, 0.004648348535776992, 0.004485984961818368, 0.004413320706982558, 0.004326046339759137, 0.004404852993473792, 0.004315964036634241, 0.004356048214689347, 0.004469417854522586, 0.004398392984034337, 0.004391421917435065, 0.004449143639426912, 0.004345199586476495, 0.004562436056059239, 0.004367421574749356, 0.004362027598296598, 0.004444011238500544, 0.004295431019529345, 0.004416784082746713, 0.004287514055747433, 0.00436048513885455, 0.004286562415290115, 0.004362738921172609, 0.004339158283852591, 0.0044677806756048015, 0.004344245533922633, 0.004397162014726233, 0.004291681324954596, 0.00447547778765045, 0.004370325817571921, 0.0044009248605024216, 0.004426538093368918, 0.004432425242294464, 0.004295894308093445, 0.004261220120047788, 0.0042693772222941965, 0.0043164400393438185, 0.004315147470760853, 0.0042988099273065525, 0.00423242219356386, 0.004414426300916135, 0.004475584886625202, 0.0043730916212372534, 0.004266626728591682, 0.0044042843021458306, 0.0042771107996120794, 0.0042880629822552255, 0.004344253165124466, 0.004287234746068568, 0.004335596383115959, 0.004228972599901549, 0.004277897939339269, 0.004245028496645454, 0.004299672327294462, 0.004156691186600219, 0.004290258546016031, 0.004261327523424515, 0.004199958755193525, 0.004246014855031719, 0.004505793159351406, 0.004238162044716718, 0.004335080894266727, 0.004664123250156857, 0.004476313671931778, 0.004277659656717555, 0.004223948515428396, 0.004215490910382724, 0.004279659588378965, 0.0043413558048018335, 0.004318669130580826, 0.004199894296462817, 0.004363380201365988, 0.004221934133696664, 0.004148786413802743, 0.0042989597381001, 0.004331869825165423, 0.004216509845608942, 0.004194024155407188, 0.0044963675713401395, 0.004466562437126489, 0.004166831516326186, 0.0044607524579694975, 0.004252986610237305, 0.004328722353243646, 0.004376838273618239, 0.004352066461655788, 0.004235188398979253, 0.004217945782819261, 0.004247725558226673, 0.004234176771487876, 0.004260734126580446, 0.004280280506066111, 0.004372817086330686, 0.004215483411396289, 0.004278149906011617, 0.004214518406627659, 0.004256915791306121, 0.004221963796417195, 0.004150478105063198, 0.004409694730589115, 0.004319099142502569, 0.004266988515164762, 0.0041797936689124205, 0.004201697565884656, 0.004239164588382009, 0.004186315719233958, 0.004245752316912946, 0.004360868625743658, 0.0042083338484667195, 0.004195017558209725, 0.004186163967778964, 0.004236139657455244, 0.004262182703981237, 0.0041812909124539135, 0.004240541981566131, 0.004189020105778786, 0.004178605788516045, 0.004162760552950877, 0.004470240559412551, 0.0042481428984389, 0.004254240859597089, 0.004265771076987511, 0.004274958147353129, 0.004254700970758638, 0.004262045026821797, 0.004251432727603955, 0.00419984284928551, 0.00417767992587075, 0.004225083469687074, 0.004227673354220646, 0.004232018095292829, 0.004230347398844193, 0.004210370837861394, 0.004224337901070901, 0.004221093005565734, 0.00423094650014272, 0.004220240814119574, 0.004238849658592578, 0.004205423984802409, 0.0041748626714824075, 0.004161048023272536, 0.00411916634770143, 0.004139360623900241, 0.004062839902539361, 0.004076862284759766, 0.004187054002819151, 0.004120680590965297, 0.0041173847310293395, 0.004446242681912952, 0.004123315561516289, 0.004254846329449686, 0.004130246065822421, 0.004106914126511519, 0.004103616450690416, 0.004337526154227154, 0.004166905485593939, 0.004357708238836826, 0.004233940601963853, 0.004166333145489943, 0.004119362286782806, 0.004287887318637427, 0.004105556385708111, 0.004178554017169698, 0.004178004037978297, 0.004167015256664447, 0.004190697771467072, 0.004215863641656174, 0.004250971467575754, 0.004204397056645029, 0.004178798056185651, 0.004177806006565206, 0.004162500450654006, 0.004158966989388213, 0.004204213259517773, 0.004114620516606761, 0.00405869460174904, 0.004151555251896078, 0.0042175125893671875, 0.004320153441567317, 0.004050693888349054, 0.004101094344301928, 0.004249156999468095, 0.004326668316853245, 0.004088341969158256, 0.004148586022546733, 0.004141360229986194, 0.004155292079786883, 0.004179009260532172, 0.0041392098669071195, 0.004140535049240967, 0.004145429300894969, 0.004316862523196929, 0.004132566625075806, 0.004096310550810148, 0.004169721364686454, 0.004133519346666062, 0.004258172352739118, 0.004240376101144642, 0.00425465039363403, 0.004317876714464277, 0.0041446096836225904, 0.004132796747318601, 0.00411504074378244, 0.004091403835427254, 0.0041437700065781865, 0.004305755654859876, 0.004274124594166351, 0.004345094167194531, 0.00408087618542885, 0.0041241038316816485, 0.0041035091242516905, 0.00411510176139238, 0.004138636633507663, 0.004143007883798135, 0.004206635695858421, 0.004121710911561103, 0.004103837657842368, 0.004065039930108933, 0.004070209085889599, 0.004108520672738331, 0.004098737233360451, 0.004093781154282705, 0.0041350188472615, 0.004115393872725321, 0.0040982016543218884, 0.004014829997085242, 0.004120246539526192, 0.004144010714786422, 0.003988377515576868, 0.004077328982675572, 0.004263003080166109, 0.004175984817003198, 0.004167245067471109, 0.004024976932930145, 0.00409806411590233, 0.004113309824906319, 0.004112191946960774, 0.0040933514848896894, 0.004105033178655027, 0.004058694837597933, 0.0040944275125506914, 0.004105578925059284, 0.004097623935504099, 0.004051301932854548, 0.004070188005319871, 0.003984948855578017, 0.004069219971077121, 0.004190900720879454, 0.004041176764493348, 0.003958720501888073, 0.004256703630738435, 0.004010763313673208, 0.004024072844634577, 0.004016711614637353, 0.004016006277662988, 0.004014360888895516, 0.00399954018993172, 0.003988961294684349, 0.004024537666226648, 0.004048953347970035, 0.004037693449875935, 0.003986694150807484, 0.003972251123108495, 0.0039643194883980945, 0.003995925375469814, 0.003993413324889396, 0.00399423851622575, 0.003973703440520112, 0.003959115769389441, 0.003975658664832423, 0.003975878918232235, 0.0039576944916595485, 0.003950191504440164, 0.003974703111528788, 0.003960088269366249, 0.003954660136152535, 0.003940610919705812, 0.003940723264358995, 0.003952250433471427, 0.003937597719118053, 0.003935706114439387, 0.003928746876390427, 0.003942205224867299, 0.0039566965813969445, 0.003969101682297611, 0.003984448557555082, 0.004021034129142946, 0.003947912645995905, 0.0040811526015741804, 0.003992485020014251, 0.003903983820710537, 0.003938583951467567, 0.0038664000533040126, 0.003909785992352241, 0.003920589068171485, 0.004102086389303919, 0.004057039701010587, 0.0040382208029345066, 0.003924602634835722, 0.004035864728710896, 0.0040915135284653814, 0.004004090766663961, 0.0039352633597521105, 0.00398972952417041, 0.003929273638101136, 0.00390658772967388, 0.004217426667106666, 0.004040601486988923, 0.004009934329931495, 0.0039976700256432705, 0.0039567754551907775, 0.003948567832811069, 0.0039986024232465285, 0.00399437140858463, 0.003955071492341842, 0.003969308926515826, 0.003991358711691499, 0.003872503253778081, 0.003941302997376984, 0.0038964518848526976, 0.004007138346171447, 0.003987448727529639, 0.004023301532691011, 0.003977958321326465, 0.003973059577432944, 0.003960593898306489, 0.004023609073648229, 0.004002935089930375, 0.0039078576938136635, 0.003918143264473596, 0.00393013607432082, 0.003894342171488124, 0.003912129660362479, 0.0038939063373064258, 0.003991778133224993, 0.003957930018696951, 0.003996884177954068, 0.003890063840678504, 0.0038867395842611748, 0.003847929784370667, 0.0038354903558380673, 0.003930984600674921, 0.003940858214541289, 0.004020791408080302, 0.003906282135754917, 0.0038608276119476426, 0.0038323859796616636, 0.003850964451816524, 0.003915173905382292, 0.0041827597930956415, 0.003990475079917832, 0.003828294470578682, 0.0038347284376541164, 0.003902508474595499, 0.0039032994210910447, 0.004064971531764968, 0.003970330105323773, 0.003990031349715651, 0.003954741147831371, 0.0038696961396832846, 0.0039031298221389064, 0.0039891540592069405, 0.003998827489704573, 0.003990416477069669, 0.0039029711503561107, 0.0038744021880169916, 0.003938832613987849, 0.003948528169661723, 0.003904046654525717, 0.003917916900903052, 0.003909146391805969, 0.003909814712651145, 0.0038676548186130848, 0.003892769439150086, 0.0038755208660507666, 0.0038627489530315153, 0.00402188861488489, 0.003947319080012838, 0.0038218481102194695, 0.003883300221298719, 0.0039424182134033744, 0.003942825685556013, 0.0038817079789589884, 0.00402083099485046, 0.003968697677243229, 0.0038722370355482624, 0.0038437798884159435, 0.003795104795575377, 0.003853218730625835, 0.0038779532491956046, 0.003857536927532283, 0.003793718321764909, 0.003851779789622581, 0.0038006606927419736, 0.004072335914479964, 0.003822981243358122, 0.0038169209453160382, 0.0037956473849119873, 0.004080234826747526, 0.003895605497564295, 0.003855719418320693, 0.0038911842093743237, 0.003918732051065381, 0.003839860875161706, 0.00388343003355644, 0.0037820208500495204, 0.003795061930446235, 0.0038392322904260844, 0.0038412777439955806, 0.003786590973142945, 0.003815261278092501, 0.0039036092846839033, 0.0037168577215863515, 0.004037460697261377, 0.003961114112338584, 0.003807390704324146, 0.0037381926149427022, 0.0037672469856816675, 0.0037543769888565936, 0.003907481666288047, 0.004073163062021817, 0.00373967229637088, 0.003829548598247273, 0.003824428513916152, 0.0037924435401350777, 0.0038195767333390235, 0.0037666484131130915, 0.0039091663480307175, 0.0038185974677012705, 0.003809718030777903, 0.0037595648921675147, 0.0036631545275304907, 0.003710768099641187, 0.0037603552863760175, 0.003685962621632348, 0.003920160426133614, 0.003857681272311012, 0.003735193588674966, 0.003859798025211922, 0.003855261506182247, 0.0038919706597252968, 0.0038938929358174864, 0.003753291760330438, 0.003921959418247639, 0.0037831704464277483, 0.0038144337128127657, 0.0037783246774663226, 0.0038647731643210474, 0.00381333501616405, 0.0038141467629225394, 0.003789923416308498, 0.0037854762044356284, 0.0037995668562650184, 0.003821986417251098, 0.003754122676014231, 0.0037991303632150734, 0.003810636592848679, 0.003788714521573797, 0.0037920840890189977, 0.003779809395808574, 0.0037677425241622754, 0.0037528248239310103, 0.003843496455620095, 0.003699032356694892, 0.0037393485351500445, 0.0037542356777785437, 0.003734062603750809, 0.0037469258672665554, 0.0036836599908651583, 0.003907397081384488, 0.003835198564766859, 0.0036819643214357346, 0.003705028117622304, 0.0038163266762308514, 0.0037192938802838847, 0.0036880228177036812, 0.0036782408461959555, 0.0037054003067168583, 0.003843067639886752, 0.0038581843992894103, 0.0037551707506043018, 0.003683198913722569, 0.003660940046454017, 0.0036660351907161007, 0.0036822758178896146, 0.003683553430182529, 0.0037407833042540843, 0.003720671774488447, 0.003703137332390168, 0.003681898129638837, 0.0035743190778977684, 0.0036917472427603123, 0.003692510517924247, 0.0036909990333829222, 0.003695488166092453, 0.0036996283985505475, 0.003688668934649315, 0.0036866449772874686, 0.0036949533286329177, 0.00369241207398527, 0.0036822177009267075, 0.003684395757278362, 0.0036792694741373077, 0.0036640713119675053, 0.0036609448695180107, 0.0036621011256403645, 0.003658589012055206, 0.0036600724423706808, 0.0036579781586518713, 0.0036626176903619277, 0.003671242478165899, 0.0036699233815035708, 0.0036625751642501937, 0.0036771373895714433, 0.003671391068214372, 0.0036690460439195325, 0.003657433119738329, 0.0036517434005056155, 0.0036596562645604905]