Model Setup for Neither Patient 3:
ITERS=2000
LEARNING_RATE=0.001
OPT_RESET=None
ATOL=1e-05
RTOL=1e-05
METHOD=dopri5
Input channels=2
Hidden channels=32
Output channels=2
Runtime=316.48248982429504
Optimizer=Adam (
Parameter Group 0
    amsgrad: False
    betas: (0.9, 0.999)
    capturable: False
    differentiable: False
    eps: 1e-08
    foreach: None
    fused: None
    lr: 0.001
    maximize: False
    weight_decay: 0
)Loss over time=[1.2785351193901204, 1.2566071537570522, 1.234900012040355, 1.212297355994938, 1.1923055314662365, 1.1707099835191626, 1.149765119157619, 1.1283641335584118, 1.109204196157044, 1.0904821080778435, 1.072114629443073, 1.0517649441734418, 1.0386615527138137, 1.0187711642096888, 1.0022963106306795, 0.9888569541548612, 0.9746859523469773, 0.9634217092939931, 0.9502300899577826, 0.9387254851263602, 0.9282535907651287, 0.9184223599626818, 0.9068290238419536, 0.8992228058614858, 0.8906882595166702, 0.8822616807671573, 0.8737993512208163, 0.8653727550516929, 0.8590749724105905, 0.8496096282406171, 0.8433033611516467, 0.8341243883955042, 0.8272452040651451, 0.8203891145427502, 0.813701541055726, 0.8052062603558443, 0.7969278782715382, 0.7907895997966907, 0.7834258871395119, 0.7752224100996776, 0.7673603490475673, 0.7598989986065277, 0.7547303735495593, 0.7436196158341591, 0.7342399220496488, 0.7279965309541734, 0.7195792004154341, 0.7115975878268738, 0.7053477230803683, 0.6970104055268792, 0.6883843594776385, 0.6818202471461998, 0.6761314339879678, 0.6699949000287893, 0.6634767998733871, 0.6586637068995921, 0.6530479226991789, 0.648388727793664, 0.6433452205830353, 0.6391561963831196, 0.6351544975260759, 0.6313161906714823, 0.6274639923271341, 0.6233618990468597, 0.6192696845755513, 0.6151382915635989, 0.6114029526264196, 0.6075478934599837, 0.603565386680488, 0.5995990624257175, 0.5956047884041126, 0.5913247455575338, 0.5874775577215263, 0.5827510965666511, 0.5788286807951595, 0.574688721057123, 0.5709469177033227, 0.5674148095325097, 0.5632344558505881, 0.5597005337864748, 0.5564837280478803, 0.552315332533806, 0.5487241045416895, 0.545781833251353, 0.5424318650560368, 0.5388633715381569, 0.5356353976509062, 0.5321853101892788, 0.5287581844445272, 0.5247412781901518, 0.5213775841442141, 0.5177095211261908, 0.5147915451871417, 0.5104076251975231, 0.5064111371473422, 0.5031381785879773, 0.5004386583195134, 0.4967267586384724, 0.49284970677404444, 0.4899167889583537, 0.4863618820600484, 0.4823535372673986, 0.47953772785556836, 0.47580797415186143, 0.4725980792637996, 0.469618846866608, 0.46593956195267283, 0.46217091235283275, 0.45934446073311364, 0.45620090499531046, 0.45277467592149157, 0.44920592300147616, 0.4451955855405467, 0.44324106417543646, 0.44010579121025784, 0.4369048434908103, 0.4335963887293852, 0.4298911305421169, 0.4277923768630313, 0.4244899661266901, 0.42149844589194924, 0.4189187732016189, 0.4158616846353906, 0.4126678261228476, 0.4097959723699276, 0.40657935313833476, 0.40689453523157015, 0.40141900807487885, 0.3987354456837591, 0.3954092180953749, 0.3936945324234713, 0.3900413541759079, 0.3870576558807132, 0.3848965147374971, 0.38137607770906823, 0.379409880087737, 0.3766808622815523, 0.37353146382764296, 0.3714125461082601, 0.3686091760962482, 0.3658138073231734, 0.36349951827926713, 0.36093862720158765, 0.35789611016796313, 0.35496489136141834, 0.35345443250135783, 0.3507448664370609, 0.34843626708847747, 0.34615997330107195, 0.3440637286376813, 0.34215789912066, 0.3392867173228156, 0.33623454086914173, 0.33371741887306333, 0.33168887872861336, 0.3293893031427009, 0.3268701089938557, 0.3249182790236145, 0.3224674418997358, 0.31969642275249294, 0.3179763819137309, 0.3153396810847882, 0.31388468080068105, 0.311134252622581, 0.3092421609477103, 0.30735172956682316, 0.3048183451222584, 0.3024961900114267, 0.3003493021567001, 0.2982281934576677, 0.29635953052861697, 0.29402416016793, 0.29200659515675964, 0.2903929576108259, 0.2879447954917875, 0.2861162675529751, 0.2838912538818214, 0.2822919164657147, 0.2806111064038636, 0.27832893144895, 0.27660180896819186, 0.2744056062759687, 0.2722923220380705, 0.271096255034387, 0.26861446503525727, 0.2672049284802309, 0.2647323994671169, 0.2633417645524513, 0.2613029553433535, 0.2597749384557879, 0.2580376621508302, 0.2557631571463438, 0.2540037122800909, 0.2523818677094305, 0.2504873624667047, 0.24880277860363978, 0.2473348880145722, 0.24582957029193836, 0.2440199503016813, 0.2425368542311022, 0.24041851363210995, 0.23912165904951238, 0.237108608069171, 0.23581859274262618, 0.23435583548217329, 0.23235731109813623, 0.23096032475955858, 0.22941924765654378, 0.2279988272599391, 0.22589019362373275, 0.22507904150998384, 0.2233235479858095, 0.2215033811289033, 0.2201998308002335, 0.21897981150417056, 0.21720961033470834, 0.2158496473599641, 0.2141950677578583, 0.21275219181147742, 0.21116134836071365, 0.21001976671539183, 0.2085638409589796, 0.2072754426796829, 0.20601792422524817, 0.2044568406982223, 0.20271662841978022, 0.2015423937350157, 0.20028803177546378, 0.19896841816115776, 0.19762844325796952, 0.19655357265394482, 0.19485472620403488, 0.19384898053015157, 0.19256243464887046, 0.19141428164097574, 0.19009085183069396, 0.18941456880315524, 0.18728101323917629, 0.1861582753967124, 0.18541928396642826, 0.1836284113358642, 0.18224971383100763, 0.18123430325585993, 0.180041946202152, 0.17881528413610565, 0.17767615125422853, 0.17644290831513415, 0.17521602824462035, 0.17423436666352704, 0.17296880997209305, 0.17182766040764455, 0.17091173426931486, 0.16992691501280835, 0.16850698322790825, 0.16735373083617475, 0.16631470254883463, 0.16520080478469903, 0.1641717307866954, 0.163090149047629, 0.16200061515593725, 0.1607842844033382, 0.1599367421471045, 0.15898553416171796, 0.1578560725537317, 0.15685872330618938, 0.15566740148057912, 0.15468187984907314, 0.15375488231774262, 0.15293121687741132, 0.1519048445740094, 0.1510605552004433, 0.14993227135032192, 0.1491783580849401, 0.14778899479438998, 0.14685917017027028, 0.14603780348847453, 0.14528548346310846, 0.14429711119184854, 0.14347335302940853, 0.14257080096183586, 0.14160273912497, 0.14071948712963198, 0.13983150171554456, 0.13889518167966816, 0.13805708643902584, 0.13712549779898914, 0.13602928053315255, 0.13523980781901243, 0.13434476431557885, 0.13369814705133526, 0.1333353716816621, 0.1323629336744384, 0.1312887129682194, 0.13048054700893272, 0.12987463325180107, 0.12905551848749827, 0.12790500075759778, 0.12724670097759735, 0.12650106376435116, 0.12586489232894252, 0.12484998499388698, 0.12401767828734721, 0.12330831899110438, 0.12267154371977834, 0.12179729417251668, 0.12089894629806398, 0.12008521671552397, 0.11983667622889524, 0.11875887162090565, 0.11802997842023713, 0.11725146043957303, 0.11665264807896554, 0.1158214695422415, 0.11521235188169549, 0.1142514700188321, 0.11369843050933985, 0.11312579498395126, 0.11249455523775288, 0.11173716266148424, 0.11098533042098607, 0.11014138763705165, 0.10985116676151453, 0.10923930394483623, 0.10812162357741291, 0.10761037398461194, 0.10725562482385619, 0.1062739303088372, 0.10557323144457778, 0.10498997204208935, 0.1041074156607022, 0.11546722382273243, 0.10438439753681812, 0.10568226833070998, 0.10380907853160184, 0.10171704426686193, 0.10072911363295858, 0.10032491075452823, 0.1005561533819781, 0.10034280847268126, 0.09938467994648717, 0.09792496814496036, 0.09718496057770593, 0.09646941483310029, 0.09689318166792313, 0.09562613076853245, 0.09476525211961734, 0.09447738930180342, 0.09353294693440577, 0.09312899449982162, 0.09261626101714972, 0.09196671277612535, 0.09141304650047101, 0.09085532536320823, 0.09017732786889321, 0.08978924014258893, 0.08946518402092624, 0.08883357900835591, 0.08803074792731293, 0.08740379699989774, 0.08711205848016358, 0.08652918327356486, 0.08634913189766143, 0.08579218221284961, 0.08484944583042985, 0.08424436817202775, 0.08379409225146807, 0.08336768408672877, 0.08281681735739538, 0.08215310489510247, 0.08163365452720062, 0.08119268150856383, 0.0812594050605424, 0.0800992750364986, 0.07953110893446813, 0.07916288525174614, 0.07855699692380759, 0.07806074536001156, 0.07751604865473175, 0.07698275856631132, 0.07648554211219506, 0.07614963821648203, 0.07531833398164602, 0.07511400818727217, 0.07480859749132256, 0.07446172593688609, 0.07343765395718137, 0.0728776560814621, 0.07272345941398559, 0.07218888294552846, 0.07182566635982728, 0.07094407126681782, 0.07069068255233339, 0.07014076506688859, 0.0696675553058161, 0.069485971853244, 0.06895379795256257, 0.06817827531266583, 0.06779473757890629, 0.06726275162659869, 0.0668213075558819, 0.06637904867182808, 0.06591389474476922, 0.06533690198969998, 0.06503230445087765, 0.06443147920718906, 0.06392932923345919, 0.06368751776278532, 0.0629757762689261, 0.06263263967245856, 0.06223393834215414, 0.06184677735136341, 0.06145667087970486, 0.06091430332235994, 0.060395148560584415, 0.0600930773535622, 0.059638382962459775, 0.059139089456522326, 0.05879825233872898, 0.05833559168308085, 0.05782529213296204, 0.05752603585731595, 0.057014803876197055, 0.056735785748684625, 0.056079455326717105, 0.055721283303222305, 0.055740035901885386, 0.05521836781567082, 0.05474318053013861, 0.05427046352490013, 0.05393070273326404, 0.05349134848262927, 0.0529795531124223, 0.05256060661265313, 0.05220482574009384, 0.05191303695980369, 0.05154712450973453, 0.05122534031663499, 0.050874838159445004, 0.05062785339190443, 0.049907264018041776, 0.04973339423966343, 0.04933126785686695, 0.048885425220507435, 0.048562533536347895, 0.04819036481967316, 0.047861357671098864, 0.04755036102035839, 0.04728916645743006, 0.04676550117954787, 0.046481133683195335, 0.046293460923859865, 0.0458943160965733, 0.04546589798697948, 0.04504062122101015, 0.04486529126375936, 0.04452796806418503, 0.044166908319970714, 0.04399433507947997, 0.04372162761748492, 0.04324003204195852, 0.042821471514754225, 0.04257420904134128, 0.04237414906859219, 0.04189230277867074, 0.041723486185581235, 0.041451337550436944, 0.04093535175454494, 0.04073584456918582, 0.04037917521072645, 0.040042928436024, 0.04015395031541608, 0.03942962845899673, 0.039230153378407774, 0.03907351429608359, 0.03868466973228284, 0.03835027151155254, 0.03817353528921708, 0.03791070100444128, 0.03761453293988673, 0.03734484160657188, 0.03711802964424464, 0.03676452824336983, 0.036540070558431365, 0.03620124723576607, 0.036223185779616814, 0.03624165789387076, 0.03564145195802995, 0.035320149390332053, 0.03506178820153543, 0.03496772543175326, 0.03475758985440734, 0.03435667492655323, 0.03401158076412518, 0.033764429394751494, 0.03403254204611738, 0.0334136048690376, 0.03348892261313601, 0.03303247188103785, 0.0327750793028398, 0.032538462373707215, 0.032434907081193516, 0.032212663266613685, 0.0319689634241929, 0.031695491156769784, 0.03131674181099052, 0.031329799415618836, 0.030954516218744253, 0.031249449704870834, 0.03070614013462879, 0.03038991462988092, 0.030440856181384437, 0.030211814088110023, 0.0299074591584345, 0.029826183160910888, 0.029534095455841614, 0.029335999149803126, 0.02914795172306908, 0.02883224613450108, 0.028903227790622987, 0.028891397543734345, 0.028525876148959885, 0.028094814837393536, 0.028248108745792533, 0.3740112358829673, 0.028088578440384367, 0.028930097903062432, 0.029082969495029757, 0.028596649067885983, 0.028065281836588726, 0.027735731513958542, 0.02787929837083648, 0.02834119580664093, 0.028315371486676743, 0.028027974642185847, 0.028049765095800875, 0.027490702864552633, 0.02713242208130099, 0.026941673398419328, 0.026781082751997077, 0.02659725449269917, 0.02632687184856627, 0.026253463191423375, 0.025928196550000483, 0.02560066878430629, 0.025430567713345707, 0.025039638929992947, 0.025097493648850312, 0.024956905968584246, 0.024786543813795362, 0.024710804365634477, 0.02388663352774075, 0.024035904036847768, 0.023826065280345435, 0.023977147552422473, 0.023688901947477102, 0.023637535664154875, 0.023387443569021157, 0.023479650321780152, 0.023300479764715668, 0.023145564264761272, 0.022859008890524765, 0.023274734278343364, 0.0227539943545734, 0.022916072357631965, 0.022651418092133127, 0.022616050785359373, 0.02258088427517345, 0.02238792488881002, 0.022397104586081122, 0.022261599271515883, 0.022010056660093653, 0.022019410227433242, 0.021889327367429684, 0.021950652614907352, 0.021946733158890716, 0.021680460943446334, 0.02116498836103359, 0.021384887330024117, 0.021083538711820327, 0.02100565184294441, 0.020958440574227355, 0.02095966803751148, 0.02073146925290865, 0.020889746950037546, 0.020821277727189776, 0.02059214541450755, 0.020234137588491484, 0.020582525035934687, 0.02026868281902379, 0.02023437124068535, 0.019939219231020353, 0.020209743966723183, 0.02001449152841933, 0.020029353019618827, 0.01978533249220368, 0.019622040830861366, 0.01980598482047397, 0.01972068432677185, 0.01956523212432747, 0.019336565640744364, 0.019467664306575868, 0.019134817192253663, 0.019192192955222596, 0.019185050655533963, 0.019382839149933436, 0.01899052226046403, 0.018962983413379833, 0.018926616289770555, 0.018882755003126316, 0.01886073380817109, 0.018621117460732882, 0.01856937305071745, 0.018536032163777135, 0.018440483651630285, 0.018601385432525444, 0.018728327620293875, 0.018350507935569423, 0.018446933391420162, 0.018198161270034513, 0.018142595156126772, 0.01806506642709178, 0.01813226994877695, 0.01794217081533327, 0.01782695529319523, 0.017944272476860843, 0.01805261342398249, 0.017758005956269782, 0.017730196905097098, 0.017882576162480502, 0.017837395894907158, 0.017594971479332058, 0.01745477103418056, 0.017559290879459958, 0.017553214585846653, 0.01778060633008566, 0.017485149669355857, 0.017423571739281066, 0.017301670779591997, 0.017417067619139626, 0.01727109166566578, 0.017060394537745226, 0.0168871241685595, 0.01729047380567137, 0.017186581214572623, 0.017059910249078644, 0.01701758047583029, 0.016832647397117373, 0.016884921271783985, 0.0168383600801125, 0.01668747894938163, 0.01669961866060206, 0.016573006324486415, 0.01688312387110105, 0.01652569382800447, 0.01669783011648326, 0.016593233785344486, 0.01662919060222267, 0.016853647627618748, 0.01647948083716412, 0.016419202176143857, 0.016598069799070164, 0.01650380160200569, 0.01632310159427372, 0.01626499493315719, 0.016315195249893437, 0.01612701175219889, 0.016526140864893065, 0.016119461336231985, 0.0162966112797124, 0.01635399234212231, 0.01630907162535365, 0.016107865033819124, 0.0162900895826951, 0.016055068519597294, 0.016026906882839743, 0.01581290976754384, 0.01607390311813198, 0.015836423057397242, 0.015897577130107515, 0.01583045798717178, 0.01582444263324021, 0.01569974471724346, 0.015469266441748071, 0.015984102391861158, 0.015676606288790706, 0.01539385517176186, 0.015568103545626776, 0.015582102046579404, 0.015713767247129237, 0.015733682741798014, 0.015441203219861421, 0.015555096912281201, 0.015541700072358893, 0.01534254520530859, 0.015584426442113254, 0.015354617418107423, 0.01550995685714686, 0.015506883029843549, 0.015298186018150693, 0.01572414571218751, 0.014756551193512142, 0.01530797813113738, 0.015446627486539329, 0.015298168723365348, 0.015387441105903179, 0.015341545642406073, 0.015223305891170163, 0.015357360035172114, 0.015155187551151049, 0.014523500081041318, 0.015189691617733985, 0.015163311527397045, 0.015225749630382639, 0.014842048640628751, 0.0153896935944192, 0.014955798297720596, 0.015231997262645035, 0.01507068452176872, 0.014268550024025599, 0.014977839235892772, 0.015149835973530958, 0.01580171456006033, 0.014858855029767208, 0.014799736408325985, 0.015070912445226192, 0.014959555293333215, 0.014938924537821661, 0.015221918037028053, 0.014619982010538374, 0.014665639791954, 0.01471470574645516, 0.014823043376540767, 0.014592056027665945, 0.014905860191848542, 0.014621855039518128, 0.015180176382895155, 0.014888610756780413, 0.015010055186953601, 0.014925534684032573, 0.014766353882508111, 0.015072464570783916, 0.014801901598618989, 0.01453074839519009, 0.014804775077562688, 0.014639816265109394, 0.014873199527569063, 0.014758026622502009, 0.014883262581022395, 0.014929348437192978, 0.014672327947260998, 0.014975077183475065, 0.014552273626515604, 0.014701035332522216, 0.014466039946447821, 0.01442460551260086, 0.014419102737532202, 0.014677837086438422, 0.014385207100699453, 0.014540615444937184, 0.01443118526871634, 0.014465560065145265, 0.014642284186026443, 0.01439595086368075, 0.014378990519523542, 0.014741404237531867, 0.014148005954090558, 0.014416347391906486, 0.014364764047627356, 0.014607219218316087, 0.014300222328441076, 0.01459369499713799, 0.014759861177255503, 0.014216544067616238, 0.014402389256687924, 0.014510061185458008, 0.01416174194928665, 0.01445159914927775, 0.013912906038024843, 0.014385814445389266, 0.014209255190526538, 0.014093543311567352, 0.014260259812042932, 0.014184603089345537, 0.013936685043901354, 0.014333887793561671, 0.01431143793242856, 0.014086359379916046, 0.014002795748618535, 0.014450221198756868, 0.014175256362412503, 0.01384494781294935, 0.01409839766453786, 0.013844092424715237, 0.014359960914023428, 0.013887051690429763, 0.014090527433550966, 0.014066513862054432, 0.013991862778410807, 0.01395164725324296, 0.013623206722035309, 0.0137268031270047, 0.013675615617448518, 0.013574812228384636, 0.013867553108486152, 0.013710615931255414, 0.013644572538585382, 0.01347481057719529, 0.013593149301351354, 0.013290774239499205, 0.013193438132036833, 0.01334864754635573, 0.013251648021122024, 0.013237988201598827, 0.01333551848203406, 0.012957444193052304, 0.013210025782587871, 0.013126338645493497, 0.012898383226986205, 0.01313722021525307, 0.01259253018084492, 0.012898406247908263, 0.012631762441981293, 0.01242903840852968, 0.01254543109032334, 0.012295184643101349, 0.012322338054824548, 0.012160676918238371, 0.011549158042558927, 0.01221614549646696, 0.01247367308969246, 0.011890180798928911, 0.011812843467902972, 0.011927799833599588, 0.011910399138584412, 0.01178074824975363, 0.01159811653893007, 0.011955027141585934, 0.01153477509433034, 0.011586628236529341, 0.01146530294000862, 0.011419062374101376, 0.011339529200676312, 0.011466804164299871, 0.011168127912166127, 0.012275779487044069, 0.011821109006235548, 0.011649370636738153, 0.01139894120928021, 0.01114486202800189, 0.011400340691563137, 0.01160320456414045, 0.011299507967948805, 0.010919703462677142, 0.011483814621828943, 0.011323930289758892, 0.011307928939138753, 0.010756727952687421, 0.011087064468662188, 0.011039820665808256, 0.010863585454235334, 0.010726939455225197, 0.010820344291410528, 0.010964519448175468, 0.010904948664903364, 0.010583169575859468, 0.010959279595205361, 0.010603161314215457, 0.010429522088503286, 0.010786526419808396, 0.010762447992869234, 0.010495904744213625, 0.010341891434388703, 0.010412831862798178, 0.010403539819264935, 0.01030361642371528, 0.010146991550759953, 0.010372642467181014, 0.010150004565999593, 0.010259189624355862, 0.01012819171908933, 0.010191036791923704, 0.01018274704034802, 0.01004754786720375, 0.010168699081469652, 0.010223532209524449, 0.01015249269677417, 0.010664743286301882, 0.010267003348318147, 0.00988922878166225, 0.009950938463982716, 0.010158068493867163, 0.010154725695897983, 0.009939392437654758, 0.009817189227387302, 0.009841273533619804, 0.01005336840094313, 0.009806432359022966, 0.00973448888010445, 0.009739093427169847, 0.009893518694829585, 0.009853710537101677, 0.009530652654474824, 0.009811351276923553, 0.009901649143342028, 0.00979265714654138, 0.009573732671525437, 0.00953626233731139, 0.009524961547899969, 0.009539013860414405, 0.009432156973371375, 0.00922804286442929, 0.00950487802179303, 0.009209145880213003, 0.009428882814857672, 0.009502801382572068, 0.009270482224599603, 0.009368062278054846, 0.009353340458707926, 0.009293291929834788, 0.009174518065587226, 0.009084718379260353, 0.009108948213439839, 0.009413306669801808, 0.009185736543038454, 0.008988096906373965, 0.009127888654994833, 0.009143129115836724, 0.009125840764862529, 0.009008699304029592, 0.00899451878088387, 0.009066425962963037, 0.008995382989604794, 0.008853075405652621, 0.00886585447432917, 0.00904511730005354, 0.008795537920541384, 0.008959414548907517, 0.008697374282734786, 0.00858601453066164, 0.0087464092463033, 0.008879891719837836, 0.008765769425649814, 0.008600997949439441, 0.008753056981457025, 0.008741237586776153, 0.008649674046309092, 0.008530271434437891, 0.008691184401157657, 0.00849831261510309, 0.008693585237150681, 0.00868412346354596, 0.008623483427629046, 0.0086285726667497, 0.008678456052109648, 0.008758699553880861, 0.00865138955944893, 0.008488998065951627, 0.008415203146462116, 0.008584386298959022, 0.008412533201137327, 0.008483909477979628, 0.00822044841588007, 0.008394118935340802, 0.008437336439286876, 0.008514647842748777, 0.00833291018536869, 0.008338345186695446, 0.008258401661092525, 0.0082554430654959, 0.008994200288709314, 0.008201770968479398, 0.008283791950852626, 0.008287013185332065, 0.008322059441626374, 0.0081889204942994, 0.008516218780787052, 0.00835945128319023, 0.008114764256361214, 0.008157261865808563, 0.008147791174841462, 0.0077698498469438776, 0.008093601257667093, 0.008106228359510671, 0.008287073237044902, 0.008152014304251689, 0.008023958175567036, 0.008022652526763895, 0.007957125588708099, 0.008156399836275885, 0.00807589713184214, 0.007948178360303827, 0.008112231975826216, 0.00799115028312519, 0.007887492546324081, 0.008058588971800801, 0.007724191235989269, 0.00785743819464586, 0.007851750024027842, 0.007822103106869068, 0.007916101828234266, 0.007814299038918577, 0.007859028558328403, 0.007770032557655934, 0.007844377789523536, 0.00780212687748512, 0.007770148084107156, 0.007791163457647135, 0.008404209991777784, 0.007587624654631278, 0.007706647146586182, 0.007809760980335289, 0.007640722354439373, 0.0075500824738624385, 0.007665075862241847, 0.007776450224886802, 0.007688845549586699, 0.007697076698311328, 0.007812704129076937, 0.0076931199007982684, 0.0076294979048457745, 0.007709545090521302, 0.00770785726621464, 0.007640018093978147, 0.007686080154451791, 0.007465684380777243, 0.007665891944516206, 0.00744304274036145, 0.007518042303570838, 0.007607880673452119, 0.007502659814029381, 0.007628148964397371, 0.0075777435132341475, 0.007571951026069645, 0.0074540485588155654, 0.007442181589237227, 0.007447760509730958, 0.007453590886793079, 0.007476493402073164, 0.007270281128276971, 0.007326227331659915, 0.007319657659062829, 0.007576661611238726, 0.007414278606600746, 0.007431874464990795, 0.007366492843943112, 0.007419911486850827, 0.007457335672068268, 0.00744230942237035, 0.007314373294287898, 0.0073156546651421735, 0.007225602467994057, 0.007398556503276555, 0.007271323223680958, 0.007277792432846192, 0.007104841780590113, 0.0074626551073825745, 0.007160939867749664, 0.007273256654181202, 0.007199495074350689, 0.007165240812967189, 0.007338594505517637, 0.007184060968189218, 0.007159413899001412, 0.007093076055510807, 0.007359029481284374, 0.007294957052324151, 0.007314907112767055, 0.007177399821462968, 0.007149608749680445, 0.007285941792263022, 0.007149668405743394, 0.007133992260607052, 0.007106286804132517, 0.007141148637522576, 0.006986541620855108, 0.007132756828416164, 0.007137649945787427, 0.007015099054552872, 0.006870753224562367, 0.006988774940786873, 0.00698345310449418, 0.0069201849977905345, 0.006907231661688906, 0.006939456577677592, 0.007012430937185235, 0.007004664296906522, 0.0067683234212491065, 0.006886209165560973, 0.006890740446081395, 0.0069095833023034596, 0.006882041229632102, 0.007009389311792417, 0.007049818898286095, 0.006920083069662319, 0.006956958946772881, 0.006942900331340449, 0.006910960162965319, 0.00694414150541007, 0.006905135754832314, 0.00678479073064503, 0.00674410467558847, 0.006785076189935121, 0.006873772780279164, 0.006827622299369742, 0.006865602799579656, 0.006895696309955409, 0.006883064706083996, 0.006966699725323394, 0.006741109008071507, 0.006827646834211334, 0.006772185673895282, 0.006972484691142125, 0.0069742015526164805, 0.006887854338292148, 0.006804314147997672, 0.006676676794408743, 0.0068899476055277594, 0.006790195428431376, 0.006768286078797503, 0.006711183720229875, 0.006691640880724553, 0.0068491951301117935, 0.006651375251190886, 0.0066231363149032545, 0.006527464465792388, 0.006694078058544974, 0.0067307250270489385, 0.00669137899975114, 0.006724234041013477, 0.006536178458127242, 0.006601387589044066, 0.0066545923259172576, 0.006643296041398983, 0.006619044880086803, 0.0066501720219080355, 0.006622745959699331, 0.006495613536121561, 0.00646207815840393, 0.006554987945182805, 0.0066597595700141074, 0.006497929147723863, 0.006597777112827104, 0.006491623144178787, 0.0066338811796139785, 0.006383408639979508, 0.006571765505089485, 0.006609426820955499, 0.006491821276982724, 0.006406676264721054, 0.0065769995800952765, 0.006577334962426413, 0.0064554888525807435, 0.006522975873802633, 0.006396673501045724, 0.00646278904215196, 0.00661289395587926, 0.006587427536799894, 0.006514665397492808, 0.006605080438309541, 0.006491548559564061, 0.006327327481647968, 0.006414728583584477, 0.006385270009678521, 0.00638363538435818, 0.006344020765428112, 0.00677658305359077, 0.006698233945053566, 0.006526706988346865, 0.006441483245923169, 0.006553096030137099, 0.006385661429372739, 0.006514185127279723, 0.006453809522437318, 0.006663896109798972, 0.006595434841826966, 0.0063547850627863, 0.006269122551480355, 0.006131842429967705, 0.005814114298196135, 0.006078572161656425, 0.00662702966876399, 0.0068890978961507745, 0.006542391177600887, 0.006366138852196001, 0.00636012392795011, 0.006388822793366242, 0.0064802867411815615, 0.00646848827079422, 0.00631009594005219, 0.006185596409285053, 0.00641880651216899, 0.006142164166240996, 0.006043014170811989, 0.006334860923609222, 0.006423874526655929, 0.006082401431978366, 0.00622029825686314, 0.00625904165815818, 0.006212918622046191, 0.006203218821570432, 0.006208440813449411, 0.006124546760765618, 0.00613227935952291, 0.006049721224275593, 0.00616574918191105, 0.006174913747953617, 0.006128027683567249, 0.00610784668139164, 0.00610281019218565, 0.006163399848609242, 0.006185154860995545, 0.0062901514425746105, 0.006070660310968656, 0.00608199442491213, 0.005981740098811444, 0.006185647189476214, 0.0061610485704609785, 0.006143834018732491, 0.0060335380478936515, 0.006030919221078637, 0.006044025356612957, 0.0061094336784644045, 0.005994329991403136, 0.006086008044211453, 0.0060827945290244986, 0.0059839300998634, 0.005878632272957236, 0.005935678717031294, 0.005954492874857249, 0.0058944721529512745, 0.005934075633642338, 0.005952723221607787, 0.005964003145238621, 0.0060054285925528065, 0.0060608763754012055, 0.006039230813302759, 0.006025032488610972, 0.005821730181210264, 0.005965582305749142, 0.005924648451110916, 0.005873964011136035, 0.005982870822354727, 0.005972858222010472, 0.005859123471117437, 0.005735312562753397, 0.005880567603643697, 0.006052566374219435, 0.005892396867411692, 0.0058523034591872695, 0.0058777835482447085, 0.0059254681049799385, 0.00581311371212487, 0.005804580354811558, 0.005798305633504011, 0.005917058876659276, 0.005770701844346526, 0.005911690963239267, 0.005544992622146445, 0.005903129922628863, 0.005768383863500399, 0.0058667223435253275, 0.005464115142575301, 0.005786109171223544, 0.005764436991697683, 0.005724929899511205, 0.00571583051796356, 0.005759090704181915, 0.005800723242157191, 0.005755688007670959, 0.005839439230880947, 0.005763939787831836, 0.005726908015136892, 0.005616491615790001, 0.005492147440011047, 0.005918642123714963, 0.005908767723787572, 0.005864197796202958, 0.005858621841073094, 0.0057445852800455215, 0.005545349591144286, 0.005728660936517607, 0.005673821304339213, 0.0054695347646450156, 0.005782223510994411, 0.005728637150115429, 0.005880381665228577, 0.005705035265092569, 0.005754094028869818, 0.005772791240663545, 0.005616406906761257, 0.005630753970392669, 0.005508778742814804, 0.005617808652414278, 0.005643179403749486, 0.005458256590645984, 0.005655362349239185, 0.005622690360945867, 0.005401659768331901, 0.00572183112167866, 0.005727318064309767, 0.005740207922188111, 0.00555728309750527, 0.005525434154556043, 0.005379122130531368, 0.005683758309316914, 0.005677209250364821, 0.005578205118880406, 0.005555049166593277, 0.005545004503062339, 0.005560024386225792, 0.005365530056967641, 0.005523239198537395, 0.005556630374371743, 0.005574498809835541, 0.005594500541940708, 0.005473756039256601, 0.005360632974571533, 0.005286092726273213, 0.005608633838447479, 0.005532852234292776, 0.005609974564194065, 0.005308190972603436, 0.005463030099096027, 0.005495508377845531, 0.005436652403257496, 0.005460311159344012, 0.005408818192315965, 0.0054616392950753495, 0.005331312316386789, 0.005430195156020229, 0.005340691619640649, 0.005274847560490448, 0.00551653995279916, 0.005596315627972573, 0.005445366838673058, 0.005544259075354794, 0.00525368821305111, 0.005285559026925601, 0.00537610026080793, 0.005420378842533382, 0.005260471233414659, 0.0054237676196607215, 0.0052476672702785575, 0.005322649986166752, 0.005320314014921585, 0.0054281325856089324, 0.005349850781888851, 0.005394494790574884, 0.0052856780462314686, 0.005372330857694937, 0.005368154185104575, 0.005558201411354672, 0.005138234096636731, 0.005307139642082549, 0.0053513250423508595, 0.005371039670115229, 0.005180054897037684, 0.005499417007078155, 0.005367805553282455, 0.005371381222713992, 0.005183958861612401, 0.005208554815787122, 0.005141477147281828, 0.005295035037254555, 0.005233698702775961, 0.005250225227224103, 0.005353737796768849, 0.005384608216081281, 0.0052430000764001035, 0.0051184438140896675, 0.005188645371830755, 0.005215362498785201, 0.005273974256991332, 0.005152567692638546, 0.0052496482913539765, 0.005129295002697634, 0.0052426303596304425, 0.00521951976200988, 0.005279672459966631, 0.005205095939000467, 0.005254912723954967, 0.005244868924271972, 0.00511361530895716, 0.005188038126394325, 0.005205372772219743, 0.005004893861625287, 0.005113882993100149, 0.0050432923211057145, 0.005040225208196674, 0.005151922570027609, 0.005102793228437336, 0.005113400723612303, 0.005110049586038234, 0.004980613898372624, 0.004931245154876015, 0.00521564860479402, 0.0051273990637428135, 0.004902099505755071, 0.004932468458813948, 0.005009009985126555, 0.005053804871235234, 0.005161209029148791, 0.005018299947726016, 0.0050603448443813474, 0.0048458003248185635, 0.0050456253645889265, 0.005005766935277749, 0.004817788055768408, 0.0049976380191934355, 0.005033642747291022, 0.005028603100258655, 0.005007214037216014, 0.005055976573583392, 0.004949976897016072, 0.005117526537340799, 0.005124971079837532, 0.004847692524293893, 0.004962584955847468, 0.004772390862155234, 0.004773794043997488, 0.004919309414824536, 0.004826506823190062, 0.004899871635353386, 0.004890719377448751, 0.004870905442799132, 0.004734581275056988, 0.004937138003190848, 0.004939862385788838, 0.004851218000743276, 0.004779207680832337, 0.004753128980927278, 0.004845208404886514, 0.004873249887803354, 0.004716810767346923, 0.004791585800000191, 0.004781974306865301, 0.004833423061817514, 0.004788099319750602, 0.004884405817949961, 0.004701553253713683, 0.004778516482589113, 0.004766917558592846, 0.004851555801760405, 0.004786047832472564, 0.004720093657430968, 0.004893549269339511, 0.004790585493607336, 0.004667604986425588, 0.004763830362828268, 0.004593261194697406, 0.004731485691378142, 0.004646777253968024, 0.00475499013213103, 0.004555496708963258, 0.004748315570032061, 0.004749971415246492, 0.004733214265864715, 0.004588152971955527, 0.004718664227689373, 0.0047102196385329295, 0.004578772015243153, 0.004809051469367772, 0.004681139315388137, 0.004597195340933583, 0.0046120895500751475, 0.004620447487452417, 0.004752725206554784, 0.004729212082761717, 0.004682523646202918, 0.004618909477828897, 0.004557326424322582, 0.00467326877154095, 0.004556950111230235, 0.0046807645843297795, 0.0046841644932784175, 0.004431860093069278, 0.004629027885007817, 0.004578257614907111, 0.004465240394740494, 0.004554706043204742, 0.004128924066796379, 0.004375786484267724, 0.004610470537578183, 0.004576048589699711, 0.004650669870519313, 0.004558252813173885, 0.004678360609538341, 0.0045581057379853965, 0.004473854284476602, 0.004530069465558347, 0.004415859890738083, 0.004526389212226119, 0.004540996133867463, 0.004564992363404742, 0.004418255724044236, 0.004508288653471909, 0.00447425166224867, 0.004440085429340935, 0.00429258173713886, 0.004428015589288934, 0.0043457135945873075, 0.004469061320173423, 0.004546312055146925, 0.004493429124601699, 0.004378494289951679, 0.004281727859476411, 0.0044921084338055885, 0.004321910463528798, 0.004477514873639538, 0.004327582984588654, 0.004316769809711749, 0.004288411223082123, 0.004338644764060786, 0.004382701331655398, 0.00442684658731638, 0.004449896032331399, 0.004342689117914325, 0.004404178074771621, 0.00443250411784528, 0.004328745236809128, 0.004211007805421683, 0.004192126514093966, 0.00427895938476485, 0.004240776264633375, 0.004178230877906277, 0.004259860743071123, 0.00429306623860446, 0.00433829755754995, 0.004251779235842333, 0.00419047742351894, 0.004273718943923424, 0.004149437828104196, 0.004127665673147518, 0.004123361455361601, 0.004412846778865648, 0.004232632307230427, 0.004222427798219666, 0.00428762393890045, 0.004158932437384168, 0.004146707096035383, 0.004080482918278148, 0.004204298631535195, 0.004224921424725919, 0.00431597046890741, 0.0043674835688505805, 0.004095128848943127, 0.0042392662596451814, 0.004261144798173728, 0.004145369767043892, 0.004078221533558315, 0.004129703735806427, 0.0041474817962736206, 0.004155832830867636, 0.00410923251712158, 0.004094209030717169, 0.004097075676058928, 0.0041977679237020565, 0.004250640073370754, 0.004130336121029205, 0.003993616773658487, 0.004057051286808299, 0.004158626793797713, 0.004146901870558304, 0.004060839474552456, 0.004100083534390787, 0.004128000925885108, 0.004094938187199585, 0.003981494437145988, 0.003960517190788855, 0.004115043213557967, 0.004109692018721531, 0.004087826743212868, 0.004069623713339686, 0.004044908723524896, 0.004020851673196166, 0.004092031894426323, 0.0039797358145146995, 0.004128493158154852, 0.004224872108566771, 0.004148922183335446, 0.0042630298311970355, 0.004034493827810858, 0.004065804560120836, 0.004008285687198798, 0.004091088811406312, 0.004059948583203753, 0.004032394606469032, 0.003987070744285818, 0.004097907721293073, 0.003981981043183188, 0.003954703479127045, 0.003976469879062338, 0.003783708399616517, 0.004021742114141366, 0.003793623083760834, 0.0038951479434968933, 0.0039051182190492323, 0.003932121576012454, 0.004003218514557599, 0.003965326000593502, 0.004007090641316304, 0.003980177259609227, 0.0038300560110375967, 0.004038520872280515, 0.003923667457593478, 0.003994337960409445, 0.003883205294504988, 0.003919556191812861, 0.003946430133485375, 0.0038576085701937544, 0.0040727147533754365, 0.0038437184806142718, 0.003912238482152385, 0.00395418552896657, 0.0038920636385050885, 0.00391750197181589, 0.003963697273656482, 0.003958019084106496, 0.003879544683949465, 0.0037905593905345897, 0.003911345591518677, 0.003889430461198204, 0.003923356457360706, 0.003936675781456296, 0.0039202188930287825, 0.003893664721165567, 0.003931639759062106, 0.003764749492376825, 0.003936471348286116, 0.003949335743816045, 0.0037118719499547644, 0.0037016796735409307, 0.0038298947734437803, 0.00392759794972014, 0.00380419851111013, 0.003601361594476755, 0.003762643926968956, 0.0038260901872821875, 0.003842184443104361, 0.00396349932563598, 0.0037475365798536786, 0.0038697883550934727, 0.00379290721200729, 0.003643475808794302, 0.003673618810444035, 0.003945466115854299, 0.00372110222758119, 0.0038217598353619503, 0.0037949540798199125, 0.0037515278967482444, 0.0037421485332106374, 0.0037269803939150494, 0.0037834226713514135, 0.0037191542797093842, 0.0038297362316611068, 0.003708247593694126, 0.003585515713690311, 0.00369323854573142, 0.0037309250401670185, 0.003603023762896836, 0.003651616977669235, 0.0037813446800291904, 0.003697135230536323, 0.0036472876475520093, 0.003529005005673139, 0.0037503334698797204, 0.0036877308212395475, 0.0037339471192055786, 0.0037257111667305183, 0.003640087023275918, 0.003683781550317512, 0.0038089858049134423, 0.003713465245203436, 0.0037275282642971184, 0.0037099912661367404, 0.003728689683411521, 0.0036875767705368367, 0.003636007573389936, 0.003677174837286752, 0.0035849271470906833, 0.003751349995371926, 0.0035767747177335566, 0.003486116911828044, 0.0036282820951873255, 0.003658759235433241, 0.0034390378812536, 0.0034859215324766716, 0.003448305894220757, 0.003470670332774756, 0.0035521609811898004, 0.003637378855292415, 0.0032587849871554666, 0.003490872051010979, 0.0035485288512989667, 0.0036700574935156676, 0.0038726901713489682, 0.0036861429074540107, 0.003610471613904068, 0.0034962405173675176, 0.0036570497249020827, 0.003652739325789499, 0.0035899702676004926, 0.0036867409477588137, 0.003470054482714008, 0.0034874371497290043, 0.0035609392280279025, 0.003424822131725522, 0.003523887098098828, 0.0033839395201441386, 0.0035259165867552967, 0.003594373261373242, 0.0036090303484896027, 0.003459835117285634, 0.0033869731462913373, 0.003750939620162748, 0.0034333112802252238, 0.0035888993370703625, 0.003438073946583879, 0.003520994010042218, 0.0034965583514986226, 0.003516163944075071, 0.003364446913818871, 0.0035148425383971986, 0.0035431153525954428, 0.003506605711745535, 0.0035865150016175314, 0.003559594703567612, 0.003457791482088203, 0.003306318239098891, 0.003607376461488961, 0.0034700321275116085, 0.003438821770457108, 0.003613663606718539, 0.0034838175201155463, 0.0035459117653426574, 0.0035607368698817765, 0.0034383788724155003, 0.0034636350792782056, 0.0035739935697051005, 0.0035647250447448766, 0.0034043699155595895, 0.0034575721649526686, 0.0034809153625225365, 0.003391123764967129, 0.003342516771093254, 0.0035378218376109927, 0.0034472510524478387, 0.0035186278641656187, 0.003403038627166383, 0.00356258294390044, 0.003448692622537619, 0.0034900745401358914, 0.003302319235470021, 0.0033667770831603706, 0.0034410870759406767, 0.003490544598330002, 0.003423480630593359, 0.0034766174327235323, 0.003423177624657446, 0.003436411699684581, 0.0033610769486997695, 0.003468320631513235, 0.003531138291448004, 0.003230249699460985, 0.003458412207093604, 0.0033512894626051347, 0.003462414166108521, 0.0032916401002712776, 0.003314052041994141, 0.00338063530798305, 0.0034152667949345424, 0.003529795253193049, 0.003299357998285078, 0.0033339654914040086, 0.0034101687696401037, 0.003330861982833053, 0.0033807348182309546, 0.0033182409277824646, 0.003329478363735594, 0.003305056687512319, 0.003230350811918441, 0.0033969264993338553, 0.003485498737296085, 0.0033436334657474948, 0.0032961333882334017, 0.0033978877583890916, 0.00321582891752597, 0.0033246620286943723, 0.0033951158946244633, 0.0033967988615484237, 0.0032160156451370384, 0.003352223652233276, 0.0034135158087240563, 0.0030155626264388043, 0.0032656925159253846, 0.003425218612171536, 0.0032054304571931436, 0.0031748364339410804, 0.0033363474451694533, 0.003218353905089091, 0.0032893125219446958, 0.003287055942032274, 0.0033195137548340382, 0.0034408365055227023, 0.003357498801985323, 0.003246278810570505, 0.0033470499563161586, 0.003296423744472383, 0.003353837384850893, 0.0033769974991267864, 0.0031410141330993012, 0.003422530803111158, 0.0033930616189482084, 0.0033779740101342022, 0.003131617174226517, 0.003283332832273259, 0.0032454296646976725, 0.0033505929839864374, 0.0031929010064686903, 0.003301627223427579, 0.0034737518828935623, 0.003086746058585067, 0.0032737965537976105, 0.003482143070986836, 0.0033021428988957184, 0.00324893657868624, 0.0031577423612421554, 0.00326707580979194, 0.0032492880484805585, 0.003232693318936777, 0.003277176446491001, 0.0032742841421249543, 0.00323826934398522, 0.0032650626418817535, 0.0033264293417061427, 0.0032217721883172293, 0.0031731262565097397, 0.0031959704320750947, 0.003181545351675309, 0.0033193302929467785, 0.0032109141348855234, 0.0033434032536418796, 0.0032684684861559845, 0.003077394007731658, 0.0031064527649634116, 0.0030946854626169983, 0.0031131024739697306, 0.0032059962223872336, 0.003160988339299296, 0.00313807013816204, 0.003282584198720837, 0.003119402505864383, 0.003253742709397663, 0.0031370659756000314, 0.0031545116714658196, 0.0031618892788263953, 0.0030939516836052273, 0.003086570230020092, 0.003130302187147511, 0.003113259854310355, 0.0032610305929301375, 0.003155501574795716, 0.0032550821030713343, 0.0031521714213464253, 0.0030834330389608866, 0.003155173781458029, 0.003139504965877307, 0.0032541825133469812, 0.0030684890969399845, 0.003038827210806669, 0.003231146866452932, 0.0031502505964987877, 0.0029826831027148174, 0.0032378317442560314, 0.003247550842245137, 0.0031254152393543054, 0.0032411217091326324, 0.0031450225718267625, 0.0031345662220365316, 0.0032067425348138094, 0.0031328355158440667, 0.003189823422867478, 0.0030377285484502743, 0.0030513105332525357, 0.0029364478325472495, 0.0030831014172695275, 0.0032203257820574076, 0.0031203305400861266, 0.0031059234516095167, 0.002986740204814198, 0.0031327757948739422, 0.003129324218546951, 0.003166624669452198, 0.003133636090685206, 0.0030999196348188, 0.0030389925428581195, 0.0031289139767074732, 0.003180192111960636, 0.00326454376685858, 0.003164618460473903, 0.0031178242378512703, 0.0031486931326875187, 0.0031508861588757818, 0.0031713027268679655, 0.0031028722737487034, 0.003105372613666242, 0.003064670762292504, 0.0030494793693484346, 0.0031874335796134466, 0.0030604322238539108, 0.0029945598236164484, 0.0031230023722790064, 0.0030911348266265365, 0.0031186246003118384, 0.0031515332565078395, 0.003137435007132119, 0.00312311258071285, 0.003099594862056344, 0.0030746875746587967, 0.0030724385531785458, 0.002870966380445121, 0.003194334804969584, 0.0029234210283323823, 0.0031623984181605707, 0.0029593750404585477, 0.0030367267955314636, 0.0029769707586650112, 0.003031209556591478, 0.002891616536651705, 0.003138173848902116, 0.0030246950349937535, 0.0028999546619841096, 0.003107706535796626, 0.0028661698219925942, 0.0029252803912498283, 0.0028827125982942873, 0.0029916549189435235, 0.002940332532739741, 0.002989564282177391, 0.003067661798276622, 0.002862253709569011, 0.002969024877708105, 0.0030974767413495833, 0.003030921613267368, 0.002954457703498774, 0.0030996319898442797, 0.0030109984484099736, 0.003003285136941353, 0.0028825333002102578, 0.0029443674373060597, 0.0029815292667490123, 0.002989525045447186, 0.003014599604498987, 0.0029517566083958006, 0.0028659982549933487, 0.0030305816428978986, 0.00307982572395986, 0.0030459371449984628, 0.00286298402397614, 0.0028269094718245706, 0.002902488821434106, 0.0027821037015729063, 0.0028883538396074163, 0.0029459899640106274, 0.0029449939884432226, 0.00292568840311761, 0.0028934136621215256, 0.002894742181104494, 0.0027399969747376796, 0.0028837807644429446, 0.002723816237570002, 0.002861701746098229, 0.002951440641476894, 0.0026985597769378145, 0.0027657926654368393, 0.0028067039220434557, 0.0027840107612048647, 0.0028614850982493323, 0.002656683826494363, 0.0028281085985166665, 0.002738366586592634, 0.0026169871591679703, 0.0027242697948371593, 0.0026767031179002125, 0.002621198009396843, 0.0026606518768098, 0.0027233410413122342, 0.002788793523731881, 0.0027479494083845943, 0.002832281939909581, 0.002648204862685537, 0.0027992704114992756, 0.00251218772846864, 0.0025763524891751557, 0.0025947785627249997, 0.0026436855058372846, 0.0027084213414608014, 0.002542166684767456, 0.002661388673639622, 0.00248897019878897]