Model Setup for Atypical Patient 14:
ITERS=1000
LEARNING_RATE=0.001
OPT_RESET=None
ATOL=1e-05
RTOL=1e-05
METHOD=dopri5
Input channels=2
Hidden channels=32
Output channels=2
Runtime=213.5688328742981
Optimizer=Adam (
Parameter Group 0
    amsgrad: False
    betas: (0.9, 0.999)
    capturable: False
    differentiable: False
    eps: 1e-08
    foreach: None
    fused: None
    lr: 0.001
    maximize: False
    weight_decay: 0
)Loss over time=[1.524558659184857, 1.4955909802653666, 1.4681589811805211, 1.4387281514583297, 1.4116034497156897, 1.3846563395575393, 1.3576519131427813, 1.3332904005186943, 1.3085712493621544, 1.284099037831191, 1.2580280529286816, 1.2369349245443102, 1.2125011578052993, 1.1911652549309393, 1.1671602223005213, 1.1421597571724331, 1.1194963412873964, 1.1023975572020606, 1.0720876050490167, 1.055427230630365, 1.0267274298927762, 1.0094551059403791, 0.9783910035842667, 0.9562870929828573, 0.9301750591101406, 0.9140998133125884, 0.8908961948236037, 0.8729036961373812, 0.8498835437386746, 0.8334351442147362, 0.8121819449902248, 0.7974068347962877, 0.7811017610228235, 0.754689583703673, 0.7515323158204492, 0.738913731653603, 0.7304600958194883, 0.7121224195879776, 0.6947154963767376, 0.6941946585247026, 0.6742292579176675, 0.6740813579556254, 0.663270398524345, 0.6546773982762315, 0.6478308258794626, 0.6323294520246029, 0.6255543191148601, 0.6261517858074808, 0.6163344108822373, 0.6053404699903187, 0.598783163617181, 0.5985074953382742, 0.593267900780912, 0.584982993992861, 0.575795261738114, 0.5644349945802546, 0.5548007239800838, 0.5551276889627693, 0.5516804277089268, 0.5408445173775349, 0.5224273673904456, 0.5325829570400203, 0.5204526568752598, 0.5180476394928276, 0.5193959791798611, 0.5111295553019045, 0.509520257719421, 0.49236953252579435, 0.49549154432294923, 0.48986627773858804, 0.48187513059381093, 0.4839692181420921, 0.47568587838050996, 0.4693622748954951, 0.46330277035790596, 0.46499664940604063, 0.4533666506753612, 0.4516354322601844, 0.4475150934923607, 0.4460940855282866, 0.43560741242692386, 0.43095648227834504, 0.42399676437894873, 0.4242462663729393, 0.4229852678034158, 0.41342651011739306, 0.40419009750322626, 0.40501935889662194, 0.3975056814150978, 0.3988236785710521, 0.3928613593606141, 0.38890745447304087, 0.3885070981298282, 0.383328305023517, 0.37867283731637225, 0.3701752645940726, 0.3644250184713742, 0.3653359284872252, 0.3624559750582921, 0.34962281026525416, 0.35472226891593484, 0.3412892190474707, 0.3420688021339592, 0.33365242044839966, 0.335744529153885, 0.330640791463841, 0.3224604476079808, 0.3228019237797818, 0.31811072561731507, 0.3142242779957551, 0.31134108512050873, 0.30799436806564146, 0.30705547013706863, 0.30461637055071655, 0.2983796419978294, 0.297043394192035, 0.28883434825624216, 0.2924892482439438, 0.28794530914209643, 0.27720396607482195, 0.2765216831830553, 0.27957257142843184, 0.27242513775010974, 0.26582851344778324, 0.264111823249919, 0.2631315012791387, 0.2615271990924509, 0.2572208673167533, 0.2615505647667886, 0.24722700927470653, 0.24845786403006526, 0.24695198378216576, 0.2438535468988247, 0.24113369084498582, 0.23552591788363283, 0.23573739478262823, 0.2367939092584025, 0.22909004409427272, 0.22398521038425032, 0.222765243651853, 0.2182912465405142, 0.22304597751034516, 0.21860107125680825, 0.208073714663185, 0.20731277066325096, 0.21132594328481497, 0.21173485388937294, 0.20975255022846015, 0.2057337902146025, 0.1952808724653572, 0.19427483963935205, 0.19160485438085784, 0.1881266825366443, 0.1907731030648261, 0.18213364406635008, 0.18224258004335328, 0.17993096598846603, 0.18287293900589585, 0.17905396497699422, 0.17458862939780506, 0.1734153221496608, 0.16465692292912595, 0.1670392469263987, 0.17030096404663342, 0.16652993188426088, 0.16315291301087895, 0.16356334260087363, 0.16073925874303455, 0.1565868268977445, 0.15828380050929433, 0.15443379021111261, 0.15140618626138738, 0.14503949001743585, 0.1487651540912478, 0.14752357296827145, 0.14024852066852236, 0.14467770724931225, 0.13960997788588445, 0.13628906091785148, 0.13901379001032732, 0.13715192770489673, 0.13651520594152175, 0.13172459719811389, 0.12699911464925837, 0.12951169156854234, 0.1299367744341241, 0.1239110834555882, 0.12539177317713682, 0.1253311836840013, 0.12314853580221455, 0.11857639736924756, 0.118299849371015, 0.11639161392992783, 0.113001011042625, 0.11086178849536613, 0.11124031040670616, 0.11374714265609208, 0.11364695504854584, 0.10800857856984573, 0.1078183011927925, 0.1076834164964584, 0.10629605910883119, 0.10631982334662808, 0.10108661800784949, 0.10015735135046379, 0.09723970220814103, 0.09770055907982232, 0.09715274819231676, 0.09805465040031808, 0.09810664505482097, 0.09735806808452961, 0.09208184595985132, 0.09308885612406931, 0.09157236617487757, 0.08836452420207025, 0.08713782019801798, 0.0870667440175851, 0.0859503384192975, 0.0852234337803227, 0.08280747265348433, 0.08199899373975258, 0.08221744956125067, 0.07783746683501001, 0.077982637297767, 0.07752541513725436, 0.07743172658399976, 0.07465383458119042, 0.07644675831172892, 0.07349421024923064, 0.07072449813131844, 0.07298488683508701, 0.07081164247945977, 0.07313117822044811, 0.06801519343322301, 0.06724674004375715, 0.06847492356264175, 0.06660451883783469, 0.0681357684419066, 0.06368416977607115, 0.06601675259422807, 0.0625551775865272, 0.06356314878980764, 0.0612476665734279, 0.06379467384664211, 0.06239160796619992, 0.05730940788857733, 0.06062434743313365, 0.05747554453375317, 0.05756470912468891, 0.05842295468447278, 0.05678858462160099, 0.05353018739545696, 0.053487417960506184, 0.05364246186240636, 0.05376513130390173, 0.05136283743844488, 0.049636981331173974, 0.0486437154259983, 0.04948005017799159, 0.0509468190934638, 0.050051879228088764, 0.049557973840285284, 0.0482596864862131, 0.04687050979800404, 0.046461392223050235, 0.045667256551535224, 0.04287485311735065, 0.04388567249458352, 0.044640907049700224, 0.04318648147794101, 0.044092966406222595, 0.038823018252183594, 0.041578673504138026, 0.0400949815029457, 0.04053666409293708, 0.04048916486890047, 0.039774372907726833, 0.03858100192788966, 0.038633225137562566, 0.037727034973156964, 0.036609266454277735, 0.036980782769805036, 0.03537573406479247, 0.0353986353146293, 0.03328257994769595, 0.035105307757541254, 0.034786702423495304, 0.034799936032523994, 0.03539421772908991, 0.03152353242479018, 0.0331391162118576, 0.03111287122879884, 0.034112476503842325, 0.030377865264745604, 0.030874870662526102, 0.028378335543046553, 0.03120412350960755, 0.029155591638422143, 0.028027412217283755, 0.029235931844103277, 0.027261993361392425, 0.026278202785319005, 0.025290322278284042, 0.026462099722078126, 0.02689897141334766, 0.026730971041915564, 0.024005165264707706, 0.023960984045634046, 0.02446858073012296, 0.02561436775394319, 0.0235104827155196, 0.022929111418255075, 0.023231357180776433, 0.024817515228641417, 0.021986839192873028, 0.023616760923837396, 0.022923340410923945, 0.0229318505860863, 0.0237765473027685, 0.02151463341150166, 0.021276560367778908, 0.020480345870848207, 0.021360160961591712, 0.02111716912351935, 0.02093141972776334, 0.02120854235815589, 0.020354540556368535, 0.019514823006853862, 0.02071943526813547, 0.021707059960475037, 0.018510858277098766, 0.019158581798550952, 0.018959381910840456, 0.019090260746220254, 0.019409831227979426, 0.018135649216834224, 0.0171069085343583, 0.01815153899743722, 0.017573845299972204, 0.018782955400868388, 0.016885349143527576, 0.016678474078117872, 0.01637236865085169, 0.017217393312603354, 0.016290409997159274, 0.016825926522323478, 0.015136099764955446, 0.01720966206982868, 0.015768642853594642, 0.016309376798650972, 0.014767987190074232, 0.01630632976598814, 0.014589855791873415, 0.01571986595881281, 0.014917034055516672, 0.014758056739811192, 0.01487603029806371, 0.014883843296197687, 0.015106797320363479, 0.015202757405353706, 0.014013716843546646, 0.013501650160419133, 0.014788215978637505, 0.012739595884107452, 0.012440716011373865, 0.013132843324731096, 0.01273407173841898, 0.013475157630229363, 0.012889647299598711, 0.01394714340861833, 0.014271985045507503, 0.013542046549811075, 0.012936891384883, 0.012105903740486128, 0.013401531831879159, 0.012878083510303522, 0.012807662694293153, 0.012552491508280748, 0.01261393445913816, 0.012082959412101702, 0.012075914365561552, 0.011759704623261213, 0.012139048723061046, 0.011361075116884684, 0.011226508502315572, 0.011317040377110496, 0.01187352743481203, 0.011225559467580694, 0.011155269235520515, 0.011356164093787497, 0.0128802273775866, 0.011205705907105708, 0.010694790782818242, 0.010513062250768685, 0.01135889298564378, 0.010992711016172907, 0.011299644413544634, 0.012307807835925461, 0.010746452050183314, 0.010717397290290089, 0.011956280154537273, 0.0108643643104288, 0.010672741561365322, 0.010390643274703041, 0.010378530528391154, 0.010013709285646228, 0.010022472792543285, 0.010204170233775388, 0.009970861921966263, 0.009682008797352792, 0.010211796767424437, 0.009830911423913456, 0.010101371453811403, 0.009456754331106832, 0.009543641935323689, 0.010507256289588436, 0.010314467235783822, 0.010024680345075133, 0.009851860614602194, 0.00939032983288249, 0.009323940557694437, 0.009025411465368095, 0.01093649159209839, 0.009664904685161242, 0.010477291130559103, 0.010160244225841893, 0.010335468693821119, 0.00910532166742744, 0.009246391304802063, 0.009326611756522043, 0.009950409303638486, 0.009654237948181904, 0.009070493112358415, 0.008885172261563113, 0.008902231109582883, 0.008922962731381106, 0.008935397841345305, 0.01014890380969264, 0.009177633207890877, 0.009346354580674442, 0.00876269828115607, 0.009265211937196238, 0.00928320092799816, 0.008770247340199433, 0.008992312393164958, 0.009612565953246865, 0.008923221568151873, 0.009576617691454042, 0.008943346438967936, 0.008755691364048197, 0.008424410006370635, 0.008366452326374675, 0.00989224034285739, 0.009336834963221886, 0.008962738020268911, 0.008576612401540668, 0.008541265538810183, 0.008717200564820414, 0.008725404887356762, 0.008205822902319857, 0.008583239019645554, 0.009063898340532476, 0.008663089463488587, 0.008292339197448205, 0.008801524946870204, 0.008837371541322454, 0.008623572604722069, 0.008498627926106263, 0.008498976222686859, 0.008849072606760487, 0.009207204879369298, 0.009200775639162745, 0.008734513299858755, 0.008429230483816628, 0.008211506990031843, 0.009534464455138357, 0.008755639807179683, 0.00937547214451216, 0.007928750696358483, 0.008318423167216087, 0.008919465641713514, 0.008389903086330697, 0.007758243863329643, 0.00785990025284267, 0.008203331812472481, 0.008033606658165071, 0.008906759807559794, 0.008161829088261725, 0.008067701725802633, 0.008407543577217421, 0.008134637214248201, 0.008721018048894795, 0.007914181498140656, 0.00920090305512414, 0.007954532150915733, 0.008139082720347574, 0.008219864694078953, 0.009138925265257348, 0.007925980638412577, 0.007863284834592534, 0.008070723064137005, 0.008158700884695442, 0.007912201915838623, 0.008782647562918272, 0.007796504257176648, 0.007945341387150112, 0.008997137624853201, 0.00826360920695675, 0.008053146331340095, 0.00844611800669902, 0.00855754527147349, 0.007752363502857838, 0.007833020740774766, 0.008536662835480201, 0.007844566482061286, 0.00786459166521349, 0.007773188478086022, 0.008776860437667644, 0.008626553847973102, 0.008012238458856513, 0.008324754970027437, 0.00799412686260233, 0.0076759864681494845, 0.008197707947551328, 0.008404294003684016, 0.008775183437110076, 0.008316715577901375, 0.008172268039549273, 0.007774729265942418, 0.00793582657536479, 0.008249478859214024, 0.007748273515226515, 0.00798215837953594, 0.0075522915892198665, 0.008591899542041242, 0.008282350687433071, 0.008406936634533443, 0.008305234626301929, 0.00875917651908022, 0.007842005593346914, 0.007903349288974787, 0.00840513673957685, 0.0077036260362911835, 0.007660935644588118, 0.007645669534536973, 0.007692892212359318, 0.0085255763763337, 0.00774038993585156, 0.007761876390210945, 0.007497738035574397, 0.00810268767525535, 0.008223582462771105, 0.00775712507179176, 0.00800744844826744, 0.008016829914735667, 0.008340690713681334, 0.008419906633431984, 0.0076622171245030206, 0.008383863782689833, 0.008176486483521051, 0.00852652797040538, 0.008032922216129994, 0.0081762916341185, 0.008096422124691806, 0.007755757671519209, 0.008240540845674825, 0.007611830646281751, 0.00791991142663462, 0.008698878629625562, 0.008202428416919622, 0.007575774677143629, 0.007592047215904613, 0.007504655869327481, 0.007844058208500678, 0.007714205959546813, 0.007739253494585949, 0.00803704606820656, 0.007846656208966346, 0.008032778634777115, 0.007948877972152641, 0.00823819617765007, 0.0076385200215248715, 0.00792665175979186, 0.00777701292435684, 0.007775015557546439, 0.00822046067406503, 0.0081907353626228, 0.008219680250626303, 0.007858072401942678, 0.007385645865066779, 0.008342242226577291, 0.00787290570636386, 0.0077411758088360835, 0.0076461644761321255, 0.007840676445451522, 0.007853840680820517, 0.007763417532133413, 0.007962029442920938, 0.0074860807772390466, 0.008490705155911776, 0.00755803534151159, 0.008067507722895937, 0.007565603796610579, 0.008157300749156203, 0.008105152966222127, 0.008045362354322582, 0.007474172591988477, 0.007406903581842294, 0.007968160866500812, 0.007492596843464478, 0.007635471928012607, 0.007713569507827627, 0.008085743191012735, 0.007822367483894742, 0.007743580465945595, 0.007709170764602644, 0.007517006001868687, 0.008047525660850147, 0.007320009271858216, 0.007596887971390432, 0.007974065205450348, 0.008101653945699871, 0.007558449238853968, 0.007982402671291279, 0.008221010177623873, 0.007946232578441549, 0.008102497268616678, 0.00766335734588946, 0.007553898920366938, 0.007655531307135106, 0.007596341995188925, 0.008182786992583705, 0.008311591361234326, 0.008422423501155463, 0.007797761808284015, 0.0075057075799707, 0.007427823256037178, 0.007378980884946393, 0.007802661064970024, 0.007524033598673846, 0.007874312212938992, 0.007496127337334854, 0.007956965259678189, 0.007648237662087218, 0.007438512020418828, 0.007727545250346728, 0.007726856956640874, 0.007816118192060385, 0.007603083844170857, 0.00876666219292987, 0.007945351729697849, 0.008203171444300718, 0.007273664882555508, 0.007458770665868455, 0.00772094773507552, 0.007279004943329573, 0.007417701170863198, 0.00814261022124204, 0.007785999085918282, 0.007870295131878232, 0.007472233811070811, 0.00773460557515771, 0.007702091155561866, 0.008310531921173474, 0.007510758497499856, 0.007389706894612494, 0.009686583207191334, 0.00731486759723646, 0.008971200531137619, 0.00809913699270451, 0.007877328851708571, 0.007597160353249379, 0.008002381944455145, 0.007402336017635286, 0.0076867333817296265, 0.007729652526560279, 0.007246092845286248, 0.0071791159819627635, 0.008378358930455855, 0.007395391882464941, 0.00764584356076098, 0.007521630229965581, 0.007888846493074798, 0.007266662079773667, 0.008615213984204395, 0.008133517470649027, 0.0074811134923778305, 0.008524181043841127, 0.007646308057052096, 0.0076785686576878506, 0.008160478974144625, 0.008161127134282147, 0.008141548484960971, 0.007455832240089714, 0.007508394133917544, 0.00820896842367339, 0.007491908716922208, 0.00785295760053431, 0.007703635015649284, 0.008339822428400888, 0.00827405070205082, 0.007725216326334662, 0.008283641919496394, 0.007586439762972718, 0.007468288839017537, 0.007376022611077417, 0.0077937623050872784, 0.007364925379166844, 0.008259158848207037, 0.007693307714057402, 0.0078395398483119, 0.00771755486962899, 0.007318115582334212, 0.00790835358999944, 0.00726408213476204, 0.007412559168461031, 0.007559117472925045, 0.0070343838126600685, 0.00726240997949904, 0.007291698647999129, 0.008232132319176704, 0.008307235561639087, 0.007721696792988719, 0.007943768014283113, 0.007932738547061046, 0.007878982839829553, 0.007182232750000516, 0.007696576940634929, 0.0073981110027480645, 0.008242898291921335, 0.008159536133385843, 0.007243006541785798, 0.007940866913385278, 0.0075015836239174715, 0.007583496086111363, 0.007123263799134466, 0.007819323685951347, 0.0071374919320098115, 0.007613307559042162, 0.007315914818910161, 0.007884411166640421, 0.0073594773878619315, 0.007332998481282564, 0.007954171238061513, 0.007151718889809861, 0.007180669636929851, 0.007816209842220671, 0.008184038533912537, 0.0076623801609553765, 0.007758097206026501, 0.007745637025590763, 0.007233455807618653, 0.00786614947698876, 0.00828944911548187, 0.007402385951966895, 0.008417639021811777, 0.007504037269641848, 0.007409731102274505, 0.007753115272327782, 0.0075714328365800035, 0.007683365283286778, 0.007943178348884293, 0.007947649749629217, 0.00749820360442412, 0.0076410396878625894, 0.008032492410572006, 0.008151988996063555, 0.007931320338509558, 0.007118353071255151, 0.0076305272255401905, 0.0073992875687091475, 0.0083509652357339, 0.008487859024632248, 0.007058041318156585, 0.0077201003802410935, 0.007349409446048159, 0.007107022258064991, 0.00794842540410101, 0.008341875252958096, 0.008139299873629605, 0.008104163785201632, 0.007343987232321638, 0.007106672038968536, 0.007734358588740339, 0.007598758099435402, 0.00796412414414296, 0.007900452286452942, 0.007867793048793233, 0.007456759753845801, 0.007296081942690385, 0.007096240318063432, 0.007645691179312502, 0.007528890186141779, 0.007940518458043753, 0.007791919561619982, 0.007750466737913989, 0.00746945882241276, 0.007136364764840511, 0.00811576382208526, 0.007697767334787129, 0.007547601582565783, 0.00801585144399538, 0.007757635206691937, 0.007060394562776195, 0.007809809833509099, 0.007905540633287461, 0.007816836161887343, 0.007650354628556692, 0.007356311459882838, 0.007464136134739157, 0.007717319325664809, 0.007416985501513274, 0.008331002546300164, 0.0072386873691423406, 0.008314117338873129, 0.007864132728283783, 0.007243757930819633, 0.007373976263542437, 0.008101235342837972, 0.007071636584627699, 0.008285631589196402, 0.007601213570603821, 0.00759550599214377, 0.007509600370028483, 0.007612675272237642, 0.007192582268545222, 0.007119353569629616, 0.007181971565278525, 0.00725557754816027, 0.007143159432295939, 0.006929463092204504, 0.007618753387850963, 0.007243444416343985, 0.00753335724988557, 0.007017330111198227, 0.007332959631456537, 0.007571927450476831, 0.007617120757450991, 0.0077110866976099505, 0.007820657833754548, 0.007677026034171441, 0.006989100596222952, 0.007600149300529762, 0.007867174537534776, 0.007413210329074337, 0.007646104288527262, 0.007338150942901477, 0.007088964019388736, 0.007388652486614808, 0.0076802396292867505, 0.007611876695129103, 0.007396156518313485, 0.007098287985287638, 0.007480184153608672, 0.008973850782040327, 0.007198265608996896, 0.007823645412238522, 0.007529492677170736, 0.007656348605907354, 0.007870894703195859, 0.008175496878735844, 0.007576165245513277, 0.007588550764612053, 0.0074331249590869975, 0.007761712689561013, 0.007739607010793303, 0.0072383614291405916, 0.007745112944062397, 0.007157724925669665, 0.00704520222667672, 0.007399995650990637, 0.006925605983711954, 0.007333173250580739, 0.007086650306277825, 0.007984556362274048, 0.0069620412466901, 0.0071514080219534796, 0.007129029803497216, 0.006951869177548778, 0.007670417466553512, 0.007673368025078606, 0.007851335704565124, 0.008432946721737004, 0.0077225527055397375, 0.0075102762742913715, 0.00730611911901917, 0.007680131574981556, 0.007560383031098395, 0.007832589688741811, 0.007538827973036513, 0.007652237145117791, 0.007509631164395168, 0.00758931193731219, 0.007486781512769386, 0.007555702585939045, 0.007674091930106632, 0.007215568016645183, 0.007963819917754484, 0.0074835013268196695, 0.007744688640709153, 0.0070140670883775905, 0.007183015623137367, 0.007026982940410834, 0.007039734576085022, 0.00731303487390938, 0.007744816275357228, 0.007608724015011171, 0.007628695655338678, 0.007293263424486821, 0.007288545341034338, 0.007318080508640559, 0.007236739015524348, 0.007817783604230728, 0.007532272379331489, 0.0076063940907969176, 0.007289233909910985, 0.0069281827275170646, 0.006851008639076881, 0.006971774026474051, 0.007246561522215211, 0.007848265047847003, 0.007539452461565382, 0.007495416744503581, 0.008340617630669457, 0.007371930841761828, 0.0071460341736117655, 0.007312062412618328, 0.007670402682001396, 0.007143405599451366, 0.0072524847438325876, 0.007539181685494431, 0.007627145687751976, 0.007301805844236481, 0.007280706934575457, 0.007098361273309587, 0.007356191356848709, 0.00731427936056537, 0.007077207796667814, 0.007437142337806582, 0.007822761452573396, 0.0067747180939471885, 0.0067537068865933395, 0.006774916137581147, 0.00696701418064769, 0.007157853204791487, 0.00726501138131471, 0.007008438882065934, 0.006740687664359742, 0.0072091083135969285, 0.007011643870354121, 0.00711859438216187, 0.006903557426320564, 0.006811779758105086, 0.006911028178708334, 0.006832852754342609, 0.007028232014787319, 0.00687989067904888, 0.00732282878796978, 0.006864337993146428, 0.006885559475764208, 0.007102482894384981, 0.007180304505049567, 0.007268024412635078, 0.007179547633893716, 0.00693495411059567, 0.007157965099407083, 0.00709714015550103, 0.007258164846751053, 0.007114563441748065, 0.007440035530278482, 0.007263807698394269, 0.0074927994540129085, 0.007334336990053569, 0.007682039149495065, 0.007622269933051795, 0.007075123377002567, 0.007310160729639455, 0.006757544323031953, 0.006963281296001933, 0.008096176021697881, 0.007064394121637641, 0.007087441717292153, 0.006837457083783216, 0.00695369895109565, 0.007420121147430378, 0.007385363995240235, 0.006620540236636549, 0.007283758522881248, 0.006614464858652647, 0.006830209485720589, 0.006955726084511909, 0.006962402031528162, 0.007449250867813991, 0.007238033947145617, 0.0072089650024820965, 0.007537332180577566, 0.00815157441244384, 0.007329884963525884, 0.007519259841802137, 0.006901202568286965]