Model Setup for Control Patient 11:
ITERS=1000
LEARNING_RATE=0.001
OPT_RESET=None
ATOL=1e-05
RTOL=1e-05
METHOD=dopri5
Input channels=2
Hidden channels=32
Output channels=2
Runtime=167.50398588180542
Optimizer=Adam (
Parameter Group 0
    amsgrad: False
    betas: (0.9, 0.999)
    capturable: False
    differentiable: False
    eps: 1e-08
    foreach: None
    fused: None
    lr: 0.001
    maximize: False
    weight_decay: 0
)Loss over time=[2.031766311307622, 1.9935642392624677, 1.954693528728383, 1.9265872964320274, 1.8837435996933556, 1.8470560838582095, 1.812626021878949, 1.7774113942414551, 1.745489522833219, 1.7029594056835529, 1.6656386021194636, 1.6279835545825294, 1.589200599270863, 1.5524007920202256, 1.5138512715965378, 1.4715836290228224, 1.4347111629464677, 1.3965948587808277, 1.3600222349143183, 1.3295933101854622, 1.289823324586439, 1.2586269555055278, 1.225610800776947, 1.1931774726722828, 1.1635734361223993, 1.1315320071945083, 1.1027724680226152, 1.074990609354427, 1.0496680845380384, 1.0239926969588566, 0.9981243853233845, 0.973870105093603, 0.9502042798719809, 0.9270115708215007, 0.9020718176407617, 0.8815546082902684, 0.8651424597474644, 0.844648300471631, 0.8292280160443248, 0.813713956960628, 0.7999691465448481, 0.7880525692280439, 0.7766677199750928, 0.7665744631200737, 0.7585972625379154, 0.7530443225571678, 0.7447108810172459, 0.7394343979953697, 0.7349013682131331, 0.7293894938584358, 0.7251942269616538, 0.7206676246913086, 0.7148205873651151, 0.7104803992345272, 0.7051089203083349, 0.6999243441653608, 0.6934326697680612, 0.6882734662697666, 0.6824494951257839, 0.6767695833885685, 0.67137751821068, 0.6655957385434724, 0.6582101425889678, 0.6528605076667348, 0.6475158927650255, 0.6416169725121811, 0.6356368504436426, 0.6313658029045398, 0.6241919543128297, 0.6191747785747543, 0.6144595738955304, 0.6089669935735988, 0.6031651753346862, 0.5992913842412334, 0.5932859048456119, 0.588786320930764, 0.5833095027351175, 0.5775503929810497, 0.5733255680456553, 0.5679456087328467, 0.5623801056774601, 0.5583169913284524, 0.5530790877074949, 0.5479808550095854, 0.5428955460227862, 0.5382188411871718, 0.5332042848275595, 0.5279761106420049, 0.5231505173322291, 0.5187895673152488, 0.5142132926813516, 0.5098319491535667, 0.5049565812772029, 0.5004820367597459, 0.495848366742365, 0.4913785172004514, 0.48660156561013124, 0.4823906395737465, 0.4784356929839996, 0.47331490314086594, 0.4694434708034698, 0.4652774392239216, 0.4607667337732268, 0.4565142148812806, 0.45189942847592673, 0.4481210212060864, 0.4440926946492187, 0.44028733102391304, 0.436257179587569, 0.43186959615994397, 0.42865617990952903, 0.42449574789438055, 0.4207310584734024, 0.41879445148019223, 0.413726667996959, 0.40960656334159, 0.405666535063626, 0.4028148479302212, 0.39892192523339104, 0.3954908948441028, 0.39162079089855534, 0.38844966320474067, 0.3847874412163032, 0.38189971492797953, 0.37917740857202364, 0.3757235235195161, 0.37261125706051684, 0.3695966043505564, 0.36664058384779585, 0.36439356190946187, 0.3615051431518355, 0.35831329557969743, 0.35540886131797705, 0.35267447957942344, 0.35014923220816435, 0.34749534382578057, 0.3450502722080721, 0.3423329769117458, 0.3399144834076276, 0.33760784578483527, 0.33535393170038574, 0.3327504021329935, 0.330399434012486, 0.3285712794077878, 0.325956153287262, 0.32369077183122236, 0.32179071545442656, 0.3193732597794094, 0.317408392557622, 0.31551386758218597, 0.3131946894667859, 0.31134809935419483, 0.30935966621235417, 0.3072437548946992, 0.30534440833909443, 0.30351509709719243, 0.3013881206853612, 0.2993355449525316, 0.29823244402694987, 0.29610668701410464, 0.2941758363515936, 0.29243382549855834, 0.29077749444165774, 0.28886247446378943, 0.28697550750782386, 0.2853688642617, 0.28361522731781313, 0.28209996124664816, 0.2803637986636851, 0.2788497158688337, 0.2771392560476111, 0.2754398080248039, 0.2738044843222963, 0.27259472919049177, 0.27077566698679106, 0.269091831858151, 0.2676689506831545, 0.26633321427438833, 0.2647801704256865, 0.2635088012116611, 0.26208532513546373, 0.26043461920092703, 0.25906727176171523, 0.2575657395110151, 0.25603390159229045, 0.25478462112113326, 0.25316717462528626, 0.2519166538301073, 0.25035277707166503, 0.2493896422507113, 0.24786862125420187, 0.246241232223675, 0.2451557197494991, 0.2440089941599634, 0.24247454359075765, 0.24146970807863255, 0.24010870727081127, 0.2391957140800126, 0.23739820541998694, 0.23638576984037796, 0.2348850947553144, 0.23402696149218416, 0.23279333059594975, 0.23137305950135015, 0.23035430666477924, 0.22902741416988637, 0.2276421204813958, 0.22706406141470106, 0.22548288176420572, 0.2248395243956274, 0.22347745829648263, 0.22175397671636413, 0.2207397272091134, 0.21944418418721964, 0.21891742849487086, 0.2177844617635042, 0.21613348832574852, 0.2151697777154, 0.21407269820007355, 0.21299437823696363, 0.21219696393784518, 0.2106553606283504, 0.20966591499153947, 0.20896472160966778, 0.20745247837034195, 0.20665011352749135, 0.20548768966822523, 0.20451835113762495, 0.20383594814226838, 0.20230204847878347, 0.20124629889390303, 0.19977317092057847, 0.1991713107184627, 0.1983108085656598, 0.19755018424575968, 0.19629268423589688, 0.19588187594667386, 0.1942237817920246, 0.19330492199493685, 0.1923213198339619, 0.1915744451528834, 0.19033144299572077, 0.18943301782411381, 0.18916157316183882, 0.18738218392687978, 0.18646181246411347, 0.18612170600676395, 0.18457790953400738, 0.18381986874576597, 0.18279775981245036, 0.1820341599021291, 0.18127713487835048, 0.1799635121616393, 0.17932326542298602, 0.17812931841266424, 0.17762459976633732, 0.17595226732147076, 0.17570668266917247, 0.1742660622096694, 0.17337682858937492, 0.1726172989729055, 0.17149978522229045, 0.1705909632511716, 0.17012240918092322, 0.16912480535121996, 0.16817033193239359, 0.16717798130131215, 0.16618018835068113, 0.16527114046526983, 0.16445520706518144, 0.16352050244998242, 0.16304167258856647, 0.1617193751490006, 0.16110950952376768, 0.16009950681904953, 0.15949688961878994, 0.15845442967492937, 0.15751573199205396, 0.15681974159613693, 0.15588997337123264, 0.15502660588047565, 0.1540849551572937, 0.15332576023292946, 0.15259169120406113, 0.15155137912401326, 0.15070237747149504, 0.15017806852862597, 0.1490373345623792, 0.1482175983295596, 0.1475457270238478, 0.14650646264430287, 0.14577144339746934, 0.14504523063871996, 0.14414303847856552, 0.14351518985688802, 0.1426722907730318, 0.1417574088140129, 0.14088694710194927, 0.14022450733825267, 0.13929504292643738, 0.138506335477566, 0.13774560405669167, 0.13687305752934706, 0.13615057599344083, 0.13520187794570368, 0.13453823832895484, 0.1338790750042621, 0.13293409383803576, 0.1320589392633605, 0.13159119328827965, 0.13086944999276243, 0.12982652167873818, 0.12894508845298047, 0.12818262568613814, 0.12757461188538907, 0.12683625168776813, 0.12615142260057907, 0.12521324841643175, 0.12455371601167532, 0.12382000736864905, 0.12317225133259962, 0.12236815749338921, 0.12142455185707224, 0.1211286097903444, 0.1201778770977236, 0.11955077503481487, 0.11875756279505029, 0.11805640652053183, 0.11737117038065675, 0.11647858438660132, 0.1158208194027839, 0.115201596010894, 0.11441201246825189, 0.11391413266316527, 0.11304633657169721, 0.11214455564271525, 0.11165736844612278, 0.1108965792847464, 0.1101945271340707, 0.10978112719900922, 0.10884493000977877, 0.1082226623473912, 0.10769818521633656, 0.10685938935506889, 0.10629209246713532, 0.1057110250188321, 0.10507717022663475, 0.10453310082135604, 0.10389644333887045, 0.10322903468577302, 0.1027549847255787, 0.1018574191160735, 0.10146703951773423, 0.10086443639952704, 0.10016833819818395, 0.09967178741158134, 0.0989933849533445, 0.09842676946883801, 0.09799338848137112, 0.0971506156523695, 0.09675723747169564, 0.09632889954060081, 0.09571237109572853, 0.09518047765453783, 0.09466697575350524, 0.09408445637650621, 0.09342351185520004, 0.09301538922080298, 0.09249674216260456, 0.09200735452008856, 0.09145983323918304, 0.090957141207261, 0.09045714384767253, 0.09017122284939892, 0.08949077321713418, 0.08911516364393351, 0.08861839735518175, 0.08808650220807492, 0.08750682946321052, 0.0873759793345698, 0.08663233427775331, 0.08627026978964004, 0.0858035956439927, 0.08590127739939235, 0.08492460202602833, 0.08491211459225498, 0.0841379368479901, 0.08371010267042904, 0.08315467496829407, 0.08262353785832227, 0.08243286000451273, 0.08210639732271292, 0.08184243509903268, 0.08107848725081736, 0.08076978835496547, 0.08038216736702287, 0.07997431541501646, 0.07959627550274728, 0.0792508139424259, 0.0787986948735871, 0.07845664963937599, 0.07808922186327184, 0.07767582480689732, 0.07737301774058555, 0.07702990477163313, 0.07662817019219993, 0.07628421551222753, 0.07595869484031942, 0.07562110218655314, 0.07527163687005246, 0.07496414007749262, 0.07469299094322251, 0.07446191465089753, 0.07422486311068165, 0.07377495790275032, 0.07348537932589118, 0.07320250751191086, 0.07279517824187859, 0.07246509705443188, 0.07218757379250872, 0.07187657170007919, 0.07161241786014859, 0.07130390961519674, 0.07104678032197066, 0.07075791383956277, 0.07044287002384002, 0.07039943423794719, 0.06994524700472915, 0.0696866870001096, 0.0695436784198868, 0.06910280636029426, 0.06885151398436601, 0.06859676588882696, 0.06847669939882964, 0.06810322105101746, 0.06792483998720009, 0.06775039979532096, 0.06727059976892649, 0.06702485321808, 0.06708305463500742, 0.06665774349356984, 0.06642308332337084, 0.06612008427025341, 0.06593910322783532, 0.0658786047133782, 0.06551249038377449, 0.06532532402115715, 0.06508109440398688, 0.0647792512189861, 0.06453795338495508, 0.06435207599585765, 0.06439665699657, 0.06409292119975993, 0.0637376370275721, 0.06356132789850587, 0.06331690556374021, 0.06313195475274029, 0.06290412667986679, 0.06273404369774184, 0.06264435162246061, 0.0623091536041331, 0.062066303542815345, 0.06195330071498843, 0.061803998055137456, 0.061786862939256434, 0.06145970454912735, 0.06117575654100655, 0.061050850314708145, 0.060984292631689786, 0.06069658284790998, 0.06046899299844352, 0.06040820676535237, 0.060206053521570733, 0.06020287056543893, 0.06001053129258575, 0.05963563818701072, 0.05963863147676906, 0.0593500302865237, 0.059136146418143014, 0.05894839972465049, 0.05900969501955255, 0.058660118739614325, 0.05854701614911793, 0.05842138914357924, 0.058219222247463946, 0.058046047360112436, 0.05777815417444714, 0.057769367653627945, 0.057567561092470146, 0.05739671024708111, 0.05730234636672831, 0.057117959290264864, 0.05694990495847234, 0.05676230633634894, 0.05663476456885583, 0.056496607663160274, 0.05650153843541732, 0.056207220049441384, 0.056086403905170015, 0.055881241485427564, 0.05572546892753651, 0.05562400008206966, 0.05545448932299026, 0.05529258212042917, 0.0551902498205008, 0.05529601571987497, 0.05493433296593848, 0.05480309301839385, 0.05464677394876915, 0.05450846991529332, 0.05433945347801803, 0.05428388793372701, 0.05412688363151212, 0.05393482273926346, 0.0537449967373996, 0.05391064435259632, 0.05351009537119604, 0.0533666155258133, 0.05326949478127956, 0.05308698548160564, 0.05292461623567461, 0.052829323625584165, 0.052719508003924, 0.05262692002598672, 0.052475084164929846, 0.052334464426361825, 0.05236705966864209, 0.05211667588880018, 0.05188758423705368, 0.05172644433094127, 0.05166927774883885, 0.05150881398735651, 0.05142875373865847, 0.051275744227249925, 0.0511239641870817, 0.05097251920459891, 0.05106688861202388, 0.05070928187122028, 0.05059821090857774, 0.05050442096426402, 0.05031608454420799, 0.050155166422372284, 0.05004007653250637, 0.04998871757949929, 0.049790064648889104, 0.04973124836090947, 0.04950716626669653, 0.04938183717076494, 0.04921684555832811, 0.04912666441285307, 0.04917896757682754, 0.048931520566283734, 0.04875966909358174, 0.04859289736196777, 0.048465907318550855, 0.048392968823693774, 0.04826506788819863, 0.04808745302436228, 0.047916463921429536, 0.04780861701000064, 0.04765447960421349, 0.04751597718730647, 0.04739717266083867, 0.04728600746578124, 0.0471280055153602, 0.047028201497621124, 0.04685650539126706, 0.0467221565763966, 0.046632227849769975, 0.04642696443836652, 0.04631486587327219, 0.04617111664406739, 0.04602802686661933, 0.04588598314217718, 0.04583480160247005, 0.04560938896198132, 0.04542887995834333, 0.04531263941937159, 0.04525042936385456, 0.04510161006153134, 0.04503368596222806, 0.04483357297316159, 0.0447003353720735, 0.04453648960257189, 0.044385099097870966, 0.0442615137255521, 0.044125597308973814, 0.04396719987029898, 0.043914448101390426, 0.04370165928264166, 0.04356631728809407, 0.043424254047250185, 0.04329194825393383, 0.043216473737666024, 0.043014724056704694, 0.04287096716284589, 0.042761626530714136, 0.0425556358452624, 0.04256039648643127, 0.04229637756150587, 0.04215649126201311, 0.042014899647861356, 0.041829019208065615, 0.04170654671748944, 0.04158634365591595, 0.041489779398424305, 0.041266243326939095, 0.04107143062621629, 0.04097749886012147, 0.04090060013243572, 0.040841956101356054, 0.04052852771198131, 0.0404598262603768, 0.040260722843569234, 0.040126145613367484, 0.03998125327838323, 0.03978844953266115, 0.03964404632460426, 0.03946360825061802, 0.03932231070644503, 0.03931611590193775, 0.03906269087817427, 0.038898060681402113, 0.03881201530084511, 0.03865215853717035, 0.03850063386173632, 0.038282145080193196, 0.038137041341003756, 0.03809193233032984, 0.037910995378632434, 0.0377090218517819, 0.037552678340992705, 0.03736584396184108, 0.03722718786822239, 0.03708817377513077, 0.03701633847268651, 0.03681396419900685, 0.03661475797595004, 0.03653306939188097, 0.03643814286710272, 0.03617661376984898, 0.03602628953722651, 0.03580264176482869, 0.035669747429377376, 0.035515373881263544, 0.03542857708079479, 0.03522310020779112, 0.03511508319459366, 0.03487044438469863, 0.03479180256473893, 0.0345361584400568, 0.03443962500120214, 0.03421159523684117, 0.03403385041211933, 0.033975577478311654, 0.033757810555949425, 0.03350799928461964, 0.03336101676129515, 0.03328738167334942, 0.03311486054797857, 0.032979827441603056, 0.03281498946254801, 0.03261762187887469, 0.03247618012952705, 0.03228124915070427, 0.03218101870007157, 0.03199558265066642, 0.03178385998808904, 0.031617994086227924, 0.03139251060124195, 0.0312047415177367, 0.03119222653928361, 0.030920543325432003, 0.030813046906404153, 0.03054396893354772, 0.030407135013276944, 0.030285759001431323, 0.03003053407604661, 0.029979902336536666, 0.029638813636991237, 0.029559368970724764, 0.02949750691322528, 0.029259011481268672, 0.029135709567019233, 0.02889560126040406, 0.028786805332529964, 0.028596636568077195, 0.02830719378360688, 0.028226655217983933, 0.028147006038746446, 0.027947798610573334, 0.027737394031875254, 0.027545252384750894, 0.027422630997925523, 0.027243027232759134, 0.027061579351488875, 0.026809969720349224, 0.026647069494561373, 0.026628567256207127, 0.02649279742588798, 0.026211729725001156, 0.026102821765026415, 0.02597813466339777, 0.025756462087336042, 0.02565562479700546, 0.02540596271490803, 0.025291322619325797, 0.025081218389390467, 0.025084473196687905, 0.024850585241654746, 0.024661856152422394, 0.024628478234628638, 0.02418591766080038, 0.02426462804252575, 0.023995983085138547, 0.023848497210472375, 0.02382007817727717, 0.02355407639955074, 0.023479532881743384, 0.023232192965994814, 0.023046853863003366, 0.023116211880000816, 0.02293351607908529, 0.022698701397120782, 0.02265073278603317, 0.022520040935018183, 0.02248608651816881, 0.022280200507058912, 0.021996104233178472, 0.021925554558303393, 0.02175827327754543, 0.021701700781943827, 0.02160125590460169, 0.021888990230908, 0.02135417594206884, 0.021219385989981035, 0.021114745317739218, 0.021007203474237044, 0.021021219690803845, 0.020746110827660733, 0.02061207178202809, 0.02055546552387372, 0.020325337725930218, 0.020247618511670087, 0.020360047470621798, 0.01995581470707791, 0.02011190856323064, 0.019832058865561067, 0.019866031681818327, 0.019685346473713446, 0.019434879445279107, 0.019378364043581505, 0.019171113615033816, 0.01917809499872601, 0.01908616544076747, 0.01896121509954914, 0.01905582595627797, 0.0189754545666791, 0.018547238566735395, 0.018612594204432523, 0.018528036883690976, 0.018328345074248516, 0.018151555656473983, 0.01833079094134415, 0.018038907861873777, 0.01805189507443366, 0.017809862623855168, 0.017662236963922464, 0.017666478649199444, 0.01752899997837182, 0.01749915835568595, 0.017622600485650557, 0.01729970445080058, 0.017285944794214084, 0.01734441061335724, 0.017250917329576045, 0.017212472510077893, 0.016990435019188812, 0.016991689266264046, 0.016979631288419336, 0.016794500917000812, 0.016737195072829336, 0.01651324114529454, 0.016616555200651566, 0.016534652018770482, 0.016423655775276595, 0.01645665951176187, 0.016357264737156648, 0.01620691270157625, 0.016163916895805, 0.016079405148513002, 0.015898385526632187, 0.015976953320928505, 0.015744900224625994, 0.015817945480387896, 0.01584302493737174, 0.015699475012766275, 0.01564397027304409, 0.01554116468527898, 0.015340059452558695, 0.015552533788639944, 0.015483388304639446, 0.015258777940291362, 0.01520781053349892, 0.015177944378723811, 0.015036711504062626, 0.014915858401809425, 0.015016382726928883, 0.015047491503194056, 0.015168636992739183, 0.014772646212835633, 0.014389536717012047, 0.014392343216998003, 0.014893986885952655, 0.014421940916359703, 0.01474313442377448, 0.014409031116895758, 0.014510771259585714, 0.01438218888481605, 0.014309113059466026, 0.014293423590938685, 0.014410614009079505, 0.013954724547928388, 0.013928188075223334, 0.014385180306547191, 0.014074130035843659, 0.01393134560308124, 0.013931306512288499, 0.013904934491223786, 0.013786653838122663, 0.01363766143485459, 0.013626881537779861, 0.013646204092452579, 0.013641072327169334, 0.013420068845475565, 0.013494720122381999, 0.013291465143196547, 0.013459277887624523, 0.013375920596567363, 0.01331378946448094, 0.013327137594024195, 0.013074166355358092, 0.013193209363615632, 0.013242248575940252, 0.012982388926808192, 0.01301894956267543, 0.013075775701930921, 0.012989894801383621, 0.012883883124133782, 0.013044607886891248, 0.013279060032550588, 0.012501304412553083, 0.012616795813794164, 0.012628302173020372, 0.012664124572032927, 0.012612105434552774, 0.012691618774034678, 0.013005667094203253, 0.012494366466503782, 0.012513211443164534, 0.012513323746218193, 0.012376837418281762, 0.01247558608063312, 0.01219741866818107, 0.012338037974014691, 0.01225936136020554, 0.012149268523895277, 0.012170194467424133, 0.012331758455641523, 0.012016894955641929, 0.012118194513173048, 0.012259406825110947, 0.012100206722232916, 0.01215682689126878, 0.01196596215460734, 0.011845992561237606, 0.011935601100331029, 0.01153619159164959, 0.011648529642579914, 0.011647547792020596, 0.011526453396689259, 0.011816630231066673, 0.01175844158001133, 0.01147043843315636, 0.011584400218311192, 0.011552002579426724, 0.011340881460379147, 0.011378128858006181, 0.011409373016018902, 0.011261209759662256, 0.011581395701902536, 0.011253524498498924, 0.011318831381493852, 0.011216313929006787, 0.011135210154222796, 0.011147857807086211, 0.010977707840695303, 0.01099018296839893, 0.010862145940414304, 0.010893975657987198, 0.011248761259494922, 0.011036688432092616, 0.010917352941230668, 0.010887850612020352, 0.0108326371400776, 0.011003931315523267, 0.010823315422660339, 0.010794613470933957, 0.010674263807194752, 0.010644109822545031, 0.010624346324284455, 0.011104449627428148, 0.010693870235032531, 0.010595856718491498, 0.010714227095872542, 0.01051609071206426, 0.010562875583900344, 0.010340360283103815, 0.010355308342288138, 0.010390629958506451, 0.010326384468570081, 0.010535072945471234, 0.01035573219937105, 0.01024994912508888, 0.010279943231700688, 0.010374610823131812, 0.010189278238915524, 0.010080799883779168, 0.010213192049808794, 0.01008983815765514, 0.01035321594385144, 0.01030205527546777, 0.009888722221145074, 0.009942826912915374, 0.009842289024936989, 0.010080301694399453, 0.00985060178376969, 0.009813287386031842, 0.009809982801785038, 0.009856155738517428, 0.0101438107975353, 0.009993821617472925, 0.009736450109557922, 0.00988965715027859, 0.009733075119729491, 0.009544193534568528, 0.009591871893693189, 0.009955241078955965, 0.009617724099881783, 0.009502415970093471, 0.009485002313176507, 0.009478740601796381, 0.009559877255431636, 0.009504626704382103, 0.009483832431638622, 0.009318596373417922, 0.009243113464641661, 0.00927044710934023, 0.009214679763127589, 0.009312279628232074, 0.009243490526309404, 0.009265318424172955, 0.009235082767226442, 0.009224480139132265, 0.009147982760214342, 0.009223372850950257, 0.009333157477537147, 0.00928643590728537, 0.008988081899481694, 0.00901503339430403, 0.009018226209210965, 0.009007498610411042, 0.008860337730741128, 0.008899650117537409, 0.00899077328645607, 0.009112747821542637, 0.008868721211619794, 0.008754364045189603, 0.008971752720468976, 0.010102582865837834, 0.00869305207044156, 0.008670661063231583, 0.008697671824315063, 0.008644791822417062, 0.008788949974502617, 0.00864008976967573, 0.008658490655841327, 0.008673312114666933, 0.00856999233852337, 0.008498933771271313, 0.00851278886070577, 0.008459050112035448, 0.00855090126470155, 0.008438766879566394, 0.008449839424612046, 0.00850370104620881, 0.00851806177023671, 0.008418906093468, 0.008264968530651227, 0.008245193090358566]