Model Setup for Atypical Patient 13:
ITERS=1000
LEARNING_RATE=0.001
OPT_RESET=None
ATOL=1e-05
RTOL=1e-05
METHOD=dopri5
Input channels=2
Hidden channels=32
Output channels=2
Runtime=163.06772804260254
Optimizer=Adam (
Parameter Group 0
    amsgrad: False
    betas: (0.9, 0.999)
    capturable: False
    differentiable: False
    eps: 1e-08
    foreach: None
    fused: None
    lr: 0.001
    maximize: False
    weight_decay: 0
)Loss over time=[2.057602483959641, 2.010670704510057, 1.9620436388584261, 1.9216105439028297, 1.8732052731508162, 1.826265439770856, 1.7815492848035033, 1.7436313472055316, 1.7047645000181844, 1.6580427232456, 1.6169660259121448, 1.5767605059491752, 1.5360315930376287, 1.495595573313755, 1.4550942293616416, 1.411858206229994, 1.36408755052883, 1.3255626184497098, 1.2789727366870252, 1.232834389527322, 1.188341787943503, 1.1413240488800738, 1.1021485155431399, 1.0669465224371069, 1.0253871047810024, 0.9899857042616055, 0.9570957876280847, 0.9309023288256413, 0.9053970128586254, 0.8817557734104496, 0.8615112442741428, 0.8381231082497045, 0.8235956915599568, 0.8040284446605764, 0.7889764348471011, 0.7772376789452404, 0.7621076470874012, 0.753443818753594, 0.741234669720776, 0.7306827463245724, 0.7218332459157741, 0.7128039713273218, 0.7045543183995826, 0.6970469106157277, 0.689417304121371, 0.6826357258110277, 0.6754752362225586, 0.6682685847253885, 0.660998726193272, 0.6545854066128501, 0.6482707632129826, 0.6428265250151183, 0.6343713000774422, 0.6293469965340596, 0.6229394192333925, 0.6170678998190428, 0.6101030475782419, 0.6040197896412728, 0.5983017608476814, 0.5918548952207036, 0.5868479673774107, 0.5813751328696921, 0.5753144158207171, 0.5704250559905557, 0.5652547891984203, 0.5589020114176024, 0.554653114120783, 0.5491687651543292, 0.5447897417645449, 0.53994993310257, 0.536567858210564, 0.5310629792462908, 0.5258964367630409, 0.5225916237330904, 0.5184818330754412, 0.5150746266079934, 0.5112481616463613, 0.5050958656371916, 0.5007574427031055, 0.4974735212642351, 0.49322712043435274, 0.4887767374943764, 0.4858260293403836, 0.48143267217575014, 0.47770082314869544, 0.4745462397603328, 0.47003248973914596, 0.4662258168526723, 0.46231526268838097, 0.4587717693530205, 0.45594789775915656, 0.45187890553051896, 0.4485729172590713, 0.44643634643658703, 0.4412920845925629, 0.4378951292857016, 0.434493854296401, 0.43105017600497936, 0.42739996326444757, 0.42515140635352433, 0.4223216996350719, 0.41892744793445647, 0.4159941341192191, 0.41247489328483516, 0.409369793686372, 0.40668877681180277, 0.40369037910311256, 0.400753132088572, 0.39878563322435473, 0.3960508308992067, 0.3935225021489464, 0.38928544356288697, 0.387330652080504, 0.3840909922652091, 0.38181068896081655, 0.3791193781649854, 0.3763143711747184, 0.3741743050026139, 0.37165492233979625, 0.36916247959599763, 0.36652772192419386, 0.3642403798932079, 0.362105742018556, 0.3598464947819077, 0.3569451149158419, 0.35454092387184694, 0.3511223059090348, 0.34897213666808946, 0.3468662784711307, 0.3448707733364041, 0.34228322801637473, 0.34057773455594825, 0.3385734756022335, 0.33582393531452215, 0.33397066177214946, 0.3313278560170028, 0.3302537019483322, 0.32720083931276045, 0.3247948029848166, 0.3227319551895587, 0.3225438971439392, 0.31960544657185347, 0.31754850072462815, 0.315890559193704, 0.3134195107862996, 0.3116247155587566, 0.3092537360321371, 0.30743622713351665, 0.3054914297668536, 0.3038612094140982, 0.30143190042815743, 0.3003910124700963, 0.29897922874676736, 0.2961707749285302, 0.29610502886329476, 0.2930502317302696, 0.2911278306175813, 0.29073800593760923, 0.2884931358667918, 0.2866659731111972, 0.2844522973866086, 0.28333672890736955, 0.2808874040066136, 0.2796337640806344, 0.2796450784948648, 0.2763252673087507, 0.2747044686090983, 0.2724176672368151, 0.2707010519871924, 0.2700261376609168, 0.2679248886727139, 0.2686702997631844, 0.26582808569326616, 0.2638860035640016, 0.26239189125739815, 0.26145842900282923, 0.25998290631886484, 0.2573811544244547, 0.25631520517169815, 0.2552553415015739, 0.252971786989621, 0.2529551930412232, 0.25206098644969593, 0.24980605405085912, 0.24991319029962178, 0.2477930702245657, 0.24495434820211184, 0.24361395517981793, 0.24176180674059625, 0.241301563371504, 0.24065788543559344, 0.2381187076258465, 0.23759776377736833, 0.23548898132740767, 0.23497756825940674, 0.23354158496586852, 0.23226936225843015, 0.23033141352632505, 0.22957184258469213, 0.22833257087843997, 0.2266512552846188, 0.22574293600989864, 0.2240282814304132, 0.22289574493195416, 0.22177129758497385, 0.2205130557698358, 0.2196023357918138, 0.2187903111184678, 0.21716067670040531, 0.216063273702543, 0.21383671813402197, 0.21391391312253782, 0.2127035813919827, 0.21129752659954432, 0.21009060175289057, 0.20953271306009993, 0.2075417349038659, 0.2060066226583369, 0.20568211962235008, 0.20520777174948615, 0.2035758304227321, 0.203567090439068, 0.201526984226684, 2.0825601302922703, 0.1999373411823659, 0.2004018726316037, 0.1996352607534423, 0.19938893635643132, 0.1981013862596269, 0.19887926489542893, 0.1988614531774048, 0.1971984240590021, 0.19791758595085956, 0.19751632548441111, 0.19709133785519367, 0.19629985760631793, 0.19545084935478857, 0.19462300852864517, 0.19425629198423772, 0.19338115290364344, 0.19281892566052694, 0.19121667172873671, 0.18977885182700388, 0.18959897762030256, 0.18867091607935205, 0.18809297397726155, 0.18605238271676167, 0.18639812146649773, 0.18416571767103787, 0.1842179607223115, 0.18214460567304905, 0.18145330264111914, 0.18029410121765602, 0.17861569577717656, 0.17788899111519096, 0.17663416896867476, 0.17572660111987942, 0.17422662916272394, 0.17311136808994007, 0.1722277870948016, 0.17138080787108445, 0.17019624841386694, 0.16863120519536098, 0.1653646515209102, 0.16450796739735415, 0.16552541139622104, 0.16442620598019972, 0.16335680424161836, 0.16404449392719403, 0.16091039088494188, 0.15966477290986023, 0.15948871018250582, 0.1585156245700403, 0.15737657574941724, 0.15590185851943825, 0.15554327055330103, 0.15440758050258213, 0.15344721068834827, 0.15295063949420473, 0.1513355454647786, 0.15106193099606832, 0.14972478194320027, 0.14906157915901164, 0.14836698217168234, 0.1474965233738404, 0.14629630030872248, 0.14549830534066058, 0.144698999991947, 0.14485601769211154, 0.14349173619345493, 0.14286695798080568, 0.14179353496508948, 0.14126065083459086, 0.14018955589761536, 0.1395324780925753, 0.13921775423052224, 0.1380841904084233, 0.13689309938381744, 0.13608538025492986, 0.135662951059186, 0.13484799357409985, 0.13452496222929405, 0.13424881023944882, 0.133370889162896, 0.1319622899751586, 0.13129107115749414, 0.13154102132444015, 0.13019878351085087, 0.12907350984361496, 0.12886124775214833, 0.1279874618578644, 0.12779036132395102, 0.1262095959132983, 0.1256213267870171, 0.12474268145123135, 0.12419286904948147, 0.12353858551054019, 0.12298521686080774, 0.12201364716264705, 0.12194046311122805, 0.12080672053325275, 0.1207615661811326, 0.11917164136089528, 0.11878636804593526, 0.11906109789567698, 0.11877140335785775, 0.11814068688523914, 0.11708773379436398, 0.11684734982024231, 0.1160415836556071, 0.11570226471845438, 0.11477569416573971, 0.11438503426013376, 0.11296234777137165, 0.11298649059035001, 0.11189630021352594, 0.11176635554114012, 0.11014237925124654, 0.11021080793920614, 0.10915763628522371, 0.10802701577730534, 0.10819235816206674, 0.1069329387696249, 0.10728518068116037, 0.10607362478133599, 0.10563484463140625, 0.10450167977401842, 0.10401385344253641, 0.1047974441391439, 0.10392268491297392, 0.10292056705162199, 0.10240098250873729, 0.10155596361751806, 0.10070645865371822, 0.10105651482768482, 0.10008563365835804, 0.09917954386884408, 0.0988667067288929, 0.09767096486343388, 0.09698935738147202, 0.09733017146358537, 0.09681783456482633, 0.09549285157838203, 0.09503698532511069, 0.09425332422009976, 0.09388488791853539, 0.09355193496609372, 0.09273112769026404, 0.09302197691443916, 0.09119470068052028, 0.09125268287282515, 0.09065500047453132, 0.08994353447633935, 0.08975867578710853, 0.08909664290667943, 0.08845440451885955, 0.08775650332605099, 0.08745990565528401, 0.08638705745407838, 0.08603382016164139, 0.08559073862603937, 0.08484365245743081, 0.08506965542074404, 0.08419793919550532, 0.08338935706757124, 0.08284767236192932, 0.0822408814154442, 0.08155195599754757, 0.08104393027790507, 0.08066493939259504, 0.07997713756001891, 0.07929073653059113, 0.07917221513209682, 0.07818296293311343, 0.07757061106853284, 0.07712249216033966, 0.07650827682358294, 0.07583917642337673, 0.07537500679499186, 0.07485769768691532, 0.07416129106319953, 0.07366448757927967, 0.07291257278175022, 0.07248131723964851, 0.07162016357895816, 0.07154123484449944, 0.07051603831157302, 0.06991564700227176, 0.06945247167021956, 0.06893345185565275, 0.06807394545713942, 0.0677175287734913, 0.06683534075943603, 0.066443215184989, 0.0658027270853475, 0.06501169060684743, 0.06437177075388242, 0.06405771280371285, 0.06337713433925943, 0.0627120315088452, 0.06178777788111636, 0.06155081620871723, 0.060736653351351394, 0.06005543441562369, 0.05932773745648787, 0.05855934214158922, 0.05832435209516756, 0.05738864340526963, 0.05669417423710046, 0.05557767138377157, 0.055209639762158515, 0.05455000808803739, 0.05402940335681827, 0.05348568398488316, 0.052872037720648406, 0.052303599560464244, 0.051297060239301515, 0.05060263550191749, 0.04985168159057434, 0.04934213512973131, 0.048828966920076586, 0.04763342065264773, 0.047441520303347744, 0.04643017315478009, 0.046200567375774076, 0.0452350361296007, 0.04475444064500038, 0.04403800517391539, 0.04369248009355487, 0.04315900133863932, 0.042638050068833075, 0.04207382973391262, 0.04092570263991832, 0.040647592847773466, 0.04013240890365947, 0.04012634454878556, 0.03941275771542465, 0.03908258290204967, 0.038673124368740215, 0.038155734304753795, 0.03745488967732088, 0.036925046097888624, 0.03687907702331633, 0.03584430255871634, 0.035755259968766794, 0.03544198484211402, 0.03475906527244048, 0.0342659908280791, 0.03441682062869262, 0.034210539176403126, 0.0333080903307966, 0.033267187220974014, 0.03278286884970744, 0.03266830189011326, 0.032173762930554656, 0.031792566990310016, 0.03164404514565436, 0.031167732439547624, 0.03108602221916408, 0.030959054565514014, 0.03054637599668988, 0.03026944925553288, 0.030156539269352967, 0.029396712233280473, 0.02915841010699235, 0.02927327715150039, 0.028806454249921322, 0.028781941646534814, 0.028689453585844103, 0.028878823028603836, 0.028106353391314894, 0.027881216193138717, 0.02795316032098868, 0.02741475667971518, 0.027560622713668225, 0.02715282615941272, 0.026783558320668165, 0.026598839078444268, 0.02671738313900851, 0.026590134384233563, 0.02626760476964424, 0.026123925477358576, 0.02577641667795398, 0.025662693989776598, 0.025761571447717815, 0.025493102325227522, 0.025182255390604667, 0.025247730323642893, 0.025014431845586473, 0.02465149007601475, 0.02446191248336047, 0.02441487631621078, 0.02467094368543452, 0.02436892217325225, 0.024235512932823163, 0.023847784554345528, 0.023916768713476276, 0.02375350156527628, 0.023728783195572978, 0.023622506650132935, 0.023427841479476574, 0.02351427504791516, 0.023046302361269814, 0.023332348278550134, 0.022823739258507277, 0.02313019744817416, 0.023256307639855815, 0.022716869885841706, 0.022801179906466854, 0.022539685626832704, 0.022375062617586792, 0.022359138489754946, 0.0221970491372276, 0.022160031099466557, 0.022014407650321453, 0.022015673421114195, 0.021613535876375337, 0.021667536468209226, 0.02143383311063093, 0.021461777749518556, 0.021310029305157387, 0.021580207904557943, 0.020817946378966123, 0.021183167557517753, 0.021102226637622148, 0.02089057484024305, 0.020744175918501948, 0.02101505403452106, 0.020617622344568837, 0.020705163197679514, 0.02060870181462426, 0.02065042326173578, 0.02033488030705367, 0.020054112539436855, 0.020198493354463606, 0.020209126804176733, 0.02030020372695661, 0.01990456352372619, 0.019958552835261642, 0.019776074036041983, 0.019919098071271932, 0.01993807255738333, 0.019830779315080763, 0.019738375378151516, 0.01921079938183369, 0.019495950610154363, 0.01904855495268424, 0.019202030275654588, 0.019396290777522817, 0.01919235477217171, 0.01951288736466124, 0.018875482645551164, 0.01943468479874558, 0.018733546408934834, 0.018650687196534357, 0.018697168292841754, 0.019000779271399006, 0.0186622283945948, 0.018498171012708856, 0.01894428527563112, 0.018194073497868484, 0.018309372484186494, 0.01808489309591286, 0.018233950967373947, 0.01831352833311201, 0.01829291866300918, 0.01792569023434937, 0.018185971788453385, 0.0183528730789276, 0.01773153863860245, 0.01778207000565502, 0.017504899013757527, 0.017800770801752575, 0.017695897877051368, 0.017892675798366328, 0.01765323575866412, 0.01794012483868968, 0.017524652486508915, 0.017678344653835845, 0.0173642414434791, 0.017739124490427957, 0.01723339551070359, 0.01753079668851623, 0.017056440372094406, 0.016921758660269307, 0.017639287143735347, 0.017336514479420542, 0.01688603662501027, 0.01673307385023196, 0.017281135082276855, 0.016573093572651302, 0.016888125021015558, 0.01649790503972818, 0.01647336117057976, 0.01692675987609856, 0.017146187670938676, 0.0163823243716114, 0.01634761955599118, 0.016668436790527045, 0.016339085182803935, 0.01625376146679831, 0.01669922210039115, 0.016245647785349256, 0.016169681684650074, 0.01615329014424217, 0.016535173525198062, 0.016513182605365842, 0.016461739804578414, 0.01575948145844652, 0.016179064655483286, 0.015577281397908642, 0.015536711030399952, 0.01574140707631729, 0.015846960887535008, 0.015398775270980092, 0.015755473730426114, 0.015672149777415344, 0.015259066832528744, 0.015466254491334269, 0.015134858212474917, 0.015183837255349324, 0.015607189174725937, 0.015438471451521413, 0.01496905318761948, 0.015552023884224397, 0.015641657561689136, 0.015311850446182607, 0.01538550224840665, 0.01495462528756425, 0.014803019631478863, 0.014741789442672426, 0.015711212400137828, 0.015449274084827037, 0.015035445574652669, 0.014651688068788143, 0.014850230061548125, 0.014835354556567489, 0.014807479398114286, 0.014770561653169917, 0.014557560817658499, 0.014534588606744553, 0.014542067529847973, 0.014482769880441348, 0.014122219125655044, 0.01455661090028272, 0.0141971808531568, 0.014537615858961543, 0.014390520987063433, 0.014313870845603099, 0.014198993491354221, 0.014305742320246251, 0.0139154876359528, 0.013829902769287994, 0.01371388970900394, 0.014227830144875837, 0.013947712062830842, 0.013818243690514091, 0.013947306298997321, 0.013485822354241032, 0.013575587507726654, 0.01381102956942291, 0.013584984919635458, 0.013652918658881746, 0.013927546885049285, 0.01319454471493185, 0.013435000601224663, 0.013215189412602397, 0.013637593327368957, 0.013026619334133226, 0.013299544963320593, 0.013019642569631323, 0.013758963323150507, 0.0127853948197093, 0.013728175652462532, 0.012749426205371873, 0.012896872609175918, 0.013662833742869229, 0.013076131436705636, 0.013113407830006979, 0.012983156839779984, 0.013183174334542497, 0.012924990438234097, 0.012974238558615675, 0.012861429262272668, 0.012602122562761848, 0.012882585264294593, 0.01249051200360503, 0.01240353642874078, 0.012355144539868402, 0.012185051441172432, 0.012760914094798797, 0.012559636472767859, 0.012505489196470985, 0.012414696735334924, 0.0124487197827882, 0.012430007275613638, 0.012063682184206009, 0.012000708065407296, 0.011927024770652127, 0.011867187889322011, 0.01194743962405647, 0.012341290858086374, 0.011929163857882135, 0.012942882653773002, 0.012434827824944004, 0.011638623219927313, 0.011673612179871097, 0.011729353041065971, 0.011625602840428573, 0.011840921552982858, 0.012081435249374982, 0.01192835951623243, 0.011934717154582856, 0.011882505861904823, 0.011432475876683756, 0.011490621824266644, 0.011607360960371422, 0.011535012167051197, 0.011429890641499635, 0.011373044726239534, 0.011255667776418933, 0.011726901153214392, 0.01172501669201325, 0.011085885551110335, 0.011719213866664512, 0.011846692876004915, 0.011538284491765215, 0.011514663293008369, 0.011367402872876055, 0.011779482081611281, 0.011198506037287781, 0.011482899514076444, 0.011380056641826291, 0.011279619546661122, 0.011146005773483847, 0.01125558366086217, 0.01090065784326743, 0.010760155224429779, 0.011194022539063275, 0.010800666565389399, 0.010947399247079234, 0.010923005190102874, 0.011214788302830745, 0.011085058768223598, 0.0104780711510691, 0.010476387319537305, 0.010811223958762954, 0.010928862998130317, 0.011087793585533062, 0.010820455846356826, 0.01109287754601419, 0.01057671734704897, 0.010817746757134518, 0.010520701107340852, 0.010663669264869361, 0.010584379992514286, 0.010632402329658112, 0.01013111925843769, 0.010420187420938082, 0.01000035025012454, 0.010212410161796505, 0.009970382677609817, 0.010296869986495944, 0.009802144118512822, 0.009956769018613414, 0.009557962380511997, 0.009501637356470777, 0.009320759696808883, 0.009193569708770914, 0.009114955593364926, 0.009004895652521437, 0.008901647060500974, 0.008732892070573171, 0.008760708980792144, 0.008975560251618763, 0.008695893495422009, 0.008732821984685921, 0.008533296669848906, 0.008537852724042085, 0.008515048675596168, 0.00844988792668314, 0.008478310081433134, 0.008468474758809833, 0.008319507791286996, 0.008190720138042727, 0.008281584532716275, 0.008213232158522911, 0.00799387521695168, 0.008021723332671062, 0.007990950106867898, 0.008102018475190773, 0.00793079776631344, 0.00780127267465908, 0.007767041264512605, 0.007705410842237013, 0.007714641128808645, 0.007800318464787015, 0.007600085599452595, 0.007622517055222589, 0.007536834709276849, 0.007572662175435182, 0.007419820803206858, 0.007508197422154749, 0.007523772817033761, 0.007470304801858394, 0.007530504734124443, 0.007403610193523666, 0.007188195563921191, 0.007247676638799646, 0.007204378924246249, 0.007194707763409188, 0.007213497550214693, 0.007173195738474728, 0.006989869939698339, 0.007058983303492968, 0.006962148886275766, 0.0069515802096839965, 0.006925103886204864, 0.006828197256010313, 0.006804984043350132, 0.006815686807535609, 0.0067829694820339325, 0.0068312901363582375, 0.00671021928432619, 0.0066658854721609595, 0.006685171077486917, 0.006596199059875671, 0.006620015309962049, 0.006568455982222853, 0.006543693839448902, 0.006501132168879851, 0.006484080269648799, 0.006445440299151717, 0.0063588976957129695, 0.006357942625639559, 0.006306954777966923, 0.006412465136925346, 0.006281302252298937, 0.006367424282416698, 0.006194262419223214, 0.006150442158254698, 0.006230787358251991, 0.006227916178951943, 0.006146687575782844, 0.006136754933386865, 0.0061079491332826025, 0.006051586075780604, 0.0060974354833051555, 0.006011329099428581, 0.005966302797334589, 0.005971071854916504, 0.005953389538202626, 0.005928273090264503, 0.005867717558636355, 0.005865127164816719, 0.005828001634942525, 0.005833179220029436, 0.005866554199792102, 0.005803191085671807, 0.005737125835120407, 0.0057398126468028296, 0.005731003660709821, 0.005757141137560002, 0.005697804637002401, 0.005667345272150386, 0.005543244299714731, 0.005620118661993266, 0.005562239015335408, 0.0054648778987949126, 0.005527162722376275, 0.005570850482485133, 0.005475269546587804, 0.005486015072087291, 0.005417943262685454, 0.005416843625835324, 0.005402144671391472, 0.005436360845699101, 0.005377955683832606, 0.0053580473916083875, 0.005359147158628482, 0.005307850396433119, 0.005281154976149901, 0.005211032942570307, 0.005336583432046415, 0.005222595672910762, 0.005229335121537778, 0.005186822156908554, 0.005205999547527646, 0.005142132785973324, 0.005186636432133462, 0.005129407486899213, 0.005126921162883408, 0.00510492460616398, 0.005041944041395372, 0.005013465473047496, 0.005015930511614877, 0.005056011392043807, 0.004957773028178559, 0.005006531697422362, 0.004987145316137239, 0.004967116815682842, 0.004869684952980169, 0.004990954055938851, 0.004844782878067216, 0.004885298960722374, 0.0051244382234893185, 0.004827160840085109, 0.004948251002773517, 0.004821442290422071, 0.004842966972715588, 0.004788678402028009, 0.004760759437603395, 0.00477814691029146, 0.00476991404423827, 0.004728413296271301, 0.004693433705307588, 0.004692888099986528, 0.004753126555188156, 0.004608940237479403, 0.004660615809033098, 0.004934767599009613, 0.004717341592349022, 0.004641097933317309, 0.004555034639563059, 0.004634176886451956, 0.004588482133087441, 0.004520744117855254, 0.004607127695200947, 0.004524028661193579, 0.004469645012465672, 0.004510779890102007, 0.004474948549879203, 0.004455015224081248, 0.004396226507934119, 0.004452350398029353, 0.004460071504188276, 0.004439458775853368, 0.004408362915223848, 0.004416852909999617, 0.00439445972124583, 0.00436744556559157, 0.004387260571503101, 0.004342239008386531, 0.004295490496361723, 0.00433593665882158, 0.00435919116388018, 0.004344295539454015, 0.004295987104208391, 0.004294689469310337, 0.004243848673222657, 0.00424643733973865, 0.004248152663996378, 0.004241380276866938, 0.00421732113028803, 0.004153782404073193, 0.004221728245648108, 0.004196205436166593, 0.004144534857812967, 0.004183647123260533, 0.004124968476264299, 0.004140673859508503, 0.004122759328285662, 0.004071635123103206, 0.004080533817877764, 0.004174084277432328, 0.004088291691716218, 0.0040695137784324585, 0.004020642092447049, 0.004062519980365813, 0.004014605497420686, 0.004031772891141789, 0.004003244583104074, 0.003985545919632311, 0.003982224759295851, 0.003923454108830778, 0.0043076520395626235, 0.003911387126362675, 0.004053413586081121, 0.0038783260902228987, 0.003910773207938445]