Model Setup for Neither Patient 6:
ITERS=1000
LEARNING_RATE=0.001
OPT_RESET=None
ATOL=1e-05
RTOL=1e-05
METHOD=dopri5
Input channels=2
Hidden channels=32
Output channels=2
Runtime=143.20774507522583
Optimizer=Adam (
Parameter Group 0
    amsgrad: False
    betas: (0.9, 0.999)
    capturable: False
    differentiable: False
    eps: 1e-08
    foreach: None
    fused: None
    lr: 0.001
    maximize: False
    weight_decay: 0
)Loss over time=[0.5365323753704622, 0.5273167149889617, 0.5187559336533545, 0.5098097945826258, 0.5016401919957698, 0.4939776047559015, 0.48677909437182193, 0.47997113906036265, 0.472300835310388, 0.4658514319048575, 0.46021211544430013, 0.4553896238029678, 0.44990824900617293, 0.44403369480594107, 0.4396260932171391, 0.43500801559765845, 0.43179500541286936, 0.42837923812769424, 0.424188567180388, 0.42044788584597464, 0.4174900664962943, 0.41469125928900746, 0.41192838435505513, 0.4094368023189746, 0.4065972258655531, 0.4042768013848441, 0.40143094130903234, 0.3989878002090092, 0.3964243014482643, 0.3934989254267356, 0.3908954581721335, 0.3882832050956221, 0.38532902279498027, 0.38284642129231466, 0.3797603798059344, 0.37703590175635054, 0.3741993218460766, 0.3710176085635963, 0.36880321977512887, 0.36614224230140235, 0.3639062035680504, 0.36063813664287747, 0.3581511197161147, 0.35534462044370546, 0.3530144331901242, 0.3507624180062787, 0.3485113705014802, 0.34584485435880225, 0.3431573957812874, 0.3406920002074227, 0.3386414200568127, 0.33587086603466165, 0.33341077924978313, 0.3309375792327744, 0.32916436989333103, 0.32621561718629466, 0.3237021496700754, 0.3205208326361533, 0.3190674664546825, 0.316607813703143, 0.3139798695929686, 0.3127164094168796, 0.3096054462854894, 0.3067640643170973, 0.3035223975683348, 0.3016968387100165, 0.29909484496845945, 0.2975898935824983, 0.29433497220747995, 0.29214373959286666, 0.2902874404085067, 0.28662853928350857, 0.2848102306903238, 0.28028451525971065, 0.278122684484808, 0.27629849585955535, 0.27347578822162516, 0.27025604507961637, 0.26753254554471645, 0.2650934709431546, 0.2621995382247864, 0.2572122756793058, 0.2561035055349484, 0.2537117861326227, 0.2506786757696427, 0.248158149455832, 0.24321338565129508, 0.24226701949067342, 0.23820857681370222, 0.23645551521739405, 0.23401656398329707, 0.22913050948236444, 0.2284324947680296, 0.22514406137176254, 0.22194998254006312, 0.21906373717456376, 0.21632882071448492, 0.21180861833009293, 0.2098304495341767, 0.20804909957216217, 0.20518995083492084, 0.20241950529206984, 0.19880752775246047, 0.19657492462878368, 0.19365314655147794, 0.19138324873422521, 0.18937132003981752, 0.185706264727699, 0.18366272527658578, 0.18016759511553265, 0.177214287791183, 0.17521018324939028, 0.17156468893349686, 0.1705409867779812, 0.16735511717177304, 0.16428269138795895, 0.16127257501869435, 0.15860504508040538, 0.15686512415893442, 0.155002865978267, 0.15233222182966338, 0.14775234779596597, 0.14410008715196307, 0.1436348412635067, 0.14017547639808942, 0.13845501687414644, 0.13567499214793954, 0.13457906076976944, 0.13291361960413045, 0.13104230553824925, 0.12837541448458295, 0.1261086116652979, 0.12474116823983517, 0.120952752514646, 0.11917784163456747, 0.1168723503989157, 0.11601957426387247, 0.11451725827982062, 0.11224286824976244, 0.11016582973014048, 0.107956677693482, 0.10569162016460024, 0.10416891307299853, 0.10289865740213107, 0.10095220333239328, 0.09987397927060705, 0.09772819108246843, 0.09663405012807164, 0.09388284653452321, 0.09311360111557127, 0.09189820747143064, 0.09051960737208825, 0.0897401721931227, 0.08783212620718357, 0.0861570824115791, 0.08486712446393961, 0.08362374817476487, 0.08221469764746775, 0.08080092917067604, 0.07980607888070693, 0.07877945529022866, 0.07778078111913561, 0.07627958417673096, 0.07518179188055368, 0.07441300308179785, 0.07323470223972225, 0.07211524501987493, 0.07139958356723736, 0.0706619828666074, 0.06951460307139463, 0.06855193102994774, 0.06752863125164262, 0.0667621191750214, 0.06591740853102196, 0.065301599851128, 0.06449023182291479, 0.06378849371797762, 0.06300408520892833, 0.06276513712550638, 0.06096963416644578, 0.060237051518727075, 0.059817503320492627, 0.05835823799967755, 0.0574554176405833, 0.05655244255486371, 0.05596818204655678, 0.05557005710101388, 0.05605527834914709, 0.05425524554362613, 0.05367945520884431, 0.05304176536925733, 0.05251603603641362, 0.05230369812733546, 0.055006455243545596, 0.05057688480693605, 0.050135458509202806, 0.049963955224174274, 0.04949156644899764, 0.0488597343790657, 0.048292307085013905, 0.0474559068665683, 0.0470438614474733, 0.046558809433511046, 0.0461169198951981, 0.04567202240302215, 0.04473685563527594, 0.044259703505933355, 0.043679887659197975, 0.04308191670354744, 0.04258673546385326, 0.04196222946175956, 0.041379053819681495, 0.040811611713621125, 0.04075703284026844, 0.04005639297332562, 0.03916116601689258, 0.03954417414929343, 0.038467840737809095, 0.03827675125780369, 0.037209053726424454, 0.037402894046409, 0.03720196707941813, 0.03651205536377162, 0.036350584069717036, 0.035141990130358264, 0.035257209293072536, 0.03517555303770282, 0.03496871519956797, 0.03422565811263509, 0.0339574836548805, 0.033624343177325246, 0.03316333445420204, 0.033365372903456966, 0.032662527658449195, 0.03223286380358078, 0.03188815822855788, 0.031236969820802506, 0.030802129035086126, 0.03078092715696498, 0.030849858371599016, 0.030059215557516318, 0.029249584598768176, 0.029276349126541514, 0.02870907509566224, 0.02956442185927831, 0.028059181179837724, 0.027792511441082832, 0.027356522481012713, 0.027532984486902636, 0.026970140283426404, 0.026769059358914937, 0.026473340055864134, 0.02673139914745371, 0.025893455177397537, 0.025677048600983677, 0.02540588394132753, 0.02499628256754124, 0.024787766713411537, 0.024565402118752466, 0.02407365888598656, 0.023685874137798282, 0.02378870143972954, 0.02315743746762429, 0.02274208749026688, 0.022648503503518616, 0.022353017746301464, 0.022205824843435727, 0.021880919027422473, 0.022252291020679868, 0.020496223721959438, 0.02097724153432654, 0.02100866812904353, 0.02033505972578574, 0.020298043709682054, 0.020274832828457694, 0.0197065816830686, 0.019460334225513656, 0.019615279252483974, 0.018985337885139838, 0.01854738622695479, 0.018744345902770264, 0.018559231384303737, 0.018258670782729695, 0.017849805131097005, 0.017917654454201834, 0.018007508843092032, 0.017316513926608244, 0.017375211853744497, 0.016933795878091077, 0.0168698782671486, 0.016887688850189785, 0.01656806169785036, 0.016012774415761957, 0.015808664388750737, 0.015617775794888973, 0.015445563198972313, 0.015557582904305266, 0.01532141836686504, 0.015016190159465419, 0.01485013086167173, 0.01477140578924528, 0.014229532992088144, 0.014233947570372345, 0.013889173106076763, 0.013818582569028964, 0.013699976637457105, 0.013398494050296833, 0.013378610883512282, 0.013184159063752011, 0.012844375638491466, 0.012985263633618255, 0.012805644783806393, 0.012387883054684036, 0.012190858646211356, 0.012212347409445663, 0.01211669674768384, 0.011998487828820036, 0.011678907392246097, 0.011393263754849852, 0.011368828897857657, 0.011254072775541317, 0.011080780986229322, 0.010233103535172329, 0.010786271275309449, 0.010783158094682473, 0.01066950963143218, 0.010426582958844159, 0.01034681065940853, 0.0103040797247826, 0.009889098183275869, 0.009902772606900518, 0.00962767555045877, 0.00966832514079639, 0.00946229699667513, 0.00944023348482447, 0.00924604665638895, 0.009203069669868268, 0.009037741381647304, 0.008874455345033233, 0.00873686987367162, 0.008714647972185621, 0.008754930645605006, 0.008511872885948136, 0.00844234994419318, 0.008232492045067808, 0.008134159391780381, 0.008175581708433771, 0.008118957734839534, 0.007972117651778065, 0.007868162921904827, 0.007805676222904976, 0.007565542209595216, 0.00740796370838813, 0.007342570969512777, 0.00731300690437419, 0.007302270949426887, 0.007211875890727598, 0.006972571461798468, 0.006823141384822579, 0.0067816486697683314, 0.006664992529575189, 0.006513615718027995, 0.006562753539409053, 0.0064635601428105005, 0.006394073336198453, 0.006208500098423886, 0.006256919239924599, 0.006055073354931143, 0.005864652291196351, 0.005845192277111541, 0.005810548766045589, 0.0056743308926626174, 0.0055756346322285485, 0.005570691573063755, 0.005423883598398591, 0.005437401536262063, 0.005461973491050747, 0.005270732157437717, 0.005310251975029201, 0.005042213477897863, 0.005126957522446932, 0.0050552763687260385, 0.005067216191403732, 0.0049355554747501995, 0.00487714961453965, 0.004756836593628393, 0.004753059368163643, 0.004817756605835457, 0.004531198654226802, 0.004688371850844466, 0.004457577360312382, 0.004469784808425516, 0.004371175903258324, 0.004354735659645816, 0.004269289595442377, 0.0041875482746282465, 0.004296501062346647, 0.004129239880596835, 0.004128778521844766, 0.004139479446516888, 0.004051646558971169, 0.004009624594168757, 0.003843682612111628, 0.0037842513109662135, 0.003804744717236331, 0.0039259012310710805, 0.003840245291063392, 0.003681948397875173, 0.003636627663844624, 0.003628543444971259, 0.0036047433283407384, 0.0035365170330808023, 0.003480283235019292, 0.0034000806838649323, 0.0033726396692912203, 0.0034100902274496274, 0.0032311694369502723, 0.0032326705766059787, 0.0031878772744870195, 0.0032039737813274725, 0.003145729016068292, 0.0031150573952415314, 0.002997367264816904, 0.003100099346635045, 0.0030247097517541576, 0.003046703365056948, 0.0030003542029423363, 0.0029885669235054386, 0.0029742529077123854, 0.002836707932915937, 0.002831556708392747, 0.002826733853710488, 0.0027218010269238857, 0.0027926320381135347, 0.0028612607648600035, 0.0027161546997292708, 0.0027134632477509566, 0.002715858161079354, 0.002619200156862822, 0.002617359455869618, 0.002537362939617886, 0.002492846193576645, 0.0025876804026666294, 0.002468706981639816, 0.0024302273723566135, 0.002442467055515518, 0.002452741878001355, 0.002479950300269031, 0.002331164590542553, 0.002343906806930657, 0.002382365432184941, 0.0022654175485813557, 0.0023697219722290165, 0.0022655085561883847, 0.0022515562737871024, 0.0022176236338855354, 0.0021961049861761186, 0.0021867073905307444, 0.002217316042187781, 0.002086233203212747, 0.0021226489627493715, 0.002111487838193489, 0.002084269518430737, 0.002072836851245642, 0.0020827879238020162, 0.0020499223461522254, 0.0020076902475573213, 0.0020100333829411706, 0.0019805393795192545, 0.0020662233083811456, 0.001929405565524582, 0.0019990368325186855, 0.0019357975410996605, 0.0019077935515147562, 0.0018642368484042056, 0.0018510398152593273, 0.0019005240093483066, 0.0019007409630364819, 0.0018950831655540597, 0.0018808446570896748, 0.0018648270072250154, 0.0018075835901330448, 0.0018582426162478247, 0.0018259833197832795, 0.0018115088235976197, 0.0017882204816797804, 0.0017773661042632773, 0.0017495595622731236, 0.001723480014567167, 0.0018128187600485576, 0.0017150384882334607, 0.0017672707332063208, 0.001749297892818642, 0.0016945898268996206, 0.0017595160394309995, 0.0016209629035645297, 0.0017076312475600884, 0.0016490742893107433, 0.0016402305385836554, 0.001610449805569463, 0.0016244047001394103, 0.001595165448581118, 0.0016217962515461307, 0.0016582055747433675, 0.0016300486998243248, 0.0015924223795957227, 0.0016079251087919536, 0.0016499200607701424, 0.0015163402620487663, 0.0015354323161941756, 0.001549875327566881, 0.0015850183286189145, 0.0015476040058893538, 0.0015376478093914998, 0.001507999792561166, 0.001541372275732939, 0.0015191553734888676, 0.0015026457310842642, 0.0015021639964439095, 0.0014742700936038577, 0.0014970394928441296, 0.0015202835581433584, 0.0015610646782196604, 0.0014618559724842402, 0.0014391180568608178, 0.0014597424216785755, 0.0014624275920116627, 0.0014287055094269507, 0.0014747439670895412, 0.0014308977600487479, 0.0014254241790306746, 0.0014219990112673707, 0.0014193596814443933, 0.0014087689367485617, 0.0014331917717624765, 0.001441970704857503, 0.0014252624293022128, 0.001401711716627646, 0.0013943541464466437, 0.001390019446819267, 0.0013894504340052616, 0.0013768378276100325, 0.001389554913741422, 0.001385509439137054, 0.001371947950968756, 0.0013495105105625277, 0.001402572307281727, 0.0013520306843415786, 0.0013795150136970448, 0.0013492317094284687, 0.0014267823147870277, 0.0013391892392242066, 0.001346898522432946, 0.0013218185959303, 0.001362751153773375, 0.0013956316976632003, 0.0013470546032156576, 0.0013381351473089893, 0.0013100977625829845, 0.0013040911061252406, 0.0013252643795637717, 0.0013069928285691596, 0.0012659397292876819, 0.0013110719546384623, 0.001312452540896642, 0.001279317252589992, 0.0013124522241898511, 0.0013928046648220003, 0.0012721580601895005, 0.0012943178625547094, 0.0013135164392701457, 0.001293709020416918, 0.001291817192892575, 0.001251016007709113, 0.0012940610521018614, 0.001256732384706914, 0.0012784807227150556, 0.0012932445128152397, 0.0012424604236624657, 0.0013006811964470795, 0.0013236030397460149, 0.0012725071291615785, 0.0012400038267260853, 0.0012515927294781157, 0.0012138508444645422, 0.0012189648516260471, 0.0012323767935444102, 0.0012230041915474914, 0.001213708659126887, 0.001246613959695564, 0.0012194206506290343, 0.0011936124794033596, 0.0012360044020703848, 0.0012036216910688185, 0.001168674641643658, 0.001180697221798258, 0.00126203074572689, 0.00118160551897722, 0.0012057415496582154, 0.0012014340267073422, 0.0011790288128321496, 0.001287630511620952, 0.001215518625121769, 0.0012036643526155428, 0.0011496118262773268, 0.0011921153307438833, 0.0011907534916389205, 0.0011496835889100775, 0.001154095413820295, 0.0012083418723629533, 0.0013181840680468217, 0.0011637802380948519, 0.0011791255228591415, 0.001179574816582668, 0.001183185944321515, 0.0011617112687773538, 0.0012270186908582904, 0.0011767728469416257, 0.0011237978485919007, 0.0011320385440559018, 0.0011865696160453692, 0.0011263873349484893, 0.001177234816833992, 0.0024252436496977423, 0.0011426176506897049, 0.0012192511080068016, 0.0013021281940943435, 0.0012928097594854333, 0.0012868829441499694, 0.00116477308092166, 0.0011566298927030928, 0.0011579814830663007, 0.001213352159514609, 0.001230624615721929, 0.0011716962043292031, 0.0011579531486535866, 0.0012195856297055297, 0.0011569906256227963, 0.0011366195509857843, 0.0011468482134436033, 0.0011854148412210061, 0.001171278682293714, 0.001148321999848443, 0.001123147468828053, 0.0011383509326854105, 0.0010901140768015917, 0.001146025056344766, 0.0011022545111360497, 0.0011057780765576254, 0.001083790873696643, 0.0010923209442813755, 0.0010929713339752573, 0.0011107806639660677, 0.0011178086301695063, 0.0010709025165975728, 0.0010870414831452735, 0.0010756623467836645, 0.001108178589069062, 0.0010660310890219721, 0.0011180641781344662, 0.0011122026608854356, 0.0011841407907710823, 0.001230678298855535, 0.0011315342446035098, 0.0011929488250374608, 0.001062530768084052, 0.001072104321890415, 0.0010718711772972277, 0.0010539876748345233, 0.0010662767326446295, 0.0010469403428369172, 0.001052223087991125, 0.0010674036344861372, 0.001066580551973211, 0.0010699626938456023, 0.0010796778608971396, 0.0010469840525571042, 0.0011065570947418918, 0.0010352313725697111, 0.0010518377461178044, 0.0010366336025762685, 0.0010432989501643773, 0.0010583953442404705, 0.001052599471952025, 0.0010727975310524448, 0.0010586039481537413, 0.0010532788155442551, 0.0010241356437149995, 0.0021885983755651314, 0.0010755794110627387, 0.0011113168260820608, 0.0011456736488735335, 0.0010864298649539061, 0.001229326086469792, 0.0010929960266638167, 0.0010933220388566515, 0.0010747832306637769, 0.0010315817213081666, 0.001023725374707903, 0.0010357361921028616, 0.0010515205571714795, 0.001092304829818215, 0.00106781221449918, 0.0010373583472211689, 0.0010458687402353738, 0.0010343338821487006, 0.0010018582243423583, 0.0010264976693907177, 0.0011456644183853646, 0.0010244167855888047, 0.0011029892723445408, 0.0010369098316841455, 0.0010196245469319075, 0.001012476880210684, 0.0010028024819814434, 0.000984163376071689, 0.0009870525517247134, 0.001016644733101434, 0.0010134398953031425, 0.0009980079303537, 0.0009962856638481693, 0.0009878545117499894, 0.0009858160122423688, 0.0010922403948352333, 0.0009967013477900114, 0.0010055152292127425, 0.0010235877218289441, 0.0010014887034197886, 0.0010131406546897857, 0.001004293939627548, 0.0010488730978247473, 0.0009881966102581947, 0.0009643934146889025, 0.0009941652462914419, 0.001004196771112977, 0.0009749013190954435, 0.0010309411693087541, 0.001006371800927192, 0.001015717951467008, 0.000970034788488263, 0.0009634368966700772, 0.000981990950735058, 0.000985791838277894, 0.0009784222558420596, 0.0009796192390877628, 0.0009515741567991518, 0.0009729166256102815, 0.0009280835152176456, 0.0009394426564360527, 0.0009368488966795151, 0.0009246154590693321, 0.0009758887669278241, 0.0009219177356086448, 0.000925854877664837, 0.0009769363704444966, 0.0009555818543160788, 0.0009774845937318268, 0.0009597597528493935, 0.0010054218548138543, 0.0009937614662691172, 0.0010228307698773832, 0.001017656149567123, 0.0009406002851717423, 0.0009750438295818397, 0.000952775436104655, 0.0010647505710289146, 0.0009413427980723295, 0.0009533193424201634, 0.0009330838136009794, 0.0009586569586601383, 0.0009930348777125958, 0.0010215166136699815, 0.0009244146525755122, 0.0009959637276505961, 0.0009842764199729304, 0.0009425679669131014, 0.0010370954774426336, 0.0009595003391096979, 0.0009746156177994404, 0.0010347912503427972, 0.0010306155212519879, 0.0010179526356508695, 0.0009226261819420211, 0.0009395002201352178, 0.0010610983975195712, 0.0009471467016390431, 0.0009165836782608741, 0.0009253095066738278, 0.000934671742691011, 0.0009547984447534235, 0.0009466130620935823, 0.0009614070602831051, 0.0009395057189820883, 0.0009313441100471935, 0.0009729124708709844, 0.0008972549886087249, 0.0009728230053577751, 0.0010692654770944486, 0.0009479348745385027, 0.0009284084230438878, 0.0009701289485751813, 0.000950572086376951, 0.0009617863221231908, 0.0008805154076781775, 0.0009069164884108847, 0.0008769391725256905, 0.0009436705151358973, 0.0010198338059735149, 0.000920719492825826, 0.000911075995654059, 0.0009099378179036588, 0.0009049159732895758, 0.000878972547660892, 0.0009223688704907411, 0.000871156548084583, 0.0008856070707798252, 0.0009208477184259844, 0.0009752007272373855, 0.0009457178098138861, 0.0009567030188676606, 0.0008703114331455194, 0.0009475528923301074, 0.000932145904518418, 0.0009325667838190124, 0.0009409984389974663, 0.0008968420688753858, 0.0008875586179075803, 0.0008563525355958865, 0.0008615350507011362, 0.0009377320448017367, 0.0009195043118996781, 0.0009740579394809366, 0.0009256512553055293, 0.0010325118948921906, 0.0009533107781688634, 0.000955552157602484, 0.00085437560392864, 0.0008512940088256072, 0.0008784892592008663, 0.0009180904119134966, 0.0008721562253821539, 0.0008843130272859972, 0.0009063027509937195, 0.0009279068261437175, 0.0008591347208632441, 0.0008883131147098655, 0.0009098582026195072, 0.0008991723167125677, 0.0009124020495442843, 0.0008712782061918782, 0.0008581808605595729, 0.000858463900269557, 0.0008633370127205546, 0.0008890353687080011, 0.0008897462160888226, 0.000984750234816482, 0.0008982101681745961, 0.000875712062223326, 0.0008784476427149037, 0.0008616375166756458, 0.0008779887448334255, 0.0009151630611979611, 0.0008305990906709699, 0.0008618103731043675, 0.0008661047337697435, 0.000853697770752847, 0.001110651360428382, 0.0008542756658328214, 0.0008527068167303243, 0.0008464496044155379, 0.0009014717693973788, 0.0008502932960132325, 0.0008538407301759626, 0.0008880761676196228, 0.0008558820870457864, 0.0008711232920747842, 0.0008574758641515024, 0.0009160294634852546, 0.0008231407727109675, 0.0009216967082117316, 0.000884647252005338, 0.0008505928083929475, 0.0008352253191799777, 0.000938411303338424, 0.0009250961061663493, 0.0008463201358734626, 0.0008828246884187814, 0.0008866827169546899, 0.0008610388800852476, 0.0008429752724800226, 0.0008348876668563759, 0.0008525126745891024, 0.0008433428424499043, 0.0008545199974129403, 0.0008444619889302503, 0.0008382186854180819, 0.0009432171660795044, 0.0008622094645208988, 0.0008460183950515447, 0.0008410315665490223, 0.0008860801452968799, 0.0008156450291760407, 0.0008264442704639319, 0.0008208340885564277, 0.0008275813899739582, 0.0008301422919672306, 0.0008296666982705359, 0.0008417534784460487, 0.0008174250901961228, 0.0008653815496636643, 0.0008355737987475139, 0.0008079923910617642, 0.0008055686057634434, 0.0008188683223877256, 0.0008816419574211189, 0.0008136872889487073, 0.0008884630591578735, 0.0008400709626388351, 0.0008445509405555353, 0.0008724784046196043, 0.000811047271603933, 0.0008290010345447698, 0.0008741615375753891, 0.0008246336173524187, 0.0008066037823331193, 0.000813120407244184, 0.0008273146656359993, 0.0008190434023187897, 0.0008077459114272344, 0.0008063769200275859, 0.0008070425394864291, 0.0008165726136345732, 0.000800563857113926, 0.0007783100851617621, 0.0008048076154168154, 0.0008496269270565981, 0.0008017967437209533, 0.0008651903477128691, 0.0007650078410933477, 0.0007888317954207548, 0.0007956994587277962, 0.0007966610693969156, 0.0007512585972414863, 0.000774806252560557, 0.0007925738858494459, 0.0007918267389316342, 0.0007525007035835515, 0.0007873436351270422, 0.0008416678386161546, 0.0007879881954379764, 0.0007675061821005334, 0.0008706249449531747, 0.0007724358983916678, 0.0007675523363562513, 0.00077165493230765, 0.0008045577808053504, 0.000801472773515716, 0.0008243845169172246, 0.0007834762672698131, 0.0008834156274992199, 0.0008335870186304751, 0.0007613035291443672, 0.0008854435505259458, 0.0007795608736595508, 0.0007773170665255561, 0.0007766521539420469, 0.0007810404216387119, 0.000823080300951677, 0.000795417547878115, 0.0007897606056683631, 0.0008816111513069921, 0.0007822742205668553, 0.0007498893440865731, 0.0007589963781416816, 0.0007658376536755027, 0.0007458295888745872, 0.0007601022663394581, 0.0007489242393498584, 0.000799666557484873, 0.0007578522707825588, 0.0007768544923636871, 0.0007805620988504201, 0.0008013557168612549, 0.0007858164498726372, 0.0008541162695610162, 0.0008919472684326406, 0.0007458992687506341, 0.0007342529607196635, 0.0007644809233693044, 0.0007350837424502124, 0.0007331638260054108, 0.0007226267907918221, 0.0007640862959549504, 0.0007275912218812332, 0.0007633492747228661, 0.0007551410019413126, 0.0007722076083835222, 0.0008007195603385402, 0.0007498762174250937, 0.0007509965829576037]