Model Setup for Atypical Patient 2:
ITERS=1000
LEARNING_RATE=0.001
OPT_RESET=None
ATOL=1e-05
RTOL=1e-05
METHOD=dopri5
Input channels=2
Hidden channels=32
Output channels=2
Runtime=177.32356214523315
Optimizer=Adam (
Parameter Group 0
    amsgrad: False
    betas: (0.9, 0.999)
    capturable: False
    differentiable: False
    eps: 1e-08
    foreach: None
    fused: None
    lr: 0.001
    maximize: False
    weight_decay: 0
)Loss over time=[2.2299462088008544, 2.21897621587855, 2.2094147974377263, 2.199775994364782, 2.1927129803518928, 2.1845025863465843, 2.1764092501415386, 2.169372722007378, 2.160669849474364, 2.1528286855617287, 2.145675157611976, 2.137692443263263, 2.1302672126833633, 2.122933925074425, 2.114926445485473, 2.1078550423380804, 2.101025710222579, 2.0938296758870436, 2.087479136913663, 2.0802787850612856, 2.0734950367517446, 2.067260066802919, 2.059508098878869, 2.054197277913889, 2.0472455072749813, 2.0407467440638545, 2.0342682446249274, 2.0274674309656495, 2.0205057915021687, 2.0139314522790865, 2.007270969417325, 2.0002005603310633, 1.9935744899979435, 1.9867330507205472, 1.9795584165941984, 1.9727605407722253, 1.9652198171163802, 1.957672771193169, 1.9500738632910035, 1.942419268918873, 1.934511048702137, 1.9264738029793553, 1.918233539951531, 1.9099324524105838, 1.9011143463191253, 1.891661164599939, 1.8829885729455553, 1.87386190838885, 1.8648523770131333, 1.8554150382882837, 1.8454879739491956, 1.8360228332539743, 1.8263899743923917, 1.8177923614047033, 1.8082649942715887, 1.7979109957670227, 1.7874427510241269, 1.7795654906438194, 1.7688143780830254, 1.7596449183001155, 1.7505206047607198, 1.7408242959181477, 1.7328148141755222, 1.7208587292543485, 1.7129633862937519, 1.703872317453479, 1.694230431644363, 1.6865378986415316, 1.6751936907220852, 1.6677407299227942, 1.657945253360458, 1.6478166985168157, 1.638159010972946, 1.6309342870032326, 1.6195586236694126, 1.6100233649959532, 1.6019335450608077, 1.5927198938135154, 1.5830655914087364, 1.572780926426063, 1.5633048192592518, 1.5529127082781862, 1.5437221251574849, 1.5360263719097011, 1.5268332082586413, 1.5170649149491622, 1.5088150339596296, 1.499106479456958, 1.4886023606938918, 1.4777993262490576, 1.4698228559860989, 1.4601021913988248, 1.4507286066627285, 1.440203926566953, 1.4333748289532018, 1.4239118057484497, 1.412868530392979, 1.4028815443668468, 1.3905948958941108, 1.3846716674742825, 1.3734385897137265, 1.362132649769416, 1.354655920956067, 1.346635062465869, 1.3364477209333798, 1.327378666862078, 1.3176419935648156, 1.307041682974632, 1.2959587037981304, 1.2881943593368872, 1.2793962242094719, 1.270192792100078, 1.258755391210977, 1.2500291979660838, 1.2406080974818983, 1.2336484558418552, 1.225629519177527, 1.213314262449034, 1.2011924455763008, 1.1940734921995515, 1.1827235571367043, 1.1711820785926692, 1.1663092736953415, 1.1572988892276732, 1.1472830442066546, 1.138170974411073, 1.1295133190898476, 1.1210628168296177, 1.1084717699514337, 1.103163635385738, 1.0912872308099424, 1.084664354985762, 1.0732912857710313, 1.0661131701305786, 1.0541608944699574, 1.046484467605511, 1.0384215017240301, 1.0319051247393836, 1.0199087963657683, 1.0138442560511967, 1.0023689432551959, 0.9934120447530194, 0.9862131471223088, 0.9750780590310125, 0.9646877808581966, 0.958801855824262, 0.9463519448456877, 0.9405731642862826, 0.9285442577944938, 0.9246609293755896, 0.9155965168920452, 0.9072093928044693, 0.8945895308643795, 0.8911052851733242, 0.880150280358131, 0.8736853118671085, 0.8609868536817661, 0.8564816880538046, 0.8512341050238258, 0.8397877988817138, 0.8321734969541417, 0.825485333057997, 0.8147754694492995, 0.8076433919833031, 0.7990541289558984, 0.7911600384643297, 0.7826256613229862, 0.7754463344915963, 0.7644178062289526, 0.7561581208655295, 0.7476647607845318, 0.7420160080203164, 0.7338003462138531, 0.7264108076133383, 0.7193502583830461, 0.7111098246682774, 0.7008395642362213, 0.6898977944358411, 0.6843374861732723, 0.6749603821040323, 0.6676347977022028, 0.6572524957095044, 0.6481288146223334, 0.6376841485348508, 0.6265823742416647, 0.6242307609822775, 0.6065852847166224, 0.5945878097526673, 0.578694407245144, 0.5699105068356207, 0.5603151703654536, 0.5462357545265774, 0.5394542127344248, 0.5276367379356258, 0.5176206778485306, 0.5084203069783625, 0.4952723883644355, 0.48567195589452616, 0.4727098346640066, 0.4680647258688777, 0.4477578545709818, 0.4408052258834303, 0.427221630458863, 0.4177077423853783, 0.40722740939797203, 0.4021023625119034, 0.3925623525231483, 0.3826002427312068, 0.3725304380864136, 0.36699784050204864, 0.353622211770467, 0.34747350477900907, 0.3430553539756498, 0.3319088357685111, 0.3247284262331381, 0.3168922424677843, 0.3109571043800299, 0.3063082118185868, 0.29886415963391, 0.29185105031449443, 0.28767104887646205, 0.2778771460857032, 0.2733798115356047, 0.2723359238403518, 0.26396946353536527, 0.25625049831462865, 0.24859431390206985, 0.2458618499408006, 0.23883448974300261, 0.23439391606000004, 0.23125565081299612, 0.22518437532607508, 0.22090148913231647, 0.2135784281602814, 0.21464892209911798, 0.20827938948798375, 0.2033784268421304, 0.20424618318395307, 0.1945430465512241, 0.19000306302440675, 0.18696927179656903, 0.18212779913042612, 0.17961946866161976, 0.17713171642138353, 0.17452261962317045, 0.17066058548584417, 0.1664436105848533, 0.1624434233267983, 0.16054574802162358, 0.15589168146525634, 0.15179361527229374, 0.15029137075549348, 0.14638910900823845, 0.14311140017144475, 0.14172428738248052, 0.1355455731991496, 0.13454341674362305, 0.1308508146288047, 0.12973869766808122, 0.1250417930364485, 0.12234512463186255, 0.1212266011058177, 0.11871919026613717, 0.11957726469930187, 0.11624601151427089, 0.11466596306742254, 0.11028605380388647, 0.10776841566949841, 0.10810553810688721, 0.10581579625459478, 0.10252181170365958, 0.09983768755285481, 0.09830727981859094, 0.09732266666885171, 0.09434676566958809, 0.09364658437289418, 0.08937117072774842, 0.08732163713597677, 0.0866538544315374, 0.0831181759832136, 0.08087455966016982, 0.08252745469095218, 0.07919027161765493, 0.07718492114525587, 0.07608189759534488, 0.07573688848964691, 0.07492297375392548, 0.07251159369159113, 0.07223874094150949, 0.07020943703345099, 0.06851091187220403, 0.06534956526596981, 0.06478260526209936, 0.06380146903287075, 0.06152704050151126, 0.062052916950166195, 0.05985367250650515, 0.059872279503698535, 0.05828841794110994, 0.058295009370637384, 0.05219833909965079, 0.05454122570870084, 0.05316764898516329, 0.054003996646126644, 0.051454454738706225, 0.05064019683183836, 0.04927890400524845, 0.04785459475707297, 0.04714881930369126, 0.04705997461960588, 0.046310482392680076, 0.044985132461600484, 0.04475025801713853, 0.04446316883650284, 0.04341531481633563, 0.042738802970901275, 0.04198058148467155, 0.044290912920581474, 0.04038885602835169, 0.04005477037736625, 0.039165238254652776, 0.038017476115311914, 0.03639002498984261, 0.036086977198113004, 0.03574819069728255, 0.035498219448189164, 0.03559912688124788, 0.03555875332874258, 0.033992560914519604, 0.03270738991708989, 0.03268871046096178, 0.03270896008491549, 0.030986644808063044, 0.0308432636216479, 0.03083251987211876, 0.02970693689445375, 0.029400852324637648, 0.029231351936218952, 0.02820349015359296, 0.028014467440031356, 0.028042096815110575, 0.027714283243911265, 0.027462515906393578, 0.026935259986343562, 0.02614148855149204, 0.026187983489177266, 0.025517857387044676, 0.025269025071036642, 0.02498038466286827, 0.0245723240043659, 0.02455938529597197, 0.024241013006703813, 0.023943361031282962, 0.023375813681661115, 0.023090435326955292, 0.022799443804316297, 0.02260388168004936, 0.022361615524009212, 0.022350382716332964, 0.021637549742799276, 0.021380815281890564, 0.02135687878593023, 0.021480054468143564, 0.021015104353276567, 0.02046876734610997, 0.020282632962261606, 0.020200881915748793, 0.020185744082225898, 0.01991378415622396, 0.020397969183433014, 0.019682788368973633, 0.01922598717809566, 0.018943649967979845, 0.018797585005178027, 0.018868069130868505, 0.018405784652140236, 0.01845543895601036, 0.018510669421758146, 0.018322323756667026, 0.01761364600190535, 0.0177632174819895, 0.017770725648976433, 0.017613758447935116, 0.017425185203097847, 0.01740555557503267, 0.017357774989209346, 0.01729406082669313, 0.016853869456564932, 0.016829102491082507, 0.01677240139022044, 0.016699345407987207, 0.01666262560479309, 0.01634853008286175, 0.0164317605556291, 0.016208349408039033, 0.016116503906408532, 0.015885191073004082, 0.01604561973870412, 0.01589395093434494, 0.015815762900083852, 0.01585946734473542, 0.015680144314247663, 0.01551321142950397, 0.0155302777190747, 0.015588864250455081, 0.015269923753022637, 0.01534529544714056, 0.015149407857982194, 0.015144862838859853, 0.015233043464071061, 0.014962391660469709, 0.015070306410321373, 0.014922693687075779, 0.014871930092651843, 0.014846691134260442, 0.014819529547908964, 0.014790180768872558, 0.014753294519070597, 0.014647418252600686, 0.014672283573783572, 0.014551717073725472, 0.014601229446482842, 0.014538710415551638, 0.014435924814296192, 0.014459462957670456, 0.014431150174602326, 0.014410279120381937, 0.014353425191314743, 0.014274513070817112, 0.014184381645548002, 0.014404767393707392, 0.014221420017914831, 0.014223648730201627, 0.014189871094598188, 0.014221965668116504, 0.014129584896726772, 0.014115822108355491, 0.014121103400878222, 0.014172875897333258, 0.013966047082793052, 0.013957435686871356, 0.014051042775948845, 0.013962245968957683, 0.013905675090555155, 0.01406971389142924, 0.013964205110665597, 0.014021444883004008, 0.013748820454519322, 0.013820802904132436, 0.013810719942674627, 0.013944989351629406, 0.013931793611781167, 0.013828281753258141, 0.013635577432430107, 0.013612003319355071, 0.013637204887409366, 0.013590645303015543, 0.013614131957700325, 0.013611256871436656, 0.01376870859486373, 0.013530587453263715, 0.013440465921678623, 0.013441875979101549, 0.013537867242120848, 0.013453479179400303, 0.013466437613115945, 0.013442620014527512, 0.01340870610381578, 0.01338522835826008, 0.013367500946650608, 0.01337167188981352, 0.013264955622854508, 0.013325452885489288, 0.013553619438333898, 0.013405064362041403, 0.013317407646055001, 0.013240298080530243, 0.013251226779277763, 0.0132403826927387, 0.013171252759604013, 0.01350336252846513, 0.013241990031241034, 0.013167139921776943, 0.013225162363334335, 0.013095435207755766, 0.013210067790855025, 0.013095981886115588, 0.013189151988781917, 0.013244551601437206, 0.013182288211860443, 0.013222491146144776, 0.0131799886978006, 0.013230714380499846, 0.01312467736829031, 0.013474515999994498, 0.013089738749218392, 0.013054358452720705, 0.012994462490497334, 0.013061475164511623, 0.013035486231855404, 0.013063039407189529, 0.013002253100264871, 0.01290361614052007, 0.013129220265831897, 0.013049074727311117, 0.013198177436174867, 0.013017644252261255, 0.0130399550067253, 0.01285812370163001, 0.01290590368557375, 0.012990474098301329, 0.012963245464097328, 0.012970098929083563, 0.012956768387687, 0.01318264050934294, 0.013031678741836248, 0.012976456932135732, 0.012723367958674832, 0.012996043825704845, 0.013003905454166286, 0.01311520357710416, 0.012992287807741693, 0.01298648055689373, 0.012940072384867322, 0.012852008456572967, 0.012901698837838649, 0.012757833431177616, 0.012670265766193416, 0.012830703891173457, 0.012977544379880008, 0.012821095987369725, 0.012852970434333776, 0.012812102806279474, 0.01269035233550486, 0.012724000847624171, 0.012711568441753173, 0.012622347002364311, 0.012741539928091083, 0.01263601086396216, 0.012719358852755758, 0.012795036525284027, 0.012661875390230348, 0.012603731899641911, 0.012577439062194879, 0.012738471438377409, 0.012491467791199034, 0.01254308109249781, 0.012489215113541407, 0.012394591365842618, 0.01252407202567405, 0.012705934697107811, 0.012553478309336053, 0.0125079140030056, 0.012422043934422583, 0.012387946392029546, 0.012500176956172903, 0.012426585994951507, 0.012459532972148508, 0.012410900787457132, 0.012452997834474773, 0.01251979168866419, 0.012508053904477718, 0.012426532326271831, 0.012472259541307984, 0.012389399991552186, 0.012442651213457596, 0.01233626415567119, 0.01252748354253515, 0.012307455697598578, 0.012419323431481699, 0.012446950194620872, 0.012273362896685012, 0.012477490855587452, 0.012393528500257522, 0.012460021555490104, 0.012274429966675061, 0.012356298186617808, 0.012255084953566897, 0.012320384298507424, 0.012397059336568534, 0.012369657147861134, 0.012219947236746131, 0.012263279402097066, 0.012476665073642557, 0.012285856931274637, 0.012424152115860058, 0.012360783704567346, 0.012231312227422226, 0.012321399411353616, 0.012298438690046293, 0.012305999580461115, 0.012354887386560692, 0.012551836435547175, 0.012160152692149736, 0.012229352084478185, 0.011905835462725894, 0.012139378481187603, 0.012350796490694666, 0.012069363283744368, 0.012357849707538693, 0.012077062650085218, 0.012168293118334934, 0.012147459710366581, 0.012145169658615406, 0.012392779482186174, 0.0122045436932342, 0.011995269764952689, 0.012102300730714327, 0.012025517078401342, 0.012090834218664848, 0.012243961601540277, 0.012174990917098043, 0.012021234232701196, 0.01217635784938907, 0.012093592384697982, 0.012170425719049664, 0.012163508792153194, 0.012217104687003067, 0.012027197621405621, 0.01196346687331862, 0.011920174175188992, 0.012197253424477512, 0.01202259106555255, 0.011983094973220825, 0.011970032414425626, 0.012046107552903706, 0.012200071569568422, 0.011978343786105416, 0.011906629385192309, 0.011807543240122294, 0.011807533420779486, 0.012022490516377288, 0.01206778825913993, 0.011927770329832237, 0.011863380161927945, 0.011882716632083103, 0.011891047566789166, 0.01175854384212548, 0.011880528684503481, 0.011784702868291107, 0.01188725657783452, 0.011847649628852226, 0.011804449306369117, 0.011718344679060931, 0.011744029596500699, 0.011745680912297456, 0.011802866020139835, 0.011788524602182791, 0.01169780795354172, 0.01181461878906479, 0.01184592025139301, 0.011704010056726081, 0.011810206797948548, 0.011745205983098026, 0.011669172596237308, 0.01185324067158945, 0.011735659976487718, 0.011715766332585463, 0.012063015519823604, 0.011752191980028148, 0.011743684687294307, 0.011728282707090774, 0.01174577031084641, 0.011998394646388794, 0.011672343252853741, 0.011647578811914062, 0.011930253698792765, 0.011631511410168056, 0.01168928689434931, 0.01174667976579204, 0.012111408703626862, 0.011664385306923774, 0.011637106499629206, 0.011612850897644465, 0.011560310039212856, 0.011560496643460512, 0.011613977167381414, 0.011605502024751448, 0.011535914294586785, 0.011724078314668717, 0.011562487836932757, 0.011519847792148864, 0.011483900765118517, 0.011527437161248155, 0.011493163938878831, 0.011642151611109779, 0.011403468121795345, 0.011471097683009942, 0.011498634235598727, 0.011500532721556371, 0.01160518117843136, 0.011470153471036677, 0.011414041383800765, 0.011746824227979458, 0.011472156009211736, 0.011481271548587448, 0.011376122336423888, 0.01141442106663721, 0.011878652147359791, 0.011691834072613472, 0.011617930541654225, 0.011377071137914902, 0.011417392270581951, 0.011323842215733244, 0.011472652659478066, 0.0116440135257811, 0.011293928623972372, 0.011568321185661923, 0.011306446206954191, 0.011244486633176313, 0.011327644858768741, 0.011270853873820414, 0.011287766392512532, 0.011472852365327019, 0.011547307779569123, 0.011296530552543697, 0.011235437892813855, 0.011310869732979014, 0.01128003000779319, 0.011244678893377413, 0.011298957429214506, 0.01127869302863663, 0.01125887862901065, 0.01120818544151599, 0.011242414543632685, 0.011168935070655046, 0.01125629120857838, 0.011132156718050111, 0.011296514445721372, 0.011283797103900855, 0.011200317255680532, 0.011282806250479699, 0.01118961830705611, 0.011075560801629192, 0.011134184013727415, 0.011142208920622185, 0.011063263992853229, 0.011163418561677511, 0.011347563994628274, 0.011038948998595966, 0.011240672354853242, 0.011096960443109276, 0.011238157246285517, 0.011228572410094208, 0.011039285713728348, 0.011120725171156141, 0.011091394968499505, 0.011100452357874225, 0.011319598746921148, 0.011450505173293246, 0.01137932285668506, 0.011221145165202782, 0.011704154851468146, 0.011232718426188086, 0.01122184621568102, 0.01101082319556111, 0.011102183692750343, 0.011029876441827801, 0.011092269878617316, 0.010896334075838288, 0.011059340178320338, 0.011032586854556046, 0.01099571723103638, 0.010857697528509742, 0.011013651726013452, 0.011382034548320173, 0.011044719279697766, 0.011101570658816786, 0.010976543187406977, 0.010966596433681522, 0.011080680029805078, 0.011385802184288878, 0.011191277460588232, 0.011144349912326173, 0.011176044305006462, 0.010909606011921796, 0.010983437702277438, 0.010981012988199652, 0.011103305528851344, 0.010843560765554773, 0.010940335706720924, 0.011012811949048221, 0.011170089538503599, 0.010919656155959556, 0.010999342182238957, 0.011262292940947927, 0.01120831540287096, 0.010944570931968673, 0.011102096640500507, 0.010973612493037554, 0.010941012082327865, 0.011040344106137356, 0.010953405747330775, 0.011147062004677822, 0.010984813251687679, 0.010956631321865149, 0.010767306787158943, 0.010900116203194365, 0.010941748842510845, 0.010864812861541744, 0.01115704039856464, 0.011150858521849884, 0.011018963864892347, 0.010959291248854877, 0.011082377653324291, 0.011136666751188401, 0.010992072295339507, 0.011097478176181747, 0.011026098840175115, 0.01098019539357206, 0.011057274353314274, 0.01076859687979325, 0.011083674020043751, 0.010885188874646552, 0.010913531566527192, 0.010782122513497331, 0.011116789285913954, 0.010926808579001732, 0.01086080795761302, 0.0106616570281834, 0.010703767864891783, 0.010811563964532684, 0.010806111456679658, 0.010809193684429582, 0.01090249530904732, 0.010905309080694358, 0.010733645240901252, 0.010763784929892651, 0.010769347524355412, 0.01092155143984786, 0.010705301730760652, 0.010667567420547258, 0.010914773119754438, 0.010613067217289125, 0.010652413528779265, 0.010717843284894345, 0.010557029058176475, 0.010568858842093277, 0.010668868035573832, 0.010642330122687506, 0.010479880909373322, 0.010502759126048665, 0.010411914128558436, 0.010517046261049672, 0.010571833239046702, 0.010532234936235193, 0.010521528483399085, 0.010607663337795555, 0.010524727970768824, 0.010328119692778361, 0.010350971717407082, 0.010262619951906771, 0.010369824317969503, 0.010411859050076605, 0.010487827199805407, 0.010541247840810215, 0.010546555235649369, 0.01037415828716467, 0.010455248645579378, 0.010355947741086778, 0.010371569198275438, 0.010538426754037687, 0.010435900513695685, 0.010291600150174161, 0.010284509362834409, 0.01036802907123886, 0.010109832860391481, 0.010436364001767784, 0.010345828869695048, 0.010184827712505515, 0.010214755169204405, 0.010216732456563838, 0.010133817536113813, 0.010086947025031547, 0.010035474099899765, 0.01015573392829145, 0.010077679651985152, 0.010101457679001067, 0.01018175663405315, 0.010007607512076884, 0.010044509187725835, 0.01008735112291859, 0.00996910645765262, 0.010051787358187226, 0.010387096326378013, 0.01013520309726494, 0.00998155779837765, 0.010018638978299969, 0.010050351794173422, 0.009979233432949115, 0.009985213913904941, 0.009810477125967944, 0.009741739925012904, 0.009745017181753296, 0.009812285007352192, 0.009878832039853248, 0.009847559120248671, 0.009852581553141159, 0.009853123491796663, 0.010168655386890706, 0.00981408393430572, 0.009577474513688329, 0.009774262313237586, 0.0098942690202415, 0.00981143354084, 0.009765186064353613, 0.009707815455156345, 0.009738781106626472, 0.00990338164193526, 0.00952425336463217, 0.010024109953986922, 0.009674744023415656, 0.009675667861424401, 0.00974410882947793, 0.00966002768666302, 0.009591060650270988, 0.009478593205503852, 0.009795747675138987, 0.009573332484208162, 0.009362309228889809, 0.009484492530798009, 0.00941751642475229, 0.009550191431922268, 0.009437216657055153, 0.009457413821440913, 0.009475268058828978, 0.009617201177762132, 0.009447182480348782, 0.009584934313422474, 0.009518607532777234, 0.009339711333259396, 0.009374613726231761, 0.009389935876101345, 0.009298191282443562, 0.009342474726214757, 0.009300486573829134, 0.009377112125047089, 0.009510166848186277, 0.00956135013661451, 0.009144658141497087, 0.009147821426490843, 0.0091967016050026, 0.009281400080420334, 0.009194593110047933, 0.009155768691363824, 0.009308105995044239, 0.009155443634797008, 0.009111850443114895, 0.009076836778178393, 0.009262966478430609, 0.009250434743829557, 0.008882368135934947, 0.008975306920553795, 0.008816609183725573, 0.0088496522359668, 0.008695774777991543, 0.008573194251610574, 0.008624299498627705, 0.008692195992297327, 0.008653739223151534, 0.00857932124838995, 0.00854964500448145, 0.008620444803566775, 0.008424373647963439, 0.00851335890087335, 0.00845839400822037, 0.008364197400576976, 0.00840978132479378, 0.008315800061537827, 0.008235226674338526, 0.008236777421463497, 0.008275479451866363, 0.008134725873180456, 0.008186210401765192, 0.008301004219036722, 0.008053918559316385, 0.008159519817683487, 0.00826430442523064, 0.008220402375791148, 0.007952313124198796, 0.00813657345464797, 0.008037192299821033, 0.008011034537616523, 0.007946532363410473, 0.008394046603276084, 0.007865317744866714, 0.00808367006896236, 0.007762221860481791, 0.007863433133071801, 0.0077198802965979816, 0.008071626544948206, 0.0076722061066879935, 0.007719709045341671, 0.007618967725661127, 0.0076143637273143, 0.00751297870405045, 0.007546114318590549, 0.007466281971342928, 0.0073781809515755335, 0.00753489819788329]