Model Setup for Control Patient 9:
ITERS=2000
LEARNING_RATE=0.001
OPT_RESET=None
ATOL=1e-05
RTOL=1e-05
METHOD=dopri5
Input channels=2
Hidden channels=32
Output channels=2
Runtime=299.8168740272522
Optimizer=Adam (
Parameter Group 0
    amsgrad: False
    betas: (0.9, 0.999)
    capturable: False
    differentiable: False
    eps: 1e-08
    foreach: None
    fused: None
    lr: 0.001
    maximize: False
    weight_decay: 0
)Loss over time=[1.04904113930526, 1.0182566085730438, 0.9880874869568737, 0.9545521195970722, 0.9233043617293308, 0.8901198420004885, 0.8578787226175385, 0.8281589286144944, 0.8031842688073461, 0.7791763956292254, 0.7502529213639981, 0.7229571345402249, 0.6935205890853297, 0.6670104906076023, 0.6437721427888737, 0.6277010215646522, 0.6090921191416374, 0.58986202673201, 0.5702570786515139, 0.5531573359284919, 0.5403774174606482, 0.528633941253897, 0.5194642379524106, 0.51264887611749, 0.5063628191200785, 0.502144512049301, 0.49832045613690085, 0.49476909485651177, 0.4915350927459441, 0.4879691269497227, 0.48502591480453516, 0.4810185889931743, 0.4770330071119125, 0.4721842328428539, 0.4682121852426509, 0.46337342950798527, 0.458485427729399, 0.45422530908164, 0.4491812548725187, 0.44403109617560443, 0.4396614022082876, 0.43557276464754224, 0.4310601234770663, 0.42690087019307993, 0.42268074368394476, 0.4188270481883894, 0.414468830055783, 0.41076040231883565, 0.406996756706352, 0.403528485637055, 0.3996819831757225, 0.3959980003844684, 0.39244329701380354, 0.3886855333086952, 0.38543171656251224, 0.38239966319420327, 0.37891069621834633, 0.375869657539818, 0.37284934386024615, 0.36934433163224956, 0.3661396189263117, 0.3630780284739165, 0.3603394490544337, 0.35700849969164705, 0.3537986880421426, 0.35089600025455703, 0.3475798466152441, 0.344835848178449, 0.3421387012005934, 0.3392266931895292, 0.33659542880316806, 0.3338624284863727, 0.33116728184042593, 0.3286088218632488, 0.3257809695260916, 0.323215931517757, 0.3204103078758422, 0.31797798552036044, 0.31546005887163664, 0.3128556406255116, 0.3103503107889973, 0.3076244156131324, 0.3053884420181675, 0.3027009661399347, 0.30027272023231455, 0.2973805053220478, 0.29548010883226183, 0.29316225631029447, 0.2910996892486973, 0.28825303648668643, 0.2859918522422707, 0.28384859347396285, 0.28154094848263306, 0.27892935974982674, 0.2769313132494777, 0.27466561884427726, 0.27257854534404397, 0.27019464372658936, 0.26810930570035496, 0.26582003367854445, 0.2635696251330398, 0.2615750179491096, 0.25977285455330273, 0.2572284768979872, 0.2549318784752641, 0.25308627367553416, 0.25127946934086487, 0.24874298671847364, 0.24692097461395165, 0.24502120875206657, 0.24292302151664363, 0.24088902406759374, 0.23904347364652548, 0.23700558819015424, 0.23495837412189344, 0.23311337708840982, 0.23120716262387814, 0.2292987661841262, 0.22727474260025013, 0.22527064904821595, 0.2235769088282359, 0.2216017565391149, 0.2198392238007122, 0.2179481912235649, 0.2162421641927173, 0.21403533071705583, 0.21186908743270053, 0.21068093060017337, 0.20855863738073174, 0.207076665994654, 0.20486715636583644, 0.20356735254279312, 0.20174861881939876, 0.19969934176533835, 0.19797398776509637, 0.1964372885040961, 0.1943538355902154, 0.19275115189374992, 0.19112951245298088, 0.1895115417828337, 0.1877166446184473, 0.18611294451468716, 0.18443819743035184, 0.18257890168214533, 0.18094240410988424, 0.17948799475409574, 0.17749861542770742, 0.1762737332038258, 0.17430063248039865, 0.1729757514626872, 0.1715221131663593, 0.16969747321869022, 0.16811614716729134, 0.1665932143387589, 0.16494230556606634, 0.16366885668966638, 0.1617971980993187, 0.1604151881824941, 0.15899144705284163, 0.1574797988708154, 0.15620129530977073, 0.15473117301010406, 0.15282429871035463, 0.1516246052631177, 0.1503365256327633, 0.14885856651455356, 0.14755804223485838, 0.14606206389968054, 0.1446390218270698, 0.14365063831052105, 0.1418551140309724, 0.14056647796194177, 0.1394278605061546, 0.13785838967246733, 0.13686763974573965, 0.1353181759386226, 0.13387336113567622, 0.1328087143652865, 0.13156600315214823, 0.13010044327919662, 0.1288917036116484, 0.1277028058036465, 0.12683684313271976, 0.12447049129758393, 0.12347273000411331, 0.12216449340926755, 0.12141498739853995, 0.11957929037709841, 0.11861516434601885, 0.1175727560859474, 0.11580533502485955, 0.11494241763347172, 0.11374690589543514, 0.11206431919676621, 0.11126306016223292, 0.11039973248148915, 0.10932584330957512, 0.10724044177755884, 0.10715706029663923, 0.10536335900880162, 0.10474992022912274, 0.10344702940314711, 0.10266277925233767, 0.10139826158804807, 0.10028893790553854, 0.09961532131675464, 0.09835882827425153, 0.09716235501321081, 0.0963902707530214, 0.0960928073223576, 0.09476274050263767, 0.09415665782894284, 0.0931287274893558, 0.09250533452346509, 0.09196256399555218, 0.09142629891968546, 0.0906316165594573, 0.08887868681367493, 0.08872558354282495, 0.08873180891863379, 0.08859294479466297, 0.08666914653086007, 0.08622396628565686, 0.08641405112209963, 0.08489635835858339, 0.08437762731315587, 0.08355473362228051, 0.08288976607946133, 0.08244563379340991, 0.08200337871041657, 0.08253358330926197, 0.08233579314266591, 0.08043883574676376, 0.08019025445738143, 0.08077544671757104, 0.07934675638406052, 0.07838373577212991, 0.0780098603791244, 0.07757679854941364, 0.07709919170669523, 0.07695908960355925, 0.07711080373894665, 0.07597573254524383, 0.07559040465965337, 0.07520109881458725, 0.07470886551845217, 0.07422434275438416, 0.07393699592188156, 0.07347984438722562, 0.07318950887965842, 0.07391676908230674, 0.07213445733842927, 0.07335228176873822, 0.073050977217284, 0.07231139424228715, 0.07167196987521134, 0.0712311309340202, 0.07137610654867116, 0.0712815008308631, 0.07020564110005528, 0.07088942876871883, 0.0697385377349713, 0.06925383343164586, 0.0695814999476483, 0.06865528700462131, 0.06887447221589406, 0.06884343995340643, 0.0680999496029391, 0.06781437902511271, 0.06750993981091764, 0.06756332272651991, 0.06740259217567925, 0.06747780358621047, 0.06715341884557974, 0.0670699123858291, 0.06636900595514922, 0.0661545428492955, 0.06634520445724225, 0.06582703978245351, 0.06541748546959526, 0.06562080203719028, 0.06551627433158197, 0.06523981224292846, 0.06490528200597846, 0.06560644910209361, 0.0644485284382138, 0.06473655441603188, 0.06438854681287906, 0.06393550720307621, 0.06411132374279496, 0.06428019862080782, 0.0637465682762265, 0.06449167587968894, 0.06304396765182148, 0.06321603619580332, 0.06325572186160242, 0.06293142251157428, 0.06286334430295501, 0.06272497500413447, 0.06277989271222349, 0.062466063251480235, 0.06219400057631321, 0.06302395328657301, 0.06223318331355514, 0.062196204235666915, 0.062208793101241944, 0.06176429300757631, 0.06220217214297734, 0.06215327624472377, 0.0617890755670649, 0.061916839744066074, 0.06147421805682297, 0.06132737985437038, 0.06117820116885835, 0.061427128074361265, 0.06113934645914423, 0.061244623436160744, 0.061261349306288126, 0.06103861854956471, 0.06109418590250091, 0.06088512176330869, 0.060980419516952926, 0.060638020850744725, 0.06085626011231566, 0.06051373764640941, 0.06065160951031199, 0.060461443788068434, 0.060510050429213584, 0.060434723612903876, 0.060147242232597424, 0.06036383884778498, 0.060333592095340345, 0.06027727685970889, 0.0601533949594818, 0.06017097100802126, 0.06004135915685979, 0.05986808585021975, 0.06006244188913732, 0.06007938618763338, 0.05993796622898304, 0.059824856549310405, 0.0597971436201235, 0.059975334605921506, 0.06001659761796989, 0.05975507685601691, 0.059618148634416286, 0.059901682122815214, 0.05967945803761345, 0.05960650776835646, 0.05984641703434419, 0.05989043405810781, 0.05970071759797651, 0.059438381061031054, 0.05959872198044387, 0.0595668088688422, 0.05942441436712875, 0.05947654546292624, 0.05943108296980244, 0.05938304638170457, 0.059399118430125, 0.05923476177823342, 0.05928370228716364, 0.05919194856794532, 0.0599988978493877, 0.05926578088589522, 0.05913705819272126, 0.059240832063809507, 0.05916895573404541, 0.08169342478819713, 0.059061759808465036, 0.08521086467104844, 0.0590335881063874, 0.08364535796657405, 0.05899558490337024, 0.05959367592154752, 0.059033192286205544, 0.059076024228675666, 0.0594510988273258, 0.05937605448377927, 0.059094282713892825, 0.05948958481307083, 0.05911173799034879, 0.05908745023283645, 0.05900727573041233, 0.059114923726834044, 0.0589276462254087, 0.05904221182125668, 0.05909628998432894, 0.05893809520794155, 0.059088262687255005, 0.058912802265432725, 0.059100157003470245, 0.05894631530570287, 0.05892410075273642, 0.05886560047518558, 0.05907785567359552, 0.05888467243248427, 0.05889834333275595, 0.05884515006968512, 0.05893853965626701, 0.05888053357462359, 0.05914851668407101, 0.05867680649160372, 0.05956863913802071, 0.05862630904633515, 0.05858315733222532, 0.05866478518819342, 0.0591125176648677, 0.05861830207894976, 0.058590546429809966, 0.058564954757488866, 0.05891813254248424, 0.05982432940751765, 0.05860426127472769, 0.05852427288813968, 0.05861875785653956, 0.05851080249678533, 0.0585611701308456, 0.05859647952806115, 0.05846026603052128, 0.05887072447329677, 0.05902747749433141, 0.05894296546836375, 0.05885949203451346, 0.0586357477744629, 0.058874537611245066, 0.05839843145627919, 0.058880246374618535, 0.05831220270065926, 0.05848325192868935, 0.05852132622291873, 0.0584899976224742, 0.05872884891456276, 0.05838596155142307, 0.05830782063795031, 0.05845916112990093, 0.05884443946901472, 0.05836719219988962, 0.05956838612626241, 0.07178831609786944, 0.05823279552165503, 0.05828996541043403, 0.058762909679619564, 0.05836641983738955, 0.058270560914780244, 0.05839933030234692, 0.05835495190788413, 0.05832826606200574, 0.05829494722664628, 0.058204437241645375, 0.058203860354422196, 0.058250929156404, 0.05818598848031034, 0.05825306836774596, 0.05825773410176093, 0.058154729637991426, 0.05822432039313969, 0.058185621873886165, 0.0582024611631569, 0.058330257287104455, 0.058338931617657526, 0.05809565147286789, 0.05823168993277876, 0.05803735698794628, 0.05809563515196719, 0.05809215870790962, 0.058406940171336304, 0.05818382747403918, 0.05816551283411482, 0.05809361554471792, 0.057987574294820196, 0.05851601475123085, 0.058252790422543804, 0.05808893511715199, 0.058017875552009344, 0.05797942423762273, 0.05807048619582504, 0.071554852018417, 0.05798252716438927, 0.05799300358196426, 0.05793124241922234, 0.05809822328455176, 0.058012740349666234, 0.05796301029170305, 0.057973294081775026, 0.05808935878249721, 0.08290623435437866, 0.05796900381875759, 0.058178373973334294, 0.057918277810463395, 0.058055014442729064, 0.05797835037768588, 0.05810450447021503, 0.057949182944374907, 0.057953835011939445, 0.08271586133587146, 0.05801450130653258, 0.05788234564790484, 0.05808649202188814, 0.05802531016056884, 0.05904552626888929, 0.05818015144511388, 0.0581503993080642, 0.0579553956270586, 0.0580416280184457, 0.05806111516035233, 0.05799499848128085, 0.058056641812089464, 0.05811179444844617, 0.05794250940405187, 0.06022420455368371, 0.05791061952653292, 0.057932689131352584, 0.05794599799109597, 0.05806240241772734, 0.05792557805962482, 0.05806198443001818, 0.05860831968315806, 0.0578823000502621, 0.05785455411239177, 0.05796853423689743, 0.05801110287305617, 0.05805963009958195, 0.057908758095408124, 0.058085827939857, 0.05791890896306018, 0.05786049356582714, 0.05980152507668049, 0.057809013859150986, 0.05788621040230029, 0.05777422602832818, 0.0579334182038153, 0.05780135545624139, 0.057809398833919105, 0.057666391887634116, 0.057736333030436064, 0.057814390278214264, 0.05800928721341957, 0.057878684421084035, 0.05803509371332023, 0.05795356247655405, 0.057914271198763224, 0.057708950667558344, 0.057887039377158715, 0.05791060204569263, 0.05770491934963937, 0.057807625429904454, 0.05772613719252365, 0.05781865989918077, 0.05764297005733333, 0.057733923919199785, 0.057758488126138555, 0.05766937524751301, 0.05798253171150898, 0.0576827041206752, 0.05769387100067225, 0.05781430693406382, 0.05781695568456351, 0.05768849125495326, 0.05754111893628646, 0.05826622059279418, 0.05771009583051485, 0.05772466723312694, 0.057647282993513356, 0.057540049341486064, 0.05757201871591124, 0.05758142230518364, 0.057600795313556885, 0.05785195534030804, 0.057671156537681796, 0.05779730393288088, 0.05764920049233469, 0.05916871845142819, 0.05760807006765371, 0.0575632161989894, 0.05762451995141678, 0.05783065546465476, 0.05831464534584255, 0.05780087129973794, 0.05871574422243115, 0.05757984655234167, 0.05759832529886142, 0.059086571821196227, 0.05794478120501982, 0.05757442310310352, 0.05750735259626112, 0.057497486894322665, 0.05763234142641369, 0.05780684764735282, 0.05759171025580156, 0.057570342155207725, 0.05749622256605931, 0.057747247210087595, 0.05740785781060987, 0.057545726179068876, 0.05767814325884835, 0.057870498439398406, 0.05768082801620138, 0.05754776898350098, 0.05753881613298382, 0.057637836519232, 0.057456495068862905, 0.05766235894313125, 0.05753821776447254, 0.057447512695936995, 0.05749209686224985, 0.057450039221102485, 0.05743759884797612, 0.057426699052744314, 0.057435518119227584, 0.05742530566090839, 0.05742252695826542, 0.05741406987748452, 0.05741226203065135, 0.057414926467838946, 0.05741290266463785, 0.057408290709368925, 0.057404046009900504, 0.05739798285555123, 0.05739529896872455, 0.05738863451410485, 0.05738612450752028, 0.05737672163542498, 0.057378687671234115, 0.05737087626824759, 0.057360619260865935, 0.057374514200047536, 0.05737112214594023, 0.057377571346202985, 0.057374349539566986, 0.057372563802177236, 0.0573689457288671, 0.05736935558922969, 0.05740761679603215, 0.05780880174172696, 0.05750087716368443, 0.05755493476721336, 0.057413860900117714, 0.057295977293774364, 0.05734723048537402, 0.057351402674605506, 0.05733507184342805, 0.05745687735725407, 0.05744790285441715, 0.05736564528116151, 0.0573018678039217, 0.057661665854152444, 0.05952400532458214, 0.057385745087003, 0.057320219972372195, 0.05732615955830942, 0.05739183424990347, 0.057726641605351944, 0.05773837294401383, 0.05742814238424431, 0.057351138298236466, 0.057436214495966725, 0.0573561328978782, 0.057337711587494185, 0.057498742759401214, 0.057439311045494754, 0.05753299239973189, 0.05741778104548977, 0.05738761967009844, 0.0576610373066718, 0.05723596312868504, 0.05785452275685192, 0.057464882422542975, 0.05754757660711383, 0.05779650438084174, 0.05738547701478249, 0.05733802689227625, 0.057182901478064936, 0.05726590502183697, 0.05765316439286387, 0.05791034626370448, 0.057384795274147304, 0.057308196721876044, 0.057286938358803656, 0.05777153010409609, 0.05730887827702392, 0.05729468067131709, 0.057310187290605656, 0.057258180090067244, 0.057252021153112315, 0.05728570632577261, 0.057348467068697145, 0.05742089057252034, 0.057274818365132624, 0.057260467239905626, 0.0572627535451083, 0.0573803554147392, 0.05720578706824733, 0.05726246561347001, 0.05726440289554886, 0.057434573892348746, 0.05729448498355724, 0.05722307019267177, 0.057547694831057726, 0.05758037560880671, 0.05743166477419439, 0.05728338467118818, 0.05737628636576075, 0.09679062631436124, 0.05756315732811539, 0.057329941599182414, 0.05747287770566029, 0.05743131765383591, 0.05874549307761579, 0.057805049302551655, 0.05728225169311268, 0.05744672450455299, 0.05955450355757035, 0.05737866884923506, 0.05762964828617281, 0.05745203400933516, 0.05862007977029975, 0.057363973369778165, 0.05730654946993619, 0.05924787295802872, 0.05738053036391617, 0.05731649173373426, 0.05904683379463502, 0.05743620376078122, 0.057405304868120795, 0.05729218061216166, 0.057432897753421794, 0.057386787924789955, 0.057443770466760524, 0.05728314812165325, 0.057282197763006915, 0.0586598672236631, 0.05755734920690188, 0.057473968790548245, 0.05733726963106899, 0.057251873776537066, 0.057377706930337655, 0.057358159929195934, 0.05731055551908295, 0.05746361925445164, 0.057286343783368526, 0.05752869046690933, 0.05740588304202002, 0.057542181928755015, 0.05730114729795459, 0.05752751652475237, 0.05725415764588617, 0.057249206168001214, 0.05752741183076701, 0.057256471171133305, 0.05720543506068658, 0.05742571749096769, 0.05720390808230577, 0.05729552399837268, 0.057344391482890104, 0.05725906379117474, 0.0571940007046787, 0.05738180309150072, 0.05776369470630125, 0.05734560851650152, 0.05736881400342351, 0.05717714807579822, 0.0574615848039504, 0.05720891891502367, 0.05737193792931139, 0.05712261505446761, 0.05722508766694417, 0.05721142837325804, 0.05737047616132267, 0.05749491171254322, 0.05731313264938543, 0.057163600743209114, 0.05732382676950614, 0.057191965245407345, 0.0572146075991491, 0.05728708284671926, 0.05728198371149331, 0.05729203160238471, 0.05718990536334992, 0.057279953987052164, 0.057212774820586156, 0.05724793793882985, 0.05722103812419459, 0.057253383526549954, 0.05718459749106996, 0.05737585056915133, 0.057165894534985995, 0.05719567570774376, 0.0571562770321197, 0.05730833153082531, 0.057149590903723284, 0.05717209518306454, 0.057279476720064414, 0.057921187583727864, 0.057409230256955684, 0.05726237551687077, 0.05750282243773004, 0.05729585704627241, 0.0572237803273461, 0.05732208905960918, 0.057256271210271076, 0.05738145753854152, 0.060816251819310434, 0.0571007106368631, 0.05730170882779551, 0.05721211047275981, 0.057172475671915815, 0.057410928510641376, 0.05732484509268057, 0.05739599846841605, 0.05713288485355342, 0.05775026380642496, 0.05734385175488988, 0.05721164874611677, 0.05748602389073227, 0.057165684344713585, 0.05717034519105974, 0.07297160193962511, 0.057398412805166436, 0.057408397252019426, 0.05721054854571723, 0.05708762939977689, 0.057237838431904504, 0.0574231473373979, 0.06475814786402748, 0.057234491044586576, 0.057312991868947095, 0.05732872941828342, 0.05718505335970084, 0.057159641038965245, 0.057176456512805514, 0.05717959804386321, 0.057167832434539094, 0.05719491621743626, 0.0571188694758179, 0.05740004493751374, 0.057433653902176696, 0.057419082127380235, 0.05733794951507936, 0.05746954198874205, 0.05744391115811522, 0.057321364065516495, 0.05723931059736153, 0.057219779544349564, 0.06292984957655268, 0.057172709834830006, 0.05767963461957339, 0.05724988178845296, 0.057274502057353696, 0.0572791410133983, 0.057695482754441564, 0.05895894107501923, 0.057251667012379555, 0.057223860495129, 0.057148702651957366, 0.057268864712366134, 0.057249221836192014, 0.057470300087826165, 0.05747359993942678, 0.057305304900944855, 0.05739787277481787, 0.05723620768119108, 0.05716591540260545, 0.05744667443369171, 0.057397079949626235, 0.05711868227084649, 0.05724973054655788, 0.057223939243740765, 0.05714183111319823, 0.05718463346860754, 0.057197255965058987, 0.057093894312819374, 0.057290909225112346, 0.05727683423688719, 0.05720766257781089, 0.05716481954508878, 0.057203732172423034, 0.05723643284386734, 0.05714177671795244, 0.05708261810922121, 0.05922616727309831, 0.0571441984884628, 0.05719625051802112, 0.05760468446553558, 0.058218390403420424, 0.057220812586333984, 0.05726598059363071, 0.057239753620125115, 0.05747716875475169, 0.05713720898157519, 0.05722309329436986, 0.05735629947708396, 0.0572624756364462, 0.057229486404911725, 0.05720014778688984, 0.05747260369013971, 0.05739009233552872, 0.0572402898403891, 0.05718333543057046, 0.05707975246017783, 0.05738099858737728, 0.05717116090811644, 0.057198194056737824, 0.057434035700134216, 0.057181395353466585, 0.05727916625026228, 0.057134239893416254, 0.05703526366946887, 0.05715401845098737, 0.05719078037630913, 0.06282431712196691, 0.057515658672628804, 0.057026108801806696, 0.05708825550478234, 0.05709306086642152, 0.05726541162685795, 0.05708871926987283, 0.05721574074332605, 0.05721684431019757, 0.05722158830462832, 0.0570783362109899, 0.05747310619029396, 0.05712008367651949, 0.05706994319303982, 0.057139227770673505, 0.05721499466448312, 0.05733123264789539, 0.05933700120092074, 0.057252680945014414, 0.05745956932967309, 0.057074034126131185, 0.0570357661860125, 0.05713250292327109, 0.05705575583452955, 0.05717041993388514, 0.05732702696245362, 0.057104072073354016, 0.05708830993555338, 0.05721398566533789, 0.057001119916062166, 0.05701930473804824, 0.06682693195564435, 0.05867105475591632, 0.05711206575063266, 0.05721760048010867, 0.05722956987556105, 0.057097422490378996, 0.05724223186428933, 0.05718066375793078, 0.05712894175424992, 0.057362904312215184, 0.05721449755372999, 0.05708976631064953, 0.0570817435386119, 0.0570555106099027, 0.05708813308872232, 0.057154278389737634, 0.057251037512235724, 0.0574498001631658, 0.05716599714736373, 0.05709822232571049, 0.05734102831308115, 0.057227607682642345, 0.05716263514455791, 0.05707737033764821, 0.05704340038180866, 0.057050213136938456, 0.0571457644603766, 0.058939934725908756, 0.05737056162750745, 0.05709582840048622, 0.05731859112860363, 0.057307486644697286, 0.05715235946647568, 0.057128197345346625, 0.057344446422018976, 0.06007151522933398, 0.05702303432467633, 0.05712436472340319, 0.057153178552008195, 0.057074924610546814, 0.05711147098552691, 0.05704699359145048, 0.05720328935822067, 0.0574683198060266, 0.06517976448429579, 0.05730889207725733, 0.05715737707739816, 0.05735373496093801, 0.05717184748216178, 0.057093066133169626, 0.05712059960289324, 0.05706973023882189, 0.06089526529884308, 0.05725797738233525, 0.057153144978314585, 0.05718357479347833, 0.057480801635618146, 0.057234126443747035, 0.0570676015737517, 0.05709443473368894, 0.057090741264976846, 0.057083598657857344, 0.05703232452338975, 0.05706790643454826, 0.05732150709233085, 0.05939588421079067, 0.057049570329922146, 0.057246382907241516, 0.057098923888136026, 0.05714435408386822, 0.05717738159382447, 0.05706700122707789, 0.057190219278405834, 0.057135199523086884, 0.05702318851858491, 0.057792434514882605, 0.05704350072195676, 0.05713948365566501, 0.05708081100852019, 0.05705358411556276, 0.05710046977330614, 0.05711846558263893, 0.057128372429850846, 0.057099474839392594, 0.05710649805532822, 0.05706162074232121, 0.05705492637874305, 0.05706341951653638, 0.05711305294808744, 0.05709539691049923, 0.05724130098662516, 0.05735934369161632, 0.05699902525438641, 0.05716253930412955, 0.0571932768937425, 0.05756127764467829, 0.057080183995206514, 0.0572089637837514, 0.05701351315689221, 0.05725369813768766, 0.057294696334394685, 0.058798809398846734, 0.05708505329762441, 0.05714443281904136, 0.05704527077265944, 0.05701226933779791, 0.057062331174065346, 0.057172447821481835, 0.05700582437079766, 0.05718961755869199, 0.05705411582349822, 0.05700061952181952, 0.05705123448964434, 0.05702684229868044, 0.05708327835690748, 0.05707311669403461, 0.05708645263499132, 0.05714821410716613, 0.05748192501069545, 0.057147930797759726, 0.05719717267188202, 0.057034062352967325, 0.05726091200461876, 0.057059985814017715, 0.057159541149507095, 0.05719279385933798, 0.057302442757022544, 0.056969638053080224, 0.05701379474863222, 0.05698706534208986, 0.057043855496426626, 0.05782364281953686, 0.056980385209015647, 0.05703758104348682, 0.056996529157833146, 0.057087289351093945, 0.05820112377775533, 0.057041745017514245, 0.05699741989286158, 0.05701221940735177, 0.057018389279933586, 0.057017746200567966, 0.05712436081531146, 0.05710445423011494, 0.05697637979379237, 0.05709919294161729, 0.05732794579641776, 0.05698027069404703, 0.057282971475199514, 0.05722676861603171, 0.0571765342234591, 0.05800090601842473, 0.057018060635721256, 0.057019278726939376, 0.057023482416463205, 0.05701348695623268, 0.05726923504798416, 0.056970666373450767, 0.05735831868893744, 0.059854993082225486, 0.057149175519962875, 0.05714786835029137, 0.05703174531643926, 0.05705175993382649, 0.05702682063774267, 0.05706069928134221, 0.056955609537543576, 0.05705894057225152, 0.05728433164640843, 0.05713006787523054, 0.057171687175009506, 0.0569429228537357, 0.05703910847146993, 0.05701080805450168, 0.056962010852992864, 0.057143381709820036, 0.057044636472153055, 0.05790703972250137, 0.057036097299663684, 0.057034037807229154, 0.057211497858330886, 0.05725997210869224, 0.057680563633907035, 0.059133978695009984, 0.05699916331942099, 0.05698886723225172, 0.05704475381792122, 0.05741728898258189, 0.056950426350001096, 0.05721921611314787, 0.05703894942389434, 0.05705038893565861, 0.05694636664999286, 0.05698828540506844, 0.05856806797237291, 0.05859255905250031, 0.05711745203064297, 0.05712424004749315, 0.05704598274708967, 0.05718563690383598, 0.05709995698359065, 0.05705912714143035, 0.05696167836945631, 0.057089064237647855, 0.0572307203491057, 0.05712915085695995, 0.05702029647006119, 0.05700518245173445, 0.057065795570858974, 0.057105674820796336, 0.056973000165193494, 0.05714774327248824, 0.05705652962380767, 0.057042302994832955, 0.05700133490538297, 0.05723178933134376, 0.05697548643706576, 0.05699118094186015, 0.056984319047399645, 0.05709021584908474, 0.057287236222668625, 0.057536972638636545, 0.05691187912189719, 0.05707530985049781, 0.05709803158638826, 0.057123497531613165, 0.05693383051966398, 0.05720964316398913, 0.057108894650754076, 0.05696653916647873, 0.06013060509363035, 0.057186205870541136, 0.057298730782642165, 0.05708490279941755, 0.05697868779607201, 0.05713805006568677, 0.05705951743181543, 0.05698960523269719, 0.057075813290126114, 0.0600964857336774, 0.0570435209562059, 0.05715119107606353, 0.05700771971086794, 0.056978153128509686, 0.057049650566951104, 0.0571858862463615, 0.0571171156220514, 0.05709091752615705, 0.05701676159049067, 0.05697941424873605, 0.056935889254318695, 0.05700640195052082, 0.05749480957259984, 0.05708226006978307, 0.05697585173541014, 0.056974326333465865, 0.057216795597586086, 0.05716786019149807, 0.05728109228267509, 0.05700405120302636, 0.05699660298181921, 0.057345023139867494, 0.05694132359549678, 0.05854273251263848, 0.05710408909312699, 0.05720105496167324, 0.057136171395149905, 0.05717782746687543, 0.05755998422798426, 0.057608060982015916, 0.056987242220224686, 0.057221513848927645, 0.057038348795552564, 0.0570874704588074, 0.05713889011793862, 0.05709098278332853, 0.05706982753850609, 0.05712982286523347, 0.05717195602137108, 0.05729795824434583, 0.05702871173822102, 0.056998313585188476, 0.0571147427050823, 0.05711002438558488, 0.05702696626839863, 0.05712536397205698, 0.05718111924843083, 0.057132107259957474, 0.0571354097317712, 0.057228152866222536, 0.05713348194008079, 0.056934225161433476, 0.05698053347986499, 0.05711899300097833, 0.05712975164722655, 0.057170403386563894, 0.05701429335880192, 0.05696118872707045, 0.05694870048624659, 0.05702727480199146, 0.05696539670939071, 0.057010297610039146, 0.05727640765372988, 0.056975862500381405, 0.05691648628219414, 0.05701425550303016, 0.05696014531381454, 0.05697820830729923, 0.05695686883029524, 0.05693964212757478, 0.05686457826916214, 0.05695235169403647, 0.05694521627870174, 0.057231305432201125, 0.056994803011396374, 0.057359144316532336, 0.05728728228565694, 0.05700906706540343, 0.05697197366700412, 0.05723485242590527, 0.056925106751360845, 0.056939938969049114, 0.057042871099576266, 0.057504568802305873, 0.05689577977388347, 0.057088375845008636, 0.057073342657270626, 0.05702292341402679, 0.057025076866687605, 0.05691373460824403, 0.05696575635315204, 0.0570296478255448, 0.05695317536958228, 0.05692912994488119, 0.056915648954024504, 0.05726526986956159, 0.05689271487818357, 0.056905815542393094, 0.056920863740955646, 0.05702896512710615, 0.05706568417964086, 0.057086626568078565, 0.05691776953413088, 0.05717736071306916, 0.05693911956485841, 0.056881937015074796, 0.05695399502908707, 0.05690764189961083, 0.057025461747652724, 0.05686615504285943, 0.05709592083060955, 0.057255820056282956, 0.05701931579935537, 0.056975600092448245, 0.05691057824750207, 0.056988033692582096, 0.05719296044680535, 0.10417286865260644, 0.056892471805597096, 0.057057237037106606, 0.05710461196375525, 0.057005780148963174, 0.05714077272981391, 0.05724451673296726, 0.05710947631936655, 0.05722393889497443, 0.06876512680173098, 0.05697858619300738, 0.057008850481816815, 0.05740655022176115, 0.057239288087593244, 0.05724053571778476, 0.057235600036727854, 0.05706016246486461, 0.05711056346333492, 0.05709922878147105, 0.05703370979769404, 0.05720682542922635, 0.05708397619459007, 0.057080935550145415, 0.05705552283561648, 0.057025154021387366, 0.057027582174590204, 0.05703309906812766, 0.05693050709096082, 0.05702554862878733, 0.05774873112947159, 0.05694071276032489, 0.06912509349132259, 0.05696623676084289, 0.05701267802493098, 0.05692451830888832, 0.056971108958349274, 0.0569452994315159, 0.057115364111384806, 0.05693913884450585, 0.05687014336192741, 0.05685867060589693, 0.056904636000527926, 0.05703426940806566, 0.05698195551029412, 0.0570110037483299, 0.05702490265912553, 0.05710357758616386, 0.056821139359379706, 0.05685527006596013, 0.06641975552622587, 0.06992208570879689, 0.056963897106072574, 0.07158168014067512, 0.07820823933294886, 0.07238779000266264, 0.0613919345334735, 0.057207646800565476, 0.057303640210023314, 0.05799623845280036, 0.057798599186499884, 0.05772574635542683, 0.058089054380738685, 0.057531820439122194, 0.06586299623229842, 0.05801523746273249, 0.058076489160185325, 0.05772490523079404, 0.058193811133510985, 0.05823426773521672, 0.05779605624693935, 0.05734318745536468, 0.057265877419837345, 0.0579126355708768, 0.05742414545935371, 0.05745698194534866, 0.05725820187082715, 0.05764261206346907, 0.05741293731804952, 0.05699669287083434, 0.05696592893718915, 0.05702182090420771, 0.05721683275077209, 0.05715714849076176, 0.05697017887778744, 0.05692893895917675, 0.057029698992244963, 0.06723586306812121, 0.06999792605254028, 0.056990524957083254, 0.05680876700973172, 0.057104103028137114, 0.05698602534136977, 0.05706089697678395, 0.056994252557065875, 0.05694941957685661, 0.05702523999824893, 0.06857314572350581, 0.05697933677023213, 0.060432207320291635, 0.05703366508112373, 0.05714193314525156, 0.056977891849664536, 0.0572519697317053, 0.05698743434489653, 0.05738847867024836, 0.05718836313310054, 0.05717255704209254, 0.0569975670818152, 0.05736567001348713, 0.05696339173664509, 0.05714216741485463, 0.05705001968942978, 0.05688612528332007, 0.056933267990667495, 0.056751704391208684, 0.0567192507271775, 0.05680562224265475, 0.056782585420877225, 0.05703530508825839, 0.05679099808871884, 0.0569125295107274, 0.05686202008503672, 0.06589086690906444, 0.05682059925417742, 0.05676293740666308, 0.05678974462906081, 0.05711078509789385, 0.05670434623308689, 0.056737678790448005, 0.05687772624736524, 0.05679279093587182, 0.05670267051531892, 0.05686035530219296, 0.056749573683020076, 0.06863667444123994, 0.05674662642705268, 0.06427735854603871, 0.05668001076322779, 0.05706842520283368, 0.05691274183015778, 0.056861095004550236, 0.056936806920690246, 0.056785816222942764, 0.05693447863133272, 0.05706074872435401, 0.05690180927401581, 0.05710665695481283, 0.0566965599221874, 0.056733200691047474, 0.05667892352027075, 0.05672115669542741, 0.056799758303081864, 0.05705234728993136, 0.0636991079397981, 0.05687180927237831, 0.056741968644745205, 0.05684549811415089, 0.06342613880543593, 0.05674818011528826, 0.056802452808836494, 0.05673423295124798, 0.06076028697077521, 0.05674607172091353, 0.056923659779211995, 0.056757432466258854, 0.0566354339008916, 0.05675408018380894, 0.0567144082152307, 0.056632688892059906, 0.05667607929144201, 0.056701053900621294, 0.0566576159340575, 0.05674931298708954, 0.05713854630321846, 0.056688754846049697, 0.056628545958716664, 0.05661071681328229, 0.05674204853345171, 0.05659681700793476, 0.057032954187205755, 0.05664602675471995, 0.056577320571671, 0.056579800855993484, 0.05666876368863516, 0.056530852635494906, 0.056522243116724644, 0.056606961688587365, 0.05645928453307676, 0.05645465747779506, 0.056532321578474654, 0.05649490562861441, 0.05653613107907836, 0.05651190000530703, 0.056458074165885996, 0.05649376676882311, 0.056519634238079194, 0.05660965610029201, 0.05651953895034762, 0.05661586591946579, 0.05658419543417876, 0.056400351637761824, 0.056442610008302356, 0.05642285131389759, 0.056646161253504676, 0.05640599908471979, 0.05635577425291239, 0.05647208792855851, 0.05641297219254004, 0.056382346428793334, 0.05649319527367174, 0.05641624319487192, 0.05728991695841605, 0.05636763434224699, 0.05637002103016465, 0.05648844538932425, 0.056430912830319445, 0.061448875217694515, 0.05741538795127274, 0.05684900188598903, 0.05628435533439544, 0.05638700920115505, 0.056479225169016024, 0.056388651333801304, 0.05649404046549436, 0.05638452447418736, 0.05638947700442342, 0.056335422405341166, 0.05661163569823388, 0.05664929394825331, 0.056327889972037054, 0.056502549390254335, 0.05632460122250169, 0.05624658289450837, 0.05623838924246249, 0.056294719864510616, 0.05625194134096409, 0.05624444896742804, 0.05619398092268992, 0.05628242541170613, 0.05622010340315464, 0.05622518786387602, 0.056027492640927545, 0.05623314902763407, 0.05621502687367561, 0.0562439439234468, 0.05614872189457096, 0.056337123464701655, 0.056500046105901265, 0.056184244821904046, 0.05617837463725957, 0.056269268987199854, 0.056169785085446115, 0.05745389827133214, 0.05611170501908218, 0.056145182038402845, 0.05611053983269909, 0.056082004123067304, 0.056059960670116094, 0.056083655966794495, 0.0561932534086974, 0.05649310039401254, 0.056029902781694334, 0.055985377508850756, 0.05601476906438077, 0.0563760633357635, 0.055986341128404456, 0.05622276166839058, 0.05597021937684856, 0.05610731953000558, 0.05594341863925141, 0.05600766791256271, 0.055911275211199034, 0.05641313849381166, 0.055914691285148095, 0.05588632180131184, 0.05592889081191894, 0.05597585758587084, 0.0559426346652717, 0.055861097842385396, 0.05596202628315505, 0.055825480972642505, 0.05584542014133295, 0.05581309786992912, 0.05582404303191098, 0.05592374785932184, 0.05583836989976834, 0.05577514393437874, 0.055808650312904134, 0.05586025509080135, 0.05582309132377365, 0.055828734997888985, 0.055767831331405976, 0.05706115870600203, 0.055681964810957024, 0.05575826973349678, 0.05975820238166177, 0.055736869929197845, 0.055917929165662954, 0.055707509432748804, 0.05615583498218329, 0.056131673900422625, 0.05607729474582088, 0.05604992527651094, 0.055850814435357395, 0.0555929909187538, 0.05559833623023711, 0.05553568495764837, 0.055702200349163046, 0.055632048587976636, 0.0555586920062505, 0.05556379209403988, 0.055529242338690325, 0.05549038338329235, 0.05546475630665162, 0.06321260847732059, 0.0554870774377657, 0.055375471424914814, 0.055523142229804014, 0.05534651384887787, 0.05575744295639872, 0.055353407321006576, 0.055455252252647046, 0.05529550424598666, 0.05541842498629191, 0.05540289228911284, 0.05539622651926637, 0.055303784616934075, 0.055360209443332815, 0.05521374521779212, 0.05505551348132063, 0.05532543019228722, 0.05511696029762813, 0.05520942860994355, 0.05524764949419885, 0.05527786417517424, 0.05517252538944923, 0.05512341334529616, 0.05516807283024509, 0.05516130495560303, 0.05510031050138229, 0.05503566423405641, 0.05496495664102105, 0.05496470642259552, 0.055098243236503634, 0.05489424746768174, 0.05495032594283859, 0.05501334436756186, 0.05496041722490375, 0.05487579749928087, 0.05482088064440715, 0.05510933564261169, 0.054714054415568224, 0.05471289773803203, 0.054677773632974214, 0.05464703140159589, 0.054944330411420265, 0.055224301612543325, 0.05468528049671843, 0.05469342530076237, 0.054573909175414916, 0.054596473912549744, 0.054501209226288164, 0.05450564567375494, 0.05454264325207945, 0.05454961748725398, 0.054381269878312294, 0.054403487116289395, 0.0543285963029615, 0.054424961953192665, 0.05432710628303696, 0.05438491718607755, 0.05435200037786389, 0.054235660587255305, 0.054345165181368914, 0.05415487522610278, 0.054361293712679594, 0.054112302140961036, 0.05423253272294197, 0.05415321612859198, 0.05406289611608555, 0.05410154229493061, 0.05433818399319519, 0.05387543736088351, 0.05384265767369008, 0.054052698309676184, 0.05386889472226015, 0.053797854772426136, 0.05387322332157826, 0.053878712611056215, 0.05387889428776483, 0.05361206670040599, 0.0536350519433842, 0.053515636978867735, 0.05356936763645915, 0.05381878294672691, 0.05356005483906378, 0.053681015165433534, 0.053661599335448125, 0.05369179629753596, 0.053538441623210836, 0.05335375213972327, 0.05346359978056045, 0.053375862480616716, 0.05334878136796017, 0.053397837090296794, 0.05321135025034025, 0.05306683178314176, 0.052983753543520466, 0.052971625751385816, 0.05297627501192012, 0.052808814017569185, 0.05293878812926289, 0.053187242528233813, 0.05271745628460744, 0.052863000392350104, 0.052939539035963115, 0.052859884543008565, 0.052773879627648415, 0.05273592264174041, 0.05245496099415974, 0.05253162627502828, 0.05297092592790444, 0.052691212560289184, 0.05219033704482163, 0.052372802286256584, 0.052474194395015064, 0.052204279162849664, 0.052143390693397525, 0.052190488773370555, 0.052229333876313525, 0.052023631324737064, 0.052025725637830984, 0.05196683391291397, 0.05222661403949689, 0.05166882377949913, 0.05213141416239733, 0.05192300490904116, 0.05171203198321658, 0.051542116793471364, 0.05195485751757787, 0.05172423916651104, 0.051839591977675514, 0.05156802638710995, 0.05139648493694495, 0.0510664942872677, 0.051339181524950026, 0.051473943681254755, 0.05107284590345873, 0.05089955252560945, 0.050912534726350316, 0.05107601680864388, 0.05080658004898351, 0.050994360384572654, 0.05046426437766958, 0.0509651100357092, 0.05054472792178013, 0.05059751573194069, 0.05038425007703844, 0.050236281635221695, 0.050604685686235856, 0.050549069856391154, 0.049935424599901884, 0.05000331111792155, 0.05007741172295745, 0.04990300483607095, 0.049758268040533855, 0.0499429257543345, 0.0497930444883305, 0.0496547581418249, 0.04988274181881975, 0.04913598235441368, 0.049059031746158936, 0.04923161106620643, 0.04911669165666808, 0.04871152406195594, 0.048830072936838415, 0.048705029375578975, 0.0486140081201264, 0.048257704864086294, 0.04853481562781392, 0.048721206051422224, 0.048648920974837834, 0.04853620467551143, 0.04798545969815193, 0.04780877437678389, 0.0477979974947172, 0.04823468558917648, 0.04756870875445741, 0.04790790758467491, 0.047518796810535543, 0.04766167295310111, 0.04765966473196748, 0.047246272590776094, 0.047238147644972694, 0.04694270559738845, 0.04712571676714497, 0.04656428448303687, 0.04636751844551252, 0.046780128792774954, 0.04659586660696131, 0.046000320469654916, 0.045980800436590114, 0.04608810311577534, 0.045810355085671994, 0.046079142154425566, 0.045750455820330244, 0.04531343823795462, 0.04552860002262866, 0.045364048039712626, 0.0448629789804753, 0.04486753661551679, 0.044531292562783126, 0.04470895865347845, 0.04475997146829487, 0.04423874833955475, 0.044510076640843166, 0.044122260742455, 0.04412583034069943, 0.04356045612791731, 0.04341242720839651, 0.0431052518987604, 0.04330769751574461, 0.042883003493487074, 0.04273102542291043, 0.04263011602680924, 0.04211219317726074, 0.04221322815288544, 0.04207175622860357, 0.042207787960227665, 0.04182859030379485, 0.041939275342732805, 0.04107175158107025, 0.041229936700907945, 0.04084398064016616, 0.040583552505940465, 0.040449675794438436, 0.04016016968674684, 0.040731397379127066, 0.04025303919954966, 0.03995715862443122, 0.03976563660274207, 0.039811359158325586, 0.03954805777538557, 0.03964230185236167, 0.03904552868796249, 0.03888725440057254, 0.038867703720261985, 0.03842432313408484, 0.0381868319161649, 0.038206631503501315, 0.03825771056180258, 0.037937082130973306, 0.038160301996451526, 0.03756581273570898, 0.03726851643256594, 0.03740710110006653, 0.03708128587453677, 0.03693622728079889, 0.036893489361355565, 0.036825766452414595, 0.03674330167251035, 0.03643950085152053, 0.03660994625268698, 0.03629371317938387, 0.036088719647265545, 0.035843133078417425, 0.03587540910975903, 0.035668046990202935, 0.03594421490335693, 0.03546093372755394, 0.03534542030002627, 0.035637253975713906, 0.03504475628971664, 0.035014041624485535, 0.03489908599280781, 0.034830650882116634, 0.0346875275113587, 0.03445007986734469, 0.03446592412843142, 0.03438447102614955, 0.03440593191049464, 0.034083262702210494, 0.03394501576663784, 0.03381915195130442, 0.03362188775623951, 0.03362837092791358, 0.033648290799407794, 0.03381259882819932, 0.03374105961635976, 0.03335243601852718, 0.03325192914543843, 0.033158104194851955, 0.033183046847927784, 0.03304078525036518, 0.03284101353519715, 0.03285480276537389, 0.033022810270239365, 0.0326279528913977, 0.032465114602892906, 0.03242277677790093, 0.032464920554880525, 0.032273818782293136, 0.03234007176059006, 0.03263564243807946, 0.03207653603350026, 0.03236597451199537, 0.032129401579603006, 0.031822173316889836, 0.03194073608965138, 0.031714098519479275, 0.03194951986263444, 0.03166724422406643, 0.03154337580870498, 0.03148894910938158, 0.031336253654042544, 0.03159166497550974, 0.03182106777001482, 0.031180577618088456, 0.03172188884830049, 0.031453686401674924, 0.03133900144208606, 0.031093134138341548, 0.031322174605821575, 0.03087146573035652, 0.03135920407141963, 0.031674715289827314, 0.030714767090426694, 0.03068716704530094, 0.030692769275048618, 0.030584189535604614, 0.031004804643364137, 0.030487080872198816, 0.03045801401644044, 0.03094034135821768, 0.030521627827623642, 0.03032069193844726, 0.030421590121545664, 0.03048985210408646, 0.030232189380771525, 0.030279355474957123, 0.03021872594409357, 0.030095472986384538, 0.029881353553753674, 0.030074267460328985, 0.030782509360628308, 0.029952552895178272, 0.030673816249229654, 0.030277298823032792, 0.0299850181310252, 0.029759452573260604, 0.029821612441706957, 0.029745689916080894, 0.02964570571407419, 0.029569533769160026, 0.02944183942067607, 0.030377157810124476, 0.02991381022016959, 0.029974008221739876, 0.029435494430571786, 0.029526801880084753, 0.02951714856058577, 0.029176904037440735, 0.029411187817118337, 0.029344547925929356, 0.029347641337330133, 0.029099904089316467, 0.029033523499070058, 0.029320534813695856, 0.02917093093419334, 0.02932572178245045, 0.029070422837670928, 0.02930190515254042, 0.02916401338811362, 0.02927681987289381, 0.02935336816452316, 0.029043522826578936, 0.02933030566549952, 0.028883802783497173, 0.02892462457138932, 0.028993448051672945, 0.028807420910519185, 0.028985089631722128, 0.028825349408379927, 0.028694224185509386, 0.02892011843886877, 0.028611514401760397, 0.02880137523186185, 0.028521636729803266, 0.028725325860153774, 0.028806266757570264, 0.0287098386004362, 0.028769691402724507, 0.02868879186274055, 0.028630493910041657, 0.028632173816217098, 0.028488831120402527, 0.02855624593731136, 0.028446639246864514, 0.028505990267405246, 0.028424078384417142, 0.028416075592087073, 0.028460766408879925]