Model Setup for Control Patient 11:
ITERS=2000
LEARNING_RATE=0.001
OPT_RESET=None
ATOL=1e-05
RTOL=1e-05
METHOD=dopri5
Input channels=2
Hidden channels=32
Output channels=2
Runtime=315.0179190635681
Optimizer=Adam (
Parameter Group 0
    amsgrad: False
    betas: (0.9, 0.999)
    capturable: False
    differentiable: False
    eps: 1e-08
    foreach: None
    fused: None
    lr: 0.001
    maximize: False
    weight_decay: 0
)Loss over time=[2.031766311307622, 1.9935642392624677, 1.954693528728383, 1.9265872964320274, 1.8837435996933556, 1.8470560838582095, 1.812626021878949, 1.7774113942414551, 1.745489522833219, 1.7029594056835529, 1.6656386021194636, 1.6279835545825294, 1.589200599270863, 1.5524007920202256, 1.5138512715965378, 1.4715836290228224, 1.4347111629464677, 1.3965948587808277, 1.3600222349143183, 1.3295933101854622, 1.289823324586439, 1.2586269555055278, 1.225610800776947, 1.1931774726722828, 1.1635734361223993, 1.1315320071945083, 1.1027724680226152, 1.074990609354427, 1.0496680845380384, 1.0239926969588566, 0.9981243853233845, 0.973870105093603, 0.9502042798719809, 0.9270115708215007, 0.9020718176407617, 0.8815546082902684, 0.8651424597474644, 0.844648300471631, 0.8292280160443248, 0.813713956960628, 0.7999691465448481, 0.7880525692280439, 0.7766677199750928, 0.7665744631200737, 0.7585972625379154, 0.7530443225571678, 0.7447108810172459, 0.7394343979953697, 0.7349013682131331, 0.7293894938584358, 0.7251942269616538, 0.7206676246913086, 0.7148205873651151, 0.7104803992345272, 0.7051089203083349, 0.6999243441653608, 0.6934326697680612, 0.6882734662697666, 0.6824494951257839, 0.6767695833885685, 0.67137751821068, 0.6655957385434724, 0.6582101425889678, 0.6528605076667348, 0.6475158927650255, 0.6416169725121811, 0.6356368504436426, 0.6313658029045398, 0.6241919543128297, 0.6191747785747543, 0.6144595738955304, 0.6089669935735988, 0.6031651753346862, 0.5992913842412334, 0.5932859048456119, 0.588786320930764, 0.5833095027351175, 0.5775503929810497, 0.5733255680456553, 0.5679456087328467, 0.5623801056774601, 0.5583169913284524, 0.5530790877074949, 0.5479808550095854, 0.5428955460227862, 0.5382188411871718, 0.5332042848275595, 0.5279761106420049, 0.5231505173322291, 0.5187895673152488, 0.5142132926813516, 0.5098319491535667, 0.5049565812772029, 0.5004820367597459, 0.495848366742365, 0.4913785172004514, 0.48660156561013124, 0.4823906395737465, 0.4784356929839996, 0.47331490314086594, 0.4694434708034698, 0.4652774392239216, 0.4607667337732268, 0.4565142148812806, 0.45189942847592673, 0.4481210212060864, 0.4440926946492187, 0.44028733102391304, 0.436257179587569, 0.43186959615994397, 0.42865617990952903, 0.42449574789438055, 0.4207310584734024, 0.41879445148019223, 0.413726667996959, 0.40960656334159, 0.405666535063626, 0.4028148479302212, 0.39892192523339104, 0.3954908948441028, 0.39162079089855534, 0.38844966320474067, 0.3847874412163032, 0.38189971492797953, 0.37917740857202364, 0.3757235235195161, 0.37261125706051684, 0.3695966043505564, 0.36664058384779585, 0.36439356190946187, 0.3615051431518355, 0.35831329557969743, 0.35540886131797705, 0.35267447957942344, 0.35014923220816435, 0.34749534382578057, 0.3450502722080721, 0.3423329769117458, 0.3399144834076276, 0.33760784578483527, 0.33535393170038574, 0.3327504021329935, 0.330399434012486, 0.3285712794077878, 0.325956153287262, 0.32369077183122236, 0.32179071545442656, 0.3193732597794094, 0.317408392557622, 0.31551386758218597, 0.3131946894667859, 0.31134809935419483, 0.30935966621235417, 0.3072437548946992, 0.30534440833909443, 0.30351509709719243, 0.3013881206853612, 0.2993355449525316, 0.29823244402694987, 0.29610668701410464, 0.2941758363515936, 0.29243382549855834, 0.29077749444165774, 0.28886247446378943, 0.28697550750782386, 0.2853688642617, 0.28361522731781313, 0.28209996124664816, 0.2803637986636851, 0.2788497158688337, 0.2771392560476111, 0.2754398080248039, 0.2738044843222963, 0.27259472919049177, 0.27077566698679106, 0.269091831858151, 0.2676689506831545, 0.26633321427438833, 0.2647801704256865, 0.2635088012116611, 0.26208532513546373, 0.26043461920092703, 0.25906727176171523, 0.2575657395110151, 0.25603390159229045, 0.25478462112113326, 0.25316717462528626, 0.2519166538301073, 0.25035277707166503, 0.2493896422507113, 0.24786862125420187, 0.246241232223675, 0.2451557197494991, 0.2440089941599634, 0.24247454359075765, 0.24146970807863255, 0.24010870727081127, 0.2391957140800126, 0.23739820541998694, 0.23638576984037796, 0.2348850947553144, 0.23402696149218416, 0.23279333059594975, 0.23137305950135015, 0.23035430666477924, 0.22902741416988637, 0.2276421204813958, 0.22706406141470106, 0.22548288176420572, 0.2248395243956274, 0.22347745829648263, 0.22175397671636413, 0.2207397272091134, 0.21944418418721964, 0.21891742849487086, 0.2177844617635042, 0.21613348832574852, 0.2151697777154, 0.21407269820007355, 0.21299437823696363, 0.21219696393784518, 0.2106553606283504, 0.20966591499153947, 0.20896472160966778, 0.20745247837034195, 0.20665011352749135, 0.20548768966822523, 0.20451835113762495, 0.20383594814226838, 0.20230204847878347, 0.20124629889390303, 0.19977317092057847, 0.1991713107184627, 0.1983108085656598, 0.19755018424575968, 0.19629268423589688, 0.19588187594667386, 0.1942237817920246, 0.19330492199493685, 0.1923213198339619, 0.1915744451528834, 0.19033144299572077, 0.18943301782411381, 0.18916157316183882, 0.18738218392687978, 0.18646181246411347, 0.18612170600676395, 0.18457790953400738, 0.18381986874576597, 0.18279775981245036, 0.1820341599021291, 0.18127713487835048, 0.1799635121616393, 0.17932326542298602, 0.17812931841266424, 0.17762459976633732, 0.17595226732147076, 0.17570668266917247, 0.1742660622096694, 0.17337682858937492, 0.1726172989729055, 0.17149978522229045, 0.1705909632511716, 0.17012240918092322, 0.16912480535121996, 0.16817033193239359, 0.16717798130131215, 0.16618018835068113, 0.16527114046526983, 0.16445520706518144, 0.16352050244998242, 0.16304167258856647, 0.1617193751490006, 0.16110950952376768, 0.16009950681904953, 0.15949688961878994, 0.15845442967492937, 0.15751573199205396, 0.15681974159613693, 0.15588997337123264, 0.15502660588047565, 0.1540849551572937, 0.15332576023292946, 0.15259169120406113, 0.15155137912401326, 0.15070237747149504, 0.15017806852862597, 0.1490373345623792, 0.1482175983295596, 0.1475457270238478, 0.14650646264430287, 0.14577144339746934, 0.14504523063871996, 0.14414303847856552, 0.14351518985688802, 0.1426722907730318, 0.1417574088140129, 0.14088694710194927, 0.14022450733825267, 0.13929504292643738, 0.138506335477566, 0.13774560405669167, 0.13687305752934706, 0.13615057599344083, 0.13520187794570368, 0.13453823832895484, 0.1338790750042621, 0.13293409383803576, 0.1320589392633605, 0.13159119328827965, 0.13086944999276243, 0.12982652167873818, 0.12894508845298047, 0.12818262568613814, 0.12757461188538907, 0.12683625168776813, 0.12615142260057907, 0.12521324841643175, 0.12455371601167532, 0.12382000736864905, 0.12317225133259962, 0.12236815749338921, 0.12142455185707224, 0.1211286097903444, 0.1201778770977236, 0.11955077503481487, 0.11875756279505029, 0.11805640652053183, 0.11737117038065675, 0.11647858438660132, 0.1158208194027839, 0.115201596010894, 0.11441201246825189, 0.11391413266316527, 0.11304633657169721, 0.11214455564271525, 0.11165736844612278, 0.1108965792847464, 0.1101945271340707, 0.10978112719900922, 0.10884493000977877, 0.1082226623473912, 0.10769818521633656, 0.10685938935506889, 0.10629209246713532, 0.1057110250188321, 0.10507717022663475, 0.10453310082135604, 0.10389644333887045, 0.10322903468577302, 0.1027549847255787, 0.1018574191160735, 0.10146703951773423, 0.10086443639952704, 0.10016833819818395, 0.09967178741158134, 0.0989933849533445, 0.09842676946883801, 0.09799338848137112, 0.0971506156523695, 0.09675723747169564, 0.09632889954060081, 0.09571237109572853, 0.09518047765453783, 0.09466697575350524, 0.09408445637650621, 0.09342351185520004, 0.09301538922080298, 0.09249674216260456, 0.09200735452008856, 0.09145983323918304, 0.090957141207261, 0.09045714384767253, 0.09017122284939892, 0.08949077321713418, 0.08911516364393351, 0.08861839735518175, 0.08808650220807492, 0.08750682946321052, 0.0873759793345698, 0.08663233427775331, 0.08627026978964004, 0.0858035956439927, 0.08590127739939235, 0.08492460202602833, 0.08491211459225498, 0.0841379368479901, 0.08371010267042904, 0.08315467496829407, 0.08262353785832227, 0.08243286000451273, 0.08210639732271292, 0.08184243509903268, 0.08107848725081736, 0.08076978835496547, 0.08038216736702287, 0.07997431541501646, 0.07959627550274728, 0.0792508139424259, 0.0787986948735871, 0.07845664963937599, 0.07808922186327184, 0.07767582480689732, 0.07737301774058555, 0.07702990477163313, 0.07662817019219993, 0.07628421551222753, 0.07595869484031942, 0.07562110218655314, 0.07527163687005246, 0.07496414007749262, 0.07469299094322251, 0.07446191465089753, 0.07422486311068165, 0.07377495790275032, 0.07348537932589118, 0.07320250751191086, 0.07279517824187859, 0.07246509705443188, 0.07218757379250872, 0.07187657170007919, 0.07161241786014859, 0.07130390961519674, 0.07104678032197066, 0.07075791383956277, 0.07044287002384002, 0.07039943423794719, 0.06994524700472915, 0.0696866870001096, 0.0695436784198868, 0.06910280636029426, 0.06885151398436601, 0.06859676588882696, 0.06847669939882964, 0.06810322105101746, 0.06792483998720009, 0.06775039979532096, 0.06727059976892649, 0.06702485321808, 0.06708305463500742, 0.06665774349356984, 0.06642308332337084, 0.06612008427025341, 0.06593910322783532, 0.0658786047133782, 0.06551249038377449, 0.06532532402115715, 0.06508109440398688, 0.0647792512189861, 0.06453795338495508, 0.06435207599585765, 0.06439665699657, 0.06409292119975993, 0.0637376370275721, 0.06356132789850587, 0.06331690556374021, 0.06313195475274029, 0.06290412667986679, 0.06273404369774184, 0.06264435162246061, 0.0623091536041331, 0.062066303542815345, 0.06195330071498843, 0.061803998055137456, 0.061786862939256434, 0.06145970454912735, 0.06117575654100655, 0.061050850314708145, 0.060984292631689786, 0.06069658284790998, 0.06046899299844352, 0.06040820676535237, 0.060206053521570733, 0.06020287056543893, 0.06001053129258575, 0.05963563818701072, 0.05963863147676906, 0.0593500302865237, 0.059136146418143014, 0.05894839972465049, 0.05900969501955255, 0.058660118739614325, 0.05854701614911793, 0.05842138914357924, 0.058219222247463946, 0.058046047360112436, 0.05777815417444714, 0.057769367653627945, 0.057567561092470146, 0.05739671024708111, 0.05730234636672831, 0.057117959290264864, 0.05694990495847234, 0.05676230633634894, 0.05663476456885583, 0.056496607663160274, 0.05650153843541732, 0.056207220049441384, 0.056086403905170015, 0.055881241485427564, 0.05572546892753651, 0.05562400008206966, 0.05545448932299026, 0.05529258212042917, 0.0551902498205008, 0.05529601571987497, 0.05493433296593848, 0.05480309301839385, 0.05464677394876915, 0.05450846991529332, 0.05433945347801803, 0.05428388793372701, 0.05412688363151212, 0.05393482273926346, 0.0537449967373996, 0.05391064435259632, 0.05351009537119604, 0.0533666155258133, 0.05326949478127956, 0.05308698548160564, 0.05292461623567461, 0.052829323625584165, 0.052719508003924, 0.05262692002598672, 0.052475084164929846, 0.052334464426361825, 0.05236705966864209, 0.05211667588880018, 0.05188758423705368, 0.05172644433094127, 0.05166927774883885, 0.05150881398735651, 0.05142875373865847, 0.051275744227249925, 0.0511239641870817, 0.05097251920459891, 0.05106688861202388, 0.05070928187122028, 0.05059821090857774, 0.05050442096426402, 0.05031608454420799, 0.050155166422372284, 0.05004007653250637, 0.04998871757949929, 0.049790064648889104, 0.04973124836090947, 0.04950716626669653, 0.04938183717076494, 0.04921684555832811, 0.04912666441285307, 0.04917896757682754, 0.048931520566283734, 0.04875966909358174, 0.04859289736196777, 0.048465907318550855, 0.048392968823693774, 0.04826506788819863, 0.04808745302436228, 0.047916463921429536, 0.04780861701000064, 0.04765447960421349, 0.04751597718730647, 0.04739717266083867, 0.04728600746578124, 0.0471280055153602, 0.047028201497621124, 0.04685650539126706, 0.0467221565763966, 0.046632227849769975, 0.04642696443836652, 0.04631486587327219, 0.04617111664406739, 0.04602802686661933, 0.04588598314217718, 0.04583480160247005, 0.04560938896198132, 0.04542887995834333, 0.04531263941937159, 0.04525042936385456, 0.04510161006153134, 0.04503368596222806, 0.04483357297316159, 0.0447003353720735, 0.04453648960257189, 0.044385099097870966, 0.0442615137255521, 0.044125597308973814, 0.04396719987029898, 0.043914448101390426, 0.04370165928264166, 0.04356631728809407, 0.043424254047250185, 0.04329194825393383, 0.043216473737666024, 0.043014724056704694, 0.04287096716284589, 0.042761626530714136, 0.0425556358452624, 0.04256039648643127, 0.04229637756150587, 0.04215649126201311, 0.042014899647861356, 0.041829019208065615, 0.04170654671748944, 0.04158634365591595, 0.041489779398424305, 0.041266243326939095, 0.04107143062621629, 0.04097749886012147, 0.04090060013243572, 0.040841956101356054, 0.04052852771198131, 0.0404598262603768, 0.040260722843569234, 0.040126145613367484, 0.03998125327838323, 0.03978844953266115, 0.03964404632460426, 0.03946360825061802, 0.03932231070644503, 0.03931611590193775, 0.03906269087817427, 0.038898060681402113, 0.03881201530084511, 0.03865215853717035, 0.03850063386173632, 0.038282145080193196, 0.038137041341003756, 0.03809193233032984, 0.037910995378632434, 0.0377090218517819, 0.037552678340992705, 0.03736584396184108, 0.03722718786822239, 0.03708817377513077, 0.03701633847268651, 0.03681396419900685, 0.03661475797595004, 0.03653306939188097, 0.03643814286710272, 0.03617661376984898, 0.03602628953722651, 0.03580264176482869, 0.035669747429377376, 0.035515373881263544, 0.03542857708079479, 0.03522310020779112, 0.03511508319459366, 0.03487044438469863, 0.03479180256473893, 0.0345361584400568, 0.03443962500120214, 0.03421159523684117, 0.03403385041211933, 0.033975577478311654, 0.033757810555949425, 0.03350799928461964, 0.03336101676129515, 0.03328738167334942, 0.03311486054797857, 0.032979827441603056, 0.03281498946254801, 0.03261762187887469, 0.03247618012952705, 0.03228124915070427, 0.03218101870007157, 0.03199558265066642, 0.03178385998808904, 0.031617994086227924, 0.03139251060124195, 0.0312047415177367, 0.03119222653928361, 0.030920543325432003, 0.030813046906404153, 0.03054396893354772, 0.030407135013276944, 0.030285759001431323, 0.03003053407604661, 0.029979902336536666, 0.029638813636991237, 0.029559368970724764, 0.02949750691322528, 0.029259011481268672, 0.029135709567019233, 0.02889560126040406, 0.028786805332529964, 0.028596636568077195, 0.02830719378360688, 0.028226655217983933, 0.028147006038746446, 0.027947798610573334, 0.027737394031875254, 0.027545252384750894, 0.027422630997925523, 0.027243027232759134, 0.027061579351488875, 0.026809969720349224, 0.026647069494561373, 0.026628567256207127, 0.02649279742588798, 0.026211729725001156, 0.026102821765026415, 0.02597813466339777, 0.025756462087336042, 0.02565562479700546, 0.02540596271490803, 0.025291322619325797, 0.025081218389390467, 0.025084473196687905, 0.024850585241654746, 0.024661856152422394, 0.024628478234628638, 0.02418591766080038, 0.02426462804252575, 0.023995983085138547, 0.023848497210472375, 0.02382007817727717, 0.02355407639955074, 0.023479532881743384, 0.023232192965994814, 0.023046853863003366, 0.023116211880000816, 0.02293351607908529, 0.022698701397120782, 0.02265073278603317, 0.022520040935018183, 0.02248608651816881, 0.022280200507058912, 0.021996104233178472, 0.021925554558303393, 0.02175827327754543, 0.021701700781943827, 0.02160125590460169, 0.021888990230908, 0.02135417594206884, 0.021219385989981035, 0.021114745317739218, 0.021007203474237044, 0.021021219690803845, 0.020746110827660733, 0.02061207178202809, 0.02055546552387372, 0.020325337725930218, 0.020247618511670087, 0.020360047470621798, 0.01995581470707791, 0.02011190856323064, 0.019832058865561067, 0.019866031681818327, 0.019685346473713446, 0.019434879445279107, 0.019378364043581505, 0.019171113615033816, 0.01917809499872601, 0.01908616544076747, 0.01896121509954914, 0.01905582595627797, 0.0189754545666791, 0.018547238566735395, 0.018612594204432523, 0.018528036883690976, 0.018328345074248516, 0.018151555656473983, 0.01833079094134415, 0.018038907861873777, 0.01805189507443366, 0.017809862623855168, 0.017662236963922464, 0.017666478649199444, 0.01752899997837182, 0.01749915835568595, 0.017622600485650557, 0.01729970445080058, 0.017285944794214084, 0.01734441061335724, 0.017250917329576045, 0.017212472510077893, 0.016990435019188812, 0.016991689266264046, 0.016979631288419336, 0.016794500917000812, 0.016737195072829336, 0.01651324114529454, 0.016616555200651566, 0.016534652018770482, 0.016423655775276595, 0.01645665951176187, 0.016357264737156648, 0.01620691270157625, 0.016163916895805, 0.016079405148513002, 0.015898385526632187, 0.015976953320928505, 0.015744900224625994, 0.015817945480387896, 0.01584302493737174, 0.015699475012766275, 0.01564397027304409, 0.01554116468527898, 0.015340059452558695, 0.015552533788639944, 0.015483388304639446, 0.015258777940291362, 0.01520781053349892, 0.015177944378723811, 0.015036711504062626, 0.014915858401809425, 0.015016382726928883, 0.015047491503194056, 0.015168636992739183, 0.014772646212835633, 0.014389536717012047, 0.014392343216998003, 0.014893986885952655, 0.014421940916359703, 0.01474313442377448, 0.014409031116895758, 0.014510771259585714, 0.01438218888481605, 0.014309113059466026, 0.014293423590938685, 0.014410614009079505, 0.013954724547928388, 0.013928188075223334, 0.014385180306547191, 0.014074130035843659, 0.01393134560308124, 0.013931306512288499, 0.013904934491223786, 0.013786653838122663, 0.01363766143485459, 0.013626881537779861, 0.013646204092452579, 0.013641072327169334, 0.013420068845475565, 0.013494720122381999, 0.013291465143196547, 0.013459277887624523, 0.013375920596567363, 0.01331378946448094, 0.013327137594024195, 0.013074166355358092, 0.013193209363615632, 0.013242248575940252, 0.012982388926808192, 0.01301894956267543, 0.013075775701930921, 0.012989894801383621, 0.012883883124133782, 0.013044607886891248, 0.013279060032550588, 0.012501304412553083, 0.012616795813794164, 0.012628302173020372, 0.012664124572032927, 0.012612105434552774, 0.012691618774034678, 0.013005667094203253, 0.012494366466503782, 0.012513211443164534, 0.012513323746218193, 0.012376837418281762, 0.01247558608063312, 0.01219741866818107, 0.012338037974014691, 0.01225936136020554, 0.012149268523895277, 0.012170194467424133, 0.012331758455641523, 0.012016894955641929, 0.012118194513173048, 0.012259406825110947, 0.012100206722232916, 0.01215682689126878, 0.01196596215460734, 0.011845992561237606, 0.011935601100331029, 0.01153619159164959, 0.011648529642579914, 0.011647547792020596, 0.011526453396689259, 0.011816630231066673, 0.01175844158001133, 0.01147043843315636, 0.011584400218311192, 0.011552002579426724, 0.011340881460379147, 0.011378128858006181, 0.011409373016018902, 0.011261209759662256, 0.011581395701902536, 0.011253524498498924, 0.011318831381493852, 0.011216313929006787, 0.011135210154222796, 0.011147857807086211, 0.010977707840695303, 0.01099018296839893, 0.010862145940414304, 0.010893975657987198, 0.011248761259494922, 0.011036688432092616, 0.010917352941230668, 0.010887850612020352, 0.0108326371400776, 0.011003931315523267, 0.010823315422660339, 0.010794613470933957, 0.010674263807194752, 0.010644109822545031, 0.010624346324284455, 0.011104449627428148, 0.010693870235032531, 0.010595856718491498, 0.010714227095872542, 0.01051609071206426, 0.010562875583900344, 0.010340360283103815, 0.010355308342288138, 0.010390629958506451, 0.010326384468570081, 0.010535072945471234, 0.01035573219937105, 0.01024994912508888, 0.010279943231700688, 0.010374610823131812, 0.010189278238915524, 0.010080799883779168, 0.010213192049808794, 0.01008983815765514, 0.01035321594385144, 0.01030205527546777, 0.009888722221145074, 0.009942826912915374, 0.009842289024936989, 0.010080301694399453, 0.00985060178376969, 0.009813287386031842, 0.009809982801785038, 0.009856155738517428, 0.0101438107975353, 0.009993821617472925, 0.009736450109557922, 0.00988965715027859, 0.009733075119729491, 0.009544193534568528, 0.009591871893693189, 0.009955241078955965, 0.009617724099881783, 0.009502415970093471, 0.009485002313176507, 0.009478740601796381, 0.009559877255431636, 0.009504626704382103, 0.009483832431638622, 0.009318596373417922, 0.009243113464641661, 0.00927044710934023, 0.009214679763127589, 0.009312279628232074, 0.009243490526309404, 0.009265318424172955, 0.009235082767226442, 0.009224480139132265, 0.009147982760214342, 0.009223372850950257, 0.009333157477537147, 0.00928643590728537, 0.008988081899481694, 0.00901503339430403, 0.009018226209210965, 0.009007498610411042, 0.008860337730741128, 0.008899650117537409, 0.00899077328645607, 0.009112747821542637, 0.008868721211619794, 0.008754364045189603, 0.008971752720468976, 0.010102582865837834, 0.00869305207044156, 0.008670661063231583, 0.008697671824315063, 0.008644791822417062, 0.008788949974502617, 0.00864008976967573, 0.008658490655841327, 0.008673312114666933, 0.00856999233852337, 0.008498933771271313, 0.00851278886070577, 0.008459050112035448, 0.00855090126470155, 0.008438766879566394, 0.008449839424612046, 0.00850370104620881, 0.00851806177023671, 0.008418906093468, 0.008264968530651227, 0.008245193090358566, 0.008432210423709733, 0.008245787649254842, 0.00835265096706256, 0.008221573469664286, 0.008440483155072648, 0.008060561214312817, 0.008213439554732839, 0.008310065058668915, 0.008137894069552584, 0.00814000358296936, 0.008139265206383278, 0.0080469705256076, 0.008129037095488607, 0.008088191050522697, 0.008226829915262785, 0.008186652506083518, 0.007991327825243694, 0.007974961064542839, 0.008276893025174887, 0.008117219919117425, 0.008030003734742443, 0.007835560365387214, 0.008073058689180363, 0.007879560668571834, 0.007815505610994434, 0.007815967440143394, 0.0077771482105699116, 0.007753135629569517, 0.00800134638939829, 0.0076795529798249695, 0.007749632642422419, 0.007726939853068504, 0.007682187736544105, 0.007623686953769007, 0.007610476508688838, 0.007857256051754602, 0.007828637260171679, 0.007572557452458471, 0.007565113853936769, 0.007512411904009223, 0.007663655278974633, 0.007635498367475072, 0.0076113191632065395, 0.0077768259682838735, 0.007575199247952392, 0.007435037825889091, 0.007501151895015987, 0.007756083147992602, 0.007634539111018332, 0.007589033676132795, 0.007453654173726339, 0.0075204320561305, 0.007443119611106363, 0.007513284689677252, 0.0073980328189771965, 0.007383454976823537, 0.007390048422942109, 0.0073712382197136835, 0.0072983797250461635, 0.007405681496163824, 0.007257558021218562, 0.0072462649053954276, 0.007195722622363701, 0.007234632137332591, 0.007253318555804874, 0.00721105332357569, 0.0072706281089747575, 0.007161469792728447, 0.007189925647227235, 0.007146796929968177, 0.007278269845855201, 0.007082018310610145, 0.00713772175104044, 0.00706574830693327, 0.007068684485543838, 0.0070544792173194175, 0.006957417391994531, 0.007059986230412956, 0.006976230209511797, 0.006969651229684528, 0.006972259996369915, 0.007032482976328175, 0.006927298454783085, 0.007047455427783882, 0.006906866495105835, 0.01012298738617501, 0.006816575962635685, 0.006899870666042831, 0.006844517126414296, 0.006905683321090239, 0.006819670217760743, 0.006893714850680235, 0.006866248219784096, 0.0068390916718559895, 0.006961544148420718, 0.006910607737903246, 0.00685641306032719, 0.006741538555801569, 0.006854397091861502, 0.006784791918996388, 0.006720464387327423, 0.006919054170356628, 0.0068227554156842785, 0.0067077120246329565, 0.006738988340444437, 0.006703234325835514, 0.006756793898206368, 0.006583935204038671, 0.006599439791300852, 0.006551425797905797, 0.006692857557045281, 0.006613978243106954, 0.006578497174592458, 0.006537641798556621, 0.006552533795604393, 0.006551789166991665, 0.0064938783797357244, 0.0066690790151082615, 0.006480155642508063, 0.0065860389553775295, 0.006471103056693303, 0.006559295807932783, 0.006413690295892984, 0.006365459426240042, 0.006628298089992793, 0.006399313469004107, 0.006362453877525758, 0.006585648510944231, 0.006342801483389767, 0.006346685750561957, 0.006415791834164617, 0.006339679491176129, 0.006262495826455275, 0.0063397910268591685, 0.0065205833916813175, 0.006288044645741284, 0.006336156765768036, 0.00629493962623841, 0.006261008998439852, 0.006266400639348398, 0.006369873295026485, 0.006317387365762306, 0.006281731677170413, 0.006133517972654884, 0.006371591760828279, 0.006308796245836137, 0.006196799728668084, 0.006217334263841403, 0.006291319928511984, 0.0061240321041179414, 0.006216246757381464, 0.006158806102466502, 0.006216978275465498, 0.006215459197239296, 0.006218168800953256, 0.006093939225834125, 0.006083180083964685, 0.006180574897133224, 0.006204724578947851, 0.006062836904489318, 0.006009720788410707, 0.006130152361077526, 0.006028388132904716, 0.0060212015837623305, 0.006278393335056324, 0.006038845679258684, 0.006135496677713173, 0.005921136354692421, 0.005915853145743127, 0.006108705583831495, 0.006011172289251663, 0.006025915433089188, 0.0060809815787423865, 0.005907701288339978, 0.005909334032681988, 0.005878194418173913, 0.005994568864416557, 0.006057524242086673, 0.006032880837330021, 0.005843809310784039, 0.005859888522138529, 0.0058248629066250356, 0.0058231834416455405, 0.005831748855730049, 0.005816587281945829, 0.005904902575900894, 0.0057958468844164085, 0.005740405259005321, 0.0058034930306117335, 0.005884580152320896, 0.005760843795707197, 0.005734240647030566, 0.005733626580246812, 0.00578626483254974, 0.005674063016324831, 0.005739297781703955, 0.005963778965438816, 0.005737085473259406, 0.005689538446449938, 0.005665520370131557, 0.005731662641498195, 0.005660225139432372, 0.005681695182094552, 0.005674789856096568, 0.005636637729902101, 0.005578726458500513, 0.00572066946468537, 0.005638691636180593, 0.005659516321343991, 0.005571432747942416, 0.005592686862424117, 0.005649701245767535, 0.005592807250098989, 0.005681973765401971, 0.005542169790696313, 0.005581998590333522, 0.0056201870538471095, 0.005663420033584477, 0.005510832043946434, 0.005443142017623117, 0.005573028480311885, 0.005543358432834162, 0.005572737589919571, 0.005402075532635486, 0.00542746633999499, 0.005456377207586644, 0.0054167724267299745, 0.005444446218923384, 0.005503837659331451, 0.005420869897849303, 0.005438839836732493, 0.005411481823519377, 0.005354577895923452, 0.005350649281819318, 0.00534760229278795, 0.005358159515998225, 0.005638054326220362, 0.005380203704156723, 0.005424075697805566, 0.005274810353585132, 0.005388295276064766, 0.005290143440522061, 0.005309382170714084, 0.005219383004582212, 0.005268640867313459, 0.005541075702052789, 0.005377737676924874, 0.005246795757688142, 0.005253684070187591, 0.005377537110468797, 0.005208539726582771, 0.0052683844848352085, 0.005208476101877266, 0.0052582986880973645, 0.005442513793225176, 0.0051762765720477525, 0.00525981439435828, 0.005139627984793543, 0.0051737568606143374, 0.0051868501344399555, 0.005108740581863916, 0.005122795542364023, 0.005075422652375775, 0.0051575671015998146, 0.005224465871392677, 0.005096060637490557, 0.00505125233422028, 0.005090655313538131, 0.005243841642818025, 0.005087259172296575, 0.005130405499126645, 0.005157187357906636, 0.005095140724049113, 0.004997385987862115, 0.00511601974897524, 0.004993286498041015, 0.0051475467956884355, 0.005025597093220612, 0.0050244513417403635, 0.004968973373721764, 0.004944682127874361, 0.005002302298854461, 0.004943131222950017, 0.005011958807002782, 0.004948358046139105, 0.005009323986294427, 0.005179315060772092, 0.004918339752744228, 0.004954525153971906, 0.004909405288405631, 0.004906114411824749, 0.005097848043004328, 0.004888399999687318, 0.00496769067569374, 0.0049050872548335005, 0.004869974067419617, 0.004799421622057467, 0.004835594843136004, 0.004880464571229126, 0.004868194197883545, 0.004980981805000912, 0.004917103630023233, 0.00476273086943409, 0.005019284917439676, 0.004738832469320845, 0.004788516423302822, 0.0047572684347809945, 0.004709453543059977, 0.004745914389807293, 0.004774991835521509, 0.004841473226907673, 0.004725658594195304, 0.005035166480662452, 0.004743454068781543, 0.004951894768514852, 0.004720284855455659, 0.004743651022881612, 0.0046856258492513755, 0.0046589770158143, 0.004640159739662488, 0.004659134369761598, 0.004672246342436622, 0.004615746359382513, 0.004615210411184112, 0.004660555073285088, 0.004665611314803263, 0.00470125162099343, 0.004613942135887786, 0.004630166136880733, 0.004626428152880963, 0.004646087925267187, 0.004581929578419756, 0.004626715360746999, 0.004569008807671592, 0.004614148995507586, 0.0046004609285226605, 0.004580085596815062, 0.004517158905329418, 0.0044666056937309375, 0.0045281329789180124, 0.004539608357567014, 0.004499733215535002, 0.004476095309163682, 0.004459191894003746, 0.00453264240625836, 0.004469010590360017, 0.004532672625225128, 0.004484527662522875, 0.0044722039877070335, 0.004478245387777305, 0.004446143612064127, 0.004399157258796128, 0.004445030895930507, 0.004534728880525812, 0.004352505704642639, 0.004371253441836632, 0.004422133544423667, 0.0046361802300374086, 0.004373079747569229, 0.004391119254172155, 0.00442678380335068, 0.004422157814610722, 0.004367045451141849, 0.0043131160355417645, 0.00430333092907435, 0.004339028055035023, 0.004391210686208413, 0.004286866876334345, 0.004304919122872482, 0.004269015070038637, 0.0043749761093973116, 0.004284357210670029, 0.0043140411008504515, 0.004318290558367328, 0.004370436486009692, 0.00424893415056831, 0.004279419626094087, 0.0042870469794795705, 0.004289489170569702, 0.004205037676830189, 0.004261724812171897, 0.004228193197744894, 0.0041772202765567625, 0.004236952606752064, 0.004216684895465382, 0.004189868582475806, 0.004204231139402138, 0.0041508319547214675, 0.004127735710026715, 0.004077524548075625, 0.004055089392109954, 0.0042492206842541505, 0.004124869796950562, 0.004151442617640227, 0.004083991103204979, 0.004205435270638696, 0.0041304865024767885, 0.004092069895910955, 0.004105977195341868, 0.00423275027549399, 0.004182730628836269, 0.0041129867555598, 0.0040666648070399386, 0.004029969758400878, 0.00400980699855148, 0.004043539615260887, 0.004110684659624752, 0.004058340796537441, 0.004055897155038021, 0.0039835310081801625, 0.003933297066206766, 0.0039815288207080465, 0.004046915726116183, 0.0040851901411840695, 0.003983867940471863, 0.004011191596565536, 0.0038820058828228847, 0.0039172584639870466, 0.003954354523040059, 0.003888089817230668, 0.003934761687166361, 0.003949141088699575, 0.0038484023979560703, 0.0038220811975554093, 0.003920200226243831, 0.003912787250866066, 0.003834342071486049, 0.0038359205161613754, 0.00382894120323089, 0.003840869147658781, 0.0038396737573715314, 0.003802515541699974, 0.0038860921753867644, 0.003831654128346761, 0.0038162218034604495, 0.003848226942448864, 0.003866162221848608, 0.003741015701591857, 0.0038435602455792624, 0.0037280824586243388, 0.003722653289651, 0.0037634029502911282, 0.003931550752934707, 0.0036713831849051904, 0.0036791580219073905, 0.0037268630396454436, 0.003765441852542241, 0.0036455734645176314, 0.0038619873383111615, 0.003730165474670052, 0.00373326065728055, 0.0036845595195143005, 0.003614342823501936, 0.0037204954807426496, 0.003695719595523046, 0.003569543806583264, 0.0036515364732101056, 0.0037807017991391577, 0.003621651418645923, 0.00357342844242005, 0.0035593160120172096, 0.003756946330940576, 0.003728755231440696, 0.0036556323819975658, 0.0037687179977157776, 0.0035986446731004385, 0.00360381316011129, 0.003528887355102889, 0.003517440642951312, 0.0036552710938047668, 0.0035405717300015997, 0.0034726582050017512, 0.0036313892638161, 0.0037003472622860706, 0.0034918268667073703, 0.0035085425966933895, 0.003644761808740384, 0.0034596422858402215, 0.0036892446191872236, 0.0035093151471050563, 0.0035543957214423144, 0.0034416989879187286, 0.0035584381421920465, 0.0034475911059423463, 0.0034853491138070185, 0.00355390579494739, 0.0033802660109866624, 0.0034320843973944183, 0.0034924192694429797, 0.003638525270203898, 0.0035372859148419377, 0.003430785883640458, 0.003494078927356197, 0.003549684767723625, 0.003458625871366053, 0.0035195129779162383, 0.0034457844383247948, 0.003396913087978358, 0.0034927525413945767, 0.0033864951376670243, 0.0033915454613991317, 0.003427134934567574, 0.0034301295024211516, 0.003387853221091555, 0.003408300568428936, 0.0033902622451762797, 0.003312893706600629, 0.003333554313473985, 0.003433035599490519, 0.0033959244033398323, 0.003348332967479835, 0.0033743247966530627, 0.0032554128998015758, 0.0033606277169121544, 0.0033371597804783253, 0.003228555089786971, 0.003356609742355243, 0.0033251735264421688, 0.0032718923367476903, 0.0031836612158052395, 0.0032986991276645673, 0.003196346963033585, 0.003335423530078074, 0.003275876213200617, 0.003302696657378988, 0.0032341401904490918, 0.0031803505194611865, 0.0031937114933385078, 0.003177555642919157, 0.0032994399377306648, 0.0031430194456751217, 0.003216684676417636, 0.0033004164961483967, 0.0031823978865127517, 0.0031401986149238253, 0.0031490703964406853, 0.0031863277363991943, 0.0032186671812735883, 0.0032967338188455084, 0.0031538915022130067, 0.003240630774185973, 0.003104609811315919, 0.003165202500816973, 0.003200713482906421, 0.0031976676557592537, 0.003096631275501695, 0.003109790267651739, 0.003149340169456494, 0.003131865639882897, 0.0030998399212611967, 0.0031535887067587216, 0.0031081817777725202, 0.003025861064815978, 0.0030300080188283896, 0.0032314142545310574, 0.003065839116698736, 0.00310286245182357, 0.0029854357800310387, 0.0030856542513973215, 0.003085934687490922, 0.0030491728265805832, 0.003018960618666455, 0.003087440483179212, 0.0030316805304160684, 0.0031163493069266248, 0.0030511965199390353, 0.002968609525851508, 0.0030347678147813434, 0.0030700047535804787, 0.002989895892871691, 0.002962105885891833, 0.002956845914281146, 0.0029338171790954464, 0.002998594702884462, 0.003007339321061288, 0.0030545432068017297, 0.0029550801577180323, 0.002998580987685032, 0.0029058939186542123, 0.0029178887325063203, 0.0028689482378172035, 0.0029736625777128547, 0.003008937090191005, 0.0029107722151869393, 0.0029012065121447866, 0.0031304020158662267, 0.0030596168300290163, 0.0030543060029227585, 0.0030144038881117457, 0.002896297107093437, 0.002927410749239322, 0.002882298673175007, 0.003132338007276578, 0.0029261253776616124, 0.0028631681801397986, 0.002882367797086952, 0.0029140938902511913, 0.0028049631727713213, 0.0028485483154160928, 0.002866612224426287, 0.0030270197440200003, 0.002854925482998066, 0.002848486437017513, 0.0028907480985390544, 0.002883581821972556, 0.002875998956322573, 0.0027771680967390356, 0.002816875728144373, 0.0028405068369660273, 0.002787471637302964, 0.0028782306008228284, 0.0027884956578139207, 0.0027851266075970614, 0.002733067373350644, 0.002772216803995892, 0.002787321475900743, 0.0026863537645477466, 0.0027497440115578815, 0.00267151025143621, 0.00290501963388505, 0.0027242084845834247, 0.002759899948757398, 0.0027880550928058643, 0.002711517045750647, 0.0027345164138230637, 0.0027398174202433847, 0.00269094287339534, 0.0026650402719766886, 0.002661261369322643, 0.002655856405140597, 0.0026249491711875694, 0.0026757219995504553, 0.0026974890926872784, 0.0027515697829913932, 0.002590926655956275, 0.0026473544958055205, 0.002760043694372663, 0.002714582655204423, 0.002645600471905904, 0.002804560956521587, 0.0027217860637876352, 0.0027292813191526965, 0.0026029123901437387, 0.002682105185530986, 0.00264983581050678, 0.002663560406087446, 0.0027890549448323647, 0.0025871327590479658, 0.0026042870842901836, 0.0026182685184605375, 0.002637268043990304, 0.0026192483396471487, 0.0025961603506012786, 0.0026029592729552922, 0.0026202811883156746, 0.0025725797091473005, 0.0026488888248586678, 0.0025994200753219707, 0.002608489113984348, 0.002607229035166365, 0.002546776877349036, 0.0024985823292321572, 0.0025713275074726815, 0.002576591492591898, 0.0024902747242629276, 0.002611360233262616, 0.0026167814683998665, 0.0025075682621589286, 0.002495027481623341, 0.0025297308561615453, 0.002474293288478613, 0.0025336798764579714, 0.0025748243721763317, 0.0025528183210549596, 0.0025196697049188334, 0.0024939271816374915, 0.0024512221400785207, 0.0024473381854087993, 0.0024752557800172274, 0.002485179411749405, 0.002491696112191706, 0.0024417892163295153, 0.002448559492132306, 0.0024109977752482404, 0.0024600762594321856, 0.002438137348504466, 0.0024342466767836475, 0.0024033499793586267, 0.002525443445464513, 0.002405657430232858, 0.0023827306442966915, 0.0024957413753637146, 0.002456906074970672, 0.0024123858780796563, 0.002544259810665089, 0.002415013110393533, 0.002350747822476115, 0.002395887171166023, 0.002367328790575183, 0.0023646181345820037, 0.0023823836026180675, 0.002370049087284797, 0.0024552093035985607, 0.0023742361557486, 0.0023167115180495646, 0.0023629744786643836, 0.00232875726189383, 0.0022582494184289047, 0.0024653445279394785, 0.002454173713988074, 0.0023778087025504695, 0.002342200388021687, 0.0023127549264395225, 0.002271724946311208, 0.0022921681115467604, 0.0022691753078277564, 0.0023301764714062354, 0.0023274916005959698, 0.0023524819960699175, 0.0023261216810647775, 0.0023186269832209954, 0.002255924146767804, 0.0022837245876873706, 0.0022108574997159957, 0.00218231015348408, 0.00220677713165785, 0.0021951706258584863, 0.0022608831120043663, 0.0023210255576324133, 0.0021914257178076643, 0.002319071143780138, 0.0022049852793857632, 0.002237113217216132, 0.0023058624276379863, 0.002219524298762265, 0.0021689837849223057, 0.0022256970446242886, 0.0021927047252528454, 0.002220772155717417, 0.0021459962667154135, 0.0021951477024893234, 0.002367561088594909, 0.002196068330219916, 0.002185850721513127, 0.002243293572495751, 0.0021827947863154932, 0.0021729667242015496, 0.0021906068108526176, 0.002162947902179166, 0.002168184139443494, 0.002184679334251828, 0.002216855384716632, 0.002160291566980126, 0.002060365084131884, 0.002109877355267832, 0.0020875847495165113, 0.0021562570327152064, 0.0021514986914142956, 0.002106500455944736, 0.002098469502009179, 0.002083688577265322, 0.002053881609920461, 0.002141393039349115, 0.0021003946895771903, 0.0020386637732541023, 0.002070791755747815, 0.0020502877635065033, 0.0022534399812544122, 0.002005596872533995, 0.002184125143930328, 0.0020784249648125868, 0.0021350818982630044, 0.0020914478604717878, 0.002061590660486752, 0.002015327187670699, 0.0020244692277371743, 0.0020658586170169526, 0.00199862007952893, 0.0020194538871968716, 0.0020118080343049845, 0.0019976862794616745, 0.001959227047383143, 0.002024613015861993, 0.002010943077479997, 0.002097783842242081, 0.0020596058387455517, 0.001942247356293105, 0.00207378783960713, 0.0019786709877283584, 0.0019648742143020597, 0.0019112813306930555, 0.001937640799432124, 0.001998136921807022, 0.0020260523760106354, 0.0018901293092715558, 0.0020315883795057567, 0.001941701790567412, 0.0019009966921979412, 0.0019044183113322163, 0.0019258501628026225, 0.0018870030169247187, 0.0019964386799779087, 0.0020100564634149298, 0.0019528120009049946, 0.002040922151762642, 0.0019485193965438847, 0.001941752499047515, 0.0019146043346033417, 0.0018628102847765996, 0.0019381652663982459, 0.0019064541555942644, 0.0018894917611095483, 0.0019178620565988502, 0.0019046394396473384, 0.0018613644354688172, 0.0018636069528650886, 0.0018821429253494343, 0.0018165706170386244, 0.0019804943828606206, 0.0018828418197490919, 0.0018109633704480675, 0.0018965384968358603, 0.0018553300733206294, 0.0018625370332908072, 0.0018462913893123533, 0.0018791969170376436, 0.0018282819782193384, 0.0018327688992973877, 0.0018405219258108144, 0.0018777377018415952, 0.0018544180185172219, 0.0018665723133173648, 0.0019250328226616932, 0.0019388035078973546, 0.0018288203896531267, 0.0018723849735825062, 0.0017579819172759616, 0.001779710780222884, 0.0019612093671348783, 0.0018165289700986858, 0.0017576383799991207, 0.0017833826237900739, 0.001767923013584999, 0.0018103507446974984, 0.0017477858477947651, 0.0018848530335201735, 0.0017631416921443876, 0.0017674810299845932, 0.0017536777977255986, 0.0017796137629359707, 0.0017197439209466368, 0.0017621434228871774, 0.0017536762389735658, 0.001980700663141595, 0.0017440176446175805, 0.001712846248353555, 0.0016934532204396031, 0.0017058707900822262, 0.0016974937058613637, 0.0016805297976869445, 0.0017021504061174727, 0.0017614341380642316, 0.0017503656591376883, 0.0017026132418184305, 0.001724791333185402, 0.0017367149315204234, 0.0017954365508260862, 0.0016649691044553598, 0.001747628475062222, 0.001751918363606601, 0.0017649522207421476, 0.0016677049815570027, 0.0016621823712947958, 0.0016591875233425391, 0.0016172894185120057, 0.0016540240872828067, 0.0016544717581994629, 0.0016406941193967176, 0.0017139420958877279, 0.001660530097711242, 0.0015904002014832884, 0.0016229613901622602, 0.0015882470316151967, 0.0016092274995118576, 0.001667021754661354, 0.0016620028757598658, 0.0016060699369500227, 0.0016937142880882716, 0.0016433776481419844, 0.0015957407189277238, 0.0015423957597755745, 0.0016413140882030421, 0.0015635549978749912, 0.0016263003816284734, 0.0017128876798722466, 0.0015617396681492904, 0.0016767714870327196, 0.0015756173681590192, 0.0016170886598798806, 0.0015910129733030486, 0.0015723918763691886, 0.0014953953395706024, 0.00154132781733372, 0.0015617229641741663, 0.001620412790130926, 0.001623912286138035, 0.0015409395806614955, 0.0015224851086573141, 0.0015666030124456935, 0.001533902009553332, 0.0015634536749067442, 0.0015246854353499146, 0.0014924400568218303, 0.001663601621299053, 0.0015463944828835072, 0.0014835048515098, 0.0015223075235580843, 0.0015661770061898234, 0.0016258057197335398, 0.001558424713430625, 0.0015537421317295688, 0.0015248482483426215, 0.001450435613652312, 0.0014882178483070566, 0.0015714384373319392, 0.001538048127928681, 0.0015039229294959713, 0.0014701596696739922, 0.0014949862823388548, 0.0014877944724923861, 0.0014823289283478836, 0.001459118590567576, 0.0014880278311126633, 0.0014812022009912625, 0.0014898089624952877, 0.0015394438241458739, 0.0014870190499181688, 0.0014983580981548705, 0.0014753932965158826, 0.0014663875510677543, 0.0016121667607645975, 0.0015268794608960523, 0.0014347452490345502, 0.0014790938200756748, 0.001481549352674672, 0.0014579081302831447, 0.0014035372795089143, 0.0014616360404172476, 0.00141118198190545, 0.001426509630790724, 0.0014801303855384099, 0.0013881530045046732, 0.0014412513644855302, 0.00141613786352588, 0.0013973866082771648, 0.0013696539341920364, 0.0013905989622240392, 0.001410421277725393, 0.0013788994699576883, 0.0014049888949713722, 0.0014021228081186167, 0.0013869909501826416, 0.0013494357737973259, 0.0013291773826174464, 0.0013226213194009776, 0.0013718831159462376, 0.0013076597943307842, 0.0013397402824294215, 0.0014031836387223473, 0.0014579326499079782, 0.001416535687686293, 0.0013472588556248568, 0.001432225659593487, 0.0014350188818476274, 0.001336333643524105, 0.0013282691546826998, 0.0013199592469194904, 0.0013603513035449872, 0.0013487767219011507, 0.0012992109649323054, 0.0013331403524091442, 0.0013718048670764281, 0.0013553619198455543, 0.0013578676511808658, 0.0014046637565171263, 0.0013548729507166658, 0.0013176479048060388, 0.001319094902151594, 0.0013017767897501532, 0.00130137885353087, 0.0012727913467977883, 0.0013056511732897106, 0.0012872580107347019, 0.0014569833469629115, 0.0013913667999048392, 0.001272578408507971, 0.0012695317287219705, 0.0013055408438612474, 0.001273570432982388, 0.0013461383748095425]