Model Setup for Atypical Patient 9:
ITERS=1000
LEARNING_RATE=0.001
OPT_RESET=None
ATOL=1e-05
RTOL=1e-05
METHOD=dopri5
Input channels=2
Hidden channels=32
Output channels=2
Runtime=134.95490884780884
Optimizer=Adam (
Parameter Group 0
    amsgrad: False
    betas: (0.9, 0.999)
    capturable: False
    differentiable: False
    eps: 1e-08
    foreach: None
    fused: None
    lr: 0.001
    maximize: False
    weight_decay: 0
)Loss over time=[1.371083548523714, 1.3550082730735264, 1.3392748290811414, 1.3231723608526762, 1.309509468975685, 1.29175207479091, 1.2772620747765884, 1.2598045432363918, 1.2452559611578076, 1.2323131521720816, 1.217008905353695, 1.2053890370511753, 1.1889374600405767, 1.176878389497376, 1.1601159150359068, 1.148506109268113, 1.137270063496299, 1.124921804084403, 1.1077032396019562, 1.0941784674875867, 1.0841977586882126, 1.0711981781642024, 1.0595421908141094, 1.0366943459659326, 1.0300328163259118, 1.0222754066588358, 1.0040458743808016, 0.9982786291249582, 0.9828320165824652, 0.9760990840976752, 0.9658186771118774, 0.9551259880005483, 0.9419944594626144, 0.9340074800059983, 0.9179960492189717, 0.9099047556082369, 0.9046160507393946, 0.8891705888522036, 0.8828333306364967, 0.8627829887869344, 0.8635820317484574, 0.8467195312585908, 0.8394830930890662, 0.8290852516697456, 0.794152482262171, 0.7998132960706626, 0.7865089570918724, 0.7757300924684389, 0.767761986843147, 0.754459890389681, 0.7429500881599732, 0.720854910648609, 0.7207449789775381, 0.7243064622787657, 0.6965337137908115, 0.6798322860361169, 0.6717761498644844, 0.6579156058063247, 0.6518362098631051, 0.6405912087356442, 0.6263646772310648, 0.6208535678610394, 0.6061879906073868, 0.6064219677833546, 0.5857172802984184, 0.5870780855488632, 0.5686409672954543, 0.5604997194325326, 0.5474019544388725, 0.5492449915834783, 0.5402110119880892, 0.5317400575963481, 0.5171503448646414, 0.5053626991570401, 0.5030620450118984, 0.49795545980741485, 0.4877808484050019, 0.472474840173572, 0.4742718882692042, 0.45981771203459554, 0.4486202511934781, 0.4476807979959409, 0.43857636035742514, 0.42936624571322235, 0.4216912511058509, 0.4142580354113345, 0.39499720270361327, 0.40080894748994156, 0.3984266253934683, 0.39480556330812483, 0.37767246259224924, 0.36907247446112257, 0.372304275174705, 0.3659959450937983, 0.3572640513731588, 0.3502219584802136, 0.3513936879880196, 0.34622634318720585, 0.3347930983667631, 0.33341235431225863, 0.32731557807080286, 0.3255875132253335, 0.31778140400533367, 0.3121257535797744, 0.30475877971893844, 0.29935883996533597, 0.2956464206044012, 0.2879220485443097, 0.2847996727530987, 0.27823644124789637, 0.27661666077785857, 0.26978493302838547, 0.26438234383600556, 0.26201247344917644, 0.25891133196772886, 0.2506345725104605, 0.2493782426289024, 0.24159770712171136, 0.2395866388506325, 0.2377559608726796, 0.23084209276662862, 0.22641292233100108, 0.22222448812653461, 0.2191987860043917, 0.21781928422847574, 0.21211139345472232, 0.20813421735743376, 0.20468377701992038, 0.1998349748419219, 0.1978260496526447, 0.19427328981981143, 0.18943644879361557, 0.1890071512153306, 0.1822293103222153, 0.18031549776813585, 0.17972663814893985, 0.17490874764121972, 0.17126700198765235, 0.16885704742884428, 0.16663194286740815, 0.1667908872767553, 0.1627507388582334, 0.1574056446247774, 0.15633168586646773, 0.1515750949964704, 0.14930153893691045, 0.1483890051900146, 0.14428951856248282, 0.1416235734112308, 0.13993391253497592, 0.1387631401282017, 0.1366165097422339, 0.13164830197115188, 0.13324167639967802, 0.13023146283398937, 0.12678016900458206, 0.12536941522412212, 0.1218835194201297, 0.11987060170771979, 0.11908035380081393, 0.11917119243015174, 0.11589579503530603, 0.11229575016165307, 0.11187032906478006, 0.11123316372037796, 0.1069602462002262, 0.10464356030763798, 0.1045518202962064, 0.10185885765287263, 0.09995056145918844, 0.09922049384593669, 0.0965050297948533, 0.09564498586034191, 0.09490312424326, 0.09338018056170222, 0.0927699247558325, 0.0919755611198006, 0.08920425001844089, 0.08893146431034088, 0.08754878624397197, 0.08717155722823605, 0.08453717571112604, 0.0821207677972433, 0.08167383146560782, 0.080518891932365, 0.08148292372030384, 0.07822855701612272, 0.0771971033165272, 0.07531825738738308, 0.07408077604848139, 0.07529280017105759, 0.07523871937417322, 0.07364521962456232, 0.0720738689526358, 0.07007232346335444, 0.07005164106523602, 0.0689927566606555, 0.06782723026257666, 0.06684566661942687, 0.06606098945247757, 0.06488075257404795, 0.06329764787119199, 0.06411458259925393, 0.06121518578428669, 0.060273540652801556, 0.06035026341068277, 0.06202859894178467, 0.059202914801602176, 0.05772187876189205, 0.05893501655294917, 0.05985902266699012, 0.05584221189466458, 0.054753889585699274, 0.05445364777792547, 0.05497753670463394, 0.05457382675871206, 0.05370409226979582, 0.05245295363678529, 0.053031689341371265, 0.05157042113651062, 0.050680802905897965, 0.050465403591121, 0.05016383263033542, 0.0492542415338646, 0.048121169123241714, 0.048885030777613074, 0.046736651473286386, 0.04574853155292049, 0.04711062561505308, 0.04446781311829335, 0.04404543449760028, 0.04449452622952455, 0.04418821408362034, 0.04483342309662782, 0.04295957325178303, 0.04168721251964492, 0.041697424507412366, 0.04122840024810652, 0.04099031763891634, 0.040440823688180264, 0.0404250806456587, 0.039232502739208905, 0.03846297627409287, 0.038783246688666284, 0.038539347915758346, 0.0402806789432045, 0.03868517291346309, 0.036540142806559664, 0.03699206831944312, 0.03676847824838309, 0.03608128267692298, 0.03598388113231074, 0.035392882416552356, 0.03485354537176036, 0.03440453730754034, 0.034424723239933244, 0.03277304727750077, 0.03250648862521899, 0.03644202460283133, 0.03314940797802635, 0.03156701307405833, 0.031733740295555764, 0.03142429821846938, 0.03143110213565405, 0.0314049904294166, 0.030850920482083644, 0.030580848243989097, 0.03024785059810343, 0.030128725411416823, 0.029529195911689506, 0.02895994786215237, 0.030327504211966286, 0.030884729357308262, 0.028664752778131283, 0.028126552803256735, 0.028269353940390686, 0.027351614778880474, 0.02737206750504403, 0.026923039833417737, 0.02662714809740231, 0.026327096278198195, 0.026623443251759523, 0.026564812502652278, 0.026216023505749773, 0.0259370768948751, 0.025489785437477066, 0.025039077860395987, 0.0250418475263013, 0.025862740895779425, 0.02475493122131106, 0.025031837597491346, 0.025143029519329417, 0.024859093273993313, 0.023843461094810593, 0.02358173051020416, 0.023515182189182107, 0.023328806377524533, 0.023194892887977728, 0.023064698269210027, 0.02298026609253012, 0.02262768258271121, 0.02277520867271983, 0.022272519590646554, 0.02206693588479505, 0.0219075509201793, 0.0217863357933209, 0.02158469127921923, 0.021295578805176938, 0.02110870748988937, 0.02126873022952384, 0.02110491830870008, 0.020726296762533566, 0.020589008515014637, 0.020426357993524765, 0.020221532569944838, 0.02011993643111839, 0.02000001551982799, 0.01987980525674199, 0.019779511052503113, 0.019672785756202373, 0.01957350277548039, 0.0193470630992292, 0.019336872274781345, 0.01916288433068993, 0.019251621787802077, 0.01892398084315108, 0.018856715792931095, 0.018729810528408074, 0.018572261585729496, 0.018444137044456983, 0.018341946154286033, 0.01829900941923809, 0.018373384519313248, 0.01833915320112209, 0.017954016064913574, 0.017983750886819794, 0.019103552370095037, 0.01870799529895745, 0.01769026465420512, 0.017613199707823827, 0.017714812969707998, 0.017708931470119885, 0.017766137586899707, 0.017604758615320012, 0.017344732693775747, 0.01706772587701179, 0.016848281405565362, 0.016919389124990233, 0.016682040230687523, 0.016675193046078795, 0.01667560179035812, 0.01662528644877675, 0.016596288065830123, 0.016623950521217148, 0.016310348271003302, 0.016127332763090262, 0.016055722063722782, 0.01597886714424277, 0.01587813623177485, 0.015820849124848, 0.015772826072529205, 0.01570665814202189, 0.01565271461977945, 0.015551313316872912, 0.015525774062842486, 0.015418968040161973, 0.015360976986443826, 0.015440486375227618, 0.015341193512123829, 0.015252274911912804, 0.015176179305866087, 0.01506998276169923, 0.015013010064937821, 0.014862472270290696, 0.014903299685187145, 0.014826851619181087, 0.01478079449744727, 0.014667487162759878, 0.014615900844762296, 0.014556421571070583, 0.014538251894743498, 0.01437962660309289, 0.014373311514845777, 0.014371187623183018, 0.014310461760524352, 0.014190542592845778, 0.014396940798877782, 0.014243762169838343, 0.014271614797619554, 0.014173092571885452, 0.01419277702524765, 0.01418502733267721, 0.014160016350659187, 0.01369787935449036, 0.013590760947536647, 0.01368136114502691, 0.013718470679390393, 0.013558962175773171, 0.0134634230274832, 0.013472065868872675, 0.013371102692348714, 0.013356550143496952, 0.013269952932081285, 0.013239221804207363, 0.013173530703120257, 0.013054323485329878, 0.013072462941235975, 0.013011307932493497, 0.012979819410423775, 0.01290896551907922, 0.012909801550399365, 0.012808690337672086, 0.012753047453483669, 0.012737492021363206, 0.01262941238277341, 0.012597306369879824, 0.012571825775103612, 0.012432956645831912, 0.012496507232840392, 0.01244999387047162, 0.012337350461338424, 0.012442952813185864, 0.01237301712172343, 0.012329433830531615, 0.012252428254810453, 0.012140633480393457, 0.012059943043197525, 0.012280840845491513, 0.012052929224930042, 0.012030637240659437, 0.012138446587352676, 0.011882854450186452, 0.011918874727559182, 0.011829800698762312, 0.011844920958079872, 0.011741689286343076, 0.011718474100909404, 0.011644223550045353, 0.011616773415197519, 0.011566425327237045, 0.011498623134540635, 0.01141755733801811, 0.011446498086409235, 0.011428014687480819, 0.011371745939256783, 0.011345749143035749, 0.011292436699658378, 0.011205785097959855, 0.01112483342114475, 0.011151813702857697, 0.011124931841532246, 0.011044570889858923, 0.011007570672422216, 0.010924473499476133, 0.010927107192360121, 0.01088590075706006, 0.01087821930662822, 0.0108653595448663, 0.010841477856205373, 0.010793366384758366, 0.010770157480260549, 0.01073236192139117, 0.010659347941221226, 0.010667180786704122, 0.010624845038058692, 0.010513402828487825, 0.010544075245098298, 0.01046135142845022, 0.010506806639655426, 0.010441996343955803, 0.010359763852915276, 0.010363172558401041, 0.010380442193010824, 0.010301193518304897, 0.010366257363363034, 0.010315550457207216, 0.010253164211722994, 0.010244268136029301, 0.010193495927209122, 0.010140159435141282, 0.01011700457744895, 0.010048973097615805, 0.009950620487974416, 0.0099758028534076, 0.009946402491139518, 0.01001767601585834, 0.009931980660635638, 0.009869124328331412, 0.009854957457341725, 0.0097531421832616, 0.00976774378330284, 0.00972209601134398, 0.009829288672596777, 0.009682280520358766, 0.009641281349845675, 0.009581630105731952, 0.009542492271170577, 0.00946505322808155, 0.009610705676406825, 0.009446528872485566, 0.009485573872083661, 0.009479795010779057, 0.00946315895641412, 0.009447829190569447, 0.009471437635517204, 0.009303745076268266, 0.009301322544968845, 0.009200937495575259, 0.009351702100946081, 0.009309273146818014, 0.009211196288213493, 0.009177876423695336, 0.00909366337340839, 0.009080392187303964, 0.009115519000065067, 0.009123310767570338, 0.00906231206619699, 0.009019954988842626, 0.009007954383682903, 0.009144947795184613, 0.009015451640371468, 0.00923394186770438, 0.008940071662395487, 0.008854069558899518, 0.008911130136829093, 0.008805966258800342, 0.008864348316419433, 0.008792111749474049, 0.008842154080772963, 0.00879861589379855, 0.008681860528766105, 0.008767688354706345, 0.008664572647844931, 0.008511082512313275, 0.008418032709963752, 0.008501581247609039, 0.008505931605410088, 0.008382909916435843, 0.00848300890395455, 0.008381561479061831, 0.00842698228880642, 0.008345899094231495, 0.008451730569627424, 0.00843524684388258, 0.008376905339947715, 0.008424710098287267, 0.0083638358003804, 0.008281936055038724, 0.008314399733978474, 0.008357591095460776, 0.00816817491972383, 0.008187882431144924, 0.008047394508258117, 0.008212991260088023, 0.008087118623199186, 0.008200119963072416, 0.008060005492485206, 0.008043899157658628, 0.00804292666339213, 0.008068376867244686, 0.007970466802062792, 0.008000505309362051, 0.007924919522823771, 0.00790045043008521, 0.008033035926476967, 0.007837058860630665, 0.007757040800273108, 0.007781852514724491, 0.007720815257356689, 0.00770917192087543, 0.007956026608896822, 0.00780386945936509, 0.007995794058266352, 0.007865214044223086, 0.007722973577735706, 0.007714293854451762, 0.007775670416767474, 0.007712257229983272, 0.007704754304470746, 0.007716407365937083, 0.007628072161616526, 0.007749806335837105, 0.007627679734691132, 0.007542771457408082, 0.007580033329441222, 0.007539743805490587, 0.007486703684801769, 0.007490834540968366, 0.007387564346814815, 0.007458276532414886, 0.0073996541377331785, 0.007369622212068273, 0.007391200482111046, 0.0073143758541989986, 0.007250906562767204, 0.007231488650463488, 0.007216789970140447, 0.007234118092305985, 0.007345023653882901, 0.007268403544599559, 0.007283759578941185, 0.007200813366285275, 0.00715966432892845, 0.007090125174682815, 0.0070922204950279845, 0.00706792545368616, 0.007126697404623617, 0.007064988968652156, 0.007122284967085195, 0.006984842348949792, 0.0069525112256693744, 0.00699746113680903, 0.006996565194380358, 0.006876840754514426, 0.007015769993841517, 0.006836501401795092, 0.006842812798269076, 0.00693275003256105, 0.006821676567988763, 0.006817740019149098, 0.006714994040950443, 0.006869789773616118, 0.006810924575490065, 0.006906699171650773, 0.006982620899141559, 0.006805854945844364, 0.006694781993726886, 0.006757827122000632, 0.006732828330782545, 0.006654334705251118, 0.00669279143243049, 0.006608395981397538, 0.006705460976454622, 0.006591071987343536, 0.006637525770814809, 0.006564838879022395, 0.00651120108281564, 0.006538664666760136, 0.0064543092045330356, 0.006445166532572488, 0.00641344030897582, 0.006378050111283327, 0.0064006372057249595, 0.006370573676379002, 0.0063218358006034555, 0.006311835090869941, 0.006288519138367658, 0.006251239025561578, 0.006258803054209865, 0.006299818518101569, 0.006235844086312445, 0.006299054220897538, 0.006285442321643939, 0.006229564552692844, 0.0062270660695007965, 0.006173093981500732, 0.006186517568734468, 0.0061927520010886744, 0.0061232625352890535, 0.0061274606471438346, 0.00614202955593544, 0.006023347929321205, 0.006102435985515227, 0.006072884702578443, 0.0060059539345437875, 0.006004864539598516, 0.005992412608393788, 0.0059567085847902525, 0.005932588805694752, 0.00593535226714475, 0.005963717194310883, 0.005847447483161814, 0.005893276360427243, 0.005963776934703006, 0.005814389329974115, 0.005819820008570272, 0.005782967650346576, 0.0058344343914698915, 0.005817491662432655, 0.005739447338652187, 0.005738841729790412, 0.005773167170815408, 0.005710865294410416, 0.00574851018093456, 0.005733890554289075, 0.005691070754468042, 0.005654533852332127, 0.00569991555690889, 0.0056832822665308395, 0.005663305329584387, 0.005652583393996255, 0.0056094427447548854, 0.005734424809134245, 0.005612574448172696, 0.005627707445268235, 0.00563517554298648, 0.005623764788359751, 0.005581684947463802, 0.005531640341630856, 0.005516852400749989, 0.005532821189205015, 0.005483925100619482, 0.005496654800942812, 0.005462818489842074, 0.005434623257520014, 0.005516092126949423, 0.005453574554782703, 0.005346356685609321, 0.005368500768428661, 0.005344645484320001, 0.005369313299731161, 0.0053372917906991035, 0.005341120004620431, 0.00529499036897891, 0.005260134858674239, 0.005301789729801152, 0.0053713439380435385, 0.00524651252801791, 0.00532001185528431, 0.0054558961910779824, 0.005450539161026614, 0.0052038804420242255, 0.005267223925536998, 0.005213862634515264, 0.005134935056619705, 0.0051607529856378944, 0.005150426684914265, 0.00510566242872483, 0.005230959785000337, 0.0051521570234454315, 0.00506828074939828, 0.005055924095275454, 0.005213621442629648, 0.0052770478333391485, 0.005069960955099165, 0.004993287220578387, 0.005050711939827998, 0.005037372729409241, 0.0050678400136717795, 0.004978846663301312, 0.005015756993059429, 0.004984718731496687, 0.00500908566389867, 0.004942586000964924, 0.004975594667374619, 0.00491506028110006, 0.004867998637256162, 0.0048141699003938325, 0.0048815703021307085, 0.005008054123215424, 0.004977563049544267, 0.0048822593945503446, 0.0048792873517781036, 0.004941216207031805, 0.004821739975279215, 0.004788922125337548, 0.004783828520490464, 0.004865636108222658, 0.004823027682544308, 0.004751426103435893, 0.0047296475078010625, 0.004675374780659352, 0.004662309676060978, 0.004760711961779685, 0.004776144231877128, 0.004599540824312661, 0.0047076292868410835, 0.004743734832954347, 0.00452861366252107, 0.0045974013450594655, 0.004556039638726689, 0.00470971074614352, 0.004523987622287185, 0.004540693233123924, 0.00466658753771767, 0.004511618490497026, 0.00460471846152825, 0.00450870454309798, 0.004562888665577843, 0.004595482482296898, 0.004555045416385573, 0.0045401377675906894, 0.004434051201230985, 0.004402055132934448, 0.004410547926853982, 0.004421434286158273, 0.004356087136376863, 0.004332254071774056, 0.0044696830430359154, 0.004390325951062581, 0.004361091053101251, 0.004370800943045017, 0.004414729504936071, 0.004357436156457517, 0.004387191132782797, 0.004306830280371112, 0.004275471480018888, 0.004272464940973133, 0.004259774955724816, 0.004241227502834889, 0.004267672449523933, 0.00424749565043938, 0.004262862955128905, 0.004197480707292781, 0.004279637272801723, 0.00426378854459151, 0.004240043386827494, 0.004157844667039371, 0.004141086011282255, 0.004160323874590794, 0.004113961045446608, 0.004117751329729435, 0.004149513892845905, 0.004129488866213129, 0.004121744744808465, 0.004046669893402549, 0.004057232794343711, 0.004077363226920378, 0.004067494441259967, 0.004058348699105734, 0.004176718340817172, 0.004018648919350046, 0.004009808322709276, 0.004068911980664169, 0.003980250714066889, 0.003973795677546183, 0.003958267240567048, 0.004023099122413941, 0.004057628457732013, 0.004025812406467824, 0.004010354895746244, 0.003980784638140098, 0.003924591314395016, 0.003975368902606947, 0.003874113928098495, 0.003949912138212942, 0.0039264246453442056, 0.0040514407301821, 0.003914843999785421, 0.0038682354831408835, 0.003867782383214406, 0.0038285834074141306, 0.0038463400430245624, 0.00385973088729166, 0.0038225474849435306, 0.0038371834120991223, 0.0038636805912412755, 0.0038029386506886515, 0.0037289380907637674, 0.003814498098399581, 0.0038444083196659943, 0.0037553539572940412, 0.003711352959574793, 0.0038026771913905314, 0.0038119901110198547, 0.0038215556757338963, 0.0037446017753166192, 0.0038298503092118272, 0.003787679463818072, 0.0036830791906738926, 0.0036706397920511238, 0.00369191132522686, 0.0037180311510509297, 0.003806478949431864, 0.0037521500601301492, 0.003600535417513809, 0.003754029589965879, 0.0037440467463253895, 0.003632652851338293, 0.0035642874277896004, 0.003657101499804223, 0.003655458799713034, 0.0035801046849943483, 0.003571280070934542, 0.0036091711924852556, 0.003556870660731728, 0.0036086697770419244, 0.003604628266403226, 0.0036468649105557125, 0.0035770432832494953, 0.0036140846020647223, 0.0035230325173884777, 0.0034805607145901615, 0.0034826111446143422, 0.0034688217025355323, 0.0034667148196007302, 0.0035197925639307228, 0.003490622624657153, 0.003442840751560035, 0.0034712808590840138, 0.003495851798287568, 0.0034909779220910126, 0.0034891625405220742, 0.003452500455958821, 0.0034765650714450452, 0.0034415409848242927, 0.0034136825855367436, 0.00337198924413741, 0.0034194038723488816, 0.003555120106093854, 0.0034068708056705756, 0.0035104573748627435, 0.003367556771360405, 0.003321264225820956, 0.0034684843239445136, 0.0033349643642230017, 0.0034782838710871538, 0.003853151824285485, 0.003342649250188465, 0.0033250024884440453, 0.003391269555160732, 0.0032784342176189964, 0.00337111042751768, 0.0033271833075615227, 0.003306540885396472, 0.0032419405009168926, 0.003196632562723577, 0.003293761923016847, 0.003258891737507262, 0.0032334685313517757, 0.003258966142029911, 0.003226527673698883, 0.0032519575167473595, 0.00319088549056369, 0.0032448707116411544, 0.0032254329197856455, 0.0032302709548230695, 0.0031709434285663125, 0.003367769741346977, 0.003280024396649586, 0.0031673921838403962, 0.003154173467826854, 0.003207053236141745, 0.0031503285479521498, 0.0031470899958036813, 0.003163002612457522, 0.0031383395079939247, 0.0031491603747885203, 0.003247106110269428, 0.003252223656214971, 0.003205901618847153, 0.0031439666251977584, 0.0032027595736980577, 0.0030764765209583215, 0.003193834861570789, 0.0032263779426653285, 0.003087429457890291, 0.003107752321998288, 0.003093201679902793, 0.003047526440828043, 0.0032163376987506377, 0.0030981675493910858, 0.0031756115218576422, 0.0031337578284150154, 0.003083965739354436, 0.003093750253534478, 0.0031014324755282876, 0.003107420744927508, 0.003130111269498306, 0.003137314813135744, 0.0031779149724192753, 0.003160627036672321, 0.003110502360687867, 0.0030650958992539637, 0.0031053448933021847, 0.0031263333990190806, 0.0031224523678255113, 0.0030006522892454452, 0.0030439135535372864, 0.003052502717498658, 0.003106200038654523, 0.0029725967589710254, 0.0030792935931622145, 0.0030788901904678133, 0.0029985876584793206, 0.002980365355495113, 0.0029759813925229308, 0.0029825316933994876, 0.002962699395109755, 0.003021599803290269, 0.0029786155707974935, 0.0030002798539298225, 0.0029766606356325122, 0.002959305998239014, 0.0029123372216946757, 0.0029275531755631567, 0.0029708938835055214, 0.002932686397031614, 0.0028950735663100455, 0.0029900742338216154, 0.0029266804655825244, 0.00294545498167689, 0.0029664758854884084, 0.003003362021970164, 0.002909795271393721, 0.002895833123570471, 0.002913177507726876, 0.0029777913341629647, 0.002851133170974026, 0.002919232705813105]