Model Setup for Neither Patient 10:
ITERS=1000
LEARNING_RATE=0.001
OPT_RESET=None
ATOL=1e-05
RTOL=1e-05
METHOD=dopri5
Input channels=2
Hidden channels=32
Output channels=2
Runtime=132.5487048625946
Optimizer=Adam (
Parameter Group 0
    amsgrad: False
    betas: (0.9, 0.999)
    capturable: False
    differentiable: False
    eps: 1e-08
    foreach: None
    fused: None
    lr: 0.001
    maximize: False
    weight_decay: 0
)Loss over time=[1.1668416360314746, 1.1497068812645002, 1.136267752336507, 1.1246109254351562, 1.110667185983575, 1.0974586688562786, 1.086846547086471, 1.073384683801799, 1.060924906516423, 1.0478602027396764, 1.0381797233425836, 1.02588908094933, 1.0137731895749231, 1.0065142251421912, 0.9938573238679242, 0.9842180371183759, 0.9768872173675852, 0.9669473519789605, 0.9576423446355016, 0.9496343506655353, 0.9401351906865147, 0.9341656386959236, 0.924018825399843, 0.9164480479303182, 0.9079865891407067, 0.9009324414835788, 0.8949074605575461, 0.8872922305971133, 0.8779139089772687, 0.8740208351124591, 0.8664546734414912, 0.8597331315465456, 0.8547175263528103, 0.8474681229850284, 0.8408162655308541, 0.8330418000267311, 0.8281499554233666, 0.8233654244840146, 0.8172586695377568, 0.8122203280391379, 0.8051888905206805, 0.799399657536473, 0.793236328376564, 0.7872032292848344, 0.7826534387683264, 0.7752228795912433, 0.7690511186796919, 0.7626284789959634, 0.7570286357103927, 0.7496134992231837, 0.7449677695711269, 0.7394474704486895, 0.7333674965367315, 0.7278988985186995, 0.7222418221300518, 0.716048196249901, 0.7098349052437385, 0.70490240601619, 0.6994303437762337, 0.6942631363913141, 0.6900451194912868, 0.6813408676320036, 0.6762192444339564, 0.6721444629054957, 0.6664939832650925, 0.6605837389820304, 0.6549186536222301, 0.649405666014532, 0.6442134675120471, 0.6398501334524489, 0.6341216487083401, 0.6299320476545407, 0.6238484431386406, 0.6184678019516693, 0.6124065087533849, 0.6076179143520584, 0.6031511411669475, 0.5968375913888191, 0.5910462036322958, 0.586980093775035, 0.5810844785727171, 0.5759614042435567, 0.5717028484010981, 0.567464821310284, 0.5616029394107634, 0.5551963120285592, 0.5507471337778401, 0.5463927202478014, 0.5419838124421994, 0.5365508234722243, 0.5335387604882809, 0.5261677540092642, 0.5220206310510555, 0.5179141981700603, 0.5121756635728514, 0.5075079251444149, 0.5023440043721918, 0.498593484392263, 0.49423395008487636, 0.4890338290020637, 0.485426633087501, 0.4796042026111516, 0.47583832480154276, 0.47166426595416, 0.4667870416920474, 0.46072396464063387, 0.45830817932992024, 0.4516648875423403, 0.45076836327204384, 0.44544309964234563, 0.4402056347303528, 0.4362266189986761, 0.4330781904427118, 0.4271041847034681, 0.4229888370608453, 0.4187462898755454, 0.41160655342203145, 0.41103963912402386, 0.40687096669905265, 0.4027767734813359, 0.39964764375007983, 0.39471578384712563, 0.3911936345647934, 0.3869140733340038, 0.3817617615603906, 0.37818695823152876, 0.3740315192889392, 0.3691556517276248, 0.36624334069862774, 0.3627152186235387, 0.35784768072873596, 0.3552071691174732, 0.35092649848945495, 0.34728309089626364, 0.34324177115713833, 0.33977007508996393, 0.3362423626974086, 0.3329744864569835, 0.32875878492973293, 0.32554090010338216, 0.3231924540121813, 0.3192843932238007, 0.31443782220344624, 0.31251597656756835, 0.30816938586509895, 0.3056797845883923, 0.3017605862882404, 0.2982492183590463, 0.295650534544861, 0.2920835009061671, 0.28818125227783253, 0.2838828044469335, 0.28237027131504083, 0.27878615181543864, 0.27554116649761645, 0.27350585531884514, 0.26876757292903625, 0.26693292572114236, 0.2640567300442144, 0.26019139150945425, 0.2574549236039823, 0.2543450807835461, 0.25085303098088707, 0.24751098822551718, 0.2436258145794764, 0.24167965365856967, 0.238595688494045, 0.2361803077648136, 0.23404498970003296, 0.2309033489886273, 0.22694270642212697, 0.22500394149069114, 0.2222048915991796, 0.22105557978844265, 0.21808955256310034, 0.21505794545045312, 0.21164239748189326, 0.20972366711594947, 0.2066355893204883, 0.2040742819570606, 0.20077058811460366, 0.20077874943459326, 0.19676871601501017, 0.19384232876433047, 0.19166406026968483, 0.1896763212581904, 0.1862749147542903, 0.1850825629409381, 0.18145582876552793, 0.17832401491312866, 0.17696055345904424, 0.174998636376403, 0.1721002038605688, 0.16979347870426933, 0.16826484751458237, 0.16656408749866977, 0.16347011147703164, 0.1619759396301374, 0.15930494990214447, 0.15665504998394378, 0.15522326283636528, 0.15211213055385844, 0.1513821186440548, 0.14892891224693552, 0.14648937999493727, 0.14287374245563675, 0.14156878132606202, 0.13989060240367313, 0.13741454246335774, 0.13590794860368444, 0.13317788227739372, 0.1307295452917528, 0.12931854986388813, 0.12645153373222723, 0.12453261088473143, 0.12306968972225345, 0.12020706057284415, 0.11883642502046156, 0.11667995615901093, 0.11418517617553751, 0.11227610378849061, 0.11048213969853188, 0.10830779268443323, 0.10598564279371807, 0.10496014416350431, 0.10239810141741103, 0.10088982495747544, 0.09898019162793387, 0.09680952183898599, 0.09589893382492813, 0.09434528078092175, 0.09215945477566848, 0.09105980103524171, 0.08892538361273485, 0.08825014250682517, 0.08622682981513362, 0.08521735955463443, 0.08373303313472648, 0.08260217495852742, 0.08137818415356259, 0.07956459653109084, 0.0787875293864805, 0.07788406026036586, 0.0763749029063651, 0.07581679481244284, 0.07479836083526682, 0.07405982891969765, 0.07286426274402093, 0.07208700919930283, 0.07130868666680039, 0.07050803991007148, 0.06978591244017346, 0.06913308310353769, 0.06815481666123817, 0.06799053289667398, 0.06675526028063887, 0.06599931908266643, 0.06533321206292862, 0.06529522268728952, 0.06427993334156738, 0.06373842766512075, 0.06287809711401536, 0.0628298621290282, 0.0619841371487607, 0.06145863022456872, 0.0607532226712614, 0.06070806221311633, 0.060225045315883526, 0.05958451386623405, 0.059023553302837574, 0.058545689092837465, 0.058142850676258566, 0.0578204712147716, 0.057284165041801775, 0.05707596591396069, 0.056622949174048726, 0.05617498904757461, 0.05571288428116887, 0.05539238559735544, 0.05487027920223156, 0.054743784929778376, 0.054387811475263774, 0.053948348699196715, 0.053742056741693627, 0.05323276815837876, 0.05288201856171614, 0.05258939904374644, 0.052293811491396336, 0.05232270373477002, 0.05168218130215978, 0.0514913940952545, 0.05093586191747064, 0.05079784177987998, 0.05050185445308768, 0.050229174598704636, 0.04985039462777185, 0.049587696336630474, 0.0493362498395235, 0.049043443815476956, 0.0486977087556592, 0.048685446763159494, 0.04820275530557265, 0.04791381589062694, 0.04773219655859906, 0.047460510820284664, 0.04741749410053651, 0.04705411599738069, 0.04690551198040124, 0.046579562437068046, 0.04659193491258567, 0.04610046861783816, 0.04581481147422995, 0.04558303540792386, 0.04528994770957977, 0.04501337516406583, 0.04506888012738068, 0.04468626300397019, 0.044444522122727155, 0.04429321606542846, 0.044182461026895166, 0.04392926628800591, 0.043577365387431524, 0.04338635496109832, 0.04316951929523783, 0.04289500249889441, 0.04263792445735016, 0.042483836635159394, 0.04286801149345129, 0.0422644368727929, 0.04197305171555407, 0.042019689892672796, 0.041697669059159996, 0.04144429815484165, 0.04115789260879353, 0.04085253994964821, 0.04074509046668268, 0.04055956309288411, 0.04049689013647951, 0.0400854753383191, 0.03984812719897372, 0.03990531127485219, 0.03957768852789029, 0.039290489247326234, 0.03951594718043733, 0.03891775831390474, 0.03865226241726532, 0.03860929003014709, 0.03841799631958843, 0.038201985337746276, 0.03804962495583481, 0.03817573776940612, 0.03766486518557402, 0.03763373852434633, 0.0373451791916469, 0.037130580315723166, 0.03701898759004818, 0.03687990523126942, 0.036750022691258474, 0.03671608399263079, 0.036477575756502414, 0.036272667418067256, 0.035927759545709245, 0.03589503801173099, 0.03553827429742526, 0.03537266316841687, 0.035253225497880125, 0.035265163847497845, 0.03498169644968599, 0.035600749201363864, 0.0346015957849364, 0.034780648692582176, 0.034851790099873235, 0.03424554008074253, 0.034243814794868384, 0.03408437709680374, 0.033756766229541775, 0.034014748508377844, 0.033647861393996954, 0.03338967881533386, 0.033528422923278574, 0.03306301561985652, 0.0328860688936739, 0.03282883204350731, 0.032550408518342615, 0.03249355342927309, 0.032428043032661315, 0.03216070444177885, 0.03211134932107129, 0.03196783877825575, 0.031929380475955, 0.03311135990451915, 0.0323987039881837, 0.033605362961995865, 0.032220314412122246, 0.031220037521493636, 0.03152275920654125, 0.030970742874483707, 0.031146365699324316, 0.03237267305228789, 0.03067541886890474, 0.031033699822892117, 0.030243747850261012, 0.030180509932749334, 0.030326669874152477, 0.030049393292853145, 0.030896404738886326, 0.029646499697457033, 0.029635300273234678, 0.029591493043876826, 0.02961358218409986, 0.02907979946253333, 0.02932843189820405, 0.029049469066981578, 0.02917627391833211, 0.028718828688711385, 0.02875995404621834, 0.028626433058524123, 0.028884338242703658, 0.028678111717590007, 0.02843595224908768, 0.028103866478419025, 0.028157614444281612, 0.027955556597549638, 0.027909494851248676, 0.02791621622089018, 0.027702840334703546, 0.02958134366392207, 0.027449863883181214, 0.02864746728861074, 0.028416464524943254, 0.027051551360564738, 0.029686850833177205, 0.02703463243014117, 0.02851909377730475, 0.029500991723969725, 0.02758840637780243, 0.026773530050646543, 0.02927947640830921, 0.0266046191609598, 0.028231586028369105, 0.029010511664270565, 0.026538520525231254, 0.027021395441922468, 0.026839811805040133, 0.025878543885584426, 0.02628721434130913, 0.026237906748259956, 0.025731770286113762, 0.025847093027217775, 0.02664778713980028, 0.02571628015978975, 0.02645500057521386, 0.02606503404042028, 0.025131529740508807, 0.025257751273333552, 0.027883740766709453, 0.025705321961953388, 0.027586615843828353, 0.027243899483113808, 0.025344984905354803, 0.025156862532696965, 0.02612534114266608, 0.024505354946833716, 0.025385473244405543, 0.02590769233161285, 0.025361273033287668, 0.024127335141498174, 0.02785120216416352, 0.02443939774416963, 0.025579678590256817, 0.027226897725067124, 0.025769444248920872, 0.02400092280708275, 0.025454509328905216, 0.024680917113103388, 0.023644998599854253, 0.024769111559071175, 0.024733373762844013, 0.023418910801191073, 0.023982884042688023, 0.02370222855371978, 0.0232294505532829, 0.02350619915651516, 0.023493044040005854, 0.023159962245082023, 0.022926530271178466, 0.023135899535030976, 0.02292725157792241, 0.022812034071558008, 0.022811807625844786, 0.022713541953119507, 0.022643876022854913, 0.022522372787761105, 0.022635052896641902, 0.022413942010214752, 0.02247402049493871, 0.022333095362645106, 0.022116954190897313, 0.022186754023394987, 0.022031556485495544, 0.022107727770732614, 0.021797157835983152, 0.02177854986825508, 0.022002914105828962, 0.022058242026514845, 0.021718750356529242, 0.021894011768774705, 0.02254006682363402, 0.021711481316655342, 0.021731195941040813, 0.02145428925341366, 0.021238728219763345, 0.02184468229442242, 0.02125999180077612, 0.02158467297925837, 0.021435746699121242, 0.02100770348128181, 0.020966878505674462, 0.020984650422319756, 0.020886321402690363, 0.021125117631869514, 0.0207461674903635, 0.020751305359680845, 0.02076966774338064, 0.02060200557878877, 0.020630077246157646, 0.02052441197395544, 0.02043757251038665, 0.020506692476513138, 0.020413126818883187, 0.02029832785987331, 0.020236874817197645, 0.020179013623808528, 0.02027080195138101, 0.020169444129897778, 0.02003525310331458, 0.020036157152836423, 0.01998006593444355, 0.01991029968661038, 0.01989318089775318, 0.019823020106419356, 0.01983095893208079, 0.020757386959894385, 0.021173990675299986, 0.021925362718137678, 0.019733092274234816, 0.020670052889661627, 0.01991812034491938, 0.01989331661167317, 0.021150750184092067, 0.01945788483169533, 0.019796883782818055, 0.019808158709165396, 0.019409413766272775, 0.0203060630887385, 0.019297783644628558, 0.019292817608551935, 0.019165882355144936, 0.0214727713595709, 0.019111010339468004, 0.021412377523443233, 0.020989019960938434, 0.01901729628819759, 0.020079801753164664, 0.019527912966010245, 0.018970691126436973, 0.02007650002582529, 0.019725434372400576, 0.01875405409669502, 0.019747378029002186, 0.01938321332892794, 0.018763678462035804, 0.018826939289421977, 0.019307986290981467, 0.018939897872651056, 0.01906811500877511, 0.01922231416186315, 0.018478931498271817, 0.01892209691382649, 0.01931423363443335, 0.018380214969779096, 0.0186119655654956, 0.018638719944336395, 0.018259166346392238, 0.018339223353661168, 0.01849785302491627, 0.018444825555243276, 0.01819786167536704, 0.018794161077342143, 0.01818922895105242, 0.018537443641388568, 0.01820064430117897, 0.01862588652070516, 0.018115019089932672, 0.01794943432534628, 0.01788158612744886, 0.017736611518973117, 0.01790572719264902, 0.017819165222390656, 0.01777813738495576, 0.01775334279922566, 0.017777315240598765, 0.017658396101805914, 0.017599695977401235, 0.01775946884732762, 0.017856933274548074, 0.017625237814932918, 0.017623422522627382, 0.01766497386223982, 0.017517955123949245, 0.01762460971573264, 0.01743563907339253, 0.017401495157135016, 0.017498791283508074, 0.017392810388604865, 0.017515345120657153, 0.01747146060624251, 0.017294771975233405, 0.017341159679395157, 0.01723119314943418, 0.01727512272368539, 0.017110808602505877, 0.017138601320673717, 0.0171781494660692, 0.017060543975924526, 0.01709247667067948, 0.017295294654050695, 0.017078417194952004, 0.0177401092107405, 0.017038422029040427, 0.01749896126307262, 0.017052452245090763, 0.017275333209741908, 0.017420530331654614, 0.017068712997748956, 0.01761490895791127, 0.016993259790834915, 0.01745747053913267, 0.0170518992854612, 0.017062472370486668, 0.017289556609967578, 0.016789406014889593, 0.016991903116840415, 0.016898489580091273, 0.016939366104393824, 0.017017009878418508, 0.01670275851868355, 0.016495936987292972, 0.016781660461115237, 0.016500215644431694, 0.016645422053739024, 0.01675402910754229, 0.016469502294749198, 0.016524288205709673, 0.016468768620418614, 0.01634399977674961, 0.016366777778438594, 0.01634998807111544, 0.016470733067392444, 0.01648191135124136, 0.016509214147398657, 0.016404526594697717, 0.01649302578602543, 0.016254518937118653, 0.016320397450853303, 0.016472342312225472, 0.01633495684468124, 0.01627154038627504, 0.016063402241787813, 0.016105734585147084, 0.016278908368973912, 0.01615967383830923, 0.01606120905913161, 0.016156789251121087, 0.016199162930768393, 0.01621823332531739, 0.016153113344364898, 0.016226687222837818, 0.016251743237772287, 0.016175993766167098, 0.016074197632159407, 0.01590524239351056, 0.015869112128594206, 0.01584329973453502, 0.015952998534021833, 0.01588739016566585, 0.0157913602521615, 0.015816946282584666, 0.015709542906377067, 0.015611153788599797, 0.0155975776708715, 0.01580467484094086, 0.01567686658944623, 0.015582845379462147, 0.015752635771283694, 0.01581073420066289, 0.015810295140351534, 0.015591638041788427, 0.01573180273531382, 0.015449452203999932, 0.015694184840625226, 0.015515811777513213, 0.015521457252082758, 0.015557047792262456, 0.015564634963723446, 0.01564399471430613, 0.0156598161157917, 0.015556786976987508, 0.015356054828334327, 0.015299119857840644, 0.015511413974212823, 0.015320838729245124, 0.015458405716047764, 0.015452857966029666, 0.015405864846359873, 0.015298768438246312, 0.01540829761964249, 0.015216527122111429, 0.01529862689157794, 0.015242488765216848, 0.015231104829065168, 0.015272399321435794, 0.015243257221735503, 0.015151850688721047, 0.015248928897761044, 0.015099626866049265, 0.015043813251014428, 0.015047574490516363, 0.014996109917911761, 0.014985357643826852, 0.015084593422460274, 0.014977400405475962, 0.01504531834839401, 0.015138648231296133, 0.014985501352236953, 0.015136653285121532, 0.014976026944478893, 0.015069207180986411, 0.014904596751769411, 0.015050519621849594, 0.015070006687286681, 0.015201707225700755, 0.01481510805027857, 0.014963570546931542, 0.014947638009550257, 0.014948429743458643, 0.014784974795670482, 0.014992441069103595, 0.014887673785184886, 0.0148729850376761, 0.014689843865613549, 0.014775129419062472, 0.01478714781382714, 0.014846531559138258, 0.014843329496053215, 0.014798408438934941, 0.014836741732263787, 0.014767107364807908, 0.014949985362815398, 0.014911633409506346, 0.014777992227326293, 0.015038709513299907, 0.014736804483762002, 0.014998162986969859, 0.015062199675799437, 0.014863025685418746, 0.015056990691645523, 0.014492434095428997, 0.014816061682049169, 0.014782525295225805, 0.014830917604373535, 0.014549323854681762, 0.014503898833420998, 0.014800634626443944, 0.014594804195153943, 0.0145699327505788, 0.014500126564716413, 0.01440157505892914, 0.014261175269125563, 0.014392373833827448, 0.014383711387925796, 0.0146044358224295, 0.014369613559284193, 0.014640558006865279, 0.01427747466256492, 0.014587964708940514, 0.014602488187644681, 0.014402743787345424, 0.014815450346758212, 0.014344402494729734, 0.014166781762524033, 0.01452119985886547, 0.014408159093194133, 0.014292118454420834, 0.014377802271704375, 0.014376756242186912, 0.014196818103276644, 0.01418835515030348, 0.014160931185811939, 0.014221515024400673, 0.014112775824243817, 0.01412694859026241, 0.014065135740877864, 0.014468968691930699, 0.014190950236320821, 0.014311623991645787, 0.014280969170821382, 0.01416380811570314, 0.015064763971926102, 0.014218680274941569, 0.014680281052725742, 0.014454950876399818, 0.014756246109138891, 0.014162221694750765, 0.014155501336990074, 0.014212577612421194, 0.013963615089338176, 0.014141078589692822, 0.014114896838640928, 0.01405201683514331, 0.01438145111568778, 0.014025321420066407, 0.014009158076913619, 0.013962797028162234, 0.01404726318433188, 0.014006898292313247, 0.013852232511746663, 0.013749526206708457, 0.013720222434694578, 0.013737323888865938, 0.013865835514548697, 0.013728654854535978, 0.013832384616352928, 0.013754197532010105, 0.013655455614796723, 0.013703613532516125, 0.013536510412751133, 0.013763958929704988, 0.013643685435354441, 0.013743929424197637, 0.01371173003408699, 0.013719893322258803, 0.013783215052137742, 0.01368609942017207, 0.013494219078417542, 0.013705118003237189, 0.013541623229833042, 0.013645910311364855, 0.013581025256022393, 0.01362714873455092, 0.013468598489372062, 0.01356495782912615, 0.01347156280413244, 0.013460397719087348, 0.01382129915514848, 0.013570201563974593, 0.013581003476451586, 0.013557381456976996, 0.013837856936227872, 0.01340832491086087, 0.013649844955411454, 0.013551654285564927, 0.013300751467860687, 0.013499749771223896, 0.013326044256530946, 0.01345167410360163, 0.013352991641706835, 0.01335393470451885, 0.013660278001555564, 0.013348966618940543, 0.01328394878989085, 0.013311141897928551, 0.013266742718406721, 0.013333334547382973, 0.013539382119401594, 0.013356000355609216, 0.013449473373051314, 0.013326483333060728, 0.013335176836539047, 0.0132084948052019, 0.013355314651717324, 0.013541969635545666, 0.013290320074739794, 0.013149010463206335, 0.013216497829046013, 0.01315010722929218, 0.013072995468731075, 0.013080379882029891, 0.013212389501953449, 0.013218584321457815, 0.013417258733598255, 0.013031934735642892, 0.01316830841939649, 0.013211167196858125, 0.013294947180635064, 0.013435338760304989, 0.0129991296306266, 0.01321505292606966, 0.012991651102174366, 0.012898545257624667, 0.012952319672893597, 0.014109823363694275, 0.015321997744608818, 0.01488018591539252, 0.012984328459923694, 0.01973897284648946, 0.03181041134856427, 0.033031097606830866, 0.017962120364281266, 0.018229848881357116, 0.027359668827797733, 0.027188671719342763, 0.01869756508109664, 0.0140242105302916, 0.02078262743107745, 0.018342528254326838, 0.012874525016198733, 0.017115291047027758, 0.01841191700864839, 0.014819867833662702, 0.01341845635717096, 0.016988173661241033, 0.01448260972709674, 0.012882556024275156, 0.014895774228557285, 0.015316135450988673, 0.013209057655983854, 0.013293550903223273, 0.01470219107326323, 0.013677858404306336, 0.013004356139616573, 0.014202066706679985, 0.013898975702081061, 0.012735576377775105, 0.01322895820970194, 0.013443491691612642, 0.013067304502520886, 0.012870591941538551, 0.013176806284814463, 0.013249259044860667, 0.012703136490759588, 0.012841095998374118, 0.01323374865712748, 0.012979976085677107, 0.012705877823493831, 0.013073180924767875, 0.013081112957064505, 0.012727554983848212, 0.012639221896055645, 0.01397628014113476, 0.012617213726791905, 0.012589144354490371, 0.01272434608347802, 0.012609739717726881, 0.012413541437422758, 0.012534942264466596, 0.012738975662915602, 0.012426852837516367, 0.012396125605738197, 0.012497879628548942, 0.012546727134186255, 0.012489528902228214, 0.012529447818141477, 0.012356987440589957, 0.012508172758638624, 0.012341579209547452, 0.01248014344141018, 0.012481020820696053, 0.012336457717597, 0.012375330519992829, 0.012221553467071045, 0.012407298352559326, 0.012561065109604303, 0.012476363220440155, 0.012295751329066863, 0.01232736312974706, 0.012391487146624853, 0.012231522560840454, 0.012145701148356136, 0.01210371051440483, 0.012126706451170205, 0.012314864680657423, 0.012138766312112375, 0.012086203431156963, 0.012102505085822219, 0.01257980812438429, 0.01216089635235008, 0.012338720970038537, 0.01224506741981536, 0.012131545929643855, 0.012247134614196587, 0.012290739830463537, 0.012143483475949656, 0.012147099635079166, 0.012309128364039634, 0.01206511238470015, 0.011968029888888142, 0.01236145463690953, 0.0121123184817662, 0.012103787797205652]