Model Setup for Melancholic Patient 6:
ITERS=2000
LEARNING_RATE=0.001
OPT_RESET=None
ATOL=1e-05
RTOL=1e-05
METHOD=dopri5
Input channels=2
Hidden channels=32
Output channels=2
Runtime=378.41508197784424
Optimizer=Adam (
Parameter Group 0
    amsgrad: False
    betas: (0.9, 0.999)
    capturable: False
    differentiable: False
    eps: 1e-08
    foreach: None
    fused: None
    lr: 0.001
    maximize: False
    weight_decay: 0
)Loss over time=[2.812229600096379, 2.702220343990113, 2.6095499106876443, 2.532881225548147, 2.4478366323905534, 2.362994296396781, 2.2724424114502253, 2.188765931660495, 2.1046204595621503, 2.0471025524720976, 1.9837655428019196, 1.9378399272630966, 1.8957788488700127, 1.8504945762466627, 1.8164831902608098, 1.7663756088139386, 1.7329436050543203, 1.692389190745255, 1.6781490806187436, 1.6437533736039562, 1.6206936576361277, 1.5951776564838418, 1.5701005475831813, 1.5430679889418835, 1.532470294251837, 1.5040957495314897, 1.4891197481988123, 1.4683103880863972, 1.4522198538243243, 1.4283062761734633, 1.417855455854234, 1.4053223672976793, 1.3940301733541278, 1.3791453399639524, 1.3700972901833761, 1.3617697909240531, 1.3498668708665635, 1.3415192750139644, 1.3334119284452073, 1.3257636011194598, 1.3176303751438478, 1.3093877570604049, 1.3023123714969858, 1.2960161647545725, 1.2867131568343757, 1.278115134975173, 1.272425780405814, 1.2639302032742576, 1.2567920339553007, 1.2490386450872926, 1.2426482058871402, 1.2358587284305462, 1.2299483516991088, 1.2217989616307798, 1.2153097041908696, 1.2093089506402932, 1.1999059018462581, 1.1929118645300831, 1.185636124149841, 1.1792432387159915, 1.1719569433067767, 1.1612249762777762, 1.154176748384279, 1.1461852732983455, 1.1371976692989343, 1.1267037849730661, 1.118019469724255, 1.110637189181888, 1.09741488818087, 1.0831489043560898, 1.0681499934467191, 1.0522739397129728, 1.0400564356384643, 1.0256607182596535, 1.0112638643971246, 1.0014011615950003, 0.9925610883067606, 0.9879576361781958, 0.9796164144015431, 0.9736738253332452, 0.964071704836725, 0.9576109340626705, 0.9471422663372002, 0.9387840595771618, 0.9334167941686524, 0.9282727960835601, 0.9230213180195392, 0.9153044569989219, 0.907897631581497, 0.9006718940575087, 0.89477393429413, 0.8871543137296327, 0.8801294311348206, 0.8747889547438635, 0.8682579199359618, 0.8618024363921432, 0.8549326778809562, 0.8479837608689966, 0.8424119387461547, 0.8370216731117885, 0.8308505164847143, 0.8257119085243624, 0.8194764194391774, 0.8137303292867589, 0.809484313768034, 0.8045481672274174, 0.8000827265224637, 0.7951396340463418, 0.789561538626364, 0.7845695520280302, 0.7802828961438998, 0.7745227140703302, 0.7714247454795351, 0.7681967208961115, 0.7639468241269547, 0.758952656978286, 0.7572094944128914, 0.752755749256093, 0.7459944658449693, 0.743516944827046, 0.739503412945327, 0.7372829445232728, 0.732029653651652, 0.7274221402383119, 0.7246029618340007, 0.7203592256618804, 0.7157931854866164, 0.7128754632558345, 0.7091082981253232, 0.7054843924759971, 0.701637507873833, 0.6979965082890034, 0.6954474831196996, 0.6916894046081693, 0.6873834761828207, 0.6842431646885448, 0.6812037144106505, 0.6762996260595312, 0.6748484030794629, 0.6705817662736312, 0.6655444415162782, 0.6656543605501046, 0.6606512938419773, 0.6585163418479021, 0.6548793577161676, 0.652438848093415, 0.647203445245533, 0.6448232004851424, 0.6399809968009161, 0.6378767370463836, 0.6365216680802841, 0.6335930512294154, 0.6280864479337605, 0.6289089481809668, 0.6216066335623714, 0.6177437159129201, 0.6178397327713719, 0.6201874692679276, 0.6093879975177697, 0.6155303794345177, 0.6101443382482757, 0.6015126652172831, 0.6023255978508074, 0.5976908076616043, 0.5966678828615541, 0.5908441162367889, 0.5859806840778501, 0.5888455424707683, 0.5866686166778826, 0.5769844098826994, 0.5758959926513829, 0.5738256191728124, 0.5704169003411582, 0.5704075862036067, 0.5638503072086946, 0.5620121271044571, 0.5599659261136627, 0.5556437383231342, 0.5548639174083726, 0.552063659015266, 0.5474583652519649, 0.5449844053819803, 0.5429318787254656, 0.5419854815999955, 0.5374263972228702, 0.535594078198497, 0.5334020659964642, 0.5329489231279662, 0.5285575256158694, 0.5272674331397353, 0.5261058339946608, 0.5228467302571557, 0.5182736880478631, 0.5169826194043576, 0.5135172192495457, 0.5114775876920185, 0.5097159118971283, 0.5062069905523423, 0.5059878941476517, 0.5022460508976818, 0.5010322530031956, 0.49827781320901854, 0.49478866623986534, 0.4927738557167301, 0.49091321351717826, 0.4895905296160997, 0.4863901962968354, 0.48308009493307896, 0.48125546473409064, 0.48111176364547564, 0.4796547210448839, 0.4757530664311155, 0.4733820764288975, 0.4717521418903728, 0.4705179943766024, 0.46742128242807807, 0.46419193550446247, 0.4611478045671062, 0.46162678488294856, 0.45994853932044627, 0.4573392623914081, 0.4552976645538846, 0.4522201330428498, 0.4510901328888392, 0.44944826260519544, 0.44771330121718056, 0.4467992206708163, 0.4446768569045565, 0.44095455150566726, 0.43956927609716756, 0.44058626210126484, 0.43716931115783203, 0.4344487245127461, 0.43240023147896706, 0.4306552180875579, 0.42780053584141503, 0.42745851766963905, 0.4322747013636094, 0.42413318298786123, 0.42461007005168444, 0.42390753914515095, 0.42454783243143657, 0.41779445551559535, 0.4148752921078487, 0.4125925236678533, 0.4147921711549095, 0.40982009826299615, 0.4068858617067077, 0.4064262504553332, 0.4043975184526405, 0.40225723566739613, 0.40131201708711345, 0.39935594459102786, 0.39772494905556194, 0.39630261350831797, 0.3944672437093138, 0.3930260497680773, 0.39227865279917534, 0.39052397169054753, 0.3893823350505949, 0.3859977913353012, 0.3838893371851136, 0.383439817767715, 0.3832196143839445, 0.3796693584823108, 0.3772342935306641, 0.37581780152932837, 0.3753113024415971, 0.373518215354716, 0.371619613250815, 0.3703134263109243, 0.36922444990751374, 0.3666494751056187, 0.366465366175299, 0.36354661765924495, 0.36212015565559563, 0.36099007734391164, 0.35963809541908875, 0.358182233575136, 0.3559080324427207, 0.3555611403350942, 0.3531031238450197, 0.35150533832414277, 0.35048528576920995, 0.34845989762427076, 0.3469622361658056, 0.34554333590396236, 0.3444447982944965, 0.3430714308505243, 0.34138907565085935, 0.3399147276118008, 0.3385011246688218, 0.3370430978997781, 0.33548945400533525, 0.3339456414715047, 0.3328261291137521, 0.3312808234297787, 0.3300869217441363, 0.3295177336077996, 0.32760373160831596, 0.3261603192294747, 0.32572303663709834, 0.3243826076153761, 0.32220440061743055, 0.32121099148731785, 0.31893732382678575, 0.3179708243818462, 0.3177286219275019, 0.31531688200640245, 0.3141770582314175, 0.3123305234009574, 0.3116987486675453, 0.3103944395222097, 0.3086423075958736, 0.3072805948972447, 0.30627518400980286, 0.3045809761849945, 0.30510944258572975, 0.3021703700994151, 0.30137247315807175, 0.29968684247829186, 0.2981718690746924, 0.29775274399981044, 0.2980859478681896, 0.29483706417427025, 0.2934776101666763, 0.2921872821877089, 0.29072159006754716, 0.2895933843428185, 0.28832955444279945, 0.2871718199373176, 0.286177210993369, 0.28562986719309735, 0.2831819040410848, 0.2820667105294747, 0.2791749425497133, 0.2784240998502415, 0.27716117398553347, 0.27478592255035755, 0.2728478841395414, 0.27044088335405114, 0.26996052456165937, 0.2669115594925778, 0.266938480771238, 0.26408937332245286, 0.2621320815817714, 0.2602369971127372, 0.26472377066773606, 0.26537511409658376, 0.2598592503112826, 0.26918292125723936, 0.254644497722763, 0.27098369915382003, 0.2628416486586121, 0.24955867857417766, 0.2565831091020159, 0.24707643413078878, 0.24785311302077442, 0.24382483562153598, 0.24733293815948573, 0.2419553248664495, 0.24238931128998195, 0.24802252534771635, 0.2376989363386354, 0.2441894524337548, 0.24002027983610663, 0.23946971565961847, 0.24266191067529916, 0.23273622349772308, 0.23513337134856752, 0.23193562304326842, 0.22829709839269102, 0.22875578177624956, 0.2267885693657599, 0.22572320969774606, 0.22718122303050253, 0.22479655526354847, 0.2244029344213594, 0.222678557018809, 0.22075447491202957, 0.21937193277100156, 0.21853268966449593, 0.2199122034599501, 0.21708466606050392, 0.2168902666976022, 0.21460880964044338, 0.21380902669830404, 0.21319456013269147, 0.2130453357397651, 0.21179002169587136, 0.2117706560792813, 0.2101062791742792, 0.20851531482007823, 0.20880527957329445, 0.2072021037525305, 0.20889427898833973, 0.20568663122459185, 0.2078020790285925, 0.20501367208355023, 0.20417280357871984, 0.20391451408003866, 0.20340552691883698, 0.20297748540461183, 0.20152141312203203, 0.20244252314293884, 0.2025471147227128, 0.20075549244786653, 0.20133200554527753, 0.19918697352169493, 0.19939764014839187, 0.1986107529326406, 0.19542821789878842, 0.19623416447776887, 0.19806290072011298, 0.1975212398997222, 0.19537443154471365, 0.1915395376132804, 0.19548640592850583, 0.1913546900033804, 0.19470728020344785, 0.18917871344253126, 0.18935074630034787, 0.1882217744292208, 0.18794712951242018, 0.18725398473960803, 0.18818065011127094, 0.18617285325429717, 0.18562685432342582, 0.1884751968222859, 0.1847990492110373, 0.18574472899275934, 0.18446758949407138, 0.18329871041987145, 0.18397175469589266, 0.18273024160515963, 0.1836038697228228, 0.1812943415819945, 0.1855184693686938, 0.1800538516571274, 0.18513082354799704, 0.17920279801833947, 0.18118916950652658, 0.18026017385330342, 0.18093806652720332, 0.18168401851405067, 0.18206932298599957, 0.1845384603057214, 0.17796209267764115, 0.1759466416878208, 0.1768611726825542, 0.17580970240866858, 0.17529645458200913, 0.1766736728199865, 0.1743112499791416, 0.17358122850312802, 0.17610915672392172, 0.17307587726572288, 0.17310404903688606, 0.17172779179499578, 0.17147571774536657, 0.17135014865428333, 0.1730643567937902, 0.17017481039819388, 0.17006062239561873, 0.17121001421659826, 0.1709774119625866, 0.16850748042810773, 0.16831073939013466, 0.16782456461121187, 0.16730505333262216, 0.16806495829005194, 0.16732637735123926, 0.17359815653995048, 0.17350841167799624, 0.16785240823062414, 0.17249701980260354, 0.16515493336771916, 0.17015046785437546, 0.18124100861908732, 0.16429691570274316, 0.16921208404963697, 0.1655951077539514, 0.16506468395219945, 0.16414487308729964, 0.1635810361876248, 0.16336942350736103, 0.16326633095061355, 0.1626631758255953, 0.1640242322670284, 0.1662789963562676, 0.16468196287469894, 0.1608563943211119, 0.1676704361847138, 0.15999469292566196, 0.16026355212082669, 0.16126510171315422, 0.16356402513936846, 0.15905584574378165, 0.1605288075279181, 0.16138182267560516, 0.15760544782437919, 0.16112930226598116, 0.15838795362481406, 0.16034383360231466, 0.15935852381699755, 0.15860248789545828, 0.15684209002657204, 0.15840892885711305, 0.16018893158831296, 0.15614457825774006, 0.15936016425534036, 0.15484617204877496, 0.1550764419809844, 0.15590690656508596, 0.15608265378439246, 0.1561181748327388, 0.1558518664326531, 0.15422879084143057, 0.15370948534064618, 0.15721861062165657, 0.15785087730318573, 0.1544658251001481, 0.15422983111154318, 0.1521772598352512, 0.15278007382968412, 0.1534689639605277, 0.1526458786271373, 0.15159123151903148, 0.15308047709797615, 0.1523418703477416, 0.15070121415505888, 0.15242686853288312, 0.1513133132979644, 0.14992067839641257, 0.15379459300150086, 0.15019721065534555, 0.1566916782431094, 0.15939563216582628, 0.15088437940526128, 0.15928141568526544, 0.15116871803190252, 0.15122700398674319, 0.1523461138547103, 0.1509973683696825, 0.14866234511797477, 0.1490360686005431, 0.1469429441347412, 0.14784371300506896, 0.14955482698962028, 0.15080035209362766, 0.15093922522827863, 0.14908501961552026, 0.14618085900178188, 0.14864782142084518, 0.14879693052423715, 0.1485996703329678, 0.15452171453733224, 0.1468507887877651, 0.14523085660912569, 0.15553167318776165, 0.1456233675295873, 0.1471325948664754, 0.15371605877114672, 0.15196320408056005, 0.14593330192446896, 0.15436763364566097, 0.1489918384226051, 0.14404242355398414, 0.14687824747314754, 0.14555703643116288, 0.14980930717254343, 0.14318367672224552, 0.14380547890227208, 0.14904560919576706, 0.14274810165649884, 0.14295898506478488, 0.1434691667116579, 0.14298746076355498, 0.14377644090355773, 0.14149856444018546, 0.14151186757755357, 0.14236212260709763, 0.14057516600414943, 0.14092697260224088, 0.14206435264086348, 0.1458436810319933, 0.14392794239344855, 0.14057804644634847, 0.14665421037951812, 0.1405348230780385, 0.13981831520147892, 0.13957556640517535, 0.14009605063621988, 0.1441121401678044, 0.14222070308190754, 0.14103758780856182, 0.13868849184531307, 0.13998635512141536, 0.13828296918275304, 0.13801159926582923, 0.14113945519231275, 0.13947069380512916, 0.1377820275697531, 0.13703185176835128, 0.13656606080515443, 0.1398084173835417, 0.13705043584664892, 0.13750921004226202, 0.14052527455090724, 0.13747862859547924, 0.1353191457241124, 0.13838091894234353, 0.13729612287450152, 0.1348838479583658, 0.13623014074094775, 0.135445855886256, 0.13427015759666014, 0.13548649924777798, 0.13494056526278128, 0.13455210429671954, 0.1350803685091205, 0.1340415000467785, 0.1336522138003298, 0.13433701900221645, 0.13427577840183838, 0.13401095293121332, 0.13344182906187418, 0.13383178093119213, 0.13435014979281604, 0.13287493275701365, 0.13370666293356132, 0.1323545533635764, 0.1329003334652101, 0.1336728363705162, 0.13281142837687662, 0.13330953005683813, 0.13187094227252508, 0.1312137227939778, 0.13260916047909121, 0.130782455982449, 0.1313019111469805, 0.13121755320795192, 0.13073694524547, 0.130257848421952, 0.13100561275044678, 0.13116389988971774, 0.13101696982635133, 0.13065506810840263, 0.13214825959445997, 0.13076223308891285, 0.1308488115566175, 0.12891213044984376, 0.13329343146921083, 0.1311483122354863, 0.12964445273721828, 0.13053323655106688, 0.13325762984496733, 0.12943770278161393, 0.12875398650791184, 0.12795105126625875, 0.131286697909182, 0.12901696888277356, 0.1295609699936229, 0.13300092206523814, 0.13095887517890636, 0.1284670445191915, 0.1274933509578614, 0.12756507887012083, 0.12915044331271844, 0.1277182537412841, 0.12730311279425188, 0.12924602307102723, 0.12789368133169682, 0.12767517113160698, 0.1290069782990989, 0.12576645725886682, 0.12624860051547568, 0.12722951075237365, 0.1266654262449881, 0.12736147056464733, 0.12620258226865405, 0.12577469911130967, 0.1253729611492232, 0.1246731392182185, 0.12680382051943717, 0.12564927400757078, 0.12461569369984299, 0.12652185646603314, 0.12451682852412968, 0.12501168587232261, 0.12426269716964318, 0.12434202531616069, 0.12410288120156773, 0.1236764052762377, 0.12978078796076734, 0.12353699489761309, 0.1245150607275304, 0.12589741518221198, 0.12307431295601255, 0.12358915054869414, 0.12250389632896214, 0.12254332694717575, 0.12353265221391929, 0.12619891696359103, 0.12288428851444819, 0.12244496591352055, 0.12269547597398724, 0.12187992715727615, 0.12192697742966079, 0.12425069232118326, 0.12115923899724264, 0.12083187327082227, 0.12207706787850965, 0.12125710179326016, 0.12181637003599514, 0.12072128136434895, 0.12051280981022681, 0.12214150710597278, 0.12040587122036707, 0.12011423348277495, 0.12503072591468103, 0.1264955528059557, 0.13557462560547692, 0.12485470161946872, 0.12334442061494356, 0.1215494556691687, 0.12026786987706743, 0.12593032634582826, 0.12030213838004507, 0.12076921799910427, 0.12012079392831844, 0.12432181762418561, 0.12414792568281423, 0.12371384533787166, 0.12019919029407998, 0.1184194152884289, 0.12102363310185825, 0.12146724930325492, 0.12360880458490359, 0.1193277759804457, 0.11969462985055285, 0.12295965909548229, 0.12263179270719887, 0.11926072702093883, 0.11803155401275424, 0.11733327003092359, 0.12155429004024283, 0.11820793794271835, 0.11819195048734646, 0.1178411608335456, 0.1179774987466232, 0.11752893133914834, 0.1190937100012881, 0.1188789649905945, 0.11987498689582274, 0.11820432565364154, 0.1186084353287631, 0.11586066650846885, 0.11710147850117884, 0.11692836400375112, 0.11543671361183291, 0.11493705473432927, 0.11589778759177341, 0.11512509109653012, 0.11540849428951158, 0.11545416683323183, 0.1148162485757318, 0.1177818615941541, 0.11520214849531268, 0.11460040793596345, 0.11630010780760712, 0.11425570132023953, 0.11433306128901535, 0.11385945062414594, 0.11391704348838615, 0.11395104292531087, 0.11341003006465855, 0.11330001843946778, 0.1137477607357428, 0.11307213528735151, 0.11306889907344025, 0.11264647186020582, 0.11278491341371605, 0.11236099051236255, 0.11306102605192563, 0.11308136833781274, 0.11222374986288766, 0.11256726058873288, 0.11256639647100894, 0.11304562794669132, 0.11258930602917977, 0.11129324298711653, 0.11254123026339281, 0.11271430764025245, 0.11161357533205028, 0.11150451950390404, 0.11124428388349833, 0.11110529285136325, 0.1128365356523886, 0.11137919892593243, 0.11112211656552208, 0.11169124204681177, 0.11126869952304842, 0.11069234624647474, 0.11097860512076614, 0.11038232050101114, 0.11051380893271591, 0.11033893011379954, 0.11164945206988093, 0.11139994512930822, 0.11067374092685528, 0.11072764028919217, 0.11053646138986785, 0.10942701857105609, 0.1102855806299245, 0.11002878607060507, 0.10863740470317662, 0.10928783875840847, 0.10918908727467445, 0.10941034524390258, 0.10898625866273984, 0.11138842801208139, 0.10897488326232868, 0.1088112789990228, 0.10837347032333083, 0.10843653389890916, 0.10813695197548762, 0.10777262685643697, 0.10795393044916389, 0.10771217682131512, 0.10880384125591527, 0.10791837413021076, 0.10783379928850811, 0.10741567689389363, 0.10832400160588283, 0.10705542230924193, 0.10676125789184843, 0.10722540848168795, 0.10688015075278373, 0.10968069718652043, 0.10681289245554217, 0.10646299446874853, 0.1083149981296126, 0.10648975425945371, 0.10623177770894143, 0.10599071549670605, 0.10644562823554655, 0.10684992920436015, 0.10601458967300172, 0.10584072741759899, 0.1057414329734467, 0.10703776221901927, 0.10586856833256894, 0.10625553494233554, 0.1059293151169969, 0.10833259504723249, 0.10540376329591937, 0.10544973212623394, 0.105191191692234, 0.10522752387869164, 0.10473460028344467, 0.10515409543169717, 0.10485540298533048, 0.10463119108656986, 0.10452133781801827, 0.10463123128711917, 0.10442193608306342, 0.10479715981321704, 0.10455543106863031, 0.10412848703755596, 0.10577855326915496, 0.10405404931229935, 0.10434232893649194, 0.10482729913637293, 0.10384550512385292, 0.10576816090448914, 0.10429069922171076, 0.10503928307351505, 0.10375776783382797, 0.10463193464132964, 0.1048232359078884, 0.1034220169595642, 0.10316807805167953, 0.10319756229876674, 0.1052105061775196, 0.10242670344393458, 0.10284683069399576, 0.10234742582867117, 0.10285323934240126, 0.10218733635714025, 0.10267228485046904, 0.1022552595445522, 0.10216728483249891, 0.10227075245133704, 0.10237427357720653, 0.10217450149260297, 0.10223014373877942, 0.10142428983072707, 0.10179834046434098, 0.10193946662350489, 0.10138236941125443, 0.10122626441304168, 0.10093067423030798, 0.1015506486941658, 0.10100342466240796, 0.10166929996708446, 0.13735406962253782, 0.1065546497439286, 0.11427503875717669, 0.11703418472901322, 0.12147556958984057, 0.1252060875507242, 0.1265263315614032, 0.11826282330710125, 0.11745562491276926, 0.11706917812252718, 0.11075420961689283, 0.1057397327312972, 0.10064466567071283, 0.10109826053883016, 0.10978148565294199, 0.11718929333024332, 0.10609309256166423, 0.10021570421644294, 0.10368191850021188, 0.10189036443847806, 0.10455271510288716, 0.10418622879521412, 0.10744315732524688, 0.10348416757641687, 0.10100846084275288, 0.10027655549824231, 0.10053929435716231, 0.09898893884038787, 0.09859817423482128, 0.10427161172543352, 0.10495337979943135, 0.10289746572359597, 0.09887803456161509, 0.09848047837337379, 0.09899565025795276, 0.09862762385839831, 0.09862265408163214, 0.09884858089600514, 0.09965786244391174, 0.09826817168967196, 0.09822350023952503, 0.09811381996634512, 0.0976406831563453, 0.09740052587526456, 0.09708751977253817, 0.09779033221323177, 0.09786895250813013, 0.09754804563054148, 0.09678649679144176, 0.09674370097479636, 0.09626059418451324, 0.09676016426961521, 0.09699094218382792, 0.09659589527069844, 0.09607475983322472, 0.09772705884306081, 0.09577139081818474, 0.09574194909697097, 0.09596910814555266, 0.09622906218585857, 0.09522490882048742, 0.09535417120565302, 0.09560958167091876, 0.09541725311887626, 0.0952854514387362, 0.09500222408189574, 0.09518331048509526, 0.09657238959625024, 0.09553606445697241, 0.09500860656573552, 0.09459779632521469, 0.09539976988770199, 0.09515565245277346, 0.09535191311467922, 0.0953311233324191, 0.09415320722144865, 0.0940730722945442, 0.09365778537627807, 0.09383142320685155, 0.09432567315816937, 0.09502814949612146, 0.09426499444757871, 0.09376317499989256, 0.09408457658249159, 0.09377509839376236, 0.09362960069786998, 0.09375626189512602, 0.09437414935773929, 0.09330776918511884, 0.09303945427682829, 0.09311264381723607, 0.09353720085277849, 0.09340162394392215, 0.09312638723922806, 0.0926846603411664, 0.09235375714731221, 0.09276899090441666, 0.09264407905662776, 0.09256423188482123, 0.09263460272314789, 0.09225838311723983, 0.09247996176140144, 0.09198726901260978, 0.09213427008024398, 0.09249601251242781, 0.09227176060670006, 0.0920340392338384, 0.09169739714861862, 0.09214519042847527, 0.09150058882814979, 0.09159813049668983, 0.09157599500181215, 0.09133094641903212, 0.09133059147198987, 0.09097489069665432, 0.09150240205738011, 0.0916218884820208, 0.09081818956009459, 0.09230521399250562, 0.09104044146112504, 0.09090474975361307, 0.09107415128012555, 0.09049831800091607, 0.09047822839074202, 0.09039455247409818, 0.09126837424497772, 0.09071932137035703, 0.0903909715139409, 0.09066781632512143, 0.09024798580302457, 0.0902644577649683, 0.09003931695414802, 0.09017075575989442, 0.08996431597788615, 0.09009489915406922, 0.08944203967988182, 0.08967079677949877, 0.0904324064150726, 0.09026379206794669, 0.08974043359481594, 0.08988817250136481, 0.08952630967768212, 0.09003780231260906, 0.08993956463054298, 0.09019883198014247, 0.08911402520065478, 0.08957890117974733, 0.0887976569098812, 0.08923904223783209, 0.08885331994070432, 0.08882525154769888, 0.08857051334215432, 0.08863159217037674, 0.0882950194089414, 0.08839864252139269, 0.08834138405514984, 0.08888706447890772, 0.08835701248768552, 0.08835578622529243, 0.08876362280404146, 0.08856159184595942, 0.0882112535650637, 0.08780030493738883, 0.08820684886347663, 0.08792477718746008, 0.08785673348175727, 0.08756692759056278, 0.08741837129040823, 0.08732414397692137, 0.08760727220913257, 0.08776813335344541, 0.08818767503295301, 0.08714358038681434, 0.08718380604628866, 0.08691627236779484, 0.08720919442016868, 0.08720506254230753, 0.0867615171969335, 0.08687541681074608, 0.08696948009435648, 0.08722923879709514, 0.08662451968538161, 0.08650632253289205, 0.0863997373587842, 0.08743992437052561, 0.08628196118228376, 0.08623382605129637, 0.08626603492012973, 0.0861047975192344, 0.08600620655455517, 0.08628908994813961, 0.08600757604896139, 0.08657957173381244, 0.08545982815726988, 0.08587223001498522, 0.08554483938317037, 0.08554359862239852, 0.08519470796686364, 0.08605065871001069, 0.08517626674087574, 0.08554026665096649, 0.08506742098576202, 0.08477546110810921, 0.08525559183025586, 0.08498733957289394, 0.08496241429614432, 0.0844434159842219, 0.0845104691615326, 0.08455354640668584, 0.08437772873891057, 0.08519678468333303, 0.08453265045181751, 0.08388970710947889, 0.08395756822601545, 0.08433167909936184, 0.08366642300427282, 0.08371039214388264, 0.08368574531490892, 0.08328259024543282, 0.08347044151734034, 0.08342759476610168, 0.08331960174163568, 0.08307802966291401, 0.08292740831712465, 0.08303205652059821, 0.08361440190393855, 0.0829746542290684, 0.08453051273449533, 0.08269768209675424, 0.08285220890562323, 0.08265533887233927, 0.08267358399082209, 0.08225088044364327, 0.08210933565323474, 0.08219416075598424, 0.08257463283912882, 0.08225454688072294, 0.08206751547344299, 0.08208211625612592, 0.08190350608032007, 0.08164928731090858, 0.08215895807460448, 0.08149891865569242, 0.08227975293493701, 0.081372206406403, 0.0812097585083748, 0.08134925651722465, 0.08134091551453747, 0.0813618900662265, 0.0812337943456216, 0.08114345431580067, 0.08114128708982359, 0.08138464380637421, 0.08220263993546491, 0.08125944047508202, 0.0807540134405395, 0.08072890937200004, 0.0808993357742056, 0.08098218013002922, 0.08105647565966484, 0.08135667273846978, 0.08050861747344357, 0.08023609560238609, 0.08053871041360729, 0.0803254308393807, 0.08061330868037707, 0.08054896115244108, 0.08001691671489941, 0.07997422471525283, 0.08044178643195782, 0.0798767976116563, 0.07980510157082969, 0.07997160697371877, 0.07996665987002645, 0.08084366807043863, 0.07960913530048457, 0.07972047636184967, 0.07972654148747066, 0.07977328454096931, 0.07966903357919942, 0.07958731263065501, 0.07944862281518356, 0.07926893752908361, 0.07931459439385372, 0.07930409919725007, 0.0791808110926843, 0.07906932347311633, 0.07903173955022753, 0.0793406253534567, 0.07910287945007846, 0.07912272000856806, 0.07920155236605833, 0.0787274933001887, 0.07903126250909269, 0.07873182672286744, 0.07880621538212002, 0.07919114126394988, 0.07909419531997922, 0.07859835895503699, 0.0783667875972151, 0.07890789878400911, 0.07912307656870675, 0.07870875526396869, 0.07830604095464522, 0.07839483127300827, 0.07812594835649539, 0.0780517132522627, 0.07830727275532666, 0.07918861648696461, 0.07813975634097522, 0.0780296116112292, 0.07786432988411139, 0.07760881549441509, 0.07839615647568171, 0.07773426693031325, 0.07749897003220345, 0.07754706585362282, 0.0779063876046938, 0.07854394892668566, 0.07737425993468174, 0.07752760814697167, 0.07730295992439927, 0.07759346222169149, 0.07722435982276944, 0.07730381343338212, 0.07766523048804817, 0.0775463050566727, 0.0773077988470837, 0.07716358444368304, 0.0770613404387114, 0.0770271611708995, 0.0772557309165791, 0.0770494054259692, 0.07727449180675493, 0.07702364867675099, 0.07707852664274065, 0.07704174727759122, 0.07677250347122498, 0.07692584986202772, 0.07699419497456494, 0.07680187812212479, 0.07659869692022693, 0.07690150048635137, 0.07668196855343382, 0.07657252965271807, 0.0765393387460423, 0.07667351732592195, 0.07699866146827201, 0.07702495456538837, 0.07698709795280317, 0.07704659489795557, 0.07634177189331291, 0.07665294647406068, 0.07614585558568408, 0.07625006917863048, 0.07648012466211118, 0.07671635265606716, 0.0774861812303572, 0.07606945688057382, 0.07588434031297252, 0.07601334539773513, 0.07632383765074344, 0.07594887550191717, 0.07612370936266695, 0.0762422467916245, 0.07568272267493122, 0.07586825592832952, 0.07714776939513843, 0.07568201179520506, 0.07604675657189458, 0.07566779703365728, 0.07556959799542957, 0.07606730752442817, 0.07562392308389354, 0.07565313711586939, 0.07543374386260694, 0.07568972221025513, 0.07640819576641796, 0.07556624257889619, 0.0753241745433089, 0.07527213667032803, 0.07574999745778853, 0.07538208326671107, 0.07519889371973605, 0.07512554857142333, 0.0751022634873633, 0.07573931310248815, 0.07516374211728909, 0.07515395373078082, 0.07493364780223387, 0.07518294326352581, 0.07510446461161227, 0.07520901687636247, 0.07490483975592518, 0.0749208578279074, 0.07580260564579526, 0.0760571592866701, 0.074828424353221, 0.07513026796850476, 0.07555336150218701, 0.07463061667106938, 0.07478378269911211, 0.0752502053399604, 0.0748097706605899, 0.07458454472847141, 0.07476921454571213, 0.07444492605707839, 0.07475034299349463, 0.07446853901932958, 0.0748478585728941, 0.07451653961209855, 0.07435940266784426, 0.07466835579792173, 0.07454348442775156, 0.07489801069781982, 0.0742630040983911, 0.07537237384571864, 0.07419223581867268, 0.07410996809779226, 0.07404023102667684, 0.07461620611567672, 0.07435707314821022, 0.07398637985185698, 0.07456804136603709, 0.07419206019861041, 0.07394336251606841, 0.0745467914512556, 0.07461444696134903, 0.07402157533744703, 0.07387964898683085, 0.07372671301139526, 0.07384846764210307, 0.07371886835468155, 0.07388155086157315, 0.07384662812783861, 0.07379533150765435, 0.07425041158652212, 0.07404101775701459, 0.07347550247236775, 0.07352599385496386, 0.0736146772883046, 0.07350485100040803, 0.07361333541352118, 0.07367047071690819, 0.07335213826207503, 0.07332493405941398, 0.07401326242385865, 0.07336231954829592, 0.07343446140590497, 0.07348711153701207, 0.07361448458047005, 0.07334552066373062, 0.07330725845775826, 0.0737258489142734, 0.0732010728536182, 0.07325362189206021, 0.07319277446926331, 0.07325329237776602, 0.07311123601920083, 0.07311004782844645, 0.07318905418896308, 0.07304645016313552, 0.0730244387765824, 0.07292599245801692, 0.07292946228222676, 0.07286918279199862, 0.0728365863639308, 0.07285090172537732, 0.0741546985405192, 0.07389497643723879, 0.07318907126216888, 0.07279992752664531, 0.07283440724594524, 0.07278701348052594, 0.07299137800508998, 0.07315343862654922, 0.0731096140015978, 0.07272287126609327, 0.0726641040509394, 0.07276918942011326, 0.07293213016222658, 0.07298123914090791, 0.07281276936543297, 0.07252265087977242, 0.07259015274129604, 0.07356017714989395, 0.0724892943842971, 0.07277887512393474, 0.07304771166696705, 0.07254019616964946, 0.07241619970607541, 0.07279653860605277, 0.07243562157892401, 0.07236237575121784, 0.0727273268501984, 0.07430881162533708, 0.07232802898956238, 0.07255468052526742, 0.07374751322319674, 0.07248961857365983, 0.07254664379224317, 0.07302567274503562, 0.07230965179586603, 0.0728776425148483, 0.07250494554532809, 0.07263740547614352, 0.07230493887418042, 0.07226694394716228, 0.07245131134875255, 0.07243069174188797, 0.0722624894805944, 0.07231320581470778, 0.07207720496503266, 0.07205896540456794, 0.07220796559422905, 0.07203825262236127, 0.07201804738041663, 0.07198927604047753, 0.0729369270575555, 0.07221206094588112, 0.07198727665618296, 0.0730173093438967, 0.07192922745123499, 0.07197078257723213, 0.07185668608294847, 0.07274870748994587, 0.07230797047209206, 0.07187131111901213, 0.07187510277140916, 0.07194349692416215, 0.07282358082880644, 0.07220860078276263, 0.07212267873119453, 0.0721755418787131, 0.07215676045509288, 0.07209504894142427, 0.07238284282411316, 0.07169379319439954, 0.07170130255042584, 0.07165978934155474, 0.07160867228008674, 0.07186863231854278, 0.071690427153355, 0.07170908910836832, 0.0728074643826262, 0.07162555974774375, 0.07158449521208754, 0.07194455876741407, 0.07168505686391073, 0.07191623880354238, 0.07161022861855959, 0.07150654200530834, 0.07320832330096408, 0.07210942271792885, 0.07153014098020045, 0.07161412579444312, 0.07200146771088335, 0.07161831996788277, 0.07185304018715608, 0.07163241935370514, 0.07167518635467922, 0.07237973191918344, 0.07139760658771303, 0.07170688303784371, 0.07130397603886485, 0.07175894445512089, 0.07145881055098938, 0.0715255100176314, 0.07167979792804982, 0.07152833765519775, 0.07185715862737917, 0.07168442146740837, 0.0712755278159158, 0.07122301868612783, 0.07116380084422969, 0.07291279486059878, 0.07116000202658915, 0.07125773479343407, 0.0712498653765249, 0.07226726961083284, 0.07107883600657307, 0.07116636598346872, 0.07117101409095972, 0.07124216180032518, 0.07128549239060994, 0.07126596648579041, 0.07129391370207654, 0.071342659748737, 0.07213173986804863, 0.07110426613022391, 0.07101117165806027, 0.07096656743760679, 0.07101011401621925, 0.0711322274222895, 0.0709226811104505, 0.07099250411047851, 0.07116506849935446, 0.07144216620596615, 0.07105968478739472, 0.07119838018796172, 0.07101724798940345, 0.07094712520679511, 0.07107350305818311, 0.07100104454891207, 0.07134968914208857, 0.07080429467357915, 0.07099133323082842, 0.07095660388354029, 0.0707951384135941, 0.07086504065639629, 0.07082585311887489, 0.07086920108622856, 0.07077404922113364, 0.07090870835194264, 0.0709578222888609, 0.07437320895522676, 0.07074066992395872, 0.07076604208450572, 0.0707458505247255, 0.07070995095184975, 0.07081958885964906, 0.0708685703684459, 0.07080758718809224, 0.07069923011369439, 0.07067691950122147, 0.07069953291943004, 0.07112885098459679, 0.07061067857749409, 0.07077886266887677, 0.0709415802044484, 0.0710000609588855, 0.07154151392730047, 0.07060967640956985, 0.07064486416193069, 0.07064345481325933, 0.07064794417019862, 0.07062224968932901, 0.07078722581538704, 0.07061603010430285, 0.0707866896200169, 0.07078944505056867, 0.07077293327328987, 0.07092632504633824, 0.07068893076685136, 0.07080955203552754, 0.07066097357470673, 0.07053259873757954, 0.07052018228817683, 0.0707751572121042, 0.07072869394686475, 0.07059121670679593, 0.07108909273305429, 0.07052317979178042, 0.07053160222730738, 0.07060955996434944, 0.07147277771295966, 0.07042305758423102, 0.0705021037274142, 0.07069238268395202, 0.07117539862534543, 0.07041948267347475, 0.07033300376156246, 0.07038659579193506, 0.07039419584597958, 0.07033840332617008, 0.07035306940553321, 0.07029635678215489, 0.07029617013610179, 0.07069643774731608, 0.07052648553908042, 0.07049564381681733, 0.0711979252121646, 0.07036276724709079, 0.07029769975558975, 0.07032035117375224, 0.07037249252202836, 0.07035270349152999, 0.07047643387065196, 0.07034540384343033, 0.07036406972107934, 0.0703231698842456, 0.07035748750955644, 0.0705008406705295, 0.07041786174540875, 0.07027533885507768, 0.07028436194219703, 0.0703425272582614, 0.07041394110548799, 0.07053284149620803, 0.07043304637513584, 0.07036088724770923, 0.07034802989931702, 0.07036349823184922, 0.07041799732552867, 0.07074272180902465, 0.07040044681299155, 0.07028936376895874, 0.07021739102806249, 0.07017237741016523, 0.07033997353157508, 0.07059332833261195, 0.07079363783947713, 0.07018833075996167, 0.07048874517381201, 0.07011721488207802, 0.07012810761636681, 0.07014593099096418, 0.07039961815984673, 0.07013145440952419, 0.0701357485685687, 0.0701565106075796, 0.07011915722011143, 0.07010314354992611, 0.07009378588270189, 0.07031902158520699, 0.07014528935475854, 0.07006059008463932, 0.0700749188944667, 0.07012328562953134, 0.07012751675057795, 0.07013983940827466, 0.07007987869955694, 0.07005519255250356, 0.07002166886758501, 0.07008750419706039, 0.07000522494670086, 0.0702977164408157, 0.07083818488013337, 0.07007973319363113, 0.07003837285444744, 0.07000512457306687, 0.07108525813913706, 0.0702436081010828, 0.07036355911154338, 0.07009435276239347, 0.07000753130013405, 0.06988616305832535, 0.07003257714328823, 0.07160679727818932, 0.06998324125628676, 0.06999972904245967, 0.06997618943432422, 0.0700600194746861, 0.06998997582081934, 0.0699514115566211, 0.07000161527895145, 0.06999839082052724, 0.07000782804041981, 0.06991136534149689, 0.0700871450440636, 0.07011261415261147, 0.06993426723273105, 0.069870728653146, 0.0698770648614928, 0.06986541890197709, 0.06988485790685647, 0.06983382654688515, 0.06987132640093821, 0.06988155071449265, 0.070110151114695, 0.0698757516251521, 0.07023129384341255, 0.06984996151398372, 0.07013776385074305, 0.06987166484060808, 0.06990016697330295, 0.06991369797094406, 0.06981718257189451, 0.07055817264151838, 0.07001548099859511, 0.0698636014304662, 0.07021110742684827, 0.06996045463055345, 0.06980580860283941, 0.07019396403821133, 0.06987158487886404, 0.06981934472126286, 0.06990291758419787, 0.07003147135359039, 0.06993757822221149, 0.06977887836525802, 0.0699779379748398, 0.06989178573269533, 0.06991547055906883, 0.06985378054928865, 0.06983056282305328, 0.07011913441925165, 0.07004023780826389, 0.07055584992152472, 0.06980634002949983, 0.06976812474806077, 0.06977552468618335, 0.06967976695343396, 0.0698530000195653, 0.06984926094206173, 0.06990871431413108, 0.06985141950818584, 0.07095168634014098, 0.0697439084405236, 0.06974462715974675, 0.06996077329298883, 0.06969576060395727, 0.06963942097653875, 0.06970885851319425, 0.06970755362908825, 0.06968911376908182, 0.06972693480881088, 0.06970457021412434, 0.06974612276838091, 0.0697019169497503, 0.06971269458930192, 0.06979213506056853, 0.06966181270827078, 0.06962120670265798, 0.06973013319504472, 0.06961323529014901, 0.06972417638279578, 0.06979865967039567, 0.06957672534844854, 0.06961186228935855, 0.0697494820341613, 0.06993723935151962, 0.07097160891089314, 0.06959288288781952, 0.06964350574199243, 0.06955923850370485, 0.06953302124295742, 0.06962877248523985, 0.06952313320687332, 0.06953369912311184, 0.06966174434367198, 0.06958313481453923, 0.06951069161698346, 0.06967042738605206, 0.06952742467754541, 0.06953366171521932, 0.0695331287404146, 0.06984389685927238, 0.06960270914212922, 0.06955174577376119, 0.06960409064397083, 0.06988647713565627, 0.07028547119165184, 0.06958183387930131, 0.06960488135126029, 0.0695553049980877, 0.06957766102760225, 0.06957905981148643, 0.0696001662159011, 0.06958406715273041, 0.0696754283548167, 0.0698011206648518, 0.06954723741145957, 0.06951589793446517, 0.06954778243714908, 0.06955161077780192, 0.06953290220569947, 0.06952224421970503, 0.0695371367920928, 0.06951383940501948, 0.06951375196654473, 0.06950880300934263, 0.06952454034095522, 0.06948362998961764, 0.06953077690046067, 0.06957834982252473, 0.06952721582067373, 0.06959930688347282, 0.06948972082514172, 0.06955075158064272, 0.06955030565228887, 0.0695623765472187, 0.06953633356768728, 0.06951689466716042, 0.0696269073880194, 0.06962027003736676, 0.06950409118293673, 0.06945200452501138, 0.0694400864239103, 0.0694834848676958, 0.06946398007847998, 0.06949615541915305, 0.06941440948856485, 0.06948153005388459, 0.07045699776358384, 0.06948721858750101, 0.06942272417726625, 0.06948777507803677, 0.06942068926025559, 0.06939644519715632, 0.06937926925005289, 0.06944228241932367, 0.06964253952184202, 0.07025673996417776, 0.06944412610083932, 0.0694346604560126, 0.0694546666611216, 0.06942167279139552, 0.07018594537613566, 0.06957818829930805, 0.06946085170298763, 0.0694746676292981, 0.06974580166633118, 0.06964728744086333, 0.06948682140367851, 0.06941956497987395, 0.0696379536272675, 0.06951404906648598, 0.06950503294527771, 0.06949103907722042, 0.06956914543754818, 0.06941273078183824, 0.06943235086400991, 0.06949741221695717, 0.0694224022108917, 0.06941507043713009, 0.07025147521618179, 0.06983055274530608, 0.06940612277367326, 0.06946516057207303, 0.06945428221111115, 0.07019079212377717, 0.06956271840408607, 0.06932317856949217, 0.06941996266922144, 0.06945615483576918, 0.06944915310439365, 0.06940585841500506, 0.0694845170744392, 0.06928557341276806, 0.06928797813230421, 0.06975562368277477, 0.07007221886179162, 0.06923181263967322, 0.06936917604601998, 0.06943394532450496, 0.06926510227821815, 0.06944452356106405, 0.0695075145955739, 0.0694358152372726, 0.06964266143966456, 0.06940484114774317, 0.06945675064680996, 0.06941086698067495, 0.06948935983472658, 0.0693840942763151, 0.06945105917834257, 0.06939842733451326, 0.06930849534762974, 0.07122378670190167, 0.06931460492499392, 0.06976112214670918, 0.06925656684781918, 0.06933644660881744, 0.06955948439407338, 0.0694056275731588, 0.06945012342895203, 0.06931897462893949, 0.06946880481880371, 0.06934448484816276, 0.06925091273036348, 0.06919232043127375, 0.06923518466222146, 0.0691574295756113, 0.06936568591898394, 0.0693772020128594, 0.06913458406820691, 0.07048378576670543, 0.06912034105313464, 0.06947629608173402, 0.06923038392293188, 0.06925211128421718, 0.06925792469071136, 0.06935178473359885, 0.06937386883504518, 0.06929866167361513, 0.06919999970866743, 0.0691145364688663, 0.06913594113342177, 0.06920489802022184, 0.06927505418739732, 0.06946139825532159, 0.06942629888651658, 0.06912179023894906, 0.0692134945254797, 0.07006191010257347, 0.06922692932344474, 0.06921560624542902, 0.06935373761049488, 0.06923625612593912, 0.06919813427254427, 0.06922483460472058, 0.06912961844438499, 0.06920739659703803, 0.06900472088794442, 0.06902033771988289, 0.06914774154005295, 0.06926705406269519, 0.06915324946350165, 0.06902100988782922, 0.06955249962007168, 0.0691338873719734, 0.06904872489091832, 0.0692151308996083, 0.06906755527804755, 0.06907784146773745, 0.06907939514046917, 0.06907080200051167, 0.06908643306657763, 0.06909155998491276, 0.06904131998727775, 0.069017803458783, 0.0691833915774064, 0.06899411874057858, 0.06902256576484808, 0.06911818208818611, 0.06896547366748912, 0.06896700946913804, 0.0691200775911618, 0.06895829708094137, 0.06890300766015792, 0.06894425998059818, 0.06891108688531218, 0.06886411287663904, 0.06925202038595685, 0.06888935274830225, 0.06916469353134183, 0.06888552901058967, 0.06919011549522179, 0.06901237628362705, 0.06885541482845191, 0.06876776966407747, 0.0689186034154639, 0.06889182972788478, 0.06887582712398159, 0.06951592106041692, 0.0691913942344995, 0.06942790784538429, 0.06888089488907528, 0.06884648787862248, 0.06891134375029902, 0.0690676715205412, 0.06890075534740328, 0.06882020511664227, 0.06880165727279469, 0.0687075002379063, 0.06876795025429175, 0.06876826119027869, 0.06896212073895937, 0.06873310737289953, 0.06877004453363662, 0.06887290909556656, 0.06882998891580921, 0.0686892358032391, 0.06862697958642903, 0.06870383574893703, 0.06871556066143948, 0.06881934270669228, 0.06866560225451636, 0.06863990888961938, 0.06867033074542851, 0.0686557059337741, 0.06862250014860961, 0.0686703014879645, 0.06867307056204629, 0.06874554311968722, 0.06862023580112385, 0.06861060471821036, 0.06864980891606484, 0.0686222234903367, 0.06862289972193249, 0.06856618968222686, 0.06849656133324007, 0.0686926487866454, 0.06860433666305593, 0.06876898746627015, 0.06892652719353622, 0.06848397893955602, 0.06839082169807621, 0.06867893120780034, 0.06853813071594422, 0.06856727543213735, 0.06870076044139446, 0.06851052956473792, 0.0684138273936009, 0.068457238024364, 0.06858565573295926, 0.06843486684406459, 0.06842626421117239, 0.06876515975415635, 0.06839760533100547, 0.06835888831037294, 0.06843795578207917, 0.06837668247811028]