Model Setup for Atypical Patient 14:
ITERS=2000
LEARNING_RATE=0.001
OPT_RESET=None
ATOL=1e-05
RTOL=1e-05
METHOD=dopri5
Input channels=2
Hidden channels=32
Output channels=2
Runtime=359.39108300209045
Optimizer=Adam (
Parameter Group 0
    amsgrad: False
    betas: (0.9, 0.999)
    capturable: False
    differentiable: False
    eps: 1e-08
    foreach: None
    fused: None
    lr: 0.001
    maximize: False
    weight_decay: 0
)Loss over time=[1.524558659184857, 1.4955909802653666, 1.4681589811805211, 1.4387281514583297, 1.4116034497156897, 1.3846563395575393, 1.3576519131427813, 1.3332904005186943, 1.3085712493621544, 1.284099037831191, 1.2580280529286816, 1.2369349245443102, 1.2125011578052993, 1.1911652549309393, 1.1671602223005213, 1.1421597571724331, 1.1194963412873964, 1.1023975572020606, 1.0720876050490167, 1.055427230630365, 1.0267274298927762, 1.0094551059403791, 0.9783910035842667, 0.9562870929828573, 0.9301750591101406, 0.9140998133125884, 0.8908961948236037, 0.8729036961373812, 0.8498835437386746, 0.8334351442147362, 0.8121819449902248, 0.7974068347962877, 0.7811017610228235, 0.754689583703673, 0.7515323158204492, 0.738913731653603, 0.7304600958194883, 0.7121224195879776, 0.6947154963767376, 0.6941946585247026, 0.6742292579176675, 0.6740813579556254, 0.663270398524345, 0.6546773982762315, 0.6478308258794626, 0.6323294520246029, 0.6255543191148601, 0.6261517858074808, 0.6163344108822373, 0.6053404699903187, 0.598783163617181, 0.5985074953382742, 0.593267900780912, 0.584982993992861, 0.575795261738114, 0.5644349945802546, 0.5548007239800838, 0.5551276889627693, 0.5516804277089268, 0.5408445173775349, 0.5224273673904456, 0.5325829570400203, 0.5204526568752598, 0.5180476394928276, 0.5193959791798611, 0.5111295553019045, 0.509520257719421, 0.49236953252579435, 0.49549154432294923, 0.48986627773858804, 0.48187513059381093, 0.4839692181420921, 0.47568587838050996, 0.4693622748954951, 0.46330277035790596, 0.46499664940604063, 0.4533666506753612, 0.4516354322601844, 0.4475150934923607, 0.4460940855282866, 0.43560741242692386, 0.43095648227834504, 0.42399676437894873, 0.4242462663729393, 0.4229852678034158, 0.41342651011739306, 0.40419009750322626, 0.40501935889662194, 0.3975056814150978, 0.3988236785710521, 0.3928613593606141, 0.38890745447304087, 0.3885070981298282, 0.383328305023517, 0.37867283731637225, 0.3701752645940726, 0.3644250184713742, 0.3653359284872252, 0.3624559750582921, 0.34962281026525416, 0.35472226891593484, 0.3412892190474707, 0.3420688021339592, 0.33365242044839966, 0.335744529153885, 0.330640791463841, 0.3224604476079808, 0.3228019237797818, 0.31811072561731507, 0.3142242779957551, 0.31134108512050873, 0.30799436806564146, 0.30705547013706863, 0.30461637055071655, 0.2983796419978294, 0.297043394192035, 0.28883434825624216, 0.2924892482439438, 0.28794530914209643, 0.27720396607482195, 0.2765216831830553, 0.27957257142843184, 0.27242513775010974, 0.26582851344778324, 0.264111823249919, 0.2631315012791387, 0.2615271990924509, 0.2572208673167533, 0.2615505647667886, 0.24722700927470653, 0.24845786403006526, 0.24695198378216576, 0.2438535468988247, 0.24113369084498582, 0.23552591788363283, 0.23573739478262823, 0.2367939092584025, 0.22909004409427272, 0.22398521038425032, 0.222765243651853, 0.2182912465405142, 0.22304597751034516, 0.21860107125680825, 0.208073714663185, 0.20731277066325096, 0.21132594328481497, 0.21173485388937294, 0.20975255022846015, 0.2057337902146025, 0.1952808724653572, 0.19427483963935205, 0.19160485438085784, 0.1881266825366443, 0.1907731030648261, 0.18213364406635008, 0.18224258004335328, 0.17993096598846603, 0.18287293900589585, 0.17905396497699422, 0.17458862939780506, 0.1734153221496608, 0.16465692292912595, 0.1670392469263987, 0.17030096404663342, 0.16652993188426088, 0.16315291301087895, 0.16356334260087363, 0.16073925874303455, 0.1565868268977445, 0.15828380050929433, 0.15443379021111261, 0.15140618626138738, 0.14503949001743585, 0.1487651540912478, 0.14752357296827145, 0.14024852066852236, 0.14467770724931225, 0.13960997788588445, 0.13628906091785148, 0.13901379001032732, 0.13715192770489673, 0.13651520594152175, 0.13172459719811389, 0.12699911464925837, 0.12951169156854234, 0.1299367744341241, 0.1239110834555882, 0.12539177317713682, 0.1253311836840013, 0.12314853580221455, 0.11857639736924756, 0.118299849371015, 0.11639161392992783, 0.113001011042625, 0.11086178849536613, 0.11124031040670616, 0.11374714265609208, 0.11364695504854584, 0.10800857856984573, 0.1078183011927925, 0.1076834164964584, 0.10629605910883119, 0.10631982334662808, 0.10108661800784949, 0.10015735135046379, 0.09723970220814103, 0.09770055907982232, 0.09715274819231676, 0.09805465040031808, 0.09810664505482097, 0.09735806808452961, 0.09208184595985132, 0.09308885612406931, 0.09157236617487757, 0.08836452420207025, 0.08713782019801798, 0.0870667440175851, 0.0859503384192975, 0.0852234337803227, 0.08280747265348433, 0.08199899373975258, 0.08221744956125067, 0.07783746683501001, 0.077982637297767, 0.07752541513725436, 0.07743172658399976, 0.07465383458119042, 0.07644675831172892, 0.07349421024923064, 0.07072449813131844, 0.07298488683508701, 0.07081164247945977, 0.07313117822044811, 0.06801519343322301, 0.06724674004375715, 0.06847492356264175, 0.06660451883783469, 0.0681357684419066, 0.06368416977607115, 0.06601675259422807, 0.0625551775865272, 0.06356314878980764, 0.0612476665734279, 0.06379467384664211, 0.06239160796619992, 0.05730940788857733, 0.06062434743313365, 0.05747554453375317, 0.05756470912468891, 0.05842295468447278, 0.05678858462160099, 0.05353018739545696, 0.053487417960506184, 0.05364246186240636, 0.05376513130390173, 0.05136283743844488, 0.049636981331173974, 0.0486437154259983, 0.04948005017799159, 0.0509468190934638, 0.050051879228088764, 0.049557973840285284, 0.0482596864862131, 0.04687050979800404, 0.046461392223050235, 0.045667256551535224, 0.04287485311735065, 0.04388567249458352, 0.044640907049700224, 0.04318648147794101, 0.044092966406222595, 0.038823018252183594, 0.041578673504138026, 0.0400949815029457, 0.04053666409293708, 0.04048916486890047, 0.039774372907726833, 0.03858100192788966, 0.038633225137562566, 0.037727034973156964, 0.036609266454277735, 0.036980782769805036, 0.03537573406479247, 0.0353986353146293, 0.03328257994769595, 0.035105307757541254, 0.034786702423495304, 0.034799936032523994, 0.03539421772908991, 0.03152353242479018, 0.0331391162118576, 0.03111287122879884, 0.034112476503842325, 0.030377865264745604, 0.030874870662526102, 0.028378335543046553, 0.03120412350960755, 0.029155591638422143, 0.028027412217283755, 0.029235931844103277, 0.027261993361392425, 0.026278202785319005, 0.025290322278284042, 0.026462099722078126, 0.02689897141334766, 0.026730971041915564, 0.024005165264707706, 0.023960984045634046, 0.02446858073012296, 0.02561436775394319, 0.0235104827155196, 0.022929111418255075, 0.023231357180776433, 0.024817515228641417, 0.021986839192873028, 0.023616760923837396, 0.022923340410923945, 0.0229318505860863, 0.0237765473027685, 0.02151463341150166, 0.021276560367778908, 0.020480345870848207, 0.021360160961591712, 0.02111716912351935, 0.02093141972776334, 0.02120854235815589, 0.020354540556368535, 0.019514823006853862, 0.02071943526813547, 0.021707059960475037, 0.018510858277098766, 0.019158581798550952, 0.018959381910840456, 0.019090260746220254, 0.019409831227979426, 0.018135649216834224, 0.0171069085343583, 0.01815153899743722, 0.017573845299972204, 0.018782955400868388, 0.016885349143527576, 0.016678474078117872, 0.01637236865085169, 0.017217393312603354, 0.016290409997159274, 0.016825926522323478, 0.015136099764955446, 0.01720966206982868, 0.015768642853594642, 0.016309376798650972, 0.014767987190074232, 0.01630632976598814, 0.014589855791873415, 0.01571986595881281, 0.014917034055516672, 0.014758056739811192, 0.01487603029806371, 0.014883843296197687, 0.015106797320363479, 0.015202757405353706, 0.014013716843546646, 0.013501650160419133, 0.014788215978637505, 0.012739595884107452, 0.012440716011373865, 0.013132843324731096, 0.01273407173841898, 0.013475157630229363, 0.012889647299598711, 0.01394714340861833, 0.014271985045507503, 0.013542046549811075, 0.012936891384883, 0.012105903740486128, 0.013401531831879159, 0.012878083510303522, 0.012807662694293153, 0.012552491508280748, 0.01261393445913816, 0.012082959412101702, 0.012075914365561552, 0.011759704623261213, 0.012139048723061046, 0.011361075116884684, 0.011226508502315572, 0.011317040377110496, 0.01187352743481203, 0.011225559467580694, 0.011155269235520515, 0.011356164093787497, 0.0128802273775866, 0.011205705907105708, 0.010694790782818242, 0.010513062250768685, 0.01135889298564378, 0.010992711016172907, 0.011299644413544634, 0.012307807835925461, 0.010746452050183314, 0.010717397290290089, 0.011956280154537273, 0.0108643643104288, 0.010672741561365322, 0.010390643274703041, 0.010378530528391154, 0.010013709285646228, 0.010022472792543285, 0.010204170233775388, 0.009970861921966263, 0.009682008797352792, 0.010211796767424437, 0.009830911423913456, 0.010101371453811403, 0.009456754331106832, 0.009543641935323689, 0.010507256289588436, 0.010314467235783822, 0.010024680345075133, 0.009851860614602194, 0.00939032983288249, 0.009323940557694437, 0.009025411465368095, 0.01093649159209839, 0.009664904685161242, 0.010477291130559103, 0.010160244225841893, 0.010335468693821119, 0.00910532166742744, 0.009246391304802063, 0.009326611756522043, 0.009950409303638486, 0.009654237948181904, 0.009070493112358415, 0.008885172261563113, 0.008902231109582883, 0.008922962731381106, 0.008935397841345305, 0.01014890380969264, 0.009177633207890877, 0.009346354580674442, 0.00876269828115607, 0.009265211937196238, 0.00928320092799816, 0.008770247340199433, 0.008992312393164958, 0.009612565953246865, 0.008923221568151873, 0.009576617691454042, 0.008943346438967936, 0.008755691364048197, 0.008424410006370635, 0.008366452326374675, 0.00989224034285739, 0.009336834963221886, 0.008962738020268911, 0.008576612401540668, 0.008541265538810183, 0.008717200564820414, 0.008725404887356762, 0.008205822902319857, 0.008583239019645554, 0.009063898340532476, 0.008663089463488587, 0.008292339197448205, 0.008801524946870204, 0.008837371541322454, 0.008623572604722069, 0.008498627926106263, 0.008498976222686859, 0.008849072606760487, 0.009207204879369298, 0.009200775639162745, 0.008734513299858755, 0.008429230483816628, 0.008211506990031843, 0.009534464455138357, 0.008755639807179683, 0.00937547214451216, 0.007928750696358483, 0.008318423167216087, 0.008919465641713514, 0.008389903086330697, 0.007758243863329643, 0.00785990025284267, 0.008203331812472481, 0.008033606658165071, 0.008906759807559794, 0.008161829088261725, 0.008067701725802633, 0.008407543577217421, 0.008134637214248201, 0.008721018048894795, 0.007914181498140656, 0.00920090305512414, 0.007954532150915733, 0.008139082720347574, 0.008219864694078953, 0.009138925265257348, 0.007925980638412577, 0.007863284834592534, 0.008070723064137005, 0.008158700884695442, 0.007912201915838623, 0.008782647562918272, 0.007796504257176648, 0.007945341387150112, 0.008997137624853201, 0.00826360920695675, 0.008053146331340095, 0.00844611800669902, 0.00855754527147349, 0.007752363502857838, 0.007833020740774766, 0.008536662835480201, 0.007844566482061286, 0.00786459166521349, 0.007773188478086022, 0.008776860437667644, 0.008626553847973102, 0.008012238458856513, 0.008324754970027437, 0.00799412686260233, 0.0076759864681494845, 0.008197707947551328, 0.008404294003684016, 0.008775183437110076, 0.008316715577901375, 0.008172268039549273, 0.007774729265942418, 0.00793582657536479, 0.008249478859214024, 0.007748273515226515, 0.00798215837953594, 0.0075522915892198665, 0.008591899542041242, 0.008282350687433071, 0.008406936634533443, 0.008305234626301929, 0.00875917651908022, 0.007842005593346914, 0.007903349288974787, 0.00840513673957685, 0.0077036260362911835, 0.007660935644588118, 0.007645669534536973, 0.007692892212359318, 0.0085255763763337, 0.00774038993585156, 0.007761876390210945, 0.007497738035574397, 0.00810268767525535, 0.008223582462771105, 0.00775712507179176, 0.00800744844826744, 0.008016829914735667, 0.008340690713681334, 0.008419906633431984, 0.0076622171245030206, 0.008383863782689833, 0.008176486483521051, 0.00852652797040538, 0.008032922216129994, 0.0081762916341185, 0.008096422124691806, 0.007755757671519209, 0.008240540845674825, 0.007611830646281751, 0.00791991142663462, 0.008698878629625562, 0.008202428416919622, 0.007575774677143629, 0.007592047215904613, 0.007504655869327481, 0.007844058208500678, 0.007714205959546813, 0.007739253494585949, 0.00803704606820656, 0.007846656208966346, 0.008032778634777115, 0.007948877972152641, 0.00823819617765007, 0.0076385200215248715, 0.00792665175979186, 0.00777701292435684, 0.007775015557546439, 0.00822046067406503, 0.0081907353626228, 0.008219680250626303, 0.007858072401942678, 0.007385645865066779, 0.008342242226577291, 0.00787290570636386, 0.0077411758088360835, 0.0076461644761321255, 0.007840676445451522, 0.007853840680820517, 0.007763417532133413, 0.007962029442920938, 0.0074860807772390466, 0.008490705155911776, 0.00755803534151159, 0.008067507722895937, 0.007565603796610579, 0.008157300749156203, 0.008105152966222127, 0.008045362354322582, 0.007474172591988477, 0.007406903581842294, 0.007968160866500812, 0.007492596843464478, 0.007635471928012607, 0.007713569507827627, 0.008085743191012735, 0.007822367483894742, 0.007743580465945595, 0.007709170764602644, 0.007517006001868687, 0.008047525660850147, 0.007320009271858216, 0.007596887971390432, 0.007974065205450348, 0.008101653945699871, 0.007558449238853968, 0.007982402671291279, 0.008221010177623873, 0.007946232578441549, 0.008102497268616678, 0.00766335734588946, 0.007553898920366938, 0.007655531307135106, 0.007596341995188925, 0.008182786992583705, 0.008311591361234326, 0.008422423501155463, 0.007797761808284015, 0.0075057075799707, 0.007427823256037178, 0.007378980884946393, 0.007802661064970024, 0.007524033598673846, 0.007874312212938992, 0.007496127337334854, 0.007956965259678189, 0.007648237662087218, 0.007438512020418828, 0.007727545250346728, 0.007726856956640874, 0.007816118192060385, 0.007603083844170857, 0.00876666219292987, 0.007945351729697849, 0.008203171444300718, 0.007273664882555508, 0.007458770665868455, 0.00772094773507552, 0.007279004943329573, 0.007417701170863198, 0.00814261022124204, 0.007785999085918282, 0.007870295131878232, 0.007472233811070811, 0.00773460557515771, 0.007702091155561866, 0.008310531921173474, 0.007510758497499856, 0.007389706894612494, 0.009686583207191334, 0.00731486759723646, 0.008971200531137619, 0.00809913699270451, 0.007877328851708571, 0.007597160353249379, 0.008002381944455145, 0.007402336017635286, 0.0076867333817296265, 0.007729652526560279, 0.007246092845286248, 0.0071791159819627635, 0.008378358930455855, 0.007395391882464941, 0.00764584356076098, 0.007521630229965581, 0.007888846493074798, 0.007266662079773667, 0.008615213984204395, 0.008133517470649027, 0.0074811134923778305, 0.008524181043841127, 0.007646308057052096, 0.0076785686576878506, 0.008160478974144625, 0.008161127134282147, 0.008141548484960971, 0.007455832240089714, 0.007508394133917544, 0.00820896842367339, 0.007491908716922208, 0.00785295760053431, 0.007703635015649284, 0.008339822428400888, 0.00827405070205082, 0.007725216326334662, 0.008283641919496394, 0.007586439762972718, 0.007468288839017537, 0.007376022611077417, 0.0077937623050872784, 0.007364925379166844, 0.008259158848207037, 0.007693307714057402, 0.0078395398483119, 0.00771755486962899, 0.007318115582334212, 0.00790835358999944, 0.00726408213476204, 0.007412559168461031, 0.007559117472925045, 0.0070343838126600685, 0.00726240997949904, 0.007291698647999129, 0.008232132319176704, 0.008307235561639087, 0.007721696792988719, 0.007943768014283113, 0.007932738547061046, 0.007878982839829553, 0.007182232750000516, 0.007696576940634929, 0.0073981110027480645, 0.008242898291921335, 0.008159536133385843, 0.007243006541785798, 0.007940866913385278, 0.0075015836239174715, 0.007583496086111363, 0.007123263799134466, 0.007819323685951347, 0.0071374919320098115, 0.007613307559042162, 0.007315914818910161, 0.007884411166640421, 0.0073594773878619315, 0.007332998481282564, 0.007954171238061513, 0.007151718889809861, 0.007180669636929851, 0.007816209842220671, 0.008184038533912537, 0.0076623801609553765, 0.007758097206026501, 0.007745637025590763, 0.007233455807618653, 0.00786614947698876, 0.00828944911548187, 0.007402385951966895, 0.008417639021811777, 0.007504037269641848, 0.007409731102274505, 0.007753115272327782, 0.0075714328365800035, 0.007683365283286778, 0.007943178348884293, 0.007947649749629217, 0.00749820360442412, 0.0076410396878625894, 0.008032492410572006, 0.008151988996063555, 0.007931320338509558, 0.007118353071255151, 0.0076305272255401905, 0.0073992875687091475, 0.0083509652357339, 0.008487859024632248, 0.007058041318156585, 0.0077201003802410935, 0.007349409446048159, 0.007107022258064991, 0.00794842540410101, 0.008341875252958096, 0.008139299873629605, 0.008104163785201632, 0.007343987232321638, 0.007106672038968536, 0.007734358588740339, 0.007598758099435402, 0.00796412414414296, 0.007900452286452942, 0.007867793048793233, 0.007456759753845801, 0.007296081942690385, 0.007096240318063432, 0.007645691179312502, 0.007528890186141779, 0.007940518458043753, 0.007791919561619982, 0.007750466737913989, 0.00746945882241276, 0.007136364764840511, 0.00811576382208526, 0.007697767334787129, 0.007547601582565783, 0.00801585144399538, 0.007757635206691937, 0.007060394562776195, 0.007809809833509099, 0.007905540633287461, 0.007816836161887343, 0.007650354628556692, 0.007356311459882838, 0.007464136134739157, 0.007717319325664809, 0.007416985501513274, 0.008331002546300164, 0.0072386873691423406, 0.008314117338873129, 0.007864132728283783, 0.007243757930819633, 0.007373976263542437, 0.008101235342837972, 0.007071636584627699, 0.008285631589196402, 0.007601213570603821, 0.00759550599214377, 0.007509600370028483, 0.007612675272237642, 0.007192582268545222, 0.007119353569629616, 0.007181971565278525, 0.00725557754816027, 0.007143159432295939, 0.006929463092204504, 0.007618753387850963, 0.007243444416343985, 0.00753335724988557, 0.007017330111198227, 0.007332959631456537, 0.007571927450476831, 0.007617120757450991, 0.0077110866976099505, 0.007820657833754548, 0.007677026034171441, 0.006989100596222952, 0.007600149300529762, 0.007867174537534776, 0.007413210329074337, 0.007646104288527262, 0.007338150942901477, 0.007088964019388736, 0.007388652486614808, 0.0076802396292867505, 0.007611876695129103, 0.007396156518313485, 0.007098287985287638, 0.007480184153608672, 0.008973850782040327, 0.007198265608996896, 0.007823645412238522, 0.007529492677170736, 0.007656348605907354, 0.007870894703195859, 0.008175496878735844, 0.007576165245513277, 0.007588550764612053, 0.0074331249590869975, 0.007761712689561013, 0.007739607010793303, 0.0072383614291405916, 0.007745112944062397, 0.007157724925669665, 0.00704520222667672, 0.007399995650990637, 0.006925605983711954, 0.007333173250580739, 0.007086650306277825, 0.007984556362274048, 0.0069620412466901, 0.0071514080219534796, 0.007129029803497216, 0.006951869177548778, 0.007670417466553512, 0.007673368025078606, 0.007851335704565124, 0.008432946721737004, 0.0077225527055397375, 0.0075102762742913715, 0.00730611911901917, 0.007680131574981556, 0.007560383031098395, 0.007832589688741811, 0.007538827973036513, 0.007652237145117791, 0.007509631164395168, 0.00758931193731219, 0.007486781512769386, 0.007555702585939045, 0.007674091930106632, 0.007215568016645183, 0.007963819917754484, 0.0074835013268196695, 0.007744688640709153, 0.0070140670883775905, 0.007183015623137367, 0.007026982940410834, 0.007039734576085022, 0.00731303487390938, 0.007744816275357228, 0.007608724015011171, 0.007628695655338678, 0.007293263424486821, 0.007288545341034338, 0.007318080508640559, 0.007236739015524348, 0.007817783604230728, 0.007532272379331489, 0.0076063940907969176, 0.007289233909910985, 0.0069281827275170646, 0.006851008639076881, 0.006971774026474051, 0.007246561522215211, 0.007848265047847003, 0.007539452461565382, 0.007495416744503581, 0.008340617630669457, 0.007371930841761828, 0.0071460341736117655, 0.007312062412618328, 0.007670402682001396, 0.007143405599451366, 0.0072524847438325876, 0.007539181685494431, 0.007627145687751976, 0.007301805844236481, 0.007280706934575457, 0.007098361273309587, 0.007356191356848709, 0.00731427936056537, 0.007077207796667814, 0.007437142337806582, 0.007822761452573396, 0.0067747180939471885, 0.0067537068865933395, 0.006774916137581147, 0.00696701418064769, 0.007157853204791487, 0.00726501138131471, 0.007008438882065934, 0.006740687664359742, 0.0072091083135969285, 0.007011643870354121, 0.00711859438216187, 0.006903557426320564, 0.006811779758105086, 0.006911028178708334, 0.006832852754342609, 0.007028232014787319, 0.00687989067904888, 0.00732282878796978, 0.006864337993146428, 0.006885559475764208, 0.007102482894384981, 0.007180304505049567, 0.007268024412635078, 0.007179547633893716, 0.00693495411059567, 0.007157965099407083, 0.00709714015550103, 0.007258164846751053, 0.007114563441748065, 0.007440035530278482, 0.007263807698394269, 0.0074927994540129085, 0.007334336990053569, 0.007682039149495065, 0.007622269933051795, 0.007075123377002567, 0.007310160729639455, 0.006757544323031953, 0.006963281296001933, 0.008096176021697881, 0.007064394121637641, 0.007087441717292153, 0.006837457083783216, 0.00695369895109565, 0.007420121147430378, 0.007385363995240235, 0.006620540236636549, 0.007283758522881248, 0.006614464858652647, 0.006830209485720589, 0.006955726084511909, 0.006962402031528162, 0.007449250867813991, 0.007238033947145617, 0.0072089650024820965, 0.007537332180577566, 0.00815157441244384, 0.007329884963525884, 0.007519259841802137, 0.006901202568286965, 0.007101348012622971, 0.006773822043351102, 0.00727116924415193, 0.007110923738480306, 0.006767272065885157, 0.006457379524523246, 0.007122966603297472, 0.007171082471429348, 0.006887345020178646, 0.006583473229148742, 0.00706436177896566, 0.006439342624745515, 0.006315172734802474, 0.006504961561022366, 0.006797392299174898, 0.006743603267692007, 0.00650557310858292, 0.006610630129272494, 0.006595887589677468, 0.006470912543296555, 0.0063774994051430944, 0.006618124605632752, 0.006313166237278967, 0.006475965394235486, 0.006312884229574325, 0.006346163772220989, 0.006672221417589532, 0.006495111913984563, 0.006613980249177057, 0.006289866870511867, 0.006360501955785461, 0.006166272413178079, 0.00626243012192211, 0.005952915024410183, 0.005943887652344959, 0.006192706069470585, 0.005865573431005244, 0.005461538571805101, 0.005638501051478017, 0.005342863002556011, 0.004988741611880736, 0.004747375264833749, 0.004550735869699524, 0.005005895859436556, 0.004316544867121571, 0.004199409557867558, 0.004108854551473209, 0.00418478597914636, 0.0042064083193916425, 0.0042714550063058165, 0.004293622557052858, 0.004122930486277829, 0.004145275538018148, 0.003916408316513468, 0.004276518536561678, 0.003769815327574376, 0.0038126032951604815, 0.0038528351156281253, 0.0037802958943615687, 0.003759799760525047, 0.0037391348647041393, 0.0037144872602074054, 0.0036410192669734122, 0.003708382428455573, 0.0037182329612241052, 0.0035265914442002837, 0.003432967931805668, 0.00388734342765836, 0.003625980436605732, 0.003356501590741104, 0.003411031390856853, 0.003366521749190934, 0.0034926212663489633, 0.0033628726542897277, 0.003387833057264499, 0.0033641990251757612, 0.0032280981804871604, 0.0030510253023697327, 0.00341293662668211, 0.0038176109914600316, 0.0032707498814259356, 0.003057846529654293, 0.0031280154044897174, 0.0031337806159989624, 0.0035873528167480904, 0.003160002586339715, 0.0029808436734902024, 0.002943419825146006, 0.0029479203592536027, 0.002751722489850271, 0.0027851405174236167, 0.0028078140628570725, 0.0026967048856381282, 0.0027654745361416905, 0.0028250486893419097, 0.0026306629326447186, 0.002840057885800658, 0.0026889203337264753, 0.0029260361016570204, 0.0028027653910707244, 0.002929975480902476, 0.0029640249278677696, 0.002719008350405928, 0.002644844223922417, 0.002607397597719314, 0.0026615899223940078, 0.002578902795607667, 0.002815193613957709, 0.0028190180122983377, 0.0027823796789512747, 0.0027640046247370998, 0.0026678207225128325, 0.003011316249492019, 0.0026133044459723145, 0.002534182062663087, 0.002474170324305847, 0.0024307437322600768, 0.0023563132912899614, 0.0025377316070568337, 0.002306688417528066, 0.002390707380967394, 0.0025339830460148027, 0.0023275067109032608, 0.002383014972558396, 0.0024867860364438613, 0.002319177407470635, 0.00259961827328902, 0.002483434498654034, 0.002222297411603437, 0.002285641224879269, 0.00281375229198775, 0.0022241888294355526, 0.002492224921790538, 0.002254471342731444, 0.0022688249018156664, 0.0022521617296561366, 0.002549955428321873, 0.0021498464459927414, 0.002316558443897026, 0.003287045734421652, 0.0020306191584079443, 0.002139162971817875, 0.0020532358130887513, 0.002040502641834245, 0.0021409905972830743, 0.002116137384104558, 0.0020806922401979643, 0.0020194090482520276, 0.002023149821715876, 0.002241360365010367, 0.002381609295934685, 0.002017858064251506, 0.0021076356559939988, 0.0021338592325944538, 0.0023319364030516317, 0.0020921763456290088, 0.0020098407885994845, 0.001935520878674698, 0.002604981313024893, 0.0019753796827324823, 0.0019271009774823112, 0.002045332865688346, 0.002009702375236848, 0.0019332935046164135, 0.001903911540244633, 0.0019899284227572474, 0.0019282155824279792, 0.0019742570229032697, 0.0018285883242320127, 0.0018554421100218205, 0.0020358957378878357, 0.001942163750906424, 0.00184274091875697, 0.0018522787897107438, 0.0018117977344692705, 0.0020980591998392365, 0.001901469814753983, 0.0018459488717668664, 0.0020147452944943678, 0.0018090758742966338, 0.001893639383890397, 0.002299525046863034, 0.001821969771922423, 0.002220162837302131, 0.0017668035237612429, 0.0018365091739040496, 0.0017623373221781079, 0.0018349399601262292, 0.0018310526521658971, 0.0017731973319713512, 0.0017503541136837796, 0.0017412000166328859, 0.002217869715630385, 0.0024558640010417117, 0.0018529736054275264, 0.0017852030982032903, 0.0019865076025259347, 0.0020339715714709815, 0.0019689589089973538, 0.002108397022361921, 0.0017179692885053001, 0.001690555980849096, 0.002732780898573994, 0.0019344802453570861, 0.0018855309475578235, 0.0017118402288008954, 0.0018731704369945362, 0.0023314959074002394, 0.002369743354962144, 0.0016947005345388623, 0.0016612107668373503, 0.0017303579083343716, 0.0016555743563849978, 0.0025505473043146206, 0.0016992677334429578, 0.002061875286173351, 0.001695383697081464, 0.0017240444648909052, 0.002552700276039172, 0.0018966528627519868, 0.0019131406525043882, 0.0016911224494030451, 0.0017193652588561445, 0.0015978141202627513, 0.0016226466075156367, 0.0016044141005057651, 0.0017630475370877404, 0.0019465887282578698, 0.0016338154810203384, 0.001627195104424277, 0.0016575691619702452, 0.0019620236840098377, 0.0016393115746587315, 0.0015668893132500345, 0.0019614400994156147, 0.002299470144386558, 0.001553191634014487, 0.0019247244840856512, 0.00159093460676999, 0.0016143121707357924, 0.001609582335009204, 0.001572255364931338, 0.0015623386248547874, 0.001635045619580294, 0.0016355464641891468, 0.0015707105922233974, 0.0015725580206652973, 0.0016260686383048415, 0.001748482505097671, 0.0015935821104012932, 0.0015277144239040162, 0.0017426208571382842, 0.001767303914487048, 0.0015101305857037305, 0.0015762833694233647, 0.0015574917049403314, 0.0015658778640155293, 0.0016055341675066746, 0.001574510606198501, 0.0018591714257144704, 0.0016214087715805887, 0.001490781186470881, 0.0018011447650289373, 0.0017014186079308666, 0.0015060919469188265, 0.001589456915116963, 0.001681141041550215, 0.0015116241728786784, 0.0014563421370747157, 0.0014749443357173272, 0.0015023594325913234, 0.0015759255052566388, 0.0016401286582993545, 0.0015720476252265815, 0.0014363577384287022, 0.0015246676062288188, 0.0015466387717177463, 0.00156420021409487, 0.001470249219575506, 0.0014758812162135925, 0.0016034103010038477, 0.0015943845121112125, 0.0015323853063257606, 0.0016171517583537444, 0.0015907077800389703, 0.0016595333716745223, 0.0017391533604852031, 0.0016905478853440523, 0.0016584517470204015, 0.0014845911643004905, 0.001452890670410538, 0.00146430395394578, 0.0015231878331965632, 0.001871902100622886, 0.0014402047908211946, 0.0014671628410407186, 0.0014502784608763392, 0.001429249899645877, 0.0014523989972984278, 0.0017852562496668675, 0.0014374773602593197, 0.0014081564945546583, 0.0014200358752326514, 0.0016004989006665005, 0.001808527988099571, 0.0015797211951169609, 0.0015522589545950724, 0.001515376770054746, 0.0014046367731664774, 0.0015006531828514788, 0.0014633635479590053, 0.0014070015701763937, 0.0015142465417180395, 0.0016041703887716336, 0.0013942484335686496, 0.0014053889896573112, 0.0014101399551736092, 0.0014898086540464316, 0.0013640429400681967, 0.0013445965788834275, 0.0014271116632519328, 0.0014668238553734877, 0.0013990350593744267, 0.00140923902952936, 0.0014400330574651189, 0.0017332016752552553, 0.0015529992731398246, 0.0013989672159444735, 0.001363627692673536, 0.0015318706320609427, 0.0014138393794799434, 0.0013923980502308579, 0.0013805511763069606, 0.0013985481587421268, 0.0013269076788665032, 0.0013378777796552027, 0.00132612175460363, 0.0013464308899893763, 0.0013401726811291192, 0.0013296743828609284, 0.0014119165843471822, 0.001402290855455337, 0.0013601642842716955, 0.0014145901569386126, 0.0013676079410398882, 0.0013814138068948324, 0.0013545610273561555, 0.0013495173548484466, 0.0013322293727938688, 0.0013579495048809944, 0.0013671675177100795, 0.00133603743000776, 0.0014491677442645442, 0.0013749206100888585, 0.0015141652113422513, 0.0014196680690843086, 0.0012729538787414833, 0.00133308299784958, 0.0013304776036841609, 0.001340699907684745, 0.0013882764110178718, 0.001285572105202798, 0.0013098409133298578, 0.0013077996029622742, 0.00139801526852919, 0.0016740645885329696, 0.001304093589380626, 0.0012830521668775955, 0.0015107500128894238, 0.0013901453938575876, 0.0012717550322685486, 0.0012814048269539585, 0.0012654828537810724, 0.0012893013983128051, 0.0014986471542616237, 0.001281908960262094, 0.0013616027247128361, 0.001383964370340441, 0.001269030500189561, 0.0012548817739781554, 0.0013653103234051384, 0.0013723214896532914, 0.0012561589177307873, 0.0013526777408340148, 0.0013198210377754428, 0.0012716511224026125, 0.0012839594568986581, 0.0012448116644517017, 0.0016596247062241097, 0.0012882733387171127, 0.0012647508371686584, 0.0012506339681119202, 0.0012537322520018194, 0.0012458033140690364, 0.0014300257871169475, 0.0013720434116319769, 0.0013528640065065785, 0.001327403565459385, 0.001474909459835104, 0.0012604085550071836, 0.0012883677501163227, 0.0013864778285673264, 0.0012521350136393424, 0.0013947283742828367, 0.0014801660663701448, 0.0012650787534465495, 0.0012061177585481276, 0.001324743310293698, 0.0017907706010755935, 0.0013171449343442766, 0.0012553251413378059, 0.0013619668670489808, 0.0014920139427837722, 0.0012037891504125423, 0.0014224257244896525, 0.0014995471538286412, 0.001538296808347104, 0.0012212039712754677, 0.0014017444834018703, 0.0013540893598925727, 0.0016823193656862847, 0.00138544908606569, 0.0013471356875418101, 0.00130537691194517, 0.0014317971495334224, 0.0012267667543342333, 0.001280480534641599, 0.0014207906798803253, 0.0012399014695045744, 0.0013538375713529128, 0.001222178370469091, 0.0012187311267233927, 0.0011815828442263228, 0.0012539537549919363, 0.00132476301355134, 0.0012890228564001753, 0.0012267579368304923, 0.0012984362870569843, 0.0011985107109150903, 0.001752887119443179, 0.00121229061991691, 0.0012925960795751531, 0.0011891014659522533, 0.001234937136000438, 0.0012118770490583898, 0.001192963005388602, 0.001196928444793614, 0.0012847925294489403, 0.0011843796307543066, 0.0012143495056577086, 0.0013251755846830997, 0.0013198905253924088, 0.0011489552935893155, 0.001188271992358228, 0.0011632116925068081, 0.002031669720599598, 0.001386033715467249, 0.0012645724085024528, 0.0015837420014803698, 0.0012190826723949453, 0.001465811254224074, 0.0012922606925653904, 0.0013222223486215386, 0.002010123692314712, 0.001177778250119334, 0.001197937294482126, 0.0014865549452760007, 0.001304013066291027, 0.0011583697394444146, 0.001139631489935903, 0.0011846597582081256, 0.0011258002525963522, 0.0011368825356329463, 0.0013346880463151927, 0.00126044436529486, 0.0011291238402998992, 0.0011749267690695396, 0.0011556836045179036, 0.0014098939048069745, 0.0011570940883756384, 0.0011305970248106033, 0.0011077593863955122, 0.0011768917391182497, 0.0011686544801785695, 0.0011145641619654844, 0.0014328455454001654, 0.0010998463337088017, 0.0011631564545613393, 0.0011390716754792083, 0.0011015021187073164, 0.0011225320309787522, 0.001113831811197327, 0.0011723636326998286, 0.0011368305561041479, 0.001242223783489625, 0.0010970849685682578, 0.001255558004040093, 0.001100346283171839, 0.001111039480722835, 0.0011180572554298268, 0.0011093608045226197, 0.0011666193841030454, 0.0011291542494861451, 0.0011303281659235818, 0.0011141873028859897, 0.0012411281777839815, 0.0011367861745809667, 0.0011537461369091478, 0.0010967335343387077, 0.0014800703958492108, 0.0010740440961737267, 0.0010578368098728445, 0.001042413062205494, 0.0011148507369280276, 0.001086354369266735, 0.0012422872178504479, 0.0010680618591285803, 0.0011738291675327547, 0.0010852379422716884, 0.0011309601226230414, 0.0010587500029380702, 0.001499276145300898, 0.001203700588037554, 0.0011278528722342693, 0.0011832085951480767, 0.0016511093923410887, 0.0011481332899319638, 0.001056425884376895, 0.001060048021743803, 0.0011497735236884429, 0.0010486822185985295, 0.001056262171357382, 0.0010541910092977686, 0.0009902175198186125, 0.001268933998763565, 0.001051543575814898, 0.0010479846363633883, 0.0010376736660509306, 0.0011585184771160586, 0.0010674302725691039, 0.001047205063358637, 0.001093088909330614, 0.0013069480870555616, 0.001156304289877584, 0.001037523890528456, 0.0010160451315022086, 0.001023303528129796, 0.0010268797634116584, 0.0015191186995031872, 0.001044836037188158, 0.0010551514243689883, 0.0011099489368890615, 0.0010330419051565506, 0.0010241782743769477, 0.0015003208104914538, 0.0011063363690843756, 0.0011488482398339939, 0.0010353304397306853, 0.0012301234535745257, 0.001159105628355885, 0.0011116578082982576, 0.0010112500003494906, 0.0010305745988001607, 0.0011918258283182142, 0.00157999064765975, 0.0010575043303713454, 0.0012223773352394627, 0.0010344664544823842, 0.0010427371497002086, 0.0010116444069982172, 0.0010647760307877956, 0.0018066661637719812, 0.0012906415129525979, 0.001102219438830397, 0.0010565850151318284, 0.0010204010154311364, 0.0010523418081918564, 0.0011799734173358095, 0.0013303688576308539, 0.0012663868644721586, 0.0017967012241243917, 0.0009938823189622125, 0.0010013437674074718, 0.0009892775280362436, 0.0012087289170768104, 0.0011259163762224707, 0.0010543260055305822, 0.0009667336852443309, 0.0014158754003162717, 0.000965203727547198, 0.0012217274608321027, 0.0010267950865502028, 0.0009960381861957206, 0.0009787205394332559, 0.0009699069433437978, 0.0010433435192767901, 0.0009709938531536855, 0.001019108061776779, 0.0009492040461003122, 0.0009731480603143497, 0.0011198664186772929, 0.0010338608469288655, 0.0010300702103075146, 0.0009616034793390362, 0.0009967657875207532, 0.0013083089286165508, 0.0009816041965526924, 0.0010134236410733425, 0.0009952528999628023, 0.001042162235931658, 0.0009615473029225017, 0.000993848455792399, 0.0010586861716286743, 0.0009602537523818427, 0.00098393208385889, 0.000944852631679877, 0.0009425425218799847, 0.0009641724406035081, 0.0009828303386029867, 0.0009567446314969352, 0.0013344559249680865, 0.0009329558790921171, 0.0010234482293850766, 0.0009711670612955856, 0.0009663136998936825, 0.0009367316702106689, 0.0009735942653413943, 0.0009430840616477203, 0.0009624312454491718, 0.0012726168282145914, 0.001031556535609557, 0.0009408328698024582, 0.0012170100280051368, 0.0010281288296155925, 0.0008955006954500276, 0.0011707683338486876, 0.000923575120868506, 0.0010717254302475775, 0.0010684694038405676, 0.0009234679944467912, 0.001006707427267655, 0.0010121709426183108, 0.0009583699595627549, 0.0009669668058481851, 0.0009254574192998582, 0.0009158799261261768, 0.0010983145090636124, 0.0009199156419288282, 0.0008828896188925496, 0.0009042230589616589, 0.0008971369964936964, 0.0009352746638153392, 0.0009309530225280138, 0.0009315604310345866, 0.0017161981960651359, 0.0009272876558060389, 0.0009764413964113149, 0.0008856041811869074, 0.0009142406246441756, 0.001031273418607673, 0.000899040374430496, 0.0009820844777888836, 0.0009349404498620508, 0.0010187734544404284, 0.0016161173224208307, 0.0009394460299184784, 0.0010117642944644963, 0.0009452250397939224, 0.0011610109117450329, 0.0010951298584536216, 0.000930080232809415, 0.0013091834645293278, 0.000971237970885857, 0.000932918554447163, 0.0012679216209079138, 0.001513787517449486, 0.0011504017121242507, 0.001056805708802994, 0.0015363294952792429, 0.0013378852579826457, 0.0010087396237737586, 0.0010389941444489204, 0.0013680918313819278, 0.0011803460835682139, 0.001182989365342312, 0.0010857806282847599, 0.0009085214352268112, 0.0009885036617575933, 0.0009176646643501193, 0.0008991226397293499, 0.0010468251354190763, 0.0010291353512715123, 0.0013828506493195345, 0.0009782923441204608, 0.00100137759189223, 0.0009446048161223844, 0.0008986317113402214, 0.0015725118064925936, 0.0009320873386419101, 0.001134744113412022, 0.0008689697387554048, 0.0009360519252081878, 0.0009138982108009417, 0.0008427018997924391, 0.0008605494338327257, 0.0009302712551846146, 0.0009986904075684668, 0.0009186959732343662, 0.0008779247840089196, 0.0008648376630406084, 0.0011339911862769533, 0.0012260294913814197, 0.0012674867765894713, 0.0011339174870754107, 0.000923014947031802, 0.0009502327425231796, 0.0008810768001883883, 0.0008777372857105707, 0.0008413059546298416, 0.0008546038322410659, 0.0008379000309775116, 0.0008913001990180825, 0.00085555026068354, 0.0017751270072377651, 0.0008667868406343708, 0.0008671758132725196, 0.00090391197421006, 0.0008474743528616095, 0.0009505591508867358, 0.0008969740106881262, 0.0008508457171238618, 0.0009325460376736323, 0.001272765140601974, 0.0008438716050609801, 0.0009896301069262923, 0.0008878157162280981, 0.0009913492071410028, 0.001126672182002359, 0.0008959717608753877, 0.000896496235171679, 0.0008522771859537894, 0.001084108673958814, 0.0016093342192280492, 0.0009935152968080715, 0.0008198954757488938, 0.000809217779325164, 0.0008806897862518403, 0.0008617425577671212, 0.000838905562282283, 0.0009131581970139975, 0.0008344259019584146, 0.0009396139953693182, 0.0009279594276126514, 0.001005984099825733, 0.0009421064584882993, 0.0008540837716434972, 0.0008238905935981021, 0.001165847854810418, 0.0007956739171989274, 0.0008275503263288034, 0.0008889621735846928, 0.001268436427881021, 0.0009408729426599702, 0.0008556432275726296, 0.0010075097346580952, 0.0009701529654328006, 0.0010035961788682234, 0.0007815241348041705, 0.0008255084877251405, 0.0008683850715210428, 0.0011883474126180322, 0.0010395869346326524, 0.000886961169025715, 0.0007855686647110054, 0.0008758820825095873, 0.0016748218367669695, 0.0008745524602572749, 0.0009274558541526669, 0.0008084690672517561, 0.0008034558079988811, 0.0007954384865550585, 0.0008059536822725532, 0.0008094529458594201, 0.0010153352641369235, 0.000917237279218858, 0.0010058116270827949, 0.0008314091470156531, 0.0007804183154515045, 0.0009380514687143811, 0.0008744115322873642, 0.0008292543192884613, 0.0008845113973441916, 0.000805507952036014, 0.0008270618044771998, 0.0008180748151662952, 0.0009315548894241883, 0.0008191870887316127, 0.0008098231185964287, 0.000769443204041811, 0.0008268269436553889, 0.0011702727269308438, 0.001140232344337109, 0.0010333155214333146, 0.0007618283120908432, 0.0007805402637008036, 0.0007993905959505428, 0.0010896664977244083, 0.0008064419109503794, 0.0009506919224282169, 0.0007601976689579894, 0.0010287557291831122, 0.0008176028204354414, 0.0007641074132860742, 0.0007570747545901208, 0.0008405714147022756, 0.000782855118266501, 0.0011375846113426346, 0.000858590823240795, 0.0009272687160757905, 0.0007618614777402694, 0.0007708762618995051, 0.0007854443356696997, 0.0008708381241000223, 0.0007957276172449076, 0.0007846759038562769, 0.0011238411826427939, 0.0011705755246107649, 0.0015440394252677638, 0.0008618591795434484, 0.0010147304145499206, 0.00129974718663283, 0.0011606962794593217, 0.000785166137848102, 0.0007836458243114602, 0.0007420089566858925, 0.0007750894247343603, 0.0008905160351164218, 0.0012363359954011665, 0.0008536013400474302, 0.0007735481364627782, 0.0007544333324463261, 0.000790600681457275, 0.0007517006327768125, 0.0009105767084993982, 0.0009159343992105234, 0.0014493236416001482, 0.000792297296401356, 0.0007259276574568314, 0.0007442566915493288, 0.0007391360195961302, 0.0007660910011277062, 0.0008333750714304282, 0.0008311771047734559, 0.0008562241381517237, 0.0007835588347614601, 0.0007222599301006793, 0.0008534886754248787, 0.0008360987795203302, 0.0008226957416973085, 0.0007534764654581287, 0.0007369998278163658, 0.0009609149920015405, 0.0009120474577828657, 0.0008166325598285832, 0.0007804799205105487, 0.0011750156210627834, 0.0007414590439801358, 0.0007513123692653082, 0.0007889417661709753, 0.0007737891442867329, 0.0007763202262273564, 0.0007892105439549845, 0.0007572375890419259, 0.0007455606399766463, 0.0007260424922993553, 0.0007333766238893834, 0.0008133351789033366, 0.0008335884821587893, 0.0007754020123955961, 0.0007207673177966598, 0.0007300144958383621, 0.0007481145107875967, 0.0007319635761148677, 0.0007348458592137554, 0.0007342701389734655, 0.0007144544046291198, 0.0007050396267082853, 0.0006934685613376321, 0.0007197155565015849, 0.0006975107999850055, 0.0007402417901013342, 0.0007019183011380762, 0.000710399653140123, 0.0007030656068768696, 0.0007123658777564758, 0.0007202933163189752, 0.0007262221213004915, 0.0007086074042213926, 0.0007124316327561709, 0.0006892996362159821, 0.0007018911455321315, 0.0007152420415433229, 0.0006900942030751999, 0.0007156473628714748, 0.0006720148846816495, 0.000703386029331277, 0.0006867963849577102, 0.0006858268242253848, 0.0006906603911343378, 0.0007100211196282628, 0.0007435350883518969, 0.0007017395304680271, 0.0007951717547941544, 0.000727928806302309, 0.0007847477561960498, 0.0006994166238978621, 0.0007629436708940525, 0.0007508131075233171, 0.0007126586175326601, 0.0006817316331467322, 0.0007264154285432345, 0.0007169199812244467, 0.000711407112894849, 0.0007365002968336107, 0.0007034068719043879, 0.0006901071812822707, 0.0009236151445578683, 0.0008719346360014766, 0.0006931575549540078, 0.0007513892993212593, 0.0006722301711120683, 0.0007069909120368592, 0.0007305278720658765, 0.0006897716239580728, 0.0007187197855603178, 0.0006912523568627494, 0.0007148973078522149, 0.0007835966763853054, 0.0008088182036549364, 0.0007831320588636059, 0.0006753506652257486, 0.0006989015492777579, 0.0007020261505698354, 0.0006740993630602988, 0.0007661901766851213, 0.0007487534638542379, 0.000673691605936961, 0.0008462151946374348, 0.0006769297590481498, 0.0007212974322596441, 0.0006806738460824667, 0.000675433445860704, 0.000674856123714262, 0.0006658520822897144, 0.0006658985441283929, 0.0007573232175674473, 0.0006672522434384597, 0.0006815450416063822, 0.0007596548823423679, 0.0006897165302727019, 0.0007117657718994124, 0.0007368902039566402, 0.0007997148376114645, 0.0007469972748394713, 0.0006734853850420819, 0.0006780715676538095, 0.0006693781762053714, 0.0006789401678087384, 0.0006483065744169603, 0.0006552466045535448, 0.0006656042040640145, 0.0006379626907866224, 0.0006422068810625323, 0.0006628640550040872, 0.0007169476242080054, 0.0006610281048879716, 0.0006600919796704908, 0.0006402062020270501, 0.0006361355910058676, 0.0006415657022576804, 0.0006332082993618672, 0.0006331486837829752, 0.0006303693462518207, 0.0006322306432127405, 0.0006324108097636839, 0.000636612501029363, 0.000640030061075154, 0.0006398023381800239, 0.0006530294466418324, 0.0006509604553172212, 0.0006509992966575655, 0.0006494259505284229, 0.0006493693533224338, 0.0006492819823120652, 0.000637630886162402, 0.0006248001234656754, 0.0006296080686919684, 0.0006470309391294617, 0.0006499904285691409, 0.0006497336084426369]