0.000000000000000000e+00 3.389999999999999858e+01 5.820000000000000284e+00
1.500000000000000000e+01 3.395000000000000284e+01 5.724999999999999645e+00
3.000000000000000000e+01 3.395000000000000284e+01 6.865000000000000213e+00
3.500000000000000000e+01 3.960000000000000142e+01 6.804999999999999716e+00
4.000000000000000000e+01 4.464999999999999858e+01 9.919999999999999929e+00
4.500000000000000000e+01 3.810000000000000142e+01 1.575000000000000000e+01
5.500000000000000000e+01 3.785000000000000142e+01 1.400000000000000000e+01
6.500000000000000000e+01 3.550000000000000000e+01 9.820000000000000284e+00
7.500000000000000000e+01 3.410000000000000142e+01 8.300000000000000711e+00
8.500000000000000000e+01 3.000000000000000000e+01 8.865000000000000213e+00
9.500000000000000000e+01 3.354999999999999716e+01 7.950000000000000178e+00
