0.000000000000000000e+00 2.460000000000000142e+01 4.820000000000000284e+00
1.500000000000000000e+01 2.700000000000000000e+01 4.629999999999999893e+00
3.000000000000000000e+01 2.819999999999999929e+01 4.679999999999999716e+00
3.500000000000000000e+01 2.969999999999999929e+01 5.004999999999999893e+00
4.000000000000000000e+01 2.864999999999999858e+01 4.384999999999999787e+00
4.500000000000000000e+01 3.050000000000000000e+01 6.884999999999999787e+00
5.500000000000000000e+01 2.930000000000000071e+01 9.050000000000000711e+00
6.500000000000000000e+01 2.650000000000000000e+01 6.174999999999999822e+00
7.500000000000000000e+01 2.680000000000000071e+01 5.980000000000000426e+00
8.500000000000000000e+01 2.955000000000000071e+01 5.254999999999999893e+00
9.500000000000000000e+01 2.510000000000000142e+01 4.884999999999999787e+00
