0.000000000000000000e+00 1.500000000000000000e+01 1.619999999999999929e+01
1.500000000000000000e+01 1.230000000000000071e+01 1.450000000000000000e+01
3.000000000000000000e+01 1.250999999999999979e+01 1.284999999999999964e+01
3.500000000000000000e+01 1.640500000000000114e+01 1.409999999999999964e+01
4.000000000000000000e+01 1.730000000000000071e+01 1.325000000000000000e+01
4.500000000000000000e+01 1.450000000000000000e+01 1.434999999999999964e+01
5.500000000000000000e+01 1.119999999999999929e+01 1.090000000000000036e+01
6.500000000000000000e+01 1.419999999999999929e+01 1.019999999999999929e+01
7.500000000000000000e+01 1.225000000000000000e+01 9.845000000000000639e+00
8.500000000000000000e+01 9.900000000000000355e+00 8.435000000000000497e+00
9.500000000000000000e+01 1.205000000000000071e+01 7.924999999999999822e+00
