0.000000000000000000e+00 1.735000000000000142e+01 6.190000000000000391e+00
1.500000000000000000e+01 1.540000000000000036e+01 6.480000000000000426e+00
3.000000000000000000e+01 1.565000000000000036e+01 6.424999999999999822e+00
3.500000000000000000e+01 2.760000000000000142e+01 8.599999999999999645e+00
4.000000000000000000e+01 3.130000000000000071e+01 1.280000000000000071e+01
4.500000000000000000e+01 2.805000000000000071e+01 1.644999999999999929e+01
5.500000000000000000e+01 2.139999999999999858e+01 1.575000000000000000e+01
6.500000000000000000e+01 1.985000000000000142e+01 1.380000000000000071e+01
7.500000000000000000e+01 1.725000000000000000e+01 1.250000000000000000e+01
8.500000000000000000e+01 1.950000000000000000e+01 1.125000000000000000e+01
9.500000000000000000e+01 1.950000000000000000e+01 1.125000000000000000e+01
