0.000000000000000000e+00 4.395000000000000284e+01 1.390000000000000036e+01
1.500000000000000000e+01 3.745000000000000284e+01 1.075000000000000000e+01
3.000000000000000000e+01 2.885000000000000142e+01 9.900000000000000355e+00
3.500000000000000000e+01 7.130787399151989803e+01 1.084999999999999964e+01
4.000000000000000000e+01 1.013090550612320015e+02 1.515000000000000036e+01
4.500000000000000000e+01 9.140000000000000568e+01 1.839999999999999858e+01
5.500000000000000000e+01 6.575000000000000000e+01 1.735000000000000142e+01
6.500000000000000000e+01 5.685000000000000142e+01 1.290000000000000036e+01
7.500000000000000000e+01 5.085000000000000142e+01 1.425000000000000000e+01
8.500000000000000000e+01 4.300000000000000000e+01 1.258999999999999986e+01
9.500000000000000000e+01 3.495000000000000284e+01 9.669999999999999929e+00
