0.000000000000000000e+00 1.224000000000000021e+01 1.115000000000000036e+01
1.500000000000000000e+01 1.167999999999999972e+01 8.080000000000000071e+00
3.000000000000000000e+01 1.229499999999999993e+01 7.825000000000000178e+00
3.500000000000000000e+01 1.958500000000000085e+01 7.625000000000000000e+00
4.000000000000000000e+01 2.694999999999999929e+01 1.500000000000000000e+01
4.500000000000000000e+01 2.419999999999999929e+01 1.885000000000000142e+01
5.500000000000000000e+01 1.763500000000000156e+01 1.785000000000000142e+01
6.500000000000000000e+01 1.819999999999999929e+01 1.825000000000000000e+01
7.500000000000000000e+01 1.710000000000000142e+01 1.419999999999999929e+01
8.500000000000000000e+01 1.555000000000000071e+01 1.390000000000000036e+01
9.500000000000000000e+01 1.450000000000000000e+01 1.330000000000000071e+01
