0.000000000000000000e+00 1.480000000000000071e+01 8.000000000000000000e+00
1.500000000000000000e+01 1.290000000000000036e+01 7.455000000000000071e+00
3.000000000000000000e+01 1.155000000000000071e+01 6.089999999999999858e+00
3.500000000000000000e+01 1.359999999999999964e+01 6.410000000000000142e+00
4.000000000000000000e+01 1.444999999999999929e+01 5.809999999999999609e+00
4.500000000000000000e+01 1.450000000000000000e+01 5.849999999999999645e+00
5.500000000000000000e+01 1.284999999999999964e+01 5.459999999999999964e+00
6.500000000000000000e+01 1.130000000000000071e+01 5.190000000000000391e+00
7.500000000000000000e+01 1.188499999999999979e+01 4.709999999999999964e+00
8.500000000000000000e+01 1.021000000000000085e+01 4.115000000000000213e+00
9.500000000000000000e+01 1.025500000000000078e+01 3.935000000000000053e+00
