0.000000000000000000e+00 3.285000000000000142e+01 4.849999999999999645e+00
1.500000000000000000e+01 3.064999999999999858e+01 4.634999999999999787e+00
3.000000000000000000e+01 3.025000000000000000e+01 4.844999999999999751e+00
3.500000000000000000e+01 3.364999999999999858e+01 5.009999999999999787e+00
4.000000000000000000e+01 4.320000000000000284e+01 6.554999999999999716e+00
4.500000000000000000e+01 4.545000000000000284e+01 9.865000000000000213e+00
5.500000000000000000e+01 3.845000000000000284e+01 1.284999999999999964e+01
6.500000000000000000e+01 3.347876923076920264e+01 1.154748717948720049e+01
7.500000000000000000e+01 3.249023076923079856e+01 1.058686153846150013e+01
8.500000000000000000e+01 3.016651282051279992e+01 9.517802564102559870e+00
9.500000000000000000e+01 2.910410256410260033e+01 9.000948717948720201e+00
