0.000000000000000000e+00 3.060000000000000142e+01 2.230000000000000071e+01
1.500000000000000000e+01 2.000000000000000000e+01 2.060000000000000142e+01
3.000000000000000000e+01 1.639999999999999858e+01 1.750000000000000000e+01
3.500000000000000000e+01 1.544999999999999929e+01 1.650000000000000000e+01
4.000000000000000000e+01 1.650000000000000000e+01 1.785000000000000142e+01
4.500000000000000000e+01 1.319999999999999929e+01 1.680000000000000071e+01
5.500000000000000000e+01 1.190000000000000036e+01 1.350000000000000000e+01
6.500000000000000000e+01 9.380000000000000782e+00 1.359999999999999964e+01
7.500000000000000000e+01 9.119999999999999218e+00 1.340000000000000036e+01
8.500000000000000000e+01 8.759999999999999787e+00 9.425000000000000711e+00
9.500000000000000000e+01 9.919999999999999929e+00 9.134999999999999787e+00
