0.000000000000000000e+00 1.400000000000000000e+01 9.000000000000000000e+00
1.500000000000000000e+01 1.259999999999999964e+01 6.900000000000000355e+00
3.000000000000000000e+01 1.000000000000000000e+01 6.900000000000000355e+00
3.500000000000000000e+01 2.530000000000000071e+01 6.599999999999999645e+00
4.000000000000000000e+01 3.200000000000000000e+01 1.109999999999999964e+01
4.500000000000000000e+01 3.270000000000000284e+01 1.459999999999999964e+01
5.500000000000000000e+01 2.430000000000000071e+01 1.550000000000000000e+01
6.500000000000000000e+01 1.730000000000000071e+01 1.230000000000000071e+01
7.500000000000000000e+01 1.530000000000000071e+01 1.059999999999999964e+01
8.500000000000000000e+01 1.150000000000000000e+01 9.800000000000000711e+00
9.500000000000000000e+01 1.030000000000000071e+01 7.200000000000000178e+00
