0.000000000000000000e+00 1.600000000000000000e+01 9.265000000000000568e+00
1.500000000000000000e+01 1.590000000000000036e+01 6.879999999999999893e+00
3.000000000000000000e+01 1.130000000000000071e+01 7.709999999999999964e+00
3.500000000000000000e+01 3.539999999999999858e+01 8.164999999999999147e+00
4.000000000000000000e+01 6.520000000000000284e+01 1.315000000000000036e+01
4.500000000000000000e+01 6.264999999999999858e+01 2.125000000000000000e+01
5.500000000000000000e+01 4.364999999999999858e+01 2.105000000000000071e+01
6.500000000000000000e+01 3.314999999999999858e+01 2.044999999999999929e+01
7.500000000000000000e+01 2.919999999999999929e+01 1.805000000000000071e+01
8.500000000000000000e+01 2.230000000000000071e+01 1.600000000000000000e+01
9.500000000000000000e+01 1.910000000000000142e+01 1.380000000000000071e+01
