0.000000000000000000e+00 1.019999999999999929e+01 6.900000000000000355e+00
1.500000000000000000e+01 1.040000000000000036e+01 5.299999999999999822e+00
3.000000000000000000e+01 1.280000000000000071e+01 5.900000000000000355e+00
3.500000000000000000e+01 1.009999999999999964e+01 5.400000000000000355e+00
4.000000000000000000e+01 1.000000000000000000e+01 7.500000000000000000e+00
4.500000000000000000e+01 1.115000000000000036e+01 6.900000000000000355e+00
5.500000000000000000e+01 1.115000000000000036e+01 6.900000000000000355e+00
6.500000000000000000e+01 1.115000000000000036e+01 6.900000000000000355e+00
7.500000000000000000e+01 1.230000000000000071e+01 6.299999999999999822e+00
8.500000000000000000e+01 1.000000000000000000e+01 5.700000000000000178e+00
9.500000000000000000e+01 1.190000000000000036e+01 6.000000000000000000e+00
