0.000000000000000000e+00 1.248000000000000043e+01 9.244999999999999218e+00
1.500000000000000000e+01 1.134999999999999964e+01 6.875000000000000000e+00
3.000000000000000000e+01 1.216499999999999915e+01 7.870000000000000107e+00
3.500000000000000000e+01 1.244999999999999929e+01 6.639999999999999680e+00
4.000000000000000000e+01 1.644999999999999929e+01 7.820000000000000284e+00
4.500000000000000000e+01 1.780000000000000071e+01 9.394999999999999574e+00
5.500000000000000000e+01 1.448499999999999943e+01 1.055000000000000071e+01
6.500000000000000000e+01 1.400000000000000000e+01 8.244999999999999218e+00
7.500000000000000000e+01 1.209999999999999964e+01 7.134999999999999787e+00
8.500000000000000000e+01 1.269999999999999929e+01 6.110000000000000320e+00
9.500000000000000000e+01 1.293999999999999950e+01 6.589999999999999858e+00
