0.000000000000000000e+00 3.014999999999999858e+01 1.075000000000000000e+01
1.500000000000000000e+01 2.500000000000000000e+01 9.429999999999999716e+00
3.000000000000000000e+01 2.469999999999999929e+01 9.675000000000000711e+00
3.500000000000000000e+01 4.020000000000000284e+01 9.765000000000000568e+00
4.000000000000000000e+01 5.860000000000000142e+01 1.400000000000000000e+01
4.500000000000000000e+01 6.345000000000000284e+01 1.748000000000000043e+01
5.500000000000000000e+01 4.825000000000000000e+01 2.085000000000000142e+01
6.500000000000000000e+01 3.410000000000000142e+01 1.700000000000000000e+01
7.500000000000000000e+01 2.705000000000000071e+01 1.469999999999999929e+01
8.500000000000000000e+01 2.014999999999999858e+01 1.249499999999999922e+01
9.500000000000000000e+01 1.664999999999999858e+01 1.225000000000000000e+01
