0.000000000000000000e+00 1.730000000000000071e+01 1.209999999999999964e+01
1.500000000000000000e+01 1.960000000000000142e+01 1.065000000000000036e+01
3.000000000000000000e+01 2.060000000000000142e+01 9.710000000000000853e+00
3.500000000000000000e+01 2.314999999999999858e+01 1.008999999999999986e+01
4.000000000000000000e+01 1.925000000000000000e+01 1.019999999999999929e+01
4.500000000000000000e+01 2.369999999999999929e+01 1.115000000000000036e+01
5.500000000000000000e+01 1.985000000000000142e+01 1.190000000000000036e+01
6.500000000000000000e+01 1.989999999999999858e+01 1.165000000000000036e+01
7.500000000000000000e+01 2.085000000000000142e+01 1.105000000000000071e+01
8.500000000000000000e+01 1.650000000000000000e+01 8.910000000000000142e+00
9.500000000000000000e+01 1.444999999999999929e+01 7.995000000000000107e+00
