0.000000000000000000e+00 1.144999999999999929e+01 5.155000000000000249e+00
1.500000000000000000e+01 1.051999999999999957e+01 5.575000000000000178e+00
3.000000000000000000e+01 9.695000000000000284e+00 4.509999999999999787e+00
3.500000000000000000e+01 9.265000000000000568e+00 5.014999999999999680e+00
4.000000000000000000e+01 1.184999999999999964e+01 4.605000000000000426e+00
4.500000000000000000e+01 6.714999999999999858e+00 4.410000000000000142e+00
5.500000000000000000e+01 8.375000000000000000e+00 3.979999999999999982e+00
6.500000000000000000e+01 6.974999999999999645e+00 3.629999999999999893e+00
7.500000000000000000e+01 7.575000000000000178e+00 3.584999999999999964e+00
8.500000000000000000e+01 7.705000000000000071e+00 3.365000000000000213e+00
9.500000000000000000e+01 9.714999999999999858e+00 3.709999999999999964e+00
