0.000000000000000000e+00 3.720000000000000284e+01 8.089999999999999858e+00
1.500000000000000000e+01 3.155000000000000071e+01 7.879999999999999893e+00
3.000000000000000000e+01 3.100000000000000000e+01 7.544999999999999929e+00
3.500000000000000000e+01 4.985000000000000142e+01 7.844999999999999751e+00
4.000000000000000000e+01 5.310000000000000142e+01 1.305000000000000071e+01
4.500000000000000000e+01 5.304999999999999716e+01 1.819999999999999929e+01
5.500000000000000000e+01 4.510000000000000142e+01 1.580000000000000071e+01
6.500000000000000000e+01 3.660000000000000142e+01 1.294999999999999929e+01
7.500000000000000000e+01 3.114999999999999858e+01 1.009999999999999964e+01
8.500000000000000000e+01 2.935000000000000142e+01 9.925000000000000711e+00
9.500000000000000000e+01 2.480000000000000071e+01 8.435000000000000497e+00
