0.000000000000000000e+00 1.355000000000000071e+01 2.139999999999999858e+01
1.500000000000000000e+01 1.819999999999999929e+01 1.989999999999999858e+01
3.000000000000000000e+01 1.319999999999999929e+01 2.125000000000000000e+01
3.500000000000000000e+01 1.090000000000000036e+01 2.069999999999999929e+01
4.000000000000000000e+01 9.769999999999999574e+00 1.935000000000000142e+01
4.500000000000000000e+01 1.069999999999999929e+01 1.750000000000000000e+01
5.500000000000000000e+01 1.209999999999999964e+01 1.540000000000000036e+01
6.500000000000000000e+01 9.314999999999999503e+00 1.605000000000000071e+01
7.500000000000000000e+01 8.500000000000000000e+00 1.544999999999999929e+01
8.500000000000000000e+01 1.019999999999999929e+01 1.365000000000000036e+01
9.500000000000000000e+01 1.294999999999999929e+01 1.334999999999999964e+01
