Model Setup for Atypical Patient 8:
ITERS=1000
LEARNING_RATE=0.001
OPT_RESET=500
ATOL=1e-09
RTOL=1e-07
METHOD=dopri5
Input channels=2
Hidden channels=11
Output channels=2
Runtime=54.57229709625244
Optimizer=Adam (
Parameter Group 0
    amsgrad: False
    betas: (0.9, 0.999)
    capturable: False
    differentiable: False
    eps: 1e-08
    foreach: None
    fused: None
    lr: 0.001
    maximize: False
    weight_decay: 0
)Loss over time=[2966.391154320418, 2902.027515967191, 2838.559413815691, 2775.9946750438135, 2714.335328799692, 2653.573234714872, 2593.687560130043, 2534.6524286359345, 2476.4487875802643, 2419.0665038610637, 2362.500847652587, 2306.7498908424136, 2251.8133036743006, 2197.691921042534, 2144.387449028468, 2091.9021259795327, 2040.2381593452105, 1989.3973988749249, 1939.3812914101231, 1890.1905427993204, 1841.8249053947168, 1794.2831892559627, 1747.5633776860595, 1701.6627436200374, 1656.5779494200178, 1612.3051606689771, 1568.8401628562162, 1526.1784598692204, 1484.3153444948307, 1443.2459426139844, 1402.9652483563705, 1363.4680926527192, 1324.7490745546106, 1286.8024527825762, 1249.6220141282326, 1213.2009457759023, 1177.531734901055, 1142.606145640176, 1108.4152528737939, 1074.9495307663503, 1042.1990026213455, 1010.1534221513649, 978.8024638157833, 948.1359027553383, 918.143769990349, 888.8164741289766, 860.1448858299814, 832.120385234561, 804.7348754227176, 777.9807667555732, 751.8509379224346, 726.3386798059347, 701.437628024834, 677.1416895965159, 653.444968632335, 630.341694088022, 607.8261528054926, 585.8926295910352, 564.5353553605281, 543.7484637049711, 523.5259557068417, 503.8616724620935, 484.74927452889534, 466.18222741091444, 448.1537921591062, 430.65702021866485, 413.6847517335369, 397.22961662389474, 381.2840378676785, 365.84023652239716, 350.8902381249161, 336.42588018914574, 322.43882059007143, 308.92054668192725, 295.86238503367366, 283.2555110624642, 271.0909601348789, 259.35963996093767, 248.05234119095897, 237.15975011450874, 226.67245888036177, 216.58097878592096, 206.87575394321246, 197.54717383782375, 188.58558635096796, 179.98131102590983, 171.7246524290858, 163.8059135514184, 156.21540924154328, 148.9434795976815, 141.98050324924844, 135.31691050952875, 128.94319567862328, 122.84993046043755, 117.02777697510497, 111.46749913707646, 106.15997431968427, 101.09620459418065, 96.267327518693, 91.66462646163099, 87.279540452047, 83.10367355532249, 79.1288037760459, 75.34689143223771, 71.75008703294351, 68.33073912586747, 65.08140111110491, 61.994837729738215, 59.06403104476212, 56.28218585153327, 53.64273446207383, 51.13934079209773, 48.76590366374967, 46.51655922189943, 44.385682349055294, 42.36788695546086, 40.45802500899169, 38.651184005342714, 36.94268354605353, 35.32806992945277, 33.8031091357334, 32.36377836343696, 31.006256101612713, 29.72691084471353, 28.522288701244808, 27.389100141383892, 26.32420617898775, 25.324604113602923, 24.38741407756274, 23.50986562145679, 22.689285058564465, 21.923084077378917, 21.208749729227964, 20.543835966556728, 19.92595668993147, 19.352780446427076, 18.822027688349575, 18.331468417234277, 17.878921597601373, 17.46225580127667, 17.079390826840765, 16.728300065591156, 16.407013393691617, 16.11362040830849, 15.846273949173826, 15.603194352901028, 15.382657841462162, 15.18303365950988, 15.002741502407561, 14.840282182426561, 14.694254169481077, 14.563310311144358, 14.446182751173579, 14.341679854367545, 14.248684545772779, 14.166152634691622, 14.093110875324284, 14.028654743726252, 13.971945962781867, 13.9222098198401, 13.878732323637546, 13.840857245298738, 13.80798308483325, 13.779560000499883, 13.755086734117635, 13.734107561193314, 13.716209290071857, 13.701018331237652, 13.688197853606448, 13.677445041245488, 13.668488461175436, 13.661085550104223, 13.655020225552914, 13.650100624745637, 13.64615697284047, 13.643039580539577, 13.640616969837758, 13.63877412559654, 13.63741086976006, 13.63644035434528, 13.635787668790915, 13.635388556854856, 13.635188237956521, 13.635140327677904, 13.635205852030753, 13.635352350065409, 13.635553059420173, 13.635786179487646, 13.636034206977325, 13.63628333880417, 13.636522937394039, 13.636745053677844, 13.636944003249901, 13.637115991365397, 13.6372587826666, 13.637371411743931, 13.637453930849558, 13.63750719130362, 13.637532655335205, 13.637532235322885, 13.637508157590482, 13.637462848123938, 13.637398837760289, 13.63731868459272, 13.637224911506792, 13.637119956945668, 13.637006137155481, 13.636885618326392, 13.636760397189683, 13.63663228877229, 13.636502920141838, 13.636373729102433, 13.636245966911076, 13.63612070420167, 13.635998839394809, 13.635881108970136, 13.635768099062211, 13.635660257914974, 13.635557908806534, 13.635461263115246, 13.635370433258858, 13.63528544528762, 13.635206250961641, 13.635132739177873, 13.63506474665359, 13.63500206779947, 13.634944463742158, 13.634891670481283, 13.634843406180453, 13.634799377610545, 13.634759285772605, 13.634722830741868, 13.634689715774385, 13.63465965073193, 13.634632354876366, 13.634607559090904, 13.634585007584157, 13.634564459134566, 13.634545687927254, 13.634528484038794, 13.634512653616781, 13.63449801880242, 13.634484417437944, 13.634471702600178, 13.634459741993675, 13.634448417236827, 13.63443762307063, 13.634427266512166, 13.634417265977051, 13.63440755038888, 13.634398058289655, 13.634388736967237, 13.634379541607194, 13.63437043447905, 13.63436138416438, 13.634352364827532, 13.634343355537066, 13.634334339635275, 13.634325304160404, 13.634316239317485, 13.634307137999677, 13.634297995358509, 13.634288808418127, 13.634279575734707, 13.634270297096196, 13.634260973259938, 13.634251605726284, 13.634242196542987, 13.634232748140427, 13.634223263192622, 13.63421374450116, 13.634204194902475, 13.634194617190975, 13.634185014060757, 13.634175388060207, 13.634165741560137, 13.634156076729777, 13.63414639552493, 13.634136699680788, 13.634126990712018, 13.634117269917317, 13.634107538387905, 13.634097797018443, 13.634088046521102, 13.634078287439923, 13.634068520166363, 13.634058744956446, 13.634048961945563, 13.634039171165721, 13.634029372559382, 13.634019565995022, 13.634009751280734, 13.633999928175747, 13.633990096402927, 13.633980255659083, 13.63397040562334, 13.633960545966056, 13.633950676355404, 13.633940796463706, 13.633930905971772, 13.633921004573637, 13.633911091979572, 13.633901167918147, 13.633891232138366, 13.633881284411244, 13.633871324529046, 13.633861352307093, 13.633851367582503, 13.6338413702138, 13.633831360079835, 13.633821337079581, 13.633811301130025, 13.633801252165494, 13.633791190135675, 13.63378111500464, 13.633771026749367, 13.633760925358166, 13.633750810829376, 13.633740683170185, 13.63373054239538, 13.633720388525838, 13.633710221588188, 13.633700041612826, 13.633689848634226, 13.633679642689374, 13.633669423817064, 13.633659192057776, 13.633648947452928, 13.633638690043908, 13.633628419873027, 13.633618136981973, 13.633607841411884, 13.633597533203517, 13.633587212397073, 13.633576879031539, 13.6335665331453, 13.633556174775794, 13.633545803959317, 13.633535420731691, 13.63352502512738, 13.633514617180492, 13.633504196924006, 13.633493764390268, 13.633483319610951, 13.633472862617328, 13.633462393439755, 13.63345191210832, 13.633441418652831, 13.633430913102258, 13.633420395485636, 13.633409865831538, 13.63339932416837, 13.633388770524283, 13.633378204927187, 13.63336762740491, 13.633357037984855, 13.633346436694673, 13.63333582356185, 13.633325198613544, 13.633314561876848, 13.633303913379079, 13.633293253146991, 13.633282581207556, 13.633271897587651, 13.633261202313985, 13.633250495413263, 13.633239776911807, 13.63322904683625, 13.63321830521283, 13.63320755206779, 13.633196787427279, 13.633186011317145, 13.63317522376335, 13.633164424791733, 13.633153614427659, 13.633142792697067, 13.633131959624633, 13.633121115236117, 13.633110259556169, 13.633099392609973, 13.633088514422234, 13.633077625017258, 13.63306672442011, 13.633055812654346, 13.633044889744712, 13.633033955714838, 13.633023010588799, 13.633012054389916, 13.633001087142118, 13.632990108868546, 13.632979119592353, 13.632968119336565, 13.632957108124204, 13.632946085977848, 13.632935052920248, 13.632924008973719, 13.632912954160362, 13.632901888502401, 13.632890812021788, 13.632879724740285, 13.632868626679622, 13.632857517861195, 13.632846398305979, 13.632835268035747, 13.63282412707116, 13.632812975433001, 13.632801813142173, 13.63279064021914, 13.632779456684528, 13.63276826255813, 13.632757057860358, 13.632745842610985, 13.632734616829959, 13.63272338053696, 13.632712133751257, 13.632700876492247, 13.632689608779208, 13.632678330631245, 13.632667042067004, 13.632655743105346, 13.632644433764971, 13.632633114063982, 13.632621784021104, 13.632610443654169, 13.63259909298114, 13.632587732020113, 13.632576360788466, 13.632564979303975, 13.632553587583924, 13.632542185645537, 13.632530773505932, 13.632519351182028, 13.632507918690722, 13.632496476048578, 13.632485023272004, 13.632473560377617, 13.632462087381354, 13.632450604299374, 13.632439111147574, 13.63242760794163, 13.632416094697506, 13.632404571430072, 13.632393038155184, 13.63238149488776, 13.632369941642994, 13.632358378435475, 13.632346805280157, 13.632335222191665, 13.632323629184317, 13.63231202627246, 13.632300413470245, 13.632288790791726, 13.632277158250538, 13.632265515860668, 13.632253863635666, 13.63224220158874, 13.632230529733356, 13.6322188480826, 13.63220715664928, 13.632195455446618, 13.632183744487014, 13.632172023782998, 13.632160293347255, 13.632148553191657, 13.632136803328848, 13.632125043770271, 13.632113274527955, 13.632101495613647, 13.632089707039002, 13.632077908815045, 13.63206610095346, 13.63205428346506, 13.632042456360988, 13.63203061965184, 13.632018773348484, 13.632006917461338, 13.631995052000974, 13.631983176977428, 13.63197129240101, 13.631959398281479, 13.631947494628724, 13.631935581452428, 13.631923658762027, 13.631911726567203, 13.631899784876806, 13.631887833700246, 13.631875873046386, 13.631863902923868, 13.6318519233416, 13.631839934307965, 13.631827935831335, 13.63181592792004, 13.631803910581981, 13.631791883825418, 13.631779847657908, 13.631767802087166, 13.63175574712079, 13.631743682766142, 13.631731609030489, 13.631719525920778, 13.631707433444001, 13.775117075085525, 13.659612188087857, 13.722565182881398, 13.70199262790154, 13.665224817234316, 13.64612350116809, 13.657937097520767, 13.678490928708918, 13.669658299302643, 13.63949762421865, 13.629383689991634, 13.648187039760353, 13.660920341720793, 13.64862168595609, 13.631323477576961, 13.62979431129272, 13.638800709726649, 13.642758836831545, 13.638334680131129, 13.631880602603273, 13.628291146337538, 13.629357624157263, 13.633309031362735, 13.634247094669705, 13.629303774373984, 13.624271401798694, 13.625462706921532, 13.629505249372412, 13.629100826916416, 13.624837537385996, 13.62270327028034, 13.624022051217516, 13.625187666033442, 13.624326222292304, 13.622579466193628, 13.6212923386206, 13.621199042368136, 13.62192880884666, 13.621699701244854, 13.619958009319896, 13.618782579014301, 13.619289502200468, 13.619615009293625, 13.618501720477921, 13.617308667396316, 13.617108065740837, 13.61714359317661, 13.616680176404005, 13.615892425254712, 13.615178184948805, 13.614834009091606, 13.614687479347241, 13.614136332999783, 13.613261095061358, 13.612775322353686, 13.612596383573559, 13.612072031269628, 13.611304789610726, 13.610768041434868, 13.610380114992871, 13.609873351098559, 13.609248264516156, 13.608617888883744, 13.608091487367922, 13.607618041858565, 13.607002632075385, 13.606309063655733, 13.605749630341002, 13.605222620807062, 13.60456254672492, 13.603881636984234, 13.603274192594968, 13.60265964813625, 13.601990160979595, 13.60129321995684, 13.600611183303032, 13.599950663828123, 13.599249485336289, 13.598502370408461, 13.597782314247617, 13.597070921664573, 13.596308220988545, 13.595527513585047, 13.594760320526975, 13.593978510471102, 13.593169371918513, 13.592344614777987, 13.591516042566145, 13.590679395474416, 13.589814602729831, 13.588930499435925, 13.588046373576889, 13.587144755780866, 13.586216427610168, 13.585278764120488, 13.584330452492884, 13.583360265786773, 13.582370520329697, 13.58136649681362, 13.58034838172639, 13.579310318943824, 13.578251788069482, 13.577179680264543, 13.576090050901193, 13.574977354096616, 13.573847300288394, 13.57270060687418, 13.571532659965277, 13.570344546737601, 13.569137888032161, 13.567911413559814, 13.566663106760679, 13.565393028562282, 13.564102941560726, 13.562791119648336, 13.561456038042024, 13.560099398709315, 13.55872003717547, 13.557315884054965, 13.55588769458671, 13.55443544515395, 13.552957895713604, 13.551454420998915, 13.549924869822597, 13.54836858687298, 13.546784302523577, 13.545171835947421, 13.543531084735882, 13.541860772869102, 13.540160429678222, 13.53842987459571, 13.536668046412252, 13.534874265982676, 13.533048193068037, 13.531189201418469, 13.529296603765141, 13.527369863417938, 13.52540845780486, 13.523411538777543, 13.521378435228128, 13.5193087545217, 13.517201752976122, 13.515056719337188, 13.512873093602702, 13.510650049684251, 13.508386811605344, 13.506082742335684, 13.503737101085296, 13.50134905760225, 13.498917803631928, 13.496442508050574, 13.493922228634586, 13.49135607174381, 13.488743154307123, 13.486082458940636, 13.483372983955286, 13.48061369779179, 13.477803455789141, 13.474941116075085, 13.47202551862121, 13.4690554419865, 13.466029619349102, 13.462946729217355, 13.45980537611121, 13.456604108564397, 13.453341465803488, 13.450015931692532, 13.446625912686516, 13.443169764228143, 13.439645759812668, 13.43605211573282, 13.432387017055653, 13.428648582848126, 13.424834860107694, 13.42094382627468, 13.416973379911385, 13.412921352290224, 13.408785523003559, 13.40456360586788, 13.400253240276514, 13.395851989729662, 13.391357324541424, 13.386766636502319, 13.382077250344594, 13.377286410706638, 13.372391273187146, 13.367388898959787, 13.362276253508666, 13.357050209514728, 13.35170754778653, 13.3462449496405, 13.340658986171043, 13.334946116345556, 13.329102685225022, 13.32312491521177, 13.31700890253162, 13.310750615352765, 13.304345884961636, 13.297790395277305, 13.29107967801492, 13.284209106778896, 13.277173896837773, 13.26996909662928, 13.262589573982927, 13.255030006016225, 13.247284874063503, 13.239348459151687, 13.231214832538567, 13.222877845088776, 13.214331119341677, 13.205568041482065, 13.196581748460199, 13.187365117811089, 13.17791076098938, 13.168211017574816, 13.158257942884074, 13.148043293187579, 13.137558515894817, 13.126794750604738, 13.11574280871528, 13.104393155333929, 13.092735906197566, 13.080760818980492, 13.068457279282848, 13.055814286180226, 13.042820443998796, 13.029463954102338, 13.015732599330896, 13.00161373220812, 12.987094266964634, 12.972160668005728, 12.95679893575297, 12.940994599446828, 12.92473271186171, 12.90799783679568, 12.890774040924947, 12.873044892282763, 12.854793453201784, 12.836002275971284, 12.816653408510728, 12.796728395389783, 12.776208279910755, 12.755073619844769, 12.733304498228772, 12.710880541051296, 12.687780948936615, 12.663984522835035, 12.63946970782763, 12.614214642803148, 12.588197212493732, 12.561395128216855, 12.533785997728847, 12.505347437372075, 12.476057165641175, 12.445893161775262, 12.414833765972867, 12.38285794749104, 12.349945279958261, 12.316076718525808, 12.281233845179054, 12.245407664785898, 12.208642448201221, 12.171835869549426, 12.149564670223016, 12.29601949660605, 12.759818795941676, 12.097444026206373, 12.532426811559803, 12.044993168338282, 12.441616817302254, 11.99743550465372, 12.323960768152, 12.034437004363111, 12.128829665950883, 12.115001958729152, 11.959535484582592, 12.1279242343806, 11.917827244064659, 12.029925024118807, 11.962094255703194, 11.904741132100982, 11.981319285362764, 11.85124840609444, 11.926034133715195, 11.862204434249424, 11.841298304785091, 11.869464394849485, 11.789796669993336, 11.836005923277527, 11.77796311568895, 11.778714624853192, 11.773436469744214, 11.730487779315451, 11.752095670508476, 11.702678531946093, 11.714361228897541, 11.685715103525455, 11.672986020726936, 11.66697921407935, 11.637327963525818, 11.641237451768001, 11.608597978128705, 11.610010620516327, 11.58337262991513, 11.577009335079289, 11.558286225664192, 11.54460255245825, 11.531776563272373, 11.513517995168932, 11.503686305111625, 11.48348617687718, 11.474420757372998, 11.453927215363093, 11.44451486290487, 11.424437316669502, 11.414191037750168, 11.394774635595116, 11.383642889554634, 11.3648845964048, 11.352809963729529, 11.334780741039495, 11.321712639231068, 11.304510636308294, 11.290267605801263, 11.27408144318147, 11.25855419473366, 11.243394704628878, 11.226716429425254, 11.212251094021504, 11.195031300980988, 11.18039918528854, 11.163637882570091, 11.147939962154629, 11.132226165923619, 11.11542526494555, 11.100141712341376, 11.083423641909768, 11.067263455552798, 11.051458011515509, 11.034595948669049, 11.01858713092647, 11.002405927464832, 10.985588625712442, 10.969437298222196, 10.953163767907188, 10.936362150986849, 10.919947193359446, 10.903702201235971, 10.887029960303737, 10.870315371093959, 10.853913276436169, 10.837518892755499, 10.820879961410913, 10.804151930925451, 10.787561989046068, 10.771114013150024, 10.754686937045598, 10.738213910387861, 10.721694908606581, 10.705184206444066, 10.688727199634542, 10.672408344367328, 10.656397558330825, 10.641238689008205, 10.628716557925635, 10.625122161474463, 10.654096804498954, 10.785181694538723, 11.116650793351337, 11.136515956491355, 10.627147640316423, 10.674081970241604, 10.9140937306115, 10.555748493019445, 10.655233317728525, 10.725325498804777, 10.481345295037576, 10.663003119009346, 10.541794014066765, 10.499594325298, 10.597001818052151, 10.440393116405065, 10.534730603666757, 10.483387527074695, 10.432120322157045, 10.502893692005948, 10.401858847586618, 10.442176446258076, 10.427168923256904, 10.374630736288514, 10.420812428513065, 10.364185312253241, 10.366869523976176, 10.376611346293883, 10.32813332109879, 10.350272704760126, 10.331859444882374, 10.304855389000318, 10.32274690699002, 10.295198184103933, 10.282366008005404, 10.291442769450056, 10.265166573714154, 10.257327712656869, 10.260823695058852, 10.238669355549304, 10.230398282144405, 10.231676904115965, 10.214100415695118, 10.20294616421699, 10.203006967544873, 10.190787225922813, 10.176623212437827, 10.173700217884184, 10.167281863513086, 10.153166381924272, 10.144577911579459, 10.140785672871793, 10.13174827495276, 10.119616612013253, 10.111746714218794, 10.106626695889956, 10.098637049964852, 10.087895980926104, 10.078645445888187, 10.072096625726505, 10.065769900651388, 10.057635687755683, 10.048138368349482, 10.038998768206461, 10.031129703312637, 10.0242343847578, 10.017533340153397, 10.010471300649053, 10.002980102656764, 9.995188085007783, 9.98739125611698, 9.979758869214711, 9.972551077661194, 9.966044462361047, 9.961021571800906, 9.95903082453596, 9.964530564037013, 9.986737796989997, 10.051395270602846, 10.186226607869749, 10.41567422701211, 10.44413360968273, 10.166932014314543, 9.896109780592496, 10.061805281847093, 10.23925621913957, 9.998537721272825, 9.888043534348345, 10.070283451359494, 10.02745808949676, 9.864792279717205, 9.939591128795563, 9.99408244638386, 9.874787063647549, 9.866623781765767, 9.94293964311386, 9.883084928829946, 9.830484963355838, 9.890142524683448, 9.880373351039943, 9.81571414363765, 9.842128730276526, 9.863794840458295, 9.812132564734227, 9.804204931601346, 9.834039406540668, 9.810564391575134, 9.781454419538308, 9.797192624463158, 9.801188432826288, 9.7741039922496, 9.765591110319175, 9.777968470557338, 9.77098757552951, 9.750479933598466, 9.748396260975982, 9.755017384413604, 9.746140324668069, 9.73117683009542, 9.728199926405354, 9.731217079802736, 9.725744099673083, 9.71381480594777, 9.707457938897777, 9.707679884333903, 9.705781543549609, 9.698129606985558, 9.689387405599378, 9.684738697563214, 9.683244213209555, 9.680611884283804, 9.674936706194256, 9.667725514185806]