Model Setup for Atypical Patient 8:
ITERS=2000
LEARNING_RATE=0.001
OPT_RESET=500
ATOL=1e-09
RTOL=1e-07
METHOD=dopri5
Input channels=2
Hidden channels=11
Output channels=2
Runtime=118.10694098472595
Optimizer=Adam (
Parameter Group 0
    amsgrad: False
    betas: (0.9, 0.999)
    capturable: False
    differentiable: False
    eps: 1e-08
    foreach: None
    fused: None
    lr: 0.001
    maximize: False
    weight_decay: 0
)Loss over time=[2966.391154320418, 2902.027515967191, 2838.559413815691, 2775.9946750438135, 2714.335328799692, 2653.573234714872, 2593.687560130043, 2534.6524286359345, 2476.4487875802643, 2419.0665038610637, 2362.500847652587, 2306.7498908424136, 2251.8133036743006, 2197.691921042534, 2144.387449028468, 2091.9021259795327, 2040.2381593452105, 1989.3973988749249, 1939.3812914101231, 1890.1905427993204, 1841.8249053947168, 1794.2831892559627, 1747.5633776860595, 1701.6627436200374, 1656.5779494200178, 1612.3051606689771, 1568.8401628562162, 1526.1784598692204, 1484.3153444948307, 1443.2459426139844, 1402.9652483563705, 1363.4680926527192, 1324.7490745546106, 1286.8024527825762, 1249.6220141282326, 1213.2009457759023, 1177.531734901055, 1142.606145640176, 1108.4152528737939, 1074.9495307663503, 1042.1990026213455, 1010.1534221513649, 978.8024638157833, 948.1359027553383, 918.143769990349, 888.8164741289766, 860.1448858299814, 832.120385234561, 804.7348754227176, 777.9807667555732, 751.8509379224346, 726.3386798059347, 701.437628024834, 677.1416895965159, 653.444968632335, 630.341694088022, 607.8261528054926, 585.8926295910352, 564.5353553605281, 543.7484637049711, 523.5259557068417, 503.8616724620935, 484.74927452889534, 466.18222741091444, 448.1537921591062, 430.65702021866485, 413.6847517335369, 397.22961662389474, 381.2840378676785, 365.84023652239716, 350.8902381249161, 336.42588018914574, 322.43882059007143, 308.92054668192725, 295.86238503367366, 283.2555110624642, 271.0909601348789, 259.35963996093767, 248.05234119095897, 237.15975011450874, 226.67245888036177, 216.58097878592096, 206.87575394321246, 197.54717383782375, 188.58558635096796, 179.98131102590983, 171.7246524290858, 163.8059135514184, 156.21540924154328, 148.9434795976815, 141.98050324924844, 135.31691050952875, 128.94319567862328, 122.84993046043755, 117.02777697510497, 111.46749913707646, 106.15997431968427, 101.09620459418065, 96.267327518693, 91.66462646163099, 87.279540452047, 83.10367355532249, 79.1288037760459, 75.34689143223771, 71.75008703294351, 68.33073912586747, 65.08140111110491, 61.994837729738215, 59.06403104476212, 56.28218585153327, 53.64273446207383, 51.13934079209773, 48.76590366374967, 46.51655922189943, 44.385682349055294, 42.36788695546086, 40.45802500899169, 38.651184005342714, 36.94268354605353, 35.32806992945277, 33.8031091357334, 32.36377836343696, 31.006256101612713, 29.72691084471353, 28.522288701244808, 27.389100141383892, 26.32420617898775, 25.324604113602923, 24.38741407756274, 23.50986562145679, 22.689285058564465, 21.923084077378917, 21.208749729227964, 20.543835966556728, 19.92595668993147, 19.352780446427076, 18.822027688349575, 18.331468417234277, 17.878921597601373, 17.46225580127667, 17.079390826840765, 16.728300065591156, 16.407013393691617, 16.11362040830849, 15.846273949173826, 15.603194352901028, 15.382657841462162, 15.18303365950988, 15.002741502407561, 14.840282182426561, 14.694254169481077, 14.563310311144358, 14.446182751173579, 14.341679854367545, 14.248684545772779, 14.166152634691622, 14.093110875324284, 14.028654743726252, 13.971945962781867, 13.9222098198401, 13.878732323637546, 13.840857245298738, 13.80798308483325, 13.779560000499883, 13.755086734117635, 13.734107561193314, 13.716209290071857, 13.701018331237652, 13.688197853606448, 13.677445041245488, 13.668488461175436, 13.661085550104223, 13.655020225552914, 13.650100624745637, 13.64615697284047, 13.643039580539577, 13.640616969837758, 13.63877412559654, 13.63741086976006, 13.63644035434528, 13.635787668790915, 13.635388556854856, 13.635188237956521, 13.635140327677904, 13.635205852030753, 13.635352350065409, 13.635553059420173, 13.635786179487646, 13.636034206977325, 13.63628333880417, 13.636522937394039, 13.636745053677844, 13.636944003249901, 13.637115991365397, 13.6372587826666, 13.637371411743931, 13.637453930849558, 13.63750719130362, 13.637532655335205, 13.637532235322885, 13.637508157590482, 13.637462848123938, 13.637398837760289, 13.63731868459272, 13.637224911506792, 13.637119956945668, 13.637006137155481, 13.636885618326392, 13.636760397189683, 13.63663228877229, 13.636502920141838, 13.636373729102433, 13.636245966911076, 13.63612070420167, 13.635998839394809, 13.635881108970136, 13.635768099062211, 13.635660257914974, 13.635557908806534, 13.635461263115246, 13.635370433258858, 13.63528544528762, 13.635206250961641, 13.635132739177873, 13.63506474665359, 13.63500206779947, 13.634944463742158, 13.634891670481283, 13.634843406180453, 13.634799377610545, 13.634759285772605, 13.634722830741868, 13.634689715774385, 13.63465965073193, 13.634632354876366, 13.634607559090904, 13.634585007584157, 13.634564459134566, 13.634545687927254, 13.634528484038794, 13.634512653616781, 13.63449801880242, 13.634484417437944, 13.634471702600178, 13.634459741993675, 13.634448417236827, 13.63443762307063, 13.634427266512166, 13.634417265977051, 13.63440755038888, 13.634398058289655, 13.634388736967237, 13.634379541607194, 13.63437043447905, 13.63436138416438, 13.634352364827532, 13.634343355537066, 13.634334339635275, 13.634325304160404, 13.634316239317485, 13.634307137999677, 13.634297995358509, 13.634288808418127, 13.634279575734707, 13.634270297096196, 13.634260973259938, 13.634251605726284, 13.634242196542987, 13.634232748140427, 13.634223263192622, 13.63421374450116, 13.634204194902475, 13.634194617190975, 13.634185014060757, 13.634175388060207, 13.634165741560137, 13.634156076729777, 13.63414639552493, 13.634136699680788, 13.634126990712018, 13.634117269917317, 13.634107538387905, 13.634097797018443, 13.634088046521102, 13.634078287439923, 13.634068520166363, 13.634058744956446, 13.634048961945563, 13.634039171165721, 13.634029372559382, 13.634019565995022, 13.634009751280734, 13.633999928175747, 13.633990096402927, 13.633980255659083, 13.63397040562334, 13.633960545966056, 13.633950676355404, 13.633940796463706, 13.633930905971772, 13.633921004573637, 13.633911091979572, 13.633901167918147, 13.633891232138366, 13.633881284411244, 13.633871324529046, 13.633861352307093, 13.633851367582503, 13.6338413702138, 13.633831360079835, 13.633821337079581, 13.633811301130025, 13.633801252165494, 13.633791190135675, 13.63378111500464, 13.633771026749367, 13.633760925358166, 13.633750810829376, 13.633740683170185, 13.63373054239538, 13.633720388525838, 13.633710221588188, 13.633700041612826, 13.633689848634226, 13.633679642689374, 13.633669423817064, 13.633659192057776, 13.633648947452928, 13.633638690043908, 13.633628419873027, 13.633618136981973, 13.633607841411884, 13.633597533203517, 13.633587212397073, 13.633576879031539, 13.6335665331453, 13.633556174775794, 13.633545803959317, 13.633535420731691, 13.63352502512738, 13.633514617180492, 13.633504196924006, 13.633493764390268, 13.633483319610951, 13.633472862617328, 13.633462393439755, 13.63345191210832, 13.633441418652831, 13.633430913102258, 13.633420395485636, 13.633409865831538, 13.63339932416837, 13.633388770524283, 13.633378204927187, 13.63336762740491, 13.633357037984855, 13.633346436694673, 13.63333582356185, 13.633325198613544, 13.633314561876848, 13.633303913379079, 13.633293253146991, 13.633282581207556, 13.633271897587651, 13.633261202313985, 13.633250495413263, 13.633239776911807, 13.63322904683625, 13.63321830521283, 13.63320755206779, 13.633196787427279, 13.633186011317145, 13.63317522376335, 13.633164424791733, 13.633153614427659, 13.633142792697067, 13.633131959624633, 13.633121115236117, 13.633110259556169, 13.633099392609973, 13.633088514422234, 13.633077625017258, 13.63306672442011, 13.633055812654346, 13.633044889744712, 13.633033955714838, 13.633023010588799, 13.633012054389916, 13.633001087142118, 13.632990108868546, 13.632979119592353, 13.632968119336565, 13.632957108124204, 13.632946085977848, 13.632935052920248, 13.632924008973719, 13.632912954160362, 13.632901888502401, 13.632890812021788, 13.632879724740285, 13.632868626679622, 13.632857517861195, 13.632846398305979, 13.632835268035747, 13.63282412707116, 13.632812975433001, 13.632801813142173, 13.63279064021914, 13.632779456684528, 13.63276826255813, 13.632757057860358, 13.632745842610985, 13.632734616829959, 13.63272338053696, 13.632712133751257, 13.632700876492247, 13.632689608779208, 13.632678330631245, 13.632667042067004, 13.632655743105346, 13.632644433764971, 13.632633114063982, 13.632621784021104, 13.632610443654169, 13.63259909298114, 13.632587732020113, 13.632576360788466, 13.632564979303975, 13.632553587583924, 13.632542185645537, 13.632530773505932, 13.632519351182028, 13.632507918690722, 13.632496476048578, 13.632485023272004, 13.632473560377617, 13.632462087381354, 13.632450604299374, 13.632439111147574, 13.63242760794163, 13.632416094697506, 13.632404571430072, 13.632393038155184, 13.63238149488776, 13.632369941642994, 13.632358378435475, 13.632346805280157, 13.632335222191665, 13.632323629184317, 13.63231202627246, 13.632300413470245, 13.632288790791726, 13.632277158250538, 13.632265515860668, 13.632253863635666, 13.63224220158874, 13.632230529733356, 13.6322188480826, 13.63220715664928, 13.632195455446618, 13.632183744487014, 13.632172023782998, 13.632160293347255, 13.632148553191657, 13.632136803328848, 13.632125043770271, 13.632113274527955, 13.632101495613647, 13.632089707039002, 13.632077908815045, 13.63206610095346, 13.63205428346506, 13.632042456360988, 13.63203061965184, 13.632018773348484, 13.632006917461338, 13.631995052000974, 13.631983176977428, 13.63197129240101, 13.631959398281479, 13.631947494628724, 13.631935581452428, 13.631923658762027, 13.631911726567203, 13.631899784876806, 13.631887833700246, 13.631875873046386, 13.631863902923868, 13.6318519233416, 13.631839934307965, 13.631827935831335, 13.63181592792004, 13.631803910581981, 13.631791883825418, 13.631779847657908, 13.631767802087166, 13.63175574712079, 13.631743682766142, 13.631731609030489, 13.631719525920778, 13.631707433444001, 13.775117075085525, 13.659612188087857, 13.722565182881398, 13.70199262790154, 13.665224817234316, 13.64612350116809, 13.657937097520767, 13.678490928708918, 13.669658299302643, 13.63949762421865, 13.629383689991634, 13.648187039760353, 13.660920341720793, 13.64862168595609, 13.631323477576961, 13.62979431129272, 13.638800709726649, 13.642758836831545, 13.638334680131129, 13.631880602603273, 13.628291146337538, 13.629357624157263, 13.633309031362735, 13.634247094669705, 13.629303774373984, 13.624271401798694, 13.625462706921532, 13.629505249372412, 13.629100826916416, 13.624837537385996, 13.62270327028034, 13.624022051217516, 13.625187666033442, 13.624326222292304, 13.622579466193628, 13.6212923386206, 13.621199042368136, 13.62192880884666, 13.621699701244854, 13.619958009319896, 13.618782579014301, 13.619289502200468, 13.619615009293625, 13.618501720477921, 13.617308667396316, 13.617108065740837, 13.61714359317661, 13.616680176404005, 13.615892425254712, 13.615178184948805, 13.614834009091606, 13.614687479347241, 13.614136332999783, 13.613261095061358, 13.612775322353686, 13.612596383573559, 13.612072031269628, 13.611304789610726, 13.610768041434868, 13.610380114992871, 13.609873351098559, 13.609248264516156, 13.608617888883744, 13.608091487367922, 13.607618041858565, 13.607002632075385, 13.606309063655733, 13.605749630341002, 13.605222620807062, 13.60456254672492, 13.603881636984234, 13.603274192594968, 13.60265964813625, 13.601990160979595, 13.60129321995684, 13.600611183303032, 13.599950663828123, 13.599249485336289, 13.598502370408461, 13.597782314247617, 13.597070921664573, 13.596308220988545, 13.595527513585047, 13.594760320526975, 13.593978510471102, 13.593169371918513, 13.592344614777987, 13.591516042566145, 13.590679395474416, 13.589814602729831, 13.588930499435925, 13.588046373576889, 13.587144755780866, 13.586216427610168, 13.585278764120488, 13.584330452492884, 13.583360265786773, 13.582370520329697, 13.58136649681362, 13.58034838172639, 13.579310318943824, 13.578251788069482, 13.577179680264543, 13.576090050901193, 13.574977354096616, 13.573847300288394, 13.57270060687418, 13.571532659965277, 13.570344546737601, 13.569137888032161, 13.567911413559814, 13.566663106760679, 13.565393028562282, 13.564102941560726, 13.562791119648336, 13.561456038042024, 13.560099398709315, 13.55872003717547, 13.557315884054965, 13.55588769458671, 13.55443544515395, 13.552957895713604, 13.551454420998915, 13.549924869822597, 13.54836858687298, 13.546784302523577, 13.545171835947421, 13.543531084735882, 13.541860772869102, 13.540160429678222, 13.53842987459571, 13.536668046412252, 13.534874265982676, 13.533048193068037, 13.531189201418469, 13.529296603765141, 13.527369863417938, 13.52540845780486, 13.523411538777543, 13.521378435228128, 13.5193087545217, 13.517201752976122, 13.515056719337188, 13.512873093602702, 13.510650049684251, 13.508386811605344, 13.506082742335684, 13.503737101085296, 13.50134905760225, 13.498917803631928, 13.496442508050574, 13.493922228634586, 13.49135607174381, 13.488743154307123, 13.486082458940636, 13.483372983955286, 13.48061369779179, 13.477803455789141, 13.474941116075085, 13.47202551862121, 13.4690554419865, 13.466029619349102, 13.462946729217355, 13.45980537611121, 13.456604108564397, 13.453341465803488, 13.450015931692532, 13.446625912686516, 13.443169764228143, 13.439645759812668, 13.43605211573282, 13.432387017055653, 13.428648582848126, 13.424834860107694, 13.42094382627468, 13.416973379911385, 13.412921352290224, 13.408785523003559, 13.40456360586788, 13.400253240276514, 13.395851989729662, 13.391357324541424, 13.386766636502319, 13.382077250344594, 13.377286410706638, 13.372391273187146, 13.367388898959787, 13.362276253508666, 13.357050209514728, 13.35170754778653, 13.3462449496405, 13.340658986171043, 13.334946116345556, 13.329102685225022, 13.32312491521177, 13.31700890253162, 13.310750615352765, 13.304345884961636, 13.297790395277305, 13.29107967801492, 13.284209106778896, 13.277173896837773, 13.26996909662928, 13.262589573982927, 13.255030006016225, 13.247284874063503, 13.239348459151687, 13.231214832538567, 13.222877845088776, 13.214331119341677, 13.205568041482065, 13.196581748460199, 13.187365117811089, 13.17791076098938, 13.168211017574816, 13.158257942884074, 13.148043293187579, 13.137558515894817, 13.126794750604738, 13.11574280871528, 13.104393155333929, 13.092735906197566, 13.080760818980492, 13.068457279282848, 13.055814286180226, 13.042820443998796, 13.029463954102338, 13.015732599330896, 13.00161373220812, 12.987094266964634, 12.972160668005728, 12.95679893575297, 12.940994599446828, 12.92473271186171, 12.90799783679568, 12.890774040924947, 12.873044892282763, 12.854793453201784, 12.836002275971284, 12.816653408510728, 12.796728395389783, 12.776208279910755, 12.755073619844769, 12.733304498228772, 12.710880541051296, 12.687780948936615, 12.663984522835035, 12.63946970782763, 12.614214642803148, 12.588197212493732, 12.561395128216855, 12.533785997728847, 12.505347437372075, 12.476057165641175, 12.445893161775262, 12.414833765972867, 12.38285794749104, 12.349945279958261, 12.316076718525808, 12.281233845179054, 12.245407664785898, 12.208642448201221, 12.171835869549426, 12.149564670223016, 12.29601949660605, 12.759818795941676, 12.097444026206373, 12.532426811559803, 12.044993168338282, 12.441616817302254, 11.99743550465372, 12.323960768152, 12.034437004363111, 12.128829665950883, 12.115001958729152, 11.959535484582592, 12.1279242343806, 11.917827244064659, 12.029925024118807, 11.962094255703194, 11.904741132100982, 11.981319285362764, 11.85124840609444, 11.926034133715195, 11.862204434249424, 11.841298304785091, 11.869464394849485, 11.789796669993336, 11.836005923277527, 11.77796311568895, 11.778714624853192, 11.773436469744214, 11.730487779315451, 11.752095670508476, 11.702678531946093, 11.714361228897541, 11.685715103525455, 11.672986020726936, 11.66697921407935, 11.637327963525818, 11.641237451768001, 11.608597978128705, 11.610010620516327, 11.58337262991513, 11.577009335079289, 11.558286225664192, 11.54460255245825, 11.531776563272373, 11.513517995168932, 11.503686305111625, 11.48348617687718, 11.474420757372998, 11.453927215363093, 11.44451486290487, 11.424437316669502, 11.414191037750168, 11.394774635595116, 11.383642889554634, 11.3648845964048, 11.352809963729529, 11.334780741039495, 11.321712639231068, 11.304510636308294, 11.290267605801263, 11.27408144318147, 11.25855419473366, 11.243394704628878, 11.226716429425254, 11.212251094021504, 11.195031300980988, 11.18039918528854, 11.163637882570091, 11.147939962154629, 11.132226165923619, 11.11542526494555, 11.100141712341376, 11.083423641909768, 11.067263455552798, 11.051458011515509, 11.034595948669049, 11.01858713092647, 11.002405927464832, 10.985588625712442, 10.969437298222196, 10.953163767907188, 10.936362150986849, 10.919947193359446, 10.903702201235971, 10.887029960303737, 10.870315371093959, 10.853913276436169, 10.837518892755499, 10.820879961410913, 10.804151930925451, 10.787561989046068, 10.771114013150024, 10.754686937045598, 10.738213910387861, 10.721694908606581, 10.705184206444066, 10.688727199634542, 10.672408344367328, 10.656397558330825, 10.641238689008205, 10.628716557925635, 10.625122161474463, 10.654096804498954, 10.785181694538723, 11.116650793351337, 11.136515956491355, 10.627147640316423, 10.674081970241604, 10.9140937306115, 10.555748493019445, 10.655233317728525, 10.725325498804777, 10.481345295037576, 10.663003119009346, 10.541794014066765, 10.499594325298, 10.597001818052151, 10.440393116405065, 10.534730603666757, 10.483387527074695, 10.432120322157045, 10.502893692005948, 10.401858847586618, 10.442176446258076, 10.427168923256904, 10.374630736288514, 10.420812428513065, 10.364185312253241, 10.366869523976176, 10.376611346293883, 10.32813332109879, 10.350272704760126, 10.331859444882374, 10.304855389000318, 10.32274690699002, 10.295198184103933, 10.282366008005404, 10.291442769450056, 10.265166573714154, 10.257327712656869, 10.260823695058852, 10.238669355549304, 10.230398282144405, 10.231676904115965, 10.214100415695118, 10.20294616421699, 10.203006967544873, 10.190787225922813, 10.176623212437827, 10.173700217884184, 10.167281863513086, 10.153166381924272, 10.144577911579459, 10.140785672871793, 10.13174827495276, 10.119616612013253, 10.111746714218794, 10.106626695889956, 10.098637049964852, 10.087895980926104, 10.078645445888187, 10.072096625726505, 10.065769900651388, 10.057635687755683, 10.048138368349482, 10.038998768206461, 10.031129703312637, 10.0242343847578, 10.017533340153397, 10.010471300649053, 10.002980102656764, 9.995188085007783, 9.98739125611698, 9.979758869214711, 9.972551077661194, 9.966044462361047, 9.961021571800906, 9.95903082453596, 9.964530564037013, 9.986737796989997, 10.051395270602846, 10.186226607869749, 10.41567422701211, 10.44413360968273, 10.166932014314543, 9.896109780592496, 10.061805281847093, 10.23925621913957, 9.998537721272825, 9.888043534348345, 10.070283451359494, 10.02745808949676, 9.864792279717205, 9.939591128795563, 9.99408244638386, 9.874787063647549, 9.866623781765767, 9.94293964311386, 9.883084928829946, 9.830484963355838, 9.890142524683448, 9.880373351039943, 9.81571414363765, 9.842128730276526, 9.863794840458295, 9.812132564734227, 9.804204931601346, 9.834039406540668, 9.810564391575134, 9.781454419538308, 9.797192624463158, 9.801188432826288, 9.7741039922496, 9.765591110319175, 9.777968470557338, 9.77098757552951, 9.750479933598466, 9.748396260975982, 9.755017384413604, 9.746140324668069, 9.73117683009542, 9.728199926405354, 9.731217079802736, 9.725744099673083, 9.71381480594777, 9.707457938897777, 9.707679884333903, 9.705781543549609, 9.698129606985558, 9.689387405599378, 9.684738697563214, 9.683244213209555, 9.680611884283804, 9.674936706194256, 9.667725514185806, 9.661681996600898, 19.55400191228617, 9.665434638248298, 14.561252713109498, 16.018712061012863, 12.411589727415992, 9.69694603229417, 10.973051278728136, 13.054386379317792, 12.552061843621425, 10.575254495420037, 9.646881666840176, 10.447306399751335, 11.4842143821564, 11.436458569419116, 10.482837645933778, 9.70737116551361, 9.859441660482089, 10.53315574828733, 10.766900899564275, 10.304598173049337, 9.751423403855823, 9.705055338495564, 10.07153733805346, 10.311882554679073, 10.14075135896841, 9.786167256812398, 9.65397024027443, 9.837269343288611, 10.033175168339607, 9.971062288962763, 9.748788039039242, 9.64858741426894, 9.752745064605476, 9.876490993579116, 9.84576180682304, 9.710049462165937, 9.645434325192833, 9.71176876837279, 9.787487132425598, 9.75789799526281, 9.67080653375968, 9.645143091766602, 9.696208936318703, 9.732463147080033, 9.699163008225476, 9.647512619685322, 9.647055824273336, 9.683963180516969, 9.692715661315942, 9.660066971614526, 9.636455912859592, 9.650636577111182, 9.670533297084036, 9.661355266921486, 9.638149685478144, 9.635086437398057, 9.650025779538772, 9.653272666242177, 9.638609407482772, 9.629394660668838, 9.636445552158564, 9.642861417213224, 9.635798446656446, 9.626503974565393, 9.628103824236796, 9.633662203208834, 9.630883159973026, 9.623615494571617, 9.62268554034529, 9.626362350639164, 9.625427895548976, 9.620200546268727, 9.618399660701884, 9.62051420979554, 9.620109923210006, 9.616333386142289, 9.614500126329945, 9.615552443814055, 9.615109934370468, 9.612269448106739, 9.610656277335448, 9.611041713080965, 9.61039209871522, 9.608126876164432, 9.606787824236097, 9.606743238285832, 9.605865676878851, 9.603981237016528, 9.602867775950793, 9.602520054441968, 9.601458365538514, 9.599846510146444, 9.598891960322517, 9.598301988531764, 9.59711714365, 9.595721495771937, 9.594849095103404, 9.594056183811205, 9.592813554207554, 9.591590407761437, 9.590729525734424, 9.589770005558805, 9.588530266977568, 9.587433390218578, 9.586527335762556, 9.585449385128, 9.584255025988675, 9.583228978384172, 9.582244896433624, 9.58110450894123, 9.579971921232941, 9.578959831734466, 9.577896200404934, 9.576744861784588, 9.575660259662762, 9.574618037551572, 9.573499588607739, 9.572368889248173, 9.57129954580345, 9.570210031628793, 9.569072078446172, 9.567964519096545, 9.566877775654739, 9.565751028210165, 9.564618762656174, 9.56351576939518, 9.562397759181955, 9.561256632741474, 9.560132775725508, 9.559013423720215, 9.557871679026446, 9.55673159778943, 9.555603082681792, 9.55446118018426, 9.553310959664227, 9.552170296544038, 9.551025320412263, 9.549869106474375, 9.548717034594567, 9.547566009940137, 9.546405204693412, 9.545243616194524, 9.544084814890782, 9.542919303601007, 9.541750084440729, 9.540583134426718, 9.539412221129204, 9.53823648623, 9.537061670594719, 9.535884752031764, 9.534703110141368, 9.53352106600412, 9.532337846189044, 9.531150479353295, 9.529961744969546, 9.528772164664975, 9.527579147562378, 9.526384218204017, 9.52518842778567, 9.523989782361074, 9.522788972235382, 9.52158716440827, 9.520382955154908, 9.519176542979258, 9.517968975294453, 9.516759299964768, 9.515547470532631, 9.514334359679966, 9.513119348400021, 9.511902293361167, 9.510683874735683, 9.509463681248164, 9.508241552654447, 9.507018015791884, 9.505792800223388, 9.504565768026323, 9.503337314664778, 9.502107246472873, 9.500875460284995, 9.499642258845464, 9.498407503032123, 9.49717112771695, 9.495933358003361, 9.49469408191375, 9.493453267583133, 9.492211086449345, 9.490967451606261, 9.489722359089042, 9.488475932742041, 9.487228099401838, 9.485978876496205, 9.484728354987936, 9.483476479315975, 9.482223281473665, 9.480968821474399, 9.479713056616577, 9.478456028121109, 9.477197775642303, 9.475938272619713, 9.47467756275965, 9.473415666646305, 9.472152570864614, 9.470888318534428, 9.469622920601743, 9.468356377180065, 9.467088725175774, 9.465819967733077, 9.464550115121696, 9.46327919821928, 9.462007219629472, 9.460734196905163, 9.459460152072317, 9.458185088611737, 9.456909028007592, 9.45563198677845, 9.454353972846967, 9.453075007436262, 9.451795101719327, 9.45051426752386, 9.449232524620756, 9.447949883168512, 9.446666358154054, 9.44538196550643, 9.444096715245319, 9.442810623984109, 9.441523705440506, 9.440235971582112, 9.438947438220858, 9.437658116937053, 9.436368023679684, 9.435077172692969, 9.433785573847357, 9.432493241318271, 9.4312001878185, 9.429906425540436, 9.428611968717746, 9.427316829532677, 9.426021020954954, 9.424724555946197, 9.423427446288013, 9.42212970530309, 9.420831345377508, 9.419532378824435, 9.418232818240783, 9.416932675367521, 9.415631962745117, 9.414330692680183, 9.413028877000597, 9.41172652797136, 9.410423657167337, 9.409120276574278, 9.407816398194898, 9.406512033606385, 9.405207194611583, 9.403901892601613, 9.402596139162455, 9.401289945902962, 9.399983324191979, 9.398676285390763, 9.397368840650868, 9.396061001218191, 9.394752778371522, 9.393444183138225, 9.392135226592194, 9.39082591959355, 9.389516273079035, 9.3882062979315, 9.386896005100812, 9.385585405388909, 9.384274509440218, 9.382963327747712, 9.381651870349508, 9.380340147290502, 9.379028168973855, 9.377715945784148, 9.37640348800192, 9.375090805797795, 9.373777909625773, 9.372464809620977, 9.371151515832203, 9.369838038360488, 9.368524387191876, 9.367210572274884, 9.365896603449153, 9.364582490525377, 9.363268243309875, 9.361953871492307, 9.36063938474365, 9.359324792613505, 9.358010104655337, 9.356695330411306, 9.355380479277834, 9.354065560625543, 9.352750583786124, 9.351435558047978, 9.35012049260255, 9.348805396651242, 9.347490279280443, 9.346175149564287, 9.344860016494394, 9.34354488905543, 9.342229776134557, 9.340914686584707, 9.339599629190515, 9.33828461273363, 9.336969645894884, 9.335654737333142, 9.334339895637338, 9.3330251293535, 9.331710446996894, 9.33039585699629, 9.329081367766832, 9.327766987635686, 9.326452724905055, 9.325138587850644, 9.323824584648941, 9.322510723461361, 9.321197012383081, 9.319883459494347, 9.318570072781094, 9.31725686020475, 9.315943829695321, 9.314630989094306, 9.313318346233189, 9.312005908883155, 9.310693684763088, 9.309381681545227, 9.308069906878623, 9.30675836832119, 9.305447073418229, 9.304136029673343, 9.302825244527934, 9.301514725360631, 9.300204479550393, 9.298894514393712, 9.297584837157018, 9.296275455060895, 9.294966375275958, 9.293657604919696, 9.292349151091782, 9.291041020415646, 9.289733219758638, 9.288425756083694, 9.287118636293389, 9.285811867240755, 9.284505455780542, 9.283199408679435, 9.281893732683583, 9.280588434497435, 9.279283520745953, 9.277978998041414, 9.27667487297708, 9.275371152055277, 9.274067841753451, 9.272764948502, 9.271462478738309, 9.270160438771528, 9.268858834917758, 9.267557673459187, 9.26625696062749, 9.26495670258326, 9.263656905488633, 9.262357575452585, 9.261058718518777, 9.259760340696763, 9.258462448010718, 9.257165046344253, 9.255868141639251, 9.254571739713828, 9.253275846412874, 9.251980467494448, 9.250685608727238, 9.24939127575016, 9.24809747425892, 9.246804209863352, 9.24551148814413, 9.24421931461269, 9.242927694802763, 9.241636634151494, 9.240346138078552, 9.239056211972871, 9.237766861168865, 9.236478090969014, 9.235189906639897, 9.233902313396973, 9.23261531645688, 9.231328920938381, 9.230043131964187, 9.228757954606927, 9.227473393900844, 9.226189454839437, 9.22490614238415, 9.223623461471739, 9.222341416979814, 9.221060013742573, 9.21977925658584, 9.218499150283641, 9.21721969955975, 9.215940909135897, 9.214662783650805, 9.21338532775355, 9.212108546022137, 9.210832443025632, 9.209557023275213, 9.20828229126371, 9.207008251413484, 9.205734908154021, 9.204462265851564, 9.203190328877863, 9.201919101495763, 9.200648587994527, 9.199378792620827, 9.198109719539225, 9.196841372937554, 9.195573756953253, 9.194306875673602, 9.19304073315509, 9.1917753334171, 9.190510680471464, 9.189246778266682, 9.187983630731292, 9.186721241733089, 9.185459615159361, 9.184198754808614, 9.182938664483059, 9.18167934792794, 9.1804208088711, 9.179163051008244, 9.17790607796664, 9.176649893410449, 9.175394500893198, 9.174139903982491, 9.172886106212685, 9.171633111067159, 9.170380922000534, 9.169129542441356, 9.167878975791588, 9.166629225403142, 9.165380294622295, 9.16413218672055, 9.16288490498653, 9.161638452653643, 9.160392832912322, 9.159148048948419, 9.157904103906093, 9.15666100087405, 9.155418742936345, 9.154177333156856, 9.152936774531124, 9.151697070047591, 9.150458222673466, 9.14922023532467, 9.147983110898615, 9.146746852256312, 9.145511462233635, 9.144276943625359, 9.143043299211838, 9.141810531732283, 9.140578643896983, 9.139347638403668, 9.138117517882566, 9.136888284985433, 9.13565994229482, 9.13443249236361, 9.133205937761167, 9.131980280963568, 9.130755524467794, 9.129531670711945, 9.12830872204489, 9.127086680832294, 9.12586554944729, 9.124645330217739, 9.123426025454535, 9.122207637446097, 9.120990168425209, 9.119773620639108, 9.118557996278561, 9.11734329749674, 9.116129526460922, 9.114916685256565, 9.11370477600113, 9.112493800722506, 9.111283761491185, 9.110074660288104, 9.10886649909499, 9.107659279867972, 9.106453004523603, 9.105247674983461, 9.104043293105425, 9.102839860725622, 9.101637379690686, 9.100435851788303, 9.0992352787787, 9.098035662408927, 9.096837004383648, 9.095639306412867, 9.094442570149944, 9.093246797243587, 9.092051989308338, 9.090858147928039, 16.59568570363784, 10.822525572300815, 15.761638552693865, 11.604783227357084, 9.175445414151007, 12.214081462199317, 12.40935735120665, 9.776496480333737, 9.302461186001063, 10.925168445750982, 11.267283413370398, 9.931291926874822, 9.077781081737603, 9.820064419045805, 10.529972989609075, 9.94014097021107, 9.136261288778798, 9.313095311258415, 9.908107004193845, 9.865879369234348, 9.299763521484874, 9.094629215362575, 9.462135648792701, 9.660146074770672, 9.346759627211293, 9.079568792421481, 9.24039778188393, 9.454181360535685, 9.337676770325674, 9.104934049714956, 9.130470263677516, 9.304931303355163, 9.280348307273597, 9.112281508571645, 9.097137761895489, 9.215090481452544, 9.222552049775318, 9.11093133286734, 9.082918260720298, 9.162627937688738, 9.174844157690437, 9.097943300683628, 9.079870015556919, 9.134334509066836, 9.139240424916906, 9.086494471738932, 9.078467643463775, 9.116530748134084, 9.112899781449265, 9.076399291198681, 9.079373691464626, 9.104154028041508, 9.093547447778537, 9.07079140588764, 9.080011533599084, 9.093383684832009, 9.079398217207752, 9.06872257666694, 9.080006588096522, 9.083140341886848, 9.070481188088928, 9.069127145159083, 9.077723244510567, 9.07389641224408, 9.066095873716316, 9.070030298868593, 9.073175333415334, 9.067028493403548, 9.06510593190547, 9.069307867706295, 9.06756924079444, 9.063357087382219, 9.065178220412752, 9.06639258259701, 9.062962159547228, 9.062245361273732, 9.064095752258302, 9.062459608589224, 9.060523127204743, 9.061639956576085, 9.061402436894424, 9.059408921615125, 9.05952345678625, 9.05990538749437, 9.058410704034607, 9.057825396445665, 9.058244512183068, 9.057310539253546, 9.05640411302332, 9.056601048308332, 9.056066416976456, 9.05511509941302, 9.05504999595145, 9.054727246572154, 9.053858313260063, 9.053586716196948, 9.053339857638838, 9.052586692393445, 9.052187487035747, 9.051940468506324, 9.051288433595348, 9.050820833052521, 9.0505418887587, 9.049962807539039, 9.049467612743259, 9.049149584636204, 9.048616660537675, 9.04811375709133, 9.047759723092353, 9.047253261714337, 9.04675325745293, 9.046370203596906, 9.045877036223533, 9.045382341075863, 9.04497616903549, 9.04448862072264, 9.044000049241243, 9.043576075336784, 9.043089718531991, 9.042605594006696, 9.042166983737538, 9.04167981349288, 9.041199123501833, 9.040748523769473, 9.040259558479013, 9.039780344238535, 9.039319148472863, 9.038828378826718, 9.038349545140862, 9.037879119734013, 9.037386575742717, 9.036906441165362, 9.036427683804435, 9.035933794075314, 9.035451378529181, 9.034965357504161, 9.034470120864736, 9.03398411195487, 9.033491837182172, 9.032995387487675, 9.03250510553104, 9.032007629302205, 9.031509494301126, 9.03101426700102, 9.030512635030336, 9.030012434641021, 9.029512180981417, 9.029007136463544, 9.028504061874429, 9.02799893417597, 9.027491078245355, 9.02698459881156, 9.026475078613762, 9.025964473820308, 9.025454055078056, 9.024940747659464, 9.024427334459508, 9.023912872760771, 9.023396234743238, 9.022879612975961, 9.02236123305005, 9.021841601333064, 9.021321531793975, 9.020799553273072, 9.020276890353871, 9.019753206591325, 9.01922799400355, 9.018702212992912, 9.018175012926367, 9.017646726837427, 9.017117638022428, 9.016587148214734, 9.016055856891047, 9.01552345056953, 9.01498986110141, 9.014455458167019, 9.013919837856763, 9.013383285010265, 9.012845748107774, 9.012307067356998, 9.011767523556959, 9.01122689408907, 9.010685295082219, 9.010142759716063, 9.009599151433445, 9.00905465219049, 9.00850914808568, 9.007962685703687, 9.007415308111264, 9.00686692322027, 9.00631764448987, 9.005767412682536, 9.005216251801222, 9.0046641929403, 9.004111181002976, 9.003557287928741, 9.003002480376535, 9.00244677721288, 9.001890195442629, 9.00133270601627, 9.000774355712123, 9.000215124384068, 8.999655030238058, 8.999094079571359, 8.998532260096699, 8.997969601864357, 8.997406092987559, 8.996841750685151, 8.996276574989862, 8.995710566030928, 8.995143742655413, 8.994576099510459, 8.994007651318078, 8.993438395786741, 8.992868339845664, 8.992297494187627, 8.991725858977956, 8.991153445142167, 8.990580251158532, 8.990006286716165, 8.989431557482211, 8.988856067678405, 8.988279824292208, 8.98770282858903, 8.987125090121928, 8.986546612670258, 8.985967402536456, 8.985387463925285, 8.98480680103637, 8.98422542139091, 8.983643328796388, 8.983060529437891, 8.98247702655266, 8.981892826147162, 8.981307933788083, 8.98072235420974, 8.980136092503953, 8.979549152590128, 8.978961540651952, 8.978373261327379, 8.977784319801152, 8.97719472028473, 8.976604467712177, 8.97601356750031, 8.975422024288982, 8.974829842825852, 8.974237027346872, 8.97364358319881, 8.973049517464384, 8.972454834158542, 8.971859536245772, 8.971263628375683, 8.970667115508084, 8.970070002202233, 8.969472293000187, 8.968873992221917, 8.968275104687706, 8.967675634960342, 8.967075587548978, 8.966474966739543, 8.965873777050122, 8.965272023071769, 8.964669709220104, 8.964066839809886, 8.963463419137554, 8.962859451710214, 8.962254941893441, 8.961649893972647, 8.961044312139192, 8.960438200755043, 8.959831564136424, 8.959224406515448, 8.95861673203375, 8.95800854489668, 8.957399849365522, 8.956790649602153, 8.956180949704754, 8.955570753768415, 8.954960065958458, 8.954348890379654, 8.953737231075198, 8.95312509205201, 8.952512477380653, 8.95189939109912, 8.951285837189156, 8.950671819589497, 8.950057342274686, 8.949442409213002, 8.948827024321899, 8.948211191475941, 8.947594914565144, 8.946978197480611, 8.946361044075577, 8.945743458162001, 8.945125443549099, 8.944507004055838, 8.943888143465754, 8.943268865529527, 8.942649173982215, 8.942029072568097, 8.941408565006208, 8.940787654978136, 8.940166346144842, 8.939544642101243, 8.93892254648262, 8.938300062906581, 8.937677194975953, 8.93705394629198, 8.936430320436124, 8.935806320964948, 8.935181951414966, 8.934557215318527, 8.933932116192004, 8.933306657526503, 8.932680842795925, 8.932054675465848, 8.931428158986678, 8.930801296786338, 8.93017409227517, 8.929546548854104, 8.928918669909097, 8.928290458804453, 8.92766191888857, 8.927033053498725, 8.926403865956845, 8.925774359565157, 8.925144537610207, 8.924514403366588, 8.923883960093404, 8.923253211031502, 8.922622159406197, 8.921990808430403, 8.921359161301375, 8.92072722119893, 8.920094991288185, 8.919462474721033, 8.918829674633832, 8.918196594146316, 8.91756323636374, 8.916929604377948, 8.916295701265165, 8.915661530085695, 8.915027093885774, 8.914392395697705, 8.913757438538529, 8.913122225409905, 8.912486759299416, 8.91185104318082, 8.911215080012603, 8.910578872738306, 8.909942424287893, 8.909305737576789, 8.908668815502843, 8.908031660952595, 8.907394279091188, 8.906756670500522, 8.90611883800971, 8.905480784448057, 8.904842512631445, 8.904204025361496, 8.903565325425674, 8.902926415597285, 8.902287298636033, 8.901647977287633, 8.901008454283682, 8.900368732342141, 8.899728814167204, 8.899088702449367, 8.898448399865087, 8.89780790907757, 8.8971672327361, 8.89652637347644, 8.895885333920619, 8.895244116677759, 8.894602724342526, 8.893961159497076, 8.893319424709714, 8.892677522535452, 8.892035455515682, 8.891393226178865, 8.890750837040422, 8.89010829060147, 8.889465589351492, 8.88882273576555, 8.888179732306064, 8.887536581422522, 8.886893285551134, 8.886249847115565, 8.885606268525363, 8.88496255217849, 8.884318700459373, 8.883674715739467, 8.883030600377882, 8.882386356720316, 8.881741987100282, 8.881097493837839, 8.88045287924166, 8.87980814560659, 8.879163295214745, 8.878518330336407, 8.877873253229334, 8.87722806613845, 8.876582771295789, 8.875937370921633, 8.8752918672234, 8.874646262396759, 8.874000558624015, 8.873354758076255, 8.872708862910986, 8.87206287527489, 8.871416797301459, 8.870770631112505, 8.870124378817637, 8.86947804251297, 8.868831624285706, 8.868185126208262, 8.867538550341145, 8.866891898734133, 8.866245173424552, 8.865598376436939, 8.864951509785644, 8.864304575471998, 8.863657575485405, 8.863010511804275, 8.862363386393982, 8.861716201217625, 8.861068958329145, 8.860421659690486, 8.859774307218547, 8.85912690281718, 8.858479448378423, 8.857831945784312, 8.857184396902591, 8.85653680359355, 8.855889167702783, 8.855241491065707, 8.854593775505784, 8.853946022836631, 8.853298234858684, 8.852650413362872, 8.852002560127044, 8.851354676918708, 8.850706765494952, 8.850058827601469, 8.849410864970059, 8.848762879326024, 8.848114872378707, 8.847466845831073, 8.846818801372718, 8.846170740680906, 8.845522665424248, 8.844874577258997, 8.844226477830743, 8.84357836877458, 8.84293025171461, 8.842282128263319, 8.84163400002383, 8.840985868586143, 8.840337735532005, 8.839689602431411, 8.839041470841108, 8.838393342311342, 8.837745218378782, 8.837097100570615, 8.836448990401589, 8.835800889379506, 8.835151496931555, 8.83450345533081, 8.833855427214996, 8.833207414039213, 8.832559417249072, 8.831911438278398, 8.831263478552987, 8.830615539488218, 8.829967622490159, 8.829319728953775, 8.828671860264889, 8.82802401779936, 8.82737620292332, 8.826728416993204, 8.826080661354306, 8.82543293734291, 8.824785246286432, 8.824137589501156, 8.823489968292874, 8.822842383959411, 8.822194837787595, 8.821547331054482, 8.82089986502731, 8.82025244096351, 8.819605060111428, 8.818957723708387, 8.818310432983465, 8.817663189154223, 8.817015993430253, 8.816368847010612, 8.815721751084057, 8.815074706831332, 8.814427715422584]