Model Setup for Atypical Patient 10:
ITERS=4000
LEARNING_RATE=0.001
OPT_RESET=500
ATOL=1e-09
RTOL=1e-07
METHOD=dopri5
Input channels=2
Hidden channels=11
Output channels=2
Runtime=278.6345489025116
Optimizer=Adam (
Parameter Group 0
    amsgrad: False
    betas: (0.9, 0.999)
    capturable: False
    differentiable: False
    eps: 1e-08
    foreach: None
    fused: None
    lr: 0.001
    maximize: False
    weight_decay: 0
)Loss over time=[7229.929076398268, 7146.215941616296, 7063.263147989064, 6981.077847427689, 6899.6662961052, 6819.034397586088, 6739.188328076145, 6660.1337361449205, 6581.874500702723, 6504.411001295695, 6427.738942817122, 6351.848685717822, 6276.725038726942, 6202.347512637096, 6128.690909507352, 6055.7259241583, 5983.419687875869, 5911.736106077003, 5840.635973619101, 5770.0768119621725, 5700.012570534174, 5630.393275956734, 5561.164591071843, 5492.267265704942, 5423.636497441441, 5355.20126934721, 5286.883774932807, 5218.599086171563, 5150.255281610254, 5081.754359135466, 5012.994267700614, 4943.872551543604, 4874.292371538628, 4804.1712404486025, 4733.452747061222, 4662.120739657125, 4590.214093286303, 4517.837987918623, 4445.173337454877, 4372.4596806188265, 4299.979371028554, 4228.02644311335, 4156.87106983654, 4086.7335047068586, 4017.7704398458595, 3950.074463601748, 3883.6834996794278, 3818.595808921324, 3754.7866134963315, 3692.223283050478, 3630.877326286968, 3570.7314622739436, 3511.780924217255, 3454.0297602025926, 3397.483716932636, 3342.1427839880907, 3287.9958521964695, 3235.018541414848, 3183.174006726987, 3132.415703300147, 3082.6908993175607, 3033.9440127110543, 2986.119276018857, 2939.1625884930295, 2893.0226263647774, 2847.6513705712923, 2803.004222663825, 2759.039854456322, 2715.7199008332227, 2673.0085709539057, 2630.8722258733014, 2589.2789512333798, 2548.19814136938, 2507.6001047079317, 2467.4556986950724, 2427.7360050696534, 2388.412062905542, 2349.4546876376626, 2310.8344194925226, 2272.5216641839925, 2234.4871108551883, 2196.702532521848, 2159.142082671228, 2121.7841800465067, 2084.6139946853295, 2047.6263819188046, 2010.8288459055984, 1974.243798105854, 1937.9091560764346, 1901.8764326388773, 1866.2060623739255, 1830.9606842926019, 1796.1979696504873, 1761.9648026745783, 1728.2940331486134, 1695.2040093631485, 1662.7002505206226, 1630.7782634605364, 1599.4266054308289, 1568.6296120928018, 1538.3695334268414, 1508.6280465073048, 1479.3872326142819, 1450.6301455801608, 1422.341093728909, 1394.5057350364868, 1367.1110589707596, 1340.1453055322118, 1313.597854332245, 1287.4591039303432, 1261.720353122023, 1236.3736903837128, 1211.4118933469933, 1186.8283419950692, 1162.6169433638154, 1138.7720644871379, 1115.28847575059, 1092.161302330085, 1069.3859825568084, 1046.9582321513358, 1024.874013400465, 1003.1295084717334, 981.7210961846755, 960.6453316638485, 939.8989283935359, 919.4787422753875, 899.3817573594545, 879.6050729779108, 860.145892058075, 841.0015104331702, 822.1693070023707, 803.6467346201356, 785.4313116160444, 767.5206138676468, 749.9122673618448, 732.6039390764023, 715.593331480592, 698.8781805124589, 682.4562464940977, 666.3253084742449, 650.4831589566246, 634.927598921806, 619.656433132669, 604.6674657160096, 589.9584960217209, 575.5273147699717, 561.3717003758923, 547.4894156061226, 533.8782044787314, 520.5357894117119, 507.459868621326, 494.6481120048302, 482.09815910892814, 469.8076225166291, 457.7740826336569, 445.9950861743115, 434.46814498274796, 423.19073507326743, 412.16029527297525, 401.37422643140604, 390.82989341130434, 380.5246235031478, 370.4557063857397, 360.6203943357303, 351.01590260435063, 341.6394099535202, 332.4880593429217, 323.55895876018946, 314.84918217144866, 306.3557705611458, 298.07573328495573, 290.0060493333934, 282.1436687472214, 274.48551414387293, 267.0284823359865, 259.76944542482903, 252.70525183700002, 245.83273147431916, 239.1486958072499, 232.64993968374966, 226.33324336596598, 220.19537461470526, 214.2330908157862, 208.44314114239995, 202.82226874756813, 197.36721298093838, 192.0747116240377, 186.94150313784579, 181.96432891692865, 177.13993466450515, 172.4650725178519, 167.9365062571246, 163.55101157208884, 159.30537818975696, 155.1964120517258, 151.22093745599494, 147.37579915947774, 143.6578643085337, 140.0640244662763, 136.59119796844516, 133.2363315373353, 129.99640085520514, 126.86841301804564, 123.8494105825399, 120.93647128947345, 118.12670958180234, 115.4172780633452, 112.8053688729714, 110.28821497297783, 107.86309134953885, 105.52731612466836, 103.2782515785009, 101.11330508251105, 99.02992994224115, 97.02562611590588, 95.09794055499856, 93.24446846611112, 91.46285359141166, 89.7507884947088, 88.10601488801366, 86.52632387563773, 85.00955614849711, 83.55360108834557, 82.15639969580153, 80.81594167839806, 79.53026611773727, 78.297461395663, 77.11566494601293, 75.9830629478716, 74.89788996344934, 73.85842852374581, 72.86300866515204, 71.91000742015137, 70.9978482652515, 70.12500052926138, 69.2899787431997, 68.49134190296274, 67.72769298759691, 66.9976781444953, 66.29998592361207, 65.63334651003164, 64.99653093689707, 64.38835028123138, 63.80765484508945, 63.25333332437522, 62.724311967570266, 62.2195537264953, 61.73805740114483, 61.27885678052287, 60.84101978129977, 60.42364758601241, 60.02587378242103, 59.64686350555773, 59.285812583867376, 58.94194669078611, 58.61452050296723, 58.30281686629846, 58.0061459707639, 57.72384453509885, 57.45527500213879, 57.199824745638445, 56.95690525241837, 56.72595137840337, 56.506420663629044, 56.29779253418012, 56.09956757528816, 55.91126681968968, 55.732431051046234, 55.56262012269551, 55.401412291936204, 55.24840357002388, 55.10320708799479, 54.96545247839413, 54.834785272950846, 54.71086631619309, 54.59337119498018, 54.481989683872264, 54.3764252062562, 54.276394311099196, 54.18162616518548, 54.09186206066274, 54.006854937718, 53.926368922168336, 53.850178877746536, 53.77806997284122, 53.70983726144482, 53.64528527804216, 53.584227646170696, 53.526486700373, 53.47189312125112, 53.42028558333373, 53.37151040838714, 53.32542122509579, 53.281878700622705, 53.240750212471774, 53.20190955282803, 53.16523664696371, 53.13061728232865, 53.097942848021766, 53.06711008433915, 53.03802084209908, 53.010581851452564, 52.98470449987963, 52.960304619087, 52.93730228051957, 52.9156215992045, 52.895190545659936, 52.87594076558301, 52.85780740706648, 52.8407289550774, 52.82464707294216, 52.80950645059063, 52.795254659321635, 52.781842012844734, 52.76922143437187, 52.75734832953369, 52.74618046490111, 52.735677851899815, 52.72580263590871, 52.716518990343616, 52.707793015530406, 52.69959264217919, 52.691887539272486, 52.68464902619724, 52.677849988939734, 52.67146480018355, 52.66546924314819, 52.65984043901233, 52.65455677776859, 52.64959785237302, 52.64494439603984, 52.640578222553025, 52.63648216946112, 52.63264004403524, 52.62903657185915, 52.62565734794741, 52.62248879027117, 52.619518095587935, 52.61673319746993, 52.61412272643358, 52.61167597207304, 52.609382847105486, 52.60723385324288, 52.605220048802266, 52.603333017976915, 52.60156484168703, 52.59990806993813, 52.59835569561523, 52.596901129642404, 52.595538177446926, 52.59426101665842, 52.59306417598934, 52.591942515236205, 52.59089120634642, 52.58990571549987, 52.58898178615489, 52.58811542300928, 52.58730287683002, 52.58654063011284, 52.58582538352366, 52.58515404308577, 52.58452370807333, 52.58393165957778, 52.5833753497073, 52.58285239139159, 52.582360548757556, 52.58189772804874, 52.58146196905584, 52.58105143703556, 52.58066441508918, 52.580299296979994, 52.57995458035842, 52.57962886038495, 52.57932082371598, 52.57902924284401, 52.57875297076703, 52.57849093596912, 52.578242137699526, 52.57800564152783, 52.577780575165, 52.57756612453156, 52.57736153006381, 52.57716608323701, 52.57697912330432, 52.576800034227404, 52.57662824179822, 52.57646321093154, 52.57630444312858, 52.57615147409178, 52.57600387148968, 52.57586123286017, 52.57572318364114, 52.5755893753287, 52.575459483747565, 52.57533320743009, 52.57521026610062, 52.57509039925235, 52.57497336481754, 52.57485893792091, 52.57474690971441, 52.5746370862852, 52.57452928763692, 52.57442334673349, 52.57431910860802, 52.57421642953002, 52.574115176225, 52.574015225146624, 52.57391646179899, 52.57381878009983, 52.573722081790386, 52.57362627588173, 52.573531278138915, 52.573437010601445, 52.57334340113574, 52.57325038301423, 52.573157894529295, 52.57306587863016, 52.572974282583594, 52.57288305766106, 52.572792158846276, 52.572701544561305, 52.57261117641564, 52.572521018968104, 52.57243103951062, 52.572341207862046, 52.572251496181686, 52.57216187879174, 52.57207233201507, 52.571982834023224, 52.571893364697395, 52.57180390549665, 52.57171443933749, 52.57162495048163, 52.571535424432575, 52.57144584783985, 52.571356208407934, 52.57126649481577, 52.571176696639014, 52.57108680428066, 52.57099680890303, 52.57090670237108, 52.570816477193034, 52.57072612647071, 52.57063564384985, 52.57054502347955, 52.57045425996636, 52.57036334834183, 52.57027228402413, 52.570181062787945, 52.57008968073447, 52.56999813426393, 52.56990642005117, 52.56981453502198, 52.56972247633154, 52.56963024134645, 52.56953782762466, 52.569445232900506, 52.56935245506822, 52.56925949216964, 52.56916634237884, 52.56907300399369, 52.56897947542114, 52.56888575517053, 52.568791841842405, 52.56869773412215, 52.56860343076934, 52.56850893061383, 52.568414232547454, 52.56831933551859, 52.56822423852638, 52.56812894061691, 52.56803344087766, 52.56793773843358, 52.56784183244346, 52.56774572209651, 52.567649406609036, 52.56755288522147, 52.56745615719663, 52.56735922181577, 52.56726207837779, 52.567164726196374, 52.567067164598804, 52.56696939292403, 52.56687141052087, 52.56677321674661, 52.56667481096711, 52.566576192554294, 52.566477360883944, 52.566378315338554, 52.566279055303156, 52.566179580164594, 52.56607988931375, 52.56597998214158, 52.56587985804012, 52.565779516401896, 52.56567895661953, 52.56557817808457, 52.565477180187855, 52.56537596231917, 52.56527452386577, 52.56517286421362, 52.70768601985741, 52.56066801122111, 52.67768869780462, 52.58442406430965, 52.515087779891836, 52.55685624649388, 52.57298808994947, 52.52014201997528, 52.48002753933221, 52.4911496675265, 52.505216202640575, 52.48210888692304, 52.446304979109, 52.43373507285648, 52.439325238108495, 52.433226976316156, 52.40941246856439, 52.38852765212584, 52.38229733528424, 52.378914187639204, 52.36485809878158, 52.344622533429444, 52.33023932243447, 52.322346062604986, 52.311934334888356, 52.29589034001555, 52.28019423543832, 52.268535907428486, 52.257253346416654, 52.24275684103727, 52.22701756420786, 52.21302543158136, 52.199861959792266, 52.18547477286913, 52.17046170655308, 52.15606343159859, 52.14149327689744, 52.125913372019525, 52.11019871035538, 52.094905652295445, 52.07907121649078, 52.06245409340328, 52.04621865419245, 52.030344694604906, 52.0133561259264, 51.995294708733496, 51.977632746490436, 51.960221704066846, 51.94169667556826, 51.922406743152436, 51.903568268674775, 51.88455702457299, 51.86420888468681, 51.84317249711885, 51.822309088088, 51.80094441672913, 51.778560041384914, 51.755777091058185, 51.73273274118936, 51.708832648001405, 51.684067015085226, 51.658752608468426, 51.63278169364591, 51.606065618917086, 51.57863694361061, 51.55034013351363, 51.52118266734208, 51.49125758078068, 51.460344247661645, 51.42838956662572, 51.395577965239596, 51.361718657032974, 51.32661028534324, 51.290390198903474, 51.25299847969009, 51.21426082930753, 51.17416362420875, 51.132588380722616, 51.08944910866748, 51.04473451971853, 50.99829593504623, 50.950075701714965, 50.899999583242625, 50.847862302361115, 50.793603301404026, 50.73714413810422, 50.6783653415459, 50.617157311750496, 50.55333805479313, 50.48682890761611, 50.417499269533636, 50.345175742790055, 50.26970215730623, 50.19088877434401, 50.10862164070945, 50.0227282618311, 49.93303506636699, 49.839309732044306, 49.741369453624515, 49.639026739586775, 49.532072220383945, 49.42025201648494, 49.30336626791468, 49.18121770314199, 49.053566188097754, 48.92013098595814, 48.78071592387658, 48.63509252965331, 48.48297554971984, 48.32416761845155, 48.15848392835155, 47.98565522509425, 47.805518228809795, 47.61790677806575, 47.42258215833685, 47.21949199476899, 47.00841880546351, 46.78941362948883, 46.56227525913464, 46.32760357969995, 46.08653037659352, 45.864782244096745, 45.82341293448675, 46.31810216173795, 45.50762303715968, 45.76257324024146, 45.215242337677246, 45.52774139326685, 44.99417280768772, 45.31142032613409, 44.78675986310379, 45.09994011980167, 44.64943161919711, 44.8179444564038, 44.57152148016624, 44.536802893815484, 44.46282391821332, 44.30362862801416, 44.33606359153592, 44.09954574009166, 44.1813760681883, 43.93845745594224, 43.99864535512632, 43.79017356404493, 43.82058267372808, 43.639768996413174, 43.639732150993545, 43.49019300544789, 43.469163122415516, 43.33016025778352, 43.30127530298699, 43.17021261299545, 43.13957167821203, 43.00594972487082, 42.97414880541515, 42.8452856204681, 42.80836351348449, 42.69072209473885, 42.63188708384935, 42.541208146987174, 42.45258823832228, 42.39006280303402, 42.28256756232812, 42.224524670329885, 42.131401154319185, 42.04337326266457, 41.97966480870664, 41.88085028392347, 41.800559569780226, 41.731343993669135, 41.63670750779146, 41.55224532630339, 41.482831971810015, 41.3981541541096, 41.305911426804364, 41.22785178667499, 41.1556621151284, 41.07385800594343, 40.985483603186815, 40.89893242302091, 40.81843409679284, 40.74271125546726, 40.67035864941706, 40.60468872857745, 40.550910022796444, 40.53915584901278, 40.57744238631905, 40.760836714808526, 40.6680063494503, 40.416505002726765, 40.09142665532889, 40.200498139189655, 40.39274262792231, 40.06097014966692, 39.881997696305625, 40.02705255096076, 39.95722313591884, 39.74714796285412, 39.71026666059894, 39.773605673175545, 39.69471672970653, 39.53080726716726, 39.540521615504645, 39.58042310639776, 39.44624006007777, 39.339854920103456, 39.350480457696555, 39.33960770024421, 39.252960655740694, 39.15697755287201, 39.13696741099339, 39.1400800972993, 39.07947621048468, 38.9931428465446, 38.930806022721086, 38.90901755520644, 38.89613490689497, 38.85124787998522, 38.788034038557846, 38.71816459087276, 38.664829812413565, 38.629301571422666, 38.60327751192339, 38.58210896481939, 38.5541561299969, 38.53238007777025, 38.495918164151306, 38.471522022870154, 38.42597698812968, 38.39396844879343, 38.337534851781385, 38.29257569256098, 38.23039747720178, 38.178186857732996, 38.12139726644623, 38.072834147924404, 38.025807253568544, 37.98436366431912, 37.94538833234199, 37.91252968285978, 37.886160028035555, 37.88115378522503, 37.90522484749428, 38.03537329457356, 38.19759761356609, 38.572859622839125, 38.19889951480664, 37.78524490161825, 37.58374959261989, 37.82573132194144, 38.05297370729417, 37.64362614915788, 37.47431529011269, 37.68094438514799, 37.64802878077941, 37.437093199544854, 37.37294093715696, 37.489366956088695, 37.482387025843884, 37.29104472315863, 37.289406432491276, 37.38252640820747, 37.27850593992934, 37.166555048124835, 37.18704938100171, 37.20888931647524, 37.14253556051073, 37.060736806702955, 37.06806702339695, 37.086896165699336, 37.02228768635989, 36.95657911490178, 36.94661534112025, 36.95009419899382, 36.91871452301317, 36.85910685386711, 36.82712917054578, 36.82305283304435, 36.80696724311455, 36.76895466712869, 36.723699786879365, 36.69617655672837, 36.68334841333529, 36.66581312216411, 36.636769826113, 36.59839056270097, 36.564509952981446, 36.53980117298349, 36.520893799726565, 36.50187178601894, 36.47699829826517, 36.44841626157005, 36.416556220041564, 36.38563219224688, 36.35666887738691, 36.33011598383874, 36.305478362739684, 36.282147102175536, 36.260054542017706, 36.23898483417154, 36.22107423189244, 36.20609270393551, 36.202576777879806, 36.208197774085995, 36.255326856979025, 36.31419902893601, 36.49114757254261, 36.53203487141816, 36.66308834804561, 36.321990499420515, 36.05250845656854, 35.93644787619931, 36.04161687421313, 36.21398102825969, 36.12192836103765, 35.95960816138654, 35.828921606847985, 35.86632786291499, 35.96926441192919, 35.924647178903314, 35.81596068279342, 35.72400538190713, 35.73719246480403, 35.792445560424824, 35.76545453663608, 35.6925877800031, 35.62195593093917, 35.61310272000538, 35.638149151482274, 35.62896287930968, 35.587090267387346, 35.527418396769285, 35.49595289288972, 35.49448589679623, 35.49538659830726, 35.48178266540112, 35.442078633450265, 35.401358527154514, 35.37197137393197, 35.35784246332563, 35.351011871008744, 35.33874642139874, 35.31961515849469, 35.28984999085108, 35.25926696456492, 35.23087233553035, 35.20795062406206, 35.189918889506274, 35.17464312964331, 35.160468690306935, 35.14472762093582, 35.12905920197438, 35.110368543465604, 35.093049000688325, 35.07318151526937, 35.05642843087326, 35.03796783479455, 35.02497932887444, 35.01098432792589, 35.00750833719785, 35.00311574827983, 35.0214869502195, 35.033246777603956, 35.09201869588806, 35.10649104343447, 35.18593529905656, 35.11972753385422, 35.08740632378255, 34.92286679465579, 34.803440406319176, 34.73345400561286, 34.734356628624504, 34.7800661004687, 34.80998838289076, 34.82839328905698, 34.76353819390078, 34.694990769578446, 34.62308289559279, 34.58719691066157, 34.58567956641268, 34.59925785640355, 34.614011051015844, 34.597756896675605, 34.57230815696062, 34.52329414046438, 34.48027853959928, 34.44666355733052, 34.42747776545346, 34.41939989680982, 34.41563497062596, 34.41341364998644, 34.40271679665764, 34.39152090393087, 34.368357028771726, 34.34665994634343, 34.3179956798231, 34.29234051370714, 34.26565383504881, 34.241915353996546, 34.219535884846955, 34.19906534798948, 34.179802754131465, 34.161456380542944, 34.143709579128796, 34.126389873694954, 34.109457506138675, 34.09299504989471, 34.077383264852386, 34.063086415737686, 34.05192277216333, 34.045355179520264, 34.05177184058043, 34.074031222972366, 34.152552668540174, 34.26412275797881, 34.57983548589887, 34.71065991530633, 35.10083034637763, 34.49795534301235, 34.05565928557909, 33.85901598117497, 34.077114465497395, 34.40450878191139, 34.154788806759825, 33.86974122324513, 33.802462902816224, 33.97212216518233, 34.092819976103605, 33.866360329279516, 33.725809463643174, 33.79964007199076, 33.87264224429959, 33.82169588148672, 33.68316039449841, 33.681283531758645, 33.760546718820144, 33.72762056019761, 33.639060260267996, 33.60035964826824, 33.636234730725455, 33.65520452010076, 33.59276910182815, 33.541176817960896, 33.545567198486474, 33.560881607781425, 33.54184125983317, 33.49347122610104, 33.4715692106501, 33.47856762820856, 33.47442461093728, 33.44755233930426, 33.41509230344605, 33.402445563765326, 33.402253947869866, 33.39118935692721, 33.367450132345475, 33.34302999963464, 33.330315146922516, 33.32443965733317, 33.31283598709019, 33.293652232525865, 33.27265471923901, 33.25755344608168, 33.247667544132064, 33.23681381020518, 33.221735144074415, 33.20337429403168, 33.18641103776534, 33.172838858450376, 33.16119579679592, 33.14876758038261, 33.133840549500015, 33.11758625452352, 33.10165124509834, 33.08726350474466, 33.074175756386694, 33.06126278129577, 33.047645601821046, 33.03295655809699, 33.01778617052724, 33.002714444189515, 32.98821467647848, 32.97431622971113, 32.960750150281, 32.94718417109495, 32.93333769612945, 32.91919678354201, 32.90477368342057, 32.89026455794917, 32.875770860750784, 32.86139875285527, 32.847173087792086, 32.83308340727337, 32.81909597691834, 32.80517319284606, 32.791289483697376, 32.77742283001128, 32.76358517830506, 32.749767252836065, 32.73602563078945, 120.21596626400455, 36.769236038584445, 42.3996842601503, 64.12997964879656, 75.53962948695332, 74.80223415384854, 65.0453045007869, 50.710712650278204, 37.57297290130446, 32.83351822907913, 40.8173013755594, 51.7297568786825, 50.410334360932524, 40.40491755046352, 33.49394928594354, 33.482653146985335, 37.26672786264717, 40.98448740435087, 42.45984931733397, 41.23103678044076, 38.090684985426535, 34.656937345062865, 32.80817941484176, 33.629280331366374, 36.13115840876286, 37.60351339133144, 36.52861866465992, 34.23056045592696, 32.84598912655827, 33.07403804666949, 34.18077702170544, 35.09163012896827, 35.167538824083664, 34.42414985169672, 33.39723150947123, 32.78821046489645, 32.97418546535148, 33.65117701165045, 34.065578767206375, 33.7949509683031, 33.163797206983666, 32.77477604734632, 32.86580673167676, 33.21129531268064, 33.44337849588812, 33.36770776315061, 33.067437404860414, 32.79855572763677, 32.76787250351532, 32.94936357463525, 33.1144654565416, 33.07893266390055, 32.89320980676965, 32.75138288067365, 32.764548232408615, 32.87343472265728, 32.94484345552688, 32.90753276926953, 32.803349221137154, 32.73190710994383, 32.7490288759998, 32.814348513095126, 32.84260528126933, 32.80145437682495, 32.73927671367662, 32.71822064524707, 32.74540771411333, 32.77729028327105, 32.77439886104111, 32.74036017591165, 32.71098945445138, 32.712118302590845, 32.73280167787729, 32.7420990965673, 32.72709623501026, 32.70496776200692, 32.698016884737484, 32.707415854976574, 32.7160266407623, 32.7109226376957, 32.69696675408561, 32.68839566768809, 32.69108879704054, 32.69688488277642, 32.69534127181446, 32.68666345678405, 32.679672360039035, 32.67962516874347, 32.68256935445939, 32.68176753464866, 32.67623279130859, 32.67091693100187, 32.669721325388586, 32.67084904344721, 32.669936456615694, 32.66596677118577, 32.66199337876066, 32.660550036337774, 32.660534210057875, 32.65925915586625, 32.65613632454212, 32.653057673974416, 32.65154779357636, 32.6508454472897, 32.64927127857308, 32.6465973571943, 32.64409639917256, 32.64259019339161, 32.641435612595, 32.639642378149, 32.63725241103072, 32.635104184668265, 32.633562526584804, 32.6321038472728, 32.63018072139683, 32.62797958535231, 32.62603458711817, 32.624426163039146, 32.62274986503696, 32.620764132563004, 32.61869811788244, 32.61684801560938, 32.61514715739568, 32.61332262280836, 32.61131992873746, 32.60934259681581, 32.60751401417056, 32.60571380925831, 32.60379472702945, 32.601800432064906, 32.59986825570038, 32.59801192222469, 32.596122739220576, 32.59415123254553, 32.59216990853142, 32.59024381660174, 32.58833485839946, 32.58637699423499, 32.5843801223663, 32.58240168832559, 32.58045143541067, 32.57848494212352, 32.57648080604873, 32.57446926923263, 32.57247662444757, 32.57048544957209, 32.56846926872414, 32.56643513185923, 32.56440670063851, 32.562384401909014, 32.560348867074076, 32.55829486808445, 32.5562370493203, 32.55418324464291, 32.55212328891394, 32.5500484131672, 32.547964998635855, 32.54588168148654, 32.54379509931599, 32.54169746442283, 32.539589965472494, 32.53747926121706, 32.53536569876025, 32.53324390630821, 32.53111263330649, 32.52897609317072, 32.52683607870415, 32.52468946207362, 32.52253428509515, 32.52037283387442, 32.518207100280044, 32.516035539162885, 32.513856325555885, 32.51167050427867, 32.5094797459728, 32.5072834420487, 32.505080177062254, 32.50287031281648, 32.500655085094785, 32.498434367006716, 32.496207165591485, 32.493973518367476, 32.49173427612689, 32.48948951794371, 32.487238585038945, 32.484981391412525, 32.482718503443536, 32.48045006540314, 32.47817565599253, 32.47589516375313, 32.4736089601241, 32.47131718813622, 32.46901958198669, 32.46671604476367, 32.46440682261005, 32.46209203554026, 32.45977151771252, 32.457445198847196, 32.4551132451445, 32.452775748054414, 32.45043260346562, 32.44808376689297, 32.44572935473261, 32.44336943433769, 32.44100394116051, 32.43863285198225, 32.43625625088552, 32.43387418558118, 32.431486616272316, 32.42909353537738, 32.42669500607537, 32.42429106244786, 32.42188168162377, 32.41946686702392, 32.41704666714286, 32.41462110608429, 32.41219017220367, 32.40975387606198, 32.407312255978674, 32.40486532996688, 32.402413094725325, 32.39995556514423, 32.39749277174485, 32.39502472844765, 32.39255143776008, 32.390072916845746, 32.38758919063611, 32.38510027111533, 32.382606165221546, 32.38010689089311, 32.377602468631714, 32.37509290939116, 32.37257822312775, 32.37005842766669, 32.367533540474874, 32.365003572514816, 32.36246853585058, 32.35992844751563, 32.35738332266481, 32.35483317251888, 32.35227801036851, 32.349717852285956, 32.347152712069885, 32.34458260152137, 32.342007534510685, 32.3394275259829, 32.33684258881795, 32.33425273528484, 32.331657979361204, 32.32905833508291, 32.32645381496646, 32.323844431670395, 32.321230198913604, 32.31861112991086, 32.315987236984995, 32.313358532962496, 32.31072503118492, 32.30808674435817, 32.30544368480281, 32.302795865320384, 32.30014329876647, 32.29748599745673, 32.294823973685965, 32.292157240095406, 32.28948580915224, 32.28680969298052, 32.28412890381978, 32.28144345402997, 32.27875335571707, 32.2760586208471, 32.273359261532974, 32.27065528986155, 32.26794671770582, 32.265233556914446, 32.262515819400505, 32.25979351695974, 32.25706666126178, 32.25433526401236, 32.25159933691267, 32.248858891539506, 32.24611393941042, 32.24336449205573, 32.24061056094008, 32.23785215743499, 32.23508929290051, 32.23232197868336, 32.229550226050975, 32.22677404621218, 32.22399345035985, 32.221208449637516, 32.21841905512035, 32.21562527785546, 32.212827128865946, 32.210024619116425, 32.20721775952075, 32.204406560963996, 32.20159103428707, 32.19877119027768, 32.195947039690616, 32.193118593249785, 32.19028586163158, 32.18744885546812, 32.184607585357476, 32.18176206185718, 32.17891229547986, 32.17605829670437, 32.173200075976226, 32.17033764369937, 32.16747101023771, 32.164600185920015, 32.161725181037205, 32.1588460058405, 32.15596267054773, 32.15307518534353, 32.150183560373804, 32.14728780574814, 32.14438793154201, 32.141483947794256, 32.13857586450874, 32.13566369165659, 32.13274743917548, 32.12982711696838, 32.12690273490406, 32.12397430281817, 32.121041830512034, 32.11810532775443, 32.11516480428333, 32.11222026980351, 32.10927173398782, 32.106319206476755, 32.1033626968792, 32.10040221477377, 32.09743776970675, 32.0944693711939, 32.091497028720646, 32.08852075174124, 32.08554054968016, 32.0825564319315, 32.079568407859426, 32.076576486798984, 32.07358067805665, 32.07058099090952, 32.067577434605624, 32.0645700183643, 32.0615587513764, 32.05854364280478, 32.05552470178417, 32.05250193742247, 32.04947535879919, 32.046444974966796, 32.04341079494998, 32.04037282774743, 32.03733108233018, 32.03428556764358, 32.03123629260671, 32.0281832661118, 32.025126497025866, 32.02206599418916, 32.019001766417404, 32.01593382250035, 32.01286217120276, 32.009786821264726, 32.0067077814012, 32.00362506030233, 32.000538666633986, 31.997448609037818, 31.99435489613136, 31.991257536508247, 31.98815653873826, 31.985051911367773, 31.981943662919708, 31.978831801893364, 31.97571633676554, 31.972597275990026, 31.969474627997908, 31.966348401197408, 31.963218603974664, 31.960085244693197, 31.956948331695102, 31.953807873299834, 31.95066387780572, 31.947516353488883, 31.944365308604503, 31.941210751386414, 31.93805269004669, 31.934891132777082, 31.931726087748313, 31.928557563110655, 31.92538556699329, 31.92221010750526, 31.91903119273546, 31.915848830752658, 31.91266302960562, 31.909473797323166, 31.906281141914715, 31.90308507136982, 31.899885593658777, 31.896682716732798, 31.893476448523575, 31.890266796944296, 31.887053769888666, 31.88383737523233, 31.880617620832073, 31.877394514525825, 31.87416806413405, 31.87093827745823, 31.867705162281812, 31.864468726370795, 31.86122897747306, 31.85798592331872, 31.854739571620453, 31.851489930073434, 31.848237006355706, 31.84498080812757, 31.841721343032848, 31.838458618698372, 31.835192642733556, 31.83192342273131, 31.82865096626872, 31.82537528090538, 31.82209637418468, 31.818814253634265, 31.815528926765158, 31.812240401072575, 31.808948684035826, 31.80565378311837, 31.802355705767585, 31.799054459415913, 31.795750051480013, 31.79244248936108, 31.789131780444812, 31.785817932102585, 31.78250095168976, 31.779180846547046, 31.7758576240008, 31.772531291361975, 31.769201855927268, 31.765869324978464, 31.762533705783508, 31.75919500559547, 31.75585323165351, 31.752508391182378, 31.749160491392875, 31.745809539482217, 31.742455542632964, 31.739098508014862, 31.735738442783568, 31.732375354080887, 31.729009249035457, 31.725640134762685, 31.72226801836449, 31.71889290692968, 31.715514807533815, 31.71213372723952, 31.708749673096758, 31.705362652142277, 31.701972671400256, 31.698579737882373, 31.695183858587484, 31.691785040502108, 31.68838329060053, 31.68497861584419, 31.681571023182837, 31.678160519554112, 31.674747111883168, 31.671330807083493, 31.667911612056766, 31.664489533692475, 31.66106457886894, 31.657636754452298, 31.654206067296844, 31.650772524245678, 31.647336132130715, 31.64389689777312, 31.64045482798195, 31.637009929555713, 31.633562209281266, 31.630111673934973, 31.626658330282066, 31.62320218507683, 31.619743245062615, 31.616281516972695, 31.612817007528818, 31.609349723442918, 31.60587967141606, 31.60240685813876, 31.59893129029153, 31.59545297454441, 31.591971917557327, 31.58848812598006, 31.585001606452238, 31.581512365603388, 31.578020410053455, 31.5745257464124, 31.571028381280197, 31.567528321247128, 31.56402557289423, 31.56052014279245, 31.55701203750344, 31.55350126357939, 33.35372857890052, 48.247513741499525, 34.986005581331014, 35.884543314327054, 39.17354421702183, 31.75963329822018, 33.74225199810006, 36.834235806040255, 34.896940710969886, 31.671334378323753, 32.652646725087685, 34.96925102851342, 33.030457037393624, 31.408099854309413, 32.60980219160293, 33.6561799280689, 32.78510098482201, 31.498797625156634, 31.87164976605249, 32.877901038632764, 32.29161596228309, 31.420657645837387, 31.780666797293815, 32.36042143590894, 32.07131816285054, 31.4566838594316, 31.57025260370448, 32.035920504928576, 31.81022419493313, 31.399334688950663, 31.561475432879764, 31.825884928246662, 31.65284735746059, 31.38704405227705, 31.510051754148062, 31.683049800914578, 31.50644889252145, 31.372232357854447, 31.50862088612964, 31.568350433691048, 31.423664990158077, 31.372707079620458, 31.484794065236677, 31.473775282935673, 31.364673589466257, 31.389244624812466, 31.452731204353896, 31.39940587891582, 31.346615084458303, 31.394274466509174, 31.40602569655333, 31.348229489949343, 31.350206627140643, 31.38414529512221, 31.35761056871362, 31.329360759306482, 31.353309195988242, 31.354573064110777, 31.32397942106609, 31.32893111592807, 31.34175209425359, 31.32191926113645, 31.31268383343365, 31.32528137619912, 31.31658356788785, 31.302784006358706, 31.309691412183728, 31.308307682722116, 31.29514380495958, 31.296315105886038, 31.298072675083237, 31.287611904911216, 31.285187993244552, 31.287217575088892, 31.27962755470769, 31.275212381523556, 31.276493759836953, 31.270910833205587, 31.265906996029283, 31.266088517563272, 31.26177863813824, 31.256742346065618, 31.255988262278755, 31.252325293467212, 31.247556652916966, 31.24609079055465, 31.242708759131805, 31.23824554372569, 31.236277000706817, 31.232966181715884, 31.228789593551983, 31.22647259148355, 31.223131143581956, 31.219185016916004, 31.21661419103417, 31.213201239727756, 31.209437987896102, 31.206669616863994, 31.203178594584116, 31.199551592844884, 31.196615858920595, 31.193055866113607, 31.189530292553478, 31.18644133536417, 31.18283278045033, 31.179372386419626, 31.176141431033773, 31.17250488639726, 31.16907832512535, 31.165715172686316, 31.16207139438842, 31.15864514549087, 31.15516611228605, 31.151528324447643, 31.148072759347166, 31.14449892104951, 31.140871593511896, 31.13736216578151, 31.133718683277166, 31.130095773789208, 31.126517451361806, 31.122828997080372, 31.119195587075886, 31.115545361127044, 31.111830362390652, 31.108167921563314, 31.104453556902442, 31.100720478685616, 31.097012990233353, 31.09324879320018, 31.08949530414459, 31.08573468514294, 31.081934791156826, 31.07815146545585, 31.074339317544403, 31.07051166060045, 31.06668841131757, 31.06283288263728, 31.058977247242918, 31.05510910635797, 31.051218882118608, 31.047329667471807, 31.043418493239404, 31.03949771454108, 31.035569501447434, 31.031621022790105, 31.0276682608624, 31.023699904148565, 31.01971876010518, 31.015730339340237, 31.01172486773993, 31.00771173225996, 31.00368589343517, 30.99964702699269, 30.995599885747268, 30.99153815521225, 30.987467186283983, 30.98338462966401, 30.979289715370157, 30.975185657223793, 30.971068598623386, 30.96694173729511, 30.962803718232077, 30.958654124332032, 30.954494857436906, 30.95032362429222, 30.946142469517152, 30.941950394540992, 30.937747418505843, 30.933534505296848, 30.929310367031608, 30.925076347366108, 30.92083163671716, 30.916576557261656, 30.91231145209639, 30.90803571062113, 30.903750168779755, 30.899454212315963, 30.89514828897976, 30.890832376941262, 30.886506319797512, 30.8821705523829, 30.877824695785577, 30.873469163979664, 30.86910378346826, 30.86472866180026, 30.86034393959291, 30.855949476969045, 30.851545550668735, 30.847131999826335, 30.842709023666806, 30.838276600172957, 30.83383476966549, 30.82938364969203, 30.82492318150564, 30.820453528318396, 30.815974636590138, 30.8114866238084, 30.80698950314978, 30.802483318536904, 30.797968147860413, 30.793443988081354, 30.788910940265716, 30.784368998507702, 30.779818248411036, 30.775258710698346, 30.77069043873621, 30.766113483018522, 30.76152787153561, 30.756933671635476, 30.75233090278515, 30.747719631727918, 30.743099883738452, 30.738471714812537, 30.73383516243214, 30.729190269794632, 30.72453708446118, 30.719875641231248, 30.715205992478637, 30.710528170621977, 30.705842226984362, 30.701148196030474, 30.69644612507972, 30.691736052676312, 30.687018021368885, 30.68229207314873, 30.67755824707168, 30.67281658718287, 30.668067130810456, 30.663309922120188, 30.65854499823214, 30.6537724023682, 30.648992172409955, 30.64420434995791, 30.639408973810735, 30.634606084061463, 30.62979572033058, 30.624977921490764, 30.620152727476068, 30.615320176392537, 30.610480308180716, 30.60563316056294, 30.600778773092667, 30.595917183337562, 30.591048430368993, 30.58617255174736, 30.581289585948454, 30.576399570506975, 30.571502543375722, 30.56659854206475, 30.561687604036205, 30.556769766668438, 30.551845067033796, 30.546913542353877, 30.541975229365274, 30.53703016504509, 30.532078385852845, 30.527119928520086, 30.522154829263453, 30.517183124520685, 30.512204850282956, 30.507220042714234, 30.50222873759476, 30.497230970796398, 30.49222677788392, 30.487216194462203, 30.48219925588812, 30.477175997494257, 30.47214645442209, 30.46711066175492, 30.462068654413915, 30.4570204672326, 30.451966134912688, 30.446905692054237, 30.44183917314314, 30.436766612545537, 30.431688044525625, 30.426603503228225, 30.42151302270236, 30.41641663687116, 30.41131437956565, 30.406206284496378, 30.401092385282734, 30.395972715421944, 30.390847308321316, 30.385716197271915, 30.38057941547453, 30.375436996013455, 30.370288971883472, 30.365135375968865, 30.359976241062558, 30.354811599848176, 30.349641484918944, 30.344465928763167, 30.339284963777583, 30.334098622255407, 30.328906936399218, 30.323709938311854, 30.318507660002226, 30.313300133382878, 30.308087390277084, 30.302869462411287, 30.297646381421604, 30.292418178849754, 30.287184886147887, 30.281946534676603, 30.27670315570549, 30.271454780414206, 30.266201439893802, 30.260943165146475, 30.255679987085465, 30.250411936536363, 30.245139044237828, 30.239861340841955, 30.234578856913938, 30.22929162293341, 30.223999669294788, 30.218703026308127, 30.213401724198025, 30.20809579310596, 30.20278526308981, 30.197470164124606, 30.192150526102306, 30.186826378833235, 30.181497752045882, 30.176164675387664, 30.17082717842452, 30.165485290642582, 30.160139041447874, 30.15478846016663, 30.14943357604568, 30.14407436700394, 30.138710965438893, 30.13334334833528, 30.12797154462505, 30.122595583162447, 30.11721549272548, 30.111831302014625, 30.106443039654803, 30.10105073419471, 30.095654414107752, 30.09025410779138, 30.084849843568392, 30.079441649687386, 30.074029554322035, 30.068613585572436, 30.063193771464864, 30.057770139952403, 30.05234271891418, 30.046911536156305, 30.04147661941238, 30.036037996344508, 30.030595694542114, 30.02514974152355, 30.019700164735593, 30.01424699155301, 30.00879024927934, 30.003329965147113, 29.997866166318605, 29.992398879885968, 29.98692813287147, 29.98145395222741, 29.975976364836878, 29.970495397513023, 29.965011077000607, 29.959523431013487, 29.95403248518933, 29.94853826599747, 29.943040799907862, 29.937540113320935, 29.93203623257011, 29.926529183921215, 29.921018993572602, 29.91550568765584, 29.909989292235345, 29.904469833308436, 29.898947336804348, 29.893421828585584, 29.887893334449032, 29.882361880124975, 29.876827491278092, 29.871290193506717, 29.865750012343764, 29.860206973256496, 29.85466110164649, 29.849112422850133, 29.843560962138792, 29.83800674471888, 29.832449795731467, 29.82689014025253, 29.821327803292625, 29.815762809655258, 29.810195183757916, 29.804624950380983, 29.79905213427661, 29.79347676025665, 29.78789885322198, 29.78231843774796, 29.776735538337583, 29.771150179430208, 29.76556238540226, 29.75997337789796, 29.754380780719533, 29.74878582120937, 29.74318852349679, 29.737588911647943, 29.731987009665257, 29.72638284148776, 29.72077643099199, 29.715167801990603, 29.709556978233522, 29.703943983408212, 29.698328841138842, 29.692711574987097, 29.687092208452057, 29.681470764970133, 29.675847267915255, 29.670221740599175, 29.664594206270852, 29.65896468811783, 29.65333320926433, 29.64769979277276, 29.642064461643848, 29.63642723881562, 29.630788147163983, 29.625147209503133, 29.619504448585044, 29.613859887099633, 29.608213547674893, 29.602565452877094, 29.596915625210045, 29.59126408711618, 29.58561086097577, 29.579955969107417, 29.574299433767433, 29.56864127715056, 29.562981521389293, 29.557320188554534, 29.55165730065499, 29.545992879637698, 29.540326947387335, 29.534659525727076, 29.52899063641761, 29.523320301157902, 29.51764854158488, 29.511975379233807, 29.506300835579076, 29.50062493215014, 29.494947690335593, 29.489269131461104, 29.48358927678987, 29.477908147523916, 29.47222576480192, 29.466542149700775, 29.460857323234674, 29.45517130635558, 29.449484119952697, 29.44379578485267, 29.438106321819543, 29.43241575155432, 29.42672409469553, 29.421031371818128, 29.415337603434896, 29.409642809994708, 29.403947011883712, 29.398250229424796, 29.392552482877036, 29.38685379243681, 29.381154178235803, 29.3754536603434, 29.36975225876395, 29.364049993438627, 29.358346884244558, 29.352642950994632, 29.34693821343759, 29.341232691257666, 29.33552640407486, 29.32981937144434, 29.324111612856964, 29.318403147738163, 29.31269399544881, 29.3069841752842, 29.301273706474785, 29.29556260818543, 29.289850899515386, 29.284138599498124, 29.278425727101613, 29.272712301227376, 29.266998340710845, 29.261283864321424, 29.255568890761324, 29.249853438666698, 29.244137526606515, 29.23842117308226, 29.2327043965292, 29.226987215314168, 29.221269647736936, 29.21555171202897, 29.209833426354024, 29.20411480880746, 31.603170936370358, 46.5275014104654, 33.257189104142704, 32.7949895031096, 37.97889100582626, 29.87215718127516, 31.01773740693243, 34.75264127390323, 33.16952735909021, 29.558393107648417, 30.083357157866644, 32.80095032155843, 31.1959495000819, 29.11486675555735, 30.111094083230014, 31.440091387921733, 30.748108892541588, 29.285352677561082, 29.42566558338618, 30.57547120832052, 30.202426861395907, 29.166162906167415, 29.361981429896147, 30.051774219826054, 29.89368476529954, 29.210163955167445, 29.186536208775365, 29.708988961023888, 29.60631084766172, 29.122423480809065, 29.190075492134916, 29.513420404449004, 29.413658971077712, 29.099233910205154, 29.153458702882485, 29.37846933831889, 29.253654312548647, 29.061378381471652, 29.166218514588056, 29.27679221345827, 29.151935631382877, 29.053723837992422, 29.156727481928737, 29.191636263726444, 29.07604962432679, 29.0643227971038, 29.144091202648386, 29.117254383540168, 29.044104545109874, 29.075257360566756, 29.112440097627488, 29.05963523702823, 29.038948858610567, 29.079054277818635, 29.070338087038976, 29.031025206035054, 29.045438343740667, 29.06255499581888, 29.03366242738288, 29.025809502484822, 29.045302904238273, 29.034577544628338, 29.016587843628976, 29.02779891291108, 29.029384837750968, 29.012402282266518, 29.01441500979006, 29.020577104344856, 29.008935100313316, 29.0046382676251, 29.010718464134683, 29.004112672002805, 28.99744530184174, 29.001287829857905, 28.99818424238549, 28.991236400514893, 28.992744337843376, 28.991443343990888, 28.985261504773543, 28.98504839792281, 28.98438029964859, 28.979191574944583, 28.977856070439824, 28.977245696848858, 28.97288924707882, 28.970983197487428, 28.970135908159364, 28.966409520698235, 28.964213138037316, 28.9630791682262, 28.959761047367035, 28.957472502094962, 28.95604822926431, 28.95299892201614, 28.950686799363165, 28.94901919819225, 28.94613276838254, 28.943838992008047, 28.941962326808163, 28.939183910530176, 28.93690748060936, 28.934860052093075, 28.932153504618473, 28.92988971421072, 28.927697674021115, 28.92504721018554, 28.922778997221506, 28.920468235467787, 28.917863452873565, 28.915574992538744, 28.91316749112799, 28.910601822628486, 28.908276209370737, 28.905794295267707, 28.90325974549614, 28.900883698180518, 28.89834887828131, 28.895834289711015, 28.893399706355424, 28.89083131373002, 28.888322722152797, 28.88582777714599, 28.883241330971988, 28.880722789613163, 28.878172569510568, 28.875577174981785, 28.873034022335766, 28.870438560849117, 28.86783622507426, 28.865257913687902, 28.862629230226354, 28.86001559141152, 28.85739778550436, 28.854746194654425, 28.852113284246972, 28.849458027066404, 28.846789089696212, 28.844129168358098, 28.841442607430324, 28.838756388500975, 28.83606521314259, 28.83335401085568, 28.830646708616428, 28.82792466001484, 28.82519283286523, 28.82246004190919, 28.819710750149692, 28.816958476634884, 28.81419803575074, 28.81142548285003, 28.80865046950579, 28.80586332305246, 28.80306941350058, 28.800269447514395, 28.797458224903405, 28.7946424368752, 28.791817226028478, 28.788983994169836, 28.786144879069116, 28.78329589287136, 28.780441010533888, 28.777578015461167, 28.77470692833642, 28.77182965156326, 28.768943594193363, 28.766051035046566, 28.76315094134078, 28.760243069200452, 28.757328735905844, 28.754406359902895, 28.75147729369909, 28.74854097321496, 28.745597246425017, 28.742646917826615, 28.739689050343028, 28.736724497250506, 28.73375287498519, 28.730774180349147, 28.72778884993127, 28.72479635405136, 28.721797252528926, 28.718791250162223, 28.71577845529621, 28.71275906115466, 28.709732804257783, 28.70670004552162, 28.70366056247359, 28.700614517704192, 28.69756195705455, 28.694502792987176, 28.69143723710066, 28.68836514527404, 28.68528668192879, 28.682201820528068, 28.679110581278405, 28.676013064989846, 28.672909207281442, 28.66979913758612, 28.666682814077003, 28.663560307306955, 28.660431647794425, 28.657296837685127, 28.654155956448633, 28.651008983095736, 28.647855993538645, 28.644696989103178, 28.641532011646948, 28.63836109807219, 28.635184259977482, 28.632001552983123, 28.62881298124025, 28.62561859621994, 28.622418413908534, 28.619212469144557, 28.616000793984753, 28.61278340915585, 28.60956035579018, 28.606331650320385, 28.60309733260617, 28.599857423255322, 28.596611955161713, 28.593360956107343, 28.590104451900956, 28.586842475118036, 28.58357504811619, 28.580302204331527, 28.57702396657464, 28.573740365883726, 28.57045142754231, 28.56715717931958, 28.563857649036166, 28.560552861940405, 28.557242847009743, 28.55392762849186, 28.55060723514496, 28.54728169147852, 28.543951025040197, 28.540615261135642, 28.537274425945487, 28.533928545534764, 28.53057764499557, 28.527221750469344, 28.52386088526544, 28.52049508158112, 28.517124358918725, 28.51374874106722, 28.510368252424765, 28.506982918024452, 28.503592762393247, 28.500197809973198, 28.496798085261936, 28.493393612245132, 28.489984415322002, 28.486570518172467, 28.483151944912393, 28.479728718986483, 28.47630086420967, 28.472868403889812, 28.469431361471287, 28.465989760079506, 28.462543622825475, 28.45909297269361, 28.455637832477397, 28.45217822492845, 28.44871417255307, 28.44524569790109, 28.441772823233826, 28.4382955708252, 28.434813962683553, 28.431328020839814, 28.42783776709249, 28.424343223189855, 28.42084441068373, 28.417341351066952, 28.413834065683933, 28.410322575759405, 28.406806902384314, 28.40328706652936, 28.399763089066482, 28.396234990716106, 28.39270279209069, 28.389166513658783, 28.385626175803747, 28.38208179875397, 28.378533402632478, 28.374981007416412, 28.37142463299045, 28.367864299095036, 28.3643000253567, 28.36073183126323, 28.35715973619788, 28.353583759410128, 28.350003920027657, 28.346420237046, 28.34283272934571, 28.3392414156797, 28.33564631467459, 28.33204744482776, 28.328444824514694, 28.32483847198519, 28.321228405360113, 28.31761464263186, 28.31399720166595, 28.310376100202017, 28.30675135584761, 28.30312298608175, 28.299491008252485, 28.295855439579178, 28.292216297146524, 28.28857359790854, 28.284927358684772, 28.28127759616048, 28.27762432688404, 28.273967567268418, 28.270307333587258, 28.266644821022098, 28.26297771717916, 28.259307181725475, 28.255633230209185, 28.251955878035805, 28.248275140461132, 28.24459103259434, 28.240903569401578, 28.237212765701603, 28.23351863616159, 28.22982119529759, 28.226120457477887, 28.222416436920188, 28.218709147686525, 28.21499860368358, 28.21128481866469, 28.207567806227726, 28.203847579810528, 28.20012415269218, 28.196397537993732, 28.19266774867522, 28.188934797533264, 28.185198697201102, 28.181459460148982, 28.177717098682077, 28.173971624937973, 28.170223050886307, 28.166471388328947, 28.162716648898584, 28.158958844056603, 28.155197985091366, 28.151434083119987, 28.147667149083233, 28.143897193746145, 28.14012422769515, 28.13634826134938, 28.132569305862738, 28.128787371848205, 28.12500246913207, 28.12121460734966, 28.117423795941537, 28.11363004415138, 28.109833361023423, 28.106033755398048, 28.102231235909336, 28.09842581098138, 28.094617488825374, 28.09080627743705, 28.08699218459196, 28.083175217861182, 28.079355387631935, 28.075532699815422, 28.071707162173663, 28.067878781394583, 28.06404756392766, 28.060213515980532, 28.056376643516618, 28.052536952252048, 28.048694447653613, 28.04484913493574, 28.041001019057273, 28.037150104718794, 28.033296396359756, 28.02943989815624, 28.025580614015976, 28.021718547577414, 28.017853702205013, 28.01398608098657, 28.01011568672916, 28.006242521956747, 28.002366588905453, 27.998487889520366, 27.994606425452012, 27.99072219805183, 27.986835208368724, 27.9829454571449, 27.979052944811396, 27.97515767148441, 27.97125963696046, 27.967358840712016, 27.96345528188327, 27.959548959285282, 27.955639871391384, 27.95172801633241, 27.947813391891522, 27.94389599550028, 27.93997582423212, 27.936052874797966, 27.93212714354078, 27.928198626430767, 27.92426731905914, 27.920333219979444, 27.916396327694486, 27.91245662936607, 27.908514118950702, 27.90456878999673, 27.900620635638244, 27.896669648589704, 27.892715821139042, 27.88875914514214, 27.88479961201566, 27.880837212731986, 27.876871937811675, 27.872903777316722, 27.868932720845237, 27.864958757523098, 27.860981875999094, 27.85700206443646, 27.853019310506568, 27.84903360138212, 27.8450449237293, 27.841053263701493, 27.837058606931972, 27.833060938525797, 27.829060243053846, 27.82505650454443, 27.82104970647651, 27.817039831772217, 27.81302686278923, 27.809010781315024, 27.80499156855885, 27.80096920514508, 27.79694367110785, 27.792914945884867, 27.788883008311814, 27.784847836618976, 27.78080940842964, 27.776767700758672, 27.772722690016693, 27.768674352016525, 27.764622661986678, 27.76056759459578, 27.75650912398933, 27.75244722384872, 27.748382749350775, 27.744313792311356, 27.740241304623495, 27.736165254990954, 27.732085611412767, 27.728002341366928, 27.723915412055575, 27.719824790852105, 27.715730446068196, 27.711632347925626, 27.7075304695245, 27.703424787381174, 27.699315280810787, 27.69520192991745, 27.69108471313905, 27.68696360564471, 27.682838578981038, 27.678709601545595, 27.67457663913341, 27.67043961632795, 27.666298329271672, 27.662152777203982, 27.65800298880509, 27.653848987884125, 27.649690786085912, 27.645528376725835, 27.641361731490534, 27.63719080104441, 27.63301551948134, 27.628835816977265, 27.624651610389662, 27.620462813644043, 27.616269346467536, 27.61207113597948, 27.607868116488884, 27.60366022828704, 27.59944741611953, 27.595229627715845, 27.5910068125425, 27.586778920848534, 27.582545902995115, 27.578307709004275, 27.57406428828466, 27.569815589492805, 27.565561560480784, 27.561302148306925, 27.557037299295654, 27.552766959109295, 27.54849107284488, 27.544209585139367, 27.5399224402694, 29.637892279497123, 45.05468694245803, 30.639788478254744, 32.346301439623566, 35.95521758723429, 28.12066891339, 29.448557888446047, 33.1315770953119, 31.42762305214843, 27.86443365231443, 28.456130903061602, 31.10187310662519, 29.669999155187273, 27.51212613770524, 28.316683010642564, 29.72958547886083, 29.20407325157647, 27.72731532027149, 27.6775049807213, 28.817265841294805, 28.69059431254261, 27.627741280563576, 27.597637604190176, 28.305505183703506, 28.334905373718655, 27.67457247284715, 27.471769433562294, 27.958757124193596, 28.04743722823732, 27.571514144426093, 27.470060491627194, 27.795692310076717, 27.83688339721849, 27.527379705062263, 27.44935812005771, 27.681074263350535, 27.682429594185, 27.457701632213492, 27.461148185185323, 27.614018671421718, 27.570464030016122, 27.425729865248115, 27.462002715304333, 27.556767273639256, 27.4842590022806, 27.408080601810102, 27.47003915704789, 27.50227008656066, 27.4300692033687, 27.408861452285183, 27.463360730484908, 27.450937766680237, 27.399650961294, 27.418122627754087, 27.443725441472363, 27.410526737764517, 27.39307391128867, 27.4194545862105, 27.4145141029201, 27.387515625641182, 27.396754377179615, 27.4076322809933, 27.388416675559895, 27.38220064270828, 27.39495170415356, 27.387182839757653, 27.37501324588534, 27.38225771865926, 27.382534034077068, 27.370895997309734, 27.371921628566326, 27.375468664470045, 27.36706553292764, 27.36417493860565, 27.367641217269497, 27.362601185632254, 27.357896446333143, 27.360045476004142, 27.357283173203406, 27.352336947799838, 27.35299288697905, 27.351460641961925, 27.346934264921945, 27.346418853036166, 27.345378986522416, 27.341446397941944, 27.340192169397145, 27.339210648821037, 27.335821291223713, 27.334132405862615, 27.333035213763154, 27.330044644258212, 27.328148568024456, 27.326865336856926, 27.324152652990588, 27.322159921301918, 27.320696673930136, 27.318158551834504, 27.316136883169943, 27.31451007260307, 27.312083437124286, 27.310054392899364, 27.308291281213734, 27.305932672712935, 27.30390581856324, 27.302026749748677, 27.299713276160638, 27.29768397719769, 27.29570842523797, 27.293425895419276, 27.291387788783958, 27.28933078751965, 27.28707197464251, 27.28501517740972, 27.282891097478622, 27.280650761268035, 27.278566439782107, 27.276388511327912, 27.27416155474414, 27.272041825385774, 27.269822878821994, 27.26760320929342, 27.265442961936525, 27.26319474906029, 27.260974404482134, 27.258772013809843, 27.256504160739848, 27.254274365962598, 27.252031796167604, 27.249750792684452, 27.247502880270655, 27.245225270943365, 27.242933675665743, 27.240660827737564, 27.238353453893033, 27.2360503092542, 27.233749110861858, 27.231421644215274, 27.22910299718129, 27.226773216739716, 27.22442846370633, 27.222089896231136, 27.219734304709153, 27.21737366011382, 27.21501190423373, 27.21263440831494, 27.210256726297903, 27.20787095274162, 27.20547467895564, 27.20307757536809, 27.20066915589325, 27.19825535701701, 27.195837036872373, 27.193408323015742, 27.190976397088154, 27.188536602356496, 27.18608942786011, 27.183638114307527, 27.181177989424203, 27.178712833971193, 27.176241416239602, 27.173762448118406, 27.17127879554892, 27.168787644245626, 27.166290624453314, 27.163787847589205, 27.161277922647763, 27.158762777831427, 27.156243355197436, 27.1537159699667, 27.15118299505391, 27.14864340206011, 27.14609840245199, 27.143547198147814, 27.14099005818647, 27.138427378998642, 27.135858514968774, 27.133284200662192, 27.130703977977102, 27.12811798602553, 27.125526466226074, 27.1229290361439, 27.12032615609912, 27.117713586284864, 27.115099657761586, 27.112480212936827, 27.109855067620263, 27.10722452156838, 27.10458840840727, 27.101946855418248, 27.099299911624545, 27.096647500852352, 27.09398980174185, 27.09132670759772, 27.088658335644222, 27.085984688456453, 27.08330576132444, 27.08062165438123, 27.077932311549432, 27.075237830957295, 27.072538197570694, 27.069833446756764, 27.06712362697683, 27.06440872429604, 27.061688810919247, 27.058963874766434, 27.05623396629501, 27.05349910486776, 27.05075930715911, 27.048014619380613, 27.045265043739303, 27.042510628066793, 27.039751381849772, 27.03698733813097, 27.03421852407947, 27.031444957813804, 27.02866667585653, 27.025883691018645, 27.02309603933934, 27.020303739527403, 27.017506802202742, 27.014705222076465, 27.01189907474784, 27.00908839191345, 27.006273193395224, 27.00345350917556, 27.000629359695175, 26.99780076951231, 26.994967733846952, 26.992130266666866, 26.989288395094583, 26.98644214057452, 26.983591529653427, 26.98074035542171, 26.97788141875426, 26.975018207971313, 26.97215074635972, 26.969279057911127, 26.966403164931503, 26.96352309180734, 26.960638860449475, 26.957750495140342, 26.954858018360156, 26.951961453740033, 26.94905684557838, 26.94615230839722, 26.943243745365024, 26.940331179001166, 26.93741463303155, 26.934494138369303, 26.931569722229654, 26.928641407784156, 26.925709221603952, 26.92277319929609, 26.91983336866879, 26.916889757243187, 26.913942393014644, 26.910991305001357, 26.90803652281158, 26.905078077208657, 26.9021159985783, 26.899151087663782, 26.896181213492017, 26.89320795528971, 26.89023096207427, 26.887250380573793, 26.88426623768871, 26.881278564078094, 26.878287385414765, 26.875292710028667, 26.87229454342255, 26.869292898586743, 26.866288347731018, 26.863279678854397, 26.860267613562907, 26.85725216605852, 26.85423335322129, 26.851211193289604, 26.848185704566472, 26.845156904637907, 26.842124809841074, 26.839089435031074, 26.836050793344327, 26.833008896083026, 26.829963752618593, 26.82691537037123, 26.823863754758086, 26.820808909117503, 26.817750835836424, 26.81468959164656, 26.811625245902032, 26.808557877322922, 26.8054874281901, 26.80241391849064, 26.799337367989303, 26.79625779713143, 26.793175225956112, 26.790089673303616, 26.787001158313455, 26.78390970014028, 26.780811238686088, 26.777713753322736, 26.77461342728483, 26.771510267355207, 26.76840429528855, 26.765295533399208, 26.76218400463239, 26.759069732601322, 26.755952741584135, 26.75283305653477, 26.749710703119778, 26.746585707687736, 26.74345809719496, 26.740327899098748, 26.737195141237468, 26.734059851666647, 26.730922058420045, 26.727781820410204, 26.724639163539, 26.721494092527916, 26.71834663212245, 26.715196805374447, 26.712044633361277, 26.708890134994366, 26.70573332690849, 26.702574223629234, 26.699412838122157, 26.6962491828578, 26.693083271239605, 26.689915119001068, 26.686744744986438, 26.683572170906753, 26.68039742026934, 26.677220517048454, 26.67404148466203, 26.67086034545612, 26.667677120620247, 26.66449183036082, 26.661304494154066, 26.65811516140437, 26.65492384872074, 26.65173053969839, 26.648535253350634, 26.6453380087077, 26.64214278647348, 26.638941584377672, 26.63573848044907, 26.632533493900123, 26.629326643674393, 26.626117948427403, 26.622907426486908, 26.61969509580665, 26.616480490561038, 26.613264067952972, 26.610045839349826, 26.60683075700583, 26.603609472666815, 26.600386480701378, 26.597161797122236, 26.593935437901486, 26.59070741908223, 26.587477756922933, 26.584246468068713, 26.581013569679467, 26.577779079579557, 26.574543016396774, 26.571305399693006, 26.568060267897234, 26.564819372880535, 26.561577003071037, 26.558333181339837, 26.55508792918474, 26.551845700263257, 26.54859742607091, 26.545347809339287, 26.54209688014555, 26.538842037963477, 26.53558869126418, 26.53233401780042, 26.529078041362858, 26.525820785277382, 26.522562270299566, 26.519302527133526, 26.516041598738237, 26.512779505684424, 26.50951626617783, 26.50625189679274, 26.502986412682386, 26.499719827876458, 26.49645215572569, 26.49318340893735, 26.48991359976562, 26.486642740154004, 26.483370841963247, 26.48009791692526, 26.47682397673748, 26.47354903312097, 26.470273097892974, 26.466996182915487, 26.46371830011807, 26.460439461530147, 26.45716046353418, 26.453879566039905, 26.450597767331406, 26.44731507828582, 26.44403150987313, 26.44074707314072, 26.437461779220424, 26.434175639336594, 26.430888664764723, 26.42760086681469, 26.42431225683206, 26.421022846185895, 26.41773264623603, 26.414441668316318, 26.41114982423676, 26.407857182194945, 26.404563792302085, 26.401269666065716, 26.397974814881255, 26.39467925000713, 26.39138298329011, 26.388086038787847, 26.384788433132954, 26.381490178376794, 26.378186075408827, 26.37488662253418, 26.371586559647255, 26.368285898597232, 26.364984651258293, 26.3616828294637, 26.358395021849105, 26.35509295964539, 26.35179033232333, 26.348487148879755, 26.34518341847144, 26.341879150414126, 26.338574354178316, 26.335269039344816, 26.33196321558893, 26.328656892678715, 26.32535008045412, 26.322042788790622, 26.318735027592766, 26.315426806787176, 26.312118136295695, 26.30880902601805, 26.30549948582666, 26.30218952555458, 26.298879154977953, 26.29556838380827, 26.292257221691067, 26.28894567819499, 26.285633762807922, 26.282321484937256, 26.279008853912682, 26.27569587898348, 26.272382569323927, 26.269068934042334, 26.26575498218442, 26.262440722741005, 26.259126164652855, 26.25581131681972, 26.252496188099634, 26.249180787314252, 26.24586512324738, 26.242551694374047, 26.23923560752178, 26.235919275934954, 26.232602708081405, 26.22928591243903, 26.22596889748571, 26.222651671686524, 26.219334243479697, 26.216016621260383, 26.212698813367766, 26.20938082806862, 26.2060626735481, 26.20274435789338, 26.199425889090616, 26.19610727500975, 26.192790143582624, 26.189471359158492, 26.186152442122367, 26.182833400192127, 26.17951379439179, 26.176194646127048, 26.17287538945884, 26.169556031698672, 26.16623473015759, 26.162915503304234, 26.159596183343275, 26.15627677681812, 26.15295729035993, 26.149637730817506, 26.146318105068403, 26.142998420025318, 26.139678630974878, 26.136358788055578, 26.133038917708724, 26.684634966872974, 47.305058682766635, 27.234586312954807, 37.592124635397504, 35.42700984669351, 26.380669209324967, 29.146269702653875, 33.63298559410807, 31.817898919393578, 27.222780973536512, 26.50178788294629, 29.903943120493405, 30.31207305055825, 27.265564281607052, 26.12116758116194, 27.74959256125267, 28.944606266048194, 28.00631301243111, 26.373929581760308, 26.27298285254884, 27.512538473786673, 27.75188924720447, 26.638364183058048, 26.060516096054616, 26.647245238480455, 27.196502808230548, 26.845955664908445, 26.1695814507544, 26.15528963882907, 26.666520336384167, 26.717702158831084, 26.241159063367924, 26.0588512421211, 26.350265300512852, 26.520503410902165, 26.2849755898794, 26.04633614125164, 26.16296557580287, 26.350005754355504, 26.239631724599484, 26.04870197614845, 26.095458626531634, 26.231018990231508, 26.187739742625034, 26.050732826563976, 26.05684094105865, 26.155425984953673, 26.134511882182974, 26.038737365667735, 26.044106341183213, 26.109241016291648, 26.09289582132578, 26.02853950331921, 26.034432427526816, 26.078251642836573, 26.059888710388403, 26.01763602722823, 26.029960176640337, 26.055569504613267, 26.035479301183045, 26.010437841522105, 26.02474330017285, 26.036879080638165, 26.016830323126054, 26.005733201418593, 26.01927760104297, 26.02032411646959, 26.004100754916347, 26.002469306029596, 26.011693091147848, 26.005879446813495, 25.995664086272996, 25.999263971255537, 26.00230071228211, 25.994274660125942, 25.990368620815328, 25.99431879356825, 25.9921013782499, 25.985763762621563, 25.986134889858203, 25.98730728376826, 25.98270181321138, 25.979815992312112, 25.981015721776476, 25.979040393486187, 25.97515093801019, 25.974769609732117, 25.974337284406946, 25.971066233346015, 25.969219385881413, 25.969015475652782, 25.966806837887194, 25.964298778045702, 25.963596832274334, 25.96216981197046, 25.959656836519788, 25.958341308306796, 25.957236178600418, 25.955020434244055, 25.95328255589392, 25.952162448762877, 25.950269699739803, 25.948337237270593, 25.947055465740835, 25.945383677319967, 25.943420692383597, 25.941958093545438, 25.940391857103123, 25.938474625854063, 25.936869809299655, 25.93532606122617, 25.93347197129133, 25.9317761539869, 25.930208934812796, 25.92840696438337, 25.92665946048087, 25.92505147908578, 25.92328166305902, 25.921508180226855, 25.91985731509234, 25.918101681191796, 25.916315112311747, 25.91462600297507, 25.91287140046435, 25.9110773149029, 25.90935624176417, 25.90759440653154, 25.90579396638972, 25.904046438061986, 25.9022727721029, 25.900465464760124, 25.898695819315034, 25.896908075343163, 25.89509271974098, 25.893303900444014, 25.891501245329767, 25.88967677731075, 25.887870861915573, 25.88605320631233, 25.88421872396971, 25.88239701101953, 25.880564646737472, 25.878719577921277, 25.876883000066012, 25.87503638129258, 25.873180313231583, 25.871329466094686, 25.8694691098005, 25.86760184186218, 25.86573721225085, 25.86386363660864, 25.86198502410309, 25.86010697691216, 25.858220687150265, 25.856330691773223, 25.854439586553248, 25.85254104374577, 25.850639629372143, 25.848735800297188, 25.846825431166256, 25.844912620107696, 25.842996427033043, 25.841074591673635, 25.839150407063176, 25.837222216976674, 25.835289229375675, 25.833353746731007, 25.831413940651434, 25.82947004167303, 25.82752336200298, 25.82557231731157, 25.823617707074167, 25.821659989470906, 25.819698061245813, 25.817732889523906, 25.815764333898674, 25.813791844594768, 25.811816250839158, 25.80983710095172, 25.80785432132723, 25.805868439490624, 25.803878961769602, 25.80188611949222, 25.799890107767457, 25.797890572366455, 25.795887853039247, 25.79388189651058, 25.791872561314985, 25.78986013303037, 25.787844442628202, 25.7858255333539, 25.783803556604276, 25.781778356066607, 25.779750071047534, 25.77771871934069, 25.77568422936884, 25.773646741178574, 25.77160619916486, 25.76956262480935, 25.76751609965459, 25.7654665641655, 25.76341409159693, 25.761358698408444, 25.75930036640858, 25.757239168018035, 25.755175084242946, 25.753108141886685, 25.751038381874626, 25.74896578902819, 25.746890410515338, 25.74481225518533, 25.742731331730088, 25.74064768017328, 25.738561298451568, 25.73647221534482, 25.73438045125131, 25.732286012172256, 25.730188930390693, 25.72808921394577, 25.725986882393908, 25.7238819583862, 25.721774450213058, 25.71966438329929, 25.717551770958792, 25.715436628892977, 25.713318975160323, 25.711198819705672, 25.70907618349371, 25.706951081805002, 25.704823529494494, 25.702693546007968, 25.700561144001256, 25.69842634177553, 25.696289154940402, 25.69414959807993, 25.692007688917503, 25.689863440957865, 25.68771687092662, 25.685567994109235, 25.68341682497169, 25.681263379889334, 25.679107672648616, 25.6769497189464, 25.674789533548037, 25.67262713074409, 25.670462525868672, 25.668295732672856, 25.66612676608813, 25.66395564033586, 25.66178236944465, 25.659606967919252, 25.657429449314215, 25.65524982791802, 25.653068117445173, 25.650884331589456, 25.64869848417113, 25.64651058846563, 25.644320658184892, 25.642128706581364, 25.63993474696484, 25.63773879257161, 25.635540856357032, 25.633340951498493, 25.631139090825556, 25.628935287233684, 25.626729552877364, 25.624521897730403, 25.622312334190237, 25.62010087474258, 25.617887531903776, 25.6156723180062, 25.613455245343506, 25.61123632616798, 25.60901557257141, 25.606792996630475, 25.604568610260404, 25.60234242536359, 25.600114453745984, 25.597884707115465, 25.59565090703828, 25.593417663430202, 25.591182680082227, 25.588945968362893, 25.58670753961007, 25.58446740499978, 25.582225575645978, 25.57998206263161, 25.57773687694295, 25.57549002949831, 25.573241531127827, 25.570991392600558, 25.568739624622502, 25.566486237816786, 25.564231242734987, 25.561974649848207, 25.55971646957352, 25.55745671225692, 25.55519538816842, 25.552932507505428, 25.550668080396953, 25.54840211691525, 25.546134627060063, 25.543865620759206, 25.54159510787048, 25.5393230981928, 25.53704960146209, 25.534774627343587, 25.532498185435966, 25.530220285270435, 25.527940936322874, 25.525660148003862, 25.52337792965827, 25.5210942905601, 25.518809239929173, 25.51652278692707, 25.51423494064971, 25.51194571013029, 25.509655104296016, 25.507363131929836, 25.50506980188917, 25.502775122978083, 25.500479103941696, 25.498181753466188, 25.4958830801804, 25.493583092655907, 25.491281799401182, 25.488979208867104, 25.486675329451952, 25.484370169493147, 25.48206373727277, 25.479756041014237, 25.47744708888488, 25.475136888998815, 25.472825449414188, 25.470512778130004, 25.468198883093713, 25.46588377219712, 25.463567453279882, 25.46124993412576, 25.458931222462528, 25.45661132596937, 25.454290252270404, 25.451968008936582, 25.449644603486956, 25.44732004338744, 25.44499433605364, 25.442667488849626, 25.440339509087337, 25.43801040402666, 25.435680180878276, 25.433348846803575, 25.43101640891102, 25.42868287426111, 25.426348249863906, 25.424012542680053, 25.421675759622886, 25.419337907553658, 25.41699899328788, 25.41465902359062, 25.41231800518091, 25.409975944728888, 25.407631571126046, 25.405287411184236, 25.40294222556041, 25.400596021174177, 25.398248804887672, 25.395900583506876, 25.393551363784084, 25.391201152415327, 25.388849956041614, 25.386497781249147, 25.38414463457137, 25.38179052248813, 25.379435451425763, 25.37707942775825, 25.374722457806932, 25.372364547842164, 25.37000570408302, 25.367645932696757, 25.365285239800595, 25.362923631461605, 25.36056111369795, 25.358197692477745, 25.35583337371942, 25.353468163125285, 25.351102061345145, 25.34873507184346, 25.34636720056113, 25.343998453789883, 25.34162883740478, 25.339258357109316, 25.336887018548577, 25.334514827310294, 25.332141788925345, 25.329767908867897, 25.32739319255617, 25.325017645353352, 25.32264127256841, 25.320264079455864, 25.317886071216616, 25.315507252998927, 25.313127629899352, 25.31074720696233, 25.308365989181457, 25.30598398149907, 25.30360118880789, 25.301217615950588, 25.298833267721022, 25.296448148864236, 25.294062264076885, 25.291675618008927, 25.28928821526227, 25.28690006039229, 25.28451115790863, 25.28212151227515, 25.27973112791012, 25.27734000918723, 25.27494816043516, 25.272555585939752, 25.270162289942764, 25.267768276583947, 25.26537354957471, 25.262978112966724, 25.260581970867623, 25.25818512734205, 25.255787586412634, 25.253389352059653, 25.25099042822258, 25.248590818799507, 25.24619052764683, 25.243789558581796, 25.241387915381832, 25.238985601783643, 25.236582621485653, 25.234178978146794, 25.231774675388387, 25.22936971679304, 25.226964105905207, 25.224557846232813, 25.222150941245335, 25.21974339437744, 25.217335209024398, 25.21492638854933, 25.21251693627596, 25.210106855493734, 25.2076961494579, 25.205284821387338, 25.202872874467236, 25.200460311847007, 25.198047136643652, 25.195633351939534, 25.19321896078368, 25.19080396619056, 25.188388371144686, 25.185972178594895, 25.183555391458153, 25.181138012620387, 25.178720044933808, 25.176301491220034, 25.173882354267917, 25.17146263683734, 25.16904234165382, 25.16662147141487, 25.164200028785626, 25.16177801640205, 25.159355436868392, 25.156932292774027, 25.154508586795963, 25.15208432144707, 25.149659499216373, 25.14723412256545, 25.144808193926618, 25.142381715701916, 25.139954690267224, 25.13752711980434, 25.135099005786483, 25.132670350708906, 25.130241157118892, 25.127811427342507, 25.125381163680625, 25.122950368403448, 25.120519043756335, 25.11808719195781, 25.115654815198447, 25.113221915643962, 25.110788495433543, 25.108354556680773, 25.10592010147392, 25.103485131875832, 25.101049649924686, 25.09861365763376, 25.09617715699251, 25.09374014996496, 25.091302638492664, 25.088864624130508, 25.086426108252354, 25.083987092707492, 25.081547579324603, 25.079107569907737, 25.076667066236737, 31.888241741567978, 34.12362037216345, 32.84840273774507, 25.146649298383544, 29.784307183919505, 30.500098165701544, 25.569704833465092, 26.153785931343176, 28.887255226646463, 27.948170485242848, 25.392634335174765, 25.57054257450168, 27.44744894768559, 26.886839194956156, 25.20502304646059, 25.396115527513178, 26.523116771096475, 26.39364728688095, 25.319865872148988, 25.11100710261801, 25.895866330022383, 25.987994559579192, 25.245464649023766, 25.067858269996297, 25.56809631145693, 25.68583532059101, 25.226188315985237, 25.026166703380014, 25.35601515859561, 25.466977578584352, 25.14035121109291, 25.027273651659616, 25.257233886070534, 25.309043609943036, 25.087279014003094, 25.02397621030477, 25.1896582344339, 25.195124071756904, 25.034017133595498, 25.034963787399864, 25.146380104202205, 25.11117688934171, 25.00826790615174, 25.04185708057197, 25.10606527849532, 25.04818384462276, 24.999211462131132, 25.04874189270242, 25.064754803904965, 25.009843270279774, 25.004064982388, 25.043137912146946, 25.025732886564654, 24.99271500941666, 25.012673096759862, 25.02533318427888, 24.99772355236612, 24.992776923818678, 25.01216367983202, 25.001865057357133, 24.98576026409497, 24.997140312621653, 25.00003245152105, 24.984740550284258, 24.985946023985477, 24.993669988219196, 24.98423237775542, 24.979337782554456, 24.98602527694534, 24.982309496091997, 24.975352803112777, 24.97906609594322, 24.978821844298967, 24.97239695829478, 24.973368358033223, 24.97452400756456, 24.96953350402094, 24.96866493467728, 24.97000531837097, 24.966388324577007, 24.9646214896462, 24.96557059723324, 24.96298269205907, 24.960878076956064, 24.96132458842511, 24.959369935327945, 24.95725779829216, 24.95725011048728, 24.955647163978405, 24.95364937532747, 24.953296941234616, 24.951859804634854, 24.950014413961366, 24.949414544381305, 24.948040058190486, 24.946336479264048, 24.94556201473716, 24.944196838771845, 24.94261393336188, 24.941712190677887, 24.940333971275287, 24.938847056056897, 24.937846946258563, 24.936449588083903, 24.9350376223131, 24.933955118175753, 24.932542251658173, 24.931185538767945, 24.93003063539262, 24.928609581598604, 24.92729074625722, 24.926070121202244, 24.92465009091519, 24.923351932283797, 24.922073160017423, 24.920661765223965, 24.91936824273589, 24.918040388505077, 24.916642496460245, 24.91533914875942, 24.913973651558816, 24.91258957684199, 24.911265188403828, 24.909874562450476, 24.9085000403412, 24.90714827349332, 24.905744085174682, 24.904371215916573, 24.902991188404624, 24.90158185117066, 24.900201453565867, 24.89879725888376, 24.897386255701917, 24.895990638015327, 24.894569104773474, 24.893155042901686, 24.891740369623406, 24.890308049510164, 24.888886312520228, 24.88745314389713, 24.88601377838228, 24.88457947790624, 24.88313142762432, 24.881684977006383, 24.880235441136392, 24.8787765276614, 24.877320421837638, 24.875856113588203, 24.874388407608254, 24.872919885912253, 24.871443214734768, 24.869966268142743, 24.86848435994148, 24.86699752051246, 24.865509573836313, 24.86401528235834, 24.862518831821323, 24.86101871491852, 24.85951367177752, 24.8580067417103, 24.856494726051434, 24.85497972042293, 24.85346140015235, 24.851938566199273, 24.85041324191978, 24.84888354869677, 24.847350594526016, 24.845814349350633, 24.844273998638947, 24.842730796752047, 24.841183619461148, 24.83963314134414, 24.838079326089495, 24.836521720821278, 24.834961068441114, 24.83339667687404, 24.831829017992856, 24.83025798915552, 24.828683401681918, 24.827105664078502, 24.82552435473726, 24.823939821897298, 24.82235191842773, 24.82076062518448, 24.819166130558063, 24.817568201535707, 24.815967082809777, 24.814362624591773, 24.81275489803222, 24.811143952710783, 24.809529692338973, 24.80791226448342, 24.80629155374036, 24.80466765817707, 24.803040554358155, 24.801410236566053, 24.799776769090386, 24.798140090739878, 24.796500282236913, 24.794857300529905, 24.79321118425605, 24.79156194157299, 24.789909562902412, 24.788254091615446, 24.78659550015782, 24.784933831952625, 24.783269073042526, 24.781601244560772, 24.779930356998854, 24.778256409435947, 24.776579427870015, 24.774899403450867, 24.77321636224781, 24.771530301075565, 24.76984123620467, 24.76814917542281, 24.766454124580047, 24.76475609930948, 24.763055100342346, 24.761351144959722, 24.759644234925567, 24.75793438420266, 24.756221598687457, 24.754505887601134, 24.75278726100063, 24.751065724738808, 24.749341290786848, 24.747613963952688, 24.745883755948054, 24.744150672553175, 24.742414723795438, 24.740675917027673, 24.738934260451284, 24.73718976287985, 24.735442431297827, 24.73369227506064, 24.731939300691234, 24.73018351746058, 24.728424932158983, 24.726663553449363, 24.724899388564765, 24.723132445466636, 24.72136273190001, 24.719590255269473, 24.717815023508592, 24.716037043674017, 24.71425632377243, 24.712472870792634, 24.710686692535784, 24.70889779597586, 24.707106188690364, 24.70531187778939, 24.703514870573756, 24.701715174166818, 24.699912795575663, 24.69810774183545, 24.696300019866975, 24.69448963677738, 24.692676599362542, 24.690860914681476, 24.689042589486863, 24.687221630697216, 24.68539804498339, 24.6835718391601, 24.68174301988744, 24.6799115938478, 24.678077567619674, 24.676240947776535, 24.67440174087128, 24.67255995337888, 24.67071559175682, 24.668868662381882, 24.66701917166197, 24.66516712590294, 24.663312531411847, 24.661455394403312, 24.659595721118624, 24.657733517715027, 24.655868790336573, 24.65400154505141, 24.652131787930173, 24.65025952498618, 24.64838476220142, 24.646507505500416, 24.64462776078872, 24.642745533934132, 24.640860830761643, 24.638973657051316, 24.637084018550492, 24.635191920907538, 24.633297369709513, 24.631400370588537, 24.629500929137613, 24.627599050924626, 24.625694741472362, 24.623788006265205, 24.621878850747542, 24.6199672803389, 24.618053300415387, 24.6161369163159, 24.6142181333394, 24.612296956758122, 24.610373391804107, 24.608447443671505, 24.606519117515777, 24.60458841846365, 24.6026553516039, 24.600719921987352, 24.598782134627175, 24.59684199450624, 24.594899506571252, 24.59295467573111, 24.591007506857764, 24.589058004792147, 24.587106174339667, 24.585152020268666, 24.58319554731079, 24.581236760166384, 24.579275663501196, 24.577312261943657, 24.575346560086757, 24.573378562491495, 24.571408273581277, 24.56943569757564, 24.56746083931733, 24.565483703228644, 24.563504293697772, 24.56152261507705, 24.55953867168428, 24.557552467804225, 24.55556400768818, 24.553573295551573, 24.55158033557581, 24.549585131909524, 24.547587688667594, 24.54558800992987, 24.54358609974201, 24.541581962117675, 24.53957560103618, 24.537567020449146, 24.53555622426738, 24.533543216368933, 24.531528000598453, 24.529510580766146, 24.527490960649263, 24.525469143992453, 24.523445134507096, 24.521418935870233, 24.519390551726392, 24.51735998568738, 24.51532724133182, 24.513292322204673, 24.51125523181836, 24.509215973652875, 24.507174551150964, 24.505130967719314, 24.50308522674901, 24.50103733158901, 24.498987285554666, 24.496935091928545, 24.49488075396082, 24.492824274869783, 24.490765657840054, 24.48870490602454, 24.48664202254347, 24.48457701048484, 24.482509872887647, 24.480440612014014, 24.478369230434996, 24.47629573110063, 24.474220116927906, 24.47214239080087, 24.470062555571033, 24.467980614056934, 24.465896569044222, 24.46381042328584, 24.461722179502225, 24.45963184038103, 24.457539408577073, 24.45544488671286, 24.453348277378268, 24.451249583130515, 24.449148806494374, 24.447045949962217, 24.444941015993933, 24.442834007017083, 24.44072492542655, 24.438613773585317, 24.43650055382379, 24.434385268440135, 24.432267919700294, 24.430148509837945, 24.428027041055234, 24.425903515521103, 24.4237779353732, 24.421650302716976, 24.419520619625608, 24.417388888140263, 24.415255110270653, 24.41311928799382, 24.41098142325546, 24.408841517969112, 24.406699574016827, 24.40455559324846, 24.40240957748224, 24.400261528504597, 24.398111448064686, 24.3959593378627, 24.39380519958394, 24.391649034884434, 24.38949084538871, 24.387330632689235, 24.385168398347165, 24.383004143892233, 24.38083787082269, 24.378669580605127, 24.376499274674813, 24.37432695443565, 24.37215262125992, 24.36997627648882, 24.36779792143209, 24.36561755736812, 24.36343518554411, 24.361250807175747, 24.359064423447865, 24.356876035513743, 24.354685644495554, 24.352493251484244, 24.350298857539887, 24.34810246369091, 24.34590407093515, 24.343703680239038, 24.341501292537963, 24.339296908736348, 24.33709052970498, 24.334882156286202, 24.332671789291805, 24.330459429502188, 24.328245077666953, 24.32602873450463, 24.32381040070269, 24.321590076917946, 24.319367763776096, 24.317143461871897, 24.31491717176937, 24.312688894001493, 24.31045862907032, 24.308226377447305, 24.305992139572883, 24.303755915856925, 24.301517706678386, 24.299277512385274, 24.297035333295174, 24.294791169695085, 24.292545021840905, 24.290296889957993, 24.288046774240737, 24.28579467485288, 24.283540591927302, 24.281284525566093, 24.279026475840514, 24.276766442791313, 24.27450442642828, 24.272240426730374, 24.26997444364594, 24.267706477086396, 24.26543652693942, 24.263164593062992, 24.260890675282795, 24.25861477339296, 24.256336886567716, 24.254057013455018, 24.25177515372932, 24.24949130705637, 24.247205473048577, 24.24491765122684, 24.242627841284037, 24.240336042757722, 24.23804225515317, 24.235746477943902, 24.23344871057162, 24.231148952445754, 24.228847202944255, 24.226543461412724, 24.224237727164788, 24.221929999482256, 24.219620277614492, 24.21730856077916, 24.21499484816172, 24.212679138915348, 24.210361432161143, 24.208041726988245, 24.205720022453054, 24.203396317580005, 24.201070611360798, 24.198742902755427, 24.196413190691388, 24.194081474067584, 24.19174775175029]