Model Setup for Atypical Patient 11:
ITERS=3000
LEARNING_RATE=0.001
OPT_RESET=500
ATOL=1e-09
RTOL=1e-07
METHOD=dopri5
Input channels=2
Hidden channels=11
Output channels=2
Runtime=191.79056119918823
Optimizer=Adam (
Parameter Group 0
    amsgrad: False
    betas: (0.9, 0.999)
    capturable: False
    differentiable: False
    eps: 1e-08
    foreach: None
    fused: None
    lr: 0.001
    maximize: False
    weight_decay: 0
)Loss over time=[938.7191334788793, 906.836674546701, 875.5458917563982, 844.8585939137942, 814.784915336853, 785.332568802858, 756.5070231811925, 728.3130788348888, 700.7557343643317, 673.8398419105347, 647.569608000796, 621.9482875742982, 596.9780766292529, 572.6600670491227, 548.9942520608506, 525.9795201783515, 503.61364956627784, 481.89342236785075, 460.8146437629044, 440.3722484005462, 420.5604030869104, 401.3725678814844, 382.80159465435844, 364.83973952431376, 347.4786779205832, 330.7094830864634, 314.5226097981027, 298.90788728949826, 283.8545400498386, 269.3512265435568, 255.3861133189922, 241.9469662906281, 229.02125016537957, 216.59625096521867, 204.65917095148944, 193.19723073771138, 182.19778132632317, 171.64840433529068, 161.53687828795557, 151.8514063285823, 142.58047576268703, 133.7130490821106, 125.23849715110364, 117.14662936481949, 109.42769767511945, 102.0723943848942, 95.07176113312693, 88.41725313634255, 82.10066300930583, 76.11404251524945, 70.44968947862937, 65.10003562782916, 60.057574726485335, 55.314761010452905, 50.863895829020024, 46.69700982031887, 42.80573040783769, 39.181262754274115, 35.81426450302918, 32.694846803349044, 29.81268318566606, 27.15699346851428, 24.7167019589378, 22.480558646316556, 20.437264155706046, 18.575580520694107, 16.884424662533373, 15.352953799531566, 13.970614889865821, 12.727190719537246, 11.61281937863442, 10.61801451542003, 9.73367489385135, 8.951089541119375, 8.26193811864029, 7.658288752056933, 7.132597719164247, 6.677706565938453, 6.286839495623354, 5.953600749885926, 5.67197143893782, 5.436306540037058, 5.24133139223787, 5.082137491957615, 4.954177419383683, 4.85325882826062, 4.775537318617314, 4.7175079822137, 4.675995603169577, 4.6481433937383025, 4.6314006402478425, 4.623508838121075, 4.622486608046758, 4.626613574630725, 4.634413339511809, 4.644635743740694, 4.656238633595562, 4.668369355767916, 4.680346211900167, 4.691640099025496, 4.701856552030227, 4.710718387733168, 4.718049128524695, 4.723757357987931, 4.727822132775349, 4.730279545510509, 4.731210503822821, 4.730729761851178, 4.728976213570418, 4.726104432801916, 4.722277423268333, 4.717660523860499, 4.712416399548082, 4.706701037066856, 4.700660656532152, 4.6944294452257145, 4.688128017682228, 4.681862506524722, 4.675724190885189, 4.669789573336754, 4.664120821687154, 4.658766498389289, 4.653762507408531, 4.64913319586007, 4.644892555356454, 4.641045475560894, 4.6375890097645645, 4.634513619283561, 4.631804369957552, 4.629442059995922, 4.627404263794834, 4.625666281109928, 4.624201985130394, 4.6229845665658, 4.621987173835115, 4.6211834519005786, 4.620547984232291, 4.620056643886927, 4.61968686076812, 4.61941781286907, 4.619230549714948, 4.619108056382903, 4.619035266412326, 4.618999031678594, 4.618988056919849, 4.618992806116804, 4.619005387360044, 4.619019422215906, 4.619029904960494, 4.619033056389037, 4.619026176259219, 4.619007497794968, 4.61897604707453, 4.6189315095611105, 4.618874105513485, 4.618804475536123, 4.618723577105754, 4.618632592531989, 4.618532848485539, 4.618425746949651, 4.618312707220953, 4.618195118398469, 4.618074301656833, 4.617951481492635, 4.617827765060656, 4.617704128678077, 4.6175814105573485, 4.617460308841542, 4.617341384042615, 4.617225065029734, 4.617111657770978, 4.61700135610056, 4.61689425385508, 4.6167903578040175, 4.6166896008723, 4.616591855236785, 4.616496944951806, 4.616404657831629, 4.616314756382164, 4.616226987641975, 4.616141091838852, 4.616056809824252, 4.615973889281127, 4.615892089741971, 4.615811186476388, 4.615730973329813, 4.615651264611145, 4.6155718961366725, 4.615492725542207, 4.615413631977052, 4.615334515292335, 4.615255294829992, 4.615175907911914, 4.6150963081211875, 4.615016463456208, 4.614936354429741, 4.614855972172635, 4.614775316593492, 4.614694394633066, 4.614613218646151, 4.614531804930599, 4.614450172419725, 4.614368341544755, 4.6142863332671835, 4.614204168280922, 4.614121866373077, 4.614039445934598, 4.613956923608175, 4.613874314057106, 4.613791629841843, 4.613708881386437, 4.613626077021336, 4.613543223085508, 4.6134603240759615, 4.613377382829425, 4.613294400727072, 4.6132113779090735, 4.613128313493277, 4.613045205788395, 4.612962052496703, 4.612878850901833, 4.612795598037828, 4.612712290838093, 4.612628926261863, 4.612545501399333, 4.61246201355533, 4.6123784603113025, 4.612294839569746, 4.612211149580679, 4.6121273889530325, 4.6120435566539095, 4.611959651995613, 4.611875674616073, 4.611791624451769, 4.6117075017059, 4.611623306815153, 4.611539040413755, 4.611454703298476, 4.611370296395106, 4.611285820726007, 4.611201277381051, 4.611116667491502, 4.611031992207441, 4.610947252678326, 4.610862450037198, 4.6107775853889414, 4.610692659800339, 4.6106076742939015, 4.6105226298445166, 4.61043752737725, 4.610352367768311, 4.610267151845874, 4.610181880394129, 4.6100965541562156, 4.61001117383864, 4.609925740116507, 4.609840253637548, 4.609754715027173, 4.609669124892769, 4.609583483827861, 4.609497792415549, 4.609412051232002, 4.60932626084847, 4.609240421834412, 4.609154534758295, 4.609068600189447, 4.608982618698429, 4.608896590857612, 4.608810517241259, 4.608724398425249, 4.608638234986877, 4.608552027504242, 4.608465776555361, 4.60837948271758, 4.608293146566859, 4.608206768676834, 4.608120349618143, 4.608033889957767, 4.607947390258122, 4.60786085107695, 4.607774272966338, 4.607687656472799, 4.607601002136598, 4.607514310491684, 4.607427582065653, 4.607340817379387, 4.6072540169472775, 4.607167181277277, 4.607080310870821, 4.6069934062229905, 4.6069064678226495, 4.606819496152661, 4.606732491689925, 4.606645454905554, 4.606558386265344, 4.606471286229147, 4.606384155251897, 4.606296993783192, 4.606209802267471, 4.6061225811444215, 4.606035330848371, 4.60594805180908, 4.605860744451534, 4.605773409195728, 4.605686046457036, 4.605598656646133, 4.605511240168782, 4.605423797426284, 4.605336328814981, 4.605248834726736, 4.605161315548568, 4.605073771662827, 4.604986203447016, 4.604898611274265, 4.604810995512757, 4.604723356525977, 4.604635694672858, 4.604548010307605, 4.604460303779647, 4.604372575434227, 4.604284825611351, 4.604197054646954, 4.6041092628722025, 4.604021450613683, 4.6039336181935075, 4.603845765929436, 4.603757894134659, 4.603670003117871, 4.6035820931835705, 4.603494164631713, 4.60340621775803, 4.603318252853932, 4.603230270206266, 4.603142270098287, 4.603054252808295, 4.602966218610935, 4.602878167776387, 4.602790100570661, 4.602702017255785, 4.60261391808958, 4.6025258033259, 4.6024376732145535, 4.602349528001194, 4.60226136792743, 4.6021731932310095, 4.602085004145844, 4.601996800901696, 4.6019085837245335, 4.601820352836166, 4.60173210845494, 4.601643850795278, 4.601555580067299, 4.601467296478213, 4.601379000230539, 4.601290691523668, 4.6012023705529765, 4.601114037510222, 4.60102569258346, 4.600937335957126, 4.6008489678119755, 4.600760588325221, 4.600672197670319, 4.60058379601748, 4.600495383532951, 4.600406960379842, 4.600318526717513, 4.600230082702018, 4.600141628485827, 4.600053164218144, 4.599964690044601, 4.599876206107459, 4.599787712545689, 4.599699209495023, 4.599610697087655, 4.599522175452601, 4.599433644715566, 4.5993451049990774, 4.599256556422324, 4.599167999101457, 4.5990794331492815, 4.598990858675325, 4.598902275786366, 4.598813684585742, 4.598725085173778, 4.598636477647667, 4.598547862101703, 4.598459238626844, 4.59837060731141, 4.598281968240503, 4.598193321496109, 4.598104667157644, 4.598016005301267, 4.59792733600034, 4.597838659325347, 4.5977499753439, 4.5976612841205835, 4.597572585717502, 4.597483880193555, 4.597395167605143, 4.597306448005756, 4.597217721446123, 4.59712898797433, 4.597040247635605, 4.596951500472621, 4.596862746525319, 4.596773985831058, 4.596685218424257, 4.59659644433708, 4.596507663599024, 4.59641887623677, 4.59633008227456, 4.596241281734373, 4.596152474635245, 4.596063660993871, 4.595974840824459, 4.5958860141387206, 4.595797180946032, 4.595708341253161, 4.595619495064575, 4.595530642382154, 4.595441783205735, 4.595352917532543, 4.5952640453574025, 4.5951751666730605, 4.595086281469657, 4.594997389735225, 4.594908491455444, 4.594819586613872, 4.594730675191598, 4.594641757167592, 4.594552832518633, 4.5944639012192345, 4.59437496324177, 4.59428601855652, 4.5941970671315, 4.594108108932629, 4.59401914392371, 4.593930172066421, 4.5938411933204994, 4.593752207643312, 4.593663214990543, 4.593574215315479, 4.593485208569615, 4.593396194702421, 4.593307173661324, 4.593218145391686, 4.593129109837037, 4.593040066938934, 4.592951016636816, 4.592861958868513, 4.592772893569758, 4.592683820674304, 4.592594740114243, 4.592505651819704, 4.592416555718869, 4.5923274517381945, 4.592238339802318, 4.5921492198339315, 4.592060091754103, 4.591970955481965, 4.591881810935029, 4.5917926580289325, 4.591703496677451, 4.591614326793038, 4.59152514828588, 4.5914359610648665, 4.5913467650371365, 4.59125756010786, 4.591168346180804, 4.591079123158096, 4.59098989093992, 4.590900649425235, 4.590811398511075, 4.590722138092903, 4.590632868064688, 4.590543588318592, 4.5904542987455565, 4.590364999234591, 4.590275689673307, 4.590186369947731, 4.59009703994256, 4.590007699540528, 4.5899183486232, 4.58982898707056, 4.589739614761091, 4.5896502315716186, 4.589560837377903, 4.589471432053731, 4.5893820154718235, 4.589292587503258, 4.589203148017709, 4.589113696883497, 4.589024233967394, 4.588934759134892, 4.588845272250098, 4.588755773175535, 4.588666261772499, 4.588576737900847, 4.588487201419182, 4.588397652184584, 4.588308090052926, 4.677921443080825, 4.638801741070484, 4.660722086755301, 4.645271988166479, 4.601372475342258, 4.600593605635348, 4.629280304071117, 4.620803424118748, 4.586059955268234, 4.579032698464243, 4.601379228129972, 4.606955332045659, 4.585594757811157, 4.5701001078197185, 4.578112722743935, 4.589126422050753, 4.582991091372194, 4.569385452232111, 4.566012305868366, 4.571854811820322, 4.573607228620315, 4.567495478041812, 4.561357571530338, 4.560577652595014, 4.562245746451259, 4.561497863621185, 4.55771994675617, 4.553990807786909, 4.552957026137725, 4.553610921374235, 4.5524581426881845, 4.548765487419478, 4.545975098960817, 4.546080987970737, 4.546075693305102, 4.543277333297971, 4.540094972620267, 4.539420569197519, 4.5394018710164294, 4.537275614969679, 4.5344515208678216, 4.5333303928721405, 4.532850052536844, 4.531060834076542, 4.528751206019655, 4.527391633459187, 4.526427796577934, 4.524818941034826, 4.5229068879550605, 4.521385316793837, 4.520113496182291, 4.518627039003077, 4.516885906637454, 4.515237282614435, 4.513854396375733, 4.512409898463705, 4.510667526496526, 4.508989981759742, 4.507594718656968, 4.506070972551424, 4.504286220599754, 4.5026657916736985, 4.501219137953822, 4.499560292104352, 4.49779579670058, 4.4962181678523665, 4.494645366620953, 4.492901621309216, 4.491184423271104, 4.489561525884718, 4.48786571823016, 4.4860978887094465, 4.484373193752409, 4.482662023052475, 4.4808908631729825, 4.479090032945091, 4.477309436453835, 4.4755179159157, 4.473673299731614, 4.471814703039882, 4.469970811297367, 4.468088139857458, 4.46616064435471, 4.464241159600944, 4.462304477872034, 4.460315089590815, 4.458314709171995, 4.4563061733822344, 4.454249638528993, 4.452164689528872, 4.450068396899837, 4.447933042910598, 4.445760513583348, 4.443566575952086, 4.441337449184949, 4.439067206362204, 4.436765140660369, 4.434428245998884, 4.432048978444279, 4.429628337438407, 4.427168435417694, 4.424663947142236, 4.422111324833382, 4.419514475185458, 4.416869419077622, 4.414169332091425, 4.411417809963314, 4.408612863430077, 4.405747891155889, 4.40282515168978, 4.399842091056461, 4.396792050222765, 4.393676140869278, 4.390492696075933, 4.387236661377923, 4.383907215851715, 4.380501513986623, 4.377014940592559, 4.373445963912152, 4.36979256875157, 4.366050808275869, 4.3622175726676184, 4.358290122294374, 4.354264489807918, 4.350137620148069, 4.345907084698768, 4.341568573542822, 4.33711849763432, 4.332553929487151, 4.327870536643114, 4.323064829139766, 4.318133348360575, 4.313071840655855, 4.307876260689501, 4.302544429655861, 4.297071317148625, 4.29145304186844, 4.285685948932712, 4.279766562103606, 4.273691454452787, 4.267456957870471, 4.261059075527448, 4.254494366717556, 4.247760003136019, 4.240852970482112, 4.2337702416693945, 4.226508609937185, 4.2190650763022886, 4.211437340421815, 4.203623209148657, 4.195620384029774, 4.187426622244826, 4.179039916430358, 4.170458563923197, 4.161681139758662, 4.152706280383988, 4.143532754274232, 4.1341596387364845, 4.124586106999415, 4.114811456762097, 4.104835204168619, 4.0946571335869955, 4.084277204780236, 4.073695407840798, 4.062911752408211, 4.051926451325037, 4.040739976656234, 4.029352838532977, 4.01776551477155, 4.005978503596553, 3.9939923913480304, 3.9818077925231035, 3.969425280056227, 3.956845365864423, 3.944068545405735, 3.931095220220493, 3.91792564370553, 3.9045599567082445, 3.890998223405967, 3.8772403542910827, 3.863286063785189, 3.8491348937332037, 3.8347862453829857, 3.820239348813409, 3.8054932502222427, 3.7905468399803257, 3.7753988755270544, 3.7600479358582146, 3.7444925221720395, 3.72873103102059, 3.7127617844821077, 3.6965830403671096, 3.680193033566647, 3.663590017263786, 3.646772272558952, 3.6297381346507502, 3.612486040602631, 3.59501455143007, 3.577322370203801, 3.5594083798604292, 3.541271664057596, 3.5229115182797797, 3.5043274765031227, 3.4855193299758507, 3.4664871335755616, 3.447231225911946, 3.427752240791065, 3.408051100887414, 3.3881290457521205, 3.3679876355825886, 3.34762874878161, 3.3270546003734354, 3.306267744031541, 3.2852710775403438, 3.264067859189285, 3.242661704971748, 3.2210566091332127, 3.1992569490421587, 3.1772674955866336, 3.1550934307854006, 3.1327403436244925, 3.1102140818579556, 3.0875214321707687, 3.06466913837807, 3.0416645217016627, 3.0185154424725904, 2.995230088182778, 2.9718175634294357, 2.948287505765802, 2.924657015526175, 2.9009777171088253, 2.8776111139546248, 2.8574874571695745, 2.863094158573475, 2.998015963720917, 2.9970206247133575, 2.779048057353037, 2.955430283581049, 2.7509758836803644, 2.8822196971085274, 2.724164090246221, 2.830529020560269, 2.6954057940784213, 2.7847801184891754, 2.6673412731491157, 2.7433039007891575, 2.6442618108230707, 2.699463541997186, 2.625787475963893, 2.6564629622708975, 2.608268982374424, 2.615349014648117, 2.591052760716061, 2.5779228903207634, 2.571109666648082, 2.545738681390706, 2.5489515825689533, 2.517252796506004, 2.5247114957200103, 2.4921619064527323, 2.4992609817676263, 2.4687746075040953, 2.4736239839140244, 2.446343764330531, 2.448213347439592, 2.4243262478958134, 2.4234746330042025, 2.4023412806654743, 2.399387989422392, 2.3804533048276304, 2.376005813804862, 2.3585662045699647, 2.3531726025066546, 2.3368515816846642, 2.330813742532495, 2.3153232100942214, 2.3088169653480177, 2.294103403542223, 2.2871009561391538, 2.2732403675679946, 2.265603633695214, 2.252773677156279, 2.244303543581778, 2.232708509083148, 2.2232623505227993, 2.21294032658149, 2.202573246565991, 2.193360332261962, 2.182423804580359, 2.173799954399329, 2.1629148162185454, 2.154223455614154, 2.144022442695213, 2.134759825395527, 2.125523066967576, 2.1157299635895312, 2.1071006713468705, 2.0973670938645506, 2.088670740539936, 2.079589925555239, 2.0704950614428808, 2.0620342006011994, 2.0529403025657853, 2.044497648806983, 2.0359548559432636, 2.027280182390968, 2.0191391185899006, 2.0106872426234492, 2.002452991994604, 1.9944778963582799, 1.9862776002563154, 1.9783813622498947, 1.970593534935847, 1.9626920957699037, 1.9550662350039667, 1.9475117675646805, 1.9399053129461195, 1.9325217949901228, 1.9252282295410579, 1.91790913540457, 1.910755614734278, 1.9037280600667261, 1.896699023484057, 1.8897721773361844, 1.882994556300292, 1.876261119464528, 1.8695757996649094, 1.8630208371188977, 1.8565669355618815, 1.8501553642270372, 1.8438199111350644, 1.8375988211342635, 1.8314648776166065, 1.825388190701834, 1.8193831067342003, 1.8134761148546907, 1.8076599811209801, 1.8019116345839143, 1.796229289698978, 1.7906249909661272, 1.7851078349495604, 1.7796723969542334, 1.7743075262755192, 1.769010568041792, 1.76378325247068, 1.7586312164708657, 1.753555413463027, 1.7485538253770743, 1.7436236885105034, 1.7387614089804273, 1.7339667992675862, 1.7292381377502266, 1.724576660667904, 1.7199809322355883, 1.7154518805385583, 1.7109879387288878, 1.7065901904275806, 1.70225785827735, 1.697994637548914, 1.6938046716307442, 1.6897056328172242, 1.6857323377174032, 1.681989392336355, 1.6787265742472324, 1.6766744296145986, 1.67767860457161, 1.6870496027318274, 1.7147070394529231, 1.7750406967482186, 1.8121549163318145, 1.7526209298546627, 1.6520936738726448, 1.6960364770044523, 1.744375195601291, 1.6608707393977333, 1.656170795964811, 1.7069314978303274, 1.6509446934545424, 1.6422560010218212, 1.678709926684943, 1.6355348476263531, 1.6349174023667472, 1.6570877926832814, 1.6218943783136162, 1.6292413782733852, 1.6389816837343323, 1.6115819336914483, 1.6230899556929144, 1.623407622497679, 1.6039701680933456, 1.6157660482645921, 1.6102718676866485, 1.5978217268930244, 1.6074943634653325, 1.5994122113743798, 1.5921705884478994, 1.5989166960097914, 1.5904736252675653, 1.5865043272093031, 1.5905792656158524, 1.58295177509251, 1.5806902003627825, 1.5828067682856697, 1.5763789815484153, 1.5748004792927068, 1.5756729620187677, 1.570403779810887, 1.5689578116157021, 1.5691219505003102, 1.5648268160279246, 1.5632578520048015, 1.5630410655903986, 1.559538079623315, 1.557758126538758, 1.5573230386063017, 1.5544800511574315, 1.5524932631671566, 1.5518817907120086, 1.5496065801699919, 1.5474806095717475, 1.5466664495476798, 1.5448761370917294, 1.5427236727525833, 1.5416584386733128, 1.540244914947295, 1.5382049514361378, 1.5368702560679184, 1.5356815457874746, 1.5338796262877203, 1.5323299426210168, 1.5311861454796032, 1.5296768190993495, 1.5280498167945267, 1.5268056439102509, 1.5255294322374213, 1.5239919942010358, 1.5226114761824774, 1.521418866038959, 1.52006773392051, 1.5186435512049385, 1.5173992251884116, 1.5161934800414543, 1.514859828091773, 1.5135517461705676, 1.5123671092467157, 1.511165002066447, 1.5098915620050704, 1.508665001119054, 1.5075144749416316, 1.506342388173154, 1.505131966399337, 1.50396254841966, 1.5028437470783402, 1.501712315809735, 1.5005600513214146, 1.4994354837812325, 1.498348603069384, 1.4972614247718858, 1.4961611510115402, 1.4950767202691682, 1.494021784853085, 1.4929759433933283, 1.4919243940661717, 1.4908789932092164, 1.489854818814043, 1.4888460943768225, 1.4878389552079954, 1.4868337824850817, 1.4858408042233002, 1.4848637838109051, 1.483895867416634, 1.4829308748914765, 1.481971761180688, 1.4810240698448376, 1.4800883891349828, 1.479160496784331, 1.4782373151544776, 1.4773206808878343, 1.4764135079579341, 1.4755163067522852, 1.474626954583532, 1.4737433948495444, 1.4728660829087479, 1.471996459911334, 1.4711354097900768, 1.4702822557064679, 1.469435653724638, 1.4685951649913833, 1.467761084589618, 1.4669342030363142, 1.4661146920212553, 1.465302114464386, 1.4644959184649076, 1.4636956847481288, 1.462901591805088, 1.4621138295433915, 1.46133251818395, 1.460557698290497, 1.4597889877987165, 1.459026170273885, 2.8840245567120815, 1.576648177632157, 2.685407878722598, 2.211804298825767, 1.4936620126971638, 1.704272954965821, 2.139632196637297, 1.9095088445089123, 1.5084660460943267, 1.5162579895425503, 1.7784035905517712, 1.838828714884088, 1.6352546920274187, 1.459108046809157, 1.5183253926683724, 1.6710641642035378, 1.6646351614732462, 1.521982115974952, 1.4503786671227776, 1.5189439785759722, 1.596025936029424, 1.566328221698702, 1.4788144932181557, 1.452919530033978, 1.5070342977380962, 1.5429105889750026, 1.5045138747164548, 1.4542651753608236, 1.4607645524300046, 1.4988278218718323, 1.5031500028541103, 1.4689497485283878, 1.4486414535041818, 1.4666197480172478, 1.4857401398274848, 1.472981779048645, 1.4507372810617762, 1.4525325802072497, 1.468703675741785, 1.4690609258866651, 1.4535781531968899, 1.447601742567815, 1.4573854188192106, 1.4623955478465676, 1.4534484422899052, 1.4464493181485083, 1.4513914625422468, 1.4564954097053417, 1.4518364667008858, 1.4459076088717782, 1.4481020256278876, 1.452136897420308, 1.4495398578025966, 1.4451678823129408, 1.4462798209048418, 1.4490503205921514, 1.4473707513588712, 1.4443160579223273, 1.4450156366764804, 1.4468101551001122, 1.445456318158695, 1.4434060344645825, 1.4440320721857658, 1.4450421334336492, 1.4438291604712248, 1.4425379295199958, 1.4431213377859553, 1.4435425937581838, 1.4424467027970294, 1.4417424014944518, 1.4422350516686746, 1.4421999680386142, 1.4412869297562276, 1.4409962282792732, 1.441306391564716, 1.4409699352400254, 1.4403018283692726, 1.4402581105796224, 1.4403279910976978, 1.4398579246463903, 1.4394529260280875, 1.4394788143030413, 1.439320925280161, 1.4388703180233982, 1.438672055280778, 1.4386305229719936, 1.4383285930472935, 1.4379948761577581, 1.4378900314126815, 1.4377248830486473, 1.4373972613386412, 1.437187613294581, 1.4370635624765542, 1.436807248177936, 1.4365398293501916, 1.4363873519591979, 1.436192168705306, 1.435923654766386, 1.4357265195885047, 1.4355555122066077, 1.435313722010954, 1.4350873016830525, 1.4349117643894078, 1.434697317534259, 1.4344627153340108, 1.434271692470318, 1.434073448909498, 1.4338441004709888, 1.4336391307980698, 1.4334459233393195, 1.4332262250961434, 1.433013402556885, 1.4328185470794699, 1.4326073265614936, 1.4323921397645814, 1.4321933291073363, 1.4319875692588175, 1.4317734072844812, 1.4315709851975529, 1.4313679559487618, 1.4311561603338523, 1.4309513547067545, 1.4307492587420112, 1.4305399548970539, 1.4303340495886838, 1.4301320195008829, 1.4299248083061329, 1.4297187181852786, 1.4295164821880728, 1.429310874193687, 1.429105178362148, 1.4289027916594916, 1.4286983711122103, 1.428493336831765, 1.4282909473143752, 1.4280874330467495, 1.4278831906329381, 1.4276809926038376, 1.4274782256671794, 1.4272747980303557, 1.427072933879176, 1.4268708306405282, 1.4266682199395375, 1.4264668170144335, 1.426265350845155, 1.4260635360472371, 1.4258626723042616, 1.4256618427625165, 1.4254608186197202, 1.4252605238651463, 1.4250603495026586, 1.4248601043541635, 1.4246604986694722, 1.4244609990424855, 1.4242615356435324, 1.4240626173776951, 1.4238638186086818, 1.4236651362003463, 1.423466926584875, 1.4232688517796328, 1.4230709597232212, 1.4228734843888324, 1.4226761568141904, 1.4224790588581255, 1.4222823329907137, 1.4220857742341189, 1.4218894815960899, 1.4216935247970817, 1.4214977535056161, 1.4213022703199405, 1.421107095170147, 1.4209121286715045, 1.4207174644799503, 1.4205230869976824, 1.4203289387583362, 1.4201350973723572, 1.4199415297042097, 1.4197482128328074, 1.4195552022522355, 1.4193624576575845, 1.419169980309739, 1.4189778043737447, 1.4187858940018196, 1.4185942648587746, 1.4184029306686592, 1.4182118644843138, 1.4180210874884331, 1.417830599645291, 1.4176403863327443, 1.4174504666141532, 1.4172608314569783, 1.4170714768285304, 1.4168824161736255, 1.4166936387227467, 1.4165051480180908, 1.4163169496893817, 1.41612903464507, 1.4159414098235936, 1.4157540752675921, 1.4155670264525055, 1.4153802696633164, 1.41519380114761, 1.415007620452966, 1.4148217315007408, 1.4146361303687016, 1.4144508191730922, 1.4142657984454556, 1.4140810654755198, 1.4138966230706396, 1.4137124699809371, 1.4135286055699507, 1.4133450313536764, 1.4131617452510274, 1.4129787479808313, 1.4127960397685257, 1.4126136192822047, 1.412431487420799, 1.4122496431429032, 1.4120680859888515, 1.4118868164174179, 1.4117058333130956, 1.4115251367902493, 1.411344726366468, 1.411164601185674, 1.4109847614123203, 1.4108052062481655, 1.4106259353139747, 1.410446948256156, 1.410268244177543, 1.4100898228882515, 1.409911683755366, 1.4097338261633465, 1.4095562496873084, 1.409378953471704, 1.409201937063939, 1.4090251998589691, 1.4088487411380393, 1.408672560354828, 1.4084966566802084, 1.4083210294933786, 1.4081456781465211, 1.4079706018679958, 1.407795799999415, 1.407621271708243, 1.4074470162670873, 1.4072730329617202, 1.4070993209803861, 1.4069258795744028, 1.4067527078879316, 1.4065798051207206, 1.406407170491107, 1.4062348031493215, 1.4060627022758558, 1.4058908669829904, 1.4057192964162868, 1.4055479897345273, 1.4053769460509915, 1.405206164490018, 1.4050356441309455, 1.4048653840758503, 1.4046953834331626, 1.404525641281217, 1.4043561566988003, 1.4041869287345223, 1.4040179564536515, 1.403849238899458, 1.403680775106405, 1.4035125641173896, 1.403344604955555, 1.4031768966572569, 1.403009438256034, 1.402842228771882, 1.4026752672170522, 1.4025085525917584, 1.4023420839062497, 1.402175860166028, 1.4020098803672072, 1.4018441434973947, 1.4016786485381652, 1.4015133944780513, 1.4013483803002877, 1.4011836049811555, 1.4010190674892078, 1.40085476679121, 1.4006907018581758, 1.400526871656165, 1.4003632751456518, 1.4001999112813066, 1.4000367790185482, 1.3998738773149604, 1.3997112051238174, 1.3995487613939412, 1.3993865450704994, 1.3992245551008666, 1.3990627904328399, 1.3989012500109188, 1.398739932776085, 1.3985788376680028, 1.398417963628682, 1.39825730959988, 1.3980968745207594, 1.3979366573282614, 1.3977766569597985, 1.3976168723549451, 1.3974573024525905, 1.397297946189913, 1.397138802503273, 1.3969798703308078, 1.3968211486121043, 1.3966626362862913, 1.3965043322916744, 1.3963462355672036, 1.3961883450539316, 1.3960306596941405, 1.3958731784300118, 1.3957159002038997, 1.3955588239598309, 1.395401948644111, 1.395245273204107, 1.3950887965876788, 1.3949325177437908, 1.3947764356239551, 1.394620549181656, 1.3944648573717267, 1.3943093591500597, 1.394154053474634, 1.393998939306243, 1.393844015607617, 1.3936892813430684, 1.3935347354788012, 1.3933803769837798, 1.3932262048297914, 1.3930722179906485, 1.3929184154421461, 1.392764796162867, 1.3926113591343243, 1.3924581033408905, 1.3923050277692077, 1.3921521314085117, 1.39199941325127, 1.3918468722931288, 1.3916945075324487, 1.3915423179703854, 1.3913903026112657, 1.3912384604627988, 1.3910867905359863, 1.3909352918447342, 1.3907839634069512, 1.3906328042519633, 1.3904818134062475, 1.3903309898971619, 1.3901803327373305, 1.3900298409222265, 1.3898795134890323, 1.389729349479956, 1.389579347814468, 1.389429507741909, 1.3892798282349594, 1.3891303083514492, 1.3889809471529992, 1.3888317437049067, 1.3886826970763364, 1.388533806340495, 1.3883850705743999, 1.3882364888589491, 1.3880880602789871, 1.3879397839234335, 1.3877916588853838, 1.3876436842617597, 1.3874958591535884, 1.387348182666157, 1.3872006539088373, 1.3870532719952053, 1.386906036042876, 1.3867589451738473, 1.3866119985142846, 1.3864651951947229, 1.386318534349802, 1.3861720151185575, 1.3860256366443613, 1.3858793980749438, 1.385733298562379, 1.3855873372630563, 1.385441513337841, 1.3852958259519648, 1.3851502742751438, 1.3850048574814116, 1.3848595747493588, 1.3847144252620196, 1.3845694082068825, 1.3844245227759342, 1.384279768165628, 1.3841351435769844, 1.3839906482155375, 1.3838462812912609, 1.3837020420187551, 1.3835579296171026, 1.3834139433099628, 1.3832700823255584, 1.3831263458966316, 1.3829827332604923, 1.3828392436590566, 1.3826958763387815, 1.382552630550711, 1.3824095055504093, 1.3822665005981023, 1.3821236149585587, 1.3819808479010898, 1.381838198699635, 1.3816956666327045, 1.381553250983384, 1.381410951039292, 1.3812687660926894, 1.3811266954403858, 1.3809847383837488, 1.3808428942286797, 1.3807011622857654, 1.38055954187, 1.3804180323010227, 1.3802766329029679, 1.380135343004592, 1.3799941619390854, 1.3798530890442806, 1.379712123662402, 1.3795712651402732, 1.3794305128292694, 1.3792898660851678, 1.3791493242683004, 1.3790088867434398, 1.3788685528798648, 1.3787283220513316, 1.378588193636005, 1.3784481670164703, 1.3783082415799315, 1.3781684167177028, 1.3780286918257973, 1.3778890663044872, 1.3777495395584618, 1.3776101109967767, 1.3774707800328452, 1.3773315460844187, 1.377192408573636, 1.377053366926954, 1.3769144205750672, 1.3767755689530021, 1.376636811500109, 1.3764981476599774, 1.3763595768804149, 1.3762210986135008, 1.3760827123154655, 1.3759444174469024, 1.3758062134724625, 1.3756680998609718, 1.3755300760854394, 1.3753921416230523, 1.375254295955077, 1.3751165385668793, 1.3749788689479703, 1.3748412865918178, 1.3747037909960906, 1.3745663816624136, 1.3744290580964256, 1.3742918198078065, 1.3741546663101245, 1.3740175971210307, 1.373880611762054, 1.3737437097586958, 1.373606890640278, 1.3734701539400882, 1.373333499195243, 1.3731969259467396, 1.3730604337393908, 1.3729240221218026, 1.372787690646383, 1.372651438869329, 1.3725152663505045, 1.3723791726536334, 1.3722431573460865, 1.372107219998834, 1.3719713601866392, 1.3718355774878974, 1.371699871484555, 1.3715642417622609, 1.3714286879101532, 1.3712932095209434, 1.3711578061909464, 1.3710224775199809, 1.370887223111341, 1.3707520425717699, 1.3706169355116051, 1.370481901544376, 1.3703469402872352, 1.3702120513606677, 1.3700772343884569, 1.369942488997868, 1.3698078148193285, 1.369673211486725, 1.369538678637052, 1.3694042159107427, 1.369269822951379, 1.5600304286547741, 2.5854737215833907, 1.5077908353290566, 1.724173244081445, 2.0105968757969594, 1.4915048273415337, 1.4306220315949512, 1.7439836916590303, 1.6939620483737725, 1.4199570705345934, 1.4040452847464688, 1.5968646035273173, 1.5800131055608049, 1.4046723025754082, 1.3823440893515155, 1.4993018579209108, 1.5184766548553197, 1.4141065307485698, 1.3655973355076436, 1.4340771553315543, 1.471415178940623, 1.408685927441295, 1.3638221967161632, 1.401840199562949, 1.4355698270098889, 1.402400605085759, 1.364588914645953, 1.3833977992601518, 1.411272687031831, 1.3918006462053123, 1.364520096758016, 1.3763306460049312, 1.3954063548568352, 1.3828644591019663, 1.3641668692654605, 1.372440302390833, 1.3851754796444893, 1.3749702885397441, 1.3634458230768587, 1.3711728446345015, 1.3780624858744144, 1.3693126982637336, 1.3633359733572727, 1.37024888809043, 1.3726756532520854, 1.3653114991400914, 1.3639157833732978, 1.3693159690152297, 1.3682847706981682, 1.3632643933710755, 1.364712843176819, 1.367729601264577, 1.3649146603334172, 1.3627533232784774, 1.3652304547474312, 1.3656074636972455, 1.3629374621610713, 1.3631737235876977, 1.3648446657008761, 1.3635350317311044, 1.3623410687242286, 1.3635782779868297, 1.3636469768094204, 1.3622684133014369, 1.3625643680150934, 1.3632507840424184, 1.3623646670530525, 1.3619987068358779, 1.3626596066590067, 1.362339970517475, 1.3617328930592076, 1.3621098585087934, 1.3621512608858826, 1.3615913551552359, 1.361686806002455, 1.3618703041695124, 1.3614642638302341, 1.3613750584563198, 1.3615653552730422, 1.3613083253658123, 1.3611350769942419, 1.3612734647438964, 1.3611231828361527, 1.3609289231959447, 1.3610069544580332, 1.3609186854159045, 1.3607356077264932, 1.3607642319364823, 1.360705862075882, 1.3605442933408198, 1.3605385358283362, 1.360490863812514, 1.3603509724758596, 1.3603237949118483, 1.3602768724077372, 1.3601551480476537, 1.360115293875699, 1.360064880522238, 1.359957108515492, 1.3599100681247094, 1.3598546632329502, 1.3597573592263528, 1.3597060482991297, 1.359645672116269, 1.3595562672979418, 1.3595021884227338, 1.3594374131115778, 1.3593541189469567, 1.3592977679578306, 1.359229412397324, 1.359150938923868, 1.3590923562523647, 1.3590213358101007, 1.3589466810169233, 1.3588857003417183, 1.358812962379995, 1.3587412483187804, 1.3586777094054314, 1.3586041533571143, 1.358534470338845, 1.3584683432394973, 1.358394743568634, 1.3583261864429446, 1.3582576737645309, 1.3581845943934352, 1.3581162685130541, 1.3580458026484392, 1.3579735127722175, 1.357904664433576, 1.3578328434120783, 1.3577612779422448, 1.357691389326719, 1.357618847535126, 1.3575476790382026, 1.3574765628838692, 1.3574038072834573, 1.3573325522390265, 1.357260324958319, 1.3571876155506817, 1.3571158323976347, 1.3570428129860586, 1.3569701210379574, 1.3568975467867068, 1.356824082426665, 1.3567511857108658, 1.3566778057652926, 1.3566041066302947, 1.3565307321496511, 1.356456711331967, 1.356382792159072, 1.3563087809204941, 1.356234322400879, 1.35616004604692, 1.3560854026677658, 1.3560106177571072, 1.3559358348719934, 1.3558606748767295, 1.3557855359420763, 1.3557101846847415, 1.3556346190430373, 1.3555590326162783, 1.3554831588442713, 1.3554072102643593, 1.3553311088742683, 1.3552547930679788, 1.3551784140685508, 1.3551018085983666, 1.3550250852088532, 1.3549482238286075, 1.3548711670330678, 1.3547940148808708, 1.3547166705911344, 1.3546391930506276, 1.3545615772039143, 1.3544837847365434, 1.3544058772663823, 1.3543277964964018, 1.3542495788431053, 1.3541712197122353, 1.354092698523161, 1.3540140512404584, 1.3539352420593347, 1.3538562963477796, 1.3537772070272187, 1.3536979663483097, 1.3536185934895568, 1.3535390669621779, 1.3534594051432334, 1.3533795994995037, 1.3532996503304977, 1.3532195658696122, 1.353139334617591, 1.3530589691603747, 1.3529784614923852, 1.3528978159609133, 1.3528170340919532, 1.3527361115026837, 1.3526550555505723, 1.3525738604389281, 1.352492531415997, 1.352411066713618, 1.3523294665102499, 1.3522477338747516, 1.352165865993147, 1.3520838669179949, 1.3520017342742603, 1.3519194703357207, 1.3518370754284712, 1.3517545493735141, 1.3516718942102073, 1.3515891086187928, 1.3515061949613374, 1.3514231526010752, 1.3513399828052162, 1.3512566859976938, 1.3511732623206196, 1.351089713182548, 1.3510060383099431, 1.3509222391016764, 1.3508383154176482, 1.3507542682685245, 1.3506700981584057, 1.3505858055667284, 1.3505013913213306, 1.3504168555860898, 1.3503321993902364, 1.3502474229786903, 1.3501625271942377, 1.3500775124079711, 1.3499923792530601, 1.3499071283870132, 1.3498217602758642, 1.349736275628174, 1.349650674817627, 1.349564958602427, 1.3494791274387075, 1.3493931819829135, 1.3493071227216575, 1.3492209502324586, 1.3491346651251093, 1.3490482679201443, 1.348961759222172, 1.3488751395072627, 1.348788409412674, 1.3487015694507625, 1.3486146202118658, 1.348527562199943, 1.3484403959825175, 1.3483531221201095, 1.3482657411523156, 1.348178253625161, 1.3480906600530513, 1.348002961010205, 1.3479151570189527, 1.3478272486288154, 1.3477392363454084, 1.3476511207194928, 1.34756290228011, 1.3474745815592257, 1.3473861590702894, 1.3472976353353099, 1.347209010887204, 1.3471202862426113, 1.3470314619175914, 1.3469425384165805, 1.3468535162646684, 1.3467643959710278, 1.346675178045807, 1.346585862985393, 1.3464964513008573, 1.3464069434964825, 1.346317340073127, 1.3462276415223384, 1.346137848340882, 1.3460479610269638, 1.3459579800723225, 1.3458679059629568, 1.3457777391838348, 1.34568748022497, 1.3455971295697113, 1.3455066876972923, 1.3454161550831671, 1.345325532207679, 1.3452348195462884, 1.3451440175706748, 1.3450531267479797, 1.3449621475484874, 1.3448710804399364, 1.3447799258858966, 1.3446886843457462, 1.3445973562801807, 1.3445059421487753, 1.3444144424070064, 1.3443228575065405, 1.3442311878990452, 1.344139434035695, 1.3440475963639216, 1.3439556753277233, 1.3438636713700973, 1.343771584933801, 1.3436794164583314, 1.3435871663797994, 1.3434948351330156, 1.3434024231523853, 1.3433099308694056, 1.3432173587124703, 1.3431247071082941, 1.3430319764830378, 1.342939167260325, 1.3428462798609264, 1.3427533147035353, 1.3426602722063221, 1.342567152785085, 1.3424739568528352, 1.342380684820652, 1.3422873370986983, 1.3421939140951011, 1.3421004162152028, 1.3420068438625454, 1.3419131974394547, 1.341819477346414, 1.3417256839812788, 1.3416318177400495, 1.3415378790175168, 1.3414438682065575, 1.341349785697567, 1.341255631879182, 1.3411614071387452, 1.341067111861626, 1.3409727464309316, 1.3408783112280107, 1.34078380663277, 1.3406892330233344, 1.3405945907755188, 1.3404998802634531, 1.3404051018599226, 1.34031025593568, 1.3402153428594525, 1.3401203629983434, 1.3400253167179084, 1.3399302043818526, 1.339835026351841, 1.3397397829880022, 1.3396444746488456, 1.339549101691005, 1.339453664469376, 1.3393581633369964, 1.339262598645539, 1.3391669707448248, 1.3390712799826845, 1.3389755267056234, 1.3388797112583268, 1.3387838339838414, 1.3386878952233303, 1.3385918953164702, 1.3384958346013638, 1.3383997134141914, 1.3383035320895995, 1.3382072909605958, 1.3381109903586745, 1.3380146306134295, 1.3379182120529285, 1.3378217350036816, 1.3377251997905977, 1.3376286067368457, 1.337531956163992, 1.3374352483921388, 1.3373384837397126, 1.3372416625234635, 1.3371447850586653, 1.337047851658992, 1.3369508626365412, 1.3368538183017553, 1.336756718963653, 1.3366595649296038, 1.3365623565054123, 1.3364650939953866, 1.336367777702259, 1.3362704079272658, 1.336172984970062, 1.3360755091287546, 1.3359779806999728, 1.3358803999788846, 1.33578276725902, 1.335685082832487, 1.335587346989868, 1.3354895600202292, 1.3353917222112215, 1.3352938338489133, 1.335195895217938, 1.3350979066014426, 1.3349998682810869, 1.3349017805371304, 1.3348036436482926, 1.3347054578918607, 1.334607223543709, 1.3345089408782198, 1.3344106101683197, 1.3343122316855784, 1.334213805699985, 1.3341153324803023, 1.3340168122936935, 1.333918245406013, 1.3338196320816116, 1.3337209725835308, 1.333622267173286, 1.3335235161111305, 1.3334247196558129, 1.333325878064633, 1.3332269915937573, 1.3331280604977074, 1.333029085029712, 1.3329300654416742, 1.3328310019840506, 1.3327318949060174, 1.3326327444553174, 1.3325335508783276, 1.332434314420116, 1.3323350353243864, 1.3322357138335426, 1.332136350188543, 1.3320369446291436, 1.3319374973935991, 1.331838008719006, 1.331738478841058, 1.3316389079940707, 1.3315392964111983, 1.3314396443241214, 1.3313399519633138, 1.3312402195578803, 1.3311404473356874, 1.3310406355232385, 1.3309407843457886, 1.3308408940273042, 1.330740964790357, 1.3306409968564197, 1.3305409904455667, 1.3304409457765685, 1.330340863067091, 1.3302407425333664, 1.330140584390453, 1.3300403888520966, 1.3299401561308877, 1.3298398864380019, 1.3297395799835496, 1.3296392369762458, 1.3295388576236677, 1.329438442132111, 1.3293379907066307, 1.3292375035510788, 1.3291369808680527, 1.3290364228589442, 1.3289358297239178, 1.328835201661959, 1.3287345388707525, 1.3286338415468888, 1.3285331098856494, 1.3284323440811578, 1.3283315443263275, 1.3282307108128957, 1.328129843731399, 1.3280289432711885, 1.327928009620418, 1.3278270429659929, 1.3277260434938067, 1.3276250113884056, 1.3275239468332802, 1.3274228500106895, 1.3273217211017145, 1.3272205602863065, 1.3271193677432336, 1.3270181436501653, 1.3269168881835378, 1.3268156015186714, 1.3267142838297152, 1.3266129352897575, 1.3265115560705776, 1.3264101463430185, 1.3263087062765972, 1.3262072360398287, 1.3261057358000536, 1.3260042057235024, 1.3259026459752083, 1.3258010567192116, 1.3256994381182812, 1.3255977903342124, 1.3254961135276109, 1.3253944078579545, 1.3252926734836725, 1.3251909105620825, 1.325089119249364, 1.324987299700628, 1.324885452069803, 1.3247835765099523, 1.3246816731727664, 1.3245797422089907, 1.3244777837683426, 1.3243757979992683, 1.3242737850493662, 1.324171745064975, 1.4672884285333956, 2.7056719791502246, 1.4390920969325094, 1.8096578451170033, 2.041623634604956, 1.4388824975116934, 1.4105381057036521, 1.7588950617717296, 1.706168618207026, 1.40061574612095, 1.3533174616154364, 1.5666569674243895, 1.5868434344565316, 1.3942899696951179, 1.328217368022645, 1.445250524825326, 1.505672859921338, 1.4124473811690679, 1.3225152115475416, 1.3658021096214132, 1.4386325773393058, 1.4028309646948773, 1.3286988452954158, 1.3369568363679645, 1.390514301156239, 1.387190148253711, 1.3361920953630826, 1.3239286841242692, 1.3599191901329815, 1.3687044460190658, 1.33498768499937, 1.321305435075921, 1.343924313893814, 1.3534828485208192, 1.3325489460115525, 1.3203763070675938, 1.334899649822405, 1.3426847726059714, 1.3282587011028182, 1.3204168027100611, 1.3307091347145048, 1.3350647740155608, 1.3248496203003293, 1.3204592428810324, 1.328065620071901, 1.3295623826297653, 1.3219242958414792, 1.3208482551892198, 1.3263390114111608, 1.325442062794483, 1.3202798552723638, 1.3213313895884427, 1.3247074937589092, 1.3223743482088424, 1.319640427326168, 1.3217702239601856, 1.3229177168349773, 1.3203686084773048, 1.3197705321357769, 1.3216656619868314, 1.3211160874372607, 1.3194035768173626, 1.32016586019856, 1.3209697584795688, 1.3197408133373665, 1.3193097253545383, 1.3202498469708859, 1.3199442616702846, 1.3190811434773926, 1.319515451820754, 1.3198033354406833, 1.319103546096095, 1.3190246941184909, 1.319453809869101, 1.319108665284145, 1.3187735982808795, 1.3190771684155884, 1.3190178952129694, 1.318647535672818, 1.3187643043712942, 1.3188480489366299, 1.3185543130506832, 1.3185289571663328, 1.318644951470886, 1.3184516887502644, 1.3183494504116977, 1.3184431697493981, 1.3183299313250652, 1.3182026065548103, 1.3182571947379058, 1.318194313868951, 1.3180693268607644, 1.3180881741744457, 1.3180509743488225, 1.3179395889816388, 1.31793268176759, 1.3179055746806587, 1.3178097999494158, 1.3177867543330077, 1.3177615113307066, 1.317679159364391, 1.317647062493725, 1.317619725322447, 1.3175476271372335, 1.317510799244584, 1.3174800979020824, 1.3174154013335124, 1.3173764674749693, 1.317342319965433, 1.3172829947751217, 1.3172432582461815, 1.3172060667786558, 1.3171506319701247, 1.317110630902358, 1.3170708345045412, 1.3170183135866134, 1.3169781447029159, 1.3169362418333357, 1.3168860164114724, 1.316845609847569, 1.3168020804823937, 1.3167537376210647, 1.31671290704211, 1.316668190418149, 1.3166213781969345, 1.3165799059503553, 1.3165344086098374, 1.316488797708567, 1.3164465195993196, 1.3164006277239104, 1.3163558875274661, 1.3163127298363229, 1.3162667711456388, 1.316222541982223, 1.3161785283369511, 1.3161327304139074, 1.316088655824482, 1.3160439112955304, 1.3159983845195171, 1.3159541563727397, 1.31590888355471, 1.315863615973607, 1.315819020880921, 1.315773441077853, 1.3157283086531975, 1.3156832480367904, 1.3156375400785627, 1.315592362148257, 1.3155468550816243, 1.3155011107705823, 1.3154557126887634, 1.3154098568688328, 1.3153640694010766, 1.315318340617837, 1.3152722491703734, 1.315226333891609, 1.3151802474777443, 1.315133993085301, 1.3150878464756703, 1.3150414444248972, 1.3149950313579224, 1.3149485811878145, 1.314901926734989, 1.3148553071267006, 1.314808538647142, 1.3147616678612453, 1.3147147796335727, 1.3146677201480026, 1.314620625548344, 1.3145734343430293, 1.3145261167388786, 1.3144787613466953, 1.314431269400101, 1.3143837030052061, 1.314336054757424, 1.3142882822280608, 1.3142404486547548, 1.314192498871822, 1.3141444575211239, 1.3140963332570517, 1.314048092127729, 1.313999773769063, 1.313951348357798, 1.3139028252777585, 1.313854214138129, 1.3138054921577713, 1.3137566832298109, 1.3137077705052136, 1.3136587583410306, 1.313609653218216, 1.3135604411395825, 1.3135111365259544, 1.3134617290085182, 1.3134122217116977, 1.3133626178284787, 1.3133129093819125, 1.3132631050959884, 1.313213198120586, 1.3131631913846018, 1.3131130856840676, 1.3130628770085948, 1.3130125704676612, 1.312962161480793, 1.3129116527877758, 1.3128610437603228, 1.312810332923803, 1.312759522966429, 1.3127086110409731, 1.312657599435294, 1.312606486930347, 1.3125552735467987, 1.3125039603573359, 1.3124525459114598, 1.3124010318160932, 1.3123494168863827, 1.3122977018395618, 1.3122458867921531, 1.312193971339041, 1.3121419563527177, 1.312089841063174, 1.3120376262998519, 1.3119853117872617, 1.3119328977503348, 1.3118803844743174, 1.311827771715935, 1.3117750600802074, 1.3117222493188667, 1.3116693398787262, 1.3116163317419196, 1.3115632250719083, 1.3115100201731744, 1.3114567170270923, 1.311403316016097, 1.3113498171034816, 1.3112962206247856, 1.311242526701409, 1.3111887355297702, 1.3111348473369244, 1.3110808622232755, 1.3110267805002034, 1.3109726022756574, 1.3109183278270244, 1.3108639572952103, 1.3108094909096375, 1.3107549288958102, 1.3107002714382034, 1.3106455187833228, 1.310590671092779, 1.3105357286321273, 1.3104806915897456, 1.310425560205946, 1.3103703346819393, 1.3103150152384768, 1.3102596021139525, 1.3102040955180525, 1.3101484956889868, 1.310092802828443, 1.3100370171827416, 1.3099811389694866, 1.3099251684230717, 1.3098691057619771, 1.3098129512140808, 1.3097567050154142, 1.3097003673902619, 1.3096439385712029, 1.3095874187774497, 1.3095308082477535, 1.309474107208306, 1.3094173158915474, 1.309360434520829, 1.3093034633271814, 1.3092464025424737, 1.3091892523950535, 1.309132013112935, 1.30907468492123, 1.3090172680525454, 1.308959762733772, 1.308902169193143, 1.308844487654172, 1.3087867183458268, 1.3087288614950074, 1.3086709173276645, 1.308612886067072, 1.3085547679376786, 1.3084965631653718, 1.3084382719735246, 1.308379894584386, 1.3083214312187483, 1.3082628820999118, 1.3082042474488824, 1.3081455274857552, 1.3080867224285304, 1.3080278324968608, 1.3079688579093136, 1.3079097988831558, 1.3078506556338043, 1.307791428377064, 1.3077321173286385, 1.3076727227026714, 1.3076132447118258, 1.3075536835681332, 1.3074940394840393, 1.3074343126704138, 1.3073745033368296, 1.3073146116918304, 1.307254637944194, 1.307194582301443, 1.3071344449698739, 1.3070742261545438, 1.3070139260604046, 1.3069535448915945, 1.3068930828509453, 1.3068325401400362, 1.306771916960015, 1.3067112135114938, 1.306650429993695, 1.3065895666047194, 1.3065286235420532, 1.3064676010024934, 1.3064064991817987, 1.3063453182745144, 1.3062840584743187, 1.306222719974425, 1.3061613029669112, 1.3060998076427086, 1.306038234191942, 1.3059765828040306, 1.3059148536674603, 1.3058530469696108, 1.3057911628969145, 1.3057292016351274, 1.305667163369147, 1.3056050482831436, 1.3055428565621414, 1.3054805883886103, 1.3054182439438462, 1.3053558234080958, 1.3052933269606832, 1.3052307547800799, 1.3051681070440944, 1.3051053839293785, 1.305042585611672, 1.3049797122660165, 1.3049167640665829, 1.3048537411865475, 1.3047906437981354, 1.3047274720729158, 1.3046642261814418, 1.304600906292612, 1.3045375125748355, 1.304474045196188, 1.3044105043238576, 1.3043468901241078, 1.304283202762342, 1.3042194424031444, 1.3041556092103284, 1.3040917033467738, 1.3040277249744827, 1.3039636742546743, 1.3038995513478744, 1.3038353564134957, 1.303771089610333, 1.30370675109629, 1.3036423410284665, 1.303577859563129, 1.303513306855673, 1.3034486830608052, 1.303383988332343, 1.3033192228232746, 1.303254386685847, 1.3031894800714396, 1.3031245031307472, 1.3030594560135393, 1.3029943388688336, 1.3029291518449353, 1.3028638950892697, 1.3027985687484998, 1.3027331729685516, 1.3026677078945406, 1.302602173670758, 1.302536570440894, 1.3024708983476332, 1.30240515753308, 1.3023393481385128, 1.3022734703044443, 1.3022075241705973, 1.3021415098760583, 1.3020754275590407, 1.3020092773570573, 1.301943059406852, 1.3018767738445016, 1.3018104208052241, 1.3017440004236223, 1.3016775128334397, 1.301610958167839, 1.3015443365591233, 1.3014776481389283, 1.3014108930381263, 1.3013440713869364, 1.3012771833148373, 1.3012102289505023, 1.3011432084220602, 1.3010761218567812, 1.301008969381288, 1.3009417511215096, 1.300874467202651, 1.3008071177492149, 1.300739702885062, 1.300672222733253, 1.3006046774162654, 1.3005370670558354, 1.3004693917729746, 1.3004016516880808, 1.3003338469208954, 1.3002659775903675, 1.300198043814823, 1.3001300457119755, 1.3000619833987785, 1.2999938569915672, 1.299925666605988, 1.2998574123570363, 1.299789094359032, 1.299720712725679, 1.2996522675699447, 1.2995837590042123, 1.2995151871401809, 1.2994465520889238, 1.299377853960839, 1.2993090928656892, 1.2992402689126035, 1.299171382210086, 1.2991024328659448, 1.2990334209874281, 1.2989643466810863, 1.2988952100528877, 1.2988260112081507, 1.2987567502515427, 1.2986874272871687, 1.2986180424184826, 1.2985485957482645, 1.2984790873787946, 1.298409517411608, 1.298339885947765, 1.2982701930875804, 1.298200438930855, 1.29813062357674, 1.298060747123795, 1.2979908096700299, 1.2979208113127352, 1.2978507521487297, 1.2977806322741536, 1.297710451784613, 1.29764021077511, 1.297569909339998, 1.2974995475731328, 1.2974291255677797, 1.2973586434165194, 1.2972881012114783, 1.2972174990441325, 1.2971468370054409, 1.2970761151857426, 1.2970053336747733, 1.2969344925618391, 1.2968635919355356, 1.2967926318839516, 1.2967216124946206, 1.2966505338545047, 1.2965793960500254, 1.2965081991670007, 1.2964369432908098, 1.2963656285061218, 1.2962942548972058, 1.296222822547433, 1.2961513315400337, 1.2960797819575096, 1.2960081738819647, 1.2959365073948865, 1.2958647825772418, 1.2957929995094812, 1.2957211582714898, 1.295649258942641, 1.2955773016017866, 1.295505286327236, 1.2954332131968174, 1.295361082287727, 1.2952888936768294, 1.2952166474402302, 1.295144343653745, 1.295071982392554, 1.2949995637313343, 1.2949270877442907, 1.2948545545051002, 1.294781964086905, 1.294709316562418, 1.294636612003791, 1.2945638504827144, 1.294491032070336, 1.29441815683733, 1.2943452248539122, 1.2942722361897814, 1.4543244700316373, 2.6465132564256986, 1.4279678530476023, 1.7369988818033655, 1.992802733508344, 1.4058338476677397, 1.3800115331200995, 1.7167067546722927, 1.6595098783870321, 1.363667805314112, 1.327974858465554, 1.5375285048678835, 1.5424735366646762, 1.3524648774873944, 1.3039734840616375, 1.4231372932535715, 1.4688780981560645, 1.3698658892929065, 1.2918096553159482, 1.3452489046206075, 1.408605443026574, 1.3612494343777468, 1.2945087722149613, 1.3147364183062187, 1.3641363390055714, 1.3496787995117518, 1.30018193848045, 1.2989778876442146, 1.3355881463304151, 1.3340959480995893, 1.2993833838351956, 1.2950861494194024, 1.3193690791440174, 1.3209352470520435, 1.2979339348171013, 1.292945304100042, 1.3096544886961252, 1.3108295968345705, 1.294781644626276, 1.29290277692743, 1.3043479856196711, 1.3035636110885476, 1.2927004348183548, 1.2930029784607917, 1.3007736925786313, 1.2981537152123417, 1.2911143961152551, 1.2935305346648198, 1.2979312128033635, 1.294257186458605, 1.2905833426363367, 1.2937530276514764, 1.2953155865096904, 1.2916460123843203, 1.2908715571136176, 1.2935956040899177, 1.292923221522516, 1.2904543298866389, 1.2914369218439774, 1.292737396086286, 1.2910692905566703, 1.2903218405913301, 1.2916712400176138, 1.2914290785564306, 1.2901412627681832, 1.290643422715002, 1.2912238396319013, 1.2902999608242756, 1.2900568248937878, 1.2907273928786518, 1.290390266822483, 1.2898285665131346, 1.2902278795802986, 1.2902962178353852, 1.2897638001728693, 1.2898559394925093, 1.2900825393672712, 1.2897215874492722, 1.2896117436326933, 1.2898362832245494, 1.2896458445578136, 1.2894544857295733, 1.2896089403974715, 1.2895359400984534, 1.2893369764397775, 1.289415419977592, 1.2894038254410554, 1.2892311390538609, 1.289252304320607, 1.2892637905330104, 1.289125370015928, 1.2891109345050675, 1.2891253804119602, 1.2890168999875664, 1.288984254816931, 1.2889924904036418, 1.288906399401303, 1.2888658238775663, 1.2888654167247369, 1.2887943834993567, 1.2887518914634386, 1.2887431172576294, 1.288682018749805, 1.2886404247922671, 1.2886247939869269, 1.2885701662647546, 1.28853066895339, 1.2885095303193075, 1.2884592549887142, 1.2884219328254949, 1.2883964138686332, 1.2883491991462548, 1.288313765240992, 1.288284726636983, 1.2882399491376129, 1.2882059305915807, 1.2881741179008097, 1.288131460124743, 1.2880983309065035, 1.2880643402946517, 1.288023602940369, 1.2879907879071657, 1.2879551632574775, 1.2879161519623459, 1.2878831470279648, 1.287846429315316, 1.2878089116624778, 1.2877753358468025, 1.2877380565248453, 1.287701715043739, 1.2876673385422712, 1.2876299575240382, 1.2875943789542574, 1.287559143738964, 1.2875219958778352, 1.2874867391665819, 1.2874507617883522, 1.2874140197316533, 1.287378691773307, 1.2873422136517063, 1.2873058710481082, 1.2872702013831734, 1.2872334955650309, 1.2871973898411524, 1.2871612670954122, 1.287124546168478, 1.2870884444481674, 1.2870519128300149, 1.2870152659008607, 1.2869789582033706, 1.286942153500034, 1.286905540190637, 1.286868914689076, 1.2868319716105612, 1.2867952659862572, 1.2867583223605616, 1.2867213038825982, 1.2866843797706435, 1.2866471896931966, 1.2866100676568848, 1.2865728603318096, 1.2865354969401568, 1.2864981935777025, 1.2864607132433252, 1.28642319624033, 1.2863856420153885, 1.2863479343069433, 1.286310229551452, 1.286272404238897, 1.2862344981005263, 1.2861965540117797, 1.2861584778878699, 1.28612036374163, 1.2860821538310612, 1.2860438501392488, 1.2860054945731327, 1.2859670243540369, 1.2859284926777272, 1.285889872573373, 1.2858511571846507, 1.2858123764628646, 1.2857734914080325, 1.2857345325852005, 1.2856954856702467, 1.2856563449297793, 1.2856171289336173, 1.2855778140302154, 1.285538418734836, 1.2854989336460223, 1.285459356272707, 1.285419696864251, 1.2853799413937945, 1.285340101625703, 1.2853001703596847, 1.2852601478493595, 1.2852200387913268, 1.2851798353344497, 1.2851395449469007, 1.2850991619454974, 1.285058688211794, 1.285018124993291, 1.284977468501973, 1.284936723111778, 1.2848958846565333, 1.2848549555594346, 1.2848139351946786, 1.2847728224081059, 1.2847316192816398, 1.2846903232248408, 1.2846489363718285, 1.284607457417526, 1.2845658866683136, 1.2845242246297688, 1.2844824701484412, 1.2844406246053486, 1.2843986868384833, 1.2843566576780225, 1.2843145367960187, 1.2842723240823226, 1.2842300201033943, 1.2841876242509607, 1.2841451372408184, 1.284102558571, 1.2840598886401702, 1.2840171274628904, 1.2839742749913872, 1.2839313315645937, 1.2838882969171257, 1.2838451714859962, 1.2838019551208641, 1.2837586480768242, 1.2837152503925298, 1.2836717621240104, 1.2836281835181043, 1.283584514538623, 1.2835407554547755, 1.28349690623674, 1.2834529671109356, 1.2834089381650318, 1.283364819530126, 1.2833206113604267, 1.283276313723726, 1.283231926835487, 1.2831874507670995, 1.2831428857123166, 1.2830982317587032, 1.2830534890737455, 1.2830086578029662, 1.282963738080504, 1.2829187300669234, 1.2828736338761886, 1.2828284496916655, 1.2827831776379408, 1.282737817884084, 1.2826923705582707, 1.2826468358210843, 1.2826012138397822, 1.2825555047586936, 1.282509708726911, 1.2824638258844856, 1.2824178563998403, 1.2823718004180624, 1.2823256581002287, 1.2822794295890594, 1.2822331150451733, 1.2821867146232664, 1.282140228478015, 1.2820936567616892, 1.2820469996250774, 1.2820002572285534, 1.2819534297235384, 1.281906517265845, 1.2818595200036407, 1.281812438095069, 1.2817652716928563, 1.2817180209510162, 1.28167068601922, 1.2816232670505505, 1.281575764199034, 1.281528177616154, 1.2814805074524782, 1.281432753857324, 1.281384916983673, 1.281336996981518, 1.2812889940004715, 1.2812409081878349, 1.281192739693909, 1.281144488667413, 1.2810961552560889, 1.2810477396059479, 1.2809992418639715, 1.2809506621774067, 1.2809020006918843, 1.2808532575517861, 1.2808044329013006, 1.2807555268854272, 1.2807065396477766, 1.2806574713307664, 1.2806083220760884, 1.2805590920262626, 1.2805097813226238, 1.280460390105555, 1.2804109185144408, 1.2803613666889784, 1.2803117347684234, 1.2802620228908241, 1.280212231193222, 1.280162359812815, 1.2801124088863565, 1.2800623785497185, 1.2800122689375422, 1.2799620801845, 1.2799118124249356, 1.2798614657922662, 1.2798110404190088, 1.2797605364371627, 1.2797099539787131, 1.279659293174763, 1.279608554155481, 1.279557737050505, 1.2795068419892706, 1.279455869100622, 1.2794048185124298, 1.2793536903519653, 1.2793024847462642, 1.2792512018218356, 1.2791998417042985, 1.2791484045185908, 1.2790968903894568, 1.2790452994410695, 1.278993631779432, 1.2789418874838758, 1.278890066673772, 1.2788381694699635, 1.2787861959924742, 1.2787341463608057, 1.2786820206939553, 1.2786298191104442, 1.2785775417280976, 1.2785251886640607, 1.27847276003514, 1.2784202559656246, 1.2783676766112135, 1.2783150220919235, 1.2782622925220606, 1.2782094880154053, 1.278156608685026, 1.2781036546434363, 1.278050626002659, 1.2779975228742648, 1.2779443453690702, 1.2778910935974137, 1.2778377676691046, 1.2777843676935607, 1.2777308937793885, 1.2776773460348267, 1.2776237245675661, 1.27757002948474, 1.2775162608929431, 1.2774624188982082, 1.2774085036061769, 1.2773545151218082, 1.2773004535496832, 1.2772463189936352, 1.2771921115572606, 1.2771378313434532, 1.2770834784547054, 1.2770290529928383, 1.2769745550593141, 1.276919984754991, 1.2768653421803533, 1.2768106274351534, 1.2767558406188682, 1.2767009818303365, 1.2766460511679052, 1.2765910487293908, 1.276535974612248, 1.276480828913366, 1.2764256117290065, 1.2763703231551355, 1.276314963287011, 1.2762595322196824, 1.2762040300474433, 1.2761484568641472, 1.2760928127633036, 1.2760370978375073, 1.2759813121764252, 1.2759254558709954, 1.275869529012471, 1.2758135316917438, 1.2757574639991052, 1.2757013260244525, 1.2756451178570354, 1.275588839585879, 1.2755324912991017, 1.2754760730847867, 1.2754195850301737, 1.275363027222234, 1.2753063997473992, 1.275249702718233, 1.2751929362454182, 1.2751361004169153, 1.2750791953202294, 1.2750222210425475, 1.2749651776706237, 1.2749080652907485, 1.2748508839890034, 1.2747936338508243, 1.27473631496144, 1.2746789274056196, 1.2746214712677018, 1.2745639466317755, 1.2745063535814496, 1.2744486922036165, 1.274390962578521, 1.2743331647877028, 1.274275298913106, 1.274217365036496, 1.2741593632391783, 1.274101293602185, 1.274043156205902, 1.2739849511306527, 1.273926678456271, 1.2738683382621256, 1.2738099306273283, 1.2737514556305476, 1.2736929133501536, 1.2736343038641051, 1.2735756272499552, 1.2735168835850106, 1.2734580729460705, 1.2733991954097073, 1.273340251051973, 1.2732812399487496, 1.2732221621753879, 1.2731630178069069, 1.2731038069180487, 1.273044529583143, 1.2729851858761494, 1.2729257758706525, 1.2728662996399651, 1.2728067572569501, 1.272747148794123, 1.2726874743237988, 1.2726277339176484, 1.2725679276471737, 1.2725080555835517, 1.272448117797537, 1.2723881143594342, 1.2723280453393526, 1.2722679108070634, 1.2722077108318095, 1.2721474454826014, 1.2720871148280706, 1.2720267189364678, 1.2719662578757172, 1.2719057317134188, 1.2718451405167082, 1.2717844843524715, 1.2717237637459229, 1.2716629783029207, 1.2716021280820977, 1.271541213147641, 1.27148023356337, 1.2714191893928484, 1.2713580806990041, 1.2712969075446265, 1.2712356699919314, 1.271174368102749, 1.2711130019386063, 1.2710515715604354, 1.2709900770288447, 1.2709285184102956, 1.2708668958024676, 1.2708052092724105, 1.2707434588804003, 1.2706816446863056, 1.270619766749715, 1.2705578251298277, 1.270495819885552, 1.2704337510754529, 1.2703716187577376, 1.270309422990321, 1.270247163830778, 1.2701848413364198, 1.2701224555640924, 1.2700600065705605, 1.269997494412014, 1.2699349191445406, 1.2698722808239113, 1.269809579505434, 1.2697468152443523, 1.2696839880954807, 1.2696210981134703, 1.269558145352518, 1.2694951298667858, 1.2694320517100621, 1.269368910935878, 1.2693057075975607]