Model Setup for Atypical Patient 11:
ITERS=1000
LEARNING_RATE=0.001
OPT_RESET=500
ATOL=1e-09
RTOL=1e-07
METHOD=dopri5
Input channels=2
Hidden channels=11
Output channels=2
Runtime=55.64554023742676
Optimizer=Adam (
Parameter Group 0
    amsgrad: False
    betas: (0.9, 0.999)
    capturable: False
    differentiable: False
    eps: 1e-08
    foreach: None
    fused: None
    lr: 0.001
    maximize: False
    weight_decay: 0
)Loss over time=[938.7191334788793, 906.836674546701, 875.5458917563982, 844.8585939137942, 814.784915336853, 785.332568802858, 756.5070231811925, 728.3130788348888, 700.7557343643317, 673.8398419105347, 647.569608000796, 621.9482875742982, 596.9780766292529, 572.6600670491227, 548.9942520608506, 525.9795201783515, 503.61364956627784, 481.89342236785075, 460.8146437629044, 440.3722484005462, 420.5604030869104, 401.3725678814844, 382.80159465435844, 364.83973952431376, 347.4786779205832, 330.7094830864634, 314.5226097981027, 298.90788728949826, 283.8545400498386, 269.3512265435568, 255.3861133189922, 241.9469662906281, 229.02125016537957, 216.59625096521867, 204.65917095148944, 193.19723073771138, 182.19778132632317, 171.64840433529068, 161.53687828795557, 151.8514063285823, 142.58047576268703, 133.7130490821106, 125.23849715110364, 117.14662936481949, 109.42769767511945, 102.0723943848942, 95.07176113312693, 88.41725313634255, 82.10066300930583, 76.11404251524945, 70.44968947862937, 65.10003562782916, 60.057574726485335, 55.314761010452905, 50.863895829020024, 46.69700982031887, 42.80573040783769, 39.181262754274115, 35.81426450302918, 32.694846803349044, 29.81268318566606, 27.15699346851428, 24.7167019589378, 22.480558646316556, 20.437264155706046, 18.575580520694107, 16.884424662533373, 15.352953799531566, 13.970614889865821, 12.727190719537246, 11.61281937863442, 10.61801451542003, 9.73367489385135, 8.951089541119375, 8.26193811864029, 7.658288752056933, 7.132597719164247, 6.677706565938453, 6.286839495623354, 5.953600749885926, 5.67197143893782, 5.436306540037058, 5.24133139223787, 5.082137491957615, 4.954177419383683, 4.85325882826062, 4.775537318617314, 4.7175079822137, 4.675995603169577, 4.6481433937383025, 4.6314006402478425, 4.623508838121075, 4.622486608046758, 4.626613574630725, 4.634413339511809, 4.644635743740694, 4.656238633595562, 4.668369355767916, 4.680346211900167, 4.691640099025496, 4.701856552030227, 4.710718387733168, 4.718049128524695, 4.723757357987931, 4.727822132775349, 4.730279545510509, 4.731210503822821, 4.730729761851178, 4.728976213570418, 4.726104432801916, 4.722277423268333, 4.717660523860499, 4.712416399548082, 4.706701037066856, 4.700660656532152, 4.6944294452257145, 4.688128017682228, 4.681862506524722, 4.675724190885189, 4.669789573336754, 4.664120821687154, 4.658766498389289, 4.653762507408531, 4.64913319586007, 4.644892555356454, 4.641045475560894, 4.6375890097645645, 4.634513619283561, 4.631804369957552, 4.629442059995922, 4.627404263794834, 4.625666281109928, 4.624201985130394, 4.6229845665658, 4.621987173835115, 4.6211834519005786, 4.620547984232291, 4.620056643886927, 4.61968686076812, 4.61941781286907, 4.619230549714948, 4.619108056382903, 4.619035266412326, 4.618999031678594, 4.618988056919849, 4.618992806116804, 4.619005387360044, 4.619019422215906, 4.619029904960494, 4.619033056389037, 4.619026176259219, 4.619007497794968, 4.61897604707453, 4.6189315095611105, 4.618874105513485, 4.618804475536123, 4.618723577105754, 4.618632592531989, 4.618532848485539, 4.618425746949651, 4.618312707220953, 4.618195118398469, 4.618074301656833, 4.617951481492635, 4.617827765060656, 4.617704128678077, 4.6175814105573485, 4.617460308841542, 4.617341384042615, 4.617225065029734, 4.617111657770978, 4.61700135610056, 4.61689425385508, 4.6167903578040175, 4.6166896008723, 4.616591855236785, 4.616496944951806, 4.616404657831629, 4.616314756382164, 4.616226987641975, 4.616141091838852, 4.616056809824252, 4.615973889281127, 4.615892089741971, 4.615811186476388, 4.615730973329813, 4.615651264611145, 4.6155718961366725, 4.615492725542207, 4.615413631977052, 4.615334515292335, 4.615255294829992, 4.615175907911914, 4.6150963081211875, 4.615016463456208, 4.614936354429741, 4.614855972172635, 4.614775316593492, 4.614694394633066, 4.614613218646151, 4.614531804930599, 4.614450172419725, 4.614368341544755, 4.6142863332671835, 4.614204168280922, 4.614121866373077, 4.614039445934598, 4.613956923608175, 4.613874314057106, 4.613791629841843, 4.613708881386437, 4.613626077021336, 4.613543223085508, 4.6134603240759615, 4.613377382829425, 4.613294400727072, 4.6132113779090735, 4.613128313493277, 4.613045205788395, 4.612962052496703, 4.612878850901833, 4.612795598037828, 4.612712290838093, 4.612628926261863, 4.612545501399333, 4.61246201355533, 4.6123784603113025, 4.612294839569746, 4.612211149580679, 4.6121273889530325, 4.6120435566539095, 4.611959651995613, 4.611875674616073, 4.611791624451769, 4.6117075017059, 4.611623306815153, 4.611539040413755, 4.611454703298476, 4.611370296395106, 4.611285820726007, 4.611201277381051, 4.611116667491502, 4.611031992207441, 4.610947252678326, 4.610862450037198, 4.6107775853889414, 4.610692659800339, 4.6106076742939015, 4.6105226298445166, 4.61043752737725, 4.610352367768311, 4.610267151845874, 4.610181880394129, 4.6100965541562156, 4.61001117383864, 4.609925740116507, 4.609840253637548, 4.609754715027173, 4.609669124892769, 4.609583483827861, 4.609497792415549, 4.609412051232002, 4.60932626084847, 4.609240421834412, 4.609154534758295, 4.609068600189447, 4.608982618698429, 4.608896590857612, 4.608810517241259, 4.608724398425249, 4.608638234986877, 4.608552027504242, 4.608465776555361, 4.60837948271758, 4.608293146566859, 4.608206768676834, 4.608120349618143, 4.608033889957767, 4.607947390258122, 4.60786085107695, 4.607774272966338, 4.607687656472799, 4.607601002136598, 4.607514310491684, 4.607427582065653, 4.607340817379387, 4.6072540169472775, 4.607167181277277, 4.607080310870821, 4.6069934062229905, 4.6069064678226495, 4.606819496152661, 4.606732491689925, 4.606645454905554, 4.606558386265344, 4.606471286229147, 4.606384155251897, 4.606296993783192, 4.606209802267471, 4.6061225811444215, 4.606035330848371, 4.60594805180908, 4.605860744451534, 4.605773409195728, 4.605686046457036, 4.605598656646133, 4.605511240168782, 4.605423797426284, 4.605336328814981, 4.605248834726736, 4.605161315548568, 4.605073771662827, 4.604986203447016, 4.604898611274265, 4.604810995512757, 4.604723356525977, 4.604635694672858, 4.604548010307605, 4.604460303779647, 4.604372575434227, 4.604284825611351, 4.604197054646954, 4.6041092628722025, 4.604021450613683, 4.6039336181935075, 4.603845765929436, 4.603757894134659, 4.603670003117871, 4.6035820931835705, 4.603494164631713, 4.60340621775803, 4.603318252853932, 4.603230270206266, 4.603142270098287, 4.603054252808295, 4.602966218610935, 4.602878167776387, 4.602790100570661, 4.602702017255785, 4.60261391808958, 4.6025258033259, 4.6024376732145535, 4.602349528001194, 4.60226136792743, 4.6021731932310095, 4.602085004145844, 4.601996800901696, 4.6019085837245335, 4.601820352836166, 4.60173210845494, 4.601643850795278, 4.601555580067299, 4.601467296478213, 4.601379000230539, 4.601290691523668, 4.6012023705529765, 4.601114037510222, 4.60102569258346, 4.600937335957126, 4.6008489678119755, 4.600760588325221, 4.600672197670319, 4.60058379601748, 4.600495383532951, 4.600406960379842, 4.600318526717513, 4.600230082702018, 4.600141628485827, 4.600053164218144, 4.599964690044601, 4.599876206107459, 4.599787712545689, 4.599699209495023, 4.599610697087655, 4.599522175452601, 4.599433644715566, 4.5993451049990774, 4.599256556422324, 4.599167999101457, 4.5990794331492815, 4.598990858675325, 4.598902275786366, 4.598813684585742, 4.598725085173778, 4.598636477647667, 4.598547862101703, 4.598459238626844, 4.59837060731141, 4.598281968240503, 4.598193321496109, 4.598104667157644, 4.598016005301267, 4.59792733600034, 4.597838659325347, 4.5977499753439, 4.5976612841205835, 4.597572585717502, 4.597483880193555, 4.597395167605143, 4.597306448005756, 4.597217721446123, 4.59712898797433, 4.597040247635605, 4.596951500472621, 4.596862746525319, 4.596773985831058, 4.596685218424257, 4.59659644433708, 4.596507663599024, 4.59641887623677, 4.59633008227456, 4.596241281734373, 4.596152474635245, 4.596063660993871, 4.595974840824459, 4.5958860141387206, 4.595797180946032, 4.595708341253161, 4.595619495064575, 4.595530642382154, 4.595441783205735, 4.595352917532543, 4.5952640453574025, 4.5951751666730605, 4.595086281469657, 4.594997389735225, 4.594908491455444, 4.594819586613872, 4.594730675191598, 4.594641757167592, 4.594552832518633, 4.5944639012192345, 4.59437496324177, 4.59428601855652, 4.5941970671315, 4.594108108932629, 4.59401914392371, 4.593930172066421, 4.5938411933204994, 4.593752207643312, 4.593663214990543, 4.593574215315479, 4.593485208569615, 4.593396194702421, 4.593307173661324, 4.593218145391686, 4.593129109837037, 4.593040066938934, 4.592951016636816, 4.592861958868513, 4.592772893569758, 4.592683820674304, 4.592594740114243, 4.592505651819704, 4.592416555718869, 4.5923274517381945, 4.592238339802318, 4.5921492198339315, 4.592060091754103, 4.591970955481965, 4.591881810935029, 4.5917926580289325, 4.591703496677451, 4.591614326793038, 4.59152514828588, 4.5914359610648665, 4.5913467650371365, 4.59125756010786, 4.591168346180804, 4.591079123158096, 4.59098989093992, 4.590900649425235, 4.590811398511075, 4.590722138092903, 4.590632868064688, 4.590543588318592, 4.5904542987455565, 4.590364999234591, 4.590275689673307, 4.590186369947731, 4.59009703994256, 4.590007699540528, 4.5899183486232, 4.58982898707056, 4.589739614761091, 4.5896502315716186, 4.589560837377903, 4.589471432053731, 4.5893820154718235, 4.589292587503258, 4.589203148017709, 4.589113696883497, 4.589024233967394, 4.588934759134892, 4.588845272250098, 4.588755773175535, 4.588666261772499, 4.588576737900847, 4.588487201419182, 4.588397652184584, 4.588308090052926, 4.677921443080825, 4.638801741070484, 4.660722086755301, 4.645271988166479, 4.601372475342258, 4.600593605635348, 4.629280304071117, 4.620803424118748, 4.586059955268234, 4.579032698464243, 4.601379228129972, 4.606955332045659, 4.585594757811157, 4.5701001078197185, 4.578112722743935, 4.589126422050753, 4.582991091372194, 4.569385452232111, 4.566012305868366, 4.571854811820322, 4.573607228620315, 4.567495478041812, 4.561357571530338, 4.560577652595014, 4.562245746451259, 4.561497863621185, 4.55771994675617, 4.553990807786909, 4.552957026137725, 4.553610921374235, 4.5524581426881845, 4.548765487419478, 4.545975098960817, 4.546080987970737, 4.546075693305102, 4.543277333297971, 4.540094972620267, 4.539420569197519, 4.5394018710164294, 4.537275614969679, 4.5344515208678216, 4.5333303928721405, 4.532850052536844, 4.531060834076542, 4.528751206019655, 4.527391633459187, 4.526427796577934, 4.524818941034826, 4.5229068879550605, 4.521385316793837, 4.520113496182291, 4.518627039003077, 4.516885906637454, 4.515237282614435, 4.513854396375733, 4.512409898463705, 4.510667526496526, 4.508989981759742, 4.507594718656968, 4.506070972551424, 4.504286220599754, 4.5026657916736985, 4.501219137953822, 4.499560292104352, 4.49779579670058, 4.4962181678523665, 4.494645366620953, 4.492901621309216, 4.491184423271104, 4.489561525884718, 4.48786571823016, 4.4860978887094465, 4.484373193752409, 4.482662023052475, 4.4808908631729825, 4.479090032945091, 4.477309436453835, 4.4755179159157, 4.473673299731614, 4.471814703039882, 4.469970811297367, 4.468088139857458, 4.46616064435471, 4.464241159600944, 4.462304477872034, 4.460315089590815, 4.458314709171995, 4.4563061733822344, 4.454249638528993, 4.452164689528872, 4.450068396899837, 4.447933042910598, 4.445760513583348, 4.443566575952086, 4.441337449184949, 4.439067206362204, 4.436765140660369, 4.434428245998884, 4.432048978444279, 4.429628337438407, 4.427168435417694, 4.424663947142236, 4.422111324833382, 4.419514475185458, 4.416869419077622, 4.414169332091425, 4.411417809963314, 4.408612863430077, 4.405747891155889, 4.40282515168978, 4.399842091056461, 4.396792050222765, 4.393676140869278, 4.390492696075933, 4.387236661377923, 4.383907215851715, 4.380501513986623, 4.377014940592559, 4.373445963912152, 4.36979256875157, 4.366050808275869, 4.3622175726676184, 4.358290122294374, 4.354264489807918, 4.350137620148069, 4.345907084698768, 4.341568573542822, 4.33711849763432, 4.332553929487151, 4.327870536643114, 4.323064829139766, 4.318133348360575, 4.313071840655855, 4.307876260689501, 4.302544429655861, 4.297071317148625, 4.29145304186844, 4.285685948932712, 4.279766562103606, 4.273691454452787, 4.267456957870471, 4.261059075527448, 4.254494366717556, 4.247760003136019, 4.240852970482112, 4.2337702416693945, 4.226508609937185, 4.2190650763022886, 4.211437340421815, 4.203623209148657, 4.195620384029774, 4.187426622244826, 4.179039916430358, 4.170458563923197, 4.161681139758662, 4.152706280383988, 4.143532754274232, 4.1341596387364845, 4.124586106999415, 4.114811456762097, 4.104835204168619, 4.0946571335869955, 4.084277204780236, 4.073695407840798, 4.062911752408211, 4.051926451325037, 4.040739976656234, 4.029352838532977, 4.01776551477155, 4.005978503596553, 3.9939923913480304, 3.9818077925231035, 3.969425280056227, 3.956845365864423, 3.944068545405735, 3.931095220220493, 3.91792564370553, 3.9045599567082445, 3.890998223405967, 3.8772403542910827, 3.863286063785189, 3.8491348937332037, 3.8347862453829857, 3.820239348813409, 3.8054932502222427, 3.7905468399803257, 3.7753988755270544, 3.7600479358582146, 3.7444925221720395, 3.72873103102059, 3.7127617844821077, 3.6965830403671096, 3.680193033566647, 3.663590017263786, 3.646772272558952, 3.6297381346507502, 3.612486040602631, 3.59501455143007, 3.577322370203801, 3.5594083798604292, 3.541271664057596, 3.5229115182797797, 3.5043274765031227, 3.4855193299758507, 3.4664871335755616, 3.447231225911946, 3.427752240791065, 3.408051100887414, 3.3881290457521205, 3.3679876355825886, 3.34762874878161, 3.3270546003734354, 3.306267744031541, 3.2852710775403438, 3.264067859189285, 3.242661704971748, 3.2210566091332127, 3.1992569490421587, 3.1772674955866336, 3.1550934307854006, 3.1327403436244925, 3.1102140818579556, 3.0875214321707687, 3.06466913837807, 3.0416645217016627, 3.0185154424725904, 2.995230088182778, 2.9718175634294357, 2.948287505765802, 2.924657015526175, 2.9009777171088253, 2.8776111139546248, 2.8574874571695745, 2.863094158573475, 2.998015963720917, 2.9970206247133575, 2.779048057353037, 2.955430283581049, 2.7509758836803644, 2.8822196971085274, 2.724164090246221, 2.830529020560269, 2.6954057940784213, 2.7847801184891754, 2.6673412731491157, 2.7433039007891575, 2.6442618108230707, 2.699463541997186, 2.625787475963893, 2.6564629622708975, 2.608268982374424, 2.615349014648117, 2.591052760716061, 2.5779228903207634, 2.571109666648082, 2.545738681390706, 2.5489515825689533, 2.517252796506004, 2.5247114957200103, 2.4921619064527323, 2.4992609817676263, 2.4687746075040953, 2.4736239839140244, 2.446343764330531, 2.448213347439592, 2.4243262478958134, 2.4234746330042025, 2.4023412806654743, 2.399387989422392, 2.3804533048276304, 2.376005813804862, 2.3585662045699647, 2.3531726025066546, 2.3368515816846642, 2.330813742532495, 2.3153232100942214, 2.3088169653480177, 2.294103403542223, 2.2871009561391538, 2.2732403675679946, 2.265603633695214, 2.252773677156279, 2.244303543581778, 2.232708509083148, 2.2232623505227993, 2.21294032658149, 2.202573246565991, 2.193360332261962, 2.182423804580359, 2.173799954399329, 2.1629148162185454, 2.154223455614154, 2.144022442695213, 2.134759825395527, 2.125523066967576, 2.1157299635895312, 2.1071006713468705, 2.0973670938645506, 2.088670740539936, 2.079589925555239, 2.0704950614428808, 2.0620342006011994, 2.0529403025657853, 2.044497648806983, 2.0359548559432636, 2.027280182390968, 2.0191391185899006, 2.0106872426234492, 2.002452991994604, 1.9944778963582799, 1.9862776002563154, 1.9783813622498947, 1.970593534935847, 1.9626920957699037, 1.9550662350039667, 1.9475117675646805, 1.9399053129461195, 1.9325217949901228, 1.9252282295410579, 1.91790913540457, 1.910755614734278, 1.9037280600667261, 1.896699023484057, 1.8897721773361844, 1.882994556300292, 1.876261119464528, 1.8695757996649094, 1.8630208371188977, 1.8565669355618815, 1.8501553642270372, 1.8438199111350644, 1.8375988211342635, 1.8314648776166065, 1.825388190701834, 1.8193831067342003, 1.8134761148546907, 1.8076599811209801, 1.8019116345839143, 1.796229289698978, 1.7906249909661272, 1.7851078349495604, 1.7796723969542334, 1.7743075262755192, 1.769010568041792, 1.76378325247068, 1.7586312164708657, 1.753555413463027, 1.7485538253770743, 1.7436236885105034, 1.7387614089804273, 1.7339667992675862, 1.7292381377502266, 1.724576660667904, 1.7199809322355883, 1.7154518805385583, 1.7109879387288878, 1.7065901904275806, 1.70225785827735, 1.697994637548914, 1.6938046716307442, 1.6897056328172242, 1.6857323377174032, 1.681989392336355, 1.6787265742472324, 1.6766744296145986, 1.67767860457161, 1.6870496027318274, 1.7147070394529231, 1.7750406967482186, 1.8121549163318145, 1.7526209298546627, 1.6520936738726448, 1.6960364770044523, 1.744375195601291, 1.6608707393977333, 1.656170795964811, 1.7069314978303274, 1.6509446934545424, 1.6422560010218212, 1.678709926684943, 1.6355348476263531, 1.6349174023667472, 1.6570877926832814, 1.6218943783136162, 1.6292413782733852, 1.6389816837343323, 1.6115819336914483, 1.6230899556929144, 1.623407622497679, 1.6039701680933456, 1.6157660482645921, 1.6102718676866485, 1.5978217268930244, 1.6074943634653325, 1.5994122113743798, 1.5921705884478994, 1.5989166960097914, 1.5904736252675653, 1.5865043272093031, 1.5905792656158524, 1.58295177509251, 1.5806902003627825, 1.5828067682856697, 1.5763789815484153, 1.5748004792927068, 1.5756729620187677, 1.570403779810887, 1.5689578116157021, 1.5691219505003102, 1.5648268160279246, 1.5632578520048015, 1.5630410655903986, 1.559538079623315, 1.557758126538758, 1.5573230386063017, 1.5544800511574315, 1.5524932631671566, 1.5518817907120086, 1.5496065801699919, 1.5474806095717475, 1.5466664495476798, 1.5448761370917294, 1.5427236727525833, 1.5416584386733128, 1.540244914947295, 1.5382049514361378, 1.5368702560679184, 1.5356815457874746, 1.5338796262877203, 1.5323299426210168, 1.5311861454796032, 1.5296768190993495, 1.5280498167945267, 1.5268056439102509, 1.5255294322374213, 1.5239919942010358, 1.5226114761824774, 1.521418866038959, 1.52006773392051, 1.5186435512049385, 1.5173992251884116, 1.5161934800414543, 1.514859828091773, 1.5135517461705676, 1.5123671092467157, 1.511165002066447, 1.5098915620050704, 1.508665001119054, 1.5075144749416316, 1.506342388173154, 1.505131966399337, 1.50396254841966, 1.5028437470783402, 1.501712315809735, 1.5005600513214146, 1.4994354837812325, 1.498348603069384, 1.4972614247718858, 1.4961611510115402, 1.4950767202691682, 1.494021784853085, 1.4929759433933283, 1.4919243940661717, 1.4908789932092164, 1.489854818814043, 1.4888460943768225, 1.4878389552079954, 1.4868337824850817, 1.4858408042233002, 1.4848637838109051, 1.483895867416634, 1.4829308748914765, 1.481971761180688, 1.4810240698448376, 1.4800883891349828, 1.479160496784331, 1.4782373151544776, 1.4773206808878343, 1.4764135079579341, 1.4755163067522852, 1.474626954583532, 1.4737433948495444, 1.4728660829087479, 1.471996459911334, 1.4711354097900768, 1.4702822557064679, 1.469435653724638, 1.4685951649913833, 1.467761084589618, 1.4669342030363142, 1.4661146920212553, 1.465302114464386, 1.4644959184649076, 1.4636956847481288, 1.462901591805088, 1.4621138295433915, 1.46133251818395, 1.460557698290497, 1.4597889877987165]