Model Setup for Atypical Patient 2:
ITERS=2000
LEARNING_RATE=0.001
OPT_RESET=500
ATOL=1e-09
RTOL=1e-07
METHOD=dopri5
Input channels=2
Hidden channels=11
Output channels=2
Runtime=134.15210485458374
Optimizer=Adam (
Parameter Group 0
    amsgrad: False
    betas: (0.9, 0.999)
    capturable: False
    differentiable: False
    eps: 1e-08
    foreach: None
    fused: None
    lr: 0.001
    maximize: False
    weight_decay: 0
)Loss over time=[356.7335918308798, 333.753130586968, 311.6396828650467, 290.4035740330996, 270.05213025986006, 250.58940229434282, 232.01597003169718, 214.32879473966975, 197.52154457141208, 181.58508651517934, 166.50796930608448, 152.27688582227677, 138.87706479154568, 126.29261012786138, 114.50670598674095, 103.50170617193156, 93.25909493205042, 83.75949045398819, 74.98256305622172, 66.90705946036145, 59.51071772815308, 52.77033780577776, 46.66168716037252, 41.15947402063133, 36.23727984420341, 31.867499336883565, 28.02127563823315, 24.66844548664241, 21.777597620545773, 19.31611279234394, 17.250357277942204, 15.545935946908541, 14.168025747519033, 13.081762770626215, 12.2526560516281, 11.646999283262533, 11.232262696057695, 10.977449670279013, 10.853409179606372, 10.833095731260228, 10.891776610907488, 11.00718609416149, 11.159617001061754, 11.33202110836024, 11.509933164306334, 11.681481626624617, 11.837285439504507, 11.970324389110145, 12.075772261703992, 12.150797380533199, 12.194336098887385, 12.206845905777932, 12.19004575766436, 12.146651875703997, 12.080117386487723, 11.994383774653768, 11.89365119704699, 11.782173395925414, 11.66408139863746, 11.543238560182754, 11.42312792791203, 11.30677148462563, 11.196679621560765, 11.094828237500737, 11.002673369315893, 10.921121265782329, 10.850643159151213, 10.791277247598828, 10.742699750968287, 10.704290027234784, 10.675197189036602, 10.654405465453008, 10.640796038397024, 10.63320345458667, 10.630465208877707, 10.631463573090901, 10.635159190963309, 10.640616361609291, 10.64702028154716, 10.653686802048705, 10.66006548099861, 10.665736866042396, 10.670405040228683, 10.673886497106013, 10.676096403951295, 10.677033246272098, 10.676762760662696, 10.67540194555562, 10.673103806801276, 10.67004335487466, 10.666405230119167, 10.66237319823433, 10.658121635250584, 10.653809013406756, 10.649573309242795, 10.645529183338773, 10.641766731884097, 10.638351573597156, 10.635326019893839, 10.632711076060296, 10.630509030332538, 10.628706407969258, 10.627277093832582, 10.626185457342432, 10.625389345608522, 10.624842842060183, 10.62449871750398, 10.62431052717348, 10.624234330336442, 10.62423002822621, 10.624262331366342, 10.624301379236767, 10.624323043887777, 10.624308955135067, 10.624246288763265, 10.624127361150112, 10.623949074173838, 10.62371225349213, 10.623420921435835, 10.623081542956616, 10.62270227943182, 10.622292280737529, 10.621861040986293, 10.621417837818472, 10.620971269331811, 10.62052889684126, 10.62009699591968, 10.619680412810988, 10.619282518580194, 10.618905249440443, 10.618549218761563, 10.61821388436016, 10.617897753867743, 10.61759861118655, 10.617313748180086, 10.61704018767001, 10.616774886292385, 10.616514908598582, 10.616257566769052, 10.616000523211792, 10.615741855985295, 10.61548008926314, 10.615214192848718, 10.614943556017264, 10.614667941679603, 10.61438742708245, 10.61410233703151, 10.613813175043823, 10.613520556998791, 10.613225150861696, 10.612927625008211, 10.612628606649587, 10.612328650930237, 10.612028220482392, 10.611727674602085, 10.61142726677751, 10.611127149036362, 10.61082738147283, 10.61052794534272, 10.610228758235833, 10.609929690027117, 10.609630578542978, 10.609331244116335, 10.609031502444804, 10.608731175383996, 10.608430099489743, 10.608128132280726, 10.607825156312664, 10.60752108124066, 10.607215844113496, 10.606909408179407, 10.606601760502535, 10.606292908700874, 10.605982877101688, 10.605671702602033, 10.605359430491529, 10.60504611046438, 10.60473179301065, 10.604416526330509, 10.60410035387561, 10.603783312568966, 10.603465431713081, 10.60314673255595, 10.602827228446182, 10.602506925481697, 10.602185823538342, 10.601863917553674, 10.601541198941163, 10.601217657019587, 10.60089328035532, 10.600568057938071, 10.600241980132848, 10.599915039376326, 10.599587230609217, 10.599258551456133, 10.598929002183548, 10.598598585474225, 10.598267306069715, 10.597935170326148, 10.597602185735425, 10.597268360450686, 10.596933702851173, 10.59659822117099, 10.596261923207036, 10.595924816112062, 10.595586906271532, 10.595248199256504, 10.594908699840715, 10.594569813965546, 10.594228734795957, 10.593886873510444, 10.593544232644595, 10.593200814503513, 10.592856621238708, 10.59251165496322, 10.59216591783232, 10.5918194120995, 10.591472140151724, 10.591124104526093, 10.590775307909388, 10.590425753125109, 10.59007544310879, 10.589724380877637, 10.589372569495637, 10.589020012037196, 10.58866671155161, 10.588312671031234, 10.587957893383104, 10.587602381407011, 10.587246137778614, 10.586889165039297, 10.586531465591282, 10.586173041698599, 10.585813895491599, 10.58545402897516, 10.585093444038376, 10.584732142466295, 10.584370125949391, 10.584007396094279, 10.583643954430919, 10.583279802418428, 10.582914941448266, 10.582549372844829, 10.58218309786497, 10.58181611769407, 10.581448433442688, 10.581080046141032, 10.580710956734324, 10.580341166078114, 10.579970674933337, 10.579599483963868, 10.579227593733366, 10.578855004704126, 10.578481717236672, 10.578107731589652, 10.57773304792132, 10.57735766628992, 10.57698158665628, 10.576604808884332, 10.576227332743507, 10.575849157909259, 10.57547028396447, 10.575090710400461, 10.574710436616824, 10.574329461922362, 10.573947785534276, 10.573565406578911, 10.573182324090844, 10.57279853701299, 10.572414044195868, 10.572028844397922, 10.571642936284583, 10.571256318429034, 10.570868989311514, 10.570480947319787, 10.570092190749135, 10.569702717803244, 10.569312526593883, 10.568921615142191, 10.568529981379122, 10.568137623145958, 10.567744538195319, 10.567350724191908, 10.566956178713324, 10.56656089925078, 10.566164883210286, 10.56576812791319, 10.56537063059716, 10.56497238841651, 10.564573398444255, 10.564173657671466, 10.563773163009044, 10.563371911288373, 10.562969899262317, 10.56256712360534, 10.562163580915474, 10.561759267714956, 10.561354180450936, 10.560948315496411, 10.560541669151602, 10.560134237644936, 10.559726017133928, 10.559317003706408, 10.5589071933817, 10.558496582111475, 10.55808516578117, 10.557672940210649, 10.557259901155904, 10.556846044309935, 10.5564313653037, 10.556015859707557, 10.555599523032344, 10.555182350730535, 10.554764338197272, 10.554345480771826, 10.553925773738497, 10.553505212328057, 10.553083791718638, 10.552661507037255, 10.55223835337101, 10.551814325747175, 10.551389419145016, 10.550963628497605, 10.550536948692525, 10.55010937457376, 10.549680900941828, 10.54925152255614, 10.54882123413531, 10.548390030358616, 10.547957905867088, 10.547524855265053, 10.547090873120588, 10.546655953967559, 10.546220092305651, 10.545783282602843, 10.54534551929528, 10.544906796789451, 10.544467109462378, 10.544026451663743, 10.543584817715937, 10.543142201916014, 10.542698598536369, 10.542254001825787, 10.541808406010723, 10.541361805289068, 10.54091419384644, 10.540465565849304, 10.540015915445478, 10.53956523676567, 10.539113523924511, 10.538660771020863, 10.538206972139578, 10.53775212135222, 10.537296212717802, 10.53683924028406, 10.536381198088039, 10.53592208015757, 10.535461880511507, 10.535000593161119, 10.534538212110993, 10.534074731359267, 10.533610144899376, 10.53314444672006, 10.532677630806973, 10.532209691142958, 10.531740621708947, 10.531270416484828, 10.53079906945029, 10.530326574585585, 10.529852925872182, 10.529378117293458, 10.52890214283545, 10.528424996487923, 10.52794667224444, 10.527467164103502, 10.526986466069326, 10.526504572151744, 10.526021476367957, 10.52553717274219, 10.525051655307122, 10.52456491810364, 10.524076955182325, 10.523587760603176, 10.52309732843702, 10.522605652765309, 10.522112727681254, 10.521618547290046, 10.52112310570949, 10.520626397070549, 10.520128415517568, 10.519629155209248, 10.519128610318694, 10.518626775034194, 10.518123643559328, 10.517619210113956, 10.517113468934125, 10.51660641427271, 10.516098040399932, 10.515588341603445, 10.515077312189126, 10.51456494648126, 10.514051238823058, 10.513536183576656, 10.51301977512415, 10.512502007867072, 10.511982876227444, 10.511462374647856, 10.510940497591939, 10.510417239544315, 10.509892595011308, 10.50936655852099, 10.508839124623757, 10.508310287921807, 10.507780043008113, 10.507248384498242, 10.506715307031817, 10.506180805271738, 10.505644873905334, 10.505107507643848, 10.504568701222798, 10.504028449402803, 10.503486746969044, 10.502943588731682, 10.502398969526368, 10.501852884214166, 10.50130532768161, 10.500756294841443, 10.500205780632184, 10.499653780018617, 10.499100287991975, 10.498545299570099, 10.497988809797691, 10.49743081374604, 10.496871306514036, 10.496310283227238, 10.495747739039041, 10.49518366913017, 10.494618068709162, 10.494050933012401, 10.493482257304127, 10.492912036876993, 10.492340267051544, 10.491766943177074, 10.491192060631288, 10.49061561482025, 10.490037601179417, 10.48945801517255, 10.488876852292755, 10.488294108061996, 10.487709778031709, 10.487123857782779, 10.486536342925085, 10.48594722909827, 10.485356511971906, 10.484764187244748, 10.484170250646008, 10.483574697934218, 10.48297752489839, 10.482378727357402, 10.481778301160352, 10.481176242186752, 10.480572546346355, 10.47996720957934, 10.479360227856422, 10.478751597178961, 10.478141313578693, 10.47752937311832, 10.476915771891267, 10.476300506021602, 10.47568357166457, 10.47506496500597, 10.474444682263103, 10.47382271968379, 10.473199073547352, 10.472573740164181, 10.471946715875838, 10.471317997054994, 10.470687580105801, 10.470055461463614, 10.469421637595167, 10.468786104972837, 10.468148860128705, 10.46750989962628, 10.466869220060055, 10.466226818055866, 10.465582690270715, 10.464936833392871, 10.464289244142302, 10.46363991926975, 10.46298885555775, 10.462336049820088, 10.461681498902049, 10.4610251996802, 10.460367149062266, 10.459707343987922, 10.459045781427797, 10.45838245838386, 10.457717371889633, 10.457050519009748, 10.456381896840211, 10.455711502508455, 10.532017217496518, 10.500646743705346, 10.508870401251178, 10.46045692072484, 10.453689626295413, 10.461043947069387, 10.45476665889712, 10.437912628090713, 10.423303212286577, 10.424367526881074, 10.428794468182637, 10.417937735244985, 10.399775911168371, 10.395523225957886, 10.401639206380539, 10.396676769651554, 10.380053853818112, 10.370994826643521, 10.373948621892735, 10.372497750578306, 10.359814499334224, 10.348772562516041, 10.347449450762502, 10.34627807386948, 10.337000977883225, 10.32634077800243, 10.321873426348043, 10.31924776147399, 10.311865467989515, 10.302316050265324, 10.296007381301706, 10.291685070556145, 10.285028220024179, 10.27634901525465, 10.269024002173053, 10.263403403356339, 10.256769213263038, 10.248345370698665, 10.240467699483695, 10.23410477218257, 10.22707587197967, 10.21846244386529, 10.210366311395092, 10.203410992498789, 10.195611231709774, 10.186790740563685, 10.178661715625202, 10.170976473484489, 10.162443789456628, 10.153526770800609, 10.14504073485947, 10.13655301403875, 10.127575441850077, 10.11838733833664, 10.109380048881532, 10.100326720671562, 10.090797998344048, 10.081159761228987, 10.071732031318641, 10.061996228041751, 10.051910657018958, 10.041931620275848, 10.031863174702176, 10.021470817342461, 10.010954327587797, 10.00040450850214, 9.989677743530741, 9.978702618876726, 9.967674913975232, 9.956559074798827, 9.94515968436353, 9.933638536058929, 9.922039602373022, 9.910255833563076, 9.8983018411636, 9.886236545935255, 9.874044452343215, 9.861656813795577, 9.849173637769105, 9.836572289479932, 9.82380777836237, 9.810931844334123, 9.797972801797302, 9.784881319334474, 9.771669923387298, 9.758394424706886, 9.745027147487463, 9.731564799027371, 9.718039164586875, 9.704453339734773, 9.690804314803664, 9.677111642129724, 9.663378525573256, 9.649599060114395, 9.635799189191005, 9.621972041544723, 9.60812395217578, 9.594270370908335, 9.580401108451412, 9.566518103122974, 9.552633786472102, 9.538744749533983, 9.524855202190878, 9.510972477997791, 9.4970885237721, 9.48320534071075, 9.469330447795995, 9.455466671516822, 9.441618421509283, 9.427787133837798, 9.41397873117466, 9.400191510694157, 9.386440151139293, 9.372728732245491, 9.359069024998426, 9.345467109210004, 9.331949326892412, 9.318569895635198, 9.305723146772772, 9.295201794284848, 9.296157996627612, 9.324274261500468, 9.337938001627771, 9.258878058132261, 9.263419451473958, 9.28541776772147, 9.223581917680196, 9.252127117644237, 9.233696885977775, 9.20606852573657, 9.230385007319514, 9.188054345691281, 9.201511483382228, 9.185843870274619, 9.170924655504496, 9.179781201871494, 9.152809966092361, 9.163015671082682, 9.146124684842365, 9.139698167854359, 9.140119343634886, 9.121707823866616, 9.126142339995148, 9.11266480458285, 9.107258302225377, 9.105489573960178, 9.09198473822796, 9.092534914429207, 9.083589725615047, 9.075796072689398, 9.074688778894046, 9.06409078591665, 9.059952720335701, 9.056007021188671, 9.046654064687957, 9.043445971463875, 9.038103376233188, 9.030132399012084, 9.02667916530494, 9.021187798469304, 9.014000958326106, 9.010012828736238, 9.004991896770786, 8.998259375576884, 8.993578046807526, 8.989165028407603, 8.983066558927307, 8.977579408463127, 8.973326942460467, 8.96828541504168, 8.962475030148875, 8.957522145944962, 8.953164157210306, 8.948181280305016, 8.942767240403676, 8.937774655362288, 8.93330246351758, 8.92876263498895, 8.923810578503417, 8.91875460180062, 8.913932814542768, 8.909409401950773, 8.90500852089113, 8.900526982454211, 8.895944010040301, 8.891272762390962, 8.886620126754764, 8.882010538240202, 8.877474991920321, 8.872997265566294, 8.86857120008783, 8.864183261361605, 8.859828874969581, 8.855506688431161, 8.851218954296332, 8.846983985722204, 8.842842149629305, 8.838951335400955, 8.835761708810486, 8.834982519762638, 8.841614478688895, 8.873783646212996, 8.940268902648336, 9.018551244846996, 8.855447513151079, 8.836393596879134, 8.93425239318183, 8.822149491954674, 8.845006588685584, 8.88832051128179, 8.796929204839772, 8.871321231233678, 8.836949199715372, 8.807661126441213, 8.858718418789232, 8.788966621085974, 8.826435360478639, 8.800985790645091, 8.792256063772117, 8.810732399177882, 8.776264855109611, 8.80586702261652, 8.777284764209206, 8.785594589567724, 8.782469171268513, 8.768298919218852, 8.781535656209892, 8.761771853517056, 8.773559700610248, 8.762868251854691, 8.760942081566606, 8.76366279522, 8.75193583625924, 8.758810319893426, 8.749127700068634, 8.750436585918875, 8.748806036089151, 8.74261052907542, 8.745973036579676, 8.738679964278692, 8.739241277827473, 8.737031753312102, 8.732576020728098, 8.733741550480127, 8.72875146399712, 8.728128931293988, 8.72647226631694, 8.722665748267614, 8.722775890247057, 8.719318730253555, 8.717425502013377, 8.716429431668974, 8.71299763440325, 8.711988907479084, 8.709918305462265, 8.707240257728177, 8.706205423588228, 8.703687050173356, 8.70163887111054, 8.700268867849191, 8.697739769732904, 8.696000599856223, 8.694341852587467, 8.69195304850283, 8.690298859530417, 8.68848269488477, 8.686233717615353, 8.684563049786018, 8.682689872543769, 8.680538268385744, 8.678819757893363, 8.676944780386636, 8.674854216392406, 8.673081320368135, 8.671227848584188, 8.669180338615957, 8.667352257026629, 8.665522812707115, 8.663516438499919, 8.661635417686869, 8.659817814066997, 8.657859064831957, 8.65593532886018, 8.654106130440484, 8.652198696398209, 8.650255251247744, 8.648391036646261, 8.646521243731794, 8.644590165236128, 8.642684855152835, 8.640820005822489, 8.638921203435428, 8.636997020743223, 8.635105801188706, 8.633226379809118, 8.631316169586123, 8.629399800695747, 8.62750621991781, 8.625614004527229, 8.62370184241818, 8.621785533629792, 8.619883189618957, 8.6179826754883, 8.616068230771914, 8.614148284453632, 8.612235163671631, 8.610325359519415, 8.608408492714325, 8.606483463977082, 8.604558921340814, 8.602637771985952, 8.600714685876882, 8.598785458658979, 8.596851194216557, 8.594916536417355, 8.592982387430549, 8.591045874838692, 8.5891048098881, 8.58715901710661, 8.585210832340415, 8.583261290424657, 8.58130980138546, 8.579355128652233, 8.57739607089354, 8.575433141513336, 8.57346675650782, 8.571497645427586, 8.569525731643237, 8.567550515930996, 8.565571665565017, 8.563588617397176, 8.561601565031228, 8.559610314804763, 8.557615204128721, 8.555616102092086, 8.553613096816944, 8.551606039947352, 8.549594815664356, 8.547579354687185, 8.545559462224459, 8.543535192687695, 8.541506328247955, 8.539473062789376, 8.537435195803361, 8.535393187095597, 8.533347037296126, 8.531298041116768, 8.529247306624505, 8.527199490016445, 8.52516142868196, 8.523153902006527, 8.521214460954148, 8.519453812186383, 8.518081576863308, 8.5177811852526, 8.51968711070112, 8.528425295817845, 8.547309919041828, 8.602156241036157, 8.637950263280674, 8.698465415361449, 8.555532433800145, 8.501733338205758, 8.565765756957212, 8.56859421872753, 8.518618546401234, 8.496929227927758, 8.538810260351092, 8.545144206281964, 8.490885799934572, 8.51368152626643, 8.542377782918779, 8.491057069563889, 8.499074522460857, 8.528175487017139, 8.487392432499838, 8.489093360160254, 8.51308465736714, 8.482345377495289, 8.481122228584933, 8.499298676575785, 8.476763126155054, 8.474328922414463, 8.487620774606341, 8.471350379109154, 8.467952149808127, 8.477545674212829, 8.466361329217069, 8.461869482992725, 8.46849939687371, 8.461578794361804, 8.456267520735121, 8.460241407395317, 8.456771891944753, 8.451333697935262, 8.452777076654053, 8.45176692535149, 8.447028921457715, 8.446143338696196, 8.44638896799451, 8.443117852737457, 8.440483370360186, 8.440578386944885, 8.438987446804974, 8.435762501984367, 8.434694360261245, 8.434097492360433, 8.431516838875648, 8.429291132942435, 8.428496135354806, 8.427040884582034, 8.424650399293514, 8.422927473687093, 8.42187822252147, 8.420212583932063, 8.418036029094967, 8.41643342686447, 8.415186978577259, 8.41345143864248, 8.411451602457772, 8.409808860666162, 8.408407195779809, 8.406746796980515, 8.404839601928467, 8.403110026403011, 8.40159720997085, 8.39998180907186, 8.39817183998341, 8.396372887929278, 8.39473335385443, 8.393133284670531, 8.391411264206504, 8.38960826415524, 8.387853804388442, 8.386183820059143, 8.38451284818469, 8.382765601958324, 8.38097379008492, 8.379205240589414, 8.377482871360536, 8.375767741833457, 8.374014351436953, 8.372224251008985, 8.370427361030432, 8.368650239545874, 8.366889270618826, 8.365121817181041, 8.363332552325152, 8.361521211352219, 8.359702463044174, 8.357887418835482, 8.35607838734686, 8.35426910251479, 8.352450744126266, 8.350619658444783, 8.348775696107815, 8.34692371102123, 8.345067190696753, 8.343208637990378, 8.341347827729365, 8.339483125539799, 8.337612867775375, 8.335735250177333, 8.333850115674608, 8.331956857930315, 8.33005646064943, 8.328148762633974, 8.326234762486528, 8.324314205281901, 8.32238779157513, 8.320455186949921, 8.318517019809242, 8.316573102578577, 8.31462449788276, 8.312671658683506, 8.310717359454987, 8.3087643861309, 8.30682197808109, 8.30490222944509, 8.30304188179615, 8.301292141349107, 8.299822450330385, 8.298847268000422, 8.299258540319947, 8.301802180321973, 8.311633213544264, 8.327938845085084, 8.37804566056239, 8.403219360307254, 8.485193596262919, 8.3663737089048, 8.293201091757409, 8.286950187300569, 8.334330590724546, 8.374374901954896, 8.299046126616883, 8.273591553121799, 8.310714859171604, 8.311594461921674, 8.284280668617713, 19.884754798789267, 8.601162791785784, 9.142807638045037, 11.492395055986206, 13.37700045100985, 14.288871202375857, 14.252138298948626, 13.471930413712727, 12.217154496320616, 10.782695260496917, 9.478736506118084, 8.618109374498385, 8.463585404041282, 9.073624697829956, 10.050075352316844, 10.578783084611755, 10.221516222029033, 9.396656617037559, 8.720386339340395, 8.451554828529906, 8.533740057730416, 8.793502331251283, 9.063383996744111, 9.229104184348214, 9.238824629239563, 9.097279394680573, 8.854045357943436, 8.588086961338261, 8.386953852386746, 8.317888496176392, 8.392929595860245, 8.546176558502408, 8.659231047922345, 8.645149773379247, 8.519096950445338, 8.3729864550206, 8.290119664323425, 8.293698555037087, 8.354065187623924, 8.42184387367157, 8.457011338183683, 8.443850271694197, 8.392654503688346, 8.331556533039784, 8.29182086604704, 8.291095360603121, 8.322325737897659, 8.357640346837824, 8.368729339548402, 8.348582119812285, 8.314182241450071, 8.289192914179127, 8.285558468218541, 8.298681896835696, 8.314807092358052, 8.321579296097251, 8.31486743903622, 8.299553709013116, 8.285271336056015, 8.279904608162793, 8.284584171289985, 8.293423867263813, 8.298403438351373, 8.295633652628123, 8.287735418438714, 8.280710889916385, 8.278787656439873, 8.281730764613757, 8.285983159055382, 8.287813590777079, 8.285879181463338, 8.281710148741382, 8.27819903302828, 8.277350829532553, 8.278911189789385, 8.280830106414951, 8.281098026325743, 8.279349997235022, 8.276905845364446, 8.275420372919433, 8.275504592547005, 8.27644554285533, 8.27701478465924, 8.276514852130868, 8.275226812128496, 8.274028122688335, 8.273598180177375, 8.273889637904489, 8.274268814339734, 8.274136509653491, 8.273435194687035, 8.272608643014905, 8.27213119445693, 8.27209388828589, 8.272196767994465, 8.272076345259995, 8.271627382984429, 8.271048868470034, 8.270621493668218, 8.2704486682725, 8.270392797530969, 8.270237311719676, 8.269896099669644, 8.26947030173033, 8.269123216590998, 8.268919476656144, 8.268783293834405, 8.268592720903156, 8.268299360475892, 8.267959874521653, 8.26766528037573, 8.267449754936386, 8.267267486157754, 8.2670494025727, 8.266773308543595, 8.266477320808832, 8.266212521579156, 8.265991133026631, 8.265781548395463, 8.265546927934999, 8.265282199311095, 8.265013582185173, 8.264767302952597, 8.26454342831052, 8.264320162126204, 8.264079509479913, 8.263824844600247, 8.263573715407377, 8.26333735217306, 8.263110199137861, 8.262878541364762, 8.262636062895568, 8.262389075554575, 8.262147726161935, 8.261914678281295, 8.261683574820786, 8.261447320490687, 8.261205763482918, 8.260964649055246, 8.260728421884558, 8.260495670584914, 8.260261682371215, 8.260024125796502, 8.259785158484187, 8.259548267721154, 8.259314188142858, 8.259080547219575, 8.25884501490039, 8.258607871267452, 8.258371219828991, 8.258136294564919, 8.257902214732129, 8.257667344689224, 8.257431273323421, 8.257195058505818, 8.256959751763416, 8.2567251831952, 8.256490361494876, 8.25625475576428, 8.256018822688004, 8.255783292297183, 8.25554825841176, 8.255313173644332, 8.255077599440186, 8.25484169609233, 8.254605916642493, 8.25437040474816, 8.254134866514864, 8.253898990149969, 8.253662815589177, 8.25342661613065, 8.253190518819832, 8.252954369677632, 8.25271796558145, 8.252481305460298, 8.252244548758313, 8.252007782632228, 8.251770918896165, 8.251533826817953, 8.25129649621075, 8.25105902185149, 8.250821459455873, 8.250583756394493, 8.250345831435267, 8.250107676556633, 8.249869347565085, 8.249630874724925, 8.249392221698784, 8.249153337423103, 8.24891421829288, 8.248674898608245, 8.248435393992327, 8.248195679298151, 8.247955723616682, 8.247715526515167, 8.247475107673955, 8.247234471692089, 8.246993598988508, 8.246752470508172, 8.246511087672916, 8.24626946185038, 8.246027592659937, 8.245785466027746, 8.245543071033474, 8.24530040945487, 8.245057486346328, 8.24481429779574, 8.244570833122033, 8.244327086102242, 8.244083058339614, 8.243838751510204, 8.243594161044399, 8.243349279625745, 8.243104103862006, 8.242858634263401, 8.24261286974301, 8.242366805342145, 8.242120435881219, 8.241873759428442, 8.241626775747115, 8.241379482769336, 8.24113187637958, 8.240883953175336, 8.24063571170344, 8.24038715067028, 8.240138267248646, 8.23988905794681, 8.23963952038321, 8.239389653261984, 8.239139454892198, 8.2388889226213, 8.238638053804417, 8.23838684659131, 8.238135299401417, 8.237883410104466, 8.237631176196953, 8.23737859556928, 8.237125666642397, 8.23687238775408, 8.236618756860453, 8.236364772473639, 8.236110432198734, 8.235855734394306, 8.235600677213451, 8.23534525865983, 8.23508947691213, 8.234833330390547, 8.234576817507065, 8.234319936519272, 8.23406268567164, 8.233805063340599, 8.233547067954241, 8.233288697858125, 8.23302995135718, 8.232770826853583, 8.23251132285664, 8.232251437868879, 8.23199117033609, 8.231730518712967, 8.231469481510704, 8.231208057253433, 8.230946244433001, 8.230684041545095, 8.230421447143724, 8.230158459828091, 8.229895078190928, 8.2296313008084, 8.229367126270427, 8.229102553190783, 8.228837580182958, 8.22857220585371, 8.228306428826949, 8.228040247759877, 8.227773661327378, 8.227506668200744, 8.227239267050695, 8.22697145655885, 8.226703235415435, 8.226434602310492, 8.226165555939184, 8.225896095009126, 8.22562621819368, 8.225355924210442, 8.225085211795717, 8.224814079689962, 8.224542526640064, 8.22427055139662, 8.223998152712959, 8.223725329351323, 8.223452080086156, 8.223178403700437, 8.222904298980632, 8.222629764715379, 8.222354799697776, 8.222079402724475, 8.221803572595716, 8.22152730811704, 8.221250608102151, 8.220973471372735, 8.220695896754588, 8.220417883076633, 8.220139429170667, 8.21986053385132, 8.219581195815177, 8.219301413877387, 8.21902118688577, 8.218740513694629, 8.218459393162517, 8.2181778241513, 8.217895805525805, 8.217613336153901, 8.217330414906746, 8.217047040659196, 8.216763212291196, 8.216478928687717, 8.216194188737942, 8.215908991334606, 8.215623335373467, 8.215337219753222, 8.215050643375946, 8.214763605147441, 8.214476103977578, 8.214188138781033, 8.213899708476388, 8.213610811985744, 8.213321448234545, 8.213031616151095, 8.212741314667468, 8.212450542719052, 8.21215929924545, 8.211867583190413, 8.211575393501535, 8.211282729130216, 8.210989589031033, 8.210695972161925, 8.21040187748429, 8.210107303963413, 8.209812250568286, 8.209516716272052, 8.209220700051794, 8.208924200888095, 8.2086272177651, 8.20832974967065, 8.208031795595947, 8.207733354536048, 8.207434425490051, 8.207135007460947, 8.206835099455597, 8.206534700484587, 8.206233809562208, 8.205932425706315, 8.205630547938778, 8.205328175284864, 8.20502530677414, 8.204721941440257, 8.204418078320248, 8.204113716455504, 8.203808854890749, 8.203503492599276, 8.203197628441897, 8.202891261454631, 8.20258439068578, 8.202277015187367, 8.20196913401527, 8.201660746229168, 8.201351850892346, 8.201042447071792, 8.200732533838503, 8.200422110267017, 8.200111175435795, 8.199799728427207, 8.199487768327412, 8.199175294226114, 8.198862305216869, 8.19854880039709, 8.198234778867759, 8.197920239733877, 8.197605182104043, 8.19728960509076, 8.196973507810176, 8.196656889382162, 8.196339748930406, 8.196022085582232, 8.19570389846871, 8.195385186724753, 8.195065949488729, 8.194746185903007, 8.194425895113442, 8.19410507626958, 8.193783728524691, 8.193461851035586, 8.193139442962734, 8.192816503470466, 8.192493031726386, 8.192169026901901, 8.191844488171979, 8.19151941471513, 8.191193805713253, 8.190867660352138, 8.190540977820747, 8.190213757311863, 8.189885998021389, 8.189557699149008, 8.189228859897698, 8.18889947947386, 8.188569557087336, 8.188239091951436, 8.187908083282652, 8.187576530301099, 8.187244432229834, 8.186911788295571, 8.186578597728214, 8.186244859760706, 8.185910573629567, 8.185575738574299, 8.185240353837683, 8.184904418665617, 8.184567932307216, 8.184234728875792, 8.18389716614558, 8.183559049816905, 8.183220379140941, 8.182881153372744, 8.182541371783215, 8.182201033649319, 8.181860138243616, 8.181518684839446, 8.181176672713262, 8.18083410113945, 8.180490969394718, 8.180147276766306, 8.179803022547548, 8.179458206031287, 8.179112826510673, 8.178766883280547, 8.178420375635913, 8.17807330287406, 8.177725664299096, 8.177377459220804, 8.17702868694983, 8.176679346797608, 8.17632943807675, 8.175978960100752, 8.175627912185353, 8.175276293651468, 8.17492410382426, 8.174571342031015, 8.17421800759962, 8.173864099859317, 8.173509618140258, 8.173154561775048, 8.172798930100198, 8.172442722455845, 8.172085938183914, 8.171728576627658, 8.171370637131188, 8.171012119039979, 8.170653021701849, 8.170293344467465, 8.169933086690717, 8.16957224772716, 8.169210826933439, 8.168848823667405, 8.168486237288265, 8.16812306715708, 8.167759312637633, 8.167394973096005, 8.16703004789995, 8.16666453641828, 8.166298438021009, 8.16593175207921, 8.165564477965933, 8.165196615056459, 8.164828162727787, 8.164459120358423, 8.164089487327981, 8.163719263016894, 8.163348446806943, 8.162977038081571, 8.162605036225909, 8.162232440626736, 8.161859250671776, 8.161485465750037, 8.161111085251127, 8.160736108565947, 8.160360535086769, 8.159984364207387, 8.159607595322724, 8.159230227828695, 8.158852261121979, 8.15847369460012, 8.158094527661744, 8.157714759706613, 8.1573343901356, 8.156953418350556, 8.156571843754092, 8.156189665749444, 8.155806883740848, 8.155423497132972, 8.155039505331855, 8.440359648669075, 9.878102371554396, 8.787633097989424, 8.278440692926969, 9.23886682104421, 8.258604119317432, 8.317494811737383, 8.746120738582725, 8.68697914566123, 8.299077808286555, 8.1749353495125, 8.49256522954574, 8.483678824664226, 8.190634501400787, 8.192749411986902, 8.361884377058088, 8.384132262158722, 8.236005277482723, 8.139524578462106, 8.23789649049889, 8.308121667606121, 8.197151690247894, 8.139320913996585, 8.207709220095673, 8.250733114257919, 8.196911114220647, 8.139077253278455, 8.171833507135531, 8.214286873966644, 8.171930802440928, 8.136652923133967, 8.164855163402375, 8.186631760383186, 8.160354286536824, 8.135182986000201, 8.153835677592323, 8.169075191437475, 8.146392751299238, 8.134995797054588, 8.151218140761303, 8.155882337055015, 8.13949238801665, 8.134372469689774, 8.146679191829367, 8.145191488924969, 8.132874221125492, 8.135158863072228, 8.142239317075829, 8.136758585189215, 8.130217896920374, 8.134936455905633, 8.137003088688305, 8.130558892189603, 8.129868800002265, 8.133780519376488, 8.131402184439883, 8.127576364722513, 8.129686105695349, 8.1304161407676, 8.126855330523341, 8.126645160023344, 8.128273754202718, 8.12634302152444, 8.124678943497548, 8.125899004300539, 8.125316353256407, 8.123400803658814, 8.123765096188514, 8.123869499272647, 8.122274471945882, 8.12192700060266, 8.122222205248969, 8.121051928142652, 8.120365499326807, 8.120553201594229, 8.119752266736677, 8.118928310263822, 8.118946089104757, 8.118357209125149, 8.117536676820523, 8.117390908688646, 8.116905625920394, 8.116130812624684, 8.115865305029036, 8.115419234252709, 8.114703525330258, 8.114364182702936, 8.113920595840662, 8.11325600208541, 8.112866894531876, 8.112408799893148, 8.111781328206456, 8.111360782000583, 8.110880226798237, 8.110280535511427, 8.109837516581159, 8.109335521772726, 8.108757187285597, 8.108297203929283, 8.107775369207985, 8.10721270627821, 8.106735714551636, 8.106196604638527, 8.105645214383346, 8.105150383573909, 8.104598162188607, 8.104054165243271, 8.103541142640998, 8.102980337315643, 8.102440098708053, 8.101908714714058, 8.101343223777807, 8.100801721629866, 8.100253024724587, 8.099685408866394, 8.099138080159605, 8.098574689728336, 8.098006096933402, 8.097449188633902, 8.096874828411687, 8.096304454273335, 8.09573573293015, 8.095153947280032, 8.094579160648191, 8.093998414615571, 8.093411564710978, 8.092829398566893, 8.092238322112802, 8.091646932741508, 8.091055280150544, 8.090456291886461, 8.089859160767896, 8.08925756893494, 8.088652341028927, 8.0880475304263, 8.087437050533666, 8.0868257925365, 8.086212106332654, 8.085594249284913, 8.084975957082063, 8.084353521790568, 8.083729035232736, 8.083102604782926, 8.082472364944348, 8.081840844771264, 8.081205996789661, 8.080568677232298, 8.07992933347022, 8.07928662374705, 8.078642117052594, 8.077994642045441, 8.077344633066058, 8.076692406683144, 8.076037136915575, 8.075379779843864, 8.074719597393063, 8.074056917282224, 8.07339184886168, 8.072723951582304, 8.072053792719636, 8.071380876301234, 8.070705499738677, 8.070027609372715, 8.069347037859357, 8.068664083506846, 8.067978428613147, 8.067290327275302, 8.066599639017202, 8.065906369875442, 8.065210624362061, 8.064512240121292, 8.063811390321247, 8.063107926728112, 8.062401936901837, 8.061693403184476, 8.060982289058314, 8.060268667062898, 8.05955244242491, 8.058833703610766, 8.058112388398023, 8.057388531055638, 8.05666212226937, 8.055933139884814, 8.055201624621109, 8.054467533387184, 8.053730906285523, 8.052991704040345, 8.052249949817071, 8.051505637887836, 8.050759758279353, 8.050010397039195, 8.049258468201618, 8.048503990496188, 8.04774694346982, 8.04698734300082, 8.046225176941702, 8.045460450631388, 8.044693161852415, 8.043923307731793, 8.04315089323169, 8.042375910307669, 8.041598367102337, 8.040818256137477, 8.04003558409741, 8.039250345197331, 8.038462543580401, 8.03767217757325, 8.036879247725677, 8.036083753905954, 8.03528569394198, 8.034485069305067, 8.033681876274715, 8.032876115589886, 8.03206778243901, 8.031256877194341, 8.030443396181203, 8.029627338835839, 8.028808701493775, 8.027987483553916, 8.027163684028737, 8.026337302075445, 8.025508336069363, 8.024676784745024, 8.023844601740235, 8.02300813944309, 8.022169085730157, 8.021327439663214, 8.020483200554843, 8.01963633530947, 8.018787084449084, 8.017935237410677, 8.017081174465693, 8.016224086775544, 8.015364385305586, 8.014502069781326, 8.013637139637682, 8.012769593577874, 8.011899431841584, 8.0110266541551, 8.010151260447488, 8.00927325066662, 8.008392624774926, 8.00750938226742, 8.0066235229295, 8.005735046699678, 8.004843953207907, 8.003950241677018, 8.003053911613195, 8.002154962720516, 8.001253394321122, 8.000349205388128, 7.99944239513725, 7.99853296295645, 7.9976209078832845, 7.996706228675237, 7.995788924285498, 7.994868993780344, 7.993946435940708, 7.993021249339307, 7.992093432699658, 7.991162984794894, 7.990229904181621, 7.989294189271711, 7.988355838587728, 7.987414850649844, 7.986471223823642, 7.985524956380626, 7.984576046664477, 7.983624492982622, 7.982670293539973, 7.981713446651599, 7.980753957075863, 7.979791815344219, 7.978827019520927, 7.977859567637645, 7.976889457732965, 7.9759166878063885, 7.974941255832812, 7.973963159762152, 7.972982397534506, 7.971998967059822, 7.971012866230498, 7.97002409291716, 7.969032644970643, 7.968038520222506, 7.967041716487645, 7.966042231548425, 7.965040063177221, 7.9640352091350595, 7.963027667164436, 7.962017434986492, 7.961004510302985, 7.959988890806869, 7.958970574170812, 7.957949558046948, 7.956925840073425, 7.955899417877517, 7.954870289066292, 7.953838451228426, 7.9528039019425085, 7.95176663877292, 7.950726659265154, 7.94968396095013, 7.9486385413487515, 7.947590397965817, 7.94653952828989, 7.945485929797841, 7.94442959995455, 7.943370536209399, 7.9423087359980915, 7.941244196745621, 7.940176915863404, 7.939106890749385, 7.938034118789783, 7.936958597359066, 7.935880323818881, 7.934799295519039, 7.933715509798253, 7.932628963982947, 7.931539655388426, 7.930447581319165, 7.9293527390679, 7.928255125916425, 7.927154739136543, 7.926051575989016, 7.924945633723286, 7.923836909579621, 7.922725400788186, 7.921611104567845, 7.92049401812828, 7.919374138670135, 7.918251463383536, 7.917123495820806, 7.915995242234157, 7.914864190560652, 7.913730337766868, 7.912593680790684, 7.911454216514056, 7.910311941810249, 7.909166853551866, 7.908018948559484, 7.9068682236274155, 7.905714675563564, 7.904558301141614, 7.903399097099021, 7.902237060184328, 7.901072187134148, 7.899904474650552, 7.898733917676217, 7.8975605112341976, 7.8963842559575275, 7.895205148679254, 7.89402318623595, 7.892838365449345, 7.891650683129843, 7.890460136089362, 7.889266721131349, 7.888070435047527, 7.886871274630036, 7.885669236665814, 7.884464317934583, 7.88325651521345, 7.8820458252752985, 7.880832244888756, 7.879615772409212, 7.878396409944414, 7.877174154368401, 7.875949002091891, 7.874720949536811, 7.873489993136451, 7.87225612920681, 7.871019353643186, 7.869779662791744, 7.868537053068624, 7.8672915209014995, 7.866043062729099, 7.864791675005377, 7.8635373541956195, 7.862280096776271, 7.861019899240002, 7.859756758091586, 7.858490669847137, 7.857221631040098, 7.855949638217564, 7.8546746879385925, 7.85339677678129, 7.8521158840724095, 7.850831999769259, 7.849545143976839, 7.848255323878271, 7.846962540624087, 7.845666790900801, 7.844368071418011, 7.843066378903779, 7.841761710115148, 7.840454061832441, 7.839143430855335, 7.8378298140108855, 7.8365132081480855, 7.835193610133706, 7.833871016858224, 7.83254542522954, 7.831216832169133, 7.829885234614397, 7.828550629511771, 7.827213013812254, 7.825872384470472, 7.824528738436876, 7.823182072652381, 7.82183238404445, 7.820481473299395, 7.819125746163237, 7.817766980656149, 7.816405173869839, 7.815040322937701, 7.813672425054739, 7.81230147753761, 7.810927477754623, 7.809550423173494, 7.80817031140158, 7.806787087035662, 7.805400795344721, 7.804011436114364, 7.802619006617605, 7.801223504164932, 7.799824926086399, 7.798423269710994, 7.797018532399474, 7.795610711504128, 7.794199804362367, 7.7927858081191355, 7.791368719806462, 7.789948536655218, 7.78852525583751, 7.787096192606148, 7.785666518859437, 7.7842337328625115, 7.782797830031729, 7.781358798562464, 7.779916634148495, 7.778471333549279, 7.777022893513372, 7.775571310793506, 7.774116582138601, 7.772658704301341, 7.771197674052092, 7.7697334881792015, 7.768266143509868, 7.766795636920816, 7.7653219653472485, 7.76384512580085, 7.762365115368229, 7.760881931215328, 7.759395570583326, 7.757910346187017, 7.756417779626234, 7.754922029716004, 7.753423093944793, 7.751920969983744, 7.75041565536936, 7.748907147628421, 7.747395444342981, 7.745880542773434, 7.744362440278115, 7.742841133790503, 7.741316619962863, 7.739786076548207, 7.738254886795178, 7.736720473010944, 7.735182832327886, 7.733641961744767, 7.732097858234123, 7.730550518751841, 7.728999940199842, 7.727446119590112, 7.7258890539592775, 7.724328740543391, 7.722765176742709, 7.721198360165644, 7.719628288650292, 7.718054960138059, 7.71647837270826, 7.714898524379108, 7.713315413131471, 7.711729036774668, 7.71013939295201, 7.70854647912474, 7.706950292552353, 7.7053508303612395, 7.703748089501894, 7.702142099517939, 7.7005329171160986, 7.698920438575078, 7.697304660829572, 7.695685580737895, 7.694063195230632, 7.69243750118614, 7.690808495527261, 7.689176175144059]