Model Setup for Atypical Patient 4:
ITERS=2000
LEARNING_RATE=0.001
OPT_RESET=500
ATOL=1e-09
RTOL=1e-07
METHOD=dopri5
Input channels=2
Hidden channels=11
Output channels=2
Runtime=144.27755498886108
Optimizer=Adam (
Parameter Group 0
    amsgrad: False
    betas: (0.9, 0.999)
    capturable: False
    differentiable: False
    eps: 1e-08
    foreach: None
    fused: None
    lr: 0.001
    maximize: False
    weight_decay: 0
)Loss over time=[2042.1010133102639, 1992.3536910585055, 1943.2832562682504, 1894.907290047677, 1847.2424553502503, 1800.3042043202577, 1754.1063704605704, 1708.661057405528, 1663.9790974232267, 1620.0705941430608, 1576.944912721239, 1534.6103853154564, 1493.0739667961113, 1452.3407311923102, 1412.4137914985492, 1373.2939357979499, 1334.979526878412, 1297.4665110131527, 1260.7486199765258, 1224.8177070930315, 1189.6640676226539, 1155.276825548405, 1121.6444411386453, 1088.7550340245225, 1056.5966801340703, 1025.1576676658035, 994.4263403947032, 964.3914097294517, 935.0418024813207, 906.3666898253069, 878.3555228089957, 850.9980446753914, 824.2843551473626, 798.2047396116751, 772.7499772614909, 747.9111591609828, 723.6797403755514, 700.0475410827953, 677.0067290136919, 654.5498015238145, 632.6695349258761, 611.3589325885213, 590.6111219495019, 570.4193668144519, 550.7768249711376, 531.6765269503856, 513.1112754869663, 495.0735608676365, 477.5555062433872, 460.54885054291117, 444.0449429243835, 428.03482661718976, 412.50933986793166, 397.45917864926287, 382.8749606666331, 368.74749104254425, 355.06768356251797, 341.8267072598624, 329.0161122028692, 316.6277756160611, 304.6539909915625, 293.08747695200066, 281.92134220741593, 271.1490800358001, 260.7645340396817, 250.76186314773747, 241.13550037938515, 231.88011259646044, 222.99051247336973, 214.4616252330409, 206.2884438033059, 198.46591096992142, 190.98889371201176, 183.85210692411874, 177.050049119949, 170.57694897522668, 164.4267067384828, 158.592844892497, 153.06848832090174, 147.84633255793835, 142.91864137480968, 138.27725455664807, 133.91360625186175, 129.81876196176643, 125.98346106494934, 122.3981673043383, 119.05312467289356, 115.93841838325244, 113.0440293953483, 110.359892143484, 107.87594671191714, 105.58218694489437, 103.46870325361456, 101.52572092819229, 99.7436334289194, 98.11303153240692, 96.62472808643565, 95.26977932612346, 94.03950302438203, 92.9254920652745, 91.91963662265138, 91.01411999356831, 90.20143903458973, 89.47440846202446, 88.82616654167606, 88.25017936871201, 87.74024359357821, 87.29048765743529, 86.89537170010462, 86.54968636815082, 86.24854879600525, 85.98739831882004, 85.76199064174875, 85.56839063301769, 85.40296004676941, 85.26236312669823, 85.14353441073968, 85.04368072128493, 84.96026578934823, 84.89099725220193, 84.8338131835399, 84.78686745040604, 84.74852011308194, 84.7173165253962, 84.69197763619594, 84.67138584507477, 84.6545707757938, 84.64069637377852, 84.62904829904504, 84.61902185490736, 84.61011052347838, 84.60189515339908, 84.59402849131563, 84.58624808040928, 84.57833242053918, 84.57011762235969, 84.56148354043302, 84.5523471368031, 84.54265649445482, 84.53238545242961, 84.521528830445, 84.5100982081757, 84.49811822267682, 84.48562334659262, 84.47265510965971, 84.45925972642944, 84.44548609398447, 84.43138412461442, 84.41700337984577, 84.40239197381496, 84.38759571567958, 84.3726574625453, 84.35761665617423, 84.34250901856518, 84.32736638329703, 84.31221664131108, 84.29708378156467, 84.28198800873379, 84.26694592183108, 84.25197073926869, 84.23707255750944, 84.22225863201525, 84.20753367070701, 84.19290013158559, 84.17835851752376, 84.16390766251017, 84.14954500480343, 84.13526684352607, 84.12106857619797, 84.10694491555893, 84.09289008477589, 84.07889799075939, 84.06496237583866, 84.0510769484649, 84.03723549394418, 84.02343196644364, 84.00966056367906, 83.99591578579407, 83.98219247983997, 83.9684858720457, 83.9547915884202, 83.94110566524287, 83.92742455256814, 83.9137451101563, 83.90006459718636, 83.88638065751888, 83.87269130124233, 83.85899488338582, 83.84528999957493, 83.83157543597984, 83.81785063968594, 83.80411509583702, 83.79036851022671, 83.77661078479933, 83.76284199417775, 83.7490623634941, 83.73527224774135, 83.72147211282018, 83.70766251841646, 83.69384410280412, 83.68002545042378, 83.66619184624936, 83.65235150187316, 83.6385051960261, 83.62465372349446, 83.61079788819008, 83.5969384974654, 83.58307635755172, 83.56921226999575, 83.55534702897445, 83.54148141937037, 83.52761621550508, 83.51375218044286, 83.49989006593859, 83.48603061247742, 83.4721745502653, 83.45832260060358, 83.44447547744946, 83.43063388778033, 83.41679852831277, 83.40297007865001, 83.38914919826026, 83.37533653407765, 83.36153273199645, 83.3477384420203, 83.33395431691848, 83.32018100919716, 83.30641916899411, 83.29266944312984, 83.27893247484238, 83.26520890380012, 83.2514993661731, 83.23780449466831, 83.22412491848749, 83.21046126320824, 83.19681415058766, 83.1831841983035, 83.16957201963639, 83.15597822311278, 83.14240341210387, 83.12884818440403, 83.11531313179067, 83.10179883957017, 83.08830588611278, 83.07483484245746, 83.0613930058501, 83.04796737517835, 83.0345653197662, 83.02118737037581, 83.0078340497476, 82.99450587186392, 82.98120334128976, 82.96792695258432, 82.95467718977069, 82.94145452585623, 82.92825942239624, 82.91509232909719, 82.90195368345461, 82.8888439104206, 82.87576342210045, 82.86271261747429, 82.84969188214086, 82.83670158808503, 82.82374209346347, 82.81081374246972, 82.7979168661666, 82.78505178043328, 82.77221878619318, 82.75941816975238, 82.746650202685, 82.73391514173026, 82.72121322870402, 82.70854469042693, 82.69590973866293, 82.6833085782156, 82.67074140056964, 82.65820835799151, 82.64570960090292, 82.63324526461872, 82.62081546935586, 82.60842032025472, 82.59605990741373, 82.58373430593291, 82.57144357597014, 82.5591877628069, 82.54696689692392, 82.534780994088, 82.52263005544863, 82.51051406764223, 82.49843300291009, 82.48638681921693, 82.47437546038411, 82.46239885622867, 82.45045692271025, 82.43854956208322, 82.42667666305812, 82.41483810096689, 82.40303373793714, 82.39126342306946, 82.37952699261949, 82.36782427018612, 82.3561550669013, 82.34451918162533, 82.33291640114453, 82.32134650037122, 82.30980924254676, 82.29830437944625, 82.28683165158577, 82.27539078842975, 82.2639815085995, 82.25260352008394, 82.24125652044738, 82.22994019703971, 82.21865422720548, 82.20739827849356, 82.19617200886142, 82.18497506688496, 82.17380709196111, 82.16266771451124, 82.15155655618345, 82.14047323004961, 82.12941734080454, 82.11838848495901, 82.10738625103097, 82.09641021973651, 82.08545996417352, 82.0745350500067, 82.06363503564603, 82.05275947242393, 82.04190790476959, 82.03107987037623, 82.02027490037158, 82.00949251947634, 81.99873224616734, 81.98799359283079, 81.97727606591565, 81.96657916608312, 81.95590238834887, 81.9452452221261, 81.93460714882832, 81.9239876462313, 81.91338618827302, 81.9028022439133, 81.89223527725709, 81.88168474767556, 81.87115010992225, 81.86063081424655, 81.85012630650448, 81.83963602826593, 81.82915941691766, 81.81869590576562, 81.80824492413213, 81.79780589745195, 81.78737824736442, 81.77696139180358, 81.76655474508608, 81.75615771799592, 81.74576971786824, 81.73539014866873, 81.72501841107486, 81.71465390255082, 81.70429601742421, 81.69394414695934, 81.68359767942974, 81.67325600018945, 81.66291849174321, 81.65258453381769, 81.64225350342494, 81.63192477493209, 81.6215977201293, 81.61127170829565, 81.60094610626699, 81.59062027850122, 81.58029358714587, 81.56996539210535, 81.55963505110758, 81.54930191977354, 81.5389653516854, 81.52862469845665, 81.51827930980424, 81.50792853362023, 81.49757171604595, 81.48720820154904, 81.47683733299918, 81.46645845174908, 81.45607089771656, 81.4456740094674, 81.4352671243037, 81.42484957835185, 81.41442070665612, 81.40397984327333, 81.39352632137057, 81.3830594733284, 81.3725786308453, 81.36208312504621, 81.35157228659571, 81.34104544581444, 81.33050193279892, 81.31994107754711, 81.30936221008672, 81.29876466060843, 81.28814775960413, 81.2775108380092, 81.26685322734853, 81.25617425989014, 81.24547326880004, 81.23474958830494, 81.22400255385787, 81.21323150231059, 81.20243577208893, 81.19161470337549, 81.18076763829515, 81.1698939211075, 81.1589928984034, 81.14806391930641, 81.13710633567914, 81.12611950233564, 81.11510277725691, 81.10405552181223, 81.09297710098517, 81.08186688360313, 81.07072424257174, 81.05954855511422, 81.04833920301321, 81.03709557285768, 81.02581705629304, 81.01450305027373, 81.00315295732113, 80.99176618578144, 80.98034215008735, 80.96888027102362, 80.95737997599123, 80.94584069927613, 80.93426188231716, 80.92264297397521, 80.91098343080405, 80.89928271731935, 80.88754030626932, 80.87575567890151, 80.86392832523266, 80.85205774431292, 80.84014344448941, 80.82818494366774, 80.81618176956968, 80.80413345998767, 80.7920395630345, 80.77989963739044, 80.76771325254225, 80.75547998902785, 80.74319943900008, 80.73087120594818, 80.71849490488235, 80.70607016273594, 80.6935966185661, 80.68107392374863, 80.6685017421639, 80.65587975037565, 80.64320763779747, 80.63048510685536, 80.61771187313728, 80.60488766553485, 80.59201222637569, 80.57908531154646, 80.56610669060495, 80.55307614688515, 80.53999347759064, 80.52685849387983, 80.51367102094223, 80.50043089806522, 80.48713797869263, 80.47379213047572, 80.4603932353138, 80.44694118939151, 80.43343590320536, 80.41987730158566, 80.4062653237129, 80.3925999231277, 80.37888106773704, 80.36510873981625, 80.35128293600832, 80.33740366731978, 80.3234709591153, 80.30948485111183, 80.29544539737125, 80.28135266629454, 80.26720674061686, 80.25300771740365, 80.23875570805004, 80.22445083828428, 80.21009324817166, 80.19568309212613, 80.18122053892414, 80.16670577172478, 80.15213898809361, 80.13752040003241, 80.122850234014, 80.10812873102331, 80.09335614660077, 80.0785327508934, 80.06365882870578, 80.04873467955971, 80.31527035733707, 79.9130703648998, 80.04346123133179, 80.00722545179086, 79.79967470915555, 79.68073414264664, 79.69344469311123, 79.6858607495367, 79.58354166040782, 79.4557630196114, 79.38108153399489, 79.35786480139323, 79.32292142128152, 79.24174454087037, 79.14126393381096, 79.06341911486753, 79.01595447671754, 78.9699797409322, 78.90010760552015, 78.81288645181168, 78.73247782100697, 78.6702368507146, 78.61409113483067, 78.54630357495977, 78.46493847276615, 78.38299084015955, 78.3107328350626, 78.24435916769595, 78.17270730989124, 78.09166758922589, 78.00781831728119, 77.92870678625793, 77.85354617885876, 77.77533101298354, 77.69028505849009, 77.60187448005658, 77.51524673596856, 77.43051781922922, 77.34338850560796, 77.2512660692958, 77.15619353743614, 77.06131256651487, 76.96650108652035, 76.86893241202068, 76.7670142927693, 76.66204195118858, 76.5558825245825, 76.44839010312036, 76.33789106592255, 76.22354658453051, 76.10618416553581, 75.98677418606033, 75.86494491251014, 75.73950778998578, 75.60999878215, 75.47702596164581, 75.34116811627477, 75.20215582098503, 75.05935666256877, 74.9126315177337, 74.76233981905021, 74.60867608563781, 74.45135366277742, 74.28998856144493, 74.12457262328755, 73.95541109482896, 73.78269174883654, 73.6063159490029, 73.42616232919009, 73.24232924997446, 73.05503256182284, 72.86437899297461, 72.67033557613, 72.4728909766859, 72.27218210981273, 72.06843762462623, 71.86183359130452, 71.6524588901295, 71.44040387370136, 71.22581756538064, 71.00886960638663, 70.78968976714985, 70.56836009662908, 70.3449635476603, 70.1196172766433, 69.89244020297609, 69.66353657642843, 69.43295912594955, 69.20074662254268, 68.96693501680208, 68.73154876416189, 68.49458052924155, 68.25599162138575, 68.01572960290048, 67.77373885326645, 67.52995765408711, 67.28430730052021, 67.03668871494345, 66.78697842104744, 66.53507288761452, 66.28085023654927, 66.02418040777235, 65.76492714777872, 65.50295551218181, 65.23813853075794, 64.97035820778434, 64.69950375371826, 64.42547018916609, 64.1481609923695, 63.867490310661495, 63.58338281800971, 63.295773221587936, 63.004606818884376, 62.70984182003745, 62.4114480815098, 62.109410682232344, 61.803712991326535, 61.49436917936744, 61.18139865772557, 60.8648266918839, 60.544683031010315, 60.22100675680228, 59.89384639726823, 59.56325596245081, 59.22929454055591, 58.89202520345692, 58.551500748791234, 58.207821424040326, 57.86104802736043, 57.51125465994114, 57.15851702108171, 56.802911700602095, 56.44451460544383, 56.083400327237676, 55.71964304714325, 55.35331648094347, 54.98449450544718, 54.613246319818856, 54.23963986653755, 53.86374163620655, 53.48561595771914, 53.10532573529526, 52.72293219879591, 52.338494429439834, 51.95206835515182, 51.56372983696961, 51.173492861537035, 50.78144239806141, 50.38763190981429, 49.99211689684389, 49.59495227881442, 49.196193918309625, 48.79589895370631, 48.39412600522192, 47.990936048895264, 47.58639150413614, 47.180557335093255, 46.773500761855466, 46.36529202737782, 45.95600540810196, 45.545717433395026, 45.13450852910675, 44.72246303562732, 44.309669783354096, 43.896222824106516, 43.48221987526409, 43.06776511781272, 42.65296717146667, 42.23794292377966, 41.822812214636635, 41.40770763921068, 40.992752735570214, 40.57812684468425, 40.16401449699509, 39.751079446348804, 39.34233286480125, 38.95833524296422, 38.70623381178485, 38.61387429518336, 37.8500933023404, 37.6137672380719, 37.32132092161151, 36.79349074670029, 36.67649144809231, 36.085543930768296, 35.96781438442951, 35.440694964140924, 35.30379320075309, 34.816973386430696, 34.637283900435776, 34.19821338732841, 34.00581782725564, 33.59977936253212, 33.38207656058473, 33.005849011681995, 32.780161044281876, 32.42923993626347, 32.18689039889818, 31.858930321371034, 31.608564863591667, 31.30392297287254, 31.041055941495497, 30.757759131908482, 30.485856014862975, 30.22402648340333, 29.94481010713901, 29.700299756264723, 29.41747185681271, 29.183708601601435, 28.907097240078883, 28.676452557622103, 28.4136347793245, 28.17665302238241, 27.934433039877057, 27.69009069768481, 27.465231504178835, 27.221684813882884, 27.00325026291464, 26.7725732263093, 26.549886488779126, 26.33682312747766, 26.11382768644486, 25.907337485752517, 25.69740227701184, 25.488770921832383, 25.291730923581063, 25.089677994868456, 24.893845025679855, 24.705078059521625, 24.513242380768546, 24.327845913169348, 24.148060820963348, 23.966865872219866, 23.79052555700268, 23.619950374623045, 23.449527326145667, 23.28171321572953, 23.119519678689688, 22.95977943236895, 22.801129536633127, 22.646194474189556, 22.495549583604262, 22.34707056614934, 22.200202332853276, 22.056396077086166, 21.916230630406613, 21.77876431021963, 21.643146548432977, 21.509641862508758, 21.378846277158274, 21.250949343048692, 21.12563162872561, 21.002412060171356, 20.881204319319195, 20.761952896151094, 20.644890051080765, 20.529980466945847, 20.417274927501374, 20.30669032924581, 20.198128975347714, 20.09163926739295, 19.98706328549281, 19.884712343867122, 19.784441754225632, 19.68710743769769, 19.593197786562403, 19.505283671742358, 19.42875428683149, 19.368873575258263, 19.349227530423907, 19.320930403636126, 19.276518440865733, 19.07104822962293, 18.910012027310096, 18.883907252394582, 18.877079701750645, 18.783165619988456, 18.63716996098857, 18.59434907878693, 18.589043346728133, 18.487737433405552, 18.381669597535303, 18.349017950735302, 18.31639785379683, 18.232940830067943, 18.153642235439897, 18.123793561754148, 18.086377974556896, 18.00795918835071, 17.94743541966128, 17.917984139517003, 17.873091225701504, 17.80880521965852, 17.75817389893349, 17.726435868552752, 17.68619983448647, 17.63094519275633, 17.584966578656605, 17.552721566628666, 17.51617196293157, 17.470392852018758, 17.427186339107834, 17.393979383067276, 17.36260297778125, 17.32476338109498, 17.285096170826748, 17.2507304517363, 17.22128317618888, 17.19102239056628, 17.15728974365805, 17.12359290052408, 17.093375099897234, 17.066178232906413, 17.03909022933595, 17.01039064932916, 16.981247352445905, 16.95355912678712, 16.92806454374605, 16.903922831581465, 16.879865074760453, 16.85537969977915, 16.830783994169398, 16.806844545511368, 16.78404712744665, 16.76237471941092, 16.741472959149306, 16.720963067502638, 16.7006260023301, 16.680425569378205, 16.660488430744497, 16.640951005384128, 16.62191708788877, 16.603441083691198, 16.58550681176716, 16.568083387321966, 16.55113200670316, 16.5346139402788, 16.51852450230337, 16.502857493825022, 16.487650460895864, 16.47296533585165, 16.45890899458305, 16.445745394871302, 16.433728946844724, 16.423795096734516, 16.41639828603205, 16.41448576072463, 16.41684101440887, 16.429920650600096, 16.4367578133681, 16.443768542886687, 16.40858932722388, 16.361023624013693, 16.312990746133572, 16.296705987818903, 16.30798690876255, 16.318936653220554, 16.312741379818302, 16.280151732199823, 16.250270404777286, 16.23954386900026, 16.24446733346256, 16.247952074063765, 16.234507142221688, 16.212929119177133, 16.195621844955358, 16.19054182081936, 16.191640843101208, 16.187426038107432, 16.17557119815693, 16.160054437634184, 16.149307951740358, 16.145033046628235, 16.142655862698625, 16.137328579661542, 16.127245204908824, 16.116215642271126, 16.107671493314392, 16.102521482576222, 16.098699802136117, 16.093435827968108, 16.086085101984818, 16.07749894288327, 16.069678631711266, 16.063549617923453, 16.05869837086688, 16.053980209986257, 16.048391773630378, 16.041910993877448, 16.034992604544755, 16.028419234335953, 16.02257805578805, 16.01738909587692, 16.012460391580678, 16.007369304636427, 16.001934871152503, 15.996159034706414, 15.990279076935428, 15.984506300793772, 15.978986665758873, 15.973739169776904, 15.968686085267729, 15.963709003629988, 15.958704668405268, 15.953619396636823, 15.94843446386057, 15.943185127855209, 15.937906096224419, 15.932642454485302, 15.92742321317154, 15.922260858026704, 15.9171579365689, 15.912104656403185, 15.90708843882187, 15.90209772237596, 15.897119778522695, 15.892149656405188, 15.887180681447887, 15.882213522801523, 15.877247867249485, 15.872287131628433, 15.867337489097464, 15.862403765632651, 15.857502447407331, 15.852640195933002, 15.847855595521116, 15.843158031091058, 15.838637818673554, 15.834302865297644, 15.830367272305027, 15.826801060166149, 15.824109147772726, 15.822034847032045, 15.821707464464204, 15.821873141032672, 15.82473246487726, 15.825840514611809, 15.828722440536989, 15.823653550101342, 15.816489171559624, 15.799195378510314, 15.781336717114579, 15.764800515811338, 15.754940334197846, 15.751935366943862, 15.752886444642028, 15.754063331749252, 15.750998391308206, 15.744195278326764, 15.73343420348438, 15.72295076956131, 15.7149595412778, 15.710398523280578, 15.708115278081685, 15.705916207537406, 15.702315040631516, 15.69629268900647, 15.689039801882574, 15.681636309422595, 15.675394628672793, 15.670656536930197, 15.666950620690653, 15.66341263055017, 15.65922426365778, 15.654211612841925, 15.648458696356084, 15.642575155658568, 15.637012429952943, 15.632027053143338, 15.627563212580197, 15.62335941706578, 15.61911371335021, 15.61459507030479, 15.609777266493587, 15.604702583480936, 15.599549984077049, 15.594453463583518, 15.589509799696305, 15.584740513485293, 15.580106766080535, 15.575539130392537, 15.57096817952507, 15.566344807905443, 15.56163671101819, 15.556851089815323, 15.551991167970186, 15.547088198992252, 15.542156117141998, 15.537217107324098, 15.532279748923207, 15.527349736796328, 15.522428014775596, 15.517511240720028, 15.512596621618634, 15.507679569979427, 15.50275700604501, 15.497826520414542, 15.492886121276024, 15.487936121144333, 15.482976014435122, 25.422762168681746, 15.530947432411978, 18.79827276691053, 21.92649247554506, 20.698648543424177, 17.515552081287773, 15.518758161623605, 16.39849878443638, 18.425191684798502, 18.48812884061604, 16.821492064108277, 15.566571935147579, 15.701032334077356, 16.595537651293174, 17.183978118859926, 16.972765956867963, 16.216646586235417, 15.567107650971577, 15.536820456524952, 16.03035470264575, 16.407612474558963, 16.229610593337224, 15.74338276607155, 15.466816180588552, 15.586304407466212, 15.869563646090135, 15.992570099207251, 15.84629068862991, 15.586696876254626, 15.458958764749463, 15.555374068880093, 15.722871299219987, 15.746672047742804, 15.606956669783408, 15.472760443269562, 15.474250609546374, 15.569909324413395, 15.629191552395913, 15.585568876171328, 15.492777151692884, 15.45100484158931, 15.491625758567757, 15.546560241955602, 15.540078697395774, 15.48344177404389, 15.447319049654082, 15.464857532448843, 15.499727616930706, 15.502557125296, 15.470839002885503, 15.44420847820917, 15.450654571292933, 15.472836896324958, 15.475876685795203, 15.455600214851033, 15.43928344244157, 15.444283805264165, 15.457310727313684, 15.45731375187517, 15.443983260670507, 15.434734313148864, 15.438945840275345, 15.446322485626991, 15.443906711548818, 15.434639878849861, 15.430608586333937, 15.434486113963477, 15.437507869888009, 15.433730589720286, 15.427856355745009, 15.426848649548964, 15.429565416846106, 15.429647143726259, 15.425718314901452, 15.422609491215855, 15.423103980473714, 15.424168348996375, 15.422487427961538, 15.419450174848206, 15.418274558134463, 15.418819094126858, 15.41833386887518, 15.416147256031183, 15.414363630175659, 15.414093732321392, 15.41389242808342, 15.412472113201632, 15.410699743081215, 15.409857487368162, 15.409522819601925, 15.40853042276939, 15.40698736417704, 15.405880010379716, 15.40530829567743, 15.404477998028822, 15.403161475040747, 15.401974646864177, 15.401209351339714, 15.40039919286699, 15.399232942104577, 15.39805413440037, 15.39716344995215, 15.396314270349334, 15.39522999040666, 15.394083116137654, 15.393119915666482, 15.392220593961197, 15.39117068618137, 15.390052759457774, 15.389049229055098, 15.38810314037338, 15.387061133639952, 15.385962481538002, 15.384935230347685, 15.383951191463042, 15.382903659854435, 15.38181388679406, 15.380769949211954, 15.379754614308633, 15.378695471624718, 15.377607322811684, 15.37654950935978, 15.375508348906386, 15.374435208986624, 15.37334313948951, 15.372271530646373, 15.371207597855635, 15.370119713722731, 15.369020411014816, 15.367934771281556, 15.366850440307877, 15.3657477351189, 15.364638572993753, 15.363537937667667, 15.362434474364647, 15.361317280689486, 15.360196700052414, 15.359080583361436, 15.357959139014998, 15.356827306486899, 15.355693825563584, 15.354561542266454, 15.35342285458857, 15.35227666390195, 15.351129381858401, 15.349980758664968, 15.348825529078697, 15.347664847765971, 15.346502804002414, 15.34533764866876, 15.344166399469094, 15.34299111999067, 15.341813793479746, 15.34063225593985, 15.339445346159282, 15.338255098099035, 15.337061980716157, 15.335864225043741, 15.334661899619704, 15.333456431531385, 15.33224737152441, 15.331033649381032, 15.329815914647936, 15.328594864251915, 15.327369778318852, 15.326140305736622, 15.324907141382527, 15.32367035344622, 15.322429337508341, 15.321184217358644, 15.319935449231092, 15.318682793080871, 15.317425964575472, 15.31616525938914, 15.3149008053677, 15.313632307224582, 15.312359757133772, 15.311083400194827, 15.309803161691043, 15.308518877357512, 15.307230674052503, 15.305938636564049, 15.304642622893683, 15.303342614101552, 15.302038734533157, 15.300730956146099, 15.299419195660443, 15.298103513884467, 15.296783952783615, 15.295460440915143, 15.29413297082604, 15.292801604670666, 15.291466325907207, 15.290127095894485, 15.288783947559198, 15.28743689619934, 15.28608590414434, 15.284730973027257, 15.283372132686413, 15.282009370147073, 15.280642669523695, 15.279272049033773, 15.277897509965259, 15.276519032335221, 15.275136621206137, 15.273750288804179, 15.272360024789258, 15.270965823844483, 15.26956769448367, 15.2681656317708, 15.266759625491323, 15.265349679975662, 15.263935797697279, 15.262517970896697, 15.261096197963726, 15.259670480483255, 15.258240811647992, 15.25680718621798, 15.255369605673263, 15.253928067369777, 15.252482565525453, 15.251033098436336, 15.249579663075075, 15.248122252761135, 15.246660863932442, 15.24519549475866, 15.243726140239083, 15.242252795425049, 15.240775456795198, 15.239294118711626, 15.237808775037337, 15.236319421759104, 15.234826054328236, 15.23332866675354, 15.231827253707133, 15.230321809583842, 15.228812327574646, 15.227298801581497, 15.225781226175592, 15.224259595015608, 15.222733901467688, 15.221204139073217, 15.219670300679441, 15.21813237895896, 15.216590367198682, 15.21504425849203, 15.213494045429638, 15.211939720600792, 15.210381276326945, 15.208818704570872, 15.207251997578215, 15.205681147721219, 15.20410614696674, 15.20252698715416, 15.200943660023244, 15.199356157025296, 15.197764469647417, 15.19616858953553, 15.19456850819953, 15.192964216981716, 15.191355707115923, 15.189742969676091, 15.18812599567812, 15.18650477626217, 15.184879302553174, 15.183249565557203, 15.18161555619151, 15.17997726528145, 15.17833468360094, 15.176687802001219, 15.175036611387986, 15.173381102608296, 15.171721266454254, 15.170057093679093, 15.168388575009372, 15.166715701236093, 15.165038463232902, 15.163356851879833, 15.16167085804016, 15.159980472576812, 15.15828568637503, 15.15658649037281, 15.154882875622997, 15.153174833230981, 15.151462354330413, 15.149745430089746, 15.148024051735312, 15.146298210571187, 15.144567898027862, 15.142833105734839, 15.141093827271574, 15.139350052135065, 15.137601772078318, 15.135848978963553, 15.134091664802604, 15.132329821726103, 15.130563441976289, 15.128792517899827, 15.127017041959288, 15.125237006757475, 15.12345240506775, 15.121663229806602, 15.119869474029729, 15.118071130935494, 15.11626819386265, 15.114460656322093, 15.112648512006546, 15.110831754771844, 15.109010378654345, 15.10718437784405, 15.105353746715366, 15.103518479815731, 15.101678571898377, 15.099834017911904, 15.097984812989937, 15.096130952453512, 15.094272431819265, 15.092409246791322, 15.090541393307076, 15.088668867518662, 15.086791665763666, 15.084909784594489, 15.08302322077017, 15.081131971264954, 15.079236033274645, 15.077335404223675, 15.075430081736762, 15.073520063666745, 15.071605348080857, 15.069685933269744, 15.067761817751348, 15.065833000275093, 15.063899479801705, 15.061961255522517, 15.060018326843204, 15.058070693395434, 15.056118355049962, 15.054161311890153, 15.052199564223692, 15.050233112579878, 15.048261957706432, 15.04628610057125, 15.044305542371857, 15.042320284518057, 15.040330328629244, 15.03831857812836, 15.036318881735243, 15.034314491785869, 15.032305410751132, 15.030291641306485, 15.028273186333786, 15.02625004891052, 15.02422223231324, 15.022189740012324, 15.020152575690593, 15.018110743194866, 15.016064246551627, 15.014013089965989, 15.011957277819828, 15.009896814667007, 15.007831705231268, 15.005761954398993, 15.003687567219929, 15.001608548898703, 14.999523992467964, 14.997435747627339, 14.995342888613232, 14.993245421181525, 14.991143351217604, 14.989036684723049, 14.986925427830453, 14.984809586788794, 14.982689167969562, 14.98056417784363, 14.97843462298411, 14.976300510052456, 14.974161845806476, 14.972018637097346, 14.969870890853349, 14.96771861407867, 14.965561813842676, 14.963400497280496, 14.961234671588203, 14.959064344020616, 14.956889521881733, 14.954710212515517, 14.952526423303908, 14.950338161665384, 14.948145435049758, 14.945948250933133, 14.94374661680838, 14.94154054018415, 14.93933002857906, 14.93711508951942, 14.93489573053617, 14.9326719591592, 14.930443782909267, 14.92821120929962, 14.925974245827552, 14.923732899980012, 14.921487179220298, 14.919237090992441, 14.916982642710197, 14.914723841760532, 14.912460695499574, 14.910193211250231, 14.907921396302369, 14.905645257904723, 14.903364803267829, 14.90108003956042, 14.898790973911371, 14.896497613404044, 14.89419996507895, 14.891898035930893, 14.889591832908991, 14.887281362914985, 14.884966632810142, 14.882647649402243, 14.880324419460718, 14.877996949704967, 14.875665246811193, 14.873329317413823, 14.870989168104698, 14.86864480543402, 14.866296235913495, 14.863943466015751, 14.861586502178953, 14.859225350807657, 14.856860018273903, 14.854490510923876, 14.852116835071557, 14.849738997012524, 14.847357003018537, 14.844970859346853, 14.842580572234825, 14.840186147910947, 14.837787592597243, 14.835384912508694, 14.832978113861644, 14.830567202873205, 14.828152185770126, 14.82573306878601, 14.823309858173923, 14.820882560203408, 14.81845118116575, 14.816015727381755, 14.81357620520509, 14.811132621023313, 14.808684981267572, 14.806233292411038, 14.803777560979016, 14.801317793551048, 14.798853996766628, 14.796386177328996, 14.793914342011677, 14.791438497660097, 14.788958651200465, 14.786474809644005, 14.783986980088715, 14.781495169727068, 14.7789993858532, 14.776499635860851, 14.77399592725783, 14.771488267662845, 14.768976664815197, 14.76646112657477, 14.763941660931795, 14.761418276008067, 14.758890980056435, 14.756359781471273, 14.753824688785558, 14.751285710672398, 14.748742855943101, 14.746196133554024, 14.74364555259358, 14.741091122284443, 14.738532851976908, 14.735970751141913, 14.733404829360284, 14.730835096314875, 14.728261561782288, 14.725684235621868, 14.723103127763636, 14.720518248197573, 14.717929606978489, 14.71533721420418, 14.71274108002089, 14.710141214629454, 14.707537628278942, 14.704930331278554, 14.702319333999707, 14.69970464689328, 14.697086280492437, 14.694464245432583, 14.691838552458632, 14.689209212430672, 14.686576236345724, 14.683939635336497, 14.681299420678835, 14.678655603811325, 15.028848094279091, 18.363866720722065, 15.065843613897812, 15.942090405762473, 16.45112184480592, 14.810665877616355, 15.021282165680821, 15.862026877181853, 15.544988283445418, 14.758203691694991, 14.80110505688428, 15.385538211004313, 15.222269783817834, 14.702707359501852, 14.735534918826618, 15.077133874562913, 15.080593159802861, 14.766940217730843, 14.642095916319182, 14.855696872556079, 14.950823762550204, 14.748834554825443, 14.631804488474012, 14.753225875535287, 14.843329677156483, 14.742519708994076, 14.630217071901416, 14.684026738493019, 14.767850842724606, 14.708284628994994, 14.626149020462295, 14.6604664902489, 14.716313585053967, 14.6809485013578, 14.622860092269669, 14.642926971893212, 14.682463189608882, 14.653637328026607, 14.616563679119041, 14.636607412369214, 14.658225188343005, 14.63372488300049, 14.612248429738115, 14.630127778835362, 14.639426274665238, 14.617402888110123, 14.609794118553458, 14.624726031137307, 14.62328061416977, 14.607006965576346, 14.608080237551768, 14.617282434785265, 14.609525755193811, 14.60067883328769, 14.606229824910145, 14.607973610625693, 14.599260810721738, 14.5974305363559, 14.60187652231891, 14.598088842720033, 14.592651495980244, 14.594749591570451, 14.594945154186798, 14.589831936625835, 14.588746177973366, 14.59019350320213, 14.587044979620703, 14.584211005770074, 14.585002560063627, 14.5836210176142, 14.58044523204208, 14.580071517408326, 14.579584203200438, 14.576850174070687, 14.57557601847463, 14.575246708713728, 14.573132262459461, 14.571364476613018, 14.570841713608717, 14.569199432349802, 14.567283970294598, 14.566466304182258, 14.565097937351455, 14.563206031734603, 14.562130793962826, 14.56087610643709, 14.559069791944331, 14.557814261926866, 14.556573943831387, 14.554855255409016, 14.553483629735297, 14.55221210767533, 14.550557611179352, 14.549118596943838, 14.54779682692043, 14.546182712840455, 14.544702602878447, 14.543328919301143, 14.541734111734767, 14.540228489722562, 14.538805488876067, 14.53721626187067, 14.53569121054785, 14.534224036523698, 14.532631027134899, 14.531089221366301, 14.529582069160766, 14.5279801697912, 14.526421462763794, 14.524878249012561, 14.52326444374832, 14.521688001474248, 14.52011171723782, 14.518484626711802, 14.516888951262455, 14.515282352408905, 14.513641182173671, 14.512024792643052, 14.510390324976038, 14.508734544859855, 14.507096035324679, 14.5054360847391, 14.503765033370183, 14.50210334599144, 14.500420165352104, 14.498732900018128, 14.497047482240646, 14.495343084059074, 14.493638414304707, 14.491929308338008, 14.490205293635075, 14.488481880387843, 14.486749735178416, 14.485007122784475, 14.483263764733637, 14.481509649958138, 14.479748770401754, 14.477984609812427, 14.476209811775298, 14.47443048420265, 14.472645271655255, 14.47085090071178, 14.46905255881153, 14.467246579662678, 14.465433348517932, 14.463615435718198, 14.461789358304985, 14.459957470152522, 14.458119692200182, 14.456274271126375, 14.454423577175994, 14.452566046618642, 14.450701825066448, 14.448832058563847, 14.446955196562369, 14.445072399375867, 14.443183458777611, 14.441287760295, 14.439386348469542, 14.437478391229753, 14.435564214256049, 14.433644113503506, 14.431717478376202, 14.429784953626818, 14.427846217024454, 14.425901244790953, 14.42395038856916, 14.421993236714444, 14.420030128766918, 14.418060985489175, 14.41608569999563, 14.414104542761958, 14.412117274061767, 14.410124066809686, 14.408124927557596, 14.406119763561087, 14.404108756990782, 14.402091775535228, 14.400068917152458, 14.398040207747933, 14.39600558951421, 14.39396518089079, 14.391918909979655, 14.38986683993703, 14.387808991460481, 14.385745337324463, 14.38366894013327, 14.381593573168066, 14.37951248040381, 14.377425676308679, 14.375333155356573, 14.37323496725411, 14.371131093629991, 14.369021573965892, 14.366906416814862, 14.364785630778156, 14.362659248343759, 14.360527264540918, 14.358389712511036, 14.356246598330864, 14.35409793868642, 14.351943754872627, 14.349784051736055, 14.347618856220816, 14.345448174994772, 14.343272028145037, 14.341090430390626, 14.33890339351846, 14.336710938696577, 14.334513075184658, 14.332309823050222, 14.330101194220042, 14.327887204548476, 14.325667870702029, 14.32344320511391, 14.321213225870851, 14.318977944910527, 14.31673737944431, 14.314491543603816, 14.312240452241541, 14.309984121084115, 14.307722563510469, 14.305455796149888, 14.303183832562224, 14.300906688539122, 14.298624378308313, 14.296336916686005, 14.29404431903064, 14.291746599495257, 14.289443773540624, 14.287135855143243, 14.284822859680094, 14.282504801651685, 14.28018169588787, 14.27785355711619, 14.275520399800673, 14.273182239056837, 14.270839089286527, 14.268490965451457, 14.266137881934448, 14.263779853611412, 14.261416895167672, 14.259049021259209, 14.256676246585789, 14.254298585676674, 14.251916053398293, 14.24952866431425, 14.247136433179485, 14.244739374528372, 14.242337503109168, 14.239930833611053, 14.237519380698478, 14.235103159030313, 14.232682183228349, 14.23025646806001, 14.22782602817211, 14.225390878753002, 14.222951034851622, 14.22050651118921, 14.218057322454019, 14.215603483334126, 14.213145008489924, 14.210681912612689, 14.208214210445192, 14.205741916695287, 14.203265046078121, 14.200783613290968, 14.198297633107995, 14.195807120278717, 14.19331208956383, 14.190812555701685, 14.188308533479402, 14.185800037703375, 14.183287083170189, 14.180769684673816, 14.178247857030899, 14.175721615096911, 14.173190973717878, 14.170655947744168, 14.168116552034098, 14.16557280148969, 14.16302471101231, 14.160472295509715, 14.157915569894426, 14.1553545491144, 14.15278924813153, 14.15021968191216, 14.147645865430901, 14.145067813684976, 14.142485541699347, 14.139899064503176, 14.137308397131823, 14.134713554645607, 14.132114552128666, 14.129511404675986, 14.1269041273936, 14.124292735402006, 14.121677243852467, 14.119057667907242, 14.11643402273948, 14.113806323538737, 14.11117458552248, 14.108538821175332, 14.105899045922193, 14.103255277649255, 14.100607531651292, 14.097955823240074, 14.095300167741083, 14.092640580495026, 14.089977076866278, 14.087309672240293, 14.084638382015436, 14.08196322160566, 14.07928420644884, 14.07660135155504, 14.073914672643385, 14.071224185395662, 14.068529905323452, 14.06583184812565, 14.063130029529958, 14.060424465095933, 14.057715170406668, 14.055002161066684, 14.052285452696298, 14.0495650609339, 14.046841001436178, 14.044113289884178, 14.041381941975514, 14.038646973422658, 14.03590839996163, 14.03316623734655, 14.030420501352838, 14.027657656251547, 14.024904833725328, 14.022148486092918, 14.019388629155678, 14.01662527873673, 14.013858450686183, 14.01108816086912, 14.008314425178769, 14.00553725952716, 14.002756679848545, 13.99997270209674, 13.997185342249185, 13.994394616303184, 13.991600539839492, 13.988803124168705, 13.986002390760643, 13.983198355703074, 13.98039103510564, 13.97758044509127, 13.974766601806522, 13.97194952141411, 13.969129220096608, 13.966305714046628, 13.963479019482088, 13.960649152631953, 13.957816129739893, 13.954979967064059, 13.952140680878204, 13.9492982874644, 13.94645280311816, 13.94360424414346, 13.940752626854938, 13.937897967573868, 13.93504028262492, 13.932179588341215, 13.929315901060846, 13.926449237120671, 13.923579612861834, 13.920707044500455, 13.917831548158954, 13.914953140165785, 13.912071836889153, 13.909187654951369, 13.906300610728096, 13.903410720529196, 13.900518000670992, 13.89762246747991, 13.894724137291428, 13.891823026455084, 13.888919151330134, 13.886012528293522, 13.883103173737688, 13.880191104070548, 13.877276335719252, 13.87435888512857, 13.871438768763594, 13.86851600310668, 13.86559060466093, 13.862662589949371, 13.859731975511282, 13.856798777907438, 13.853863013717234, 13.850924699535762, 13.847983851977828, 13.845040487674071, 13.842094623270361, 13.839146275429993, 13.836195460830375, 13.83324219617026, 13.830286498155356, 13.827328383502492, 13.824367868941431, 13.821404971214616, 13.818439707075216, 13.815472093286784, 13.812502146623569, 13.809529883869606, 13.806555321817562, 13.803578477269212, 13.800599367034113, 13.79761800793037, 13.79463441678331, 13.791648610425149, 13.788660605694984, 13.785670419438203, 13.782678068506003, 13.779683569755509, 13.77668694004894, 13.773688196253607, 13.770687355241305, 13.767684433888508, 13.764679449075606, 13.761672417686695, 13.758663356609294, 13.755652282734646, 13.752639212956497, 13.749624164171427, 13.746607153278461, 13.743588197178275, 13.740567312773948, 13.737544516970301, 13.734519826673123, 13.731493258789534, 13.728464830227676, 13.725434557895513, 13.722402458702412, 13.719368549557009, 13.71633284736829, 13.713295369044745, 13.71025613149401, 13.707215151623268, 13.704172446336457, 13.701128032540339, 13.698081927137133, 13.69503414702663, 13.691984709107926, 13.688933630277637, 13.685880927429821, 13.682826617454099, 13.679770717239135, 13.67671324367035, 13.673654213626264, 13.670593643985752, 13.667531551620494, 13.664467953400317, 13.661402866188586, 13.658336306843472, 13.655268292221912, 13.65219883916928, 13.64912796453205, 13.646055685145074, 13.642982017841193, 13.639906979445817, 13.636830586763937, 13.633752856228538, 13.630673804458267, 13.627593448245726, 13.624511804369927, 13.621428889602294, 13.618344720713715, 13.615259314276265, 13.612172686036853, 13.609084852547443, 13.605995830500559, 13.602905636576361, 13.59981428744561, 13.596721799766406, 13.593628190187225, 13.59053347534959, 13.587437671871568, 13.584340796373795, 13.58124286545734, 13.578143895708967, 13.575043903710572, 13.571942906020679, 13.568840919194901, 13.565737959771626, 13.562634044275075, 13.559529189215606, 13.556423411092833, 13.55331672638933, 13.550209151570103, 13.547100703095419, 13.543991397399777, 13.540881250912584, 13.537770280035941, 13.534658501166552]