Model Setup for Atypical Patient 8:
ITERS=300
LEARNING_RATE=0.001
OPT_RESET=500
ATOL=1e-09
RTOL=1e-07
METHOD=dopri5
Input channels=2
Hidden channels=40
Output channels=2
Runtime=1536.1293575763702Optimizer=Adam (
Parameter Group 0
    amsgrad: False
    betas: (0.9, 0.999)
    capturable: False
    differentiable: False
    eps: 1e-08
    foreach: None
    fused: None
    lr: 0.001
    maximize: False
    weight_decay: 0
)Loss over time=[1362.4826964428644, 1199.6313753832012, 1049.555218385603, 916.5811660020101, 817.4404121682218, 728.3039537447058, 645.2810772960058, 567.8287051282994, 496.26725341498747, 430.5706285018897, 370.66085338178465, 317.77392826440445, 276.4682008381767, 239.3719438179312, 206.33183880819897, 176.94647332373665, 150.72788420553402, 127.63801852974287, 107.15565405112183, 88.83796208268619, 72.65573264013254, 58.70697972237481, 46.92548078421219, 37.445515981278014, 30.275942700018696, 25.225077254599615, 22.282040554613424, 21.23041669663934, 21.734813993754955, 23.358752739263032, 25.625306513158478, 28.062262324160656, 30.23656273545407, 31.82742123766636, 32.648754689442185, 32.60811545238448, 31.730811786200565, 30.132767630612655, 28.004814920081273, 25.579257624931717, 23.06534962315866, 20.658764650559796, 18.513222637354893, 16.732578123792408, 15.370297861869833, 14.46820791951672, 13.930757743112906, 13.705519477369137, 13.728950637661919, 13.929603264354654, 14.238230857248032, 14.589429459055168, 14.928746078283245, 15.21490474796357, 15.420856261051949, 15.5332162045497, 15.550794330385983, 15.482198085806225, 15.34284713473572, 15.152612341305836, 14.932548621164603, 14.702644934218608, 14.48047672248631, 14.279573763490252, 14.109179022582918, 13.97749988580707, 13.886319243741525, 13.827028987609916, 13.79430941738022, 13.781791271702593, 13.783015036494934, 13.79217495307522, 13.804588446569932, 13.816925277782813, 13.827073088992936, 13.83404990953593, 13.837577948066809, 13.837865701703539, 13.835269194538881, 13.83016349998256, 13.822828113367972, 13.813453772647522, 13.802210533637911, 13.7893298412614, 13.775177644514025, 13.760287785260207, 13.74535216543075, 13.731155689815658, 13.718490432800918, 13.708043462477457, 13.700304279063909, 13.695486965512503, 13.693508640099054, 13.69399346739101, 13.696354626795179, 13.699840258489855, 13.703695992385272, 13.707227511320552, 13.709845702005515, 13.711191850698103, 13.71115868973802, 13.70978312827904, 13.70737732644881, 13.70426162734615, 13.7008213818353, 13.697488458496831, 13.694576589789165, 13.692296025651675, 13.690749326019887, 13.68991486572326, 13.689700852281598, 13.689949216862038, 13.690477596074578, 13.691109805158549, 13.691699129335673, 13.69214660313921, 13.692401866978354, 13.692454657601353, 13.69232541603461, 13.692062258116476, 13.691717793091737, 13.691341814301516, 13.690973740690913, 13.690640122568652, 13.690354784310822, 13.690121436108216, 13.689937313731253, 13.689796413430223, 13.689692920172957, 13.689621859418667, 13.689579547069956, 13.689563194554522, 13.689569060697401, 13.689592109440449, 13.689625830269865, 13.689662326268278, 13.689693315164902, 13.689711355539169, 13.689710950966786, 13.68968975551745, 13.689648998768389, 13.689593140791715, 13.689528247777881, 13.68946182278935, 13.689401131920022, 13.689351981700291, 13.6893177895939, 13.68929922675977, 13.689295318631126, 13.689302656205806, 13.689316267384822, 13.68933146012087, 13.689344205438351, 13.689351698020186, 13.689352607649022, 13.689346463342252, 13.68933458381569, 13.689319275342744, 13.689302634407662, 13.689286546071177, 13.689272398266455, 13.689260952417833, 13.689252361052871, 13.689246295339046, 13.689242131162212, 13.689239139902412, 13.689236652563128, 13.689234155892132, 13.689231330345388, 13.689228035825037, 13.689224263905999, 13.689220079234365, 13.68921556853071, 13.689210808272401, 13.689205853721898, 13.689200744924003, 13.689195521183557, 13.68919023486515, 13.689184937187557, 13.689179733906228, 13.68917471381216, 13.689169948027045, 13.689165473771515, 13.689161283918018, 13.689157326384452, 13.689153513709954, 13.689149740371693, 13.689145903492227, 13.689141921973947, 13.689137749819384, 13.68913338111558, 13.689128846342163, 13.689124201699924, 13.689119514561161, 13.689114848646367, 13.689110252130977, 13.689105750786894, 13.689101346832528, 13.689097022798297, 13.689092748707447, 13.68908848629024, 13.689084203170433, 13.689079882695626, 13.689075513570451, 13.689071094854704, 13.689066633407084, 13.689062140342717, 13.689058343877974, 13.689055084162174, 13.689051821959618, 13.689048562073063, 13.689045306219873, 13.689042054080852, 13.689038804372244, 13.689035555632824, 13.68903230659471, 13.68902912252929, 13.689025687902669, 13.689022096611533, 13.689018499909697, 13.689014896778739, 13.689011286087492, 13.689007666892525, 13.689004038710664, 13.689000401661456, 13.688996753329034, 13.688993096690423, 13.688989434013944, 13.688985765776101, 13.68898209240914, 13.688978410538038, 13.688974752434865, 13.68897117195441, 13.688967689171506, 13.688964375714722, 13.68896102007029, 13.688957619288383, 13.688954171684058, 13.68895067671546, 13.688947134685257, 13.688943546408646, 13.688939913074467, 13.688936234167608, 13.688932624544686, 13.688928927551467, 13.688925183489525, 13.688921393739887, 13.688917560103935, 13.688913684968234, 13.688909771144191, 13.688905821691986, 13.688901839886084, 13.688897829025183, 13.68889379244054, 13.68888973312242, 13.688885654147054, 13.688881558099762, 13.688877443346716, 13.688873306187059, 13.688869143366928, 13.688864952211137, 13.688860730432712, 13.688856476243904, 13.688852188187012, 13.688847865393052, 13.688843507312217, 13.68883911319239, 13.688834681965504, 13.68883021312727, 13.688825706728975, 13.68882116330185, 13.688816583816553, 13.688811969415728, 13.688807321613274, 13.68880264209776, 13.688797932626802, 13.688793195005394, 13.688788430230526, 13.688783814060649, 13.688779174645054, 13.68877449059928, 13.688769761889859, 13.688764988701141, 13.688760171327297, 13.688755310056761, 13.68875040529023, 13.68874545764725, 13.688740468096757, 13.688735437920668, 13.688730368517003, 13.688725261549383, 13.68872011873076, 13.688714941953224, 13.68870973318513, 13.68870449427269, 13.688699226856407, 13.688693932468333, 13.688688612593229, 13.688683268671024, 13.688677902102683]