Model Setup for Atypical Patient 2:
ITERS=200
LEARNING_RATE=0.001
OPT_RESET=500
ATOL=1e-09
RTOL=1e-07
METHOD=dopri5
Input channels=2
Hidden channels=40
Output channels=2
Runtime=2210.8372416496277Optimizer=Adam (
Parameter Group 0
    amsgrad: False
    betas: (0.9, 0.999)
    capturable: False
    differentiable: False
    eps: 1e-08
    foreach: None
    fused: None
    lr: 0.001
    maximize: False
    weight_decay: 0
)Loss over time=[290.90324958137967, 210.39537106139622, 144.58367207855358, 92.79807394853641, 54.422182312805624, 28.804928775382844, 14.869879606873768, 10.87005822074963, 14.137163616864568, 21.148581634636752, 28.835767088685767, 34.81562828025024, 37.84889393421868, 37.79805376908344, 35.20348068604793, 30.94242083886639, 25.925595531414253, 20.985478612399543, 16.741294458317597, 13.575205826295676, 11.586815018516038, 10.855187046498509, 11.18429995946422, 12.217841121938767, 13.504454216345918, 14.674237544059892, 15.469669059385282, 15.779275510858492, 15.601007012377384, 15.021607140616998, 14.198850136727257, 13.312972941249825, 12.443104808447599, 11.704898157736714, 11.17511402155827, 10.885250173736898, 10.82230240745565, 10.936839675446834, 11.156757868790455, 11.404722644807611, 11.614408663626955, 11.74147867960866, 11.767720655929441, 11.698996647682321, 11.559290684271696, 11.380924786683135, 11.198033497014432, 11.038796492358557, 10.9217221624261, 10.853985016856411, 10.832704175668646, 10.847525571555506, 10.884254003025823, 10.92803312070958, 10.966168204088692, 10.99004190197525, 10.995577960622592, 10.983151912336371, 10.956438943080157, 10.921132584648008, 10.883544958328466, 10.849340917919655, 10.822635162677086, 10.805606358949664, 10.798547427180504, 10.799893802177602, 10.8070188425675, 10.816694516828726, 10.825739491617757, 10.831804776356856, 10.833136996848356, 10.829636063008852, 10.821874212223724, 10.811764167057042, 10.801181449724991, 10.792143586246084, 10.785960904858966, 10.783109951524143, 10.783464100242993, 10.785961006336477, 10.789524045639943, 10.792851095439923, 10.794937893874486, 10.79525833852075, 10.7938086172042, 10.791019604975052, 10.787602423973027, 10.78433243059582, 10.78185348548105, 10.78051919997054, 10.780360361604014, 10.781117977724813, 10.78234319254252, 10.783582721065123, 10.784356343908069, 10.78452834992384, 10.784109039174849, 10.783138209834219, 10.782057777023457, 10.780912994422307, 10.78027400568522, 10.779861765734053, 10.779834264881519, 10.780161602948063, 10.780624264373209, 10.780891404272529, 10.781143317187011, 10.781116086904216, 10.780852463372026, 10.7805188498806, 10.780140807788928, 10.779842332731407, 10.779667606718705, 10.779518361327941, 10.779676373388304, 10.779788541007623, 10.77989119673171, 10.77995851256004, 10.779937872728217, 10.77986004256275, 10.779752638011667, 10.779620686259225, 10.779504500350113, 10.779391514538752, 10.779375370561292, 10.779369688332137, 10.779382238433003, 10.779391233077442, 10.779392313698207, 10.77937140536491, 10.779303566874757, 10.779253308531684, 10.77920005811427, 10.77915057876301, 10.779113283994642, 10.779075718432198, 10.779048642407345, 10.779047222978168, 10.779012794067391, 10.779019437224852, 10.778962811538964, 10.778924219058217, 10.778889115711983, 10.778792311973024, 10.778793985140831, 10.778713080359337, 10.778691936443385, 10.778637170484842, 10.778561430643135, 10.778580750739094, 10.778542828006191, 10.778443493881419, 10.778451591924526, 10.77844292652893, 10.778379943228831, 10.778288941283202, 10.778263411236447, 10.778218799755642, 10.778140196646559, 10.77812659740025, 10.778079246206627, 10.77806188703866, 10.778015135079745, 10.77796136795804, 10.77789970169879, 10.77783908240604, 10.777794585142031, 10.777757347265561, 10.777696180886782, 10.777631766639756, 10.777537186709441, 10.777506678095667, 10.777419026078553, 10.777343223790693, 10.777269772542086, 10.77719307155977, 10.777130775030816, 10.777037294729338, 10.776959191484776, 10.776877494057983, 10.776793061169236, 10.776705663851647, 10.776614992019567, 10.776520865231317, 10.77642316110511, 10.77632150830885, 10.776216726478436, 10.776111394571936, 10.776032893733815, 10.775892946826099, 10.775776698815836, 10.775658239565121, 10.775536085509783, 10.775410296827452, 10.775278815697499, 10.775144097289402, 10.775005773811621, 10.774863386425649, 10.774715310632685, 10.77456508496578]