Model Setup for Atypical Patient 3:
ITERS=500
LEARNING_RATE=0.001
OPT_RESET=500
ATOL=1e-09
RTOL=1e-07
METHOD=dopri5
Input channels=2
Hidden channels=40
Output channels=2
Runtime=11047.69799900055Optimizer=Adam (
Parameter Group 0
    amsgrad: False
    betas: (0.9, 0.999)
    capturable: False
    differentiable: False
    eps: 1e-08
    foreach: None
    fused: None
    lr: 0.001
    maximize: False
    weight_decay: 0
)Loss over time=[142.5361585880921, 89.44083313889324, 49.94943376502515, 23.174475319405836, 8.141894877267806, 3.330224469372165, 5.872602986602224, 12.394327554022372, 19.312437733166764, 24.05511055613849, 25.568075858702386, 24.059446352261087, 20.44534867953708, 15.841010252765708, 11.2532432631202, 7.427958567190527, 4.797580068854457, 3.493183265499594, 3.389431053725758, 4.171371959622288, 5.424328542457703, 6.733107196509066, 7.759891647107385, 8.298494632441942, 8.281220332838627, 7.7674668919096375, 6.899053262035241, 5.865943516482986, 4.862004256480323, 4.046723419790067, 3.5195682658259986, 3.3095503109755997, 3.3804599390160557, 3.647387420202785, 3.9999928469907116, 4.328476897586191, 4.547318284041757, 4.610935219711822, 4.517362007907416, 4.300973435365259, 4.0185426533087805, 3.7332369076335383, 3.499711927444251, 3.3528716935477982, 3.30268499073838, 3.3358825130664913, 3.4230237282896456, 3.5279333119919962, 3.6168697634738063, 3.6658473356578094, 3.664919539038834, 3.6184650062611428, 3.541638341792766, 3.4548691016947117, 3.37781348274457, 3.325090499384963, 3.3030731417586736, 3.309520308910795, 3.335408453804074, 3.3684213950206425, 3.396698432187328, 3.4117712407918503, 3.4102097815253205, 3.393800611102833, 3.3682537136392434, 3.340927383519896, 3.3184970850094495, 3.305257332888091, 3.3023590265856924, 3.3079558288052366, 3.3181743235034302, 3.3285644128406036, 3.3354841593323012, 3.3369753971316536, 3.3330166000514696, 3.3252254613833117, 3.3161332079269354, 3.3082669010886137, 3.303380597971208, 3.302072436451783, 3.3038067601083045, 3.3072451164792214, 3.3107725192375765, 3.3130520049191574, 3.313393534704058, 3.311846746987271, 3.3090546908726437, 3.305960493876529, 3.3034599471683634, 3.3021147290033173, 3.3020268400207224, 3.302890899691726, 3.3041594280248034, 3.3052547705144066, 3.3057636849818786, 3.305548713340185, 3.304743070542811, 3.3036564771741195, 3.3026444778325827, 3.301982783759686, 3.301780753113443, 3.3019879358156845, 3.302410281804954, 3.302830171585174, 3.3030676782294233, 3.30304034087448, 3.3027762330697965, 3.302383528589369, 3.301997571159777, 3.301729953963391, 3.301632742758913, 3.301689575989424, 3.3018314259163715, 3.301974606719753, 3.302047875728306, 3.3020250426454916, 3.301912252195565, 3.3017541265234422, 3.3016032680234377, 3.3015004108587416, 3.301462333864592, 3.301479237964344, 3.301522435203172, 3.301559035181766, 3.3015651279615295, 3.301532103747135, 3.301468350370301, 3.301391367646143, 3.301319909772683, 3.3012606172028014, 3.3012169501624182, 3.301183803808445, 3.301164932910815, 3.3011442836441276, 3.3011119894389753, 3.3010722304144346, 3.301020552829008, 3.300969069238795, 3.3009203424911844, 3.3008731457331035, 3.3008395355073272, 3.3008088951909427, 3.300775563851552, 3.3007358374308082, 3.300677441193183, 3.300638651272824, 3.300595490700696, 3.3005535561707684, 3.300501704098401, 3.300455369664612, 3.300405077663511, 3.3003527103033385, 3.3003190900968002, 3.300271098965956, 3.300219260032214, 3.300164193239188, 3.3000958490286094, 3.2999903161172397, 3.299876063823343, 3.2997334959968883, 3.299658540950442, 3.2995790256005906, 3.299459443825616, 3.2993479824253926, 3.299226031911082, 3.2991191349174422, 3.2990165811331127, 3.2989079527439498, 3.2987855198722387, 3.2986737471288032, 3.298546940898117, 3.298417226738788, 3.298282119645944, 3.2981384136399443, 3.2979832446857587, 3.2978247552736777, 3.2976607643431235, 3.2974925519384595, 3.297316967304803, 3.2971351469891985, 3.2969515030486463, 3.2967627010421703, 3.2965658257165056, 3.296336796693933, 3.2961438567981527, 3.295917282163891, 3.2956820248128906, 3.2954331768858025, 3.295186378370258, 3.2949201601130493, 3.294647376410025, 3.294362195289403, 3.2940654089583075, 3.293752500625074, 3.293426707139765, 3.2930869795198885, 3.2927295473539773, 3.292365686805803, 3.2919733263113593, 3.291567757326388, 3.291141698908717, 3.2906968237149927, 3.2902226329979243, 3.28973553240464, 3.2892174181714453, 3.2886732737448128, 3.28810042427593, 3.2874849217019984, 3.2868548641372217, 3.2861825221752037, 3.285476622629982, 3.2847209580977363, 3.283926440886355, 3.283155949320594, 3.2821882105273557, 3.2812321380991323, 3.28022109198123, 3.27914611245571, 3.2779979873717076, 3.2767849470833013, 3.275461415126888, 3.2740635437334364, 3.2725644417221327, 3.270947812296077, 3.269216619231437, 3.2673670754243114, 3.2653391676956782, 3.26315873134076, 3.2608140143750703, 3.2582641223518505, 3.2554828623890146, 3.2524672619332393, 3.249154754583126, 3.2455322897464054, 3.24159525178885, 3.237343798878967, 3.2327707805251884, 3.227812240897371, 3.222412789234404, 3.2165427803367748, 3.210072194285453, 3.2028180972660913, 3.1939879711813717, 3.184105494303438, 3.175648679179767, 3.165826261115819, 3.149652902591228, 3.1369472461519816, 3.1242318406882235, 3.103726846396674, 3.081628101655242, 3.0616941724307978, 3.0386706939272, 3.005511773051059, 2.9674105135629674, 2.925281621848616, 2.8794264697658405, 2.830795052480268, 2.7957932872785056, 2.7742807441729704, 2.664431727058782, 2.5697621580899734, 2.540637736981859, 2.417374730876833, 2.331698524758703, 2.2888952483614444, 2.16032973759266, 2.0652076429396655, 2.020371910819593, 1.9163517944281343, 1.7868233546594643, 1.7190055469878598, 1.6714074094888354, 1.583937102268897, 1.5061650622385299, 1.4738784478057554, 1.4428916700547971, 1.3953612197688814, 1.3443639974391124, 1.3072185156473424, 1.2846420258144897, 1.287840600220416, 1.450343235320632, 2.145979968814713, 3.294714405869919, 1.2707867936349575, 2.739602530798748, 2.337574206638388, 1.7585195015966995, 2.4277963650864214, 1.3359431372743784, 2.1431515345430543, 1.398421426336074, 1.9490890766789022, 1.3899429935295524, 1.7154568201945388, 1.530901980526756, 1.473637411963306, 1.5824108346595744, 1.358965849393118, 1.6063372649823067, 1.2926321292493201, 1.5520356800570387, 1.3133528456400547, 1.438522566330702, 1.3743580650951952, 1.3337587786510918, 1.4000673084959188, 1.2812170186533913, 1.3892954626128489, 1.2536121846967057, 1.358083148065304, 1.2423786845393812, 1.3135319212795684, 1.2362499995034217, 1.2764162353525867, 1.221315273857875, 1.2471699545078572, 1.2085021534441591, 1.228121083251964, 1.1884277305571846, 1.2137465689964742, 1.1712171182876574, 1.2015081789526214, 1.1554164543479835, 1.1817578584465562, 1.1476516171849258, 1.1581807340835704, 1.1497375975676953, 1.1322206336564926, 1.1485195119057399, 1.1216635926595337, 1.125415896151511, 1.1272334090435046, 1.1065387543448644, 1.1109651506102183, 1.1107280304469682, 1.0956344274794714, 1.095723061444237, 1.0987158909130175, 1.0890415049596314, 1.082162567899176, 1.0856242146206498, 1.085674124557279, 1.07717711034916, 1.0712770167937753, 1.0720146566008053, 1.074055336208625, 1.0733010870729993, 1.0686357816550436, 1.063651468356948, 1.0593848212794996, 1.0566824047289407, 1.055127771193831, 1.0545935581246695, 1.0555616259361358, 1.059763274680641, 1.0743505873636594, 1.112366601468213, 1.252704955684623, 1.530071944725724, 2.633199730232186, 2.392155169558725, 2.4157038675136002, 1.1182988949569994, 2.315400705198353, 1.8589992104163997, 1.6853576088256326, 1.8478122276539486, 1.4425423174832421, 1.7093018239886226, 1.4981575068025654, 1.5189424874468764, 1.4909154221370584, 1.3868257773789958, 1.4988774703895884, 1.249413118145079, 1.4625763267924918, 1.1854414046858885, 1.3940255306128893, 1.143866948997204, 1.3708992106050808, 1.146830229785213, 1.3252462214454632, 1.1536039820016424, 1.3065212163649726, 1.161455595505392, 1.2452931395896998, 1.142930048308942, 1.2103088229683945, 1.1420475048494123, 1.1876507553256312, 1.132302674451532, 1.1741365066045923, 1.1261226781993872, 1.153621233092093, 1.1112716487782148, 1.1299271801812714, 1.103490879916625, 1.1038962146816969, 1.1016169864776257, 1.0790094863385216, 1.1019468659750666, 1.0685773518398933, 1.0896458114541443, 1.0770268672369854, 1.060169765015421, 1.0778038177512683, 1.0541903319288701, 1.052102551523034, 1.0610623447930996, 1.0421401680798417, 1.0459952856769232, 1.0494890093526306, 1.0352033939890246, 1.0365144768100631, 1.0402886212075275, 1.0307731862237721, 1.0256248648224717, 1.0313321109149092, 1.0331904851970615, 1.0252305278002998, 1.0197882801189555, 1.0211481497347592, 1.0244398625250555, 1.025566817158196, 1.0211914667900883, 1.0163990899010484, 1.0131473403195754, 1.0127891750677842, 1.0142977550897987, 1.0158767490892835, 1.0174806507149332, 1.0177988370737985, 1.0193917854126064, 1.020918894469897, 1.0284071007854956, 1.0400369264852287, 1.0815553276350913, 1.141506940178144, 1.383941391105796, 1.4927310201697082, 2.0753033738935014, 1.3575168773379085, 1.0441208247360492, 1.2329686038048917, 1.2025929433068592, 1.0668137079005047, 1.164081924044173, 1.1030219987542937, 1.051103823040107, 1.1091028041573525, 1.0433243462867698, 1.0268604909678174, 1.0830583557750413, 1.0698607106489015, 1.0373248068749026, 1.0277894454996535, 1.0479443368358496, 1.0646316262531876, 1.032642769846953, 1.0119641729033981, 1.025158218856564, 1.0316909918158623, 1.0200926354966426, 1.0203497780665591, 1.0272743853354962, 1.0187080610938553, 1.008599564950879, 1.0127077685161514, 1.017606918602842, 1.0118519210967512, 1.0057448174266923, 1.0036198988366671, 1.0057079277781265, 1.009637621233538, 1.011210035725856, 1.0117893926221115, 1.0066285596194104, 1.001406579708801, 0.9971488492721025, 0.9965075861998798, 0.9986125293426837, 1.0008195840363063, 1.0028648377086022, 1.0031169246810667, 1.0065395158559451, 1.012085739320451, 1.036250685901634, 1.0803608699885536, 1.2733652025464715, 1.4408436299812906, 2.2322981289856996, 1.4838537356948263, 1.0998214673074396, 1.1510575033775414, 1.2800101619457849, 1.1044275917652553, 1.1651861029222288, 1.1638654279459175]