Model Setup for Atypical Patient 4:
ITERS=100
LEARNING_RATE=0.001
OPT_RESET=500
ATOL=1e-09
RTOL=1e-07
METHOD=dopri5
Input channels=2
Hidden channels=40
Output channels=2
Runtime=4161.536856412888Optimizer=Adam (
Parameter Group 0
    amsgrad: False
    betas: (0.9, 0.999)
    capturable: False
    differentiable: False
    eps: 1e-08
    foreach: None
    fused: None
    lr: 0.001
    maximize: False
    weight_decay: 0
)Loss over time=[3339.8075450682136, 3158.694374322409, 2977.681222566469, 2801.423173977462, 2626.215456607127, 2457.377882609809, 2290.942128033278, 2133.4544661548903, 1975.8449191913974, 1817.4108193891711, 1658.9511951993395, 1502.0619708358322, 1350.48039190127, 1204.8924579280495, 1063.601002383914, 928.5532350061046, 799.8420458700417, 679.5856766630105, 570.1309068841167, 473.4950170706708, 392.7578614861384, 331.685053089264, 292.7776977582347, 273.6723008764544, 262.4310155300054, 248.87896550188103, 229.658638001814, 203.96756839942137, 175.0299326383058, 146.42813835371675, 121.50043790992211, 102.39967963826606, 89.78164722128379, 83.33786647303982, 82.18414880753254, 84.88837046431618, 89.9777260209498, 96.11035507361301, 102.13067965400599, 107.14327719556609, 110.5872720316694, 112.21042677687466, 112.03356899312625, 110.2791067367058, 107.30644372013376, 103.53456339900445, 99.38881060644185, 95.2550844093886, 91.43864199088057, 88.1511915477063, 85.51648544717226, 83.56689474774697, 82.26302943107498, 81.51564900066857, 81.19987396873337, 81.17771579830165, 81.32532689246473, 81.54268136716745, 81.759381672133, 81.93766816601747, 82.06272641241509, 82.13549281839023, 82.16679577571522, 82.16779992465386, 82.14693230174976, 82.10749458907344, 82.04719118938445, 81.96079715393194, 81.8422411163387, 81.68737624056392, 81.49469850455539, 81.2696959537112, 81.0222044577331, 80.76660636076642, 80.51880038701334, 80.29516151160406, 80.10888382027557, 79.96744017863357, 79.87513138631932, 79.82898851132362, 79.82217451930536, 79.84257642736488, 79.8781148975229, 79.91663111073288, 79.94725684843624, 79.96227443236572, 79.95855365464668, 79.93491620499498, 79.89571284413412, 79.84450401478746, 79.7859295144436, 79.72499796368807, 79.66487019862888, 79.60785112806582, 79.55438776012002, 79.50402286429416, 79.4563847551229, 79.40923761568584, 79.36129276452849, 79.31229005025601]