Model Setup for Atypical Patient 1:
ITERS=5000
LEARNING_RATE=0.001
OPT_RESET=500
ATOL=1e-05
RTOL=1e-05
METHOD=dopri5
Input channels=2
Hidden channels=32
Output channels=2
Runtime=790.2733156681061
Optimizer=AdamW (
Parameter Group 0
    amsgrad: False
    betas: (0.9, 0.999)
    capturable: False
    differentiable: False
    eps: 1e-08
    foreach: None
    fused: None
    lr: 0.001
    maximize: False
    weight_decay: 0.01
)Loss over time=[71.71473188920457, 67.04750803147276, 43.60181955510072, 34.24288654432916, 24.49727014681381, 15.99348041615872, 9.896264005379768, 6.506805842926126, 5.494543200575819, 6.5063396344282785, 8.831784587929844, 11.321359702467737, 12.817950812582694, 12.947661101263355, 12.015905718838836, 10.518523777240686, 8.850063232681666, 7.291269723448062, 6.092426791147907, 5.421930745664856, 5.286890851248993, 5.542141323858684, 5.985760750827118, 6.45314219808784, 6.840885587531042, 7.083543539202191, 7.134469420198985, 6.981597747337033, 6.6659152769725205, 6.271745204587895, 5.889384150213922, 5.58199433678051, 5.377566575361668, 5.283937600525695, 5.298953763555812, 5.402701348252827, 5.550296088521282, 5.6839822056254174, 5.761463292056585, 5.77091446123388, 5.721940850514846, 5.630333102823079, 5.514873665893628, 5.401349152031904, 5.316269269878275, 5.274893797136738, 5.27355380494809, 5.2986997093493216, 5.3366805795157095, 5.3758936856186175, 5.405033227439332, 5.4146963070516, 5.402036145145738, 5.373452011835948, 5.33889291142467, 5.306600800562283, 5.281851961493409, 5.268339695005564, 5.2678178237364195, 5.277839537008081, 5.292241023318378, 5.304694357459132, 5.311615958840516, 5.311988766803186, 5.306050955351472, 5.295383306582859, 5.283264559729574, 5.273350856176449, 5.2676579478412515, 5.26607484975059, 5.26787524239969, 5.271785209396, 5.2760046613529035, 5.278701547718703, 5.2789445822942955, 5.276989175617677, 5.2736995882418025, 5.269995679387749, 5.266795798730536, 5.264937788370043, 5.264756206493272, 5.265858498720351, 5.267468062415656, 5.268856918000773, 5.269588241768136, 5.269429630662985, 5.268381067137038, 5.266800102544587, 5.2652333046205975, 5.264167343361395, 5.2636615316629065, 5.2636616182605644, 5.264099365377849, 5.264634482362942, 5.264842567655309, 5.2646309273563245, 5.264185841225438, 5.254122768167719, 5.253132023397369, 5.252324121282297, 5.25198748200281, 5.25201696953458, 5.252204718129917, 5.252489043636209, 5.252777456015525, 5.252862284647825, 5.252641534141933, 5.252227359298285, 5.251816469517686, 5.25144989455389, 5.251126345866026, 5.250924342397348, 5.2508834369923445, 5.2509168405421, 5.250932485673669, 5.2509035012238305, 5.250800536130341, 5.250600251617584, 5.250363335323018, 5.250187945576158, 5.250106186533118, 5.250093112462236, 5.2501138540315475, 5.250114428254921, 5.250037515873545, 5.249879970394132, 5.249687884441163, 5.249501204287234, 5.249341651375147, 5.249221897312498, 5.249129576089137, 5.249031931530424, 5.248914567994982, 5.24878792902383, 5.248661244066078, 5.248537709282505, 5.248421559474898, 5.248309483664257, 5.24819139571979, 5.248066828513822, 5.247943240560086, 5.24782161407219, 5.247697260669015, 5.2475665329635, 5.247424775472154, 5.247269065009683, 5.2471053089239845, 5.2469439570647, 5.246789919821491, 5.246641793771955, 5.246494682242374, 5.246341482419559, 5.2461778791929135, 5.246006845964299, 5.2458345820673005, 5.245664559858014, 5.2454966450426035, 5.245327793223583, 5.245153087933573, 5.244969912862955, 5.244779773996354, 5.244585894098858, 5.244390256524669, 5.244193216411622, 5.24399342597982, 5.243788865763663, 5.243579155362496, 5.243365895159578, 5.243150804114416, 5.242934377680914, 5.242715995915762, 5.2424938677828425, 5.242266573429481, 5.2420341172306415, 5.2417976963424735, 5.241558345788087, 5.241315919076705, 5.241069153702522, 5.240816210387037, 5.240555951733256, 5.240288699184776, 5.240015921354142, 5.239738816296661, 5.239457611326073, 5.239171487426275, 5.238879207756882, 5.238580216380231, 5.238275208162233, 5.237965670916305, 5.237652995306975, 5.23733776456082, 5.237019588419841, 5.2366977384076705, 5.236372141547434, 5.23596675281702, 5.2356303325283955, 5.235299239647767, 5.2349863879368055, 5.234695297222708, 5.234425289895191, 5.234161636762734, 5.233892722002062, 5.2336169218518735, 5.233340269441691, 5.233064028691305, 5.232803532188725, 5.232541043253098, 5.232276308105686, 5.232027622726411, 5.23179388623608, 5.231570445716101, 5.231376566988195, 5.231199539969225, 5.230934267407189, 5.230673334431302, 5.230450060115147, 5.230214415608668, 5.22999727711906, 5.229775822373768, 5.229514056956023, 5.229268457760551, 5.229050415157892, 5.2288340624524645, 5.22863655846201, 5.228451696998288, 5.2282206583709145, 5.227957401738115, 5.227689700093203, 5.22743070558508, 5.227170904115025, 5.226900217906109, 5.226625387198842, 5.226355085810637, 5.226087845011573, 5.225824011383586, 5.225561213797028, 5.225292620243187, 5.225020477942582, 5.224750527715686, 5.224482574862012, 5.224216350775807, 5.223950695505646, 5.22368167884384, 5.223410247149366, 5.223140106117826, 5.222871380629871, 5.222603719708905, 5.2223364275323245, 5.222067525363243, 5.221797889241407, 5.221529677459029, 5.221262917070789, 5.220997373069481, 5.220732686554282, 5.220467845623648, 5.220200808397178, 5.2199214733650106, 5.219653817218255, 5.219396236611735, 5.219147731044925, 5.218907881318764, 5.218677272891003, 5.218455298912683, 5.218240061263915, 5.218031215475673, 5.217829139823781, 5.217633393654453, 5.21744324710017, 5.217260226801414, 5.217082334195908, 5.216908346465061, 5.216738351220349, 5.216564273176879, 5.216357154518648, 5.216164517891557, 5.215963871411128, 5.21573150430718, 5.215568423063517, 5.215436956208833, 5.2153872031801995, 5.215445270861483, 5.215601997101254, 5.215935376785053, 5.216500380811361, 5.217348840770724, 5.2185071442673525, 5.219918261461621, 5.221544778529994, 5.223358042143746, 5.225244766942716, 5.227039839760646, 5.22858433527928, 5.229801899761367, 5.230732845315549, 5.2314313693480665, 5.231919756540539, 5.232227959594837, 5.232385165071177, 5.232425506883185, 5.232394458801079, 5.232316276206636, 5.232204398313672, 5.232073964120868, 5.23192673194506, 5.2317663308226745, 5.23159927984899, 5.2314257821669266, 5.231251509716173, 5.231079975337881, 5.230908363655073, 5.23073694798551, 5.230563532386008, 5.230386467707299, 5.230208673526565, 5.230030389045046, 5.229851834867057, 5.229673378942769, 5.229492598659883, 5.2293092187883525, 5.229123484086199, 5.228934897277278, 5.228744510054462, 5.228552212149323, 5.228357524495829, 5.228160692027887, 5.2279608413572785, 5.227757660096585, 5.227551276510119, 5.227341309115381, 5.227128009640237, 5.226911121656886, 5.2266899607627515, 5.226464305140568, 5.226233656067131, 5.225997885899476, 5.225757005462248, 5.22551063746281, 5.225258662647324, 5.225000880506444, 5.22473693604299, 5.224437766572351, 5.2241114827084605, 5.2237693105054, 5.223409211607604, 5.223028234470291, 5.222622330896637, 5.2221856682296925, 5.221710843326907, 5.221190538405276, 5.220624840803793, 5.2200534207140095, 5.219611812014405, 5.21940129883313, 5.219297022845094, 5.219178393043992, 5.219015111384701, 5.218808598153807, 5.218566386524926, 5.218235979921934, 5.217812032268416, 5.217382809390862, 5.216947946550788, 5.226369032871579, 5.224968989186903, 5.210441155511716, 5.205011947733317, 5.205642631098564, 5.206021515349776, 5.206376300152254, 5.207337174024781, 5.20861667470529, 5.210107022855365, 5.210810813446783, 5.211013145173357, 5.211487000499094, 5.212181088974885, 5.2130122325053465, 5.213434158400234, 5.21353940434617, 5.213657919604062, 5.213746735763234, 5.213890709858864, 5.213875532069986, 5.213769642525168, 5.2137546751679595, 5.213746469675581, 5.213725566159884, 5.213543302704395, 5.213287364484093, 5.213114296694265, 5.212991670117099, 5.21289079435966, 5.212682736494199, 5.2123993753536615, 5.212139715600525, 5.21191514836665, 5.211712969528843, 5.211431967569099, 5.2110852180163665, 5.210732236570599, 5.210378893957256, 5.209991944380355, 5.209494725433979, 5.208914359258743, 5.20829851019073, 5.207635919135427, 5.206855035551934, 5.205884566688494, 5.209467308105084, 5.2083096041086065, 5.2070131603852134, 5.20560251602827, 5.204020308973573, 5.20230543725323, 5.20064516617048, 5.20186415192774, 5.213157847161081, 5.219740699422007, 5.208980571258014, 5.209106456452811, 5.209471315122725, 5.2096887411041015, 5.2096478900948116, 5.209707422938089, 5.209605516682472, 5.209874574936418, 5.210212691609626, 5.2106887756782845, 5.21109319948951, 5.21135371337174, 5.21165783696054, 5.211827791969444, 5.212077653519504, 5.212196067446354, 5.2123331217053055, 5.212435268330962, 5.212476350645455, 5.21255570040052, 5.212667904937054, 5.212838750833156, 5.212919017711564, 5.212987173800124, 5.21305522416069, 5.213132029485385, 5.2132034081458904, 5.213228352538592, 5.213282154209185, 5.2133386373848944, 5.213411419475509, 5.213442717719705, 5.213462045282659, 5.213467194608032, 5.213338400246118, 5.2127621147661936, 5.21128508349177, 5.20845500624608, 5.204058791146429, 5.199249892296603, 5.194763665493784, 5.195559236869699, 5.192918391891107, 5.193210420378865, 5.193561836465403, 5.193812952287237, 5.193856286238944, 5.193855239338372, 5.197308044587801, 5.197339170759997, 5.197422354334647, 5.197625840832016, 5.197836322797472, 5.197967085565585, 5.197962932903206, 5.197974277769054, 5.198055668379667, 5.1981926944077195, 5.19827012762876, 5.198289619373957, 5.198276233058176, 5.198258248917035, 5.198226909646212, 5.198198815299617, 5.19818494623157, 5.198157879172949, 5.198087926155243, 5.1979829062961835, 5.197890444957353, 5.197815438080463, 5.197732632727478, 5.197615319279195, 5.197481838250199, 5.197341562455626, 5.1971962472808615, 5.197039395258283, 5.196884709734431, 5.196728944856139, 5.196561878457538, 5.196375725667769, 5.196188091290801, 5.196005996942594, 5.195821877040924, 6.392026429529969, 5.638471703061584, 5.65539985859977, 5.919364903634922, 5.765371199670391, 5.31838033912876, 5.248581169267367, 5.5266464131187005, 5.647150118316586, 5.446921083428424, 5.231317654263436, 5.217579243863863, 5.586562353948094, 5.477140179460502, 5.324146565411358, 5.322320065638501, 5.354314646153214, 5.335308599454577, 5.298294789825032, 5.292585306916564, 5.308145352820079, 5.279625742433191, 5.240162089750694, 5.241833074918764, 5.254931822773892, 5.296120078678328, 5.238779709680529, 5.196565394540344, 5.218418596249247, 5.258462816333549, 5.246224275139418, 5.1960531300689645, 5.1603692839436075, 5.179840645852616, 5.192401598702343, 5.069737783615738, 5.456724542796592, 5.26635187206524, 5.138576264755252, 5.175231677757962, 5.486321779302702, 5.3149375471487685, 5.156462169137008, 5.4020676100411915, 5.504474886273242, 5.286711199125197, 5.151810031930977, 5.269292166529136, 5.372083497521422, 5.284024673958061, 5.168600921186553, 5.207846244716472, 5.310311721507873, 5.253081794078819, 5.182883015427734, 5.188270164761821, 5.2355005307696985, 5.223686549152124, 5.489506474645327, 5.312153790287347, 5.156912118361376, 5.283883037289052, 5.40014406177456, 5.286133715526299, 5.177990562243511, 5.234060197117861, 5.304958986188233, 5.253697289178397, 5.190489768293198, 5.202018619165613, 5.25181849645135, 5.238108656088804, 5.186496549857491, 5.185549634385482, 5.205129574777485, 5.214346444341575, 5.1859592355245665, 5.181984660373614, 5.185200837923262, 5.184102183627072, 5.182966607977802, 5.180657329558944, 5.174018354082836, 5.171827903974432, 5.176452834951191, 5.168579102756198, 5.138193180761027, 5.129297228174807, 5.113130081922211, 5.2024272925917225, 5.2226154004461645, 5.145560409700468, 5.908946036560434, 6.034168952733515, 5.231797837999534, 5.256940733872187, 6.007470162151216, 10.909404314627954, 7.982687569900253, 5.674527455473813, 6.201548515787735, 7.56446055785214, 7.791198296597918, 7.1825987485925396, 6.554449824568954, 6.245991132153478, 7.372747634255746, 6.68215884818591, 6.041856184570269, 6.104734734652316, 6.510498107719886, 6.429948235500597, 5.923494222280824, 5.459697774187683, 5.475501842368823, 5.830110419112708, 6.072152027609439, 5.916534742912285, 5.5296168043908, 5.240460031947965, 5.263455139673681, 5.499207623782909, 5.675708774129178, 5.587136652138012, 5.371714132579967, 5.1941746043464825, 5.186230881103146, 5.307886323391458, 5.417582913845328, 5.414135191939594, 5.313158378557902, 5.205134209493853, 5.175101899501332, 5.221394017023243, 5.282363909791122, 5.298070353542635, 5.260121948214671, 5.206660425071863, 5.181824642756376, 5.193590057428364, 5.218840069659672, 5.225459019482572, 5.210323646864343, 5.202709271555876, 5.189929564964036, 5.189759703785876, 5.196081942557974, 5.199729788495713, 5.196947546222902, 5.191841904550182, 5.188614691950992, 5.186987584455539, 5.182375789812469, 5.178005502489429, 5.175599823789227, 5.183923061066609, 5.173088869829152, 5.174861022262736, 5.174332556907379, 5.167220590937517, 5.166076230276041, 5.167584324711095, 5.17137348257554, 5.1675071701378785, 5.164300114031668, 5.160949628791872, 5.160556821808512, 5.1628441848906865, 5.165357909805292, 5.1676069031687195, 5.162318689603268, 5.165444249285044, 5.162697697103423, 5.163577183061903, 5.1639385177285435, 5.1627756384816115, 5.159681473899483, 5.168813089023513, 5.1565951021669045, 5.283307094048127, 5.706653676238047, 5.661975956280792, 5.190117217562993, 5.047671677728092, 5.384438246019456, 5.763894640256231, 5.764259139025838, 5.423524799326392, 5.122811060818337, 5.12337796966428, 5.324198561415252, 5.437727498790266, 5.348961906865221, 5.18707490397396, 5.083102688428556, 5.148677569209789, 5.2529008613166335, 5.279221828829809, 5.203141788976054, 5.11740165864909, 5.103672398752363, 5.143509002066289, 5.242227012724123, 5.230698731872869, 5.153237471536451, 5.145690719294962, 5.158981231130822, 5.198730827722443, 5.212094484147348, 5.184967716106971, 5.148597445740102, 5.1393838583317235, 5.232463392739203, 5.5895206721930615, 5.353729452470364, 5.151308293311178, 5.1746978697227926, 5.380381131279777, 5.154688106098596, 5.177706439936359, 5.173975537561341, 6.363037889781437, 6.504911599095855, 5.5472694985657185, 5.156775032647381, 5.535058463364721, 6.4012058117204615, 6.311312572288329, 5.816934104522385, 5.288994653528518, 5.845050842295316, 5.9534493105330855, 5.694095297585087, 5.4340757214693545, 5.399576703425116, 5.4875329126200745, 5.524934055796627, 5.478974821567612, 5.419692240859718, 5.39066111623087, 5.358249686786092, 5.3133479096910525, 5.294821951913735, 5.321873307899373, 5.353255238029998, 5.331692909456868, 5.260469934031059, 5.2061292934020695, 5.218713533766206, 5.27179744278639, 5.29353307052138, 5.258030143066714, 5.1980500780445285, 5.179083313111705, 5.209852356933468, 5.24514657401472, 5.242705688366547, 5.207040786049274, 5.176086020235249, 5.177200624970827, 5.211073592614849, 5.228488061178402, 5.213099491552277, 5.197680612011002, 5.188024360014189, 5.194510591302938, 5.1997813626332885, 5.195899522586625, 5.186067598439036, 5.178744585044256, 5.180577471421075, 5.182693984901895, 5.18085276624326, 5.177012579772402, 5.175402242144506, 5.175877038467515, 5.1758240901439105, 5.173848241158155, 5.171758247148025, 5.1733758443469195, 5.187847797644339, 5.186297891792286, 5.182726667017969, 5.181107411801738, 5.1824510524118175, 5.183967820657643, 5.180452102635948, 5.173987082525598, 5.168742789389319, 5.172288960045213, 5.175579041126346, 5.1767231409682175, 5.1746400329538265, 5.172196563572201, 5.169659904424448, 5.171242807003637, 5.173793720098535, 5.172520904924071, 5.171240680904059, 5.171397906945898, 5.172452330088327, 5.172851396809261, 5.172340837480181, 5.169183668383395, 5.169468618418966, 5.1699279738735555, 5.170128547332928, 5.170197362190748, 5.170470800482678, 5.335161417854837, 5.264408791363535, 5.1782097555785445, 5.1848871041410645, 5.242381077077181, 5.274155062211303, 5.2582776796413855, 5.199090491162571, 5.187669703442725, 5.213145043961316, 5.236122610872804, 5.23498071797855, 5.2202702986954685, 5.196436367879496, 5.19283515346815, 5.202676902792958, 5.212534203619697, 5.2080466446805085, 5.194113470010419, 5.183685932694235, 5.185679032693791, 5.195364650221572, 5.200196225860266, 5.193922705200811, 5.1835102358915615, 5.179885589595771, 5.185173877606437, 5.190871491093154, 5.189510478080042, 5.182690331845645, 5.178104311094813, 5.179708446516214, 5.183547130501069, 5.184278088697832, 5.181405547334072, 5.178321840490397, 5.177848768679877, 5.179276717887728, 5.180193690889957, 5.179494948953027, 5.1780653129518805, 5.177257902926475, 5.177588153129792, 5.178379244848247, 5.178527629614652, 5.177886027877421, 5.177351478203217, 5.177673017908079, 5.178833808168705, 5.179919809618412, 5.180202709913261, 5.179804658860355, 5.179447066030625, 5.179560010735378, 5.179836830393279, 5.179742778269424, 5.179233434369475, 5.178747596545625, 5.844694970364977, 5.485351196280895, 5.181834521659756, 5.296018147937534, 5.563338705952588, 5.596049154880101, 5.38560183778204, 5.201816005479873, 5.222061747157425, 5.362315730374653, 5.423447504887336, 5.337539778210154, 5.420921885077017, 5.259024250060225, 5.180749908784938, 5.391584628815419, 5.566236633444421, 5.4880944896357065, 5.274456596835782, 5.168832947387906, 5.251230447777337, 5.3577006625561205, 5.373954126790131, 5.284380877663538, 5.17514559895051, 5.196772909362849, 5.258252226726184, 5.294316671417222, 5.262576763494979, 5.202561808645979, 5.177647323343854, 5.206444785342555, 5.243945949242665, 5.2416723638249785, 5.204178698915324, 5.1784347080432465, 5.1842941471213555, 5.206014309683315, 5.214594305836292, 5.201565348876358, 5.183404162794871, 5.179745745882645, 5.1888535003874585, 5.2003149598978675, 5.19924083376973, 5.184378971103569, 5.176550949573777, 5.175788142690181, 5.183614735439766, 5.187561975496528, 5.179758380367594, 5.175441763474691, 5.175968977041253, 5.1832645317139, 5.184069791011706, 5.184154142723822, 5.181157931534073, 5.176885927778223, 5.175439107209564, 5.1736791878916515, 5.17506602730745, 5.176756316159506, 5.176320761309181, 5.175346611559066, 5.1727733179351105, 5.172816086626479, 5.174034757088151, 5.174624321906754, 5.173788101677377, 5.17310144498611, 5.1675968227735956, 5.15931670712004, 5.143246418849376, 5.649232863162278, 5.226201642458094, 5.2701974286568865, 5.550680707337199, 5.472355531401558, 5.20210834977093, 5.307443354630606, 5.449421668146773, 5.309471330216506, 5.178230392362895, 5.277734881668848, 5.35828055639606, 5.245597316889839, 5.168730627845862, 5.23685009103835, 5.301420371905691, 5.235771630051146, 5.16940775001382, 5.191854977160611, 5.236581789336397, 5.202968185587841, 5.1677437226107354, 5.191781605830981, 5.222454581673403, 5.204075044526838, 5.169163859243235, 5.182422819945878, 5.2081565638253196, 5.194974358260117, 5.170370275665664, 5.177856542678682, 5.195333016769277, 5.186326807923465, 5.168189078205319, 5.172257096997885, 5.18553298931039, 5.181180113519164, 5.168474914920845, 5.168984301174099, 5.176526248769162, 5.173411157473813, 5.164166852334162, 5.170872761643944, 5.17624210045199, 5.170038214949131, 5.1665424403995965, 5.169695827714338, 5.16598399395982, 5.155776581113976, 5.160921502140733, 5.165817718237679, 5.167745693678786, 5.246061657964959, 5.245494869321021, 5.108573603297372, 5.238483669012286, 5.5759867807595365, 6.616133183846902, 5.387629282624945, 5.369991134385912, 6.388962130261398, 5.372319014935946, 5.320347079236307, 5.804027207446722, 5.598101011777149, 5.220975886217712, 5.206026750304328, 5.417640762582335, 5.499022061210022, 5.353538881378631, 5.198498298245777, 5.182034942175057, 5.289737225564893, 5.333407158466119, 5.271843165042926, 5.196821170239561, 5.182206745767053, 5.210682011545006, 5.236225681089455, 5.225220475103886, 5.194137107881454, 5.177225055176797, 5.2004803599500455, 5.177475043868204, 5.197910019478865, 5.1741956931847675, 5.18021463079892, 5.175653696484831, 5.173284335251965, 5.167200597907435, 5.161651611159203, 5.161894177323613, 5.162606068993895, 5.408404867499225, 5.2055136331230285, 5.160407191213474, 5.2799276422170385, 5.35920009568862, 5.284642261929898, 5.175558155704856, 8.501004680648663, 6.963162905707489, 5.425391869185005, 5.523396694362597, 5.757754216719608, 5.978013162413618, 5.844808050308678, 5.54187979273212, 5.367568882499157, 5.444181330475406, 5.562887224789311, 5.5379898892977115, 5.425744675367528, 5.311576000142101, 5.320366650476589, 5.288440388955629, 5.2910319761532945, 5.299570326204766, 5.294403550213116, 5.271425074301523, 5.245732239025143, 5.237911674961718, 5.244271543035503, 5.252058745317236, 5.240741757345882, 5.2140368937549715, 5.204401997191872, 5.217942454768851, 5.2214901481263905, 5.214000256958852, 5.195359618962368, 5.185844910139521, 5.190280437828468, 5.200910905416901, 5.206903245497028, 5.188171393775308, 5.174999447831478, 5.187640766031512, 5.190151323040104, 5.1915887788655, 5.184438772727116, 5.174881090360904, 5.17346909667393, 5.17846489881745, 5.1798949879044, 5.168891868282645, 5.152367581777506, 5.136354721443135, 5.126395409523786, 5.089976020944231, 7.959484441057115, 6.440457385523098, 5.230950543518646, 5.38081152460973, 6.389680853107439, 6.7117055836272135, 6.097618853304561, 5.249072119360585, 6.55342735469386, 6.979887484228318, 6.511306677112723, 6.896238686033084, 5.334128881465422, 5.27319459263702, 6.412318803313685, 6.963284655899008, 6.115111721356788, 4.840170751713928, 8.502724850138483, 7.942675463265866, 6.280355447140638, 5.413125102370607, 5.378978506659073, 5.932332219911715, 6.121791324099808, 5.861479493026011, 5.330394226685774, 5.069596418311065, 5.20938176118257, 5.515797085286135, 5.6488356847401695, 5.477641318976109, 5.158504882425666, 4.964702504933979, 5.020585815046723, 5.223608149433497, 5.326020545711915, 5.290429411847604, 5.102599838449602, 5.04743051071011, 5.1859230855216305, 5.077092122802821, 4.933813729530379, 5.094129330925261, 5.3313319487998845, 5.425516465828149, 5.276846663221517, 5.081311802835082, 4.995898200978735, 5.060390377366454, 5.156557167070176, 6.524192203859541, 5.8929366848267275, 5.1976228682877625, 5.062951871419766, 5.388755084411914, 5.752742401919024, 5.810452091834367, 5.539929086745758, 5.215496065649334, 5.054769662193306, 5.144549441178563, 5.322250947077266, 5.398748816545516, 5.313620180605178, 5.171425032979468, 5.04530840718208, 5.042787414179188, 5.133271743976473, 5.191981340495828, 5.17529765023187, 5.515825572619132, 5.692069532451034, 5.120203186439519, 5.040184841277412, 5.394330533285454, 5.642446702065997, 5.7081174827270384, 5.349642354947264, 5.086341537491591, 5.053797375036199, 5.18094045818868, 5.286851846875131, 5.256945193637194, 5.137500435011936, 5.074397704819293, 5.393443215824761, 5.291225497704416, 5.027430910702234, 5.109110942800917, 5.141546966911469, 5.101633105668003, 5.0307448446410366, 4.984748724043544, 4.98730811988041, 5.029889124404921, 5.059460500219253, 5.045024211520364, 5.007695320471879, 4.970789293823143, 4.975637493511708, 4.991425986098793, 5.00081755361928, 5.18638160968237, 5.98320087849604, 5.4043334200212865, 5.025035313444629, 5.093045303360421, 5.435751904996665, 5.583985179850989, 5.413985389093181, 5.126716125342523, 4.958999282021061, 4.982946796254564, 5.1132290214069975, 5.183171381276055, 5.143193481189242, 5.025072052192665, 4.948545678875488, 4.960888681172824, 5.016862565420173, 5.0511604660625595, 5.026394527040421, 4.975424981098606, 4.939545549402239, 4.943427505646103, 4.963977879261424, 4.96532019610915, 4.9501027887498825, 4.910668866594617, 5.380347147963292, 5.03620019446936, 5.202340288191295, 5.205533490084985, 5.064078891317539, 4.970594283275854, 4.979741707141161, 5.058202878299676, 5.0974641224799635, 5.060339052529671, 4.99357623692437, 4.965003235156214, 4.998592880670193, 5.040052757812133, 5.021873696260263, 5.174328948950149, 5.099541079442319, 4.992116384744644, 4.9513850576896195, 5.01905780293823, 5.066949365521662, 5.45924316415846, 5.314902416439356, 5.067264752750037, 4.958930611439644, 5.0938388029015735, 5.268853756867427, 5.283557667627581, 5.153093381258222, 5.013950530159413, 4.974103218285148, 5.048076010004347, 5.115727627831261, 5.1126145877129865, 5.0515161475967, 5.000783461828477, 4.989906448356155, 5.024389648823467, 5.048255561058547, 5.0328200230042635, 4.999786631395827, 4.999810221642604, 4.992019276222595, 5.029139595262631, 4.995050384335236, 4.97824721121209, 4.980865413037851, 4.979580025628781, 4.9844984673759765, 4.991957575668699, 4.9858402161222815, 4.977803004278716, 4.9688644998724865, 4.972771081888156, 4.957594968001185, 6.9488428501497985, 5.928230889470333, 5.06618520336215, 5.080115748182274, 5.681830884099072, 6.086496789332281, 5.8890024574249, 5.386849066088541, 5.0564092850163656, 5.127080177332835, 5.383940111334433, 6.723818160499733, 6.064756290091359, 5.288277843368376, 5.114203984889974, 5.464538486510564, 5.833198438976273, 5.7048817314994755, 5.39841850832942, 5.153824706400695, 5.2027386769209185, 5.361816862385278, 5.395634398752151, 5.275042891249905, 5.12176353957085, 5.091167673772023, 5.16750497834491, 5.237384762003796, 5.207656234880622, 5.0898500467715735, 5.0205290632574195, 5.04922884761032, 5.118602578268067, 5.154432771833802, 5.112899560509842, 5.034987940557586, 4.992392641367141, 5.015817056026648, 5.055078283885979, 5.068857690022401, 5.044516254895962, 5.006574732317978, 4.992766161971215, 4.992333995590957, 5.018008537398751, 5.029085800899222, 5.020146774337245, 4.997274558968358, 4.988676071082352, 4.999656729952363, 5.0031044827775775, 5.006515975319274, 4.990922491921613, 4.987248628853274, 4.98596254090421, 4.991515134509276, 4.989699310535477, 4.991156013816056, 4.983525099545409, 4.983745994779733, 4.986150640037062, 4.982554792623498, 4.985996926659472, 4.979761747507001, 4.974015169395669, 4.979416054059559, 4.976501696029854, 4.978430661184344, 4.976577784435587, 4.973361857959943, 4.974743615292669, 4.9651002195264375, 4.963929666698368, 4.93517410461082, 5.326059884650464, 5.103941138462184, 4.978739509467871, 5.05742393225982, 5.208600745051656, 5.179080386623606, 5.037097993041123, 4.970485654425118, 5.034269987611736, 5.107046354513414, 5.090430408783317, 5.009671844636093, 4.973334682906835, 5.011691056079531, 5.0588210417083985, 5.040691727343411, 4.989559566632273, 4.971125551896566, 4.997449243646989, 5.026046484231179, 5.062031229621002, 5.051110891673009, 5.246724519821014, 5.26219810616137, 5.0224061485457465, 5.0089014960253735, 5.197627786182724, 5.3297832215305885, 5.250794240216675, 5.071747392015919, 4.990870404691847, 5.055732158814173, 5.1435113891446305, 5.1563661936205, 5.0776245852085715, 4.997135588072453, 4.991235189186118, 5.04349840040841, 5.080535481641395, 5.0597451858520595, 5.009102929923869, 4.981724707884485, 4.998554172604793, 5.030039123911388, 5.040318239782164, 5.003974583321249, 4.981804488537923, 4.979875147445383, 5.000105749310925, 5.008971002921286, 5.054359641051847, 5.094996394267907, 5.132381196350646, 5.1934582604576915, 5.2595744085348075, 5.279834538053061, 5.275066627372983, 5.2868055514995556, 5.292683273711661, 5.296586873985938, 5.302966687161275, 5.268625316930024, 5.238513558927573, 5.218605837300223, 5.199556149657036, 5.18398661719671, 5.163698461387819, 5.138916680754474, 5.109621416964715, 5.100382393895394, 5.078515559025187, 5.064154190397982, 5.034955913345118, 5.018247372196668, 4.995890356774715, 4.987104901173804, 4.968591926808046, 4.953480451380468, 4.953404758575184, 4.9432894975376875, 4.9302108781037655, 4.919276162231629, 4.910753083671349, 4.903086531122122, 4.895342344414315, 4.886601017415524, 4.878689072872321, 4.875961782595669, 4.871665453723678, 4.868065186057804, 4.864297181514467, 4.859338020108853, 4.8560488981892425, 4.848854442361123, 4.8374342629298885, 4.837556219812871, 4.819100386906788, 4.812676847249489, 4.796977990898754, 4.784536664670936, 4.777574832643395, 4.772396355241764, 4.766112829074228, 4.758249304448088, 4.754582360627345, 4.764866062076501, 4.775234931705149, 4.805624990712497, 4.852434923787545, 4.910771704536271, 4.986872431492495, 4.999434345034384, 5.001138646011452, 5.003153207388521, 4.994798249521709, 4.995568606646304, 4.994477768185967, 4.997509012555249, 4.992280655580445, 4.99421613865021, 4.997620070555291, 5.000797142117851, 4.999502571236513, 4.997023147627643, 4.998923127425478, 4.990457357500718, 4.9969097660720365, 4.996618231877094, 4.998046135358273, 4.994633786836093, 4.995487359068985, 4.995452443917549, 4.995252129319938, 4.995229384029426, 4.996787290866657, 4.9925132316871625, 4.993337225509359, 4.983630596634989, 4.989256094093272, 4.9804508945809225, 4.989286028485046, 4.981094375295116, 4.985348355009176, 4.978842808595157, 4.980398019708101, 4.987862685957828, 4.977951400087428, 4.978022201730285, 4.97678330214625, 4.970289576845766, 4.958276995127464, 10.724609238321337, 7.4394211346600905, 5.243208185071876, 5.042225725700065, 8.706160383072676, 8.23000922836787, 22.93083605585613, 31.165123896774038, 59.64002744711345, 45.46919993253497, 89.96044505458217, 97.51337189093114, 73.3591799588949, 51.87624537099063, 33.98367323214693, 20.472848663684378, 11.697268566335698, 7.650344277409227, 7.794056345367489, 10.933882088348167, 15.518007932724261, 19.885143827255295, 20.195839579293747, 20.114157466901553, 18.67841486453224, 16.324328241962466, 13.408829311511438, 10.47824401099499, 15.313827070136426, 35.0489434158112, 35.16315638547304, 46.05753413773486, 36.173331278097194, 26.289807855893688, 17.373854283025143, 10.689560935176898, 6.713431834915624, 5.186247078364064, 6.0545458306598485, 14.197430642789312, 23.465211391174474, 26.45057839614001, 27.522349922979835, 26.846257372246477, 25.388956449105162, 21.91919626711217, 17.78975007542173, 13.849962916753759, 13.468353296624455, 21.68627720859289, 16.076906957839416, 13.18114179918171, 20.400979503564418, 14.76004543268184, 9.838917337801497, 6.696710392515499, 5.308196663227509, 5.424508912139005, 6.632499063666725, 8.399879520442653, 10.200509559150786, 11.604745063629672, 12.347642994899589, 12.351612213134137, 16.979973967101625, 23.583857763138028, 24.09965045992325, 21.840249666098654, 17.993180937318105, 13.964555822168704, 10.443059206044616, 7.688193009866641, 6.093167097762604, 5.270749571017287, 5.262309745789784, 5.810307266688042, 6.624811017613095, 7.549064705494356, 8.22380925124079, 8.747388004335152, 9.062148948253128, 9.043617621901085, 8.743352496656593, 8.284914616857789, 7.718346984426571, 7.068186847841272, 6.486912479013793, 5.062778771401415, 5.411588021625793, 5.65628115592962, 5.822929699951438, 9.051632079574853, 8.892615077652458, 8.426424781417047, 7.775653176074925, 6.988081824620114, 6.293551027798805, 5.744907930590964, 7.9543885952489175, 7.32818083696882, 6.407060114043137, 6.433175762946866, 6.3629821215305125, 5.780280105246742, 5.307973834224264, 5.176152287290903, 5.277182388303828, 5.561979558106541, 5.910954704646537, 6.223671406029084, 6.321614419960929, 6.260710075876989, 6.119144331310844, 5.870000085117528, 5.587503627446242, 5.348007270224318, 5.196794341811597, 5.14196205999726, 5.173503850414679, 5.288323004097373, 5.394584282877788, 5.484073318484542, 5.522443484923355, 5.491177121121439, 5.420748383184493, 5.308719945675076, 5.245205224786261, 5.185842020342912, 5.160962158028979, 5.165078744444704, 5.196119971184758, 5.233429510515517, 5.261859787939037, 5.272936691456169, 5.26501911811749, 5.241938869103458, 5.212279266109418, 5.183189893918848, 5.165143996774473, 5.162170823984699, 5.166675579187676, 5.17166135499722, 5.1830393360549785, 5.194306536357294, 5.199621948361197, 5.190310279005495, 5.188572270401459, 5.178212555008559, 5.168865728378974, 5.16277844033589, 5.155917771171518, 5.158570944254918, 5.162106690214151, 5.169212481813539, 5.172091104228161, 5.170554165330902, 5.169510503231592, 5.162977614158736, 5.158983395382681, 5.154369698017255, 5.160140199188378, 5.1610105193343365, 5.156162456871517, 5.166181444003926, 5.16589960796689, 5.16593957206602, 5.16511602006528, 5.163788990334688, 5.162465776245545, 5.16145443122728, 5.160943782633947, 5.160990658750095, 5.161260526591984, 5.161526218840152, 5.161653774948022, 5.161588179789494, 5.161346701192158, 5.1609841513251045, 5.160595226941198, 5.160256242990555, 5.160013682949262, 5.159972027613162, 5.160117658134331, 5.160292893925358, 5.160300748772313, 5.160148116306698, 5.159839022741634, 5.159357434201019, 5.158781621446746, 5.15792157520775, 5.1578267472991755, 5.157508216753874, 5.154658410125823, 5.154618619447079, 5.157479546275591, 5.157420606506751, 5.157053684152067, 5.156932102555694, 5.153475859998341, 5.155633002704395, 5.146123441491657, 5.153641884593527, 5.157609431708516, 5.1570888620571695, 5.151666430540667, 5.152142728915155, 5.156146167039566, 5.154730255327575, 5.156310843590922, 5.155480876788834, 5.153448377058751, 5.1486240623178725, 5.147524895033415, 5.141702319195599, 5.152917006341141, 5.151716518305381, 5.141175392401089, 5.140206080429564, 5.139440130600911, 5.1390346894033945, 5.140454626136327, 5.142209790587543, 5.141317193470224, 5.14065320895827, 5.146656127444022, 5.144187025502603, 5.138908567494419, 5.137550966191392, 5.138913441233297, 5.143818325087565, 5.137392245025444, 5.136772263375203, 5.136954952121732, 5.136028688765713, 5.145068597402257, 5.140130763661575, 5.145946643110748, 5.146968919681675, 5.140739112325044, 5.141206196016679, 5.140228839056551, 5.144405952208526, 5.139508313357839, 5.142274810541894, 5.139750855921535, 5.140871576917254, 5.134572830222382, 5.142226865042544, 5.141286291580886, 5.141605803549108, 5.140009829690438, 5.1400546127115225, 5.139722531675274, 5.141987470817731, 5.143266714576974, 5.141973726107654, 5.140780587635981, 5.142003105642008, 5.141803024383185, 5.14276437013938, 5.138995435791035, 5.142618410931499, 5.135580154597712, 5.142138210013249, 5.143578476204346, 5.142932722986096, 5.149769707471868, 5.135663452886866, 5.139918895904102, 5.143619335291107, 5.151734886915495, 5.141370106901687, 5.145992515511586, 5.148178502579966, 5.139354064930928, 5.137244454067699, 5.144057847881009, 5.1449576375307515, 5.142718403439363, 5.145611995010575, 5.140689666473731, 5.141275273880729, 5.1456700489607154, 5.141767349010603, 5.153903095525032, 5.141191521178929, 5.142293325693367, 5.141173273850958, 5.145732557669823, 5.14131516698638, 5.14052218968774, 5.138588579804544, 5.148444104471783, 5.144916622240209, 5.140501667623735, 5.146484576666265, 5.145257106054192, 5.146556513112632, 5.144834053301352, 5.146341026194587, 5.144795387210815, 5.143565406666752, 5.141722345665893, 5.143358846761796, 5.143526947732398, 5.144515809298156, 5.14552144650161, 5.146543981933648, 5.1477993224989245, 5.146557175246962, 5.141179972452559, 5.145709308854774, 5.144924257750134, 5.146550353217777, 5.146433945778446, 5.14712609286896, 5.145348269759584, 5.141748866205938, 5.1434726986241, 5.144207163609349, 5.141777964968525, 5.14355470692222, 5.142887644780652, 5.140517169985149, 5.143272885967027, 5.139153279217189, 5.14252570960715, 5.141751150941176, 5.1448987945221525, 5.1420147885088, 5.139418118877671, 5.139005776513886, 5.136993518247598, 5.137533550978485, 5.1392794018226065, 5.140496894096095, 5.1422956354407265, 5.134159039614869, 5.143348976835285, 5.138856949322872, 5.140875932806554, 5.143057970881191, 5.1356632488828495, 5.140181370366183, 5.14001452496051, 5.138476887444835, 5.137135045016814, 5.145871662531793, 5.146000631000646, 5.135701176073874, 5.135187962348814, 5.137600340946591, 5.138208929132114, 5.135192568948619, 5.133976828252833, 5.135779553135063, 5.137480736505722, 5.135496393275378, 5.136941690435908, 5.1343321926673635, 5.136266062057152, 5.134841686372732, 5.137721993792757, 5.135320823083032, 5.135907259190334, 5.139825440516555, 5.133115235383534, 5.135823374327571, 5.135327898189804, 5.135284935703871, 5.135118264276432, 5.134354025041973, 5.1343787494419155, 5.13170544032345, 5.1389895832845545, 5.134769811472522, 5.133447202913612, 5.136789902535227, 5.130047478178758, 5.131263977823483, 5.132446128249598, 5.133303226800997, 5.141230864250427, 5.141260902768212, 5.142961126881886, 5.141152583546201, 5.141233059327336, 5.143588397624996, 5.141251498126619, 5.134421216706583, 5.140372649492641, 5.1329238323332245, 5.139716236991714, 5.129716512691128, 5.133512276278426, 5.138665529982715, 5.137547640393607, 5.1426700599077915, 5.129906387793668, 5.129573541415695, 5.14153319199087, 5.138544419696876, 5.138917878176752, 5.13830507127059, 5.138042843344807, 5.138558640970544, 5.139306639735898, 5.13680125946667, 5.1369122016794195, 5.137133156799726, 5.137365803247768, 5.138546077922058, 5.142446135143106, 5.141195548446578, 5.134185008334197, 5.134018890763755, 5.142543220477483, 5.141013143904399, 5.139953070164664, 5.139841604803323, 5.1379405066643375, 5.132409667108724, 5.137783058244682, 5.137219179381134, 5.13583325272155, 5.135318006992434, 5.133641380447927, 5.125820280517391, 5.129910634504336, 5.132549535916794, 5.12676170500604, 5.127343354160519, 5.136211527503092, 5.13426810185378, 5.129924848558347, 5.13614104844534, 5.131404481582273, 5.139919098303653, 5.134572401698713, 5.13575534730153, 5.126335022848795, 5.1305994221012075, 5.130462491686645, 5.131303157272506, 5.131600220416856, 5.13385317768662, 5.133557566553223, 5.1330873263202585, 5.134246001901696, 5.13276980104501, 5.133074115716435, 5.1324904652979635, 5.127326461736951, 5.130510912807175, 5.12940028645913, 5.128523898711049, 5.130444832019761, 5.132129526562499, 5.134606780419452, 5.132763365105125, 5.134357338312395, 5.130026534100384, 5.130146051622685, 5.126528742211699, 5.129550476347779, 5.1317665097251455, 5.124217483550968, 5.134325008802807, 5.134823891736416, 5.13263526590759, 5.132553965645048, 5.125195463577698, 5.129392337657813, 5.1263769441262985, 5.1263418792784, 5.129689996218427, 5.119791625219375, 5.6118885651319195, 6.066550871215284, 5.940594494602556, 5.631378422621511, 5.401898336733748, 5.372079685650766, 5.550152303719363, 5.738561446275181, 5.840000529995745, 5.795079790533646, 5.6200101135393306, 5.462845118298021, 5.375362011410611, 5.414249263564002, 5.518470234537771, 5.592230744323584, 5.596770431534556, 5.532776071181839, 5.439475047710763, 5.376883089886655, 5.3613550899897096, 5.388158708209492, 5.413675864705271, 6.094961552029313, 5.734129948567275, 5.739701581195714, 5.5019359532866225, 5.760982826368816, 6.789228875494779, 10.589644947152728, 14.228959437001528, 10.572206820792161, 7.201240047631646, 5.496965267376361, 5.792490356916181, 7.278502372832174, 8.648059038746414, 9.141840575943746, 8.688155597983657, 7.628690148366413, 6.510824774938926, 5.716314833135461, 5.798480706395597, 6.694663640183933, 7.104343083212345, 6.9928955334113505, 6.8660846253465255, 6.039356182224332, 6.638695343315794, 5.782586175766534, 5.441616549647517, 5.598407553647359, 6.009843688536572, 6.372795529900847, 6.465378317121013, 6.285844207185062, 5.363899077982879, 5.284374884286805, 5.31794906800413, 5.39362361587664, 5.418469272020119, 5.442858664520575, 5.409443921582837, 5.356314965633535, 5.306304231941031, 5.271514581132465, 5.247500044585676, 5.245988245358402, 5.258415128991668, 5.2775640609414, 5.286935560639471, 5.29104345072282, 5.240060524361374, 5.204200744873037, 5.187301740189712, 5.19828188293828, 5.226223901507741, 5.246573314136147, 5.241290888316697, 5.220471530112632, 5.195556666754871, 5.183819139161741, 5.188751913993084, 5.203948935255113, 5.203163106149026, 5.201258272506113, 5.18973836203354, 5.1896642364833605, 5.1781806073461185, 5.183037517143226, 5.190495135509455, 5.194250518889836, 5.192736936095253, 5.1815844727138165, 5.17466075103843, 5.173042551569398, 5.184130713539283, 5.182146765466977, 5.179242838800647, 5.175848428405706, 5.17444342369954, 5.172799602290346, 5.174549959361122, 5.170801054795181, 5.171249353456436, 5.171993560645666, 5.170514588196713, 5.169895075405996, 5.168015859724089, 5.1669936818154065, 5.170088810755459, 5.170527056687906, 5.170608340328123, 5.170641766210355, 5.16855397169918, 5.167744294487544, 5.167716006381649, 5.169713315900423, 5.168884923115052, 5.167880916441692, 5.166176309296372, 5.166512763304264, 5.166572078051243, 5.1666408949795075, 5.1668988627503865, 5.16667715374826, 5.165501516821789, 5.1639911464382715, 5.163629474514053, 5.163843746773037, 5.16409831443837, 5.16413972715346, 5.163996993150324, 5.163789930762647, 5.163632102501719, 5.163476890948403, 5.163403261915554, 5.163424145611667, 5.163473602365639, 5.164446646798485, 5.1645640778737265, 5.164617074705345, 5.164598650229691, 5.164534486007905, 5.164432656452544, 5.163369849219067, 5.163102666336589, 5.162961976171167, 5.16298010309064, 5.16313461327554, 5.163099699368535, 5.16663753139761, 5.162956133064622, 5.1677688112772415, 5.163028093337366, 5.157047876739296, 5.318149791436858, 5.193495683649304, 5.1631672871691014, 5.284937330860843, 5.373801688176738, 5.308095295219115, 5.189974879282463, 5.17331334443439, 5.245986409163917, 5.2883524310637124, 5.221479434987755, 5.161896499148643, 5.159167615774085, 5.197205323388684, 5.216700138862319, 5.269860940265109, 5.540693680092589, 5.191696509364296, 5.252510357021162, 5.5307236742934665, 5.625004907762988, 5.562196175394849, 5.359536810995928, 5.089829341408211, 5.207658496188898, 5.546720595827494, 5.688203657494643, 5.4894450600837805, 5.2141692458659055, 5.150808801920087, 5.308687252682392, 5.442033404734347, 5.382000503618044, 5.204645922153265, 5.111872903695431, 5.195915181503993, 5.348653471437441, 6.753438418096312, 5.761832890249502, 5.174426455122416, 5.45600669999337, 6.043555038030064, 6.226099455322784, 5.73835228666139, 5.266610659554486, 5.188148093544272, 5.4588933337476675, 5.698464074564996, 5.650341817795985, 5.389677526128889, 5.183111248796269, 5.201322122533591, 5.3629287153829575, 5.47896663696836, 5.417389612375289, 5.263423919118917, 5.174121712178579, 5.202138032497919, 5.289208511283687, 5.324160405623021, 5.28651736053111, 5.209372605870526, 5.168967101724076, 5.189144153861969, 5.235075233485365, 5.26536547652421, 5.2334371287806976, 5.193644605180878, 5.168148589656114, 5.184163946474641, 5.207581562645223, 5.212937501832795, 5.1985196998292444, 5.17763278240269, 5.168465397497388, 5.175311964926385, 5.190917229217041, 5.189155157272864, 5.181558054006638, 5.16943630393224, 5.1666928986819505, 5.171317516498211, 5.1758492358007855, 5.1770541705304, 5.1687607448804505, 5.166192025024789, 5.162083863242939, 5.16781908629254, 5.170610805938616, 5.165730023098058, 5.164647980689683, 5.1627861466988065, 5.162284355364418, 5.16352549723021, 5.164139540446329, 5.163807662698336, 5.163419610123821, 5.163951429851812, 5.16463391738744, 5.161709041678875, 5.160821043682045, 5.172492385725525, 5.1602558343175575, 5.16493051399261, 5.16623250536876, 5.160654635635246, 5.162998423515616, 5.162631095136448, 5.162260171295731, 5.161029330498288, 5.156395259175256, 5.1542237359145675, 5.156105385478917, 5.151845149877686, 5.147627732057151, 5.255880017778949, 5.211436881755289, 5.147189802704184, 5.154121387498285, 5.198518300063139, 5.214826908358023, 5.18010523691932, 5.135770249366211, 5.1318337424812075, 5.151662163348292, 5.1687402631108705, 5.133174571706822, 5.1220078987677224, 5.092795863722861, 5.107245924950648, 5.111657837017732, 5.104676666732117, 5.085776870509137, 5.074515665769923, 5.075480894418543, 5.071840818795707, 5.064809138300955, 5.052542953260106, 5.046323470333257, 5.041734198613955, 5.039896218669722, 5.037701700343683, 5.029603271348853, 5.020074744260136, 5.009562301688517, 5.003915715334037, 5.007211108784431, 4.998067102442756, 4.9897765492191475, 4.985020149345221, 4.982287155619027, 4.979923114078733, 4.972958860336303, 4.963109975801213, 4.957022633848188, 4.9481846863669325, 4.945416505978112, 4.936005225320218, 4.93376466537487, 4.936408325163992, 4.9254416380261015, 4.914398208781199, 4.909833224028455, 4.900305138436753, 4.894502188980184, 4.882497747746799, 4.875810418344646, 4.877940804515631, 4.862949149807121, 4.858796368445394, 4.848669613760337, 4.852406536092414, 4.840221903801237, 4.828189281284187, 4.826306457006299, 4.817888420365119, 4.805931341331197, 4.785613628144355, 4.782976001294933, 4.777122092008283, 4.754858904005818, 4.7439762885887315, 4.7297115790094475, 4.727044104165238, 4.711993889372286, 4.701779335759934, 4.68840472610507, 4.683182716474945, 4.663124067279262, 4.652728726102326, 4.640421074536992, 4.631359158963599, 4.619328039292565, 4.617887505022644, 4.608213622663087, 4.603049561649081, 4.601551265794104, 4.591393267318046, 4.590802113594605, 4.584664863854398, 4.581466031537513, 4.575481006644505, 4.574380894297294, 4.576895100430321, 4.575616305374308, 4.567514453696324, 4.56102453835884, 4.5562267227897895, 4.550704381544249, 4.545012300246901, 4.539695552404177, 4.536879627279554, 4.534141334206284, 4.526487175953651, 4.52444311525882, 4.523689851006463, 4.523305804458514, 4.520012359850799, 4.516659582355164, 4.514368804253888, 4.513392613222346, 4.512283748127527, 4.510623258490801, 4.510419179520511, 4.5061179943956935, 4.505772317692354, 4.505599305669325, 4.500560768022806, 4.497488437642353, 4.495301205397131, 4.4930193082751755, 4.491498448097041, 4.49013693914911, 4.486166519543296, 4.488264976109267, 4.484961204323747, 4.486238417518516, 4.483288383901893, 4.483470459267452, 4.484768094919176, 4.483459031007057, 4.485586691794605, 4.484419122373655, 4.483797437292266, 4.481586021335075, 4.486168681131342, 4.484201904555648, 4.484600409679867, 4.477363264247784, 4.478628929723934, 4.4785928862108, 4.475422521391433, 4.470743346393045, 4.466713914089535, 4.470823345718886, 4.482124717231802, 4.496022262912686, 4.512268182507108, 4.535902532586847, 4.563029006825226, 4.620438408403839, 4.678849324484326, 4.74048341185686, 4.81684194582964, 4.919192583578752, 4.984564004366238, 5.121367644217891, 5.359050962632703, 5.561236193157972, 5.571154156937064, 5.505991234100643, 5.307898339417264, 4.971902908922773, 4.872257558422883, 4.898317940828804, 5.091799067920425, 5.462892482447563, 5.496654394517635, 5.25645975433477, 5.012720275319565, 4.9597980965961606, 4.895824650191361, 4.764912528100042, 4.665878787583874, 4.665720949455595, 4.656158941822593, 4.608755071924498, 4.584311029735076, 4.588394166532166, 4.585994155438707, 4.5788437592998585, 4.551938713046993, 4.557383404189718, 4.5596898936620684, 4.557990009582877, 4.540727008002712, 4.539624602360872, 4.547552638896101, 4.532343688097834, 4.529739004579977, 4.52250147179408, 4.52537190038637, 4.518409790553411, 4.514739746855806, 4.5113301039787, 4.512714547523737, 4.512672954660829, 4.510882834133352, 4.510593960220387, 4.520920551582081, 4.524222620582528, 4.525234004905963, 4.526897108647483, 4.528488156721138, 4.529469245313671, 4.530923048504859, 4.527057046387885, 4.525097664059017, 4.5245364840296505, 4.538234789374334, 4.530245720898491, 4.536958753258827, 4.536377381442734, 4.539515878116215, 4.540454711113885, 4.5317131328674805, 4.539818433381639, 4.548032411647133, 4.539619385946763, 4.539342589427253, 4.541758431117122, 4.535081781431545, 4.543948227155678, 4.5405409894551365, 4.535887397450771, 4.532640009661164, 4.54250698901143, 4.536619023802808, 4.538639174809126, 4.531067451811817, 4.5268349828557755, 4.5285485082464305, 4.523480871629679, 4.525364360863374, 4.525179993270876, 4.521200073888821, 4.523161644644966, 4.5193556478664645, 4.5119571723399075, 4.503398587034301, 4.50248268512513, 4.498485346094014, 4.494113977333024, 4.49599918617785, 4.488537320783271, 4.4803286091295895, 4.467621844758948, 4.461848813677344, 4.442119413330167, 4.435243843897311, 4.444334498048575, 4.45458882633507, 4.475514350040951, 4.507054404069402, 4.5402331659347395, 4.619838891776115, 4.732880320024215, 5.968138306597084, 5.4246206540984, 8.443528967393807, 8.852296854097231, 10.994596769015244, 9.685374024925549, 7.063810712189326, 5.897639118670917, 6.0850584730299735, 6.966379203736505, 7.742307415162883, 8.151109864997705, 8.072774116742556, 7.651428975957561, 7.067852691333004, 6.366487181068484, 5.73376986877254, 5.302898958550586, 5.136317606305397, 5.266851983957182, 5.59353532001594, 5.949271310223961, 6.111648035404401, 5.99560470487389, 5.692817944733954, 5.3336842492230945, 5.052371600335278, 4.917305906172067, 4.957755948661899, 5.079241275012913, 5.230771075373989, 5.309383536738826, 5.321563736716163, 5.254090119317975, 5.1702643304811815, 5.078866127030197, 5.006270678776031, 4.960235884612278, 4.943495479858625, 4.953789659948817, 4.970717436452591, 5.021849443098428, 5.0473220384323385, 5.072622039500146, 5.053515378541559, 5.031820700259503, 4.994338688971117, 4.97061979185237, 4.9645730563775805, 4.984881893573086, 5.01526695539451, 5.041088336412671, 5.051374446332082, 5.0533569662111955, 5.043633504708588, 5.036656735724739, 5.026467915632523, 5.036740329016262, 5.038420233453612, 5.0341812612240355, 5.057123698051163, 5.061625069920709, 5.072981236111186, 5.056568828851559, 5.068625722306005, 5.053066734461047, 5.05445485437564, 5.056417993145884, 5.0529630643278844, 5.050214478004779, 5.058408074013281, 5.051663104077898, 5.036373465466485, 5.041672301085541, 5.033474624340686, 5.039561544175619, 5.035665446132524, 5.044733427948073, 5.086914440508147, 5.057329690340796, 5.035293310805538, 5.048064272978167, 5.061793425989837, 5.079185639769205, 5.079759486909499, 5.075021233345791, 5.057504088327338, 4.994497001449961, 5.007074785600861, 5.007896002001825, 5.030215475075657, 5.029385791647497, 5.007949686949067, 4.9936337561042174, 4.989590710241971, 4.988736997042746, 4.985243056718767, 4.988066710831484, 4.977896678393181, 4.974979940694478, 4.979525217623268, 4.969976095494221, 4.968171083312442, 4.982213818969711, 4.997835252009782, 6.654457358422731, 5.849524159829294, 4.980820319293602, 5.4690206185553984, 6.326625930108767, 6.225364116752683, 5.487530165413079, 5.104493235169135, 5.346678767162842, 5.720175727544949, 5.657013961502898, 5.240314460047354, 5.007807992558623, 5.126127144821476, 5.360777502523512, 5.404076975374611, 5.207925077150862, 5.01126204443925, 4.978514196471457, 5.0963960599044915, 5.142300349570542, 5.089652349812261, 4.959335493355545, 4.904216200989544, 4.953809258287808, 5.081299783420261, 5.4522102736354645, 6.37765919395757, 5.360175790229031, 5.0731284582745, 5.559093329983213, 6.057208609845534, 5.966004570739327, 5.534025799700498, 5.205249844279354, 5.264109504367431, 5.4560912098567504, 5.484596763303724, 5.357708304805149, 5.245477306920979, 5.246830189929707, 5.268845007715473, 5.262073336531749, 5.181162805557576, 5.1949811277812294, 5.082516067335266, 4.9756400799672065, 4.9581882221609215, 5.055442181235285, 5.510290481440239, 5.2471118491965285, 5.043047079313012, 4.917784981397529, 4.970902727271078, 5.076685128888965, 5.102176854310792, 5.001054183531278, 4.842716428710475, 4.7935448119748605, 4.832635397800713, 4.8854431518659, 4.929216245860466, 4.902219523769803, 4.833450393645023, 4.827433661570339, 4.8565499750402665, 4.890159764164728, 4.914552904400707, 4.902996128672533, 4.943988272224189, 4.98126024479112, 5.149164114591234, 5.0228835920046855, 4.878811523559245, 5.0556588978660235, 5.142218368580725, 5.06642929382707, 4.927239747444043, 4.870635834053133, 4.951561020987834, 4.921761263342364, 4.788269021071567, 4.818648778291798, 4.919093051357893, 5.03455821683379, 4.991629345983692, 4.868494413319591, 4.794921287304089, 4.827466315157615, 4.901838329698531, 4.938306090543582, 4.911080884118456, 4.854866408652507, 4.837099906764852, 4.837778330061095, 4.861671935581866, 4.883320314917833, 4.886899476317933, 4.860559414512934, 4.840710386276669, 4.843469466109109, 4.873272545281042, 4.888474241603501, 4.881358076779727, 4.867602313693698, 4.858323850544963, 4.858536591266674, 4.866259668411731, 4.884976812040178, 4.876515777801955, 4.87387995076294, 4.8638164606264755, 4.866273750211435, 4.872073456958784, 4.876940419503641, 4.887059553684034, 4.882133538029326, 4.874242394718156, 4.882075386176476, 4.890977004111305, 4.883662448596007, 4.895322040595751, 4.888578041493433, 4.897530737920351, 4.8904628854265075, 4.893141504832704, 4.886547942900961, 4.891950164183566, 4.885576768694332, 4.881289235662999, 4.8832958329953415, 4.883783527306279, 4.874235248805509, 4.878656923731998, 4.865857625089237, 4.863195039386664, 4.853827097599616, 4.850911218335103, 4.857420969235249, 4.853200849493795, 4.849187244534642, 4.856210438633402, 4.861912452071331, 4.873500207836273, 4.870128534024378, 4.871351792633518, 4.877185139386782, 4.8702921781256965, 4.879702417303561, 4.877446155507452, 4.865752586609399, 4.870112874699341, 4.878811251627034, 4.875230248990095, 4.873386261753734, 4.886170458777219, 4.902252861763802, 4.900549249971984, 4.890606191435954, 4.909181285887216, 4.901622085648429, 4.900899649893522, 4.905660566949467, 4.911464722620679, 4.900903252838126, 4.900305542829056, 4.905083007959948, 4.89507029170622, 4.8755397094566195, 4.873834657024099, 4.865399176235968, 4.859611667874855, 4.843214459964816, 4.826195236000836, 4.814263886084832, 4.797689483008299, 4.757686515778696, 4.717337985000873, 4.684445071344366, 4.6505939979567605, 4.593159074512008, 4.607204138505131, 4.6386174972228735, 4.696540899447151, 4.908786064365921, 5.265519472746816, 5.2646560624791725, 5.2626351243037215, 5.118982604397838, 4.9512293344193345, 4.897323493737701, 4.889355932797704, 4.91739973333483, 4.89379371773184, 4.850525560038097, 4.891237586741645, 4.838752559162266, 4.816683764399682, 4.804493808580539, 4.808365148961754, 4.797895410600023, 4.74811046928701, 4.709682718605004, 4.658264845483695, 4.642862762214765, 4.6541768225147395, 4.775560210082097, 5.02828664591322, 5.016216929468262, 4.815413340330988, 5.197933288058246, 5.109910413355426, 4.790098199430282, 4.91163872874638, 5.049667763589962, 4.864126830349338, 4.765018419545547, 4.893627380606056, 5.652341891786592, 5.513546974014079, 5.4783453159159015, 5.4914486417707185, 7.4446055378360025, 6.111241641544436, 4.936997564553969, 5.731805617966171, 6.385970053201385, 5.520727206383173, 4.888940198922849, 5.558337009594474, 5.848786132752978, 5.204984541085935, 4.862780253731575, 5.267929512040106, 6.9564206277142855, 7.2261902400325395, 5.112587095817219, 5.796175638448725, 7.216811734605302, 6.597065535342458, 5.3917512124541105, 5.473067681227187, 6.019285423513602, 5.869300383243313, 5.30695968884475, 5.243806147193016, 5.537207215652208, 5.408477085343336, 4.913684731242849, 4.8448038816807815, 5.714625072401578, 6.103079959461698, 5.2453491361451405, 4.906536059265581, 5.404707467633522, 5.742560478191961, 5.417355878258467, 4.972364118068508, 5.039772636064953, 5.352977908623003, 5.308837274825667, 5.031740379992054, 4.915733048834133, 5.079281257325229, 5.146302869578443, 5.062519351439286, 4.910371938661423, 4.888544588918225, 5.013798744569255, 5.0545759405330335, 4.952990300160672, 4.855944407937691, 4.904122883448498, 4.9725129116993925, 4.952638907917922, 4.8933955983109, 4.859470793348485, 4.888715521445229, 4.91724595116467, 4.903479077662629, 4.8767550419905215, 4.871133706441868, 4.888173746222361, 4.892667488352926, 4.875597080171007, 4.857044744766115, 4.866035143567241, 4.876838750375774, 4.871822862212345, 4.8581515500855765, 4.8579365847372715, 4.858440872759431, 4.8714186578138845, 4.845022973056743, 4.847623161846738, 4.849239884234691, 4.857125557951587, 4.855070990902653, 4.85400029925427, 4.852359412712165, 4.848985184430277, 4.854238557276471, 4.856815162898261, 4.852331461202896, 4.855277204495494, 4.852067665773349, 4.854243959942577, 4.849853086890092, 4.851490300897962, 4.855650768496591, 4.85681723099114, 4.8423123135556265, 4.855701994170935, 4.848631030181561, 4.848152421706845, 4.8502315603363595, 4.847569158855773, 4.84367483948856, 4.86690792123204, 4.8471345562207855, 4.841833031988876, 4.858434211425649, 4.845531776176032, 4.844812641306562, 4.862352184796776, 4.842331763004989, 4.839735251148817, 4.854577634441593, 4.850204394636054, 4.848987904928, 4.847629609695691, 4.8468529571530645, 4.84631437524721, 4.848617957481055, 4.846674264366643, 4.845744891648649, 4.849326128710017, 4.8315316416202965, 4.82971361423012, 4.847439662378833, 4.844015612703772, 4.849244358077342, 4.837791500293684, 4.842482068434398, 4.839432248819488, 4.838129919514804, 4.844932984345285, 4.838373724387491, 4.84219383773375, 4.834056430663886, 4.829159310361462, 4.836915905623427, 4.827706521434407, 4.828314368271035, 4.83236486511527, 4.834580186813532, 4.824943848627799, 4.827462941448808, 4.82727752657081, 4.824276376679291, 4.815140682522759, 4.821749854251021, 4.831463436871292, 4.830064083283926, 4.822064716315695, 4.823981146752856, 4.820465186990114, 4.830630973794172, 4.825260363324207, 4.826659111218879, 4.828177600378588, 4.823313556346015, 4.820183608692068, 4.816945704518998, 4.816086418539948, 4.815916868818152, 4.8209681630110115, 4.8237380567743315, 4.8201385028669606, 4.822154766047345, 4.8185957247488895, 4.8212285285516225, 4.814220444774458, 4.820994844531859, 4.815046021703915, 4.81925968956171, 4.810840674797901, 4.815195809715269, 4.817986095478205, 4.793673507980105, 4.813634132606216, 4.820574549779139, 4.824403165105057, 4.811821928676581, 4.815275999791976, 17.350063842138027, 8.354969439195623, 5.599119561853048, 8.01324543239698, 9.32025440285979, 8.204506037206823, 6.7571119336292265, 5.6355150031504095, 5.0351725594617065, 5.265125929959544, 22.331673593769267, 19.63533260403112, 13.920571144130726, 15.207634459511707, 5.473308790628025, 6.577512501853124, 9.81562816330352, 11.240656926508152, 7.0295940194648745, 5.081096658356302, 26.07125533219902, 25.381989098570827, 41.5625499951927, 31.28678491259255, 35.49303245311896, 9.570232597993295, 4.779733656683778, 6.509512249998184, 11.949442180051449, 17.926678602189675, 24.905836797473384, 28.765191822455087, 27.88555764637839, 17.2976826204607, 13.02068762969641, 8.926065908425441, 9.660013042492293, 8.242179922482492, 6.275012420284668, 5.072889874902587, 4.735481707653299, 5.278142664031868, 6.333943053060387, 7.4930973878766, 8.466795112856007, 8.973916669187629, 9.110191900410781, 8.672219070964935, 7.925347593133094, 7.030404182457079, 6.118943844688823, 5.495236709165034, 5.0435322434299, 4.851309706977625, 4.8871666317412386, 5.0986753220122205, 5.36208612786435, 4.975295621880144, 4.967892127708168, 4.984530666154247, 5.023529844585101, 5.056137452002995, 5.017530867359569, 4.989942800806791, 4.927664206441204, 4.890037394560412, 4.859927628785777, 4.846818859487708, 4.846206568543621, 4.869375990682465, 4.892946362544032, 4.9088528170224635, 4.917430680312583, 4.906777985906377, 4.889936949473921, 4.86375231106649, 4.839058781100946, 4.823581874035532, 4.818795612569703, 4.8203003991117015, 4.818460049956422, 4.835840665466873, 4.8383678648513415, 4.8420907323907185, 4.845886698252657, 4.838869208438189, 4.830955230643935, 4.839796157894003, 4.815490591607982, 4.831820791391761, 4.8551001273126095, 4.868920165354104, 4.884444064174543, 4.893733465088743, 4.899101220913871, 4.884628943146433, 4.876099638164046, 4.8707358547709, 4.863369327413133, 4.86267751756565, 4.861786176051311, 4.862508212658261, 4.881194345752127, 4.8856054956787345, 4.881621311843345, 4.878525320379973, 4.877720001645454, 4.8761266331429605, 4.857616943435773, 4.86399095456402, 4.867277321904099, 4.86366892760598, 4.863901839585227, 4.866197318421317, 4.87134094604782, 4.866911477102263, 4.869370628044601, 4.8662361158081575, 4.86362314064202, 4.857328405837429, 4.855366423605726, 4.862281464428268, 4.863931831885946, 4.871941196199833, 4.855807840496203, 4.862059870788024, 4.853933554771872, 4.856916107148774, 4.876154793080837, 4.855028374518329, 4.856748487472999, 4.867218712853362, 4.865241757068379, 4.861978491362543, 4.86356724974437, 4.863001959752004, 4.849538929022309, 4.867968199720679, 4.866319335114235, 4.856977658566095, 4.852665125007505, 4.841328072851248, 4.842576057938224, 4.841356365966152, 4.829927979371329, 4.829074883647474, 4.856080691065409, 4.8398925352252755, 4.871758820777502, 4.824579122390684, 4.838660078666146, 4.831616199691015, 4.8254583840594085, 4.823870509861643, 4.831511955052482, 4.841402985751802, 4.828198676411798, 4.835756590104063, 4.821844845616955, 4.821733065281176, 4.827184353367297, 4.826543783482431, 4.823993834608131, 4.821186950532636, 4.812137923411274, 4.814243491822254, 4.82034801744248, 4.810607720406177, 4.809607111738969, 4.821973463730147, 4.817395654942008, 4.810447559588734, 4.800520114290716, 4.800738259851362, 4.798427072006448, 4.801659828233088, 4.811916167434794, 4.798000333700153, 4.802455189870865, 4.795217364057331, 4.78915416005602, 4.791712814367526, 4.808659469533942, 4.806020446525769, 4.790734719928408, 4.794670705988057, 4.791470690293016, 4.79105584271928, 4.793228193760818, 4.790243960351961, 4.788340709793311, 4.788116715117075, 4.787185594592834, 4.785382061504467, 4.781985032464274, 4.7825296604743395, 4.780426685289403, 4.783960452898882, 4.779530624946686, 4.77702085638936, 4.777531915613392, 4.776370056073002, 4.776594298946802, 4.783427003814461, 4.7758112789248095, 4.775376967768303, 4.775190034790989, 4.7718613335765045, 4.7714883388106735, 4.780712027535074, 4.774088246144768, 4.772281365142707, 4.772184769396777, 4.772753210385941, 4.773417132896821, 4.769332889105106, 4.770975288371582, 4.771090580936214, 4.770492453680554, 4.767051557966976, 4.769801192383145, 4.762803211766092, 4.7630808925195485, 4.764795092644158, 4.764614941634175, 4.7595524428114535, 4.759887416959733, 4.759989520778909, 4.75976317131177, 4.759909445131509, 4.757396973718256, 4.758974730378513, 4.756365411822977, 4.757789842501899, 4.757783351514759, 4.756513489505045, 4.75528696455563, 4.756079172234997, 4.756113346376537, 4.752091277353191, 4.754019446720066, 4.754303994800413, 4.752309697998682, 4.753950961308056, 4.752195118027352, 4.7518360143613565, 4.7487546073332645, 4.749919115009234, 4.747775621876015, 4.745271940678175, 4.745813293496441, 4.7470972509802465, 4.753475147675834, 4.7547516103732566, 4.757944362926017, 4.760437994992578, 4.762232289125747, 4.766006982301721, 4.771337471720934, 4.769006722190134, 4.765987207869322, 4.764347410107587, 4.7625072751419735, 4.759711959920361, 4.756458542335175, 4.753101947209756, 4.747542758979228, 4.738613365764764, 4.734350074854618, 4.723898611949957, 4.717476853578788, 4.712983784911116, 4.699981579197097, 4.686819295890604, 4.680156767498016, 4.6715494866891385, 4.659201172060706, 4.655017957818081, 4.64435894498011, 4.6337322093339965, 4.6252538297077175, 4.615575236183248, 4.607671599875979, 4.599660453017197, 4.596753180078377, 4.585387113769327, 4.579135559048919, 4.567323228028799, 4.5624025348741215, 4.551360893026087, 4.543870559019744, 4.53691145297282, 4.530844755837416, 4.520927775245141, 4.513934014018355, 4.518994198621535, 4.5236693594199355, 4.538788501662972, 4.560443205376983, 4.56447908629139, 4.580667461741616, 4.5851732472619, 4.585069528875368, 4.595541160987142, 4.531798060800148, 4.4795670839241755, 4.495286262784385, 4.523673779332814, 4.446355040280808, 4.435558894260446, 4.422293979352549, 4.435190779323761, 4.470403265088374, 4.532619117132468, 4.613939986094437, 4.675814180115091, 4.728680767251552, 4.735550251861295, 4.747829200769421, 4.756626132609508, 4.756289711878328, 4.746864329563409, 4.73807379329131, 4.725467522099896, 4.721891633387986, 4.7244976797087315, 4.736270507598476, 4.737909151066886, 4.732285897022518, 4.732506290141901, 4.725056204461034, 4.682635862097458, 4.496300408922168, 4.452456665044173, 4.475033892830172, 4.51053153411928, 4.725222944450025, 4.846808164283194, 5.327937957081361, 5.04289747424767, 4.877601548790569, 4.958586455789163, 5.13727149865591, 5.521633295493978, 5.988140854328005, 5.348090127413172, 4.882902530104267, 4.796216371708192, 5.042648611566308, 5.304166692165903, 5.336765699548784, 5.107888126561543, 4.844826895183121, 4.750425021322631, 4.832039418327918, 4.988598357325437, 6.1546743633660945, 5.787706623437757, 5.239165509261047, 4.843460854666293, 4.74813489652428, 4.941286622574977, 5.195694500647003, 5.317278586386679, 5.229892076383227, 5.061990239898215, 4.843949866297262, 4.737390994884792, 4.751460799410451, 4.823451246488383, 4.905966546495668, 4.95247491822098, 4.90437576878708, 4.818883750559888, 4.738181076539052, 4.6822680746682055, 4.682289072921787, 4.716478877229859, 4.783432655564639, 4.796496270325535, 4.787539126315193, 4.739394871061632, 4.685038636544601, 4.657800795619951, 4.664074074779461, 4.688245996552186, 4.723624744979201, 4.722208325491693, 4.7104140626197015, 4.685604623827581, 4.660737443628931, 4.650439077635699, 4.649968770559797, 4.663454662804084, 4.668033024843315, 4.665092703595536, 4.6541051238993285, 4.642870975395031, 4.638441611943748, 4.631111335910265, 4.631860494707328, 4.633566470875829, 4.6326729807095575, 4.631028764361323, 4.628409868001508, 4.622948911081914, 4.620270118366775, 4.616013307361394, 4.615046544500495, 4.617169266667935, 4.616383219535217, 4.6207916034014795, 4.62074535515267, 4.6170209888087035, 4.619732844076726, 4.614667408456193, 4.618432819444894, 4.615679536330066, 4.6192629190025825, 4.621850219226982, 4.621127852915893, 4.6214272076250085, 4.623864553708186, 4.623041033618001, 4.625291782643922, 4.62441911878481, 4.6308793468075775, 4.636471821874202, 4.63250723392037, 4.632415814119293, 4.637108209122487, 4.63466370071687, 4.636612178671788, 4.63358629690437, 4.635215141891617, 4.632966994453945, 4.643187501934167, 4.642903220800585, 4.642275041062234, 4.641294001109464, 4.64040172848081, 4.639477293341781, 4.638679658754025, 4.63756031334917, 4.647716169706206, 4.636439161091765, 4.635953071381994, 4.635287171240896, 4.635024550446724, 4.633914547109132, 4.633113283883555, 4.633202921128671, 4.652184926692667, 4.65156211264314, 4.650171228896846, 4.648566149261338, 4.647501214616963, 4.64857788141952, 4.650895658760455, 4.651653462364612, 4.650951581252719, 4.650040872686, 4.649671824323199, 4.64892931150304, 4.6488415173680435, 4.648351968905817, 4.648541850007348, 4.648036572942316, 4.648136765304231, 4.647468125124653, 4.647439564134938, 4.647291874826276, 4.646867987298857, 4.64678697354406, 4.6457730653757014, 4.6459902511890485, 4.645513527316056, 4.64563638499606, 4.6445890434865325, 4.645151240922453, 4.644525627200765, 4.635493188967515, 4.643651505183743, 4.644076614434487, 4.643546706293946, 4.642818950604788, 4.642811186593215, 4.636730542433416, 4.641940256331056, 4.642205198443909, 4.641964090795004, 4.6414422728447065, 4.641609914132737, 4.640917681062712, 4.641054175256346, 4.640310811368655, 4.640348086513143, 4.633294515538018, 4.639458896437376, 4.6403064009002755, 6.479926006802692, 12.955685548052344, 7.149573133298583, 6.410495068238398, 5.151493988101609, 4.691182009410097, 5.059312003056529, 7.890610057097759, 7.4582929295304545, 6.6357602120408865, 5.8278246127968885, 5.578049389479057, 5.369623224426018, 5.2143926079766265, 5.23312464670346, 5.489225137434029, 5.844704197070726, 8.025737459622478, 9.315498724606075, 7.751656626587536, 6.273091422123961, 5.681506567239238, 6.910362020898845, 20.136496021759566, 6.637167866544204, 4.95662195774938, 6.233015201836559, 7.8080450484233515, 8.111293399340418, 7.6110570152761445, 6.526587181519805, 5.444073095841209, 5.049141416536353, 6.048170011444484, 6.45818743838677, 5.789250444470504, 5.331728024676038, 5.491518944088608, 10.2665296486921, 4.998004952226585, 5.846281599220433, 7.392129719444882, 7.915672608025306, 7.551562861860137, 6.530318231886431, 5.302836405157345, 4.912291588300728, 5.5753082201870425, 7.305285343103091, 8.121166125175085, 7.09623616882607, 5.493114667710432, 5.000791998726583, 5.089945006308256, 5.381672702321643, 5.575137976855868, 5.588375946203711, 5.458729028136229, 5.189149866308219, 4.928733648354211, 4.773515368901822, 4.772300775733131, 4.876183150822687, 5.042730259853335, 5.145389612002737, 5.163520329137609, 5.104524066594681, 4.984800624839756, 4.874217778596601, 4.813609988265225, 4.818302940715906, 5.466796582895799, 5.645012898358755, 5.694286642997121, 5.508237081428835, 5.063374454354776, 4.951284219737256, 5.069489852038318, 5.120165696753018, 5.070173163168632, 4.986448620926535, 4.85529881075827, 4.787815454045897, 4.777420473159379, 4.817207608440487, 4.863188280409246, 4.888817297905141, 4.895097922345034, 4.8457544018689385, 4.792795337124073, 4.7652503577081715, 4.75787249720184, 4.7752806891292705, 4.798876986972636, 4.809468171157214, 4.79561362109229, 4.770585030355914, 4.745555198867044, 4.729352847214643, 4.732185516625432, 4.7409863523732945, 4.760326448450766, 4.758811411259142, 4.751851776507545, 4.740936364113678, 4.730495416919914, 4.7158328171951815, 4.719933931147495, 4.725080977710172, 4.729662699296511, 4.730174033638966, 4.725967990848475, 4.719160875485543, 4.7148976898276, 4.709617318985513, 4.711285241566063, 4.715216161632191, 4.711575036519104, 4.702770993076095, 4.7048705260793655, 4.694366646289238, 4.686180247249848, 4.685163249640849, 4.683298237645183, 4.6841056723721355, 4.679750640553784, 4.669672132020105, 4.66171622889108, 4.651128886269574, 4.645526996704709, 4.6455283908036815, 4.644849985845643, 4.646319300842849, 4.6449525668848874, 4.642684436170312, 4.64318841993277, 4.6158884618811244, 4.610238411716953, 4.606962325846341, 4.600996602203775, 4.600240158843331, 4.596433425370167, 4.611449315363227, 4.665708274933485, 4.661169047095704, 4.6489424711370475, 4.637831305572828, 4.6061872427501696, 4.620664913930038, 4.623841794068429, 4.619399328575025, 4.606664897481078, 4.585699328082421, 4.578435084610526, 4.6001077667802655, 4.614605853565809, 4.632925964383582, 4.624852449186161, 4.628212277893975, 4.6043251052944525, 4.5905636349056635, 4.601735269958843, 4.614764247592877, 4.611062628537302, 4.604392133346122, 4.589767709263607, 4.59031056771315, 4.628210086133794, 4.665916169250263, 4.6730255816509265, 4.6755397721680545, 4.649345744855844, 4.639438451407158, 4.643422896417185, 4.653072025382515, 4.6585856270997, 4.648912028658185, 4.642150067219751, 4.629663741728479, 4.62589706663899, 4.632979222986578, 4.6424086140604155, 4.6538107713047765, 4.638212218730544, 4.634546724592675, 4.62920212376626, 4.628449207050083, 4.632783585826963, 4.63453510799385, 4.633211390604851, 4.624838739261315, 4.624173614577703, 4.623343405871714, 4.62696856432828, 4.632796507308569, 4.629265649354554, 4.632842192815887, 4.631788297534507, 4.623589856408134, 4.632050465789209, 4.63757822721571, 4.632669488314206, 4.634991625796695, 4.641526708895906, 4.639981513039545, 4.640448613531004, 4.6549193006881815, 4.666846438146146, 4.671950641968589, 4.666686421025553, 4.66376355190866, 4.662111038008368, 4.663166377623821, 4.666911661258724, 4.67165459202091, 4.66380650967174, 4.661285716404021, 4.662223515938134, 4.662760671776617, 4.672543125246279, 4.676798561186313, 4.661839579935653, 4.660189097457972, 4.65894542690426, 4.664032696455084, 4.661077568471331, 4.6620330677138675, 4.662377538261866, 4.654864173441037, 4.660548052377011, 4.660530235563031, 4.6548501648008695, 4.6510381760322765, 4.659462702049877, 4.648748635629135, 4.648134050862375, 4.6456040351793115, 4.640990207469525, 4.649464565122201, 4.637672800783966, 4.637159356863129, 4.63725583013134, 4.63447109813304, 4.643760354821012, 4.642879191475294, 4.642869572755207, 4.638123593556779, 4.638586041675096, 4.639702429101546, 4.636394526839118, 4.637939678969304, 4.644097221388143, 4.646662851148162, 4.651464829007695, 4.65312490260682, 4.656884735809782, 4.658787473966405, 4.663271073472202, 4.664578977287455, 4.6650611231708785, 4.662204715015609, 4.666552691395847, 4.665361052046942, 4.666444884091103, 4.665142989448534, 4.66719229511643, 4.674360245318672, 4.666611179773201, 4.666798146712536, 4.669787073781381, 4.667841023745012, 4.666690615622787, 4.6664138764667396, 4.668939314823596, 4.667368282666668, 4.672692731981892, 4.667552353709189, 4.670138022811792, 4.666292033166148, 4.667479773578315, 4.669326832169589, 4.668122338151644, 4.66899918846803, 4.668232243441849, 4.6667483341718325, 4.667474339903043, 4.679223244630436, 4.671584852664117, 4.673459789828011, 4.672358413352783, 4.672466132231205, 4.677954086905984, 4.6720963064026195, 4.678234892634223, 4.670427367454761, 4.678012516427708, 4.67834745147251, 4.678119859363244, 4.678690433535166, 4.680766998245017, 4.6780736303163275, 4.681721361796648, 4.67843151934357, 4.682833511696347, 4.682976982098753, 4.683219736983893, 4.683270003278716, 4.683078536676913, 4.683189647572277, 4.682991896825725, 4.68286548840619, 4.682733843077388, 4.684764347629198, 4.685580578569831, 4.682958848555248, 4.683027630643123, 4.684273251383477, 4.683281252315279, 4.683355651050871, 4.682748885807124, 4.68254027872762, 4.684177554483627, 4.683617812994944, 4.682902796747064, 4.682508924870376, 4.682678465968488, 4.683240367205343, 4.682579968155374, 4.683081319410061, 4.682789903633291, 4.682795175631861, 4.682577750933088, 4.682685883651644, 4.682557606853463, 4.682606953203081, 4.682599249473781, 4.682915875980046, 4.682943328379656, 4.6827880404983055, 4.682711744571023, 4.68307386775571, 4.682818232380634, 4.682749238745379, 4.68202654459726, 4.68195836668115, 4.682090707837623, 4.682420495054073, 4.6835616569774645, 4.682906860631207, 4.679099775937144, 4.677599710927381, 4.679639489581578, 4.671143316400839, 4.661712155813922, 4.660756133954993, 4.659858612788796, 4.658346044078712, 4.657450919084751, 4.666825147564435, 4.666967522422173, 4.661802287907187, 4.6675805787982805, 4.660897873987795, 4.668245537837439, 4.670315907336257, 4.960697317004567, 4.682999023870251, 4.745050387125239, 4.755202431665224, 4.723531284830584, 4.690234715765914, 4.997797223504628, 5.266274109047054, 4.756005808044464, 4.919352084056417, 4.958048278679883, 4.832621553178307, 4.605524099546187, 4.5410892700267915, 4.6448414318758235, 4.773197643834586, 4.84394535003601, 4.756035956681015, 4.616100539407619, 4.531769050533945, 4.571460471820637, 4.660123583469697, 4.713089683927121, 4.695832753475367, 4.619325890239286, 4.543459652963034, 4.5139925905775735, 4.546594987007919, 4.585825628767268, 4.590799503984215, 4.597559591071143, 4.649306680650804, 4.740187248934462, 4.971712099545555, 5.783689228563393, 5.2663890031082055, 4.671827742408547, 5.225987555640159, 5.601659034304437, 5.231721398182978, 4.731921209096029, 4.741916289028433, 5.052045730806592, 5.159739322070669, 5.484383085589017, 5.559469051675763, 5.175380524986946, 15.616535856207163, 11.272767327336595, 4.8986494571321115, 7.47075486994057, 14.441679873327661, 15.774159709748403, 11.56483140263154, 8.864270897110764, 4.986479040256898, 8.70201900123829, 7.020241083473954, 23.134229299484655, 15.25951396458752, 12.70312284388346, 14.756326064842524, 8.036672639441806, 8.276560706631109, 12.919402669337584, 16.137771750459247, 12.269487594408217, 5.438278786395437, 5.866081302398201, 7.042090725379234, 7.5906779482080795, 5.2062964675443055, 5.226009295459079, 6.869488928297745, 6.441486904845905, 5.537124134733335, 5.111770212152968, 5.310278411310332, 5.844997796357673, 6.104537370190684, 5.950763782856172, 5.416412073596343, 4.998247902204219, 4.9403301543866185, 5.180921985913434, 5.456917208453226, 5.4950413246681045, 5.297704742998302, 5.030402164690222, 4.890821888995049, 4.942870229795594, 5.080206752261832, 5.1686757281590765, 5.118128150885896, 5.007825954539136, 4.911148474423137, 4.882784796796289, 4.928853358534469, 4.971244037033689, 4.967485243354282, 4.924473625736789, 4.880262169803817, 4.859713197810868, 4.856790649601137, 4.87992989265731, 4.856739144508352, 4.848700696618189, 4.818976362974755, 4.806327653773376, 4.809642352149066, 4.817936747124512, 4.815273241938857, 4.797900233493222, 4.7770120970573, 4.754117611273698, 4.756052094603394, 4.764279198453982, 4.755107477908117, 4.756717128576099, 4.754430011155693, 4.732261605739216, 4.722905899458478, 4.724391967813398, 4.725688814423986, 4.721246056890755, 4.70531647338774, 4.690536498612236, 4.683378229552498, 4.682310928178626, 4.679948469582017, 4.666163076849728, 4.666878050552532, 4.649263648231323, 4.6347243837502745, 4.633781415454738, 8.945486991119111, 5.703576267094205, 5.553436819722563, 6.654239292849868, 6.725374377417754, 6.121520239219357, 5.537593207541386, 5.43322777298608, 5.6284088366442395, 5.775699938279893, 5.705670184905229, 5.462374356226971, 5.271265039182994, 5.245308655456853, 5.3452628164612275, 5.430826045838871, 5.4102536364900695, 5.295663124729672, 5.146152589844564, 5.014019272612528, 5.382821952616869, 13.119341876198924, 10.55690602042321, 7.716349771986759, 5.794307758365133, 5.379724533610508, 6.136858018641687, 7.257399112912053, 7.886466357399482, 7.831618220172496, 7.164392308817318, 6.328735345874745, 5.691473215913404, 5.394995613513742, 5.454461778287722, 5.67190685097387, 5.889373381712532, 5.977777714465387, 5.902258075925323, 5.728843325291721, 5.547506739370591, 5.4182521384653946, 5.364359962873042, 5.368160222208387, 5.403654833762015, 5.432287138784338, 5.396945258173296, 6.680412028892612, 7.017964119878923, 5.759795472369583, 5.790119332955704, 5.506077644798762, 6.010735586015719, 6.7403623327984254, 6.929845119718098, 6.712136524190964, 6.212633547792515, 5.687874450839007, 5.28868459897135, 5.130369216226374, 5.19526947706406, 5.384116229931752, 5.620841449300236, 5.758709809234865, 5.725841567705476, 5.597317850842583, 5.421198461333476, 5.270071189494198, 5.148780213114881, 5.098316592944438, 5.135774590091063, 5.206425209521021, 5.276623412941633, 5.316590961909932, 5.315472570715166, 5.271696164760055, 5.211695095434737, 5.144223514750249, 5.109954499947867, 5.10258990983138, 5.112937194423209, 5.123899927535715, 5.1450580394735175, 5.172169608071612, 5.160510107750223, 5.152897359370406, 5.13267558457077, 5.104018767788745, 5.093241747050774, 5.096782192601192, 5.0975372983738465, 5.108034033829687, 5.098682262838827, 5.100775566296455, 5.09680509533815, 5.0803558018765775, 5.074577680425699, 5.057772473620026, 5.037249269614463, 5.031082241607882, 5.028635584416931, 5.009474830238901, 4.983829952634548, 4.992422708006354, 4.929015101926891, 4.879131582765231, 4.826071051800207, 4.861666293994742, 4.95518898923188, 5.1690847733203125, 5.644300854614046, 5.875196135184689, 5.3817832487835915, 5.124061385938105, 5.175832649156527, 5.469913347565593, 5.7131746256367, 5.759831158450425, 5.60940998687477, 5.349504564952993, 5.171239388865138, 5.1131910917229355, 5.188907379173423, 5.30342279849923, 5.376374191171944, 5.358497533495676, 5.276883046424275, 5.1852383855217035, 5.132677281014636, 5.131235532006579, 5.171878987372459, 5.18871767026038, 5.197867755808168, 5.18968073541747, 5.163894874101509, 5.133240355545826, 5.116904758653823, 5.121753913203142, 5.133396968339145, 5.146349850181941, 5.147835241299533, 5.1353029382907485, 5.120972902079995, 5.111209235785101, 5.11342058915508, 5.115462771211892, 5.382145573231763, 5.61587018814204, 5.75743528865282, 5.192205756665229, 4.926491995527658, 5.426767699161604, 6.331159927906399, 6.406824532250926, 6.002074215964404, 5.529290875873008, 5.200358361777867, 5.142621888378364, 5.297259606231887, 5.47676417653643, 5.584168073518432, 5.584386260462997, 5.442840221428322, 5.268599014851902, 5.282614249426033, 5.458889994247515, 5.573636656418132, 5.638188029496941, 5.624839052362751, 5.583575369870132, 5.4105652635472605, 5.2708949439976065, 5.1316514480047974, 5.055462397160837, 5.011906118466348, 4.960339252915405, 4.9492802320794675, 4.941426481611199, 4.920221582447471, 4.885763843160841, 4.840908522957012, 4.782063448359258, 4.758814275172235, 4.7393675574086815, 4.737092837616297, 4.735497450284612, 4.732464968414388, 4.723803942065521, 4.705594950712197, 4.685286769434007, 4.664215302653774, 4.660086662760208, 4.651604506892329, 4.645566393024544, 4.641165170468526, 4.631635680127932, 4.62655481027145, 4.612915040185637, 4.60203812175896, 4.605199853947176, 4.602104196942083, 4.597588225140405, 4.594658066138948, 4.585810430475654, 4.584611169059705, 4.5840511568425, 4.581761313389747, 4.578236288518443, 4.578131571873386, 4.584773926598536, 4.58294963355051, 4.583144631399432, 4.5842844806536895, 4.572575072609426, 4.5757251370609175, 4.578134152200596, 4.576951872560183, 4.5689648261757645, 4.561671738212759, 4.5665987519518385, 4.5781591889427835, 4.562717691596143, 4.563158205141421, 4.564300055845946, 4.568166688570238, 4.565626283754347, 4.565045626302958, 4.56991121060905, 4.563248737647937, 4.569680789731317, 4.565464423900152, 4.569521679619144, 4.562301554323413, 4.5644383716002555, 4.562782513826374, 4.5573216608477045, 4.567473855338822, 4.559770369121823, 4.5549026376240205, 4.556013777690722, 4.556852539140078, 4.555989823445435, 4.5545019702953065, 4.560719559948375, 4.553219033972756, 4.549811015960567, 4.549511972640806, 4.551846396967917, 4.550222654852078, 4.5514989428797135, 4.5486409072248914, 4.547528583122887, 4.546249906434881, 4.539716052347842, 4.541430293144814, 4.538346143199365, 4.533440114639595, 4.538530275705106, 4.539049608856795, 4.540173201939174, 4.5393660323896645, 4.531670193531156, 4.535569592405514, 4.539529464524892, 4.537582561683054, 4.529296796732851, 4.528289532173315, 4.531097483050645, 4.527437470824279, 4.5305292396572545, 4.533264216870614, 4.533118219203808, 4.524488938288386, 4.525420054646104, 4.530346423535796, 4.527658246114637, 4.528239324046314, 4.527545805931454, 4.529511079060691, 4.526927486310585, 4.5232725387147035, 4.523194474505775, 4.522957042380815, 4.523392728990978, 4.51718459063043, 4.519509804195892, 4.517380898973668, 4.517802592481638, 4.513308083239384, 4.516821157024079, 4.5164328449302085, 4.515049754999115, 4.510171062595029, 4.513665142964487, 4.512222867264959, 4.50866855270028, 4.5129770556052655, 4.50826990087198, 4.5088624932734716, 4.510931620049427, 4.509691265423114, 4.507126872992855, 4.505451364045036, 4.508713204239521, 4.509004651023816, 4.509514822765568, 4.506349106571279, 4.510292457890109, 4.50456099795931, 4.507551672801468, 4.505778578638334, 4.501251633334136, 4.50290831108838, 4.503403172934066, 4.504690821900414, 4.502062808193893, 4.5067478261260625, 4.504748381654249, 4.502113793736182, 4.5019348531719325, 4.50252474783807, 4.498464726027021, 4.500474143251718, 4.501824510008655, 4.496503730894463, 4.497350488220577, 4.498156453300675, 4.498343917244961, 4.49815605974566, 4.497568477769746, 4.495336259816871, 4.488835333675557, 4.4870164925820495, 4.485368589059207, 4.485558655412293, 4.487809550440748, 4.482912524382738, 4.483550374220808, 4.481037552715869, 4.479790372646169, 4.472415611525688, 4.468363119042431, 4.468419009449272, 4.464406490959868, 4.460099627151709, 4.454191656741171, 4.450790988216699, 4.4505933525108885, 4.447287848312915, 4.439191911205336, 4.433460470221539, 4.426954970140391, 4.438186379978641, 4.463631848519338, 4.518645079815143, 4.589502887528898, 4.658428105793782, 4.734526529305999, 4.793414043451892, 4.884027005417148, 4.9823856438242595, 5.108072919792927, 5.148324347518252, 5.207592976100109, 5.245972250472725, 5.284951906468064, 5.331536345939418, 5.381666436694459, 5.4612457661858125, 5.517271770865574, 5.59068650799995, 5.618081596279845, 5.649813964836169, 5.64125094378689, 5.757452837799, 5.675779133695413, 5.456758638655725, 5.330358985108257, 5.44757623362241, 5.506085756880862, 5.413730660286774, 5.241194387057324, 5.133790362794643, 5.171094140552769, 5.2049756991143346, 5.155219949343, 5.064919237471756, 5.025566697978005, 5.02321836357171, 5.024767317938866, 4.989380593191626, 4.9464576095396895, 4.903077440191543, 4.887018539198707, 4.8785064509937515, 4.870153189022789, 4.859690560266397, 4.817800648353606, 4.801711076996487, 4.792107924286733, 4.790835204424398, 4.7690160661524565, 4.744092792057175, 4.738933045812901, 4.706816158045178, 4.711418228324597, 4.707769654916034, 4.694323101942751, 4.683556539192574, 4.662971435156937, 4.666115011362058, 4.656420159272574, 4.6527324043147305, 4.632456457513832, 4.639705851875877, 4.642721414453768, 4.633405050955102, 4.642798859138714, 4.641335883627994, 4.65260325197358, 4.642854700350079, 4.6543761112658535, 4.655074567186708, 4.665148638638857, 4.657535645663059, 4.675155854955175, 4.67956333737516, 4.691860264050209, 4.6501859314980685, 4.611415830731772, 4.648579891250707, 4.678066445339943, 4.701628031282861, 4.734221919690355, 4.739866963415943, 4.779049162499408, 4.767077561541513, 4.806065779492414, 4.8614257784276935, 6.808363085271219, 6.2606872606120225, 5.752781590268852, 8.21962579479644, 6.642865093442722, 5.119981369499353, 6.291300973895682, 6.82652174592672, 5.581259595376178, 11.259236513668661, 8.833098788277114, 5.510258538773744, 5.459935075867431, 7.48652197268776, 8.227166118336912, 6.839781096317041, 5.351266029024857, 5.125241662174417, 5.8870062261970135, 6.495714971261725, 6.320904880859772, 5.666087716665164, 5.1931999358675744, 9.98498080037224, 6.633381050598348, 5.182554578827029, 6.741349349711677, 8.712115039317908, 8.375357254095375, 6.484917843744219, 5.168009323954096, 5.294527700265939, 6.205328437538291, 6.801566853079751, 6.525358008448569, 5.767193391715582, 5.210132051613145, 5.175632290271297, 5.456636271400871, 5.764502842016221, 5.769740647136292, 5.5356325627748255, 5.303694581435565, 5.187353045355848, 5.224254422767945, 5.29224488359506, 5.318337938934063, 5.272852893007433, 5.21259471517691, 5.173683453376037, 5.168097259901557, 5.17774409050441, 5.142899696383669, 5.144804493115964, 5.110826182875827, 5.104257404104955, 5.1185492265814085, 5.134543428145776, 5.131362767769063, 5.104821929735331, 5.069796193993625, 5.925297689015866, 7.20359126823137, 5.79641469553847, 8.5145768237534, 8.670432185012448, 7.1879189702839135, 6.30362330125869, 6.2117330689155015, 6.446241184480101, 6.769188100721033, 6.8606613721245475, 6.711604517398593, 6.441772711798967, 6.0220003201437775, 5.556156905592008, 6.377229062286561, 7.5868166536960535, 6.372133256078079, 5.517845673507058, 5.4501122426105315, 5.937642558080211, 6.515647956384762, 6.800627618491115, 6.667708400971931, 6.164621166835911, 5.614093554904566, 5.22991262591519, 5.1500445180953625, 5.327596603152899, 5.700291254822617, 6.471557987847197, 6.330114497369496, 6.023439124454776, 5.552413442712003, 5.240282468250649, 5.230625974549633, 5.392674988163074, 5.149685362998838, 5.130082987073414, 5.150200820459722, 5.246536178624563, 5.344855310805883, 7.928217985778053, 7.153398713685949, 6.013721860506123, 5.278142224600097, 5.190936624698947, 5.610157742492965, 6.142483926637781, 6.429550406949184, 6.320823005740691, 5.94312120524996, 5.514275255833749, 5.236946806218449, 5.191753695018435, 5.3195701439285505, 5.5117385319117025, 5.6286921746665195, 5.636381302783642, 5.524424450743042, 5.358260294264594, 5.237976955948141, 5.747293627233251, 5.8733882714480705, 5.81244025993258, 5.652219167813274, 5.476332539414135, 5.361071899536552, 5.277177306005098, 5.2639605228239565, 5.310939211595956, 5.334564850588631, 5.372674819619274, 5.369966741349722, 5.355057771577692, 5.321747206378662, 5.273115549719795, 5.212945023443918, 5.179963812120101, 5.169237004194601, 5.190651518486089, 5.218475246721384, 5.240272895914976, 5.240378564651788, 5.216512200788087, 5.179704095524152, 5.149581356428875, 5.137666607771915, 5.145457544550158, 5.163978718479688, 5.179647428522505, 5.1834777010603315, 5.161305131105936, 5.1478719891833995, 5.13543428657709, 5.129350713796586, 5.1364552124405485, 5.130252543684862, 5.142048110701251, 5.148336129617653, 5.1418091665452925, 5.141623913646081, 5.122080306833782, 5.125705637984581, 5.1204604153549775, 5.118922755323285, 5.117304855229353, 5.117126409343832, 5.123183939645378, 5.1230165048184375, 5.114282451495888, 5.115524059858528, 5.102737132826687, 5.1060300615968774, 5.1134873750497425, 5.101593536751244, 5.109662546155118, 5.1094500242184, 5.1013224312061185, 5.1046121658689145, 5.102344014074446, 5.100243770170115, 5.098955742357583, 5.095924720005462, 5.091232106602602, 5.099792777544969, 5.095474721736741, 5.101660263993475, 5.100162068469661, 5.091019264528294, 5.098271316457528, 5.091778152430417, 5.096527195267014, 5.0959232922661855, 5.090385029174373, 5.08120389217047, 5.087896835910937, 5.093089646120086, 5.089597368703355, 5.093844310075268, 5.078252608534665, 5.091229217952541, 5.090688783676363, 5.086615536145395, 5.086975409967992, 5.087859830730162, 5.083328423467949, 5.088543530043884, 5.080201261918749, 5.0866730113728025, 5.085494256615007, 5.086760271958533, 5.083478654262834, 5.08364836742206, 5.081366389066503, 5.075848220996892, 5.076494206067915, 5.0755560088593885, 5.074277026444937, 5.079213377891855, 5.074620455100967, 5.079944935882523, 5.076168340602045, 5.077932065100637, 5.068236334061011, 5.07881408073398, 5.077975030416268, 5.073167297552388, 5.072166842527437, 5.07519118615381, 5.072316379028414, 5.075364275810155, 5.072517378131419, 5.079178393545067, 5.072700238375134, 5.070681059322115, 5.074220551071704, 5.079704191510225, 5.076814391894612, 5.078417398701713, 5.083069916627739, 5.090922102027769, 5.1025291514023, 5.100866315772358, 5.326931755735756, 6.140840605936387, 5.521745939091144, 5.796780839086236, 6.28022083138757, 6.055346856857411, 5.446938696200993, 5.077902247767357, 5.212708618050397, 5.600736300889547, 5.727939095251944, 5.537372685519013, 5.240619473469982, 5.063962611897467, 5.133731251129235, 5.309612431771066, 5.408845197827434, 5.333915548178454, 5.170158240647768, 5.0634492380043845, 5.079290716535568, 5.188683942837432, 5.243544737692161, 5.212810718640482, 5.120822972068852, 5.0498476688268505, 5.053413525816829, 5.091715364062792, 5.130084347916432, 5.126338599967351, 5.082242562895171, 5.0517714190154726, 5.026480124749158, 5.0468335432097815, 5.083057039652053, 5.0647844939732245, 5.0520635915975, 5.032063406270126, 5.012555469078683, 5.015035901626574, 5.025444363164659, 5.0291989684535165, 5.02264597652836, 5.006626785514879, 4.994723137828713, 5.00178867928306, 5.003205324333556, 5.0227449772813575, 5.002442656194517, 4.99696363090786, 4.992381834411648, 4.976251652266469, 4.982404032274416, 4.983631101537477, 4.98063635673202, 4.977009932321323, 4.9741604763982465, 4.968142474342025, 4.956873540555052, 4.956687662329256, 4.948987750350182, 4.96342346040211, 4.954250550224845, 4.952269617788977, 4.947681727397579, 4.9575857856264, 4.943656042513241, 4.955069892077457, 4.947772596756663, 4.943823373445483, 4.937137900360861, 4.935080123641566, 4.934210282401172, 4.933095228952197, 4.943521103669782, 4.941347829806267, 4.933878959189299, 4.926649535373224, 4.926472368121649, 4.924824887192671, 4.932380797651211, 4.925983004773153, 4.934043563220043, 4.933682197538631, 4.922164426864427, 4.91764461797039, 4.9242660825306634, 4.917381359436982, 4.916303979827601, 4.918823394022822, 4.908920686417708, 4.915542599090142, 4.915623689900624, 4.910331173808673, 4.911443988457628, 4.915659210436162, 4.901827021936314, 4.896721083317562, 4.900269871332146, 4.9009682846087035, 4.90397317481173, 4.901699991732298, 4.896610930529096, 4.896288414529665, 4.894769446184689, 4.89469571093405, 4.894133090063321, 4.887934859060105, 4.887381584900651, 4.892723038414641, 4.883104883759117, 4.886531089582771, 4.885338407446674, 4.881068164297867, 4.8785258014920405, 4.878992869624812, 4.875997761286104, 4.873524653316661, 4.873956049226826, 4.8738854302293175, 4.866378809534736, 4.878661070611695, 4.873399610738963, 4.87118859463385, 4.864576153553154, 4.870995626009722, 4.867222071335721, 4.864437684703062, 4.867046785677018, 4.865029018257896, 4.856701263207198, 4.8602339442198, 4.86246544286198, 4.853999346136837, 4.858220063678924, 4.857569263652567, 4.850766042693923, 4.84907937137136, 4.847316830839092, 4.8506349554278385, 4.850809219840475, 4.8434665009561915, 4.842745020854391, 4.842058842839701, 4.841200438001096, 4.849868111668481, 4.841122667571806, 4.845596250058355, 4.838266986483126, 4.835634065265009, 4.846569393191345, 4.83536353102421, 4.82976428513096, 4.833398503452538, 4.833257652712894, 4.8341757455508185, 4.825035811712211, 4.831923612733263, 4.823790506264416, 4.82483460862574, 4.823219938331837, 4.829657185615589, 4.822180902515165, 4.81360755740386, 4.819868553273943, 4.821174564592344, 4.816805064193634, 4.813162225860111, 4.8108485567891215, 4.816888708179748, 4.806387894700251, 4.819669545480048, 6.304150137898805, 6.869518604815918, 5.093633218484706, 5.81933355416625, 6.9525545635406445, 6.2559902642436755, 5.435286365829112, 5.786419263624428, 6.138909410153224, 5.485534974918646, 4.96769423964427, 5.257224413565205, 5.805172829964992, 5.670614308384293, 5.027110827378908, 4.966351877950262, 5.183177390892895, 5.5005200322215435, 5.728349471330588, 5.542364335110655, 5.096272636652878, 5.0009117272769705, 5.113578891913473, 5.162009904539283, 5.06026526028105, 4.987609892075482, 4.952183580687475, 4.9420347129863575, 4.93906336559564, 4.924112963091412, 4.945598309233853, 4.9507936315935765, 4.905205010660398, 4.850533492520193, 4.850197810802926, 4.879803195522971, 4.911063831491521, 4.886191053262817, 4.84178118988522, 4.837460039528929, 4.853017839967408, 4.868078840104821, 4.8588056937657935, 4.8492178145249545, 4.846426050747416, 4.826506306471981, 4.843465989894501, 4.831351312186491, 4.832515248733959, 4.839886458359394, 4.831348711857076, 4.822031327949634, 4.812731068422967, 4.834793571833203, 4.827852022871207, 4.824816820401012, 4.822794094641321, 4.82032531000982, 4.822038257295446, 4.822574682908509, 4.819031042482987, 4.816250857554783, 4.8191967750685185, 4.819088432028433, 4.807918999332588, 4.822342387659607, 4.813534560550933, 4.819283742738554, 4.81079522111304, 4.795265275746698, 4.777777521397124, 6.33033560168619, 5.0238301276421415, 5.117963492839252, 5.978772124945771, 5.842802840061862, 5.072952236192009, 5.08092910016559, 5.559308430950598, 5.459204425471948, 4.98030005413715, 4.952281793968027, 5.275112459040209, 5.3021107156335034, 4.953280923688356, 4.812467018571129, 5.014617589439277, 5.166360034211075, 4.981566822178608, 4.801410275875629, 4.865409755761161, 4.9889203981873385, 4.9392413354924445, 4.826281710275638, 4.82012419965532, 4.8969208989092, 4.8835870376379376, 4.814127054866256, 4.789012188688383, 4.843056767803391, 4.869448118411861, 4.811497859817449, 4.770314037037886, 4.793399454384978, 4.826555933353715, 4.81867267127249, 4.778575188769818, 4.7746536825393475, 4.796982039074325, 4.7970857118197685, 4.781117663059465, 4.767640859996788, 4.781012578671219, 4.784681975356074, 4.771474013182094, 4.76632438529143, 4.764945885986054, 4.7749465125290955, 4.7685114985774675, 4.756719538221099, 4.758491815052945, 4.761923444415593, 4.759094015800901, 4.762945298261609, 4.764213311691545, 4.759098428901643, 4.7562186678745, 4.754530690751983, 4.7551674928188135, 4.75557342275742, 4.751243898053222, 4.746762232946099, 4.746981034659055, 4.7487731031354485, 4.748779267016851, 4.746161582896146, 4.748943490077713, 4.749185473709489, 4.749389123578163, 4.747505055111213, 4.742254464429208, 4.743409372684285, 4.745371411277022]