Model Setup for Atypical Patient 1:
ITERS=3000
LEARNING_RATE=0.001
OPT_RESET=500
ATOL=1e-05
RTOL=1e-05
METHOD=dopri5
Input channels=2
Hidden channels=32
Output channels=2
Runtime=440.7546298503876
Optimizer=AdamW (
Parameter Group 0
    amsgrad: False
    betas: (0.9, 0.999)
    capturable: False
    differentiable: False
    eps: 1e-08
    foreach: None
    fused: None
    lr: 0.001
    maximize: False
    weight_decay: 0.01
)Loss over time=[71.71473188920457, 67.04750803147276, 43.60181955510072, 34.24288654432916, 24.49727014681381, 15.99348041615872, 9.896264005379768, 6.506805842926126, 5.494543200575819, 6.5063396344282785, 8.831784587929844, 11.321359702467737, 12.817950812582694, 12.947661101263355, 12.015905718838836, 10.518523777240686, 8.850063232681666, 7.291269723448062, 6.092426791147907, 5.421930745664856, 5.286890851248993, 5.542141323858684, 5.985760750827118, 6.45314219808784, 6.840885587531042, 7.083543539202191, 7.134469420198985, 6.981597747337033, 6.6659152769725205, 6.271745204587895, 5.889384150213922, 5.58199433678051, 5.377566575361668, 5.283937600525695, 5.298953763555812, 5.402701348252827, 5.550296088521282, 5.6839822056254174, 5.761463292056585, 5.77091446123388, 5.721940850514846, 5.630333102823079, 5.514873665893628, 5.401349152031904, 5.316269269878275, 5.274893797136738, 5.27355380494809, 5.2986997093493216, 5.3366805795157095, 5.3758936856186175, 5.405033227439332, 5.4146963070516, 5.402036145145738, 5.373452011835948, 5.33889291142467, 5.306600800562283, 5.281851961493409, 5.268339695005564, 5.2678178237364195, 5.277839537008081, 5.292241023318378, 5.304694357459132, 5.311615958840516, 5.311988766803186, 5.306050955351472, 5.295383306582859, 5.283264559729574, 5.273350856176449, 5.2676579478412515, 5.26607484975059, 5.26787524239969, 5.271785209396, 5.2760046613529035, 5.278701547718703, 5.2789445822942955, 5.276989175617677, 5.2736995882418025, 5.269995679387749, 5.266795798730536, 5.264937788370043, 5.264756206493272, 5.265858498720351, 5.267468062415656, 5.268856918000773, 5.269588241768136, 5.269429630662985, 5.268381067137038, 5.266800102544587, 5.2652333046205975, 5.264167343361395, 5.2636615316629065, 5.2636616182605644, 5.264099365377849, 5.264634482362942, 5.264842567655309, 5.2646309273563245, 5.264185841225438, 5.254122768167719, 5.253132023397369, 5.252324121282297, 5.25198748200281, 5.25201696953458, 5.252204718129917, 5.252489043636209, 5.252777456015525, 5.252862284647825, 5.252641534141933, 5.252227359298285, 5.251816469517686, 5.25144989455389, 5.251126345866026, 5.250924342397348, 5.2508834369923445, 5.2509168405421, 5.250932485673669, 5.2509035012238305, 5.250800536130341, 5.250600251617584, 5.250363335323018, 5.250187945576158, 5.250106186533118, 5.250093112462236, 5.2501138540315475, 5.250114428254921, 5.250037515873545, 5.249879970394132, 5.249687884441163, 5.249501204287234, 5.249341651375147, 5.249221897312498, 5.249129576089137, 5.249031931530424, 5.248914567994982, 5.24878792902383, 5.248661244066078, 5.248537709282505, 5.248421559474898, 5.248309483664257, 5.24819139571979, 5.248066828513822, 5.247943240560086, 5.24782161407219, 5.247697260669015, 5.2475665329635, 5.247424775472154, 5.247269065009683, 5.2471053089239845, 5.2469439570647, 5.246789919821491, 5.246641793771955, 5.246494682242374, 5.246341482419559, 5.2461778791929135, 5.246006845964299, 5.2458345820673005, 5.245664559858014, 5.2454966450426035, 5.245327793223583, 5.245153087933573, 5.244969912862955, 5.244779773996354, 5.244585894098858, 5.244390256524669, 5.244193216411622, 5.24399342597982, 5.243788865763663, 5.243579155362496, 5.243365895159578, 5.243150804114416, 5.242934377680914, 5.242715995915762, 5.2424938677828425, 5.242266573429481, 5.2420341172306415, 5.2417976963424735, 5.241558345788087, 5.241315919076705, 5.241069153702522, 5.240816210387037, 5.240555951733256, 5.240288699184776, 5.240015921354142, 5.239738816296661, 5.239457611326073, 5.239171487426275, 5.238879207756882, 5.238580216380231, 5.238275208162233, 5.237965670916305, 5.237652995306975, 5.23733776456082, 5.237019588419841, 5.2366977384076705, 5.236372141547434, 5.23596675281702, 5.2356303325283955, 5.235299239647767, 5.2349863879368055, 5.234695297222708, 5.234425289895191, 5.234161636762734, 5.233892722002062, 5.2336169218518735, 5.233340269441691, 5.233064028691305, 5.232803532188725, 5.232541043253098, 5.232276308105686, 5.232027622726411, 5.23179388623608, 5.231570445716101, 5.231376566988195, 5.231199539969225, 5.230934267407189, 5.230673334431302, 5.230450060115147, 5.230214415608668, 5.22999727711906, 5.229775822373768, 5.229514056956023, 5.229268457760551, 5.229050415157892, 5.2288340624524645, 5.22863655846201, 5.228451696998288, 5.2282206583709145, 5.227957401738115, 5.227689700093203, 5.22743070558508, 5.227170904115025, 5.226900217906109, 5.226625387198842, 5.226355085810637, 5.226087845011573, 5.225824011383586, 5.225561213797028, 5.225292620243187, 5.225020477942582, 5.224750527715686, 5.224482574862012, 5.224216350775807, 5.223950695505646, 5.22368167884384, 5.223410247149366, 5.223140106117826, 5.222871380629871, 5.222603719708905, 5.2223364275323245, 5.222067525363243, 5.221797889241407, 5.221529677459029, 5.221262917070789, 5.220997373069481, 5.220732686554282, 5.220467845623648, 5.220200808397178, 5.2199214733650106, 5.219653817218255, 5.219396236611735, 5.219147731044925, 5.218907881318764, 5.218677272891003, 5.218455298912683, 5.218240061263915, 5.218031215475673, 5.217829139823781, 5.217633393654453, 5.21744324710017, 5.217260226801414, 5.217082334195908, 5.216908346465061, 5.216738351220349, 5.216564273176879, 5.216357154518648, 5.216164517891557, 5.215963871411128, 5.21573150430718, 5.215568423063517, 5.215436956208833, 5.2153872031801995, 5.215445270861483, 5.215601997101254, 5.215935376785053, 5.216500380811361, 5.217348840770724, 5.2185071442673525, 5.219918261461621, 5.221544778529994, 5.223358042143746, 5.225244766942716, 5.227039839760646, 5.22858433527928, 5.229801899761367, 5.230732845315549, 5.2314313693480665, 5.231919756540539, 5.232227959594837, 5.232385165071177, 5.232425506883185, 5.232394458801079, 5.232316276206636, 5.232204398313672, 5.232073964120868, 5.23192673194506, 5.2317663308226745, 5.23159927984899, 5.2314257821669266, 5.231251509716173, 5.231079975337881, 5.230908363655073, 5.23073694798551, 5.230563532386008, 5.230386467707299, 5.230208673526565, 5.230030389045046, 5.229851834867057, 5.229673378942769, 5.229492598659883, 5.2293092187883525, 5.229123484086199, 5.228934897277278, 5.228744510054462, 5.228552212149323, 5.228357524495829, 5.228160692027887, 5.2279608413572785, 5.227757660096585, 5.227551276510119, 5.227341309115381, 5.227128009640237, 5.226911121656886, 5.2266899607627515, 5.226464305140568, 5.226233656067131, 5.225997885899476, 5.225757005462248, 5.22551063746281, 5.225258662647324, 5.225000880506444, 5.22473693604299, 5.224437766572351, 5.2241114827084605, 5.2237693105054, 5.223409211607604, 5.223028234470291, 5.222622330896637, 5.2221856682296925, 5.221710843326907, 5.221190538405276, 5.220624840803793, 5.2200534207140095, 5.219611812014405, 5.21940129883313, 5.219297022845094, 5.219178393043992, 5.219015111384701, 5.218808598153807, 5.218566386524926, 5.218235979921934, 5.217812032268416, 5.217382809390862, 5.216947946550788, 5.226369032871579, 5.224968989186903, 5.210441155511716, 5.205011947733317, 5.205642631098564, 5.206021515349776, 5.206376300152254, 5.207337174024781, 5.20861667470529, 5.210107022855365, 5.210810813446783, 5.211013145173357, 5.211487000499094, 5.212181088974885, 5.2130122325053465, 5.213434158400234, 5.21353940434617, 5.213657919604062, 5.213746735763234, 5.213890709858864, 5.213875532069986, 5.213769642525168, 5.2137546751679595, 5.213746469675581, 5.213725566159884, 5.213543302704395, 5.213287364484093, 5.213114296694265, 5.212991670117099, 5.21289079435966, 5.212682736494199, 5.2123993753536615, 5.212139715600525, 5.21191514836665, 5.211712969528843, 5.211431967569099, 5.2110852180163665, 5.210732236570599, 5.210378893957256, 5.209991944380355, 5.209494725433979, 5.208914359258743, 5.20829851019073, 5.207635919135427, 5.206855035551934, 5.205884566688494, 5.209467308105084, 5.2083096041086065, 5.2070131603852134, 5.20560251602827, 5.204020308973573, 5.20230543725323, 5.20064516617048, 5.20186415192774, 5.213157847161081, 5.219740699422007, 5.208980571258014, 5.209106456452811, 5.209471315122725, 5.2096887411041015, 5.2096478900948116, 5.209707422938089, 5.209605516682472, 5.209874574936418, 5.210212691609626, 5.2106887756782845, 5.21109319948951, 5.21135371337174, 5.21165783696054, 5.211827791969444, 5.212077653519504, 5.212196067446354, 5.2123331217053055, 5.212435268330962, 5.212476350645455, 5.21255570040052, 5.212667904937054, 5.212838750833156, 5.212919017711564, 5.212987173800124, 5.21305522416069, 5.213132029485385, 5.2132034081458904, 5.213228352538592, 5.213282154209185, 5.2133386373848944, 5.213411419475509, 5.213442717719705, 5.213462045282659, 5.213467194608032, 5.213338400246118, 5.2127621147661936, 5.21128508349177, 5.20845500624608, 5.204058791146429, 5.199249892296603, 5.194763665493784, 5.195559236869699, 5.192918391891107, 5.193210420378865, 5.193561836465403, 5.193812952287237, 5.193856286238944, 5.193855239338372, 5.197308044587801, 5.197339170759997, 5.197422354334647, 5.197625840832016, 5.197836322797472, 5.197967085565585, 5.197962932903206, 5.197974277769054, 5.198055668379667, 5.1981926944077195, 5.19827012762876, 5.198289619373957, 5.198276233058176, 5.198258248917035, 5.198226909646212, 5.198198815299617, 5.19818494623157, 5.198157879172949, 5.198087926155243, 5.1979829062961835, 5.197890444957353, 5.197815438080463, 5.197732632727478, 5.197615319279195, 5.197481838250199, 5.197341562455626, 5.1971962472808615, 5.197039395258283, 5.196884709734431, 5.196728944856139, 5.196561878457538, 5.196375725667769, 5.196188091290801, 5.196005996942594, 5.195821877040924, 6.392026429529969, 5.638471703061584, 5.65539985859977, 5.919364903634922, 5.765371199670391, 5.31838033912876, 5.248581169267367, 5.5266464131187005, 5.647150118316586, 5.446921083428424, 5.231317654263436, 5.217579243863863, 5.586562353948094, 5.477140179460502, 5.324146565411358, 5.322320065638501, 5.354314646153214, 5.335308599454577, 5.298294789825032, 5.292585306916564, 5.308145352820079, 5.279625742433191, 5.240162089750694, 5.241833074918764, 5.254931822773892, 5.296120078678328, 5.238779709680529, 5.196565394540344, 5.218418596249247, 5.258462816333549, 5.246224275139418, 5.1960531300689645, 5.1603692839436075, 5.179840645852616, 5.192401598702343, 5.069737783615738, 5.456724542796592, 5.26635187206524, 5.138576264755252, 5.175231677757962, 5.486321779302702, 5.3149375471487685, 5.156462169137008, 5.4020676100411915, 5.504474886273242, 5.286711199125197, 5.151810031930977, 5.269292166529136, 5.372083497521422, 5.284024673958061, 5.168600921186553, 5.207846244716472, 5.310311721507873, 5.253081794078819, 5.182883015427734, 5.188270164761821, 5.2355005307696985, 5.223686549152124, 5.489506474645327, 5.312153790287347, 5.156912118361376, 5.283883037289052, 5.40014406177456, 5.286133715526299, 5.177990562243511, 5.234060197117861, 5.304958986188233, 5.253697289178397, 5.190489768293198, 5.202018619165613, 5.25181849645135, 5.238108656088804, 5.186496549857491, 5.185549634385482, 5.205129574777485, 5.214346444341575, 5.1859592355245665, 5.181984660373614, 5.185200837923262, 5.184102183627072, 5.182966607977802, 5.180657329558944, 5.174018354082836, 5.171827903974432, 5.176452834951191, 5.168579102756198, 5.138193180761027, 5.129297228174807, 5.113130081922211, 5.2024272925917225, 5.2226154004461645, 5.145560409700468, 5.908946036560434, 6.034168952733515, 5.231797837999534, 5.256940733872187, 6.007470162151216, 10.909404314627954, 7.982687569900253, 5.674527455473813, 6.201548515787735, 7.56446055785214, 7.791198296597918, 7.1825987485925396, 6.554449824568954, 6.245991132153478, 7.372747634255746, 6.68215884818591, 6.041856184570269, 6.104734734652316, 6.510498107719886, 6.429948235500597, 5.923494222280824, 5.459697774187683, 5.475501842368823, 5.830110419112708, 6.072152027609439, 5.916534742912285, 5.5296168043908, 5.240460031947965, 5.263455139673681, 5.499207623782909, 5.675708774129178, 5.587136652138012, 5.371714132579967, 5.1941746043464825, 5.186230881103146, 5.307886323391458, 5.417582913845328, 5.414135191939594, 5.313158378557902, 5.205134209493853, 5.175101899501332, 5.221394017023243, 5.282363909791122, 5.298070353542635, 5.260121948214671, 5.206660425071863, 5.181824642756376, 5.193590057428364, 5.218840069659672, 5.225459019482572, 5.210323646864343, 5.202709271555876, 5.189929564964036, 5.189759703785876, 5.196081942557974, 5.199729788495713, 5.196947546222902, 5.191841904550182, 5.188614691950992, 5.186987584455539, 5.182375789812469, 5.178005502489429, 5.175599823789227, 5.183923061066609, 5.173088869829152, 5.174861022262736, 5.174332556907379, 5.167220590937517, 5.166076230276041, 5.167584324711095, 5.17137348257554, 5.1675071701378785, 5.164300114031668, 5.160949628791872, 5.160556821808512, 5.1628441848906865, 5.165357909805292, 5.1676069031687195, 5.162318689603268, 5.165444249285044, 5.162697697103423, 5.163577183061903, 5.1639385177285435, 5.1627756384816115, 5.159681473899483, 5.168813089023513, 5.1565951021669045, 5.283307094048127, 5.706653676238047, 5.661975956280792, 5.190117217562993, 5.047671677728092, 5.384438246019456, 5.763894640256231, 5.764259139025838, 5.423524799326392, 5.122811060818337, 5.12337796966428, 5.324198561415252, 5.437727498790266, 5.348961906865221, 5.18707490397396, 5.083102688428556, 5.148677569209789, 5.2529008613166335, 5.279221828829809, 5.203141788976054, 5.11740165864909, 5.103672398752363, 5.143509002066289, 5.242227012724123, 5.230698731872869, 5.153237471536451, 5.145690719294962, 5.158981231130822, 5.198730827722443, 5.212094484147348, 5.184967716106971, 5.148597445740102, 5.1393838583317235, 5.232463392739203, 5.5895206721930615, 5.353729452470364, 5.151308293311178, 5.1746978697227926, 5.380381131279777, 5.154688106098596, 5.177706439936359, 5.173975537561341, 6.363037889781437, 6.504911599095855, 5.5472694985657185, 5.156775032647381, 5.535058463364721, 6.4012058117204615, 6.311312572288329, 5.816934104522385, 5.288994653528518, 5.845050842295316, 5.9534493105330855, 5.694095297585087, 5.4340757214693545, 5.399576703425116, 5.4875329126200745, 5.524934055796627, 5.478974821567612, 5.419692240859718, 5.39066111623087, 5.358249686786092, 5.3133479096910525, 5.294821951913735, 5.321873307899373, 5.353255238029998, 5.331692909456868, 5.260469934031059, 5.2061292934020695, 5.218713533766206, 5.27179744278639, 5.29353307052138, 5.258030143066714, 5.1980500780445285, 5.179083313111705, 5.209852356933468, 5.24514657401472, 5.242705688366547, 5.207040786049274, 5.176086020235249, 5.177200624970827, 5.211073592614849, 5.228488061178402, 5.213099491552277, 5.197680612011002, 5.188024360014189, 5.194510591302938, 5.1997813626332885, 5.195899522586625, 5.186067598439036, 5.178744585044256, 5.180577471421075, 5.182693984901895, 5.18085276624326, 5.177012579772402, 5.175402242144506, 5.175877038467515, 5.1758240901439105, 5.173848241158155, 5.171758247148025, 5.1733758443469195, 5.187847797644339, 5.186297891792286, 5.182726667017969, 5.181107411801738, 5.1824510524118175, 5.183967820657643, 5.180452102635948, 5.173987082525598, 5.168742789389319, 5.172288960045213, 5.175579041126346, 5.1767231409682175, 5.1746400329538265, 5.172196563572201, 5.169659904424448, 5.171242807003637, 5.173793720098535, 5.172520904924071, 5.171240680904059, 5.171397906945898, 5.172452330088327, 5.172851396809261, 5.172340837480181, 5.169183668383395, 5.169468618418966, 5.1699279738735555, 5.170128547332928, 5.170197362190748, 5.170470800482678, 5.335161417854837, 5.264408791363535, 5.1782097555785445, 5.1848871041410645, 5.242381077077181, 5.274155062211303, 5.2582776796413855, 5.199090491162571, 5.187669703442725, 5.213145043961316, 5.236122610872804, 5.23498071797855, 5.2202702986954685, 5.196436367879496, 5.19283515346815, 5.202676902792958, 5.212534203619697, 5.2080466446805085, 5.194113470010419, 5.183685932694235, 5.185679032693791, 5.195364650221572, 5.200196225860266, 5.193922705200811, 5.1835102358915615, 5.179885589595771, 5.185173877606437, 5.190871491093154, 5.189510478080042, 5.182690331845645, 5.178104311094813, 5.179708446516214, 5.183547130501069, 5.184278088697832, 5.181405547334072, 5.178321840490397, 5.177848768679877, 5.179276717887728, 5.180193690889957, 5.179494948953027, 5.1780653129518805, 5.177257902926475, 5.177588153129792, 5.178379244848247, 5.178527629614652, 5.177886027877421, 5.177351478203217, 5.177673017908079, 5.178833808168705, 5.179919809618412, 5.180202709913261, 5.179804658860355, 5.179447066030625, 5.179560010735378, 5.179836830393279, 5.179742778269424, 5.179233434369475, 5.178747596545625, 5.844694970364977, 5.485351196280895, 5.181834521659756, 5.296018147937534, 5.563338705952588, 5.596049154880101, 5.38560183778204, 5.201816005479873, 5.222061747157425, 5.362315730374653, 5.423447504887336, 5.337539778210154, 5.420921885077017, 5.259024250060225, 5.180749908784938, 5.391584628815419, 5.566236633444421, 5.4880944896357065, 5.274456596835782, 5.168832947387906, 5.251230447777337, 5.3577006625561205, 5.373954126790131, 5.284380877663538, 5.17514559895051, 5.196772909362849, 5.258252226726184, 5.294316671417222, 5.262576763494979, 5.202561808645979, 5.177647323343854, 5.206444785342555, 5.243945949242665, 5.2416723638249785, 5.204178698915324, 5.1784347080432465, 5.1842941471213555, 5.206014309683315, 5.214594305836292, 5.201565348876358, 5.183404162794871, 5.179745745882645, 5.1888535003874585, 5.2003149598978675, 5.19924083376973, 5.184378971103569, 5.176550949573777, 5.175788142690181, 5.183614735439766, 5.187561975496528, 5.179758380367594, 5.175441763474691, 5.175968977041253, 5.1832645317139, 5.184069791011706, 5.184154142723822, 5.181157931534073, 5.176885927778223, 5.175439107209564, 5.1736791878916515, 5.17506602730745, 5.176756316159506, 5.176320761309181, 5.175346611559066, 5.1727733179351105, 5.172816086626479, 5.174034757088151, 5.174624321906754, 5.173788101677377, 5.17310144498611, 5.1675968227735956, 5.15931670712004, 5.143246418849376, 5.649232863162278, 5.226201642458094, 5.2701974286568865, 5.550680707337199, 5.472355531401558, 5.20210834977093, 5.307443354630606, 5.449421668146773, 5.309471330216506, 5.178230392362895, 5.277734881668848, 5.35828055639606, 5.245597316889839, 5.168730627845862, 5.23685009103835, 5.301420371905691, 5.235771630051146, 5.16940775001382, 5.191854977160611, 5.236581789336397, 5.202968185587841, 5.1677437226107354, 5.191781605830981, 5.222454581673403, 5.204075044526838, 5.169163859243235, 5.182422819945878, 5.2081565638253196, 5.194974358260117, 5.170370275665664, 5.177856542678682, 5.195333016769277, 5.186326807923465, 5.168189078205319, 5.172257096997885, 5.18553298931039, 5.181180113519164, 5.168474914920845, 5.168984301174099, 5.176526248769162, 5.173411157473813, 5.164166852334162, 5.170872761643944, 5.17624210045199, 5.170038214949131, 5.1665424403995965, 5.169695827714338, 5.16598399395982, 5.155776581113976, 5.160921502140733, 5.165817718237679, 5.167745693678786, 5.246061657964959, 5.245494869321021, 5.108573603297372, 5.238483669012286, 5.5759867807595365, 6.616133183846902, 5.387629282624945, 5.369991134385912, 6.388962130261398, 5.372319014935946, 5.320347079236307, 5.804027207446722, 5.598101011777149, 5.220975886217712, 5.206026750304328, 5.417640762582335, 5.499022061210022, 5.353538881378631, 5.198498298245777, 5.182034942175057, 5.289737225564893, 5.333407158466119, 5.271843165042926, 5.196821170239561, 5.182206745767053, 5.210682011545006, 5.236225681089455, 5.225220475103886, 5.194137107881454, 5.177225055176797, 5.2004803599500455, 5.177475043868204, 5.197910019478865, 5.1741956931847675, 5.18021463079892, 5.175653696484831, 5.173284335251965, 5.167200597907435, 5.161651611159203, 5.161894177323613, 5.162606068993895, 5.408404867499225, 5.2055136331230285, 5.160407191213474, 5.2799276422170385, 5.35920009568862, 5.284642261929898, 5.175558155704856, 8.501004680648663, 6.963162905707489, 5.425391869185005, 5.523396694362597, 5.757754216719608, 5.978013162413618, 5.844808050308678, 5.54187979273212, 5.367568882499157, 5.444181330475406, 5.562887224789311, 5.5379898892977115, 5.425744675367528, 5.311576000142101, 5.320366650476589, 5.288440388955629, 5.2910319761532945, 5.299570326204766, 5.294403550213116, 5.271425074301523, 5.245732239025143, 5.237911674961718, 5.244271543035503, 5.252058745317236, 5.240741757345882, 5.2140368937549715, 5.204401997191872, 5.217942454768851, 5.2214901481263905, 5.214000256958852, 5.195359618962368, 5.185844910139521, 5.190280437828468, 5.200910905416901, 5.206903245497028, 5.188171393775308, 5.174999447831478, 5.187640766031512, 5.190151323040104, 5.1915887788655, 5.184438772727116, 5.174881090360904, 5.17346909667393, 5.17846489881745, 5.1798949879044, 5.168891868282645, 5.152367581777506, 5.136354721443135, 5.126395409523786, 5.089976020944231, 7.959484441057115, 6.440457385523098, 5.230950543518646, 5.38081152460973, 6.389680853107439, 6.7117055836272135, 6.097618853304561, 5.249072119360585, 6.55342735469386, 6.979887484228318, 6.511306677112723, 6.896238686033084, 5.334128881465422, 5.27319459263702, 6.412318803313685, 6.963284655899008, 6.115111721356788, 4.840170751713928, 8.502724850138483, 7.942675463265866, 6.280355447140638, 5.413125102370607, 5.378978506659073, 5.932332219911715, 6.121791324099808, 5.861479493026011, 5.330394226685774, 5.069596418311065, 5.20938176118257, 5.515797085286135, 5.6488356847401695, 5.477641318976109, 5.158504882425666, 4.964702504933979, 5.020585815046723, 5.223608149433497, 5.326020545711915, 5.290429411847604, 5.102599838449602, 5.04743051071011, 5.1859230855216305, 5.077092122802821, 4.933813729530379, 5.094129330925261, 5.3313319487998845, 5.425516465828149, 5.276846663221517, 5.081311802835082, 4.995898200978735, 5.060390377366454, 5.156557167070176, 6.524192203859541, 5.8929366848267275, 5.1976228682877625, 5.062951871419766, 5.388755084411914, 5.752742401919024, 5.810452091834367, 5.539929086745758, 5.215496065649334, 5.054769662193306, 5.144549441178563, 5.322250947077266, 5.398748816545516, 5.313620180605178, 5.171425032979468, 5.04530840718208, 5.042787414179188, 5.133271743976473, 5.191981340495828, 5.17529765023187, 5.515825572619132, 5.692069532451034, 5.120203186439519, 5.040184841277412, 5.394330533285454, 5.642446702065997, 5.7081174827270384, 5.349642354947264, 5.086341537491591, 5.053797375036199, 5.18094045818868, 5.286851846875131, 5.256945193637194, 5.137500435011936, 5.074397704819293, 5.393443215824761, 5.291225497704416, 5.027430910702234, 5.109110942800917, 5.141546966911469, 5.101633105668003, 5.0307448446410366, 4.984748724043544, 4.98730811988041, 5.029889124404921, 5.059460500219253, 5.045024211520364, 5.007695320471879, 4.970789293823143, 4.975637493511708, 4.991425986098793, 5.00081755361928, 5.18638160968237, 5.98320087849604, 5.4043334200212865, 5.025035313444629, 5.093045303360421, 5.435751904996665, 5.583985179850989, 5.413985389093181, 5.126716125342523, 4.958999282021061, 4.982946796254564, 5.1132290214069975, 5.183171381276055, 5.143193481189242, 5.025072052192665, 4.948545678875488, 4.960888681172824, 5.016862565420173, 5.0511604660625595, 5.026394527040421, 4.975424981098606, 4.939545549402239, 4.943427505646103, 4.963977879261424, 4.96532019610915, 4.9501027887498825, 4.910668866594617, 5.380347147963292, 5.03620019446936, 5.202340288191295, 5.205533490084985, 5.064078891317539, 4.970594283275854, 4.979741707141161, 5.058202878299676, 5.0974641224799635, 5.060339052529671, 4.99357623692437, 4.965003235156214, 4.998592880670193, 5.040052757812133, 5.021873696260263, 5.174328948950149, 5.099541079442319, 4.992116384744644, 4.9513850576896195, 5.01905780293823, 5.066949365521662, 5.45924316415846, 5.314902416439356, 5.067264752750037, 4.958930611439644, 5.0938388029015735, 5.268853756867427, 5.283557667627581, 5.153093381258222, 5.013950530159413, 4.974103218285148, 5.048076010004347, 5.115727627831261, 5.1126145877129865, 5.0515161475967, 5.000783461828477, 4.989906448356155, 5.024389648823467, 5.048255561058547, 5.0328200230042635, 4.999786631395827, 4.999810221642604, 4.992019276222595, 5.029139595262631, 4.995050384335236, 4.97824721121209, 4.980865413037851, 4.979580025628781, 4.9844984673759765, 4.991957575668699, 4.9858402161222815, 4.977803004278716, 4.9688644998724865, 4.972771081888156, 4.957594968001185, 6.9488428501497985, 5.928230889470333, 5.06618520336215, 5.080115748182274, 5.681830884099072, 6.086496789332281, 5.8890024574249, 5.386849066088541, 5.0564092850163656, 5.127080177332835, 5.383940111334433, 6.723818160499733, 6.064756290091359, 5.288277843368376, 5.114203984889974, 5.464538486510564, 5.833198438976273, 5.7048817314994755, 5.39841850832942, 5.153824706400695, 5.2027386769209185, 5.361816862385278, 5.395634398752151, 5.275042891249905, 5.12176353957085, 5.091167673772023, 5.16750497834491, 5.237384762003796, 5.207656234880622, 5.0898500467715735, 5.0205290632574195, 5.04922884761032, 5.118602578268067, 5.154432771833802, 5.112899560509842, 5.034987940557586, 4.992392641367141, 5.015817056026648, 5.055078283885979, 5.068857690022401, 5.044516254895962, 5.006574732317978, 4.992766161971215, 4.992333995590957, 5.018008537398751, 5.029085800899222, 5.020146774337245, 4.997274558968358, 4.988676071082352, 4.999656729952363, 5.0031044827775775, 5.006515975319274, 4.990922491921613, 4.987248628853274, 4.98596254090421, 4.991515134509276, 4.989699310535477, 4.991156013816056, 4.983525099545409, 4.983745994779733, 4.986150640037062, 4.982554792623498, 4.985996926659472, 4.979761747507001, 4.974015169395669, 4.979416054059559, 4.976501696029854, 4.978430661184344, 4.976577784435587, 4.973361857959943, 4.974743615292669, 4.9651002195264375, 4.963929666698368, 4.93517410461082, 5.326059884650464, 5.103941138462184, 4.978739509467871, 5.05742393225982, 5.208600745051656, 5.179080386623606, 5.037097993041123, 4.970485654425118, 5.034269987611736, 5.107046354513414, 5.090430408783317, 5.009671844636093, 4.973334682906835, 5.011691056079531, 5.0588210417083985, 5.040691727343411, 4.989559566632273, 4.971125551896566, 4.997449243646989, 5.026046484231179, 5.062031229621002, 5.051110891673009, 5.246724519821014, 5.26219810616137, 5.0224061485457465, 5.0089014960253735, 5.197627786182724, 5.3297832215305885, 5.250794240216675, 5.071747392015919, 4.990870404691847, 5.055732158814173, 5.1435113891446305, 5.1563661936205, 5.0776245852085715, 4.997135588072453, 4.991235189186118, 5.04349840040841, 5.080535481641395, 5.0597451858520595, 5.009102929923869, 4.981724707884485, 4.998554172604793, 5.030039123911388, 5.040318239782164, 5.003974583321249, 4.981804488537923, 4.979875147445383, 5.000105749310925, 5.008971002921286, 5.054359641051847, 5.094996394267907, 5.132381196350646, 5.1934582604576915, 5.2595744085348075, 5.279834538053061, 5.275066627372983, 5.2868055514995556, 5.292683273711661, 5.296586873985938, 5.302966687161275, 5.268625316930024, 5.238513558927573, 5.218605837300223, 5.199556149657036, 5.18398661719671, 5.163698461387819, 5.138916680754474, 5.109621416964715, 5.100382393895394, 5.078515559025187, 5.064154190397982, 5.034955913345118, 5.018247372196668, 4.995890356774715, 4.987104901173804, 4.968591926808046, 4.953480451380468, 4.953404758575184, 4.9432894975376875, 4.9302108781037655, 4.919276162231629, 4.910753083671349, 4.903086531122122, 4.895342344414315, 4.886601017415524, 4.878689072872321, 4.875961782595669, 4.871665453723678, 4.868065186057804, 4.864297181514467, 4.859338020108853, 4.8560488981892425, 4.848854442361123, 4.8374342629298885, 4.837556219812871, 4.819100386906788, 4.812676847249489, 4.796977990898754, 4.784536664670936, 4.777574832643395, 4.772396355241764, 4.766112829074228, 4.758249304448088, 4.754582360627345, 4.764866062076501, 4.775234931705149, 4.805624990712497, 4.852434923787545, 4.910771704536271, 4.986872431492495, 4.999434345034384, 5.001138646011452, 5.003153207388521, 4.994798249521709, 4.995568606646304, 4.994477768185967, 4.997509012555249, 4.992280655580445, 4.99421613865021, 4.997620070555291, 5.000797142117851, 4.999502571236513, 4.997023147627643, 4.998923127425478, 4.990457357500718, 4.9969097660720365, 4.996618231877094, 4.998046135358273, 4.994633786836093, 4.995487359068985, 4.995452443917549, 4.995252129319938, 4.995229384029426, 4.996787290866657, 4.9925132316871625, 4.993337225509359, 4.983630596634989, 4.989256094093272, 4.9804508945809225, 4.989286028485046, 4.981094375295116, 4.985348355009176, 4.978842808595157, 4.980398019708101, 4.987862685957828, 4.977951400087428, 4.978022201730285, 4.97678330214625, 4.970289576845766, 4.958276995127464, 10.724609238321337, 7.4394211346600905, 5.243208185071876, 5.042225725700065, 8.706160383072676, 8.23000922836787, 22.93083605585613, 31.165123896774038, 59.64002744711345, 45.46919993253497, 89.96044505458217, 97.51337189093114, 73.3591799588949, 51.87624537099063, 33.98367323214693, 20.472848663684378, 11.697268566335698, 7.650344277409227, 7.794056345367489, 10.933882088348167, 15.518007932724261, 19.885143827255295, 20.195839579293747, 20.114157466901553, 18.67841486453224, 16.324328241962466, 13.408829311511438, 10.47824401099499, 15.313827070136426, 35.0489434158112, 35.16315638547304, 46.05753413773486, 36.173331278097194, 26.289807855893688, 17.373854283025143, 10.689560935176898, 6.713431834915624, 5.186247078364064, 6.0545458306598485, 14.197430642789312, 23.465211391174474, 26.45057839614001, 27.522349922979835, 26.846257372246477, 25.388956449105162, 21.91919626711217, 17.78975007542173, 13.849962916753759, 13.468353296624455, 21.68627720859289, 16.076906957839416, 13.18114179918171, 20.400979503564418, 14.76004543268184, 9.838917337801497, 6.696710392515499, 5.308196663227509, 5.424508912139005, 6.632499063666725, 8.399879520442653, 10.200509559150786, 11.604745063629672, 12.347642994899589, 12.351612213134137, 16.979973967101625, 23.583857763138028, 24.09965045992325, 21.840249666098654, 17.993180937318105, 13.964555822168704, 10.443059206044616, 7.688193009866641, 6.093167097762604, 5.270749571017287, 5.262309745789784, 5.810307266688042, 6.624811017613095, 7.549064705494356, 8.22380925124079, 8.747388004335152, 9.062148948253128, 9.043617621901085, 8.743352496656593, 8.284914616857789, 7.718346984426571, 7.068186847841272, 6.486912479013793, 5.062778771401415, 5.411588021625793, 5.65628115592962, 5.822929699951438, 9.051632079574853, 8.892615077652458, 8.426424781417047, 7.775653176074925, 6.988081824620114, 6.293551027798805, 5.744907930590964, 7.9543885952489175, 7.32818083696882, 6.407060114043137, 6.433175762946866, 6.3629821215305125, 5.780280105246742, 5.307973834224264, 5.176152287290903, 5.277182388303828, 5.561979558106541, 5.910954704646537, 6.223671406029084, 6.321614419960929, 6.260710075876989, 6.119144331310844, 5.870000085117528, 5.587503627446242, 5.348007270224318, 5.196794341811597, 5.14196205999726, 5.173503850414679, 5.288323004097373, 5.394584282877788, 5.484073318484542, 5.522443484923355, 5.491177121121439, 5.420748383184493, 5.308719945675076, 5.245205224786261, 5.185842020342912, 5.160962158028979, 5.165078744444704, 5.196119971184758, 5.233429510515517, 5.261859787939037, 5.272936691456169, 5.26501911811749, 5.241938869103458, 5.212279266109418, 5.183189893918848, 5.165143996774473, 5.162170823984699, 5.166675579187676, 5.17166135499722, 5.1830393360549785, 5.194306536357294, 5.199621948361197, 5.190310279005495, 5.188572270401459, 5.178212555008559, 5.168865728378974, 5.16277844033589, 5.155917771171518, 5.158570944254918, 5.162106690214151, 5.169212481813539, 5.172091104228161, 5.170554165330902, 5.169510503231592, 5.162977614158736, 5.158983395382681, 5.154369698017255, 5.160140199188378, 5.1610105193343365, 5.156162456871517, 5.166181444003926, 5.16589960796689, 5.16593957206602, 5.16511602006528, 5.163788990334688, 5.162465776245545, 5.16145443122728, 5.160943782633947, 5.160990658750095, 5.161260526591984, 5.161526218840152, 5.161653774948022, 5.161588179789494, 5.161346701192158, 5.1609841513251045, 5.160595226941198, 5.160256242990555, 5.160013682949262, 5.159972027613162, 5.160117658134331, 5.160292893925358, 5.160300748772313, 5.160148116306698, 5.159839022741634, 5.159357434201019, 5.158781621446746, 5.15792157520775, 5.1578267472991755, 5.157508216753874, 5.154658410125823, 5.154618619447079, 5.157479546275591, 5.157420606506751, 5.157053684152067, 5.156932102555694, 5.153475859998341, 5.155633002704395, 5.146123441491657, 5.153641884593527, 5.157609431708516, 5.1570888620571695, 5.151666430540667, 5.152142728915155, 5.156146167039566, 5.154730255327575, 5.156310843590922, 5.155480876788834, 5.153448377058751, 5.1486240623178725, 5.147524895033415, 5.141702319195599, 5.152917006341141, 5.151716518305381, 5.141175392401089, 5.140206080429564, 5.139440130600911, 5.1390346894033945, 5.140454626136327, 5.142209790587543, 5.141317193470224, 5.14065320895827, 5.146656127444022, 5.144187025502603, 5.138908567494419, 5.137550966191392, 5.138913441233297, 5.143818325087565, 5.137392245025444, 5.136772263375203, 5.136954952121732, 5.136028688765713, 5.145068597402257, 5.140130763661575, 5.145946643110748, 5.146968919681675, 5.140739112325044, 5.141206196016679, 5.140228839056551, 5.144405952208526, 5.139508313357839, 5.142274810541894, 5.139750855921535, 5.140871576917254, 5.134572830222382, 5.142226865042544, 5.141286291580886, 5.141605803549108, 5.140009829690438, 5.1400546127115225, 5.139722531675274, 5.141987470817731, 5.143266714576974, 5.141973726107654, 5.140780587635981, 5.142003105642008, 5.141803024383185, 5.14276437013938, 5.138995435791035, 5.142618410931499, 5.135580154597712, 5.142138210013249, 5.143578476204346, 5.142932722986096, 5.149769707471868, 5.135663452886866, 5.139918895904102, 5.143619335291107, 5.151734886915495, 5.141370106901687, 5.145992515511586, 5.148178502579966, 5.139354064930928, 5.137244454067699, 5.144057847881009, 5.1449576375307515, 5.142718403439363, 5.145611995010575, 5.140689666473731, 5.141275273880729, 5.1456700489607154, 5.141767349010603, 5.153903095525032, 5.141191521178929, 5.142293325693367, 5.141173273850958, 5.145732557669823, 5.14131516698638, 5.14052218968774, 5.138588579804544, 5.148444104471783, 5.144916622240209, 5.140501667623735, 5.146484576666265, 5.145257106054192, 5.146556513112632, 5.144834053301352, 5.146341026194587, 5.144795387210815, 5.143565406666752, 5.141722345665893, 5.143358846761796, 5.143526947732398, 5.144515809298156, 5.14552144650161, 5.146543981933648, 5.1477993224989245, 5.146557175246962, 5.141179972452559, 5.145709308854774, 5.144924257750134, 5.146550353217777, 5.146433945778446, 5.14712609286896, 5.145348269759584, 5.141748866205938, 5.1434726986241, 5.144207163609349, 5.141777964968525, 5.14355470692222, 5.142887644780652, 5.140517169985149, 5.143272885967027, 5.139153279217189, 5.14252570960715, 5.141751150941176, 5.1448987945221525, 5.1420147885088, 5.139418118877671, 5.139005776513886, 5.136993518247598, 5.137533550978485, 5.1392794018226065, 5.140496894096095, 5.1422956354407265, 5.134159039614869, 5.143348976835285, 5.138856949322872, 5.140875932806554, 5.143057970881191, 5.1356632488828495, 5.140181370366183, 5.14001452496051, 5.138476887444835, 5.137135045016814, 5.145871662531793, 5.146000631000646, 5.135701176073874, 5.135187962348814, 5.137600340946591, 5.138208929132114, 5.135192568948619, 5.133976828252833, 5.135779553135063, 5.137480736505722, 5.135496393275378, 5.136941690435908, 5.1343321926673635, 5.136266062057152, 5.134841686372732, 5.137721993792757, 5.135320823083032, 5.135907259190334, 5.139825440516555, 5.133115235383534, 5.135823374327571, 5.135327898189804, 5.135284935703871, 5.135118264276432, 5.134354025041973, 5.1343787494419155, 5.13170544032345, 5.1389895832845545, 5.134769811472522, 5.133447202913612, 5.136789902535227, 5.130047478178758, 5.131263977823483, 5.132446128249598, 5.133303226800997, 5.141230864250427, 5.141260902768212, 5.142961126881886, 5.141152583546201, 5.141233059327336, 5.143588397624996, 5.141251498126619, 5.134421216706583, 5.140372649492641, 5.1329238323332245, 5.139716236991714, 5.129716512691128, 5.133512276278426, 5.138665529982715, 5.137547640393607, 5.1426700599077915, 5.129906387793668, 5.129573541415695, 5.14153319199087, 5.138544419696876, 5.138917878176752, 5.13830507127059, 5.138042843344807, 5.138558640970544, 5.139306639735898, 5.13680125946667, 5.1369122016794195, 5.137133156799726, 5.137365803247768, 5.138546077922058, 5.142446135143106, 5.141195548446578, 5.134185008334197, 5.134018890763755, 5.142543220477483, 5.141013143904399, 5.139953070164664, 5.139841604803323, 5.1379405066643375, 5.132409667108724, 5.137783058244682, 5.137219179381134, 5.13583325272155, 5.135318006992434, 5.133641380447927, 5.125820280517391, 5.129910634504336, 5.132549535916794, 5.12676170500604, 5.127343354160519, 5.136211527503092, 5.13426810185378, 5.129924848558347, 5.13614104844534, 5.131404481582273, 5.139919098303653, 5.134572401698713, 5.13575534730153, 5.126335022848795, 5.1305994221012075, 5.130462491686645, 5.131303157272506, 5.131600220416856, 5.13385317768662, 5.133557566553223, 5.1330873263202585, 5.134246001901696, 5.13276980104501, 5.133074115716435, 5.1324904652979635, 5.127326461736951, 5.130510912807175, 5.12940028645913, 5.128523898711049, 5.130444832019761, 5.132129526562499, 5.134606780419452, 5.132763365105125, 5.134357338312395, 5.130026534100384, 5.130146051622685, 5.126528742211699, 5.129550476347779, 5.1317665097251455, 5.124217483550968, 5.134325008802807, 5.134823891736416, 5.13263526590759, 5.132553965645048, 5.125195463577698, 5.129392337657813, 5.1263769441262985, 5.1263418792784, 5.129689996218427, 5.119791625219375, 5.6118885651319195, 6.066550871215284, 5.940594494602556, 5.631378422621511, 5.401898336733748, 5.372079685650766, 5.550152303719363, 5.738561446275181, 5.840000529995745, 5.795079790533646, 5.6200101135393306, 5.462845118298021, 5.375362011410611, 5.414249263564002, 5.518470234537771, 5.592230744323584, 5.596770431534556, 5.532776071181839, 5.439475047710763, 5.376883089886655, 5.3613550899897096, 5.388158708209492, 5.413675864705271, 6.094961552029313, 5.734129948567275, 5.739701581195714, 5.5019359532866225, 5.760982826368816, 6.789228875494779, 10.589644947152728, 14.228959437001528, 10.572206820792161, 7.201240047631646, 5.496965267376361, 5.792490356916181, 7.278502372832174, 8.648059038746414, 9.141840575943746, 8.688155597983657, 7.628690148366413, 6.510824774938926, 5.716314833135461, 5.798480706395597, 6.694663640183933, 7.104343083212345, 6.9928955334113505, 6.8660846253465255, 6.039356182224332, 6.638695343315794, 5.782586175766534, 5.441616549647517, 5.598407553647359, 6.009843688536572, 6.372795529900847, 6.465378317121013, 6.285844207185062, 5.363899077982879, 5.284374884286805, 5.31794906800413, 5.39362361587664, 5.418469272020119, 5.442858664520575, 5.409443921582837, 5.356314965633535, 5.306304231941031, 5.271514581132465, 5.247500044585676, 5.245988245358402, 5.258415128991668, 5.2775640609414, 5.286935560639471, 5.29104345072282, 5.240060524361374, 5.204200744873037, 5.187301740189712, 5.19828188293828, 5.226223901507741, 5.246573314136147, 5.241290888316697, 5.220471530112632, 5.195556666754871, 5.183819139161741, 5.188751913993084, 5.203948935255113, 5.203163106149026, 5.201258272506113, 5.18973836203354, 5.1896642364833605, 5.1781806073461185, 5.183037517143226, 5.190495135509455, 5.194250518889836, 5.192736936095253, 5.1815844727138165, 5.17466075103843, 5.173042551569398, 5.184130713539283, 5.182146765466977, 5.179242838800647, 5.175848428405706, 5.17444342369954, 5.172799602290346, 5.174549959361122, 5.170801054795181, 5.171249353456436, 5.171993560645666, 5.170514588196713, 5.169895075405996, 5.168015859724089, 5.1669936818154065, 5.170088810755459, 5.170527056687906, 5.170608340328123, 5.170641766210355, 5.16855397169918, 5.167744294487544, 5.167716006381649, 5.169713315900423, 5.168884923115052, 5.167880916441692, 5.166176309296372, 5.166512763304264, 5.166572078051243, 5.1666408949795075, 5.1668988627503865, 5.16667715374826, 5.165501516821789, 5.1639911464382715, 5.163629474514053, 5.163843746773037, 5.16409831443837, 5.16413972715346, 5.163996993150324, 5.163789930762647, 5.163632102501719, 5.163476890948403, 5.163403261915554, 5.163424145611667, 5.163473602365639, 5.164446646798485, 5.1645640778737265, 5.164617074705345, 5.164598650229691, 5.164534486007905, 5.164432656452544, 5.163369849219067, 5.163102666336589, 5.162961976171167, 5.16298010309064, 5.16313461327554, 5.163099699368535, 5.16663753139761, 5.162956133064622, 5.1677688112772415, 5.163028093337366, 5.157047876739296, 5.318149791436858, 5.193495683649304, 5.1631672871691014, 5.284937330860843, 5.373801688176738, 5.308095295219115, 5.189974879282463, 5.17331334443439, 5.245986409163917, 5.2883524310637124, 5.221479434987755, 5.161896499148643, 5.159167615774085, 5.197205323388684, 5.216700138862319, 5.269860940265109, 5.540693680092589, 5.191696509364296, 5.252510357021162, 5.5307236742934665, 5.625004907762988, 5.562196175394849, 5.359536810995928, 5.089829341408211, 5.207658496188898, 5.546720595827494, 5.688203657494643, 5.4894450600837805, 5.2141692458659055, 5.150808801920087, 5.308687252682392, 5.442033404734347, 5.382000503618044, 5.204645922153265, 5.111872903695431, 5.195915181503993, 5.348653471437441, 6.753438418096312, 5.761832890249502, 5.174426455122416, 5.45600669999337, 6.043555038030064, 6.226099455322784, 5.73835228666139, 5.266610659554486, 5.188148093544272, 5.4588933337476675, 5.698464074564996, 5.650341817795985, 5.389677526128889, 5.183111248796269, 5.201322122533591, 5.3629287153829575, 5.47896663696836, 5.417389612375289, 5.263423919118917, 5.174121712178579, 5.202138032497919, 5.289208511283687, 5.324160405623021, 5.28651736053111, 5.209372605870526, 5.168967101724076, 5.189144153861969, 5.235075233485365, 5.26536547652421, 5.2334371287806976, 5.193644605180878, 5.168148589656114, 5.184163946474641, 5.207581562645223, 5.212937501832795, 5.1985196998292444, 5.17763278240269, 5.168465397497388, 5.175311964926385, 5.190917229217041, 5.189155157272864, 5.181558054006638, 5.16943630393224, 5.1666928986819505, 5.171317516498211, 5.1758492358007855, 5.1770541705304, 5.1687607448804505, 5.166192025024789, 5.162083863242939, 5.16781908629254, 5.170610805938616, 5.165730023098058, 5.164647980689683, 5.1627861466988065, 5.162284355364418, 5.16352549723021, 5.164139540446329, 5.163807662698336, 5.163419610123821, 5.163951429851812, 5.16463391738744, 5.161709041678875, 5.160821043682045, 5.172492385725525, 5.1602558343175575, 5.16493051399261, 5.16623250536876, 5.160654635635246, 5.162998423515616, 5.162631095136448, 5.162260171295731, 5.161029330498288, 5.156395259175256, 5.1542237359145675, 5.156105385478917, 5.151845149877686, 5.147627732057151, 5.255880017778949, 5.211436881755289, 5.147189802704184, 5.154121387498285, 5.198518300063139, 5.214826908358023, 5.18010523691932, 5.135770249366211, 5.1318337424812075, 5.151662163348292, 5.1687402631108705, 5.133174571706822, 5.1220078987677224, 5.092795863722861, 5.107245924950648, 5.111657837017732, 5.104676666732117, 5.085776870509137, 5.074515665769923, 5.075480894418543, 5.071840818795707, 5.064809138300955, 5.052542953260106, 5.046323470333257, 5.041734198613955, 5.039896218669722, 5.037701700343683, 5.029603271348853, 5.020074744260136, 5.009562301688517, 5.003915715334037, 5.007211108784431, 4.998067102442756, 4.9897765492191475, 4.985020149345221, 4.982287155619027, 4.979923114078733, 4.972958860336303, 4.963109975801213, 4.957022633848188, 4.9481846863669325, 4.945416505978112, 4.936005225320218, 4.93376466537487, 4.936408325163992, 4.9254416380261015, 4.914398208781199, 4.909833224028455, 4.900305138436753, 4.894502188980184, 4.882497747746799, 4.875810418344646, 4.877940804515631, 4.862949149807121, 4.858796368445394, 4.848669613760337, 4.852406536092414, 4.840221903801237, 4.828189281284187, 4.826306457006299, 4.817888420365119, 4.805931341331197, 4.785613628144355, 4.782976001294933, 4.777122092008283, 4.754858904005818, 4.7439762885887315, 4.7297115790094475, 4.727044104165238, 4.711993889372286, 4.701779335759934, 4.68840472610507, 4.683182716474945, 4.663124067279262, 4.652728726102326, 4.640421074536992, 4.631359158963599, 4.619328039292565, 4.617887505022644, 4.608213622663087, 4.603049561649081, 4.601551265794104, 4.591393267318046, 4.590802113594605, 4.584664863854398, 4.581466031537513, 4.575481006644505, 4.574380894297294, 4.576895100430321, 4.575616305374308, 4.567514453696324, 4.56102453835884, 4.5562267227897895, 4.550704381544249, 4.545012300246901, 4.539695552404177, 4.536879627279554, 4.534141334206284, 4.526487175953651, 4.52444311525882, 4.523689851006463, 4.523305804458514, 4.520012359850799, 4.516659582355164, 4.514368804253888, 4.513392613222346, 4.512283748127527, 4.510623258490801, 4.510419179520511, 4.5061179943956935, 4.505772317692354, 4.505599305669325, 4.500560768022806, 4.497488437642353, 4.495301205397131, 4.4930193082751755, 4.491498448097041, 4.49013693914911, 4.486166519543296, 4.488264976109267, 4.484961204323747, 4.486238417518516, 4.483288383901893, 4.483470459267452, 4.484768094919176, 4.483459031007057, 4.485586691794605, 4.484419122373655, 4.483797437292266, 4.481586021335075, 4.486168681131342, 4.484201904555648, 4.484600409679867, 4.477363264247784, 4.478628929723934, 4.4785928862108, 4.475422521391433, 4.470743346393045, 4.466713914089535, 4.470823345718886, 4.482124717231802, 4.496022262912686, 4.512268182507108, 4.535902532586847, 4.563029006825226, 4.620438408403839, 4.678849324484326, 4.74048341185686, 4.81684194582964, 4.919192583578752, 4.984564004366238, 5.121367644217891, 5.359050962632703, 5.561236193157972, 5.571154156937064, 5.505991234100643, 5.307898339417264, 4.971902908922773, 4.872257558422883, 4.898317940828804, 5.091799067920425, 5.462892482447563, 5.496654394517635, 5.25645975433477, 5.012720275319565, 4.9597980965961606, 4.895824650191361, 4.764912528100042, 4.665878787583874, 4.665720949455595, 4.656158941822593, 4.608755071924498, 4.584311029735076, 4.588394166532166, 4.585994155438707, 4.5788437592998585, 4.551938713046993, 4.557383404189718, 4.5596898936620684, 4.557990009582877, 4.540727008002712, 4.539624602360872, 4.547552638896101, 4.532343688097834, 4.529739004579977, 4.52250147179408, 4.52537190038637, 4.518409790553411, 4.514739746855806, 4.5113301039787, 4.512714547523737, 4.512672954660829, 4.510882834133352, 4.510593960220387, 4.520920551582081, 4.524222620582528, 4.525234004905963, 4.526897108647483, 4.528488156721138, 4.529469245313671, 4.530923048504859, 4.527057046387885, 4.525097664059017, 4.5245364840296505, 4.538234789374334, 4.530245720898491, 4.536958753258827, 4.536377381442734, 4.539515878116215, 4.540454711113885, 4.5317131328674805, 4.539818433381639, 4.548032411647133, 4.539619385946763, 4.539342589427253, 4.541758431117122, 4.535081781431545, 4.543948227155678, 4.5405409894551365, 4.535887397450771, 4.532640009661164, 4.54250698901143, 4.536619023802808, 4.538639174809126, 4.531067451811817, 4.5268349828557755, 4.5285485082464305, 4.523480871629679, 4.525364360863374, 4.525179993270876, 4.521200073888821, 4.523161644644966, 4.5193556478664645, 4.5119571723399075, 4.503398587034301, 4.50248268512513, 4.498485346094014, 4.494113977333024, 4.49599918617785, 4.488537320783271, 4.4803286091295895, 4.467621844758948, 4.461848813677344, 4.442119413330167, 4.435243843897311, 4.444334498048575, 4.45458882633507, 4.475514350040951, 4.507054404069402, 4.5402331659347395, 4.619838891776115, 4.732880320024215, 5.968138306597084, 5.4246206540984, 8.443528967393807, 8.852296854097231, 10.994596769015244, 9.685374024925549, 7.063810712189326, 5.897639118670917, 6.0850584730299735, 6.966379203736505, 7.742307415162883, 8.151109864997705, 8.072774116742556, 7.651428975957561, 7.067852691333004, 6.366487181068484, 5.73376986877254, 5.302898958550586, 5.136317606305397, 5.266851983957182, 5.59353532001594, 5.949271310223961, 6.111648035404401, 5.99560470487389, 5.692817944733954, 5.3336842492230945, 5.052371600335278, 4.917305906172067, 4.957755948661899, 5.079241275012913, 5.230771075373989, 5.309383536738826, 5.321563736716163, 5.254090119317975, 5.1702643304811815, 5.078866127030197, 5.006270678776031, 4.960235884612278, 4.943495479858625, 4.953789659948817, 4.970717436452591, 5.021849443098428, 5.0473220384323385, 5.072622039500146, 5.053515378541559, 5.031820700259503, 4.994338688971117, 4.97061979185237, 4.9645730563775805, 4.984881893573086, 5.01526695539451, 5.041088336412671, 5.051374446332082, 5.0533569662111955, 5.043633504708588, 5.036656735724739, 5.026467915632523, 5.036740329016262, 5.038420233453612, 5.0341812612240355, 5.057123698051163, 5.061625069920709, 5.072981236111186, 5.056568828851559, 5.068625722306005, 5.053066734461047, 5.05445485437564, 5.056417993145884, 5.0529630643278844, 5.050214478004779, 5.058408074013281, 5.051663104077898, 5.036373465466485, 5.041672301085541, 5.033474624340686, 5.039561544175619, 5.035665446132524, 5.044733427948073, 5.086914440508147, 5.057329690340796, 5.035293310805538, 5.048064272978167, 5.061793425989837, 5.079185639769205, 5.079759486909499, 5.075021233345791, 5.057504088327338, 4.994497001449961, 5.007074785600861, 5.007896002001825, 5.030215475075657, 5.029385791647497, 5.007949686949067, 4.9936337561042174, 4.989590710241971, 4.988736997042746, 4.985243056718767, 4.988066710831484, 4.977896678393181, 4.974979940694478, 4.979525217623268, 4.969976095494221, 4.968171083312442, 4.982213818969711, 4.997835252009782, 6.654457358422731, 5.849524159829294, 4.980820319293602, 5.4690206185553984, 6.326625930108767, 6.225364116752683, 5.487530165413079, 5.104493235169135, 5.346678767162842, 5.720175727544949, 5.657013961502898, 5.240314460047354, 5.007807992558623, 5.126127144821476, 5.360777502523512, 5.404076975374611, 5.207925077150862, 5.01126204443925, 4.978514196471457, 5.0963960599044915, 5.142300349570542, 5.089652349812261, 4.959335493355545, 4.904216200989544, 4.953809258287808, 5.081299783420261, 5.4522102736354645, 6.37765919395757, 5.360175790229031, 5.0731284582745, 5.559093329983213, 6.057208609845534, 5.966004570739327, 5.534025799700498, 5.205249844279354, 5.264109504367431, 5.4560912098567504, 5.484596763303724, 5.357708304805149, 5.245477306920979, 5.246830189929707, 5.268845007715473, 5.262073336531749, 5.181162805557576, 5.1949811277812294, 5.082516067335266, 4.9756400799672065, 4.9581882221609215, 5.055442181235285, 5.510290481440239, 5.2471118491965285, 5.043047079313012, 4.917784981397529, 4.970902727271078, 5.076685128888965, 5.102176854310792, 5.001054183531278, 4.842716428710475, 4.7935448119748605, 4.832635397800713, 4.8854431518659, 4.929216245860466, 4.902219523769803, 4.833450393645023, 4.827433661570339, 4.8565499750402665, 4.890159764164728, 4.914552904400707, 4.902996128672533, 4.943988272224189, 4.98126024479112, 5.149164114591234, 5.0228835920046855, 4.878811523559245, 5.0556588978660235, 5.142218368580725, 5.06642929382707, 4.927239747444043, 4.870635834053133, 4.951561020987834, 4.921761263342364, 4.788269021071567, 4.818648778291798, 4.919093051357893, 5.03455821683379, 4.991629345983692, 4.868494413319591, 4.794921287304089, 4.827466315157615, 4.901838329698531, 4.938306090543582, 4.911080884118456, 4.854866408652507, 4.837099906764852, 4.837778330061095, 4.861671935581866, 4.883320314917833, 4.886899476317933, 4.860559414512934, 4.840710386276669, 4.843469466109109, 4.873272545281042, 4.888474241603501, 4.881358076779727, 4.867602313693698, 4.858323850544963, 4.858536591266674, 4.866259668411731, 4.884976812040178, 4.876515777801955, 4.87387995076294, 4.8638164606264755, 4.866273750211435, 4.872073456958784, 4.876940419503641, 4.887059553684034, 4.882133538029326, 4.874242394718156, 4.882075386176476, 4.890977004111305, 4.883662448596007, 4.895322040595751, 4.888578041493433, 4.897530737920351, 4.8904628854265075, 4.893141504832704, 4.886547942900961, 4.891950164183566, 4.885576768694332, 4.881289235662999, 4.8832958329953415, 4.883783527306279, 4.874235248805509, 4.878656923731998, 4.865857625089237, 4.863195039386664, 4.853827097599616, 4.850911218335103, 4.857420969235249, 4.853200849493795, 4.849187244534642, 4.856210438633402, 4.861912452071331, 4.873500207836273, 4.870128534024378, 4.871351792633518, 4.877185139386782, 4.8702921781256965, 4.879702417303561, 4.877446155507452, 4.865752586609399, 4.870112874699341, 4.878811251627034, 4.875230248990095, 4.873386261753734, 4.886170458777219, 4.902252861763802, 4.900549249971984, 4.890606191435954, 4.909181285887216, 4.901622085648429, 4.900899649893522, 4.905660566949467, 4.911464722620679, 4.900903252838126, 4.900305542829056, 4.905083007959948, 4.89507029170622, 4.8755397094566195, 4.873834657024099, 4.865399176235968, 4.859611667874855, 4.843214459964816, 4.826195236000836, 4.814263886084832, 4.797689483008299, 4.757686515778696, 4.717337985000873, 4.684445071344366, 4.6505939979567605, 4.593159074512008, 4.607204138505131, 4.6386174972228735, 4.696540899447151, 4.908786064365921, 5.265519472746816, 5.2646560624791725, 5.2626351243037215, 5.118982604397838, 4.9512293344193345, 4.897323493737701, 4.889355932797704, 4.91739973333483, 4.89379371773184, 4.850525560038097, 4.891237586741645, 4.838752559162266, 4.816683764399682, 4.804493808580539, 4.808365148961754, 4.797895410600023, 4.74811046928701, 4.709682718605004, 4.658264845483695, 4.642862762214765, 4.6541768225147395, 4.775560210082097, 5.02828664591322, 5.016216929468262, 4.815413340330988, 5.197933288058246, 5.109910413355426, 4.790098199430282, 4.91163872874638, 5.049667763589962, 4.864126830349338, 4.765018419545547, 4.893627380606056, 5.652341891786592, 5.513546974014079, 5.4783453159159015, 5.4914486417707185, 7.4446055378360025, 6.111241641544436, 4.936997564553969, 5.731805617966171, 6.385970053201385, 5.520727206383173, 4.888940198922849, 5.558337009594474, 5.848786132752978, 5.204984541085935, 4.862780253731575, 5.267929512040106, 6.9564206277142855, 7.2261902400325395, 5.112587095817219, 5.796175638448725, 7.216811734605302, 6.597065535342458, 5.3917512124541105, 5.473067681227187, 6.019285423513602, 5.869300383243313, 5.30695968884475, 5.243806147193016, 5.537207215652208, 5.408477085343336, 4.913684731242849, 4.8448038816807815, 5.714625072401578, 6.103079959461698, 5.2453491361451405, 4.906536059265581, 5.404707467633522, 5.742560478191961, 5.417355878258467, 4.972364118068508, 5.039772636064953, 5.352977908623003, 5.308837274825667, 5.031740379992054, 4.915733048834133, 5.079281257325229, 5.146302869578443, 5.062519351439286, 4.910371938661423, 4.888544588918225, 5.013798744569255, 5.0545759405330335, 4.952990300160672, 4.855944407937691, 4.904122883448498, 4.9725129116993925, 4.952638907917922, 4.8933955983109, 4.859470793348485, 4.888715521445229, 4.91724595116467, 4.903479077662629, 4.8767550419905215, 4.871133706441868, 4.888173746222361, 4.892667488352926, 4.875597080171007, 4.857044744766115, 4.866035143567241, 4.876838750375774, 4.871822862212345, 4.8581515500855765, 4.8579365847372715, 4.858440872759431, 4.8714186578138845, 4.845022973056743, 4.847623161846738, 4.849239884234691, 4.857125557951587, 4.855070990902653, 4.85400029925427, 4.852359412712165, 4.848985184430277, 4.854238557276471, 4.856815162898261, 4.852331461202896, 4.855277204495494, 4.852067665773349, 4.854243959942577, 4.849853086890092, 4.851490300897962, 4.855650768496591, 4.85681723099114, 4.8423123135556265, 4.855701994170935, 4.848631030181561, 4.848152421706845, 4.8502315603363595, 4.847569158855773, 4.84367483948856, 4.86690792123204, 4.8471345562207855, 4.841833031988876, 4.858434211425649, 4.845531776176032, 4.844812641306562, 4.862352184796776, 4.842331763004989, 4.839735251148817, 4.854577634441593, 4.850204394636054, 4.848987904928, 4.847629609695691, 4.8468529571530645, 4.84631437524721, 4.848617957481055, 4.846674264366643, 4.845744891648649, 4.849326128710017, 4.8315316416202965, 4.82971361423012, 4.847439662378833, 4.844015612703772, 4.849244358077342, 4.837791500293684, 4.842482068434398, 4.839432248819488, 4.838129919514804, 4.844932984345285, 4.838373724387491, 4.84219383773375, 4.834056430663886, 4.829159310361462, 4.836915905623427, 4.827706521434407, 4.828314368271035, 4.83236486511527, 4.834580186813532, 4.824943848627799, 4.827462941448808, 4.82727752657081, 4.824276376679291, 4.815140682522759, 4.821749854251021, 4.831463436871292, 4.830064083283926, 4.822064716315695, 4.823981146752856, 4.820465186990114, 4.830630973794172, 4.825260363324207, 4.826659111218879, 4.828177600378588, 4.823313556346015, 4.820183608692068, 4.816945704518998, 4.816086418539948, 4.815916868818152, 4.8209681630110115, 4.8237380567743315, 4.8201385028669606, 4.822154766047345, 4.8185957247488895, 4.8212285285516225, 4.814220444774458, 4.820994844531859, 4.815046021703915, 4.81925968956171, 4.810840674797901, 4.815195809715269, 4.817986095478205, 4.793673507980105, 4.813634132606216, 4.820574549779139, 4.824403165105057, 4.811821928676581]