Model Setup for Atypical Patient 1:
ITERS=1000
LEARNING_RATE=0.001
OPT_RESET=None
ATOL=1e-07
RTOL=1e-05
METHOD=dopri5
Input channels=2
Hidden channels=20
Output channels=2
Runtime=1888.2549266815186
Optimizer=Adam (
Parameter Group 0
    amsgrad: False
    betas: (0.9, 0.999)
    capturable: False
    differentiable: False
    eps: 1e-08
    foreach: None
    fused: None
    lr: 0.001
    maximize: False
    weight_decay: 1e-06
)Loss over time=[14.046160244620747, 12.94469736034841, 11.915119161971582, 10.983646092721523, 10.128303888597562, 9.325468883864001, 8.573890174744633, 7.9024896603288655, 7.279847804400439, 6.694365137418768, 6.158727702936284, 5.654179644313782, 5.188795672583683, 4.752935803129452, 4.353635594394533, 3.9782681692469644, 3.633219431790663, 3.316887791897042, 3.027443257658576, 2.7633838645659616, 2.522693441339884, 2.3037470031610123, 2.104928519998829, 1.9247017224147567, 1.7616124058836575, 1.6142892763136842, 1.4814435802822343, 1.3618677902949863, 1.2544337015350573, 1.158089782866916, 1.0718582444162739, 0.9948318399405802, 0.9261704492747512, 0.8650975732674678, 0.8108968021638874, 0.7629580955880966, 0.720541723812772, 0.6832516302060697, 0.6504656525195214, 0.6217003703303597, 0.5966471706726525, 0.5748185572287063, 0.5558678513087829, 0.5395035784428533, 0.5254248059543668, 0.5133518287389754, 0.5030526775812031, 0.49430992122089124, 0.48693028570520186, 0.48074114371538135, 0.4756310266258623, 0.47140547880992506, 0.4679412442336918, 0.4651288159551682, 0.46287115347272734, 0.46108251932215494, 0.4596910053785956, 0.4587235986926565, 0.4579895465745736, 0.45746383501442217, 0.45712444210407155, 0.45691775212881275, 0.45683832467458046, 0.45685853471251814, 0.4569271374427062, 0.4570263589259852, 0.45714168522143644, 0.45726145708977545, 0.4573766799155326, 0.4574959704635166, 0.45759679251908036, 0.45767225355839636, 0.45772186846214485, 0.4577478547151152, 0.4577491628173452, 0.4577260606297796, 0.4576795039583819, 0.4576108507517724, 0.45752173984042466, 0.45741401592882763, 0.45728964523555493, 0.45715047286876526, 0.4569987567944381, 0.45683648317814163, 0.45666556356117466, 0.4564878057952718, 0.45630489912538513, 0.45611839589900693, 0.45592970386187354, 0.45574008196259574, 0.45555060540890063, 0.4553621823719797, 0.45517572706611326, 0.4549919285237473, 0.45481134700784676, 0.45463442298986984, 0.45446148444894835, 0.4542927601082693, 0.4541283868553348, 0.45396842014603905, 0.4538128460834377, 0.45366159128445055, 0.4535145309603799, 0.45337149826966555, 0.45323229167961376, 0.45309668599065406, 0.4529644357657903, 0.45283528428215974, 0.452708966345072, 0.4525852154659204, 0.4524650454592674, 0.4523478364163967, 0.45223146639061285, 0.4521166790919641, 0.45200358357771253, 0.45189187820800486, 0.4517749292818168, 0.45166384334868964, 0.45155300451330443, 0.45144250036279665, 0.4513328390620067, 0.4512233917484025, 0.4511140324704837, 0.4510054202274727, 0.4508965778179892, 0.4507873579350748, 0.45067771279296326, 0.45056760232516585, 0.4504569891973234, 0.4503458337272677, 0.4502340892583082, 0.45012170033798815, 0.45000860063748205, 0.4498947135361219, 0.4497799555006979, 0.44966423807212336, 0.4495474726798054, 0.44942957489757773, 0.44931114480942375, 0.44919303359958224, 0.44907422177395273, 0.448954801733011, 0.44883631571813004, 0.4487174351927093, 0.4485981173382232, 0.44847819358923097, 0.448366416444388, 0.44824173585082033, 0.44811648315585645, 0.447992036435217, 0.44787014067465775, 0.44773778792143104, 0.44760846021158013, 0.4474816602067648, 0.4473540227391287, 0.44722553744198834, 0.4470961944716905, 0.446965984934567, 0.4468349001753514, 0.44670293282178636, 0.44657007633560525, 0.4464363244224228, 0.44630167101128426, 0.4461661113041126, 0.44602963923526545, 0.4458922358918863, 0.44575387908653497, 0.4456145964391355, 0.44547438292078806, 0.4453332338458435, 0.4451911435546045, 0.4450481061868628, 0.44490411697283283, 0.4447591668885635, 0.4446132492633953, 0.44446814380060384, 0.44432713114524464, 0.4441853069118774, 0.44404266580350177, 0.44389920286567475, 0.4437549148753886, 0.44360979618100177, 0.4434638398603909, 0.44331704101467273, 0.44316939133152194, 0.44302088240120024, 0.4428715051879351, 0.44272124976074817, 0.4425701063422284, 0.4424180639126641, 0.44226511007996816, 0.4421112327307574, 0.4419564183528006, 0.4418006528464932, 0.4416439218737267, 0.4414862111516205, 0.44132750601189685, 0.4411677911732693, 0.44100705085643865, 0.44084526871231194, 0.44068242873843283, 0.44051851489230337, 0.4403535115691318, 0.44018740302820675, 0.4400201736176436, 0.43985180797101153, 0.43968229035169865, 0.43951160548581664, 0.43933973841792084, 0.4391666740619443, 0.4389923989870791, 0.43881689896620607, 0.43864016029686254, 0.4384621704008927, 0.4382829154453029, 0.43810238336328916, 0.4379205630176862, 0.4377374412607891, 0.4375530081180051, 0.4373672524484877, 0.43718016287810785, 0.43699172955113247, 0.4368019404156009, 0.43661078686947713, 0.43641825859208294, 0.43622434724686643, 0.4360290446285013, 0.43583233962288653, 0.43563422308581345, 0.43543468593310286, 0.4352348268321829, 0.4350462441286553, 0.43485666256527367, 0.4346661301225808, 0.4344744610297112, 0.43428180138394645, 0.43408813920767525, 0.43389344936571683, 0.43372199713016746, 0.433517799907102, 0.4333138244566863, 0.4331061735918097, 0.43289533141212494, 0.43268161141019357, 0.4324655493602381, 0.43225178205031684, 0.4320437061638086, 0.43183562546500875, 0.43162764602298037, 0.43141957136894626, 0.43122232937940763, 0.4310032204767087, 0.43078773040435664, 0.4305659230011379, 0.43034055014878553, 0.43011926176752463, 0.42989651187186967, 0.42967228874744934, 0.42944658012724374, 0.4292193754181996, 0.42899066283192133, 0.4287604207086733, 0.4285286212837945, 0.42829528566603453, 0.4280604038986969, 0.4278239618786364, 0.42758596391141274, 0.42734643649892073, 0.4271131138210045, 0.426881294082192, 0.42664829024820705, 0.4264140810357849, 0.4261786638879662, 0.4259420110183592, 0.4257041136956483, 0.425464958994864, 0.42522453201753585, 0.4249828179239897, 0.42473979985047616, 0.42449545935201616, 0.424249777145339, 0.42400273451294385, 0.42375431172799244, 0.42350448915042965, 0.42325324695060207, 0.423000566935177, 0.4227464316324783, 0.42249082446194147, 0.42223372971637085, 0.42197513409154747, 0.42171502573981967, 0.421453394164425, 0.4211902314999966, 0.420925531905925, 0.4206592921383497, 0.4203915076386095, 0.4201221788571047, 0.41985130752020283, 0.4195788990976254, 0.4193049598797055, 0.4190294960560082, 0.4187525182417866, 0.4184740395034928, 0.418194073077582, 0.41791457975269813, 0.41764747117047407, 0.4173793624924774, 0.41711021667736453, 0.41684008824331736, 0.41656899106049117, 0.4162969227296106, 0.4160422494312583, 0.41576134657723723, 0.41547644976344794, 0.41519052694271197, 0.4149031056672585, 0.414613776468154, 0.41432695622431315, 0.4140458508927435, 0.413765720862552, 0.4134987394384887, 0.413207775082845, 0.4129316712818812, 0.4126208687256223, 0.4123287280223143, 0.41203529356302515, 0.41174056010740806, 0.4114445275381649, 0.41114721804360077, 0.41084869597229995, 0.41054892778448887, 0.41025468163758955, 0.4099631126901699, 0.4096706691298765, 0.40937736723739204, 0.40908323893614057, 0.4087882479534172, 0.40849240945100557, 0.4081957255047233, 0.4078981938749961, 0.4075998078648445, 0.40730055970599427, 0.40700043899235216, 0.40669943463725994, 0.40639753465284684, 0.4060947274151381, 0.4057910021324223, 0.40548634879458567, 0.4051807595720354, 0.4048742301683375, 0.40456675963230176, 0.4042583515650282, 0.4039490142181376, 0.4036387618255108, 0.4033276120708775, 0.4030155900549299, 0.40270272360762044, 0.4023890471469732, 0.402074597925506, 0.4017594132553411, 0.4014435343423613, 0.40113196998916956, 0.40082737829915377, 0.40052244328838615, 0.40021714451271667, 0.39991157357531165, 0.3996057405428454, 0.3992996572962065, 0.39901330873932317, 0.39871389173198024, 0.39838695775182026, 0.3980740685916464, 0.3977601157109426, 0.39744507121508277, 0.3971294444866896, 0.39682196739849035, 0.3965294918942322, 0.3962146335742807, 0.39590374237856235, 0.39558944030966503, 0.39526859554336213, 0.3949544326330971, 0.3946399179251098, 0.3943295899059083, 0.3940222592897321, 0.39371483510906824, 0.3934073385477497, 0.39309982045830005, 0.3927922701621281, 0.39248471488146397, 0.3921771693134487, 0.39186964311252565, 0.3915621428535575, 0.39125467091046207, 0.3909472259249135, 0.39063980406171145, 0.39033239970451467, 0.39002500595905976, 0.3897176167435043, 0.389410228820828, 0.38910284195908773, 0.388795461528255, 0.38848809888392444, 0.3881807700930525, 0.3878734979956761, 0.3875663112554607, 0.38725924496199116, 0.386952337163147, 0.3866456327729341, 0.38633917645619437, 0.3860330148498239, 0.3857271948259791, 0.3854232058317178, 0.3851252881633159, 0.38482784418381066, 0.38453091588109417, 0.38423454550065345, 0.383938863447802, 0.3836444658613059, 0.3833506875964528, 0.383057524154572, 0.3827649608008423, 0.3824729719453252, 0.3821815524835282, 0.38189074586449234, 0.3816004488104549, 0.3813106290225897, 0.3810212579645234, 0.380732310268048, 0.380440294949614, 0.38014753032709003, 0.37985685915046086, 0.3795703241848403, 0.37928109472661264, 0.37899467834641637, 0.3787117555408147, 0.37842865155655037, 0.3781462052952719, 0.37786445310488664, 0.3775834253299561, 0.37730314454390274, 0.37702362585103716, 0.3767448764505032, 0.3764668962142205, 0.3761896782553686, 0.37591321135349814, 0.3756374821399564, 0.37536247664243755, 0.37508818251471254, 0.3748145914958823, 0.374541701140217, 0.3742695155241786, 0.37399804495130085, 0.37372730747883587, 0.3734573280981831, 0.37318813838702714, 0.3729197731374014, 0.3726522718269173, 0.3723856708540314, 0.3721200018320639, 0.37185529006844525, 0.3715915497003873, 0.37132878565191674, 0.3710669963195613, 0.3708061654699326, 0.370546268632405, 0.37028842595773065, 0.3700333033165043, 0.3697795911587677, 0.36952703594582287, 0.36927567560404145, 0.3690255739506791, 0.3687769195795453, 0.3685319523319893, 0.3682821990780403, 0.3680353266554548, 0.367789613180676, 0.3675448754674199, 0.3673010345455484, 0.3670580532159524, 0.36681591196598146, 0.3665746155788522, 0.3663341810831403, 0.36609641703497636, 0.36585996604993365, 0.3656242865149851, 0.36538944086051683, 0.3651555071101478, 0.3649225291162878, 0.364690555959313, 0.3644596211079064, 0.3642297412444081, 0.3639997916786594, 0.36377032403633514, 0.36354181484668524, 0.363314165572505, 0.36308688347076856, 0.362856719626509, 0.3626377240768826, 0.3624158585242655, 0.3621935790919606, 0.3619718108299397, 0.3617516271035177, 0.3615327345755682, 0.36131482856302694, 0.3610979127738191, 0.3608819895872646, 0.3606670597945436, 0.3604531224630853, 0.36024017495514365, 0.3600282136010646, 0.35981723501954915, 0.35960723848224274, 0.35939822274472083, 0.3591901881761335, 0.35898313506288265, 0.35877706488402705, 0.3585719772071018, 0.3583678728465297, 0.3581647542468264, 0.3579626187761601, 0.357761465029614, 0.3575612865231638, 0.3573622378622685, 0.3571642064553914, 0.3569671226717894, 0.3567709796141212, 0.35657576860247875, 0.3563814809605893, 0.35618853619592444, 0.3559975358514966, 0.35580753213442595, 0.3556185279647596, 0.35543051688718347, 0.3552434877127351, 0.3550574243837333, 0.3548723082745743, 0.35468812134704036, 0.35450485102692375, 0.35432248339881284, 0.35414101019825905, 0.353960428133052, 0.35378073686721184, 0.3536019449568855, 0.35342405544427297, 0.35324725543114555, 0.3530715456803719, 0.35289678099892136, 0.35272298018012177, 0.3525501537310445, 0.35237830179964036, 0.3522074136923802, 0.35203746960407034, 0.3518684437590068, 0.35170030494971644, 0.35153302766223987, 0.35136659027350947, 0.35120098957283585, 0.35103626488851064, 0.3508726117345716, 0.350710688547509, 0.35054861054459396, 0.3503867026915099, 0.35022635156862153, 0.3500669725714822, 0.3499083914880761, 0.34975059093450994, 0.3495935761019787, 0.34943734893748374, 0.3492819065159377, 0.349127242678202, 0.34897335108526967, 0.34882022756151465, 0.34866787216115835, 0.34851628738142554, 0.3483654741419502, 0.34821543485581957, 0.3480661730804178, 0.3479176914248052, 0.34776998971938483, 0.347623064943204, 0.3474769114806538, 0.3473315227534147, 0.3471868925308357, 0.34704301689596634, 0.3468998961247356, 0.34675753209508164, 0.34661592683902614, 0.34647508153325485, 0.3463349944535263, 0.3461956565567224, 0.346057056277165, 0.34591918199710486, 0.34578202509045325, 0.3456455819074115, 0.34550985427069064, 0.3453748497166133, 0.34524057259650004, 0.34510702749858985, 0.34497426156075145, 0.34484219308777175, 0.344710811628891, 0.3445801078328469, 0.34445007669262634, 0.34432072170131817, 0.34419204888283755, 0.34406405975425886, 0.3439367575499068, 0.34381013745151756, 0.34368419146795903, 0.3435589099379766, 0.3434342852395692, 0.3433104133268864, 0.34318728953141603, 0.34306483565117996, 0.3429430524762681, 0.34282194243222464, 0.34270150613920264, 0.34258174087811155, 0.34246264138583576, 0.3423442055290659, 0.3422264364534725, 0.3421093416220566, 0.3419929308874684, 0.34187722414863386, 0.34176224922774273, 0.34164803728984516, 0.3415346470387162, 0.34142219779262756, 0.341311048491292, 0.3412035487723234, 0.3410947652303404, 0.3409648799833903, 0.3408531696316363, 0.3407481263643984, 0.34065506184338923, 0.34055116315319683, 0.34041611709332664, 0.34030432471998584, 0.3401979050123741, 0.3400967347364577, 0.340011804615808, 0.33993197033603634, 0.3397799843399278, 0.3396813634275535, 0.3395783254239274, 0.33947517983886494, 0.3393720029597162, 0.3392689747889576, 0.33915983069680267, 0.3390717402473565, 0.3389670340774946, 0.33886667599951165, 0.3387737876540728, 0.33865726489494447, 0.3385645278035027, 0.3384699344509516, 0.33837122121713914, 0.33826726603465007, 0.33817443412027554, 0.338097321902099, 0.33799676357504704, 0.3378819265717526, 0.3377928402836723, 0.3377008642747359, 0.3376045047485553, 0.3375070861412967, 0.33742322684308945, 0.3373465937373043, 0.33723355538073313, 0.33714343766830634, 0.3370569499720913, 0.33696622831026735, 0.3368713840520543, 0.33678248735323923, 0.3366991851872099, 0.3366096196014073, 0.3365152389239288, 0.33643002570736175, 0.33634590479125137, 0.33625859983521333, 0.3361682135942673, 0.33608327185061526, 0.33600054748743796, 0.3359126695367166, 0.33582807729502995, 0.3357475346541815, 0.3356646301436864, 0.33558007170046855, 0.33549403970897984, 0.3354115159652757, 0.33533071320523206, 0.33524696501978407, 0.33516874676522546, 0.3350906647657258, 0.33501164238960957, 0.334931783357358, 0.33485138452056895, 0.33477093067140257, 0.33469116178758795, 0.3346128508557562, 0.33453603168605367, 0.33446020909294893, 0.33438452797196805, 0.3343085282166747, 0.3342320850275254, 0.33415543237700807, 0.3340790701898055, 0.33400360888843506, 0.33392929176223224, 0.33385569681082516, 0.33378224243765625, 0.3337086119996171, 0.3336348551328094, 0.3335613051739139, 0.3334884400193825, 0.3334164573124468, 0.333345128847049, 0.3332740346899641, 0.3332029263739564, 0.33313184038377736, 0.33306099328196953, 0.33299065383585674, 0.3329209700666166, 0.33285183431212517, 0.3327829930767497, 0.33271429197710434, 0.3326456972005103, 0.3325773351404626, 0.3325093619807683, 0.3324419032194033, 0.3323749122208247, 0.3323082190869237, 0.3322417421553633, 0.3321754488951296, 0.33210941847386616, 0.3320437432472352, 0.3319784644232978, 0.3319135576286411, 0.3318489919118928, 0.3317846584227319, 0.3317205291148483, 0.33165667206410465, 0.331593175365134, 0.3315300518326857, 0.3314672386777256, 0.3314046568843052, 0.3313423067407718, 0.331280249102485, 0.33121853669527135, 0.3311571539684646, 0.3310960331982346, 0.3310351434996999, 0.3309745162985618, 0.33091420495887053, 0.3308542096321866, 0.33079448354970914, 0.33073499353347935, 0.3306757635921224, 0.3306168292221976, 0.33055819354104005, 0.33049981714475674, 0.33044167844728123, 0.330383797882371, 0.33032620666900814, 0.3302688961942982, 0.3302118311472178, 0.33015500324475505, 0.3300984414098114, 0.3300421578839083, 0.32998612791623005, 0.32993033323012344, 0.3298747875997464, 0.32981950911630503, 0.32976448633450045, 0.32970969956071483, 0.3296551518286782, 0.3296008585723776, 0.32954681860964535, 0.3294930097923184, 0.3294394354596575, 0.32938611756994257, 0.32933303230578453, 0.3292801769025599, 0.32922756441376744, 0.32917519034471054, 0.32912304306217116, 0.32907112721193965, 0.3290194469715163, 0.32896799509479446, 0.3289167682199743, 0.3288657694189125, 0.3288149987749688, 0.328764451813254, 0.3287141253381819, 0.3286640212124112, 0.3286141394543028, 0.32856447686694085, 0.3285150313840719, 0.3284658017249393, 0.32841678960199816, 0.3283679915184667, 0.3283194060745411, 0.3282710320482899, 0.32822287000905165, 0.328174917519393, 0.32812717612276165, 0.32807964361982994, 0.3280323205237909, 0.32798519980589286, 0.32793828208921594, 0.3278915707777505, 0.32784505905254085, 0.3277987468456136, 0.3277526363218562, 0.32770672333207596, 0.3276610054516651, 0.32761548568240834, 0.3275701616461622, 0.32752502867128414, 0.32748008837814724, 0.3274353427003511, 0.327390785377518, 0.32734641637648854, 0.3273022377978904, 0.3272582463105096, 0.32721443941987344, 0.32717081884631644, 0.3271273833381455, 0.3270841288307409, 0.32704105786606724, 0.3269981678003019, 0.32695545737809134, 0.32691292677307365, 0.32687057397155994, 0.32682839822543097, 0.32678639851667285, 0.32674457400462015, 0.32670292377854615, 0.32666144653549906, 0.3266201429090616, 0.32657900974089266, 0.32653804632451844, 0.32649725454539935, 0.3264566304058903, 0.32641617258829675, 0.326375885165319, 0.3263357604975438, 0.32629580163638294, 0.32625600907474916, 0.3262163767878319, 0.32617690932471116, 0.32613760281952514, 0.3260984606494725, 0.32605949467456574, 0.32602070883506057, 0.32598208531905043, 0.325943591395392, 0.32590524285646294, 0.32586706555999806, 0.32582904611113794, 0.3257911666856913, 0.3257534451909128, 0.3257158879619197, 0.32567847232343256, 0.3256412016738209, 0.3256040951436111, 0.3255671352407819, 0.3255303127029361, 0.32549364929749275, 0.3254571349139095, 0.3254207552900246, 0.32538452649700156, 0.3253484493972441, 0.3253125059305538, 0.32527670844416695, 0.32524105990850244, 0.32520554725991757, 0.32517021323166434, 0.32513502096122465, 0.32509996590096457, 0.3250650498306528, 0.32503027261588413, 0.32499563044884217, 0.3249611255393835, 0.32492675677385413, 0.3248925211689481, 0.3248584216053866, 0.32482445446145364, 0.3247906197140032, 0.3247569181802546, 0.32472334615603526, 0.3246899066606107, 0.3246565955600539, 0.32462341498904074, 0.3245903627185192, 0.3245574381632332, 0.3245246417721026, 0.3244919704566514, 0.32445942674662465, 0.3244270071934675, 0.32439471250971147, 0.32436254350509525, 0.3243304969410304, 0.32429857223403274, 0.3242667688752097, 0.3242350915243978, 0.32420352846382366, 0.3241720931432142, 0.3241407717836639, 0.324109571816663, 0.3240784918676483, 0.3240475255439791, 0.32401668124271815, 0.32398595070094743, 0.32395533698377127, 0.3239248396426339, 0.323894457050365, 0.323864185816495, 0.32383403451456544, 0.32380398410961725, 0.32377406357566857, 0.3237441923998021, 0.32371447576229617, 0.3236848901856026, 0.3236553925478642, 0.3236260523663536, 0.32359682662117234, 0.3235673933249624, 0.3235379250970413, 0.32350741522190485, 0.32347786832104125, 0.32344971588780297, 0.3234224435586503, 0.3233949878178209, 0.323366050892048, 0.3233326593617869, 0.3233044153404394, 0.32326968707896303, 0.32325306843829743, 0.3232191617169439, 0.3232018861230357, 0.32317515267213553, 0.323147327929672, 0.3231015734933565, 0.32308299663897544, 0.3230601148224798, 0.3230181839054699, 0.32299843396934347, 0.3229742581790173, 0.3229472858998188, 0.3229235951480404, 0.32289652237969513, 0.32287136714310327, 0.32284445751331503, 0.3228148145982536, 0.3227878301807337, 0.3227617807132288, 0.32273561590179534, 0.3227094519126645, 0.32268540518880917, 0.3226621823995044, 0.32263640205661814, 0.3226096010906299, 0.3225841845534429, 0.32255553597549125, 0.3225306269690992, 0.3225053142177638, 0.3224800569824744, 0.32245498146400436, 0.32243006895390025, 0.32240520164539627, 0.3223800995549926, 0.32235621220590194, 0.32233461788912693, 0.3223085308865851, 0.32228604124964916, 0.3222618207352665, 0.32223754038563174, 0.32221226864509017, 0.32218854080115183, 0.3221619927932106, 0.3221369764063077, 0.3221126483545486, 0.3220857008942242, 0.32205832306943233, 0.32203203770518724, 0.32200811278139657, 0.3219865433432251, 0.3219662137559933, 0.3219459082149939, 0.32192475135216725, 0.32190197327449965, 0.32187840548788177, 0.32185775050942583, 0.3218345474542756, 0.3218271409732295, 0.321772531039066, 0.3217810591556299, 0.32176086548379884]