Model Setup for Atypical Patient 1:
ITERS=1000
LEARNING_RATE=0.001
OPT_RESET=None
ATOL=1e-07
RTOL=1e-05
METHOD=dopri5
Input channels=2
Hidden channels=20
Output channels=2
Runtime=566.8104388713837
Optimizer=Adam (
Parameter Group 0
    amsgrad: False
    betas: (0.9, 0.999)
    capturable: False
    differentiable: False
    eps: 1e-08
    foreach: None
    fused: None
    lr: 0.001
    maximize: False
    weight_decay: 1e-06
)Loss over time=[30.394096293966342, 29.741544776698117, 29.169136393897254, 28.604290537092176, 27.954972903702544, 27.547996037434668, 27.00240661896712, 26.46907001768007, 25.94785508568576, 25.43319962128475, 24.931612996374863, 24.41572397984681, 23.931129027123735, 23.46127305671546, 23.012822539083412, 22.55007980875132, 22.095911297569636, 21.650507197158202, 21.219794371658427, 20.789864173693157, 20.387828194794835, 19.98211474741693, 19.606835302641766, 19.213143113781783, 18.83949548307576, 18.488488118394777, 18.09758575545566, 17.78019579472476, 17.425763365361853, 17.09775628346009, 16.758134443730274, 16.43737908904802, 16.13247420447039, 15.807682151926986, 15.501012567282244, 15.213482486099084, 14.902022706657103, 14.611273238930721, 14.32572770471124, 14.049573522879314, 13.771142476152157, 13.510007631138482, 13.235625001541884, 12.962507391222497, 12.697584563152429, 12.451186218020977, 12.198797626331075, 11.947372784254638, 11.697201788459418, 11.454466108755437, 11.206409751750734, 10.969084151694878, 10.723365050719817, 10.492531296343333, 10.257492695750534, 10.035190181371304, 9.802625099576785, 9.579229204385891, 9.362887112297013, 9.134400080506904, 8.918391970261327, 8.701671613591051, 8.482396661811467, 8.269454600717202, 8.061197411383546, 7.844832354950351, 7.638134090443644, 7.4309017905816575, 7.226442789689008, 7.027509101580065, 6.827885080473182, 6.631466367259276, 6.4405219174286685, 6.2464245859275085, 6.058496688108103, 5.877631342526686, 5.694980711697701, 5.519371966435097, 5.347056971413824, 5.178248415637294, 5.01297253607103, 4.851246033940568, 4.693076935527945, 4.538465375034671, 4.387069655865374, 4.238308322826514, 4.092590044712489, 3.9546313711503016, 3.81818481150231, 3.6837049200411447, 3.551519088888386, 3.4253766876088134, 3.3015455945001215, 3.1791303791234755, 3.065546591524637, 2.946390347413546, 2.836261027141335, 2.728698330689555, 2.6233887296962, 2.521066481506018, 2.4221366170964638, 2.32590434908187, 2.230579757721506, 2.1404050682869573, 2.053216567516541, 1.9690016536535384, 1.8874283921011377, 1.808808821169096, 1.7329652650956262, 1.6598130851639594, 1.5893160052617916, 1.5214468679951374, 1.4561760555528172, 1.39347501653852, 1.3333151217117556, 1.2756676980476138, 1.2205037969976837, 1.1677932539299907, 1.1175081627342685, 1.0696153204958965, 1.024084106529824, 0.9808794194613745, 0.9399670107411751, 0.9013099710327722, 0.8648693261565915, 0.8306038064831064, 0.7984696257321182, 0.7684202742382571, 0.7404063322873512, 0.714375309554634, 0.6902715169383412, 0.668035977175504, 0.6476063805072372, 0.62891709130042, 0.6118992109394347, 0.5964807014255105, 0.5825865730032109, 0.5701391376647111, 0.5590583275312194, 0.5492620454498162, 0.5406666532135466, 0.5331876040849902, 0.526739621941429, 0.5212375886267048, 0.5165970829188696, 0.5127349940690927, 0.5095701426159213, 0.5070238862328004, 0.5050206951421806, 0.5034886827494813, 0.5023600783385601, 0.5015716303372283, 0.5010649308287312, 0.5007866545140347, 0.5006887081636896, 0.5007282895426294, 0.5008678577254718, 0.501075019490368, 0.5013223389647126, 0.5015870797397206, 0.501850890285175, 0.5020994445091843, 0.5023220498255399, 0.5025112350593253, 0.5026623300087919, 0.5027730475704701, 0.5028430781004274, 0.5028737042194702, 0.5028674426749487, 0.5028277182315503, 0.5027585729575184, 0.5026644127660382, 0.5025497917140219, 0.5024192333866536, 0.5022770877252023, 0.5021274208944094, 0.50197393522935, 0.501819915936704, 0.5016682010325112, 0.5015211709524539, 0.5013807543510054, 0.5012484467785382, 0.5011253391733596, 0.5010121534023144, 0.5009092824097962, 0.5008168328737802, 0.5007346686032953, 0.500662453239291, 0.5005996911221154, 0.5005457654676001, 0.5004999732416617, 0.5004615563396554, 0.500429728861556, 0.5004037004270835, 0.5003826956007831, 0.5003659695941597, 0.5003528204853162, 0.5003425982491446, 0.5003347109247017, 0.5003286282643684, 0.500323883214352, 0.5003200715705337, 0.5003168501397846, 0.5003139337167384, 0.5003110911613946, 0.5003081408353247, 0.5003049456249404, 0.5003014077504552, 0.5002974635295774, 0.5002930782363193, 0.5002882411682475, 0.5002829610103599, 0.5002772615607974, 0.5002711778630337, 0.5002647527710877, 0.5002580339586443, 0.5002510713697983, 0.5002439150982548, 0.5002366136731223, 0.5002292127228483, 0.5002217539840159, 0.5002142746186419, 0.5002068068019095, 0.5001993775418713, 0.5001920086933281, 0.5001847171295414, 0.5001775150376868, 0.5001704103066292, 0.5001634069786521, 0.5001565057401135, 0.5001497044293315, 0.5001429985434235, 0.5001363817291185, 0.5001298462456744, 0.5001233833909766, 0.500116983884532, 0.5001106382034323, 0.5001043368694821, 0.5000980706873683, 0.5000918309352617, 0.5000856095104018, 0.5000793990330598, 0.5000731929129599, 0.5000669853826114, 0.5000607715022239, 0.5000545471409078, 0.5000483089387535, 0.5000420542541325, 0.5000357811003008, 0.5000294880749433, 0.5000231742859159, 0.5000168392759639, 0.5000104829487895, 0.5000041054983327, 0.4999977073427726, 0.499991289064306, 0.49998485135544224, 0.4999783949722167, 0.4999719206944494, 0.49996542929295423, 0.4999589215033968, 0.499952398006392, 0.49994585941327024, 0.4999393062569041, 0.4999327389869519, 0.49992615796881734, 0.49991956348568994, 0.49991295574299716, 0.4999063348746945, 0.49989970095084574, 0.4998930539859822, 0.49988639394786105, 0.4998797207662232, 0.4998730343412848, 0.49986633455173773, 0.4998596212620431, 0.49985289432896746, 0.4998461536072206, 0.499839398954215, 0.4998326302339195, 0.4998258473198608, 0.49981905009731087, 0.4998122384647363, 0.4998054123346008, 0.49979857163359076, 0.4997917163023755, 0.4997848462949777, 0.4997779615778476, 0.4997710621287156, 0.4997641479353167, 0.49975721899402276, 0.4997502753084581, 0.499743316888149, 0.49973634374722553, 0.4997293559032313, 0.49972235337603216, 0.49971533618686675, 0.4997083043575271, 0.49970125790967435, 0.49969419686429173, 0.49968712124126724, 0.4996800310590865, 0.4996729263346344, 0.499665807083091, 0.49965867331790814, 0.49965152505083893, 0.4996443622920362, 0.49963718505017185, 0.49962999333260094, 0.4996227871455241, 0.4996155664941714, 0.4996083313829801, 0.4996010818157675, 0.4995938177958885, 0.4995865393263877, 0.49957924641012014, 0.4995719390498696, 0.49956461724843254, 0.49955728100869395, 0.4995499303336803, 0.49954256522659457, 0.4995351856908394, 0.49952779173002965, 0.49952038334798404, 0.49951296054872013, 0.49950552333643017, 0.49949807171546345, 0.49949060569029397, 0.4994831252654977, 0.49947563044571897, 0.4994681212356413, 0.4994605976399647, 0.49945305966337655, 0.4994455073105278, 0.499437940586018, 0.49943035949437586, 0.49942276404004554, 0.49941515422737776, 0.4994075300606201, 0.49939989154391495, 0.49939223868129484, 0.49938457147667886, 0.4993768899338804, 0.4993691940566041, 0.4993614838484513, 0.49935375931292225, 0.4993460204534232, 0.4993382672732692, 0.4993304997756874, 0.49932271796382716, 0.4993149218407549, 0.49930711140947087, 0.49929928667289997, 0.4992914476339005, 0.4992835942952702, 0.4992757266597393, 0.49926784472998226, 0.49925994850861083, 0.4992520379981807, 0.49924411320118467, 0.4992361741200627, 0.4992282207571937, 0.49922025311489954, 0.49921227119544376, 0.4992042750010308, 0.4991962645338043, 0.49918823979585014, 0.4991802007891935, 0.49917214751579814, 0.49916407997756956, 0.4991559981763492, 0.499147902113917, 0.49913979179199575, 0.4991316672122433, 0.4991235283762561, 0.4991153752855712, 0.4991072079416642, 0.4990990263459488, 0.4990908304997786, 0.4990826204044501, 0.49907439606119347, 0.499066157471187, 0.49905790463554306, 0.49904963755532034, 0.4990413562315162, 0.49903306066507047, 0.49902475085686493, 0.4990164268077274, 0.49900808851842354, 0.49899973598966685, 0.4989913692221124, 0.49898298821635706, 0.49897459297294666, 0.4989661834923667, 0.4989577597750518, 0.498949321821379, 0.49894086963167034, 0.4989324032061935, 0.4989239225451621, 0.49891542764873625, 0.49890691851702124, 0.49889839515006873, 0.49888985754787735, 0.49888130571039224, 0.49887273963750506, 0.4988641593290536, 0.49885556478482457, 0.4988469560045549, 0.498838332987921, 0.4988296957345571, 0.49882104424403845, 0.49881237851589094, 0.49880369854958945, 0.4987950043445579, 0.49878629590016904, 0.4987775732157434, 0.4987688362905523, 0.49876008512381514, 0.49875131971470466, 0.4987425400623399, 0.4987337461657909, 0.49872493802407797, 0.4987161156361742, 0.49870727900099965, 0.49869842811742954, 0.4986895629842853, 0.4986806836003449, 0.4986717899643335, 0.4986628820749305, 0.49865395993076567, 0.49864502353042217, 0.4986360728724319, 0.4986271079552837, 0.49861812877741596, 0.4986091353372208, 0.4986001276330409, 0.4985911056631755, 0.4985820694258742, 0.4985730189193428, 0.49856395414173577, 0.49855487509116403, 0.4985457817656929, 0.4985366741633417, 0.4985275522820806, 0.49851841611983616, 0.49850926567448955, 0.49850010094387465, 0.4984909219257833, 0.49848172861795725, 0.49847252101809747, 0.49846329912385656, 0.49845406293284567, 0.4984448124426274, 0.49843554765072057, 0.4984262685546026, 0.4984169751517041, 0.49840766743940995, 0.4983983454150644, 0.49838900907596523, 0.49837965841936727, 0.4983702934424814, 0.4983609141424746, 0.4983515205164695, 0.4983421125615491, 0.4983326902747484, 0.4983232536530624, 0.4983138026934412, 0.4983043373927935, 0.4982948577479839, 0.49828536375583404, 0.4982758554131253, 0.49826633271659415, 0.4982567956629359, 0.498247244248804, 0.4982376784708065, 0.49822809832551324, 0.49821850380945193, 0.4982088949191061, 0.4981992716509179, 0.49818963400129074, 0.49817998196658125, 0.4981703155431104, 0.49816063472715444, 0.49815093951494654, 0.498141229902685, 0.4981315058865212, 0.49812176746256676, 0.49811201462689375, 0.498102247375532, 0.49809246570447435, 0.4980826696096671, 0.4980728590870194, 0.49806303413240105, 0.4980531947416384, 0.49804334091051966, 0.49803347263479186, 0.49802358991016327, 0.4980136927322994, 0.49800378109682936, 0.4979938549993394, 0.4979839144353774, 0.49797395940045064, 0.49796398989002844, 0.49795400589953703, 0.49794400742436884, 0.4979339944598715, 0.49792396700135577, 0.49791392504409143, 0.49790386858331115, 0.49789379761420943, 0.4978837121319362, 0.4978736121316088, 0.4978634976083002, 0.4978533685570478, 0.49784322497285166, 0.49783306685066947, 0.4978228941854211, 0.4978127069719887, 0.4978025052052149, 0.49779228887990523, 0.49778205799082575, 0.49777181253270336, 0.49776155250023063, 0.4977512778880545, 0.4977409886907906, 0.4977306849030138, 0.4977203665192608, 0.4977100335340289, 0.4976996859417811, 0.4976893237369377, 0.49767894691388564, 0.4976685554669704, 0.49765814939050307, 0.4976477286787536, 0.49763729332595746, 0.4976268433263078, 0.49761637867396685, 0.4976058993630547, 0.4975954053876523, 0.4975848967418096, 0.4975743734195337, 0.49756383541479626, 0.49755328272152866, 0.4975427153336324, 0.4975321332449634, 0.4975215364493453, 0.49751092494056315, 0.49750029871236445, 0.4974896577584612, 0.49747900207252715, 0.49746833164819876, 0.49745764647907564, 0.4974469465587228, 0.4974362318806641, 0.4974255024383894, 0.49741475822535236, 0.4974039992349689, 0.4973932254606155, 0.4973824368956374, 0.4973716335333381, 0.49736081536698795, 0.49734998238981803, 0.4973391345950245, 0.4973282719757665, 0.49731739452516627, 0.49730650223631134, 0.497295595102251, 0.4972846731159957, 0.497273736270526, 0.49726278455877987, 0.49725181797366075, 0.49724083650803913, 0.4972298401547428, 0.4972188289065701, 0.4972078027562759, 0.49719676169658555, 0.4971857057201828, 0.4971746348197214, 0.49716354898781273, 0.4971524482170334, 0.49714133249992626, 0.49713020182899803, 0.49711905619671565, 0.49710789559551216, 0.49709672001778527, 0.4970855294558974, 0.4970743239021731, 0.4970631033489007, 0.49705186778832977, 0.4970406172126829, 0.49702935161413814, 0.49701807098484124, 0.4970067753169006, 0.49699546460238875, 0.49698413883334414, 0.49697279800176586, 0.49696144209962156, 0.4969500711188407, 0.4969386850513139, 0.49692728388889906, 0.49691586762342094, 0.4969044362466636, 0.4968929897503779, 0.49688152812627584, 0.49687005136603574, 0.4968585594613021, 0.496847052403681, 0.49683553018474197, 0.496823992796023, 0.49681244022901727, 0.4968008724751924, 0.49678928952597706, 0.49677769137275923, 0.4967660780068963, 0.496754449419711, 0.49674280560248213, 0.49673114654646244, 0.496719472242863, 0.49670778268286, 0.496696077857597, 0.4966843577581759, 0.4966726223756693, 0.4966608717011088, 0.496649105725493, 0.4966373244397832, 0.49662552783490443, 0.49661371590174946, 0.49660188863117266, 0.4965900460139905, 0.4965781880409903, 0.4965663147029123, 0.4965544259904738, 0.4965425218943474, 0.49653060240517255, 0.49651866751355356, 0.4965067172100583, 0.49649475148521593, 0.49648277032952653, 0.49647077373344833, 0.49645876168740327, 0.49644673418178464, 0.4964346912069395, 0.49642263275318765, 0.496410558810809, 0.49639846937004395, 0.4963863644211077, 0.49637424395416735, 0.4963621079593633, 0.4963499564267935, 0.49633778934652073, 0.4963256067085783, 0.49631340850295547, 0.496301194719608, 0.49628896534845635, 0.49627672037938736, 0.49626445980224637, 0.49625218360684414, 0.49623989178295935, 0.4962275843203308, 0.4962152612086579, 0.4962029224376149, 0.49619056799682615, 0.4961781978758873, 0.4961658120643612, 0.4961534105517675, 0.49614099332758976, 0.49612856038127795, 0.4961161117022486, 0.4961036472798755, 0.4960911671034998, 0.4960786711624264, 0.4960661594459194, 0.49605363194321467, 0.49604108864350366, 0.49602852953594484, 0.49601595460966086, 0.4960033638537371, 0.49599075725721825, 0.4959781348091209, 0.4959654964984162, 0.49595284231404624, 0.495940172244911, 0.4959274862798735, 0.49591478440776926, 0.49590206661738273, 0.4958893328974716, 0.49587658323675227, 0.4958638176239074, 0.4958510360475847, 0.4958382384963856, 0.4958254249588813, 0.49581259542360956, 0.4957997498790637, 0.49578688831370304, 0.49577401071595467, 0.49576111707419707, 0.49574820737677955, 0.4957352816120174, 0.4957223397681816, 0.49570938183351126, 0.4956964077962019, 0.49568341764441937, 0.49567041136628587, 0.49565738894989025, 0.49564435038327953, 0.49563129565447095, 0.49561822475143713, 0.4956051376621167, 0.4955920343744092, 0.4955789148761778, 0.49556577915524375, 0.4955526271993982, 0.49553945899639246, 0.49552627453393555, 0.4955130737996999, 0.49549985678132463, 0.49548662346640765, 0.4954733738425106, 0.49546010789715217, 0.49544682561781933, 0.49543352699196236, 0.4954202120069855, 0.49540688065026006, 0.4953935329091201, 0.4953801687708585, 0.4953667882227299, 0.49535339125195665, 0.49533997784571426, 0.4953265479911464, 0.49531310167535636, 0.495299638885401, 0.49528615960831995, 0.49527266383108554, 0.4952591515406592, 0.4952456227239417, 0.4952320773678137, 0.49521851545909995, 0.49520493698459755, 0.4951913419310619, 0.495177730285215, 0.49516410203372924, 0.49515045716323947, 0.4951367956603512, 0.4951231175116234, 0.49510942270357766, 0.4950957112226964, 0.4950819830554281, 0.4950682381881696, 0.49505447660728913, 0.49504069829911057, 0.4950269032499221, 0.4950130914459713, 0.4949992628734602, 0.49498541751856234, 0.4949715553674031, 0.49495767640607663, 0.4949437806206225, 0.49492986799705657, 0.494915938521346, 0.49490199217941905, 0.4948880289571671, 0.49487404884043845, 0.49486005181504406, 0.4948460378667544, 0.4948320069813018, 0.4948179591443639, 0.49480389434159894, 0.49478981255862065, 0.4947757137809873, 0.4947615979942251, 0.49474746518383406, 0.49473331533525894, 0.4947191484338998, 0.49470496446511886, 0.494690763414255, 0.49467654526657895, 0.4946623100073475, 0.4946480576217522, 0.49463378809496267, 0.4946195014121014, 0.49460519755823357, 0.4945908765184187, 0.49457653827764425, 0.49456218282086406, 0.49454781013299903, 0.4945334201989129, 0.4945190130034594, 0.49450458853140894, 0.4944901467675122, 0.49447568769648836, 0.4944612113030118, 0.4944467175716792, 0.49443220648709324, 0.4944176780337894, 0.4944031321962678, 0.4943885689589924, 0.4943739883063679, 0.49435939022277453, 0.4943447746925257, 0.49433014169994577, 0.4943154912292413, 0.4943008232646447, 0.4942861377903059, 0.49427143479034613, 0.49425671424884293, 0.49424197614982673, 0.4942272204773002, 0.4942124472151979, 0.4941976563474383, 0.49418284785787053, 0.4941680217303283, 0.4941531779485725, 0.49413831649635687, 0.4941234373573591, 0.49410854051523473, 0.49409362595357387, 0.494078693655954, 0.4940637436058941, 0.49404877578684314, 0.49403379018226623, 0.49401878677551525, 0.49400376554996167, 0.4939887264888891, 0.4939736695755575, 0.4939585947931867, 0.49394350212493937, 0.49392839155392637, 0.4939132630632467, 0.49389811663592664, 0.49388295225495094, 0.4938677699032941, 0.49385256956381823, 0.4938373512193991, 0.49382211485286487, 0.4938068604469704, 0.49379158798443495, 0.4937762974479481, 0.49376098882014524, 0.4937456620836023, 0.4937303172208743, 0.4937149542144717, 0.49369957304682044, 0.4936841737003447, 0.49366875615743117, 0.4936533204003672, 0.4936378664114386, 0.4936223941728696, 0.4936069036668435, 0.4935913948755069, 0.49357586778093016, 0.4935603223651811, 0.4935447586102532, 0.4935291764980832, 0.49351357601059104, 0.49349795712964567, 0.4934823198370572, 0.49346666411458223, 0.49345098994398096, 0.4934352973068659, 0.49341958618494164, 0.493403856559728, 0.49338810841281194, 0.4933723417256405, 0.49335655647971066, 0.4933407526563539, 0.49332493023698937, 0.4933090892028559, 0.4932932295352346, 0.49327735121538946, 0.49326145422438566, 0.49324553854340486, 0.493229604153506, 0.49321365103569964, 0.4931976791709284, 0.493181688540182, 0.49316567912431264, 0.49314965090409424, 0.4931336038604126, 0.4931175379739272, 0.4931014532253503, 0.4930853495953472, 0.49306922706443435, 0.4930530856132267, 0.4930369252221953, 0.49302074587180583, 0.49300454754241396, 0.4929883302144348, 0.4929720938681372, 0.492955838483745, 0.49293956404150224, 0.49292326793653696, 0.49290695188881595, 0.4928906168512655, 0.49287426280223895, 0.49285788972003564, 0.4928414975828973, 0.49282508636901184, 0.49280865605651, 0.4927922066234674, 0.49277573804790575, 0.49275925030778944, 0.4927427433810289, 0.49272621724547877, 0.4927096718789398, 0.49269310725915716, 0.49267652336382206, 0.4926599201705688, 0.4926432976569823, 0.4926266558005893, 0.4926099945788639, 0.4925933139692245, 0.49257661394903907, 0.49255989449561927, 0.4925431555862253, 0.49252639719806185, 0.4925096193082832, 0.4924928218939907, 0.4924760049322305, 0.49245916839999726, 0.49244231227423657, 0.4924254365318373, 0.49240854114964033, 0.49239162610443377, 0.49237469137295303, 0.4923577369318855, 0.49234076275786615, 0.49232376882747747, 0.49230675511725636, 0.49228972160368534, 0.49227266826319976, 0.49225559507218547, 0.49223850200697894, 0.4922213890438683, 0.4922042561590904, 0.4921871033288399, 0.49216993052925917, 0.49215273773644225, 0.49213552492644086, 0.4921182920752572, 0.49210103915884684, 0.4920837661531195, 0.4920664730339412, 0.49204915977713015, 0.4920318263584626, 0.492014472753669, 0.49199709893843624, 0.49197970488840803, 0.49196229057918284, 0.49194485598632043, 0.4919274010853366, 0.4919099258517051, 0.4918924302608584, 0.4918749142881899, 0.4918573779090519, 0.49183982109875685, 0.49182224383257866, 0.4918046460857529, 0.4917870278334767, 0.49176938905090845, 0.49175172971317255, 0.4917340497953539, 0.4917163492725069, 0.4916986281196437, 0.4916808863117462, 0.4916631238237624, 0.49164534063060666, 0.4916275367071601, 0.49160971202827203, 0.49159186656876097, 0.491574000303415, 0.49155611320699133, 0.4915382052542185, 0.491520276419797, 0.49150232667839927, 0.49148435600467005, 0.49146636437322827, 0.4914483517586683, 0.49143031813555943, 0.49141226347844624, 0.49139418776185023, 0.49137609096027207, 0.4913579730481884, 0.4913398340000583, 0.49132167379032105, 0.4913034923933928, 0.49128528978367825, 0.49126706593555947, 0.49124882082340476, 0.4912305544215697, 0.4912122667043909, 0.4911939576461946, 0.4911756272212947, 0.49115727540399495, 0.49113890216858624, 0.49112050748935165, 0.491102091340568, 0.49108365369650225, 0.4910651945314157, 0.4910467138195677, 0.49102821153521137]