Model Setup for Atypical Patient 1:
ITERS=1000
LEARNING_RATE=0.001
OPT_RESET=None
ATOL=1e-07
RTOL=1e-05
METHOD=dopri5
Input channels=2
Hidden channels=20
Output channels=2
Runtime=541.6203429698944
Optimizer=Adam (
Parameter Group 0
    amsgrad: False
    betas: (0.9, 0.999)
    capturable: False
    differentiable: False
    eps: 1e-08
    foreach: None
    fused: None
    lr: 0.001
    maximize: False
    weight_decay: 1e-06
)Loss over time=[7.75487513472946, 7.377845267239889, 7.0163450855098, 6.670022321261967, 6.338533459324099, 6.021531569608609, 5.718645648336416, 5.42948637966212, 5.1536498077255795, 4.890720570077965, 4.640275048483786, 4.40188437259848, 4.175117225923248, 3.9595424195407287, 3.754731213633868, 3.560259377808529, 3.3757089879098507, 3.200669960311176, 3.034741327209212, 2.8775322595515758, 2.7286628489376956, 2.5877646659363394, 2.4544811178453774, 2.3284676337060746, 2.209391706569597, 2.0969328228989053, 1.9907823068506778, 1.8906431035946463, 1.7962295215586346, 1.7072669491760197, 1.623491557691715, 1.5446499981615927, 1.4704990979011128, 1.400805559550212, 1.3353456642665715, 1.273904979446805, 1.2162780745325312, 1.1622682239759727, 1.1116871387739544, 1.0643546860362452, 1.0200986092678954, 0.9787542529754425, 0.9401640780851369, 0.9041782401826891, 0.8706530536261272, 0.8394517195028232, 0.8104431864983866, 0.7835029597974689, 0.7585121167956148, 0.7353572542209285, 0.7139302549310991, 0.6941280633050002, 0.6758524697703934, 0.6590099048199402, 0.6435112427619266, 0.6292716152949543, 0.616210234877605, 0.604250227734457, 0.5933184762550752, 0.5833454704316772, 0.5742651679056073, 0.5660148619949158, 0.5585350560850574, 0.551769332676131, 0.5456641844028233, 0.5401691985334348, 0.5352366183083143, 0.530821279831384, 0.526880672609975, 0.5233747903053659, 0.5202660389258768, 0.5175191520071224, 0.5151011081205839, 0.5129810497458408, 0.5111302030495056, 0.5095217982535701, 0.5081309903447168, 0.5069347799496934, 0.505911934246024, 0.5050429078515228, 0.5043097636835951, 0.5036960938348964, 0.5031869405613453, 0.5027687175231279, 0.5024291314485148, 0.5021571044398077, 0.5019426971402074, 0.5017770330218565, 0.501652224042068, 0.5015612979429487, 0.5014981274375567, 0.5014573615413983, 0.5014343592803778, 0.5014251259837063, 0.5014262523556074, 0.5014348564872764, 0.5014485289431468, 0.5014652810216518, 0.501483496264128, 0.5015018852515145, 0.5015194436986987, 0.50153541382726, 0.501549248970215, 0.5015605813372893, 0.5015691928470825, 0.5015749889123241, 0.5015779750481308, 0.501578236159204, 0.5015759183509891, 0.5015712131018141, 0.5015643436277275, 0.5015555532689459, 0.501545095726423, 0.5015332269786925, 0.5015201987126707, 0.5015062531072337, 0.5014916188148685, 0.5014765079942937, 0.5014611142554101, 0.5014456113870434, 0.5014301527474567, 0.501414871207458, 0.5013998795458069, 0.5013852712063427, 0.5013711213359476, 0.5013574880317007, 0.5013444137345193, 0.5013319267149628, 0.5013200426048595, 0.5013087659356705, 0.5012980916513566, 0.5012880065696209, 0.5012784907709729, 0.5012695189000623, 0.5012610613680896, 0.5012530854489724, 0.5012455562652346, 0.5012384376624595, 0.5012316929734304, 0.501225285675109, 0.5012191799430804, 0.5012133411093376, 0.5012077360301394, 0.5012023333713213, 0.501197103818769, 0.50119202022197, 0.5011870576785159, 0.5011821935672829, 0.5011774075377526, 0.5011726814625344, 0.5011679993597342, 0.5011633472913046, 0.5011587132429708, 0.5011540869908061, 0.5011494599589372, 0.5011448250723356, 0.5011401766081038, 0.5011355100481456, 0.5011308219356413, 0.5011261097372671, 0.50112137171271, 0.5011166067926305, 0.5011118144658809, 0.5011069946765133, 0.5011021477308, 0.5010972742143215, 0.5010923749189256, 0.5010874507792651, 0.5010825028184364, 0.5010775321021905, 0.5010725397010992, 0.5010675266599987, 0.5010624939740287, 0.5010574425705604, 0.5010523732963157, 0.5010472869089878, 0.5010421840727269, 0.5010370653568615, 0.501031931237284, 0.5010267820999642, 0.5010216182461293, 0.501016439898663, 0.501011247209341, 0.5010060402666039, 0.501000819103542, 0.500995583705895, 0.5009903340198398, 0.5009850699594459, 0.50097979141364, 0.5009744982526392, 0.5009691903337479, 0.500963867506519, 0.5009585296172516, 0.5009531765128367, 0.5009478080439629, 0.5009424240677223, 0.5009370244496527, 0.5009316090652626, 0.5009261778010882, 0.5009207305553359, 0.5009152672381731, 0.5009097877717077, 0.5009042920897003, 0.500898780137096, 0.500893251869366, 0.5008877072517487, 0.5008821462583988, 0.5008765688714872, 0.5008709750802756, 0.500865364880204, 0.5008597382719849, 0.5008540952607519, 0.5008484358552511, 0.5008427600670908, 0.5008370679100655, 0.5008313593995474, 0.5008256345519455, 0.5008198933842485, 0.5008141359136252, 0.5008083621570927, 0.5008025721312639, 0.5007967658521246, 0.5007909433348855, 0.5007851045938702, 0.5007792496424465, 0.5007733784929932, 0.500767491156887, 0.5007615876445308, 0.5007556679653848, 0.5007497321280221, 0.5007437801401841, 0.5007378120088576, 0.5007318277403439, 0.5007258273403339, 0.5007198108139774, 0.5007137781659597, 0.5007077294005626, 0.5007016645217274, 0.5006955835331088, 0.5006894864381233, 0.5006833732399918, 0.500677243941778, 0.5006710985464137, 0.5006649370567247, 0.5006587594754461, 0.5006525658052418, 0.5006463560487056, 0.5006401302083692, 0.5006338882867062, 0.500627630286125, 0.5006213562089714, 0.5006150660575167, 0.5006087598339574, 0.500602437540405, 0.5005960991788764, 0.5005897447512859, 0.5005833742594399, 0.5005769877050265, 0.5005705850896106, 0.5005641664146212, 0.5005577316813532, 0.5005512808909564, 0.5005448140444314, 0.5005383311426276, 0.5005318321862382, 0.5005253171758001, 0.5005187861116885, 0.5005122389941171, 0.5005056758231398, 0.5004990965986449, 0.5004925013203627, 0.5004858899878591, 0.5004792626005404, 0.5004726191576538, 0.5004659596582868, 0.5004592841013693, 0.5004525924856789, 0.500445884809832, 0.5004391610722999, 0.500432421271395, 0.5004256654052841, 0.500418893471982, 0.5004121054693574, 0.5004053013951323, 0.5003984812468807, 0.5003916450220349, 0.5003847927178819, 0.5003779243315646, 0.5003710398600847, 0.5003641393003038, 0.500357222648941, 0.500350289902572, 0.5003433410576384, 0.5003363761104394, 0.500329395057135, 0.5003223978937472, 0.5003153846161609, 0.5003083552201222, 0.500301309701241, 0.5002942480549899, 0.5002871702767051, 0.5002800763615874, 0.5002729663047013, 0.5002658401009769, 0.5002586977452105, 0.5002515392320617, 0.5002443645560579, 0.5002371737115946, 0.5002299666929303, 0.5002227434941956, 0.5002155041093856, 0.5002082485323653, 0.500200976756869, 0.500193688776499, 0.5001863845847266, 0.5001790641748975, 0.5001717275402205, 0.5001643746737834, 0.5001570055685399, 0.5001496202173167, 0.5001422186128138, 0.5001348007476019, 0.5001273666141256, 0.5001199162047031, 0.500112449511524, 0.5001049665266543, 0.5000974672420323, 0.5000899516494721, 0.5000824197406624, 0.5000748715071655, 0.5000673069404197, 0.5000597260317409, 0.5000521287723181, 0.5000445151532193, 0.5000368851653845, 0.5000292387996363, 0.5000215760466689, 0.5000138968970572, 0.50000620134125, 0.49999848936957797, 0.4999907609722457, 0.4999830161393375, 0.49997525486081634, 0.4999674771265231, 0.49995968292617665, 0.49995187224937326, 0.4999440450855908, 0.49993620142418693, 0.49992834125439495, 0.49992046456532874, 0.4999125713459828, 0.4999046615852312, 0.4998967352718271, 0.4998887923944049, 0.4998808329414776, 0.49987285690143846, 0.4998648642625634, 0.4998568550130044, 0.49984882914079926, 0.4998407866338633, 0.49983272747999213, 0.49982465166686496, 0.4998165591820409, 0.49980845001295854, 0.4998003241469399, 0.49979218157118777, 0.49978402227278546, 0.49977584623869753, 0.499767653455773, 0.49975944391073857, 0.49975121759020597, 0.4997429744806651, 0.49973471456849144, 0.4997264378399387, 0.49971814428114736, 0.499709833878135, 0.49970150661680285, 0.49969316248293644, 0.4996848014621992, 0.49967642354014025, 0.499668028702189, 0.49965961693365807, 0.49965118821974097, 0.4996427425455152, 0.4996342798959382, 0.4996258002558534, 0.49961730360998186, 0.4996087899429312, 0.499600259239186, 0.49959171148311904, 0.4995831466589815, 0.4995745647509095, 0.49956596574291745, 0.4995573496189053, 0.4995487163626535, 0.499540065957825, 0.4995313983879663, 0.4995227136365046, 0.4995140116867486, 0.4995052925218915, 0.49949655612500515, 0.49948780247904573, 0.49947903156684986, 0.49947024337113743, 0.49946143787450964, 0.4994526150594492, 0.4994437749083191, 0.4994349174033677, 0.4994260425267194, 0.4994171502603845, 0.49940824058625155, 0.4993993134860941, 0.4993903689415643, 0.49938140693419514, 0.4993724274454024, 0.49936343045648024, 0.49935441594860647, 0.49934538390283795, 0.49933633430011215, 0.4993272671212485, 0.4993181823469446, 0.4993090799577794, 0.4992999599342137, 0.4992908222565858, 0.4992816669051162, 0.49927249385990213, 0.49926330310092354, 0.4992540946080395, 0.4992448683609866, 0.4992356243393831, 0.4992263625227254, 0.49921708289038885, 0.49920778542162697, 0.49919847009557383, 0.49918913689123945, 0.49917978578751687, 0.4991704167631718, 0.4991610297968523, 0.499151624867082, 0.49914220195226344, 0.4991327610306774, 0.499123302080481, 0.4991138250797069, 0.49910433000626975, 0.49909481683795726, 0.49908528555243387, 0.49907573612724426, 0.4990661685398043, 0.4990565827674102, 0.49904697878723214, 0.499037356576317, 0.4990277161115882, 0.49901805736984167, 0.49900838032775047, 0.4989986849618629, 0.4989889712486016, 0.49897923916426523, 0.49896948868502233, 0.49895971978692244, 0.49894993244588276, 0.498940126637699, 0.4989303023380359, 0.4989204595224358, 0.4989105981663114, 0.49890071824494886, 0.4988908197335071, 0.49888090260701773, 0.49887096684038473, 0.4988610124083813, 0.498851039285656, 0.4988410474467283, 0.4988310368659839, 0.49882100751768566, 0.4988109593759641, 0.4988008924148205, 0.49879080660812786, 0.49878070192962337, 0.4987705783529203, 0.49876043585150015, 0.4987502743987097, 0.49874009396776864, 0.4987298945317627, 0.4987196760636459, 0.49870943853624117, 0.49869918192224016, 0.49868890619419914, 0.4986786113245427, 0.49866829728556294, 0.4986579640494181, 0.4986476115881319, 0.4986372398735936, 0.4986268488775602, 0.49861643857165117, 0.49860600892735396, 0.4985955599160187, 0.49858509150886005, 0.49857460367695733, 0.4985640963912534, 0.498553569622554, 0.4985430233415283, 0.4985324575187096, 0.4985218721244895, 0.4985112671291277, 0.4985006425027422, 0.498489998215311, 0.49847933423667545, 0.49846865053653766, 0.49845794708445845, 0.4984472238498631, 0.49843648080203085, 0.49842571791010276, 0.49841493514308094, 0.498404132469822, 0.498393309859046, 0.49838246727932456, 0.49837160469909386, 0.4983607220866416, 0.49834981941011625, 0.49833889663752057, 0.49832795373671274, 0.4983169906754092, 0.4983060074211796, 0.49829500394145015, 0.498283980203502, 0.49827293617446783, 0.49826187182133475, 0.4982507871109465, 0.49823968200999474, 0.49822855648503056, 0.49821741050244994, 0.49820624402850616, 0.49819505702929995, 0.49818384947078603, 0.4981726213187694, 0.49816137253890236, 0.49815010309669067, 0.4981388129574879, 0.49812750208649625, 0.4981161704487654, 0.4981048180091961, 0.49809344473253486, 0.49808205058337524, 0.4980706355261571, 0.49805919952516986, 0.49804774254454465, 0.49803626454825933, 0.49802476550013935, 0.4980132453638512, 0.4980017041029088, 0.4979901416806658, 0.49797855806032465, 0.4979669532049234, 0.4979553270773473, 0.4979436796403253, 0.49793201085642075, 0.49792032068804454, 0.49790860909744494, 0.49789687604671057, 0.4978851214977696, 0.49787334541238865, 0.4978615477521744, 0.4978497284785693, 0.49783788755285646, 0.4978260249361533, 0.4978141405894142, 0.4978022344734324, 0.4977903065488299, 0.4977783567760737, 0.4977663851154558, 0.4977543915271075, 0.497742375970993, 0.497730338406909, 0.4977182787944857, 0.49770619709318276, 0.4976940932622924, 0.4976819672609422, 0.49766981904808344, 0.4976576485824997, 0.49764545582280656, 0.4976332407274446, 0.4976210032546856, 0.49760874336262745, 0.49759646100919414, 0.4975841561521385, 0.4975718287490418, 0.49755947875730533, 0.49754710613415704, 0.49753471083665185, 0.49752229282166527, 0.49750985204589937, 0.49749738846587716, 0.4974849020379416, 0.4974723927182629, 0.4974598604628277, 0.4974473052274442, 0.49743472696773977, 0.497422125639165, 0.4974095011969819, 0.4973968535962776, 0.49738418279195357, 0.4973714887387278, 0.4973587713911351, 0.4973460307035274, 0.4973332666300686, 0.4973204791247409, 0.4973076681413374, 0.4972948336334648, 0.4972819755545463, 0.4972690938578102, 0.49725618849630027, 0.4972432594228738, 0.4972303065901924, 0.49721732995073, 0.49720432945677034, 0.49719130506040327, 0.49717825671352667, 0.4971651843678482, 0.4971520879748771, 0.4971389674859323, 0.49712582285213597, 0.49711265402441324, 0.49709946095349394, 0.49708624358991343, 0.4970730018840051, 0.49705973578590706, 0.49704644524555763, 0.49703313021269413, 0.49701979063685386, 0.49700642646737614, 0.4969930376533935, 0.4969796241438407, 0.4969661858874448, 0.4969527228327323, 0.4969392349280245, 0.49692572212143754, 0.49691218436087914, 0.4968986215940537, 0.496885033768457, 0.4968714208313762, 0.49685778272988995, 0.4968441194108664, 0.49683043082096545, 0.496816716906635, 0.4968029776141097, 0.4967892128894152, 0.4967754226783585, 0.4967616069265368, 0.4967477655793335, 0.4967338985819122, 0.4967200058792244, 0.4967060874160008, 0.49669214313675847, 0.4966781729857904, 0.4966641769071783, 0.4966501548447757, 0.49663610674221786, 0.4966220325429206, 0.49660793219007693, 0.49659380562665506, 0.4965796527953978, 0.4965654736388263, 0.4965512680992347, 0.4965370361186913, 0.4965227776390368, 0.4965084926018825, 0.496494180948613, 0.4964798426203824, 0.4964654775581134, 0.4964510857024995, 0.4964366669939999, 0.4964222213728434, 0.49640774877902144, 0.49639324915229405, 0.4963787224321835, 0.49636416855797577, 0.4963495874687239, 0.49633497910323604, 0.4963203434000869, 0.4963056802976099, 0.4962909897338948, 0.4962762716467945, 0.4962615259739174, 0.4962467526526287, 0.4962319516200489, 0.4962171228130551, 0.4962022661682767, 0.49618738162209663, 0.4961724691106514, 0.4961575285698273, 0.49614255993526235, 0.49612756314234413, 0.49611253812620826, 0.4960974848217379, 0.49608240316356367, 0.496067293086062, 0.4960521545233552, 0.4960369874093067, 0.4960217916775255, 0.49600656726136383, 0.49599131409391106, 0.495976032108002, 0.49596072123620555, 0.49594538141083305, 0.49593001256393104, 0.49591461462728503, 0.4958991875324113, 0.4958837312105647, 0.49586824559273074, 0.4958527306096315, 0.49583718619171735, 0.49582161226917093, 0.49580600877189884, 0.4957903756295481, 0.4957747127714812, 0.4957590201267942, 0.49574329762430785, 0.4957275451925619, 0.49571176275982765, 0.4956959502540928, 0.49568010760307, 0.49566423473419213, 0.49564833157460964, 0.4956323980511918, 0.49561643409052514, 0.4956004396189133, 0.49558441456237473, 0.4955683588466425, 0.49555227239716143, 0.4955361551390878, 0.4955200069972918, 0.49550382789635106, 0.49548761776055233, 0.4954713765138917, 0.49545510408006993, 0.4954388003824884, 0.4954224653442675, 0.49540609888821435, 0.495389700936851, 0.4953732714123883, 0.49535681023675077, 0.4953403173315492, 0.49532379261810355, 0.49530723601741705, 0.49529064745020185, 0.49527402683685495, 0.4952573740974735, 0.4952406891518393, 0.49522397191943124, 0.4952072223194116, 0.4951904402706374, 0.49517362569165185, 0.4951567785006799, 0.49513989861563795, 0.49512298595411963, 0.49510604043340556, 0.4950890619704566, 0.49507205048191366, 0.49505500588409923, 0.49503792809300295, 0.49502081702431106, 0.49500367259336653, 0.4949864947151961, 0.49496928330449136, 0.494952038275627, 0.49493475954264515, 0.4949174470192414, 0.49490010061880363, 0.49488272025437524, 0.4948653058386581, 0.4948478572840283, 0.4948303745025273, 0.49481285740584335, 0.4947953059053422, 0.494777719912034, 0.49476009933660076, 0.4947424440893687, 0.4947247540803288, 0.49470702921912235, 0.4946892694150401, 0.4946714745770284, 0.49465364461368305, 0.494635779433248, 0.4946178789436113, 0.49459994305231336, 0.49458197166653844, 0.49456396469310704, 0.4945459220384921, 0.49452784360879687, 0.49450972930977266, 0.4944915790468107, 0.4944733927249189, 0.49445517024876706, 0.4944369115226415, 0.49441861645047663, 0.4944002849358106, 0.49438191688184296, 0.4943635121913816, 0.49434507076687206, 0.4943265925103725, 0.49430807732358073, 0.4942895251078023, 0.49427093576398257, 0.49425230919267166, 0.4942336452940403, 0.4942149439678777, 0.4941962051135945, 0.49417742863021014, 0.49415861441635306, 0.4941397623702734, 0.49412087238982355, 0.49410194437246285, 0.4940829782152638, 0.49406397381490474, 0.494044931067652, 0.4940258498694038, 0.4940067301156309, 0.4939875717014195, 0.4939683745214456, 0.4939491384699963, 0.49392986344093376, 0.4939105493277266, 0.4938911960234322, 0.4938718034207051, 0.49385237141176164, 0.4938328998884575, 0.4938133887421723, 0.49379383786392306, 0.4937742471442767, 0.49375461647339036, 0.4937349457410133, 0.4937152348364577, 0.49369548364861565, 0.49367569206595957, 0.49365585997652606, 0.49363598726794194, 0.49361607382737843, 0.49359611954159754, 0.49357612429692443, 0.49355608797923717, 0.493536010473985, 0.4935158916661944, 0.49349573144043474, 0.49347552968083797, 0.49345528627109664, 0.4934350010944553, 0.4934146740337305, 0.4933943049712635, 0.49337389378897456, 0.49335344036828915, 0.49333294459025556, 0.4933124063354004, 0.4932918254838204, 0.49327120191516644, 0.4932505355086071, 0.4932298261428807, 0.4932090736962222, 0.49318827804643917, 0.49316743907086724, 0.4931465566463883, 0.49312563064935955, 0.4931046609557385, 0.49308364744097893, 0.4930625899800551, 0.49304148844747203, 0.49302034271727374, 0.4929991526630182, 0.49297791815775366, 0.4929566390741138, 0.49293531528416296, 0.4929139466595468, 0.49289252897234775, 0.49287106573056116, 0.4928495574891059, 0.49282800411413097, 0.492806405471258, 0.4927847614255784, 0.4927630718416606, 0.4927413365835382, 0.4927195555147159, 0.49269772849816607, 0.4926758553963299, 0.49265393607111313, 0.4926319703838878, 0.4926099581954888, 0.4925878993662158, 0.4925657937558294, 0.4925436412235563, 0.49252144162807704, 0.492499194827537, 0.49247690067954153, 0.49245455904115, 0.4924321697688851, 0.49240973271872135, 0.4923872477460938, 0.49236471470589216, 0.4923421334524608, 0.49231950383960166, 0.49229682572057, 0.49227409894807367, 0.4922513233742766, 0.4922284988507958, 0.4922056252287029, 0.4921827023585234, 0.4921597300902319, 0.492136708273262, 0.4921136367564974, 0.49209051538827836, 0.4920673440163943, 0.4920441224880926, 0.4920208506500751, 0.49199752834849675, 0.4919741554289688, 0.49195073173656034, 0.4919272571157927, 0.4919037314106493, 0.49188015446456923, 0.4918565261204511, 0.49183284622065554, 0.49180911460700116, 0.49178533112077216, 0.4917614956027156, 0.49173760789304194, 0.4917136678314318, 0.49168967525703083, 0.49166563000845637, 0.49164153192379584, 0.49161738084061285, 0.49159317659594337, 0.491568919026304, 0.49154460796769034, 0.49152024325557886, 0.49149582472493175, 0.49147135221019955, 0.4914468255453209, 0.4914222445637292, 0.4913976090983522, 0.4913729189816174, 0.49134817404545444, 0.4913233741212972, 0.49129851904009153, 0.4912736086322936, 0.49124864272787516, 0.4912236211563336, 0.4911985437466861, 0.49117341032747885, 0.49114822072679426, 0.4911229747722519, 0.49109767229101314, 0.4910723131097872, 0.4910468970548386, 0.4910214239519862, 0.49099589362661633, 0.49097030590368285, 0.4909446606077161, 0.4909189575628257, 0.4908931965927127, 0.4908673775206697, 0.49084150016959105, 0.4908155643619798, 0.4907895699199531, 0.49076351666525253, 0.49073740441924857, 0.49071123300294855, 0.49068500223700845, 0.4906587119417376, 0.49063236193710996, 0.4906059520427689, 0.4905794820780413, 0.49055295186194486, 0.49052636121319526, 0.4904997099502194, 0.4904729978911665, 0.49044622485391653, 0.49041939065608875, 0.4903924951150579, 0.49036553804796235, 0.4903385192717176, 0.4903114386030272, 0.4902842958583965, 0.49025709085414154, 0.49022982340640936, 0.49020249333118476, 0.4901751004443068, 0.490147644561484, 0.490120125498307, 0.49009254307026606, 0.4900648970927609, 0.4900371873811252, 0.4900094137506354, 0.4899815760165284, 0.4899536739940235, 0.4899257074983332, 0.48989767634468634, 0.4898695803483432, 0.4898414193246158, 0.4898131930888868, 0.4897849014566301, 0.4897565442434277, 0.4897281212649952, 0.48969963233720154]