Model Setup for Atypical Patient 1:
ITERS=5000
LEARNING_RATE=0.001
OPT_RESET=500
ATOL=1e-05
RTOL=1e-05
METHOD=dopri5
Input channels=2
Hidden channels=32
Output channels=2
Runtime=250.56546998023987
Optimizer=AdamW (
Parameter Group 0
    amsgrad: False
    betas: (0.9, 0.999)
    capturable: False
    differentiable: False
    eps: 1e-08
    foreach: None
    fused: None
    lr: 0.001
    maximize: False
    weight_decay: 0.01
)Loss over time=[71.71473188920457, 59.10642838619394, 47.43606692018545, 37.23074187683573, 28.69106372488044, 21.117562087295955, 14.445132966366167, 9.23798662681479, 6.144727458565355, 5.571622716083909, 7.292687319374514, 10.121186283590385, 12.450482048068947, 13.399709834943756, 13.024126900680756, 11.832261615433652, 10.367677456772167, 9.003882375236246, 7.9050303453097, 7.092338540327779, 6.535387093810226, 6.20172640292667, 6.062076931525791, 6.082108098297035, 6.217270815579412, 6.415592314495957, 6.623772550233471, 6.792949565383074, 6.8836432233102665, 6.870751786006455, 6.748535503414433, 6.533182043402527, 6.260042152559553, 5.975178887949467, 5.724069006521466, 5.541397471716445, 5.444703195137656, 5.432642855608182, 5.487240875659719, 5.579182095157566, 5.675141510346034, 5.745619559441477, 5.771300676625468, 5.746309794329591, 5.677759722795422, 5.582142987863981, 5.47996494140221, 5.390241303523748, 5.326202375054364, 5.293023527362336, 5.2878315472756094, 5.301676515335827, 5.322732756015588, 5.339763027834534, 5.344889077894114, 5.334995891890397, 5.311590962800767, 5.279443422747127, 5.244637754184022, 5.2127123859714395, 5.187369285975131, 5.169957910237475, 5.159672100671535, 5.1542253940898455, 5.150713934487174, 5.146419168889562, 5.139396415313413, 5.128786982851648, 5.114851758041746, 5.0987570585603015, 5.082170255012374, 5.066757025386897, 5.053706002859356, 5.043414964450528, 5.035434574326935, 5.028683733737868, 5.021854893862891, 5.013860327594134, 5.004161816766994, 4.992878739190422, 4.980657554146921, 4.968371625307383, 4.95677340653299, 4.946227300696913, 4.936613484764994, 4.927425204715915, 4.918007541598005, 4.907831780302039, 4.896689070595323, 4.884726952149612, 4.872325471728994, 4.8598822915531885, 4.84761332464868, 4.835459858950035, 4.823134320815353, 4.81026633897859, 4.796565631928744, 4.781920099433336, 4.766392271266316, 4.750135921966181, 4.7332928851562, 4.715933747252428, 4.69806338078642, 4.679675400660399, 4.660804473993864, 4.641536961113086, 4.621974408083166, 4.6021882079376075, 4.582205636053152, 4.562051908003041, 4.541814518623903, 4.521671619612772, 4.50184673485602, 4.482514875540055, 4.46373428000263, 4.445462419015848, 4.427640300423201, 4.410262811384317, 4.393363026078381, 4.376925238237919, 4.360821817201154, 4.344851190958612, 4.328843191537777, 4.3127169564782655, 4.296432959842817, 4.279912561528769, 4.2630344848968775, 4.245707477335859, 4.227911794921189, 4.20964822781835, 4.19086941155974, 4.171496682669774, 4.15149721389605, 4.130902383563208, 4.109740923535306, 4.087994648798379, 4.065639519627365, 4.042684957607157, 4.019129051823215, 3.9949066813089873, 3.969933569294389, 3.9441768724253863, 3.917634284296413, 3.890281798360202, 3.8620948101362456, 3.833069069972494, 3.8031784823845594, 3.772412448296507, 3.740910734420159, 3.7089506803020593, 3.6768183949561832, 3.6447998278617293, 3.61317814037057, 3.5821474548516608, 3.551960338894632, 3.522633265852049, 3.494158167403782, 3.46635287280391, 3.439012747309585, 3.411868056566212, 3.3846732024338313, 3.357293769872142, 3.329566339704066, 3.3014889002081826, 3.273299952075328, 3.2448760446687275, 3.216332684308104, 3.1880686592676684, 3.159753655252477, 3.131870473854026, 3.104377359767483, 3.0774090868186295, 3.051031238482817, 3.025316349598199, 3.0001127217029535, 2.9756681094989386, 2.956853727112259, 2.9775871451051157, 3.0828192063850874, 2.9073432656332177, 2.9038105850462403, 3.0209430938654047, 2.83101395319777, 2.913838176091686, 3.1245453129786025, 2.784430591442937, 3.4585452892306163, 4.0394857878424135, 4.500246459006831, 2.9915662920271457, 5.975333407763338, 4.026626359555913, 6.482490984572689, 7.3633755661762885, 7.054981491829946, 5.9176536329473635, 4.315938644742247, 3.259098428138753, 4.959694813971345, 4.7241592380852175, 3.2635246164536835, 3.518016517048835, 4.080746388804866, 4.359559526141067, 4.238023705691484, 3.8158991800436284, 3.3709997710608235, 3.292071393675778, 3.697257267240734, 3.8724502309288322, 3.4891165638421286, 3.2337835363107206, 3.293958370146744, 3.456404369791612, 3.54110475620239, 3.489155579036043, 3.3432977200065563, 3.2089844126445453, 3.189960173142968, 3.284647734996537, 3.335735138718457, 3.2413009524267014, 3.1281862440138055, 3.116241436044121, 3.1707555795176163, 3.201088717951454, 3.1626099360144297, 3.0862835873343943, 3.0452472001423585, 3.071813056156835, 3.094057603134756, 3.0462083202999395, 2.9908488607008437, 2.9879701215942034, 3.0058338735022123, 2.994052226415329, 2.950342191233959, 2.917889826267727, 2.9225398984994326, 2.9223881649837127, 2.885709655220793, 2.8574297065100343, 2.8581726258695723, 2.852871725183102, 2.8240764857692002, 2.7998790221708387, 2.7983848519110315, 2.787173518797262, 2.7590585791207984, 2.7472477503508466, 2.7432481956099513, 2.724275232619145, 2.704643246687958, 2.7000077485368044, 2.688119265168618, 2.6684520486636902, 2.661326421807437, 2.6515613002755956, 2.633466101576822, 2.6249468298043563, 2.6152314322407415, 2.5990650892985516, 2.591835621029709, 2.5800928574020374, 2.5661787219620593, 2.5589281143376397, 2.5453222823002135, 2.53595711462469, 2.5266785041975783, 2.5141653053304616, 2.5068221351298035, 2.494796433896908, 2.4871845985444185, 2.4766343735392016, 2.4674773733576427, 2.458178913468167, 2.4490265696904796, 2.4404682346990967, 2.4308808721172217, 2.4224171390016194, 2.413780760318459, 2.40506051638564, 2.3967621308477436, 2.3877959078847915, 2.3806641606619237, 2.37131920908661, 2.3638730670893326, 2.3558845287050643, 2.347520124235095, 2.340357129062538, 2.3321980926040955, 2.3243009219615547, 2.3171260455373326, 2.309714157591257, 2.301597270047633, 2.294250273215432, 2.2874567953053884, 2.2801550523053433, 2.2732487324189052, 2.2657685010756294, 2.2589471885803407, 2.2518461855178833, 2.2457626599486127, 2.240396318462899, 2.243840106959164, 2.2747172851171267, 2.538537776557828, 2.784035013346452, 4.949646289669283, 4.691382106252193, 2.6052920105428607, 2.293043032145929, 2.866153156949085, 2.2758190139063106, 3.577823989307444, 5.793337286251662, 7.819292091056632, 7.675104804928546, 5.8967060396945365, 2.745604498437417, 16.3314815164974, 7.469946180175935, 12.811322191806074, 15.804360200863876, 17.349418686280035, 17.985142740132968, 18.094446618385213, 17.930705680887897, 17.64091868287283, 17.28237561810336, 16.851104274571654, 16.329637797249646, 15.714677497314115, 15.032121795871312, 14.331041223471635, 13.663121217084399, 13.061731141081266, 12.531507456246818, 12.053143192860396, 11.59796670394546, 11.145090999343154, 10.691170985755264, 10.250460602564011, 9.845370734449194, 9.494630987070979, 9.206677595291254, 8.979440653362538, 8.807762734856878, 8.690038715411168, 8.62918048510346, 8.623319089520946, 8.653217204912442, 8.679906425678977, 8.658504605671572, 8.557677440268888, 8.370133885393727, 8.111040563371496, 7.809742909630976, 7.5000435856891405, 7.211913883522818, 6.965739007636826, 6.769329301784438, 6.617904151911071, 6.497144170493403, 6.388581105603939, 6.275536985967551, 6.147476678982887, 6.001407805795065, 5.840425786562158, 5.6707760773322216, 5.499183537045388, 5.331567674050125, 5.173103861042537, 5.028656050971032, 4.902467987384143, 4.796735820152627, 4.709850611778527, 4.635921762037246, 4.566818158235015, 4.496141052834652, 4.42254465250293, 4.349816767637218, 4.283645776628563, 4.227745902873034, 4.182221804727678, 4.144747365267646, 4.112837601698593, 4.085197135748161, 4.061387084228671, 4.0406520727482205, 4.021277010491901, 4.001271389950471, 3.979865141795598, 3.958355415088717, 3.939243667445899, 3.924202179461352, 3.912661603010041, 3.902319759335958, 3.890938866322065, 3.8777130414247796, 3.863102580315724, 3.8477883523129717, 3.832078984768197, 3.8161948472785228, 3.8006124835559594, 3.785769171226788, 3.7715049218427708, 3.7570490795832545, 3.741673653450964, 3.7252621087132343, 3.7082909506083324, 3.691386543808243, 3.6746173470693297, 3.6581904989591894, 3.6419532151362124, 3.626023459556748, 3.610351162595974, 3.594743707713357, 3.579009769271487, 3.5631738802223896, 3.547470062485878, 3.5320998494216167, 3.517165283636366, 3.5025698809504577, 3.48822116557449, 3.4740882923168273, 3.460149604893839, 3.446348934481349, 3.432644462662115, 3.419064312135934, 3.4056913733858765, 3.3925762365217014, 3.379642867335326, 3.3669098469031415, 3.354372483832297, 3.3419663330064, 3.3296278588376556, 3.3173820524886897, 3.3052227628958324, 3.2931653510947485, 3.281229118277285, 3.2694066013624323, 3.2576608944782133, 3.245955242213422, 3.2342706198899047, 3.2225982931472648, 3.210819974454792, 3.199070686629106, 3.1873772151239312, 3.1754858134618136, 3.1635580789789417, 3.151449839438914, 3.139096859452295, 3.1266291664316204, 3.113980922714793, 3.101181309823413, 3.088291029752199, 3.0753788640365154, 3.062669782418449, 3.050255551064516, 3.0383811251171036, 3.0272304128852245, 3.016863151887151, 3.007087070585747, 2.9974573702896787, 2.987479106271216, 2.9769804017512174, 2.965951581816574, 2.9545194173817775, 2.9429062487984528, 2.9312854858340573, 2.9197358877424375, 2.9083517757985273, 2.8970283485554407, 2.8859373994920823, 2.8748910491171027, 2.8639845147087915, 2.85324992592077, 2.842886397348672, 2.832914977976898, 2.8235412175210075, 2.8146183333631893, 2.8062144918966427, 2.797925503761485, 2.789577172556253, 2.7811385214724114, 2.7726668372683783, 2.7642107870351853, 2.755676752391123, 2.7472621272506714, 2.7389151524362645, 2.7306646457618853, 2.7226037057495365, 2.7147154591361486, 2.7071479274613113, 2.699679471230159, 2.692374039591797, 2.685130260017005, 2.6779363454704677, 2.670707246261424, 2.6636296427055943, 3.087360213339089, 24.338872325576173, 2.879076847691163, 5.41186104864909, 7.716568775994322, 8.360375016770767, 8.032657416451306, 7.161867841496993, 5.995200103105858, 4.658370197534182, 3.5194377617096704, 3.5181552342993156, 5.218932132930553, 5.033946465917158, 3.456180642783471, 3.025324260657163, 3.3580867518518174, 3.804068361967202, 4.07025055994523, 4.062996279709169, 3.7920627461112066, 3.3701043087357574, 3.0408177450707767, 3.087770668185143, 3.46783807761462, 3.588663817811596, 3.2475972748930957, 2.958603231353774, 2.952218239638835, 3.098332532997091, 3.226265361743265, 3.248178157529274, 3.1598980358351487, 3.018530587788344, 2.915682458902704, 2.920344273445066, 3.0013848712549818, 3.027591616844005, 2.938363491985262, 2.8387132498778085, 2.8241496492475022, 2.8737810477996804, 2.912625677939991, 2.8935804008210266, 2.8296376411380084, 2.7767055318939757, 2.778475554484386, 2.8101905695278817, 2.806015029535428, 2.7609499933413963, 2.73114537699845, 2.739932113436516, 2.757935014093996, 2.7516676225285055, 2.72148328491448, 2.6967151734401287, 2.6981858589236527, 2.707214961127773, 2.694284876862127, 2.6708948503630925, 2.66503841636694, 2.6718013350867795, 2.6679925290121083, 2.650258291939291, 2.637381635994326, 2.6382902429241653, 2.63594787262269, 2.6221100735000062, 2.612303760441283, 2.612149955928229, 2.608935881755062, 2.5977594645827775, 2.5886682926069398, 2.58669355344627, 2.5814731178625077, 2.5709654902130326, 2.5651697608476662, 2.5626654195765406, 2.555652966826813, 2.5470415404099636, 2.542874611913339, 2.538244091809451, 2.5300492414782725, 2.5245456459073963, 2.520531880454394, 2.513539389387876, 2.5067706677247696, 2.5025173778289447, 2.4965062023434488, 2.489909320249414, 2.4855571754346535, 2.479593838452645, 2.4728847311910993, 2.4679846597437076, 2.4622894644941553, 2.456149445167199, 2.451509023818059, 2.4456262134414435, 2.4395159422324206, 2.4342692016987946, 2.428379254211762, 2.4229957055291766, 2.4178893015907224, 2.4118174553183196, 2.4064866216956573, 2.4010367447193675, 2.3954517385289775, 2.390301115034887, 2.384581359835197, 2.3791744018230787, 2.3737409965032157, 2.3684280709726058, 2.3632553511253374, 2.357597190492853, 2.3524056393956227, 2.347014090753296, 2.341931506073313, 2.336587088275281, 2.3313090472001474, 2.32606015911985, 2.320931414004732, 2.315746174479291, 2.3105240709127983, 2.3054169542032383, 2.300338324105003, 2.2951657561237067, 2.29010009491951, 2.2850026448648246, 2.2799989428385694, 2.2748966099962065, 2.269863737898649, 2.264907766851545, 2.259919631837811, 2.2549864650317075, 2.2500167988093547, 2.2450932503235417, 2.240228905153127, 2.2353151619196385, 2.2304687316259675, 2.2257286686482676, 2.220804595583667, 2.2160307174298777, 2.2112548366691915, 2.206442846643657, 2.2017000683657315, 2.197019008674763, 2.1922203198586936, 2.187573560259919, 2.1829859851862463, 2.1782548374414112, 2.173840944126469, 2.169107626693099, 2.164646112753101, 2.160242987909385, 2.1563041088663373, 2.1527140317309392, 2.1525693985227425, 2.1567572723541906, 2.1917680097151826, 2.266102082789873, 2.645153861581839, 2.256452339171923, 2.1827664479523725, 2.1437509155340218, 2.1488730736332546, 2.171675931066994, 2.337409769775284, 2.4025156219681048, 2.9890009803206294, 2.114361169490476, 4.117339735710747, 6.799513817785016, 9.621887720510454, 9.815433088458509, 8.228570076218402, 5.599274225909307, 3.003180681452154, 10.921296938742811, 5.088286037592749, 8.342788169817617, 10.349483389460804, 11.309860406979451, 11.490564115089784, 11.105499883218185, 10.321679155089887, 9.27101822290801, 8.046447413616157, 6.738884645972343, 5.350948838803674, 3.885388832325789, 4.313408991800646, 6.756577001407496, 5.486011826651185, 3.701130167104537, 4.005399602603949, 4.744884791995665, 5.193288831592178, 5.272926951614843, 5.037448081154801, 4.573626026146571, 4.015596883627416, 3.600960579887788, 3.643566239379153, 4.069578711941954, 4.218554015371994, 3.819993374555976, 3.3892429687110233, 3.2894752695035177, 3.417185950221912, 3.5493967341490777, 3.5526869013164433, 3.4016133480526647, 3.169941136024117, 3.0040789874700677, 3.0115345981835286, 3.118883682325101, 3.126075640075881, 2.983129369313497, 2.844755734525679, 2.820608896134455, 2.8703218385716016, 2.9010349070469834, 2.8623387666568907, 2.77505761174105, 2.705791034345226, 2.703799730086623, 2.7400414157474895, 2.7362381369267577, 2.679340379876922, 2.6350344265791787, 2.6406587173799183, 2.663407054449252, 2.658158777448726, 2.6219762089998344, 2.5920753604179634, 2.595199098953939, 2.6097960722485314, 2.599530800939218, 2.572722072029834, 2.562371609972704, 2.570650664378829, 2.5723283514836996, 2.556219295456076, 2.538708570318108, 2.5368024550824457, 2.540573743983592, 2.5318787897854933, 2.5169777664860664, 2.51216187506996, 2.5135356739158627, 2.5074513036530135, 2.494893626508244, 2.487557896095981, 2.4864038424206707, 2.4809479015423235, 2.470688539256666, 2.4645965870528865, 2.462376590894264, 2.4565895766698658, 2.44749438733037, 2.4415092545717516, 2.4380601655579555, 2.4317702588832515, 2.4242966621544224, 2.419790979881234, 2.415810017087303, 2.4092327330622405, 2.4026337923438246, 2.398284692050644, 2.3933790945747195, 2.3871075275661613, 2.382241160732134, 2.3780197632125204, 2.3724875970224506, 2.366718188601366, 2.362180943997324, 2.3572940886749234, 2.351856546395723, 2.347371397376257, 2.342940196679743, 2.3376176760452654, 2.3326356822640046, 2.3281680982501443, 2.323268663749138, 2.3185238156477492, 2.3141863379239314, 2.3094250005907697, 2.304564939609776, 2.300050062590807, 2.2954780338343594, 2.290878606635523, 2.286519697972632, 2.281909793423746, 2.277371846022878, 2.272912880722023, 2.2684389725952654, 2.2640545813505044, 2.259697059154598, 2.2552370013188, 2.2507944781324194, 2.2464513411724307, 2.241972035120028, 2.2377287302633784, 2.233411483330066, 2.2289531500199673, 2.224656812873968, 2.2203219933402107, 2.2161025295563794, 2.211897443057481, 2.207689120685791, 2.203548115469148, 2.199454847076593, 2.195413693810462, 2.191399355775239, 2.1872511806453407, 2.1830572812873967, 2.1789583531500454, 2.1748485667761233, 2.1707110589486787, 2.166562349278452, 2.162547681690722, 2.1585401706212504, 2.154717316399471, 2.150881709556802, 2.1469303487108817, 2.143422922345088, 2.139322439075525, 2.1356418623024584, 2.1317867448410754, 2.128026678473714, 2.124390003893491, 2.120802552774732, 2.116983073995442, 2.1132608186598048, 2.109665769303971, 2.106047145935526, 2.102305806868235, 2.098729758490663, 2.0952902890018383, 2.091681468924079, 2.088157323437642, 2.084731375901086, 2.0812985015500076, 2.077829881506491, 2.0744351059030013, 2.0711428195403006, 2.0676707701537693, 2.06443202138659, 2.060888203751126, 2.058003859518966, 2.0543370188189174, 2.051082168920043, 2.048378137438872, 2.0444790075940475, 2.041453199955802, 2.038377834919265, 2.03486180471654, 2.0318020506568755, 2.0287563396925843, 2.0255449249879476, 2.022411801249641, 2.0192426275007027, 2.0163076300423985, 2.013466463657976, 2.010423859712817, 2.0069276401427776, 2.0039399387897423, 2.0010051776591453, 1.9979622754544244, 1.9950320494564038, 1.992028157948689, 1.9894135502216856, 1.9864369384310274, 1.9840942101975665, 1.9805249170927588, 1.9775150529067467, 1.9757504065123437, 1.9739975345781497, 1.9745573491931872, 1.9717804533101109, 1.9697597465851047, 1.9673242113491405, 1.9692610021170338, 1.967353916892744, 1.9776758036255813, 1.992311661473068, 2.0512374125389323, 2.0949416204365607, 2.2984035846911195, 2.075482469537198, 2.0357937355166853, 1.9943737935458614, 2.0225422472021477, 2.056912284423304, 2.2608794711923283, 2.1167867740945394, 2.186882069249091, 2.046251554535158, 2.0620102184990357, 2.0381194513053402, 2.1472713370360967, 2.092692213344014, 2.2110934818114716, 2.0438140920611017, 2.0240732139285003, 1.9829343841968239, 2.0047309023072457, 2.0112975040781063, 2.1273471304854796, 2.0890384744038957, 2.2156547871922467, 2.0183286225160653, 1.9704096429199438, 1.934258974983316, 1.9255837859494191, 1.9197161432730068, 1.9265742733932898, 1.9415645341004086, 2.0048995039126165, 2.080147234828755, 2.3792987036837974, 2.0243990598746255, 1.931613253070838, 1.9018258627597986, 1.9083994493219214, 1.9580367819244096, 2.0564775661797, 2.4194202650806047, 2.032403516248996, 1.935535529548234, 1.8979682404064981, 1.89161221594386, 1.8943276710134775, 1.9061601325526347, 1.9696672158693418, 2.1023643965687757, 2.5898805173062645, 1.9560284692816516, 1.914376352604841, 2.2634073772065553, 2.2554124143877563, 2.6040805301057617, 1.8848949193899818, 2.5229825019204135, 4.066705809590572, 3.2189784453271657, 5.153672953299362, 4.338375368664624, 5.56334982178972, 3.5009590180053114, 4.945071497645717, 2.103170449161031, 3.135163662373501, 2.278610031518186, 3.0930282995510536, 2.013965120363976, 2.6674469919341464, 2.3998133454658177, 2.261816434451818, 2.37485973449714, 2.1917407440107937, 2.4044758854553083, 2.0493246142558554, 2.3367514675707484, 2.062630929269478, 2.2185494525711924, 2.1666043872590675, 2.080819965600441, 2.1864097408849363, 2.0385254647556783, 2.1565898219789275, 2.0342628310084927, 2.1076569890003882, 2.0479090784700404, 2.0618118305871693, 2.0725507825016973, 2.0138233141725626, 2.0687029222848783, 2.001632744279513, 2.0529515509596696, 2.0017536997584284, 2.033250467544846, 2.001826407384013, 2.017644706385805, 2.0060847935998116, 1.9991926871274048, 2.0017424988246795, 1.9911785334465237, 1.9978603027200812, 1.9832137210703538, 1.9885442526648802, 1.9798336246130674, 1.986481196537401, 1.9731582791143263, 1.9758594404095964, 1.9698473744758254, 1.9719999632308893, 1.9627825206643414, 1.9622396095861125, 1.9585340295210187, 27.760928307632557, 7.798152535003499, 6.811015125985369, 11.119927085369932, 12.821750560346826, 12.726807457412002, 11.571294345092639, 9.761294079443513, 7.687755726770232, 5.534650894903152, 2.819183971605905, 4.191502883539204, 7.120860779384251, 5.800249083314216, 3.0927639705714314, 3.0614580295715754, 4.178111313181366, 4.8115112539146425, 4.870064904140161, 4.458793078592924, 3.6881826821546126, 2.8530968678243522, 2.7119429399252986, 3.46919924409309, 3.906945693191017, 3.523582966093629, 2.870585709609768, 2.7220711035714076, 3.0334992484683174, 3.2883165375296346, 3.277843671959393, 3.0210871249000664, 2.6880437317509176, 2.5587539454480965, 2.7421366415668618, 2.924518023493509, 2.8403712890378063, 2.611476096101624, 2.5224434041454162, 2.6177570031551936, 2.716987180725162, 2.691266407210649, 2.553806234664963, 2.429450560589657, 2.4420692065026524, 2.5241195753251002, 2.522599345997089, 2.4299281951203655, 2.3707805156004897, 2.401750021074737, 2.440406051312884, 2.410260500017149, 2.3388684932746204, 2.3098721427868423, 2.337337173934912, 2.3474598899396977, 2.3080052521812426, 2.274389941967129, 2.285276550033913, 2.3026085617693206, 2.281993220462814, 2.2462481725051506, 2.240799740096685, 2.2513484484635957, 2.239205694770091, 2.2156612370236406, 2.2141371061199346, 2.223409730115869, 2.212762186621982, 2.1934036647239776, 2.1901903537875835, 2.1928257747650113, 2.1817158865953874, 2.170256425278088, 2.171439941140549, 2.1704174087884427, 2.159113148934137, 2.1519277445154077, 2.1517095493018323, 2.145760994935141, 2.138170677987938, 2.136390603413942, 2.1334452144743623, 2.1257271559070383, 2.1205942453927107, 2.117757788068521, 2.112411042094161, 2.1080497569205106, 2.105911611092109, 2.1008015657075916, 2.0949606889446, 2.0914645742711997, 2.086883855204885, 2.08255924677737, 2.079434407499856, 2.0748302609334797, 2.0699553474885026, 2.0660673843935506, 2.061621392579001, 2.0578350897510855, 2.054151475296169, 2.049454720770035, 2.045134971352903, 2.041086682632583, 2.0370157997784033, 2.03347752936814, 2.0292479827305665, 2.0248812818639452, 2.020980175980951, 2.016858902562655, 2.013440796909357, 2.0090974637278287, 2.0051456347656607, 2.0013226574733456, 1.9972086985707096, 1.994256196594008, 1.9895250239476567, 1.9859848514263705, 1.981683034132088, 1.9789728120663925, 1.974931273680397, 1.9706752812866517, 1.9672820562721818, 1.9631599056325177, 1.9600710239852077, 1.955500535782055, 1.9519569400175636, 1.9485962372427046, 1.9455473905445366, 1.9410725919889968, 1.9374031075142184, 1.934585936584403, 1.9303139486823306, 1.9272047747605725, 1.9230621858936319, 1.9213026298708593, 1.9162832935530902, 1.912837143572928, 1.9091316761259733, 1.906503508987537, 1.9022641177335367, 1.8990616916154615, 1.8955379440167415, 1.892674627281159, 1.8887330383108443, 1.885414115141723, 1.882185905451123, 1.8789661356606393, 1.8754784350737355, 1.872212395300926, 1.8692018793099299, 1.8656407019461787, 1.8624924426500842, 1.8593170360979328, 1.8563385982249052, 1.8529638581412415, 1.8499374975096288, 1.8475259464329454, 1.8435904775832148, 1.8411063562151162, 1.838864965949884, 1.8343608323710077, 1.8324210804637227, 1.8307887386438253, 1.8254106933157908, 1.8223144892592458, 1.8211554639796694, 1.817224516488955, 1.8145614641734797, 1.8109069334194012, 1.807825956986442, 1.8050799272643288, 1.8022070250377462, 1.7998788773715033, 1.7974689996489859, 1.7995183909824386, 1.7962777894294837, 1.8014002174806711, 1.8026793637600937, 1.8236728775634257, 1.8551423599589505, 2.0004281783911186, 1.9979252780620251, 2.1838557666964173, 1.9186352516661425, 1.8470407469692196, 1.7931206425599102, 1.7825770515744601, 1.7795302333509135, 1.8010064468895566, 1.8509235941740214, 2.0686592878616414, 2.062062421216794, 2.319009842425039, 1.8594563952244472, 1.755419855223854, 1.8266872053879035, 2.045400359857122, 2.568282405996865, 1.7966609205436477, 1.9699435198450308, 2.835093363277939, 1.7616627890297878, 2.60354567287248, 3.757080251887181, 2.569513390643966, 4.941357398465057, 1.8105490085232616, 3.2351841125533287, 1.8087109806284365, 3.7131328020493126, 1.885116778433364, 2.747381916743132, 1.8033077369333759, 2.7795248277958633, 1.9287012412039601, 2.3924313890545976, 1.8195752191397865, 2.3592752539826654, 1.9046458233808743, 2.1983956309861905, 1.8335001665632833, 2.1353980246154305, 1.8697233386842174, 2.058172995693548, 1.8298586944207436, 2.0035082178862926, 1.8465218600524855, 1.9695671992392603, 1.8255683083629803, 1.928525283424676, 1.8346575765607163, 1.9130400129332548, 1.8222186275948837, 1.8765392023883687, 1.8340089507966566, 1.8637063257229527, 1.8301983580703756, 1.8329246013462475, 1.8504365012372048, 1.817428196085019, 1.8444962482717209, 1.7971907900914827, 1.8450902966975884, 1.7930365074216772, 1.8226442388649213, 1.8027804047346523, 1.8081028221782167, 1.8020673038174109, 1.7864991402526398, 1.8096211175760721, 1.779632938008338, 1.7926812378996295, 1.7866598253189223, 1.7808753165141482, 1.7887984341698904, 1.770944572103234, 1.7820833510358602, 1.7731985115886149, 1.7633366804457835, 1.775128945193248, 1.7599179087487762, 1.7591357239859624, 1.7644666099236317, 1.752732698647803, 1.7517584769910963, 1.7560602540987966, 1.746140555427662, 1.7448042947745426, 1.7453821750209713, 1.7397727983091125, 1.7375240308731932, 1.7379272757967932, 1.7337640433246266, 1.7317808151310103, 1.7292249533496014, 1.727092029890368, 1.7251867202148425, 1.7232956811974305, 1.7208180869435012, 1.719218181246633, 1.7177451783769049, 1.7148607082151182, 1.7136799267351177, 1.7110956804260142, 1.7087514046482175, 1.7068929243047142, 1.7089404355413556, 1.7041658336641665, 1.7031558882728381, 1.7000335553661188, 1.7008255528131135, 1.6953491630878113, 1.6944297221236377, 1.691285086294184, 1.690455910174805, 1.6876402573323561, 1.686299506733378, 1.6841511101089692, 1.6823262828938474, 1.6807773536922581, 1.6785093927387045, 1.6775930358413114, 1.6747813668576945, 1.6754082306496059, 1.6718662017252077, 1.6713612204863841, 1.6678335702685914, 1.670850883897694, 1.6686382077675683, 1.6825044128973412, 1.730937712510817, 2.0306598401426785, 2.1899362759875687, 3.0775265603643644, 1.7923774977405154, 1.7271121950751136, 2.5101470508760593, 2.1075347197521186, 2.0952665877812904, 1.6931502448940534, 1.6876719144412784, 1.972422518310781, 1.986983971069926, 2.150272107295639, 1.7489133274188178, 1.6607927028314746, 1.7695682052344175, 1.8964448528830773, 2.1124855029901966, 1.662013748108268, 1.9728932332932312, 2.7041613996773872, 1.6619949214337133, 2.7123246578483755, 3.581309175157354, 2.1578037618586907, 4.445754901056923, 1.7299729038209177, 4.13827833149826, 2.131573253657825, 4.76655270226503, 2.4744937288564652, 5.079669112114299, 5.683610602599152, 2.3983745055021, 5.037124383269122, 4.447638899316155, 2.211462099354175, 3.907026216497751, 2.4019557139306653, 2.6450307872333934, 2.6799751694841394, 2.11450935239701, 2.8270130034813055, 2.019944719497666, 2.13677180209356, 2.131977694295918, 1.9506862671033587, 2.2875420460253935, 1.9210085620932646, 2.0275079719035976, 1.9876580193471638, 1.8934025341337495, 2.0857267672290223, 1.8452111830788012, 1.9437451977461933, 1.8777319818497522, 1.8642538696128719, 1.9595801287299153, 1.7938237001237711, 1.9006145444878042, 1.8004290165463401, 1.8527372116551413, 1.8490193510226058, 1.781829464499674, 1.8336831552559176, 1.7737020892398847, 1.8342627225627586, 1.7739490738245038, 1.8088338710983036, 1.771279994625557, 1.8018956231079999, 1.7853958293670218, 1.7746208504705743, 1.777514923891969, 1.7706129236956507, 1.7842454823492366, 1.7575063018600667, 1.769889317795872, 1.754867240891446, 1.7700656792802407, 1.7480674536788134, 1.7557808934721464, 1.7436837625414894, 1.755816247386099, 1.74047916822204, 1.7432417484351035, 1.7344906739702155, 1.7421313582029199, 1.7301911250900914, 1.731016068097221, 1.7260770735991344, 1.7297999222733174, 1.7212746069017222, 1.7206060836010253, 1.7168892548232473, 1.719765414607216, 1.7125664072316895, 1.7126062549452792, 1.7102561206408295, 1.7098224143605707, 1.7041906370940219, 1.7021150719706128, 1.7097556073135856, 1.698192809334534, 1.698190496246414, 1.6983957351991683, 1.711137027815312, 1.6981404148891448, 1.6899240466888779, 1.708864673871915, 1.6905461086487223, 1.684726243193591, 1.6806748476313473, 1.692036978138222, 1.678189945256981, 1.6749978053407424, 1.6833653432667148, 1.6749398747432038, 1.6782703424549537, 1.6715010032270028, 1.69169269769026, 1.6668899926342091, 1.6653610890494628, 1.6728537507687036, 1.6588041939004297, 1.6587657390518276, 1.6571258383747605, 1.665033370549267, 1.6533741862754832, 1.6523918323697906, 1.652644459714834, 1.6538326375540842, 1.6523291259726844, 1.6498382382433332, 1.6585645320544806, 1.6543717791426682, 1.6448747713595955, 1.6391658386271557, 1.6413242116063953, 1.6493502175538823, 1.6439251340270327, 1.6372585404201876, 1.6360448918005246, 1.6389281394544868, 1.6286236166371706, 1.6260554480500071, 1.6524261206478499, 1.6260731201998693, 1.6312871176405628, 1.635179977027484, 1.6292538401375696, 1.626840697463593, 1.6360576047048725, 1.6185626158324695, 1.6252229507721723, 1.6326808951156748, 1.615252851143056, 1.6281514095780323, 1.6444818704565003, 1.6085836060010938, 1.6400704302999414, 1.6899796958938518, 1.6019864418890277, 1.6257884166810335, 1.6808557642063433, 1.6313671595915287, 1.6056075425384913, 1.6176256411405603, 1.630497182052879, 1.6908900429593052, 1.591707450327477, 1.591352966269752, 1.6302182050625478, 1.5952770403756142, 1.5996175537071657, 1.5888970607778996, 1.6082713707199963, 1.6190768738105668, 1.662746931244069, 1.621683608294886, 1.6199213135562582, 1.5828438458671166, 1.587574886806136, 1.6616526414430057, 1.5922075995377414, 1.5967643662959192, 1.5817572699072293, 1.6509474792057313, 24.6326347312676, 15.442104593832955, 1.88866468827594, 9.696096850117298, 13.123148302602504, 13.780215946170136, 13.93231921017233, 11.534579879450929, 7.440700545299719, 3.274085598012944, 3.707342150052325, 5.140907221461719, 4.701434593857148, 2.8550685117119845, 3.040125105085576, 5.79028025541387, 6.117481477343728, 5.894106555351095, 4.91976738869595, 2.626848977733749, 3.531093167271798, 4.436568253817105, 4.177295950404972, 2.926918088551197, 2.562102349033286, 3.6518321856173244, 5.310008911742365, 6.278048566076151, 6.874765655975714, 7.3521721493960825, 7.714564375607636, 7.869893012008706, 7.81637128050672, 7.584089457925601, 7.225758958389486, 6.750080401726543, 5.498187249511823, 3.470441727639305, 2.185967064219661, 2.4819536477488167, 2.6761755837918875, 2.053932033330961, 2.4648357997945536, 3.542054846637464, 4.337886218240428, 4.351713872555981, 3.52286330070953, 2.421405925935443, 1.9191526308934272, 2.1533857242138983, 1.8873625334277557, 2.169795142308962, 2.185230631336436, 1.9547091247327553, 1.840646989493839, 1.8108660904838232, 1.80607345706907, 1.8605598821631346, 1.8701310333391434, 1.7922608859431832, 1.7634677627533504, 1.7613777178653616, 1.753847153268706, 1.815604926186715, 1.7662382223207354, 1.7309900016674633, 1.7471897623358734, 1.751585429668809, 1.8003988939573548, 1.7112248438447466, 1.7481870292384896, 1.7204136911255652, 1.785967278093211, 1.7495871005518338, 1.6919598468142718, 1.8167812451422714, 1.6921351673485574, 1.7376862296635542, 1.8036053535666279, 1.7344843742723393, 1.9046794107630014, 1.7459579031095729, 1.8326649914284696, 1.7509602206264354, 1.668282456501661, 1.7670962598969304, 1.668491438727419, 1.6968482701251697, 1.7571815149361123, 1.6591947588203715, 1.753012812600897, 1.7854673831028036, 1.6826566661492897, 1.9009342647765886, 1.8982200144678658, 1.6875283092950368, 1.9185645535923685, 1.8941967804875488, 1.6580987921456964, 1.8765716492546076, 1.9103080615132038, 1.7349803843882725, 2.1347469329350535, 1.9511790889088625, 1.7315396845186461, 2.242259142825038, 1.9454309644002772, 1.9807446386130065, 1.9385898917570878, 1.638398829490033, 1.8124831758131814, 1.6360299465559118, 1.6820193290161072, 1.7649444467843116, 1.6636956899762476, 1.876913277860298, 1.7981063308406784, 1.7986389600528314, 1.7876351941002142, 1.640250401532693, 1.780410438438826, 1.6357159419208542, 1.642026040331644, 1.7001458774042868, 1.6208446058352721, 1.6329592682576042, 1.6385370213019483, 1.644880560330524, 1.623566736716721, 1.623189109965559, 1.6432266208441428, 1.6128566254297938, 1.6145695201762071, 1.6397484807854708, 1.6257519653979153, 1.6775720628385005, 1.6997942019955423, 1.63407846095903, 1.6720645687823863, 1.6850277629980084, 1.6013911057569075, 1.6015299881184994, 1.6282077065466496, 1.6012881647020492, 1.6145399436098848, 1.708837590212404, 1.5899492655574894, 1.6109225604169097, 1.7342038020242136, 1.6698980712838662, 1.6364258970998464, 1.584643415912508, 1.584908838462473, 1.641265391638168, 1.5793082030947005, 1.5786745056686733, 1.6378397023463371, 1.6610375035982619, 1.7578335744501248, 1.6652223136259423, 1.688650877278669, 1.5919834740141139, 1.6636677397553967, 1.966779553583332, 1.7812012864461564, 1.7614572735266314, 1.5934529539357891, 1.567154040291414, 1.7270533597523714, 1.7128688621587145, 1.7899006444489047, 1.6019358745010512, 1.7703864258645423, 2.213538761544769, 1.8327833623631664, 1.8186968833113968, 1.9279546692548102, 1.5838060440465378, 1.573144333809458, 1.8227492645484544, 1.7196304195846155, 1.5984772382325374, 1.564290474238426, 1.702803505826042, 1.578273403025711, 1.5566855485193771, 1.5734264412523096, 1.5533423169776541, 1.5643709648242579, 1.7137551185816926, 1.5482188733569173, 1.550126202495094, 1.6898628103239266, 1.5546162594331647, 1.5515369666103884, 1.7239590880498314, 1.5496773327627311, 1.5679802276240802, 1.9606130542709346, 2.45832171274398, 3.2626877753577146, 1.911524312671827, 1.5419548408016028, 1.78553167233198, 1.6667648720471435, 1.9572832384601726, 2.414087653309513, 2.0402099406181007, 4.006262535657176, 1.5442207907819294, 3.2621562352487157, 2.0189115655553853, 1.6069675577467515, 2.4717181444120326, 2.346254009971707, 1.6303387370569518, 1.8109172869376529, 2.326548980794188, 1.6847693993996655, 2.7143496135121308, 1.6972337776005675, 2.294376027785302, 1.6462103049122314, 1.830175205374012, 2.2008007214812295, 3.0296453034754447, 2.518470946769866, 1.796398934527617, 2.9282397402829488, 1.7763890761895667, 3.045055827107717, 1.6500857494457402, 2.8663628781312678, 3.3347910398987253, 2.2867596058690016, 2.910903660415913, 2.3373014124963003, 4.970285177377309, 2.21588718719523, 2.2877547643552933, 2.220820885671385, 2.1551947748334555, 3.9339430708228234, 2.1289298189802066, 1.8270082466079742, 2.0043502108550455, 1.8417859518633852, 2.1175904914505477, 1.9502948530002155, 1.8204566412897565, 1.8629068506857853, 1.8011872459081528, 1.9472650461853382, 1.639013496974069, 1.9271738001962135, 1.6572629496567535, 2.185366117419801, 2.394438933669498, 1.8467674732541914, 1.614707499522437, 1.834866120438811, 1.6517745056939688, 1.9924432608101244, 2.0482316483519982, 1.7099594455902796, 1.6850412000803916, 1.6439586620253104, 1.7347021289611397, 1.673146817608063, 1.6021723011104185, 1.6366514386894346, 1.6584777174830385, 1.6932439779326929, 1.6195666179395707, 1.633784489285737, 1.655419745381996, 1.6719536613849661, 1.5745425877166581, 1.6517310871622064, 1.617434443305428, 1.7386476866247171, 1.5808090411744748, 1.7264429944940647, 1.6187093085587276, 1.805658668438266, 1.6082631259401525, 1.6399428088434773, 1.6890351939375572, 1.6980132090145041, 1.687448016476422, 1.5673977707693625, 1.7517756234881536, 1.7703818435102479, 1.5634449885876969, 1.789797508829996, 1.6473025467084879, 1.7026146788601422, 1.5573422730637707, 1.693652576801386, 1.629654193432159, 1.636643667449321, 1.5856135909974596, 1.564136303631998, 1.6708238136021956, 1.6615537220317627, 1.6731068835618372, 1.5459321603065233, 1.6404720521760374, 1.5898212009817427, 1.5921580784889122, 1.5433914558621007, 1.6632290971641388, 1.5891700132598663, 1.6080281037054993, 1.5556431681013847, 1.5866333496287823, 1.5443783575396537, 1.536964118108231, 1.5357054980795994, 1.5392344115820378, 1.5736500563236726, 1.6222155946078063, 1.5307877636147618, 1.6068143667561599, 1.6213106708069533, 1.7201211233765228, 1.5553033560303253, 1.5869823170419537, 1.5491736361205661, 1.5631174648099928, 1.526408525272682, 1.523495179578007, 1.5219579510799959, 1.5229857689581083, 1.5651983407107908, 1.5191883899393899, 1.5283250419939878, 1.5300872178414608, 1.5246951509769529, 1.5405240840184506, 1.5344017603168096, 1.5216296093734727, 1.51496174065434, 1.523934769476329, 1.5184533881098268, 1.5117964022923622, 1.5839472485433639, 1.5067022285641998, 1.5609730902453125, 1.6408990430854649, 1.9403283910307707, 1.5397834660764418, 1.9981208010850338, 2.5374777361188796, 2.019575847243654, 1.9314051958097052, 1.684514279657209, 2.3841266740669806, 1.5162341524951573, 2.1714268074375065, 3.5411025329551453, 1.5463563025533786, 2.80003728517952, 3.527885226198495, 1.6077132566134955, 3.3588694947401745, 1.5814345142153696, 2.516163812932527, 1.6170707689890582, 1.734139873399684, 1.5554445983147007, 1.6887408262218846, 1.5424087669944522, 1.5489373660269679, 1.5698029726859444, 1.5800582204183373, 1.5494881668846794, 1.5669538776210878, 1.686558739125177, 1.542754788620575, 1.6174297628061935, 1.6458956134420624, 2.2010832796518685, 1.8316256234740806, 1.6270299992698816, 2.054354455025549, 2.71476855066162, 2.232643204629772, 1.897184427627443, 2.6112600520097184, 1.7637249945966547, 2.5679507918999787, 1.5245271466264676, 2.1727357761904815, 2.242865286142006, 2.0197799323188335, 1.8056421747266413, 2.119609155782477, 1.7639498068524302, 1.5325948094575779, 1.729262892261273, 1.5626357185864448, 1.7172950178806852, 1.5367442016996051, 1.5712664352450303, 1.5513262134801502, 1.7967474857513217, 1.5429355917709031, 1.770239527603634, 1.5438651094647575, 2.0407078138819723, 1.5263100781099765, 2.0669362654061008, 1.5427726573135758, 1.8972373489323011, 1.5263634705099376, 1.7035824594640234, 1.5350315055429091, 1.6711846031245088, 1.5721767974906862, 1.5861653678911294, 1.5302167516438643, 1.5783169629191278, 1.827499251948003, 1.5383006715491996, 1.8008874496931648, 1.622662377260746, 1.8913863627304282, 1.6468070792468466, 1.514285181132579, 1.5205502640771826, 1.5105818227404455, 1.5205627965665007, 1.509178771694669, 1.5288836710922729, 1.5056160731557826, 1.5181519469633933, 1.5066593891973397, 1.620972558616752, 1.5028700208271302, 1.5109540339091738, 1.500935378862507, 1.5896427813361598, 1.5097099102533973, 1.577351213172293, 1.501956969589809, 1.5570502256587972, 1.6598475208935748, 1.5078208334552947, 1.5370338030783974, 1.560395044602393, 1.8999519248255787, 1.7548246832194083, 1.6997852322386422, 1.7877397935895807, 1.9908604637480756, 1.675295073333603, 1.8889671783517934, 1.730457600380673, 2.536445765660549, 3.6955935662932275, 4.836821577451516, 5.620992270265841, 6.051967581214041, 6.326472327018101, 6.546335197402623, 6.750560426986152, 6.935089153532785, 7.070331735302031, 7.007790524452364, 6.782057370277962, 6.458986696470344, 6.086381726390011, 5.553479951267128, 4.630438998183913, 3.5235072837023114, 2.74347294683517, 2.2962133169837395, 2.103447436310535, 2.074462689397456, 2.087798082361148, 2.0847615692396917, 2.083916333461567, 2.0546191755679497, 2.0005839722226124, 1.9887297060925193, 1.9571773303317008, 1.9799790761545197, 1.982462043296733, 1.949635101451963, 1.9276112873149573, 1.950544693991874, 2.049308257049043, 2.344704923224798, 2.671831043112577, 2.872140154027352, 2.751819052228802, 2.3498173695816438, 1.9944836749811587, 1.8283779816828665, 12.919813254142191, 7.418849613905655, 4.250035845317259, 4.176226485147401, 2.839544759878877, 6.389079858977138, 4.100087174085011, 2.7622953177676166, 1.5381196338945282, 2.0335784358735873, 1.9519482184926693, 6.953807536540566, 5.545288168001689, 12.271624022064323, 12.6472148009506, 21.191055808924556, 24.362802052453393, 25.186320905007207, 24.3257664208572, 21.235713491502985, 12.117165787578791, 134.5630572743348, 76.71885523493653, 18.31289808203997, 24.952207697244873, 27.57193212153678, 28.937111750552823, 29.69833639023425, 30.116566298769758, 30.34063044211365, 30.44081163974181, 30.48523326175928, 30.49989864988106, 30.498029982414323, 30.474070662817223, 30.429719703823572, 30.352900585167813, 30.248396363136557, 30.100756323608266, 29.921564508539436, 29.689187368284458, 29.432601502624856, 29.158429955542047, 28.85102512472722, 28.540557102731114, 28.224102533300933, 27.899938379307482, 27.5666084311336, 27.25244008546131, 26.943873949047077, 26.64687297384916, 26.361456761752606, 26.085896439297787, 25.82032501340697, 25.56212123065842, 25.307102135635205, 25.04626597880318, 24.769572606768204, 24.468166879871827, 24.11948401983341, 23.681043405596707, 23.080950648198517, 22.266381038484536, 21.244271606686333, 20.13670173035307, 19.315630645871092, 18.855526447381465, 20.28011413038579, 21.80576943703189, 22.930104757511398, 23.770162581914978, 24.261120185820936, 24.501188227847084, 24.59147195434407, 24.403179400113455, 23.946436397815965, 23.489734577382766, 22.315091468628697, 20.824884077406747, 19.63678750345623, 19.560961925959962, 20.762957384770377, 22.28870664794422, 23.95025517912762, 24.726424787771677, 24.886658837484802, 24.477498354964847, 24.92812278987533, 25.183830787806457, 26.077611657845818, 26.209480440544652, 25.6719728534984, 24.20803372248598, 20.09185036522042, 13.083248792216638, 20.793512850398518, 27.27953307435407, 28.38493821505566, 28.585415135661968, 27.862383636609987, 19.26441085745968, 786.6506204456495, 965.5754978617348, 1052.381774352069, 1078.3595922296538, 1061.5384723359766, 1014.0829198831487, 945.639183326033, 864.270378908538, 776.9617938815077, 689.1012477684163, 604.5479133263999, 526.0439151447671, 455.4028435329612, 393.5834662988813, 340.89229420853246, 297.06471241694913, 261.5460799152715, 233.33644121681812, 211.36013032828896, 194.69510936313645, 182.60345194802986, 174.1477891981598, 168.33908794666553, 164.33519860853247, 161.53426887585158, 159.57208259265752, 158.12299593630732, 156.9706658097929, 155.96237314546707, 154.9816364681825, 153.94833130063606, 152.81056942712442, 151.53274874273228, 150.08977868354796, 148.46328683800775, 146.6380228325578, 144.6025737754575, 142.3476531290904, 139.86693323709372, 137.15645435016012, 134.21244927787816, 131.02800133548055, 127.5938149211407, 123.89836281587147, 119.93083606329637, 115.68238148087735, 111.14290207430525, 106.30495692382738, 101.16531134775687, 95.72956118870962, 90.02282826783134, 84.10268605455502, 78.07251647017227, 72.10331467251875, 66.38021744557577, 61.025732996212305, 56.094633748809365, 51.60099177994325, 47.53873298026967, 43.89306082096671, 40.64534605489785, 37.77496093717212, 35.26004445850967, 33.07664245315742, 31.199565128291557, 29.601700335406793, 28.255177230364612, 27.131879411610985, 26.203315218508184, 25.441520413489275, 24.818828253868364, 24.30826997522149, 23.88346356823193, 23.51928714024496, 23.192556830161394, 22.882874615793035, 22.57396081868954, 22.25421017753307, 21.916460009659758, 21.557729752542397, 21.17811187103131, 20.779879925234415, 20.3662874789627, 19.940921739908955, 19.506875759648963, 19.066274911132837, 18.61991937558776, 18.167039045884493, 17.70512206485656, 17.229807765280434, 16.734979819164238, 16.21331090629493, 15.65817702574049, 15.068214401483424, 14.453855556114178, 13.840495860646799, 13.264742433624342, 12.766146851726244, 12.374960360089602, 12.105227552520256, 11.951803142340498, 11.885762165702692, 11.853530820531164, 11.787772993190544, 11.63134430186819, 11.358630535524467, 10.980723183642828, 10.533212372780929, 10.058679977261567, 9.592131799995311, 9.153999723106894, 8.750325267362703, 8.376978485373046, 8.02560092632764, 7.6881504697317835, 7.360463665891134, 7.044076238820205, 6.745241547738626, 6.473426108983241, 6.238527575951187, 6.049858682979891, 5.913582249146845, 5.830269347604491, 5.793888866192051, 5.79237219026577, 5.810976269344402, 5.838796112915605, 5.865653471053952, 5.884024185839928, 5.888339256222247, 5.8717669630562455, 5.837649795169177, 5.786124620467288, 5.7153618214420305, 5.632531497547699, 5.542081876140481, 5.443761816678627, 5.345209454635361, 5.249724057000074, 5.161223506687284, 5.083561682615312, 5.0168341281578925, 4.959666275689594, 4.9101561360323105, 4.865343564275559, 4.823254470747863, 4.781905348514882, 4.740748015175433, 4.699184498446922, 4.657798781270016, 4.617565668905527, 4.579091894342952, 4.543035413609767, 4.5093026802103555, 4.47745695423664, 4.4468249344639155, 4.417052825337474, 4.387071549039008, 4.356207295611656, 4.324585244132581, 4.291630246082587, 4.257517081911777, 4.223185112560144, 4.1890855854077875, 4.154976809510855, 4.12139933199696, 4.088782381082693, 4.057438652517275, 4.027453218677395, 3.998737794815959, 3.970999928870879, 3.944047558518793, 3.917657306476372, 3.8916969487171893, 3.8660703394776514, 3.8407996413351713, 3.815922670873807, 3.7915116289208584, 3.767497262504935, 3.7439107313164257, 3.720730755093965, 3.6978617529679947, 3.675299265265532, 3.65289667553337, 3.630663512317833, 3.6086815032307427, 3.5869817403198296, 3.565530770480494, 3.5443940819033943, 3.5236162181353237, 3.503276715758804, 3.4833829501805456, 3.4639227414547507, 3.444814005301852, 3.426073802344251, 3.4076397766674646, 3.3895174635400465, 3.3716780179028416, 3.3541606677293654, 3.33694589272099, 3.320021700736119, 3.3034077284456727, 3.2870843941020085, 3.271055507887931, 3.255248147147813, 3.2396549498402223, 3.2242343453003652, 3.2089624498884746, 3.193931765022087, 3.1791428848180434, 3.164572938790397, 3.1502342747937417, 3.1361519507308717, 3.122351262453021, 3.1087676265284245, 3.0954153738784824, 3.082284686070818, 3.0693719798022983, 3.0566553424175216, 3.0441649827819037, 3.0318821156141875, 3.0197894151801346, 3.0078752381981313, 2.996170664475555, 2.9846074161458915, 2.9732466339764185, 2.9620712473886233, 2.9510590966009334, 2.9402015509099644, 2.929514311808941, 2.9189967501451943, 2.9086500963012645, 2.898474032310661, 2.8884507328750515, 2.8786093463213933, 2.8689123986121348, 2.859379096651705, 2.849991267935984, 2.8407756589566286, 2.831705278351738, 2.822756384748057, 2.813950980413292, 2.8052825813418356, 2.7967433528740426, 2.7883230801084427, 2.78000505281962, 2.7718446726641055, 2.7637755640654302, 2.7558520874861037, 2.7480540840551426, 2.7403789517066497, 2.7328245683625743, 2.7253881005707004, 2.718065241559063, 2.710850583469595, 2.7037410519242306, 2.696736799404832, 2.689822339092665, 2.6830170516811034, 2.676317146639194, 2.669720778928121, 2.6632280312174186, 2.6568269743276076, 2.650500602453263, 2.644279164074578, 2.6381517371199963, 2.632104845722675, 2.6261824117105763, 2.6203011689229965, 2.6144940138089905, 2.6087855517475314, 2.6031668217254285, 2.597618376089336, 2.592148039439797, 2.586749731957966, 2.5814454323076435, 2.576213021648994, 2.571059779002903, 2.5659800991996637, 2.5609727684910624, 2.5560244408123527, 2.5511472538693307, 2.54629419185987, 2.5415398948226002, 2.5368028937997162, 2.5321831371336994, 2.5275968221375247, 2.5230847216400307, 2.5186691350664443, 2.5142816816491558, 2.509929359695563, 2.505686984447489, 2.501461153113325, 2.4972935513569854, 2.49315318172326, 2.4891113565912257, 2.485098452925905, 2.481149972370748, 2.4772343458438715, 2.4733685082194636, 2.469552128864251, 2.465787035736145, 2.462068757611934, 2.458400679309984, 2.454773902812455, 2.4511844366044837, 2.4476369218575935, 2.4441247943443805, 2.44064804653508, 2.4372086235046853, 2.433809475747938, 2.4304433324657473, 2.427115271101007, 2.4238286113560683, 2.420583594788795, 2.417379016413897, 2.414212206579471, 2.411081265086083, 2.4079910146825654, 2.4049381907498315, 2.4018973100299257, 2.3989026058904823, 2.3959352835064114, 2.392999973640627, 2.3900628294303927, 2.3871676972054483, 2.384306595184595, 2.381473277465862, 2.3786697688500427, 2.375891048210786, 2.373146982965059, 2.3704365382476977, 2.3677607356129253, 2.3651187348310674, 2.362505788804388, 2.359913969074626, 2.3573349761428073, 2.3547635039470207, 2.3522001513714406, 2.349649551430027, 2.3471179501545816, 2.3446105693024837, 2.342130087456299, 2.3396771904928158, 2.337251003218976, 2.3348505963003485, 2.3324749108306997, 2.330122349899254, 2.3277903167625613, 2.32547532937748, 2.3231738148703274, 2.320883266134273, 2.3186029770779144, 2.316334057730501, 2.3140787327832553, 2.3118393743597774, 2.309617765222187, 2.30741293884165, 2.305219117470355, 2.3030370857909293, 2.3008783739620378, 2.2987410495903515, 2.2966227846688874, 2.2945161576656243, 2.292417691714643, 2.290327476642051, 2.28824703435522, 2.2861783359742502, 2.2841229667589555, 2.282081374081999, 2.2800546700043007, 2.2780472390675146, 2.2760523929234977, 2.2740782467858365, 2.272122943515194, 2.270171394074305, 2.2682267928483046, 2.266285713150363, 2.264345740331603, 2.2623826273445826, 2.260432928817351, 2.258487858161328, 2.256566001670951, 2.254663326948792, 2.2527769720894577, 2.2509070309424764, 2.24905400404552, 2.247215184977544, 2.245383527130333, 2.2435488582424687, 2.241707904734622, 2.239860485484689, 2.2380019547050534, 2.2361519445906897, 2.2343110209139763, 2.232482284102058, 2.230682479484692, 2.228852759192495, 2.2270029916424683, 8.238056848541218, 3.1618899778379173, 3.066399341407156, 2.728592068153124, 3.1016315019802048, 2.1378864588272988, 2.801982287480602, 2.7298305445072732, 2.186548508554383, 2.667734487206396, 2.621939614916663, 2.1749666824837943, 2.449797157235724, 2.4883179587588766, 2.161476809037087, 2.376951359248502, 2.423832169338815, 2.139846725415215, 2.2594445642321097, 2.2876376809278103, 2.0707689643915126, 2.233498773668767, 2.1881737809266473, 2.0395925354550304, 2.177479726549909, 2.0435878627612, 2.057686088976295, 2.115213664325647, 1.965722363781701, 2.0605859863923723, 1.9660194047039417, 2.0169955218382585, 1.9991071245708993, 1.9380426139945819, 1.9689033236128533, 1.9120838220616625, 1.9402806656691538, 1.8840836461009454, 1.8997514038848193, 1.8688236029193348, 1.879275266632026, 1.8520109693430635, 1.841379694535609, 1.8445602251784032, 1.8208935101048505, 1.8115063387441774, 1.801458209199739, 1.7956563428516956, 1.792200060996972, 1.7769173764982655, 1.7715151828675724, 1.7604199749081026, 1.755233542670203, 1.7428986670043662, 1.734240660928892, 1.7338165567697543, 1.745022014294299, 1.7493958062798318, 1.7191730691256224, 1.7165711728488895, 1.7436574467608288, 1.6866171540822252, 1.6979401977774098, 1.7148281897689073, 1.759857425578935, 2.129818603948442, 2.9388474635038975, 1.7254713075341146, 3.495332295592594, 5.865933216123926, 7.280512468787722, 8.348581126313348, 9.325349418933312, 10.291779189144224, 11.180755282223911, 11.982729722241231, 12.65759562531228, 13.144534023498728, 13.471351882764667, 13.645704461901015, 13.172128592865024, 12.226562583688972, 10.937481866459729, 9.326358076754719, 7.6811740101193156, 6.154885752218851, 4.132387986057873, 2.6033495313965975, 2.9314507824582687, 4.023843290417921, 4.246637302916317, 3.434183457320556, 2.4503454858121914, 3.0125443542856463, 4.596427681229537, 5.782380840518136, 6.023045624027816, 5.425668293608728, 4.125756810131216, 2.7276491299942056, 2.5829823249256423, 2.8090325515937207, 4.387703333060613, 6.061977268244781, 6.315900306818104, 5.233866456942459, 2.7039334202692076, 2.3163659690193765, 3.2988426429437108, 5.863392007916528, 3.8718622808243874, 2.836754218139694, 15.762463544298372, 19.485739072593013, 28.146994430387384, 31.95110565571097, 33.70316525260323, 34.11076877272478, 32.471127144786756, 20.339979787117517, 367.5699715067901, 525.5633435247511, 590.2761518963752, 593.1130451161935, 557.9284841904682, 502.0502684550563, 437.9417749149057, 374.65648745126236, 317.7834660727049, 271.0381654410525, 235.93535005342437, 211.88719445774979, 197.01358506671133, 188.94196950742744, 185.23742239255023, 183.9770561091762, 183.9960983460734, 184.67545825572924, 185.64602369750338, 186.6823116651857, 187.6759497312406, 188.5519624055037, 189.25829034485005, 189.74883017662398, 190.0573304837534, 190.18426870200722, 190.05331436610587, 189.63861394230142, 188.94566034155216, 187.96675733264613, 186.72833320629715, 185.24078681057495, 183.5186150094572, 181.57939573463952, 179.43069102388276, 177.09631047852054, 174.5981535146011, 171.95528436404663, 169.16961807176932, 166.25114881951552, 163.21099547642694, 160.04973740644448, 156.7861678935995, 153.44208111091095, 150.03528759487597, 146.5827617622306, 143.09660859566915, 139.58807771731074, 136.0537778297203, 132.4833100990894, 128.8598303484457, 125.17292881498635, 121.41935819554891, 117.58742180968808, 113.70722283316799, 109.74276862976839, 105.50860714555095, 100.9260633215297, 95.9609312913149, 90.56627248814348, 84.69560061003881, 78.32189408945824, 71.49638500383232, 64.43564486292406, 57.51506051508452, 51.12474750114814, 45.53845229958835, 40.820795078169134, 36.85865459373192, 33.501392542520136, 30.641175388352494, 28.21664704947917, 26.186622925833614, 24.5081917659685, 23.12588781362493, 21.970186543724974, 20.961389165613454, 20.01567394866653, 19.05199231922745, 17.997074561758506, 16.796541143255784, 15.461180102769498, 14.178136824825076, 13.327966190192182, 13.093267080920505, 13.12905905771717, 12.911938310746915, 12.16771560242317, 11.006897341534845, 9.8557502140721, 9.179273287463717, 9.037247165544061, 8.929642972830447, 8.351884622449138, 7.457279948370877, 6.854142991727196, 6.724747477838995, 6.682278696463673, 6.36309425258321, 5.805735483207687, 5.328451254903453, 5.175486942652717, 5.21107247321758, 5.106815718645437, 4.837567753101254, 4.639756400190912, 4.606161291642869, 4.650100088782656, 4.676647748923035, 4.6548203107975645, 4.603103185021044, 4.556434729242781, 4.536469594373731, 4.538525316646685, 4.536588663037989, 4.504441494891382, 4.435614399774779, 4.3449626974549584, 4.25317821071808, 4.171840313608604, 4.100078476254407, 4.030328693438064, 3.955926856853459, 3.876152956432003, 3.7966405335737865, 3.725794582351736, 3.6698957907727636, 3.628043117929415, 3.593502882135843, 3.5587967431211456, 3.5216637130408928, 3.485283476923343, 3.453765184625324, 3.4279357811807087, 3.40476167326161, 3.3801513933083167, 3.351692042796012, 3.3200034595895995, 3.2874498769703338, 3.2562479131511597, 3.22685850584903, 3.1981643563687894, 3.1688423563122696, 3.138678747736, 3.1087584741778915, 3.080599166030233, 3.0549102488652653, 3.0316438212557513, 3.0099788561046235, 2.9892097223930665, 2.969111184689736, 2.9498973518878016, 2.931866435343535, 2.915087703778157, 2.8992680494641365, 2.883927937617278, 2.8686682235435788, 2.8533759227562814, 2.838197555238928, 2.823367176025694, 2.8090295662216693, 2.795176580108691, 2.7817097507563444, 2.7685485871870195, 2.7557138645870123, 2.7433112758967906, 2.731461810362237, 2.72022240995682, 2.709557909705218, 2.6993593310071287, 2.6895233659394964, 2.679992257702037, 2.670761051509656, 2.661839273865952, 2.653223781564725, 2.6448820604884244, 2.6367540841966393, 2.628805988917779, 2.6210175440391494, 2.613401916142483, 2.6059869719318325, 2.598792139518034, 2.591815555016849, 2.5850414846994765, 2.578454249117125, 2.572041654033739, 2.565802453103059, 2.5597389434654785, 2.5538482411204044, 2.5481183908314224, 2.542530681283763, 2.537067429863343, 2.531717503476274, 2.526476721255536, 2.521345227231446, 2.516325305953546, 2.511413258329472, 2.5066068528485417, 2.5019012326218513, 2.4972923747019062, 2.492783415826602, 2.488374758656222, 2.4840670335332, 2.479859819269721, 2.475745329843114, 2.471719595643256, 2.4677801483583943, 2.4639078104300656, 2.4601633899247357, 2.4564855963822265, 2.452875153743807, 2.4493436808065985, 2.4458841212248115, 2.4424855186718286, 2.4391713409518805, 2.435952555000438, 2.43275278674043, 2.4296586702912024, 2.426604569741893, 2.4236146278063027, 2.420678946768287, 2.4177973853659505, 2.4149683120686656, 2.412189831667757, 2.409459394906126, 2.406774576387145, 2.4041328827153077, 2.401531584098712, 2.398969609405371, 2.396444633108827, 2.3939548889047213, 2.391497773364365, 2.389071215717825, 2.3866741096835713, 2.384305298287856, 2.381962113665021, 2.3796433091223985, 2.3773475799063637, 2.375073113578635, 2.3728188479911263, 2.3705832121093278, 2.3683648760932825, 2.3661625684457106, 2.3639750343880848, 2.361801020661947, 2.359639309301906, 2.357488780395705, 2.3553484526822, 2.353217478100505, 2.351095091078499, 2.348980555264006, 2.3468731322244563, 2.344772086425929, 2.342676699252571, 2.3405862814747507, 2.3385001650579524, 2.336431861881114, 2.334339504460146, 2.3322779106561584, 2.3301935615338905, 2.3281051456217523, 2.326059815111083, 2.3239936759216424, 2.321926397002579, 2.3198596528277293, 2.3177859396274987, 2.3157009621817597, 2.313628407555227, 2.3115698552532193, 2.30952520777721, 2.307442691734673, 2.305366973317431, 2.3033266096365796, 2.301254930323544, 2.2991867819188476, 2.297119361430179, 2.2950541786859904, 2.2929627364584926, 2.290919830362336, 2.288850424785568, 2.286785561820053, 2.2847218874121897, 2.2826595557881664, 2.2805973945031304, 2.2785366055394998, 2.2764770817484203, 2.274420797506117, 2.272368231448985, 2.2703196588931562, 2.2682746427514093, 2.266233822870117, 2.2641975636929197, 2.262163940812455, 2.260141118576156, 2.2581218389740285, 2.256106920252872, 2.2540971713694122, 2.2520960006460724, 2.250101440706281, 2.248114527894398, 2.246135514589661, 2.2441643997667455, 2.2422004711828163, 2.240242606300843, 2.2382904554459424, 2.236348102407, 2.234414957868849, 2.232491569398849, 2.2305757408120956, 2.2286747394366846, 2.2267885960815366, 2.224910258175003, 2.2230396725641457, 2.221178967243841, 2.2193272662209726, 2.217485612744094, 2.215646874950479, 2.213809962811868, 2.2120032633493523, 2.2101942495261193, 2.20839361560802, 2.206582812094651, 2.2048360785760406, 2.203068351164681, 2.2013226021761287, 2.199552421818927, 2.197816456100659, 2.1960766470967106, 2.1943624510477786, 2.1926584344721345, 2.190963420991091, 2.1892770377440236, 2.187602625423465, 2.1859367294103795, 2.1842821890556703, 2.1826365376093815, 2.181001685137419, 2.1793752491134484, 2.17775548184926, 2.1761390931727185, 2.1745293221019923, 2.17293057901732, 2.171339746916052, 2.169757154181927, 2.1681865528638635, 2.1666247299594743, 2.1650712160795305, 2.1635260592264953, 2.161987461205637, 2.160456947493058, 2.1589339341223384, 2.157417885161546, 2.1559085504919504, 2.1544053404502383, 2.152909198672541, 2.151420636230028, 2.149938616156955, 2.1484620178921285, 2.1469921939691194, 2.1455297676233704, 2.1440751244922094, 2.1426261509262186, 2.141185637158335, 2.139753101362473, 2.1383269788056825, 2.1369018029221922, 2.135481517953222, 2.1340678093919725, 2.1326579350086536, 2.1312539059743467, 2.1298588920310935, 2.1284732122049013, 2.1270915874991876, 2.1257140025791, 2.1243445583486418, 2.1229787808692984, 2.1216124953277387, 2.1202456906034395, 2.118881223434133, 2.1175301806149647, 10.490446106673417, 6.76438130062254, 2.1034097351315157, 3.7165077104541053, 2.62575411227013, 2.893265936733142, 3.1387372641971454, 2.230651068756986, 2.872910535412471, 2.8407402493949743, 2.2753284046849727, 2.7603774109850807, 2.6195824236559986, 2.261713057743357, 2.599873081853666, 2.4988260990870175, 2.217595972531337, 2.4574297326047088, 2.3480825703451567, 2.162002532744973, 2.341300659973955, 2.2059307215534067, 2.1264236913298795, 2.258287658735472, 2.069141823135354, 2.1643419402811706, 2.133513627270207, 2.042994130015695, 2.140335275324936, 2.0214268107643942, 2.1070551602464787, 2.0396779870021464, 2.051247895221007, 2.0434801725345486, 2.031979707815208, 2.050871241647641, 2.0064134767561272, 2.034169046101542, 1.9981122465570857, 2.0233381578387366, 1.9867313626274943, 2.000392932667928, 1.9812637595266118, 1.9835204291580333, 1.9714810437690076, 1.9591721326474818, 1.968434262615439, 1.9426396226792215, 1.957713408931352, 1.928948255101748, 1.9453179246882082, 1.9214790808956261, 1.924189554726315, 1.919818844840762, 1.9089264305850628, 1.9151806110785194, 1.8974186361892007, 1.9010311248251532, 1.8915687740034806, 1.8833914354432066, 1.8865121655505497, 1.8757085708043275, 1.869498379123771, 1.8717093367725506, 1.862884806960073, 1.8554331760834837, 1.8535359412867243, 1.8476069839414235, 1.841966841755425, 1.8380091396570075, 1.8344281825370394, 1.8310592246907034, 1.8250442691615225, 1.8204705084384607, 1.8157939045518694, 1.8119196041363659, 1.8078257829332218, 1.8084677381254062, 1.8111240416219525, 1.830270894350985, 1.8274483953963943, 1.8506798098222104, 1.8781794280985558, 1.9874629559848187, 2.0568634753593518, 2.2704358708252728, 2.0408875517254166, 1.919156921011451, 1.772318911926709, 1.8081140569075893, 1.99728993773246, 2.0679450015564, 2.1422146911333226, 1.8040666472223876, 1.7915829552073779, 2.0275922205405252, 2.090472440762557, 2.055461654437743, 1.7949386806966203, 1.7766552799114825, 1.9606459478193725, 1.9866147564758498, 1.9503659874233676, 1.773618675296751, 1.7516818411321393, 1.8593981706485492, 1.8522986292694112, 1.8498908425646705, 1.7734787240506587, 1.7479423484293477, 1.7295066812899658, 1.7677682886007942, 1.88930289653405, 1.8931428530403667, 2.0000369934579574, 1.8918202937492972, 1.892825705513774, 1.7503634860682107, 1.7134984918841036, 1.712925885969129, 1.7359415625313537, 1.8264990594670885, 2.016829721899454, 2.5415673387260758, 2.1487407562747696, 1.9199044926875872, 1.7057809583831427, 1.8043943722735099, 2.106584519986436, 2.003080518105147, 1.868216522784438, 1.7070933429343074, 1.7501907632154734, 1.929472402686423, 1.8408259505370586, 1.742127503637684, 1.729649576073507, 1.8825337884237876, 2.0530969615533996, 1.7951252119484848, 1.6890878823410131, 1.7868227284086067, 1.7243248634210369, 1.7049322065115804, 1.7097635800415945, 1.8616256483672393, 2.1659230952355375, 1.9209996834098837, 1.7988067727350883, 1.6761208660815483, 1.679127083929007, 1.7653228040403468, 1.75000232185079, 1.780354740746293, 1.7260582999512928, 1.7166631884815104, 1.6749437262724427, 1.6775339280670643, 1.6623866170181203, 1.6943210877051023, 1.6745934592003424, 1.6915730335103218, 1.6568324185187733, 1.6539884102944171, 1.6455833415579242, 1.6814434759810586, 1.748094221464553, 2.04328482813299, 2.307279410482154, 2.8435480494045033, 1.8640287496423285, 1.6546929028923147, 2.055901318367418, 2.0616121179213653, 1.9990684905407254, 1.666969116335354, 1.7697417170830834, 1.9039228229028404, 1.6561851655200628, 1.684614947826153, 1.761881780349099, 1.6709921203877314, 1.655466953816358, 1.6449297025461356, 1.6482892499389452, 1.6850608226197037, 1.6281537815845262, 1.625552705078177, 1.6455293880635748, 1.6202334793226207, 1.618867560053892, 1.6349419778873149, 1.6916121350805222, 2.0102470678669566, 1.934414159728455, 2.3033330250643798, 1.7825631693136297, 1.6882173317797495, 1.608540008486244, 1.6156170543192894, 1.7119573431024038, 1.6099975733823675, 1.6175594551924322, 1.605039409524033, 1.6693754419059907, 1.607073584994392, 1.60784928453485, 1.7778100214641896, 2.066326512163571, 2.9732262298379326, 2.1978406011055416, 1.9811393126858243, 1.6285693415285278, 1.7979834029582071, 2.2429603247151952, 1.7565534145186943, 1.6218344714542483, 1.9225410538946497, 1.8541268605215804, 1.8704301654969961, 1.6072228026392585, 1.6366162256144563, 1.7541286194971242, 1.6050907206002627, 1.5911314946792467, 1.9179493808287595, 1.8585009232881453, 2.1728967991440875, 2.0785615013572896, 3.1171450317968423, 4.431516647443211, 4.596126772336859, 4.908849604656795, 2.3590563766555674, 1.870633007061445, 3.3677346490697384, 4.443989799542176, 4.617217315761695, 4.665832669339484, 1.6554347934018274, 4.853583395189765, 1.6960657655964553, 3.927916402008052, 4.76308031911233, 3.271731302420913, 6.161642592031856, 2.4190363807983064, 6.2986681131297155, 6.0343633325342925, 2.0153198121379314, 7.309505058875178, 2.3870402864470877, 5.856799500123362, 6.584717428876863, 4.696628777488645, 4.3239386371754875, 5.5618581002521905, 2.320415530031008, 4.524622458876104, 4.120490424454918, 2.202743695885653, 4.091360386197208, 2.0555811559477593, 3.481378224070764, 2.622925565721624, 2.6366261280419674, 2.359259101121111, 2.4470782766303656, 2.556836898230621, 1.8486991705681726, 2.382505480395875, 1.8591248622351015, 2.2011600150812742, 1.6921813191565525, 1.9260913873496974, 1.7303680900258385, 1.9969622796437714, 1.666842412283959, 1.8665775089695038, 1.749449999914008, 2.221035301257031, 1.6714913523175263, 2.064487812378026, 1.7963323636964126, 2.479193102441103, 1.8175609621893167, 2.1869042140212467, 1.6867900822699917, 2.310476584816719, 1.6711909189470449, 2.2606722428681034, 1.734269516806652, 2.293966133801674, 1.6689927749484859, 2.108249581449622, 1.7980235288698454, 2.2392495891728985, 1.6785070465802456, 2.081236111460545, 1.7959842339125467, 1.9727058125263774, 1.693496702438033, 1.8483110907128677, 1.768237865223381, 1.8512334053420163, 1.687688380261285, 1.7180959181203497, 1.7645125496848293, 1.8442696273865848, 1.6558947613614137, 1.7412578272149182, 1.7180613671809992, 1.8421735059927622, 1.6810996877096527, 1.67380114911785, 1.7625543115642295, 1.8098279865228089, 1.6364288966298495, 1.711566208053348, 1.7479693168095851, 2.1681836761444564, 1.6847521638304956, 1.9303468201255995, 1.696168747908515, 2.0584366027421868, 1.7981602128337648, 1.6221168521435978, 1.6629830731679163, 1.7511622131194222, 2.0539705506608517, 1.7745172435979735, 1.6147030325512979, 1.9036365952141552, 1.603428517765125, 1.7226824683271076, 1.8895835573195816, 2.419537073264872, 2.001320651709978, 1.617439132422717, 2.117749445735232, 1.8388439281291993, 2.3246665374325532, 2.682944218081585, 1.8630365187189477, 3.507234501768234, 3.747757946225053, 4.608412671747115, 2.7109451061466934, 1.6441001067677712, 3.1133755630327458, 1.6861085054948788, 2.597297199059837, 4.81139348259504, 2.6558320430558853, 10.96942598249844, 3.357158075983001, 5.112788509527039, 2.349787923817976, 3.505916774596129, 3.2681085314920666, 3.057644710727, 3.2903188240895402, 2.167637900396248, 3.158441622826451, 2.2333793477333215, 3.0852755337196958, 2.0319356298810303, 2.961432421966725, 2.4454652972874125, 2.2779135909625903, 2.0699765925080267, 2.2611110111744317, 2.0128151310008513, 2.1420567847333563, 1.72270860531611, 2.1486812766375687, 2.3906916871811648, 2.03408563048719, 1.7571788328031657, 2.2827499924564862, 2.0667688361366277, 1.6318724978604962, 1.9519542347079337, 1.8018655207664396, 2.771204448582812, 1.6686675912467044, 2.3856261737187805, 2.310618411362994, 2.5101009122383093, 2.1549488860183703, 1.6379069218126538, 2.238284238384175, 1.756382709719474, 1.772766733218147, 1.6301608836314265, 2.000374906481507, 2.0605087378775084, 1.814782738482014, 1.6615154570992245, 1.9728696460043125, 1.8727040621267363, 1.881946812457497, 1.634139007512176, 1.7707781065485, 1.739882758818415, 1.6145693222665856, 1.6504472941381776, 1.7037690952921265, 2.0324736153380765, 1.6293365654078338, 1.7165661660502571, 2.0425870241149315, 1.6433266172061236, 1.6879694764442228, 1.7993634648063868, 2.003213846055158, 2.0310290498924455, 2.2897649187469824, 1.707274378071081, 1.7561123312212674, 2.0161110392805126, 1.6482346419717466, 1.6007048965126378, 1.640401625807015, 1.652813201240695, 1.6428127656139666, 1.6457072512447863, 1.634930931012146, 1.646493847352651, 1.6521511187628959, 1.7489987105495912, 2.7639422852352684, 3.5224472027654077, 6.720922653099467, 6.026096965263194, 5.14698777538561, 5.452931759010919, 7.326989268207556, 5.54213256116705, 52.94571330426531, 12.261640668511866, 18.74739913550702, 19.828157199067604, 17.85613361737754, 10.547022913669043, 78.57532992882514, 77.2372332613551, 41.714712522341095, 10.630816241712198, 15.83598014253653, 18.135074447880232, 18.34084502871667, 17.449356851329465, 16.568341658768755, 16.133499293056378, 15.918097507939708, 15.440800472908755, 14.396155778085697, 13.04460256576944, 12.001255952112716, 11.462161079598134, 11.201284685268236, 10.882669595252978, 10.314804447298474, 9.835632910796724, 9.765456198848835, 9.634177930395516, 9.257887540024324, 8.864017325737139, 8.596961248123648, 8.251157135839657, 7.556756349652755, 6.635769357065437, 5.887645546744864, 5.431505577297419, 5.163780241675461, 4.9913291576849455, 4.865585058246153, 4.711812920990774, 4.463689797292404, 4.099639639989396, 3.652185949021075, 3.2500511100797627, 3.1093116825109735, 3.199391127186928, 3.168219524880493, 2.9117269803296577, 2.7144108901798414, 2.668466162675195, 2.5863107158938075, 2.4172209996308913, 2.320565130886224, 2.3793092398826383, 2.4051574920828718, 2.294488579568191, 2.209385627984192, 2.21289741877484, 2.1799964556673648, 2.1131586039626513, 2.1473593089945955, 16.123928781864674, 6.437862434776711, 8.369685010741623, 8.161643655524523, 2.5587516452762524, 4.746050256831982, 6.495797810112443, 6.036019126202126, 4.201165793931923, 2.8336550555048707, 4.369141251757801, 4.857195930660762, 3.6774228105420845, 2.4992120074856334, 3.524636608438073, 4.220638389632448, 3.728189589876024, 2.697470382465797, 2.8370849576320967, 3.50499399747397, 3.2210497000129052, 2.588008261289529, 2.7649613050496966, 3.178162472759897, 3.06710782327737, 2.5490211873684174, 2.451921036825374, 2.827450208908392, 2.7023714787858055, 2.3272795607953114, 2.4969233576108225, 2.6789242926795023, 2.419766078418409, 2.227603115711506, 2.4335890356136267, 2.3885847104381956, 2.183728502379298, 2.3018895425042856, 2.341321103124265, 2.1562238456722778, 2.187546432473187, 2.2567260804715423, 2.113836976305682, 2.1607785808937177, 2.224318207715771, 2.09998662875998, 2.1281591703970366, 2.1538083628247455, 2.0577540549691964, 2.126351892874391, 2.1019717944057805, 2.050932353597373, 2.1043314321216715, 2.0412287127982935, 2.062978085815186, 2.06821189077544, 2.014256178647534, 2.0435968524798587, 2.0147556545689893, 2.013953362971186, 2.018354787476223, 1.9838979418956315, 1.9998110025086187, 1.9725407774418888, 1.985605014071701, 1.970798432286903, 1.9590043966236843, 1.9580047318336975, 1.944177987251094, 1.9544787635521865, 1.930471556473574, 1.933448479601084, 1.9191542515803564, 1.9275861958093345, 1.9129428469232934, 1.9054724769963962, 1.898600788231505, 1.8984968513071083, 1.8950977758735545, 1.8817832918522, 1.8772414852237915, 1.8793652707412334, 1.8739616330834585, 1.8624549828175454, 1.8585295929282497, 1.8595587296632994, 1.8564453372294076, 1.8423627449462574, 1.839647318990586, 1.8391110881931851, 1.8284740911464226, 1.8233473637983104, 1.8229712439366166, 1.819687460650308, 1.8100806536193608, 1.8058067416377062, 1.8068518772656212, 1.8031826972475622, 1.8475154304225563, 1.788441831922222, 1.793515444874935, 1.8064619725196438, 1.8025479794397368, 1.7740271091509618, 1.7900087456553953, 1.7804491369321909, 1.762636464898989, 1.7590877458510548, 1.9235033202091314, 1.7932833754332136, 1.840794068210125, 1.7730278920669613, 1.8764030427818732, 1.749514240170103, 1.779311502149408, 1.7866328616826477, 2.05475931715696, 1.7602143146239426, 1.7686392272125366, 2.0066038436996405, 2.1445583468937817, 1.8301490497944732, 1.802307875975101, 1.761575452050738, 1.749791104999033, 1.703102469836024, 1.7446621835007412, 2.0105133575641596, 2.1590623071891843, 1.9434011882074587, 3.3891209263974984, 1.7185083813260333, 3.058721453932393, 3.542694722763359, 4.220587647329898, 1.7294171215943037, 3.0808416436241415, 3.436315903898453, 6.258393389801446, 6.508512278408796, 3.3585939436112557, 5.713078823673417, 2.014760431092309, 4.104936703304884, 1.7187571316677444, 2.408847321488976, 4.979627645346502, 3.6097563118319225, 6.336950089696333, 1.8391698774752592, 5.612316971818284, 2.017613417737849, 8.285581882059386, 2.9928399301887016, 4.8256155475258975, 3.8530454621259507, 5.572700898945855, 2.115891056055371, 5.9452636701108705, 5.663462290201291, 3.4796470005086815, 2.281077320873364, 5.19519302278249, 5.488633916424044, 3.2754315004875068, 1.8393658741571628, 3.6008109682963934, 1.8080056622919094, 2.766387071430217, 5.233230514946258, 6.656676462014302, 1.7532685173647238, 10.216331535999412, 4.819729621214333, 6.4363608403342445, 1.7687711063928773, 8.752940661123775, 5.026392934191954, 5.930761760443758, 1.8365322663360744, 6.946094148595748, 4.565788649976027, 5.4954065703765425, 1.8335062646930758, 6.044319435878719, 2.508146652155293, 3.7345735648820653, 1.8791183454951863, 3.7732560572796428, 2.7079339996639873, 3.1729455819766987, 1.96730738307033, 2.873199029897494, 2.577382998677554, 3.1106736408128266, 1.822441669505087, 2.9783158971817496, 1.9604125733293514, 2.838992931388589, 1.796558378255194, 2.0794379781682935, 1.7728938949940642, 2.517404100828003, 1.9649663117227716, 1.9945727308235903, 1.7469630885331866, 2.069304640145235, 2.008343681886343, 1.7212500404221083, 1.809162480574715, 1.7160627153184074, 1.9299044019776153, 1.9646354023521335, 1.781102320962936, 1.7037394837870339, 1.701445229120793, 1.7670563665901362, 1.7932906325129316, 1.6958033394630851, 1.695328456877339, 1.7295091042740103, 1.7693469739680021, 1.7429409983231203, 1.702299497043686, 1.6861778886278218, 1.7017498344779682, 1.734083834474395, 1.7018224993418238, 1.6849935449688416, 1.6997494006612868, 1.7246241144393968, 1.850866483563651, 1.6861092379881186, 1.6935959520810095, 1.7635529146605828, 1.8845672805735953, 1.8179601713417257, 1.710901329269934, 1.6829027430355763, 1.6928880054481952, 1.786738794032091, 1.969151537736999, 1.785215160804748, 1.670475226900487, 1.6951840618874072, 1.6662398848984368, 1.6846712797257088, 1.9266682262978636, 1.8903172676260924, 1.6747457234781478, 1.6921635255675194, 1.7761609647806251, 2.1125155189574842, 1.6618085803782991, 1.7774755390440757, 2.013345009583494, 2.396670656540193, 1.7996000658645528, 1.7479024137428056, 1.7823075004002098, 2.2525057235078125, 1.9123750874924534, 1.6988494166595645, 2.6510060990812176, 1.8863250820043773, 1.670710814172149, 2.413800564664346, 2.0017772063247645, 2.7336647877271307, 2.817378494711661, 4.149057474225711, 2.0634286136719253, 4.121049844575546, 3.560117250055686, 4.730517116215507, 1.8180841767746303, 5.105377974461311, 3.9337141840560914, 5.068652550715262, 1.7425490705136488, 6.396731356844174, 5.788194372394036, 8.6964628294568, 7.647662578514169, 1.9331821707614039, 23.84997171150658, 10.011449107281049, 16.29625789359331, 19.510167820966483, 20.56153063959811, 19.880542885757073, 17.24657461829617, 10.601773264373804, 35.78900589310858, 46.45303409564928, 42.75000857596767, 31.7847216641583, 5.9998442758849615, 9.7246431884255, 11.402951811822835, 11.07042264341722, 9.595952857973437, 7.5371788688306935, 5.74029378756415, 6.396974262623434, 7.5569191673584895, 5.227738240952464, 5.45912211696545, 6.910632899133433, 6.0203059942436115, 4.406966661476188, 4.943438405078582, 4.953881633248902, 3.7550762413641805, 3.469026431789804, 3.8911591354857906, 3.9779997822713695, 3.553315169945661, 2.89849281524988, 2.766771868902134, 3.023086885413834, 2.675502856618628, 2.222156601194133, 2.410145527997601, 2.580729231400146, 2.3266284912497768, 2.0858390864206062, 2.24909259472671, 2.175369221573917, 1.9505828007779138, 2.0788484674207233, 2.204676111266757, 2.0418875174449913, 1.9884054465397332, 2.1315500207071794, 2.0269608360931417, 1.9612607027425133, 2.086263932755131, 2.0475613608649343, 1.9531731940373682, 2.0011336841474003, 1.9999093217753618, 1.9533222554613927, 1.9849761316507653, 1.9709154072627002, 1.9255758638015394, 1.9385743959129684, 1.9360771950318492, 1.9150573661085686, 1.9285665504167708, 1.9245224821753941, 1.905240769389677, 1.891956032788792, 1.8911889521677288, 1.8837222940447724, 1.8899730878607437, 1.897069771502828, 1.8832006689989897, 1.875290455504295, 1.8723267141853035, 1.8665921739440854, 1.8672542887355794, 1.8687236853118727, 1.863784669096316, 1.8607820529173693, 1.8586646976791483, 1.8567539634940713, 1.855065344373572, 1.8538302400451259, 1.8557042893024607, 1.862678558834589, 1.8628177046386727, 1.849175829882975, 1.8509652632812161, 1.8487235706972016, 1.842062200307506, 1.857979631813784, 1.8618047023765556, 1.8475358735667806, 1.8362525843130713, 1.8324191859720245, 1.8322223675082796, 1.8336090557029097, 1.8375970626332956, 1.8320266485464969, 1.8239588077527278, 1.8229780986443642, 1.8204732476637338, 1.8334887067825116, 1.836917889678498, 1.8205606682741462, 1.8146516059423912, 1.8171804043722894, 1.8104555816987307, 1.818473446904725, 1.8160160859786054, 1.8054673027769923, 1.8067049909788857, 1.803359245167278, 1.8020027998142074, 1.8056769619532373, 1.8025294789234207, 1.796354943492518, 1.7951469208990238, 1.792614470427703, 1.7926627779551827, 1.7924840352134126, 1.7907493556042973, 1.7864306894304534, 1.7854155627143358, 1.791285701793879, 1.792317337694523, 1.7962857706828372, 1.8166028645054504, 1.800816141674573, 1.7774789817987, 1.7813606641208983, 1.7746662270905502, 1.786443247410326, 1.7958166857815592, 1.7709950895361237, 1.768601554778957, 1.7695731161964376, 1.7717406897654293, 1.7697046252134223, 1.7650771808046934, 1.7624763630519424, 1.7623512185137, 1.7642331474991673, 1.764440525731608, 1.7610257155203974, 1.757563958664984, 1.7562344112681219, 1.7569789878006612, 1.7577247428143998, 1.7648442993041675, 1.758196738564446, 1.748685074962362, 1.7460462388314482, 1.7482440743008818, 1.7637739837003763, 1.8137951765956104, 1.8689544093584152, 1.8150661834870354, 1.748061668596555, 1.7416991419341807, 1.7413101533021071, 1.7515697994210038, 1.758967086274872, 1.7708843218875758, 1.7301629455416025, 1.731110353019225, 1.7618411285827682, 1.7677000947135375, 1.7349877198251682, 1.737997235843377, 1.7617127359509608, 1.7681186007115282, 1.8089712062043761, 1.7921891350351296, 1.7617147799722717, 1.7410551700550856, 1.7336144626446788, 1.7523854438872954, 1.8415066167122072, 1.7350243356646358, 1.7223409917496368, 1.7148620753023216, 1.748900000269329, 1.9403902995704423, 1.9006379368864414, 1.7164984894925401, 1.7560712951857231, 1.7155479878711768, 1.807442527543464, 1.9893482531530067, 2.0188760815623286, 1.70857736280435, 1.8206893765606984, 1.7005065854687373, 1.8560841116730467, 1.9988574069496843, 1.7185732949065595, 1.7546849297600589, 1.6951339465485715, 1.878313260191986, 1.9518747469857685, 1.694062259201631, 1.758949948560794, 1.6928250459591632, 1.887471456307255, 1.803867906024898, 1.6879512896484747, 1.6934862788836187, 1.7034429310500032, 1.8170186445621235, 1.890175996094758, 1.7209671446985149, 1.6839200737745783, 1.6889690555902936, 19.245522779496255, 10.3092663618401, 10.94812687965301, 6.979370586557793, 11.978421165849651, 15.17739662961791, 16.35357178105751, 15.734793748072233, 13.499457656037583, 8.169944054735266, 3.469013352244623, 3.809102970985839, 6.606530227691399, 7.847922026663564, 5.048647984727174, 7.682892720429307, 5.745718697585766, 7.38795720070259, 5.921284986553928, 2.9576018913269064, 3.109464355412016, 5.488493690346496, 6.021702824970429, 2.7565516434573585, 23.108857046506547, 8.601274768764336, 14.003719916939975, 17.150887452346197, 18.80834475288283, 19.840088255291548, 20.277658244617673, 20.369697709168225, 20.026322797885214, 19.14818687106287, 17.470139931238972, 14.505196683988844, 9.480844017455151, 2.263064099481458, 52.8167214685961, 60.50165079599481, 60.417336796274384, 55.51256820856883, 47.21552083086596, 35.08597846750915, 3.9795752248148673, 7.469996153629366, 9.446968608850396, 10.537229783784351, 10.5835755531676, 9.900958018608753, 8.934787403862872, 7.653914814862971, 6.380827897318204, 5.043635339922641, 4.234773100630077, 7.431831566608079, 7.596044578865195, 4.584823024990652, 3.913612178925621, 5.1727018563577225, 5.969284765917366, 6.224104489397916, 5.9902919754243165, 5.333174400110445, 4.332258078301282, 3.3530104598205566, 3.470506721879111, 4.337667998626395, 4.115295267114626, 3.192491586950373, 2.9719773843136648, 3.2851527725653398, 3.535116860905939, 3.4980078171778244, 3.1748603027921884, 2.7177829381786056, 2.4678871769194672, 2.634564963016253, 2.8010235437174074, 2.543739305053389, 2.24138317506764, 2.261919867392129, 2.444840392357983, 2.5101587813219184, 2.3577164899074003, 2.1199658040025025, 2.03926176466253, 2.1438128571777293, 2.162170048926532, 2.0070040673500995, 1.9272477673912087, 2.0288657186381673, 2.1672148667692337, 2.1529079872881622, 2.007852830896511, 1.8731757804654938, 1.865542594984221, 1.8977823870573298, 1.871213656744976, 1.835442771730176, 1.846281163163444, 1.8796948542612244, 1.8855577640856005, 1.8409948328498125, 1.8204859708955496, 1.8151398716577172, 1.8155171251175668, 1.8124928086636596, 1.820114408723384, 1.8458011210696725, 1.8533519790767414, 1.8314075064842468, 1.8077331390640905, 1.8023366521112225, 1.802455959104414, 1.7989023269267435, 1.7987033427058832, 1.8281992855310336, 1.8528902247742172, 1.8360578877829574, 1.802001751122841, 1.7907006904113665, 1.7945098095195442, 1.7889161030964629, 1.7892913874030567, 1.8035189979032091, 1.81569872450225, 1.8086016993697986, 1.8138277638559883, 1.830285156533489, 1.814241683315071, 1.81407646010839, 1.8296208729758552, 1.8561647004088806, 1.849605228428743, 1.7910451648625132, 1.7825610911161183, 1.7900506502988436, 1.7762138386995934, 1.7893395210085346, 1.866043007993774, 1.8912244627311887, 1.9002716712698247, 1.8188739066267707, 1.7723339912166791, 1.768373296399124, 1.767760313677909, 1.7706603303428288, 1.7854664497541881, 1.8357569826062308, 1.8308298019868239, 1.805918089013349, 1.7651594835456954, 1.770721542365358, 1.773385442509232, 1.7618631695630123, 1.8078778421621635, 1.9139787729248192, 1.9059035633569286, 1.8031448848388398, 1.7580905700817255, 1.7803241497993147, 1.759199352826426, 1.7920025814005818, 1.9117651890148115, 1.9222615803886123, 1.7845389557307703, 1.761957346555402, 1.782625372952299, 1.7516065087472912, 1.8087562843208809, 1.940859023061215, 1.9499200815534292, 1.78047671225849, 1.7645527897399176, 1.7967112051921712, 1.7510776326198496, 1.8169732355012265, 2.0508606302315013, 2.058685300472204, 1.8450790239446417, 1.750910797129245, 1.7595483087326296, 1.7565771600313804, 1.7469442841009581, 1.8119066465435119, 1.956558027650544, 1.922044763750965, 1.7780744044577816, 1.7638044956450465, 1.79718204730662, 1.736949417094529, 1.8792675903108509, 1.9136342455754116, 1.8183554828882145, 1.7606264061252153, 1.7333554979169021, 1.732864796185691, 1.7462366045022661, 1.7793038807379482, 1.8609432621901867, 1.7824660253184683, 1.746751906785475, 1.7323912138818516, 1.7484454462895604, 1.787662267027715, 1.7987144012346632, 1.8349771160330206, 1.8430130391357968, 1.7349863613202816, 1.7384457850276058, 1.7301428184227297, 1.7454621094666722, 1.831081924446461, 1.853561363240991, 1.8204675701464152, 1.7776811920679583, 1.7638619127376565, 1.7812916298396302, 1.8067538696838767, 1.7761346452268205, 1.7712769239234876, 1.7254850427452284, 1.721800613381267, 1.7242411828637778, 1.7905356622823942, 1.8460839414623846, 1.8423219870813852, 1.7558958157421858, 1.7136495521872321, 1.7133255365003708, 1.721806108198919, 1.7801196826035282, 1.8566591342718122, 1.8144952874829692, 1.7529845163492341, 1.7162396134150866, 1.726400659076969, 1.7493526488458229, 1.7636667440189593, 1.79686317482468, 1.7706926918897843, 1.7572512566060041, 1.7830331369382009, 1.8009724743052085, 1.7134651278116877, 1.70927016277911, 1.7230329163565778, 1.7538101472582994, 1.820137540849987, 1.79650739394023, 1.7255791426725748, 1.700238296897272, 1.7025770319947804, 1.7172977856092861, 1.8148925415276531, 1.7975516509127532, 1.725041827476572, 1.6969337335767205, 1.6960315071406882, 1.7073117401430151, 1.8574222497437658, 1.8375763025871321, 1.7279115813703498, 1.701632881432924, 1.7274546465963099, 1.8320140550342359, 1.8345939025795288, 1.6928122415774214, 1.6976938603251723, 1.7375384640383431, 1.9614896743188104, 2.143719450328804, 2.094515587328162, 1.6932552886299144, 1.8854995088397837, 1.6967127369125057, 2.0125919598762554, 2.0094059882098905, 1.6887054313789691, 1.8278045121217352, 1.6892374384776474, 1.8937417288376643, 2.270134508050885, 1.7841087131907294, 1.7521483308069425, 1.7620196320754808, 1.7210082996503269, 1.8395472464095526, 1.8575247073457268, 1.752713642855897, 1.6947995937369746, 1.6893480444005098, 1.7106270670359094, 1.8247785929176394, 1.9324731080362987, 1.8200386809359392, 1.6952667017603515, 1.6879705168827805, 1.6897041606135332, 1.8127769247567953, 1.7863702070243515, 1.7582509517355427, 1.7049231958649096, 1.7038815918662527, 1.7492230543328267, 1.7655618548853431, 1.6803449314360714, 1.6852325367560936, 1.7287579097626826, 1.7779170132099902, 1.7605238227103768, 1.6910206875530975, 1.7026599068838808, 1.7632711339108373, 1.7802880077855818, 1.7311650579575057, 1.6897323888954852, 1.7060115274633547, 1.7630654944275752, 1.743990152809387, 1.746294852111439, 1.7053547697669555, 1.6985956928075863, 1.728813295107951, 1.7421185729843776, 1.7092286298285269, 1.6972859993697553, 1.7190312843436322, 1.6871892591120037, 1.7045812227384167, 1.7443000365191061, 1.7192901069243534, 1.702061273247074, 1.7031338878596836, 1.7175730040500232, 1.6734144653239504, 1.6946835002695757, 1.7563754189169325, 1.7663281770360049, 1.6658884650962837, 1.6613676361192289, 1.7464266885755857, 1.9155720387619803, 1.835867895920723, 1.737114259631092, 1.6574896266154937, 1.6668564644862613, 1.809932218855301, 1.883491151805019, 1.66044687206411, 1.6976762721954657, 1.7438676526484684, 1.9176722309584628, 1.8364768027390144, 1.653674994916125, 1.6741285447955767, 1.7132290214055004, 1.8905544751616468, 1.8517610770353938, 1.6854054283061763, 1.6542304148775584, 1.6554980591568926, 1.7367762049102757, 1.7875910582871541, 1.7350682839508738, 1.7224044808577903, 1.654330667501368, 1.6682539947215143, 1.7447343148774024, 1.6663768955079745, 1.6543674604957999, 1.7112484701369193, 1.705781998033706, 1.6542943150803395, 1.6687936046894583, 1.7190442619077473, 1.82888687358502, 1.7654211804575155, 1.6610617126175666, 1.6469365849222966, 1.7163762797948992, 1.704142903552396, 1.6456910981037247, 1.667569548809069, 1.7501385721775795, 1.64698670681989, 1.6420100236704818, 1.7242516351635748, 1.6761311981577849, 1.6384605897933966, 1.6781349160655332, 1.7057885665235397, 1.6522209917324482, 1.6526586123623708, 1.7241944975545551, 1.6438985659266372, 1.644239317648968, 1.7124529257262273, 1.6566755607503074, 1.6390405575074554, 1.6878555580100503, 1.6694761378646505, 1.6373713556239289, 1.6671439987205168, 1.6782392156950527, 1.629164911811111, 1.6631237193153965, 1.693966715553974, 1.63013621521565, 1.6475770327983732, 1.6671857869185231, 1.6464169735875922, 1.7344334843600555, 1.6248985989143272, 1.633371700417824, 1.7320844048269435, 1.6274841374307096, 1.6281486551181976, 1.7162942531315524, 1.9358883899841814, 1.6227035701490102, 1.6350524364017718, 1.7628748677488546, 2.13977982136182, 1.7729576763632802, 1.6468361858271763, 1.6262433281471547, 1.8737293790328342, 2.1042457374860395, 1.6730795419196889, 1.6773973999445722, 1.681969223805106, 2.009199161433118, 1.6264976346850744, 1.6726316575683278, 1.8202035730637773, 2.1842928886101074, 1.8649583458505559, 1.6197075780514674, 1.621227031282004, 1.6372155520731797, 1.787971884505974, 1.838589999524423, 1.6240417872810058, 1.6264142829431187, 1.779676326442815, 1.6321211313808563, 1.6219820090241213, 1.6715338994035813, 1.7948797477209482, 1.7426248321610245, 1.7480833148038328, 1.6390133203780737, 1.838666302872749, 1.8299188304624303, 1.6566182820787945, 1.6148201898778547, 1.8843839006044438, 1.621887503298054, 1.6496584985146874, 1.7535051311989065, 2.0603539216951003, 1.6965964177718098, 1.636782239248413, 1.648822734264008, 1.9601118966484394, 2.0193991051102476, 1.6178019640083432, 1.6828268433724347, 1.8300804532389323, 2.2423586943815987, 1.6903505173452344, 2.2168673753671775, 1.939085634273347, 2.707948449517646, 2.2237243159513693, 1.6331678920489383, 2.0722020747064573, 1.874614432921001, 1.9356993812597265, 1.6735808866787572, 1.8699725410395964, 1.7942361501870894, 2.444576298760279, 1.6597383992700272, 1.8016080227157083, 2.152262390113018, 2.979103221717254, 2.266816332014412, 1.6536338594065212, 1.722886199377272, 2.0507777858574006, 2.6096423814297536, 1.6720036110145315, 1.9576996375599065, 2.303966845056709, 2.8362907561145345, 2.044874656083006, 1.799079074294369, 19.805441941990253, 16.61631572835905, 11.408368339988336, 31.597338562439788, 6.397453470801986, 8.182688475956882, 7.4120575492099166, 4.2361964390500235, 5.005865223149872, 1.7317194387484813, 3.2694535934396693, 2.078936879418128, 4.373456788301401, 2.562001241317705, 4.924584688282895, 3.228456047353134, 3.966148036295354, 1.830903891334531, 2.971596740938462, 2.445553334356342, 1.7964776112774579, 2.6262719633422558, 2.385299010078143, 3.516125409525023, 2.260014837862418, 2.096316102415343, 1.8168427988938873, 2.076799826903542, 2.595613871584858, 1.9002124491998331, 1.7673145089878461, 1.6879996507095312, 2.041973564648329, 2.4248093356675353, 1.9737437844712686, 1.9352615711855563, 1.6527140184082614, 1.9527792602244551, 1.7695586338719729, 1.6257424606028628, 1.6269139056634052, 1.6718358973099456, 1.631671890006043, 1.6296083759647522, 1.6694538417505702, 1.7833865540750873, 1.631494404671683, 1.6103022079332008, 1.6364524630527626, 1.7310641363943382, 1.6546463228098296, 1.6357808203686697, 1.7135287296074386, 1.6722302449644821, 1.76911276988924, 1.6163920466701298, 1.6788982576883085, 1.9719662967584732, 1.6673968154078167, 1.658022141298205, 1.7380999537378172, 1.6136223964170158, 1.6553442203328737, 1.9033805365427774, 1.6261859110924493, 1.6552973010184966, 1.7680981021042357, 2.134624666250227, 1.6206429811685703, 1.8059638801127038, 2.076372296068918, 2.243071028484499, 1.664642312204981, 1.700422548361162, 1.966975160024689, 1.7124385163846036, 2.324623922111387, 2.9368754157310932, 2.3491573501164456, 1.9827507754662925, 1.7282854392712375, 1.731582031499365, 1.6077592356551165, 1.637064960488805, 1.7780433904136614, 1.6072185349466712, 1.6505039255875003, 1.884931808644361, 1.6283414750670147, 1.6344027914747388, 1.70143959065566, 1.6079921890369724, 1.617952906901323, 1.753843583170054, 1.6088197568240972, 1.610511077066566, 1.631815217285324, 1.6822706304860573, 1.653786353941625, 1.7491414947718946, 1.604595295002827, 1.6403643876931056, 1.815894635318108, 2.0974089911741904, 1.9130073258894151, 1.7779229621784296, 1.7335033155461785, 1.9904402468201212, 2.1955333542646547, 2.9232750089005535, 1.6877661289063963, 2.7194255815744217, 3.532017523082521, 4.592208031823771, 1.6285953713783272, 5.334267773784659, 4.800096085051261, 5.8612424906844005, 3.347208136249452, 2.5890195001664846, 1.7228729980374353, 2.0100228887170295, 1.7096883088656023, 1.6246712182189709, 1.7070141123131288, 1.6541156026460746, 1.709833736956726, 1.869418596427903, 1.793381036947175, 1.7952438171012484, 1.6450032205593659, 1.643314567733717, 1.7819828239588489, 1.6266624306315458, 1.6167922261109915, 1.8492619328271098, 1.6264395531677989, 1.6265592283730812, 1.8185339220188916, 1.613314525725366, 1.6091989758318817, 1.7725281705055251, 1.630618648093312, 1.6428519341478243, 1.7681489575720504, 1.7804924606293717, 1.9452284229037304, 1.6526851701628062, 1.9446997486888227, 2.6727020318990293, 1.7776503769123655, 2.450841210153302, 3.262434905776526, 2.4934915554724744, 2.204093335240211, 1.8615436920470947, 1.8529888526338434, 2.0054588142805847, 2.019239097451916, 1.7929387191851616, 2.3269329438693735, 2.4561454100663482, 3.150043993826371, 1.7734712546689189, 4.370033154252116, 2.7440925850538336, 5.395528355328864, 5.441732963584136, 3.111775142983282, 2.7171180308642677, 1.916957286918021, 2.203536994137406, 2.0054226745187815, 1.8101219407787474, 1.8254586630740919, 1.6451205102620567, 1.9947222040584458, 2.921135234582945, 1.8116096453448016, 4.849028418108906, 5.164350895731771, 6.422838230344097, 5.109462934519782, 6.149608613297854, 4.669865021357065, 6.539598849967692, 4.427317924132798, 5.220009265618153, 2.835735358041334, 5.0023072087153375, 4.086942285850298, 4.5496661522841775, 2.357335686730221, 2.7204656573921038, 1.681685578150134, 3.309438039184836, 4.712866841254308, 5.9935692530376485, 3.3992540183887017, 3.241866334713807, 2.7490942914670375, 2.863703748244169, 1.9668831064006531, 3.1965685762236884, 4.635532577256111, 5.084285314368589, 1.6897469440355943, 7.581038567438693, 9.26975537636638, 13.864489748924342, 15.718664753346264, 15.192322523860101, 13.354793209657744, 8.503199417623442, 42.96435712942408, 32.09063620659331, 16.360909832211316, 22.62886989329053, 25.303538227407845, 26.40814244538158, 26.66990356123415, 26.533756304032874, 26.084053489325058, 25.58332184533883, 25.023897319300296, 24.3770614543552, 23.58926966302179, 22.526133595353283, 20.85110654283396, 17.45723312580262, 6.126238175441736, 114.12734107882616, 133.17189840763942, 136.75412124480616, 131.76567367535006, 123.20339860781509, 114.71183227192614, 108.513291654168, 105.28504183154836, 104.4691250728365, 104.72027163743346, 104.69455036629678, 103.6109235213378, 101.12878929151307, 97.17757283565312, 91.83370927342112, 85.27715848388728, 77.77357900472829, 69.65002621675163, 61.2569261144271, 52.93584165414113, 45.051429775376164, 37.93939914048906, 31.627039597530423, 25.624476074417466, 16.575130722175132, 3.491501958462105, 5.0272433458482935, 7.350611755192534, 9.416105162677349, 11.09886525507491, 12.384962451565674, 13.382799911587773, 14.223490479628236, 14.887441383541502, 15.46326296812815, 15.969637443783325, 16.426921174978016, 16.781131968866188, 17.02523099332935, 17.232802313471897, 17.420658977549945, 17.53661327742651, 17.524445917197138, 17.47780429462892, 17.38856912083766, 17.243668323679696, 16.947771872698855, 16.42635895827107, 15.793304260774242, 14.809784349987739, 13.475845409122888, 12.021476146357474, 10.28905812427685, 8.203957551312334, 6.5529084365406876, 12.91482443890245, 3.9286902423949526, 4.791777192918672, 7.297502138230769, 7.754976978590832, 4.9377947973720895, 3.530199014620173, 9.053542206534784, 6.003969270729294, 10.22819504693382, 10.184626930564, 7.256117971904121, 2.494732742119498, 9.836479442666565, 2.00351665760898, 4.0863872530990415, 5.369194398742123, 5.609239533844721, 5.191279351094946, 4.144694990728014, 3.1147858311274637, 3.495193714352926, 4.198778990285768, 2.6154406775272236, 2.5621881767727475, 3.1198853277354726, 3.384990613919024, 3.049681197345987, 2.365266178393197, 2.1073034826528283, 2.7172702355906235, 2.515990188883679, 2.1941276916735046, 2.5550665062760207, 2.8073787244380486, 2.6921346598640095, 2.2381136154023182, 2.0202535554944165, 2.2352673626108017, 2.166322711121147, 1.9979412308656883, 2.1611953102316614, 2.3673524614586112, 2.2949759816161843, 2.071545379700211, 2.0804253939190995, 2.1802679613973157, 2.018463467890353, 2.007068550973042, 2.1279324533739, 2.142456351841533, 2.0160731637143354, 1.9250812598778702, 2.0045303166592703, 1.9607079184954925, 1.9303859910735985, 2.0362456424302455, 2.0366573556638374, 1.9287013656078529, 1.9143602218786666, 1.9278724385130894, 1.901046281490884, 1.9159185081194672, 1.957470445207912, 1.9298894665819815, 1.8952048249213669, 1.9024267649641542, 1.8969968336767884, 1.908270417415705, 1.92467457822082, 1.9058289276652849, 1.8880458267618148, 1.889917944375612, 1.882555879985533, 1.8928822121949473, 1.9083894721009864, 1.8920160227182536, 1.8757405881520233, 1.8746519482551733, 1.8756102181664622, 1.878097526359859, 1.8800840874866545, 1.8737899335895905, 1.869658242483486, 1.8691573619341932, 1.866532621575322, 1.8661441698708403, 1.8697909984547982, 1.8718339422103412, 1.8645945070798078, 1.8611656914836663, 1.8598509057547439, 1.8586621707201894, 1.864226250812856, 1.8647402541241, 1.857407784698919, 1.853409585783712, 1.8518399605096365, 1.850641944926558, 1.8567498124572703, 1.8565281651304553, 1.8484580124263141, 1.8454012601839942, 1.8440149863959172, 1.8435265132159302, 1.8479774743542448, 1.847760027292454, 1.8428740347166181, 1.8381737952878467, 1.8370821079573076, 1.8392489806314751, 1.8445389051571544, 1.8372979957385767, 1.8325974131168736, 1.8314913918452083, 1.8305099288237772, 1.8341681231686855, 1.833805922323902, 1.8300951730459725, 1.8257265723645382, 1.8245001044087934, 1.8267258620666753, 1.8273769563369706, 1.8250215242819812, 1.8201115544758322, 1.818879666205544, 1.8177086979696646, 1.8212084494884488, 1.822349746972993, 1.8148516199780895, 1.8135925947959324, 1.8133005032564342, 1.8164948016752087, 1.8120583956830894, 1.8089806968570314, 1.8079088894356332, 1.808668784760359, 1.8131253770899738, 1.8050990865459686, 1.803691219438435, 1.8033416601022345, 1.8040081420765752, 1.801631674873653, 1.8013359293325772, 1.7990200618906165, 1.7975071463682861, 1.7964594194729704, 1.7990153560252689, 1.8055806483909245, 1.7933380570256487, 1.794639247376655, 1.7924816587041994, 1.7978673646375114, 1.7897818102985388, 1.7898674339803378, 1.78754075174578, 1.8031287498758368, 1.798330912464625, 1.78448008707867, 1.7841519946833513, 1.787503834215075, 1.7871360083146215, 1.7819709384131805, 1.7799341345779653, 1.7875005201533432, 1.7904659770538203, 1.7777890722142402, 1.776447807155199, 1.7779943774030982, 1.775575322965763, 1.7748179674513975, 1.7752995979792745, 1.7743146402116678, 1.7720492333035347, 1.774564669579451, 1.7717887736057436, 1.7683558432264055, 1.7679816461634368, 1.7659942745957642, 1.7678536070854511, 1.7720587351921475, 1.7651363393381543, 1.7624369254405572, 1.7635285971642476, 1.7671598645332438, 1.759830922982706, 1.7590418016718217, 1.7583555077797122, 1.7624991733964444, 1.7563396480365454, 1.7573280268942482, 1.7619791409574435, 1.7556723564851524, 1.7527815949604844, 1.7526502152584655, 1.7593086355038687, 1.7507748124515212, 1.7493948677611193, 1.7528770100365754, 1.7490629488910108, 1.7473932482593937, 1.7487623536040722, 1.747994925168146, 1.74552158181629, 1.74495087676529, 1.745628968366632, 1.7429894409865128, 1.744544423303408, 1.7409295362848354, 1.7408050079033892, 1.7559779447423287, 1.74281646582674, 1.7396107078230096]