Model Setup for Atypical Patient 6:
ITERS=5000
LEARNING_RATE=0.001
OPT_RESET=500
ATOL=1e-09
RTOL=1e-07
METHOD=dopri5
Input channels=2
Hidden channels=11
Output channels=2
Runtime=887.6281020641327
Optimizer=Adam (
Parameter Group 0
    amsgrad: False
    betas: (0.9, 0.999)
    capturable: False
    differentiable: False
    eps: 1e-08
    foreach: None
    fused: None
    lr: 0.001
    maximize: False
    weight_decay: 0
)Loss over time=[1156.9282289461642, 1100.7582099088386, 1063.3465578177922, 1033.9815174724283, 1009.3687426104757, 987.9561599331383, 968.8603267488903, 951.5792857346045, 935.7035175753634, 921.0257589696243, 907.3385194529624, 894.4916358562218, 882.3735584245627, 870.9083652734561, 860.0063184089643, 849.5955266741362, 839.6502557138375, 830.1195883768531, 820.9659674438783, 812.1575649115414, 803.6686884722423, 795.457386710923, 787.5138243008656, 779.8313894602895, 772.3843745465155, 765.1577064114721, 758.1241939996893, 751.2865375083489, 744.6359384055894, 738.1532221416488, 731.828719347938, 725.6737614485439, 719.6444003034817, 713.7584873089385, 708.0185062472303, 702.3935430989568, 696.8952077638464, 691.4920086492027, 686.2235414498723, 681.0471884814032, 675.9805582605235, 670.9952643665237, 666.1220364715992, 661.3319522070823, 656.6199157983754, 652.00309130019, 647.4560207901792, 643.001212243718, 638.6151404253117, 634.2942616530904, 630.0508883641011, 625.8779584071988, 621.76257611429, 617.7245499915975, 613.7356588376459, 609.8071601414429, 605.9478075989192, 602.1399611105137, 598.390274715682, 594.6887713222774, 591.0444450835926, 587.4534415398658, 583.9061637100679, 580.4052490100829, 576.961926421667, 573.5585770253825, 570.1944324656744, 566.885055943737, 563.6104801180594, 560.388311323917, 557.1938386109472, 554.0471725590701, 550.9402608333572, 547.8691528840385, 544.8370507990277, 541.8402666573306, 538.8811863125284, 535.9607945900966, 533.0658599022106, 530.2074656925003, 527.3837334363965, 524.5919218612066, 521.8361503534114, 519.1025615115345, 516.4017433076779, 513.7343831388097, 511.086839638399, 508.4846502646698, 505.899809516294, 503.3453490395053, 500.81562797609365, 498.3133530310228, 495.83655642410355, 493.38531576447735, 490.96504493136325, 488.5629878068658, 486.18543468951543, 483.8339856912034, 481.51036412866, 479.20299820105504, 476.92027763689725, 474.65747513927687, 472.42253327671443, 470.20482018280677, 468.0087568917684, 465.83631352702866, 463.68210147788994, 461.5482637813427, 459.43402164845025, 457.34179265690915, 455.26517023995126, 453.2094268296874, 451.1758578275836, 449.1537523138702, 447.15332804321463, 445.17318949177735, 443.2077019079361, 441.2590144180527, 439.32399639816884, 437.41187495333327, 435.5183958284275, 433.63730089306375, 431.77739705234376, 429.930069031707, 428.09532398859534, 426.2815488189499, 424.4831527175587, 422.6997547245177, 420.9315590217418, 419.1798313422362, 417.44227546558176, 415.71974363513107, 414.01166510588826, 412.3207758170184, 410.6401275280704, 408.97514835824785, 407.3229914393238, 405.68758833406866, 404.0640842913743, 402.4514199832653, 400.85298432502566, 399.270453549631, 397.7005464702977, 396.14226868434326, 394.59664659450317, 393.0593625309391, 391.53907295519474, 390.029284670899, 388.5325914833471, 387.04501544566864, 385.5692681669449, 384.1089779953558, 382.65571620932644, 381.2140630500824, 379.7840498185332, 378.36586025330774, 376.95584568122734, 375.5575505714832, 374.17124995357204, 372.79290945642043, 371.425278914852, 370.06766394364286, 368.72068739404875, 367.38130820553505, 366.0528320407418, 364.7363453076683, 363.42521363271936, 362.12738483666595, 360.83709003942494, 359.5541248523642, 358.2821905012379, 357.0183906396372, 355.7654505523826, 354.5199144451208, 353.2830222272091, 352.0527661700604, 350.8344866818043, 349.6221373807219, 348.4184486773156, 347.2207518370358, 346.0325839836033, 344.85309871230544, 343.68249394359253, 342.51806188836923, 341.36201427419087, 340.2122486269888, 339.0702844361918, 337.9355738627255, 336.8086937422923, 335.6885411900727, 334.57366350469056, 333.4703998966925, 332.37163698902236, 331.27792555262323, 330.1953965861458, 329.1160998678657, 328.04700262916015, 326.98123846327746, 325.9244797646905, 324.8723463210097, 323.82870945935747, 322.79104350266135, 321.7592726526905, 320.7333316924631, 319.71383305902805, 318.701801458048, 317.6945106115591, 316.69209847284145, 315.69827036254577, 314.70827766666736, 313.72575319166674, 312.7473475120396, 311.77731508940167, 310.81060282292054, 309.85147005501284, 308.8981792501343, 307.9486411374209, 307.00456272320804, 306.06745276760506, 305.13565773064323, 304.20782427392777, 303.28721634826934, 302.36741417756997, 301.45823007264994, 300.5530678962048, 299.6503948098471, 298.75535930572846, 297.8650893786088, 296.97889078800324, 296.1006271035058, 295.22191903424516, 294.35180024470014, 293.4853353255136, 292.6256815155726, 291.7689261680824, 290.91751542803416, 290.0703878365401, 289.2279409087205, 288.38933991757466, 287.5583578495882, 286.7290472034624, 285.90545540888763, 285.08662778222674, 284.27179029693144, 283.4603704554481, 282.6549024056846, 281.8537596230915, 281.0566780924837, 280.26415247981896, 279.4736665232712, 278.6885297702994, 277.9096919959355, 277.13201954940564, 276.3586299868629, 275.5912766869188, 274.8268544599762, 274.0666879225398, 273.31018492915314, 272.55727655037066, 271.8092661763156, 271.0653453113441, 270.32368184089853, 269.5851565905214, 268.852791302701, 268.12357597092375, 267.397160011611, 266.67575981422834, 265.95749188336504, 265.2427440893068, 264.5304362831672, 263.824106061262, 263.1199557014649, 262.4199711508151, 261.723154586837, 261.0301017435138, 260.33829126407943, 259.65356400985644, 258.96950954130006, 258.29097504003875, 257.6134488768382, 256.94194076063394, 256.2720245910549, 255.60578234247913, 254.9422739648866, 254.28169998965214, 253.6266141036899, 252.97295667669442, 252.3209984729643, 251.6742549980049, 251.0309506077335, 250.38969451327404, 249.75138911894012, 249.11630020210086, 248.48496682020547, 247.85509412102166, 247.2288301681247, 246.6067131525629, 245.98686433525555, 245.36935586136667, 244.7551552396798, 244.14313602474903, 243.5341650702181, 242.93006982593354, 242.32736842962424, 241.72717509918604, 241.12905852654401, 240.53439351922205, 239.94334782420884, 239.35410965798718, 238.7681905540956, 238.18440848601583, 237.60235658447652, 237.02442478862906, 236.44877596751965, 235.8765700002286, 235.30606300783, 234.73842902419972, 234.17286293210572, 233.608836499244, 233.04860380618848, 232.49185839246923, 231.9348854507918, 231.383826536127, 230.83235490404684, 230.28424560872125, 229.7395705118017, 229.1956360510654, 228.65427013749013, 228.11568154167134, 227.579826100105, 227.0460562235204, 226.51535985280495, 225.98456830635504, 225.4574032206143, 224.93303346690266, 224.411965684933, 223.89210724559408, 223.37445969822892, 222.8577907487446, 222.34584670903902, 221.83439179702748, 221.3255180719999, 220.8190510916797, 220.31333178484172, 219.8101837126136, 219.31075256312945, 218.810992340565, 218.31522773035852, 217.82201643476807, 217.32889841703965, 216.83989921060927, 216.3500236733569, 215.86515373727497, 215.38112804349782, 214.89849584989142, 214.41931453959148, 213.94084160676223, 213.46493574017805, 212.99059189376504, 212.5178025326777, 212.04812605555563, 211.57905047919303, 211.1131247165679, 210.64766508344593, 210.18455648937734, 209.7250478677204, 209.26529339849722, 208.80648454158663, 208.35375867860554, 207.89867589454443, 207.4465370745248, 206.99651620180046, 206.5490434771555, 206.10342790821335, 205.65897317663175, 205.21436384587375, 204.7733069386636, 204.33566493207215, 203.89617722335709, 203.46269277602138, 203.02856378868876, 202.59532950377772, 202.16329043244787, 201.73627134371674, 201.30887525473602, 200.8831518194324, 200.4569586704348, 200.0349227402059, 199.61436148771648, 199.19632464955077, 198.7791691193137, 198.36233463809256, 197.94776967858496, 197.53683963628072, 197.12505450862156, 196.71554666703753, 196.3073654073436, 195.9010721722849, 195.49519083156372, 195.09243510135647, 194.68883849794994, 194.29079667776668, 193.89110593431568, 193.49502129069253, 193.09848279579322, 192.7046871611982, 192.31152565194068, 191.92084184174607, 191.5303725301318, 191.14172062965062, 190.7551979241719, 190.36946463171492, 189.98573722333876, 189.60253286714263, 189.21992524822463, 188.8411584865028, 188.46133562369516, 188.08484868076283, 187.70945789623113, 187.33654821108885, 186.96204592372143, 186.59040488601286, 186.22141542260235, 185.8516478059249, 185.48512258924663, 185.11673836776993, 184.7542887736108, 184.38913275302522, 184.0265345376056, 183.6665727436265, 183.3065498299957, 182.948257156556, 182.59176958522673, 182.23720578691555, 181.88156889077297, 181.52873268480997, 181.17680776817764, 180.8259334675858, 180.4775205283181, 180.12949930303046, 179.78216739419216, 179.4358152676297, 179.090873632834, 178.74868070965465, 178.40578199042199, 178.06621087465348, 177.72519596602618, 177.387869760428, 177.05125217308452, 176.71392384375824, 176.380141054829, 176.0458873478893, 175.71280450830855, 175.38161550558522, 175.05237836950042, 174.72368320775976, 174.39588997102737, 174.06912180068753, 173.743055918058, 173.41844373009468, 173.09552433809003, 172.77279836077525, 172.4514756179831, 172.13173687447454, 171.8138672354762, 171.49575949383654, 171.17918004517503, 170.8639225915228, 170.5499308763957, 170.23646552853762, 169.92458252086797, 169.61252850941017, 169.30362912264434, 168.9938016023252, 168.6866055362209, 168.3782154763366, 168.07322258624149, 167.76843957556073, 167.46438642979234, 167.16185907606484, 166.8601961950055, 166.5592071431627, 166.25924612853325, 165.9616343306914, 165.66373138947927, 165.36681679273016, 165.07184761406796, 164.77595531785147, 164.48276951702067, 164.19028700336852, 163.89887786516442, 163.6086353976999, 163.31884979748793, 163.03032065216908, 162.74180621164203, 162.45488908907572, 162.1695992841791, 161.88501041385805, 161.60040914478938, 161.31829195156095, 161.03596318869907, 149.88088759140692, 139.91255622999475, 130.89586432243132, 122.44300329845208, 114.5016139177213, 107.03405240825904, 100.01705954780499, 93.432286167685, 87.2616932734714, 81.48700528004566, 76.08935739429445, 71.049580660923, 66.34753176663467, 61.96345718465041, 57.87766718655512, 54.07229236408222, 50.53011761172754, 47.235217999391764, 44.172465727012174, 41.32710498793357, 38.68447171662517, 36.230288922149974, 33.95068414709865, 31.83328968278464, 29.86684464447568, 28.040962437626977, 26.345228397756976, 24.769300743602535, 23.304874849514302, 21.943205036375748, 20.676304782994393, 19.49678628505385, 18.397836105159357, 17.373568500391805, 16.418225130612942, 15.52687262198403, 14.694904564908773, 13.917953699143391, 13.192290805861814, 12.514044873810674, 11.879919344903966, 11.286585426122686, 10.731115846901504, 10.210787763708042, 9.722968819128118, 9.265946626655015, 8.837580873504072, 8.435832455029614, 8.058922407311591, 7.705121849413238, 7.372800687327831, 7.060596779360181, 6.767043573915182, 6.490911138520759, 6.231177411826212, 5.986759455743868, 5.756699195185802, 5.540076445584597, 5.336059481311664, 5.143853363391288, 4.962757460434822, 4.792216210549397, 4.631602496505466, 4.480344051977028, 4.337898438083067, 4.203734151857325, 4.077315053179851, 3.9582003978393163, 3.845982565946338, 3.7402696763928036, 3.6406832348264646, 3.5468629561746527, 3.4584757799790795, 3.3752181784515574, 3.2968089833616885, 3.22297989178265, 3.153470682361339, 3.0880333440241157, 3.026435950329962, 2.9684648478474247, 2.9139215298015246, 2.8626166977123693, 2.814367463241626, 2.768998958750917, 2.7263474948010753, 2.6862616341241847, 2.6485998371414126, 2.6132270965074804, 2.580013357500143, 2.548834452299458, 2.5195738443062514, 2.4921230026294596, 2.4663799307370975, 2.4422472691806005, 2.419631561527105, 2.3983056454177984, 2.3775859971696396, 2.3567728469263995, 2.3353270235636217, 2.314570752312932, 2.295189384095498, 2.277226710742532, 2.2605607189393955, 2.245096885722093, 2.2307283095480765, 2.217302484368261, 2.2047789569395535, 2.1930959972590576, 2.182302796671256, 2.172306136509523, 2.163014721083359, 2.1543917091099827, 2.1463597397972576, 2.1388881397221975, 2.1319094013011894, 2.1254092573268326, 2.1193105198404814, 2.1136034437232194, 2.1082572894968603, 2.103274032119817, 2.0985921101953493, 2.0941935414590387, 2.090092157770851, 2.08623394061351, 2.0826216768319457, 2.079247705751491, 2.076075093313616, 2.0731015570232163, 2.0703179541633556, 2.0677157850451326, 2.065283698965061, 2.06299168566382, 2.060867623200395, 2.0588708076561066, 2.0570021377543957, 2.0552645506174887, 2.053645203930554, 2.0521245016432896, 2.050700906129315, 2.0493660315005546, 2.0481131959952816, 2.0469448974351154, 2.0458576949987615, 2.0448365018515076, 2.043878419606887, 2.0429780259905654, 2.0421318273038622, 2.041335644341419, 2.040586237687226, 2.0398801913148983, 2.0392219378255914, 2.0386077319016214, 2.038032253239946, 2.0374857604964727, 2.0369651227548307, 2.036468157197428, 2.035993235562451, 2.0355400407164628, 2.03510328078707, 2.034682770383367, 2.034277026281472, 2.033884914618521, 2.033505193253944, 2.0331386552789654, 2.0327733379591986, 2.0324325231380596, 2.032099052205091, 2.031771119045933, 2.0314533301848354, 2.0311268968184817, 2.0308370230612383, 2.030534903718609, 2.030240452209138, 2.0299478056756017, 2.0296550291152275, 2.029363270099871, 2.029083642286881, 2.028789892791823, 2.028522324596098, 2.0282553432857027, 2.02797878917378, 2.027709114551183, 2.0274475333714914, 2.027176479553436, 2.0269063377306087, 2.026636970559039, 2.026368320314232, 2.0261001768189772, 2.025832569180851, 2.0255652623063813, 2.025298257725963, 2.025031447242765, 2.0247647298868796, 2.024498004068041, 2.024231196858333, 2.0239642721164284, 2.0236972077281554, 2.023429973464787, 2.0231625302516263, 2.022894840056167, 2.0226268665650524, 2.022358568497285, 2.022089901312013, 2.0218208300606917, 2.021551338711296, 2.021281424506316, 2.0210229504975885, 2.0207403167602367, 2.0204691012073748, 2.0201974242002794, 2.019925268984729, 2.0196526184397956, 2.0193794603395983, 2.019105790919065, 2.0188316129458004, 2.018556930449901, 2.018281745127218, 2.018006055785934, 2.017729858964294, 2.0174531493993233, 2.017175921274434, 2.016898170878626, 2.0166198989116038, 2.016341110141059, 2.016061810830713, 2.0157820061995326, 2.0155016994321455, 2.0152208916419228, 2.0149395823812157, 2.0146577705962745, 2.0143754562791143, 2.014092641739152, 2.0138093317108665, 2.0135255320170415, 2.01324124802878, 2.0129564837245217, 2.0126712414888286, 2.01238552249836, 2.012099327377396, 2.0118126572795347, 2.0115255147283815, 2.011237903656257, 2.0109498287511816, 2.0106612944091906, 2.0103723040430683, 2.010082859978895, 2.009792963660236, 2.00950261612223, 2.0092118187478945, 2.0089205737798395, 2.0086288843481737, 2.00833675400049, 2.00804418606433, 2.00775118326104, 2.0074577475350144, 2.0071638802157548, 2.006869582458561, 2.006574855671623, 2.0062797019174194, 2.005984123660757, 2.0056881237060953, 2.005391704660599, 2.0050948686665597, 2.004797617438983, 2.0044999522895224, 2.0042018745071952, 2.0039033856085493, 2.003604487448293, 2.0033051822856702, 2.00300547246363, 2.0027053602020413, 2.0024048474074814, 2.0021039356613035, 2.0018026264311275, 2.001500921138684, 2.0011988213788756, 2.000896329112959, 2.00059344640023, 2.0002901754509836, 1.9999865182321996, 1.999682476577197, 1.9993780520784576, 1.9990732463257224, 1.9987680609894967, 1.9984624977990142, 1.9981565587079657, 1.9978502457290894, 1.997543560847812, 1.9972365060242347, 1.9969290830859192, 1.9966212937029175, 1.9963131395576375, 1.9960046223337249, 1.995695743916973, 1.995386506266666, 1.9950769112757454, 1.994766960973699, 1.9944566571415194, 1.9941460016024424, 1.9938349960628883, 1.993523642228503, 1.9932119418835017, 1.992899896903787, 1.9925875091339913, 1.9922747805066272, 1.9919617128305556, 1.991648307919949, 1.9913345676008596, 1.99102049355701, 1.990706087440284, 1.9903913510524889, 1.9900762862441572, 1.9897608948738295, 1.9894451786670444, 1.9891291394374875, 1.9888127788917584, 1.9884960987205071, 1.9881791006291927, 1.987861786341626, 1.9875441576247985, 1.9872262161458272, 1.9869079637181344, 1.9865894020684025, 1.9862705328397583, 1.9859513577739292, 1.9856318784368374, 1.9853120966321052, 1.984992014003692, 1.9846716321333928, 1.984350952844401, 1.9840299777164352, 1.9837087085147758, 1.9833871467746496, 1.9830652941762024, 1.9827431522958505, 1.9824207228322712, 1.9820980074011443, 1.9817750076659322, 1.9814517252797919, 1.981128161856712, 1.9808043190506888, 1.980480198388859, 1.980155801557405, 1.979831130156687, 1.9795061858584448, 1.9791809701177754, 1.9788554846380024, 1.9785297309294023, 1.978203710560407, 1.9778774252504774, 1.9775508764708014, 1.9772240659334506, 1.976896995189251, 1.9765696657821665, 1.9762420791505733, 1.9759142369358544, 1.9755861406909496, 1.9752577920980763, 1.9749291926869879, 1.9746003439105386, 1.9742712473640651, 1.9739419044173543, 1.973612316791577, 1.9732824859580023, 1.9729524134303014, 1.9726221007508478, 1.9722915494853197, 1.9719607612674737, 1.9716297374145404, 1.9712984794249018, 1.9709669888242993, 1.9706352672021799, 1.9703033161497174, 1.969971137083462, 1.96963873151615, 1.969306101000393, 1.9689732469263468, 1.968640170794603, 1.9683068741217253, 1.9679733584339063, 1.9676396251938348, 1.9673056759357679, 1.9669715121005404, 1.9666371350904184, 1.9663025463469737, 1.9659677473787212, 1.9656327396101267, 1.9652975246721205, 1.964962103927941, 1.9646264787985728, 1.9642906507101652, 1.9639546210006955, 1.9636183912177245, 1.9632819627532259, 1.9629453371650476, 1.9626085157786202, 1.9622715001232294, 1.9619342915015459, 1.961596891353093, 1.961259301076467, 1.960921521995363, 1.9605835556500573, 1.9602454033661083, 1.959907066669624, 1.9595685468856139, 1.9592298453385282, 1.9588909635761995, 1.958551902838263, 1.9582126645216016, 1.9578732500986253, 1.9575336609636687, 1.9571938985391113, 1.9568539642366167, 1.956513859248153, 1.9561735848665736, 1.95583314265384, 1.955492533993523, 1.9551517601007071, 1.9548108223459615, 1.9544697221541099, 1.954128460826244, 1.953787039737764, 1.953445460272024, 1.9531037237014344, 1.9527618313498556, 1.9524197845934381, 1.9520775847136773, 1.9517352331541162, 1.9513927311425774, 1.9510500800096955, 1.950707281031704, 1.9503643356703158, 1.9500212452874448, 1.9496780110252687, 1.9493346341939748, 1.948991116093324, 1.9486474580053907, 1.9483036612327964, 1.9479597270952687, 1.9476156568441363, 1.9472714517738596, 1.9469271133478427, 1.9465826426224382, 1.9462380410361535, 1.9458933097950066, 1.9455484500417155, 1.9452034631100525, 1.9448583503892798, 1.9445131130067592, 1.9441677522871295, 1.9438222693975236, 1.943476665563601, 1.94313094217181, 1.9427851003443115, 1.9424391414828925, 1.9420930667058764, 1.941746877179211, 1.941400574318355, 1.94105415912291, 1.940707632988125, 1.9403609970028766, 1.94001425239988, 1.9396674004599423, 1.9393204424531267, 1.9389733794401338, 1.9386262126530094, 1.938278943388277, 1.9379315727648025, 1.9375841019473505, 1.9372365322104175, 1.9368888646866969, 1.9365411005728275, 1.936193241087256, 1.9358452872289325, 1.93549724039107, 1.9351491015900784, 1.934800872133445, 1.9344525531448298, 1.9341041456321135, 1.9337556508114113, 1.9334070698529024, 1.933058404061618, 1.9327096543455538, 1.9323608218625445, 1.9320119078635385, 1.9316629133450631, 1.9313138394890694, 1.930964687606103, 1.9306154588162576, 1.9302661542134252, 1.9299167748386998, 1.9295673217375908, 1.9292177960717525, 1.9288681990131484, 1.928518531605378, 1.9281687950571618, 1.9278189903194691, 1.927469118645194, 1.927119180947056, 1.9267691783489502, 1.9291315768275477, 1.9307638973584937, 1.9550652077821005, 1.9243638667634093, 1.935224154215074, 1.929743392631081, 1.9179754210186395, 1.9291123505211845, 1.9272426649073802, 1.9184116332402394, 1.9222917990167125, 1.9227205666310347, 1.9153767819382224, 1.9158159834334618, 1.9196609976028325, 1.9161138085962648, 1.913517979957473, 1.9157998304130823, 1.9142900280060469, 1.9105301130239687, 1.911250429274032, 1.9121023251140072, 1.9095852573865812, 1.908857368499235, 1.909679109453441, 1.9078268145877895, 1.9060084327704567, 1.9064655387736165, 1.9057419839058531, 1.9041010951270914, 1.9041552661518588, 1.9036855050797696, 1.902010786329688, 1.901503755748873, 1.901120362736706, 1.8997688620309061, 1.8992182130910138, 1.8988812370336516, 1.8976442612983637, 1.8968788591474286, 1.89634590237399, 1.8952059050838608, 1.8944987264722322, 1.8939563762961236, 1.892912073247606, 1.8921742216240263, 1.8914667854682181, 1.8904305058044992, 1.8897250962265117, 1.888959030794102, 1.888010967395509, 1.8873044134580652, 1.8864290216871806, 1.8854928420696608, 1.8847489447760217, 1.883834869861358, 1.8829922206743681, 1.8821818411943, 1.8812394666287864, 1.8804041763368813, 1.879521130112816, 1.8786006974692577, 1.8777699237959447, 1.8768449221341919, 1.8759591337523993, 1.8750653144120406, 1.8741273856046485, 1.8732462288341374, 1.8723090374693583, 1.871397852006448, 1.870473578724868, 1.8695239461382955, 1.86860258299615, 1.867653315869328, 1.8667234278270044, 1.865774244474234, 1.8648095806731404, 1.8638558099335576, 1.8628800894925446, 1.861920652928832, 1.860938559897454, 1.8599598212365294, 1.8589752755749378, 1.8579821837401176, 1.8569892556814849, 1.855983900912616, 1.8549839120084757, 1.8539663442417444, 1.8529509465943137, 1.8519274802941808, 1.8509058015390871, 1.8498740134747549, 1.8488349544953453, 1.847793150392395, 1.8467456988421724, 1.8456924615942152, 1.8446311556402095, 1.8435682307777745, 1.8424996807456546, 1.8414280177104558, 1.8403483879425295, 1.8392688979298748, 1.8381789590804323, 1.8370865103585374, 1.8359834253497092, 1.8348827909510665, 1.8337725734485204, 1.8326573946101143, 1.8315314508876257, 1.8304071258351016, 1.8292739684904902, 1.8281361549372661, 1.826992233419621, 1.8258421303541659, 1.8246856098588409, 1.8235232924750517, 1.8223500034190472, 1.8211772520575231, 1.8199979579689434, 1.8188129657654344, 1.817621746335773, 1.8164224406401759, 1.8152171140172653, 1.8140053658340731, 1.812787067387138, 1.8115621194167917, 1.8103304870857164, 1.8090921740603043, 1.8078467935416762, 1.8065878705975658, 1.8053313062104825, 1.8040669898452415, 1.8027953625531048, 1.8015170484107217, 1.8002313934288061, 1.7989380927418457, 1.7976377551105005, 1.7963299981070506, 1.795014325099576, 1.793691073157993, 1.7923599813510493, 1.7910209804362849, 1.7896742421273906, 1.7883196748510115, 1.786957003539589, 1.7855857135456341, 1.7842050506838674, 1.7828178427070904, 1.7814234844304169, 1.7800189476998853, 1.7786063265108458, 1.7771856656484273, 1.7757540791148718, 1.774312394824914, 1.7728713709796347, 1.7714143412934218, 1.7699478379029374, 1.7684647160411904, 1.7669819480772517, 1.7654902998504582, 1.7639886025892793, 1.7624773831380145, 1.7609565182969171, 1.7594254360502184, 1.7578848678821308, 1.7563337270147408, 1.754772897758278, 1.753201333538447, 1.7516078589519102, 1.750018834308706, 1.748416758066523, 1.7468030173484252, 1.745179444055732, 1.7435477877931114, 1.741908866371547, 1.740293561913334, 1.7387972730898336, 1.7379271387301243, 1.739756157532013, 1.751722347628283, 1.7712794017423277, 1.7518438338722329, 1.7311859429408158, 1.7546805295877907, 1.734414107846598, 1.7352581111309127, 1.7413961655970267, 1.7247775916467516, 1.7385220802079588, 1.7239841550361439, 1.7302974997514087, 1.7259342049950765, 1.7224235400880283, 1.726267077471654, 1.7176246435156408, 1.7238332491410715, 1.7157978516185575, 1.719340484821961, 1.7155082350954645, 1.714436703152893, 1.7149853654173213, 1.710606427541637, 1.7131147455126223, 1.708506242829113, 1.7097949936263104, 1.7075287798621197, 1.7060709536844625, 1.7063515157868245, 1.7032119037527267, 1.7040049090556122, 1.7016096039823296, 1.7007668059880912, 1.7002879999547162, 1.698003015362397, 1.6980764606897365, 1.696287301895935, 1.6951102098961208, 1.6946615210584575, 1.6927250753968883, 1.6921390674951653, 1.6910735378366129, 1.6894660630839093, 1.68890239705129, 1.687593208295582, 1.6862327103844499, 1.685528806747441, 1.6842082450430318, 1.6829206562841217, 1.6821350259772019, 1.6808800462215059, 1.679578201891507, 1.678681961165666, 1.6775476865379753, 1.676227344066836, 1.6751624436005808, 1.6741515530398468, 1.672905139297707, 1.6716711436798681, 1.670623001939848, 1.6695378376708212, 1.668293346437875, 1.6670743302630981, 1.665969907558315, 1.6648679177651928, 1.6636784587547522, 1.6624515635342711, 1.6612345485288171, 1.660082112192139, 1.6589509992229297, 1.6577961590863557, 1.6566178627611061, 1.6554084639851838, 1.654170211340221, 1.6496504303052724, 1.6428184796200682, 1.641300364124269, 1.691642118398015, 1.9523246046777105, 1.8597110025783308, 1.6954472711953612, 1.84703735035572, 1.6657769656354395, 1.789225346055157, 1.679403974169157, 1.723421591762991, 1.7042074770945903, 1.6650250741217183, 1.7224429804079626, 1.6342963163579365, 1.7151958186658702, 1.637735771990197, 1.6825415507936847, 1.659356239771637, 1.6467447002698028, 1.6741326692127707, 1.6304959705115232, 1.6683657953738646, 1.6357159351362762, 1.648722053630234, 1.6474675632226186, 1.6321797466484034, 1.651217492050318, 1.6279772770736658, 1.6439814295377821, 1.6325922465718075, 1.633009610333857, 1.6372177057877444, 1.6261182666357479, 1.636575433211994, 1.6251950308275525, 1.631488634576143, 1.6271896266447383, 1.625842551106565, 1.6284074794222207, 1.6223477592969089, 1.6272683814768139, 1.621292425425982, 1.6244441343366984, 1.6214127588980445, 1.6213006867239736, 1.6213574120548548, 1.6188690880565042, 1.6205579417489033, 1.61731781600589, 1.6190352543854674, 1.6163680703230825, 1.617220716648501, 1.6156061825736148, 1.6153970757280047, 1.61476612245626, 1.6137752499297413, 1.6137611727911647, 1.6123619901615507, 1.6125677248483148, 1.6111098526579006, 1.6112954830789703, 1.609939141287586, 1.6099724558418678, 1.6087973972835634, 1.6086613746369063, 1.6076570185275911, 1.6073559179950765, 1.6064951931167357, 1.6060839404310279, 1.6053206539717886, 1.6048267667478142, 1.6041217428254946, 1.6035930239638774, 1.6029179321365645, 1.602359840513728, 1.6017011249711572, 1.6011384898106522, 1.6004753345469815, 1.599922230898276, 1.599248043761515, 1.5986974681647856, 1.5980170169005243, 1.5974736698558134, 1.596790691733167, 1.5962427032843378, 1.5955599855704923, 1.5950112582521732, 1.5943341896588954, 1.5937663586617732, 1.5931060811258286, 1.5925195463302686, 1.5918799219628115, 1.591265285913505, 1.5906496831579966, 1.59001307759079, 1.5894064028335142, 1.5887627144199177, 1.5881560634492748, 1.5875164067623493, 1.5869017623253612, 1.5862670470527873, 1.5856361238462144, 1.5850195924165424, 1.584374372872177, 1.5837624368178789, 1.583116652399962, 1.5824871048174416, 1.581864858740459, 1.5812240721089497, 1.5805918886353603, 1.5799584033460319, 1.579322494213158, 1.5786898300884993, 1.5780477895360432, 1.5774126887744424, 1.5767747781509671, 1.5761325576366403, 1.575494011282639, 1.574852988654913, 1.5742105814351783, 1.573568378469889, 1.5729247570496545, 1.5722814501945237, 1.5716366161643784, 1.5709910635908058, 1.5703458560731702, 1.5696990767403305, 1.5690518583542052, 1.568404261456798, 1.5677558929908768, 1.567107200835695, 1.5664570755281146, 1.565812481763833, 1.5651620639089927, 1.5645102424397224, 1.5638588389357004, 1.563207244876872, 1.56255409717837, 1.5619003730666356, 1.5612467828216656, 1.5605923711463332, 1.5599375592864733, 1.5592804850413216, 1.5586219695632673, 1.557966042343737, 1.557307999710057, 1.556651434494936, 1.5559912172820463, 1.5553378266825388, 1.554677611125421, 1.5540301841004736, 1.5533648847089545, 1.5526967367776452, 1.5520478438023864, 1.5513725790421982, 1.5507222287924989, 1.5500517617756666, 1.549406229670558, 1.5487427348440903, 1.5481108802836507, 1.5474861981695247, 1.5469114692752022, 1.5464441248222427, 1.5462479735436532, 1.5469196780649797, 1.5500080511962393, 1.560569932307591, 1.5935652224272803, 1.6770484609987697, 1.7983291755271191, 1.7434134881367513, 1.5548134190923881, 1.6163618197205416, 1.691825600244306, 1.5575876377471685, 1.595851744171284, 1.637767115693287, 1.5421686929007805, 1.6032214294435851, 1.5876183514792508, 1.5450892350020375, 1.5996761129844084, 1.5497460803362673, 1.563394800842335, 1.575426936316814, 1.539477542347963, 1.5724771052121673, 1.5485687982014191, 1.5490272990026959, 1.5619339213363248, 1.5379388752506153, 1.5562263025856573, 1.5453978396927404, 1.5414256007525984, 1.5520035318535959, 1.5368605701845246, 1.5458114106405647, 1.54277841546898, 1.5365791231650439, 1.5447358082898965, 1.5362368854643995, 1.538315811060088, 1.5402255571861532, 1.5337377667572056, 1.538372837672179, 1.5358170288772734, 1.5331891267069593, 1.536672469848162, 1.53282721502285, 1.5327482839723812, 1.5343401109299961, 1.5309528974011977, 1.5318330166116907, 1.5321557417982974, 1.5295901612790652, 1.5305378601204611, 1.5302991860366868, 1.528366949378242, 1.5290630789505608, 1.5287148130180261, 1.5271615030531818, 1.5275313091884968, 1.5272883216755593, 1.52596985659804, 1.5259926339414636, 1.5259198988756866, 1.5248246453340577, 1.5244821785864529, 1.5245083408187021, 1.5237222585513643, 1.5230739112349079, 1.5230192760543664, 1.522593460451484, 1.521841608559759, 1.521506424746789, 1.5213073130643033, 1.5207319959162868, 1.520145509498304, 1.5198520877289996, 1.519560608594322, 1.5190202189173767, 1.5184835516172215, 1.5181354547773689, 1.5178155105964597, 1.5173568733431144, 5.788817073441641, 1.8022552051918495, 2.681604437610457, 3.6647169691049872, 2.6154909347922937, 1.5947518119192432, 1.7717389443156222, 2.481306028153151, 2.5412338705501365, 2.0122920126839166, 1.5625744162178885, 1.6086732466695095, 1.9516630976700078, 2.1129490030940827, 1.9277570751051731, 1.6309301360785917, 1.5223631767453332, 1.6563577486988459, 1.8256126309771517, 1.8262948749075378, 1.672919688016365, 1.5374884030184426, 1.5442198456747915, 1.648221558365718, 1.7098472393691708, 1.6604962104973866, 1.5632111105328577, 1.5224317648733745, 1.56503806339565, 1.622580669321845, 1.6220361117327429, 1.56811501038745, 1.5252319361406728, 1.5351104180376163, 1.5728652412867754, 1.5858255896527675, 1.5593278743188852, 1.5278325820857994, 1.5263774695716905, 1.5487478696649133, 1.5610045636763823, 1.5475518201238108, 1.5270579624230083, 1.524157969036338, 1.5376278115684472, 1.5458452409156187, 1.537622227070821, 1.5248990734714065, 1.523671753440938, 1.5322978989410247, 1.5365725660470593, 1.53047192810115, 1.5230468490395084, 1.5236929525690295, 1.5293535229301307, 1.5305591803133582, 1.5257306948897467, 1.5220203290052887, 1.5238821938105602, 1.5271047255707244, 1.5263400797002604, 1.5229029401728313, 1.5217972386853007, 1.5238323782919247, 1.5250883913857012, 1.523412699293042, 1.5215379235151554, 1.5219751213518184, 1.5233526148996959, 1.5231027296003532, 1.5216172057013324, 1.5211723454094352, 1.5220062612913892, 1.5223801795972014, 1.5214998368152122, 1.52081956219165, 1.5211466672112208, 1.5215835091838614, 1.521188172054021, 1.5205674581061013, 1.5205825481100215, 1.5209271654735141, 1.5207725034995598, 1.5202927597702816, 1.520170820775168, 1.5203787187910662, 1.5203209122817087, 1.519970691207321, 1.5198270034703463, 1.519922543416456, 1.5198886652890875, 1.5196356502866417, 1.5194847944201972, 1.5195176557695411, 1.5194774639738566, 1.5192805336651516, 1.5191423563329656, 1.519136126022986, 1.5190807522886103, 1.518918913592809, 1.5187982739032313, 1.5187633385502706, 1.5186929108047926, 1.518552523288676, 1.5184477205093656, 1.518395881631957, 1.518312145798823, 1.518184708146807, 1.5180893514560803, 1.5180249864144018, 1.517930965784794, 1.5178145504775145, 1.517722461722517, 1.51764412799643, 1.5175433752863225, 1.5174357997695367, 1.5173488178299381, 1.5172636282623768, 1.5171669003013184, 1.5170610047700825, 1.5169684907813596, 1.5168840834873634, 1.5167820477074416, 1.5166837120120178, 1.5165923107761494, 1.5164847935127357, 1.5163927823959442, 1.5162952221891315, 1.5161964531646739, 1.5161006643736783, 1.5160006093923373, 1.5159017893318705, 1.5158091126695787, 1.5157063414504535, 1.5156056532260982, 1.515506759051192, 1.5154049547113848, 1.5153022606000235, 1.5152017608379316, 1.515100430611185, 1.5149966248417657, 1.514893401652799, 1.5147911561147516, 1.5146874036264626, 1.514583041378062, 1.5144796170599322, 1.5143755313278187, 1.5142699887561668, 1.5141646224165533, 1.5140595231488845, 1.513953551474348, 1.5138540615839153, 1.5137488220687099, 1.5136431577159042, 1.5135366329806517, 1.5134300816309292, 1.5133234172732324, 1.5132160141067175, 1.5131083149815348, 1.513000627694372, 1.5128924299723858, 1.5127837568185136, 1.5126750226659438, 1.5125659813923207, 1.5124564594060244, 1.5123467728267599, 1.5122368685516854, 1.5121265033577294, 1.5120158639907175, 1.5119050471827615, 1.5117938625969343, 1.5116823689987002, 1.5115706832738818, 1.5114586656727922, 1.5113462999105354, 1.511233715534438, 1.5111208572890207, 1.5110076770267553, 1.5108942596325903, 1.5107805745039082, 1.5106665586481676, 1.5105521721437243, 1.5104374848553823, 1.5103225040782216, 1.510207273321953, 1.5100917384739196, 1.5099758765699873, 1.5098597260005278, 1.5097433169249683, 1.5096266339019204, 1.509509682439225, 1.5093924653685746, 1.5092749469554938, 1.5091571295473827, 1.5090390461073973, 1.50892069967741, 1.5088020908468236, 1.5086832183731473, 1.5085688696867043, 1.5084501154736214, 1.5083310748133136, 1.5082117548002236, 1.5080921605848536, 1.507972296826886, 1.507852167407397, 1.5077317755527837, 1.5076111240612888, 1.5074902148939615, 1.5073690497858365, 1.507247630849379, 1.5071259600341649, 1.5070040389211328, 1.5068818687710037, 1.5067594504464976, 1.5066367849514586, 1.5065136978403686, 1.5063902836410887, 1.506266613173311, 1.5061426869125996, 1.5060185049403927, 1.5058940689820324, 1.5057694003353683, 1.5056444819017416, 1.5055193143435857, 1.5053938980477468, 1.505272337787965, 1.5051469917039548, 1.5050214051787554, 1.5048955699458686, 1.5047694886368683, 1.5046431725719251, 1.5045166184420706, 1.504389831624456, 1.5042628134355085, 1.504135479922504, 1.5040076853939264, 1.5038796554991494, 1.5037513933948, 1.5036228972757077, 1.503494155780479, 1.5033651651617594, 1.5032359367615982, 1.5031102117107118, 1.5029810565773583, 1.50285168426711, 1.502722071836137, 1.5025921995853773, 1.5024618051215397, 1.5023311911183916, 1.5022003582307712, 1.5020692811382437, 1.501937949870234, 1.501806391004962, 1.501674617095523, 1.5015465165731363, 1.501414533505274, 1.5012822580953595, 1.501149713153322, 1.5010169448108053, 1.5008839744247757, 1.5007508819622415, 1.5006184151516175, 1.5004857512785021, 1.50035289022639, 1.5002198179888813, 1.5000865327695685, 1.4999530508538528, 1.4998193749845954, 1.4996864865356743, 1.4995523897934653, 1.4994180894602926, 1.499283596895066, 1.49914891254042, 1.499014035613572, 1.4988789584082993, 1.4987436824675617, 1.498608216553079, 1.498472562060205, 1.4983367184789786, 1.498200680876205, 1.4980644499228803, 1.4979280320464006, 1.4977914289104506, 1.4976546402285167, 1.4975186693403968, 1.497381480978605, 1.4972441119151243, 1.497106561435267, 1.4969688305932978, 1.4968309135533233, 1.4966928119652045, 1.4965545325054428, 1.4964160751047855, 1.4962774402846906, 1.4961386243139705, 1.495999629499452, 1.4958604600144538, 1.495722140783463, 1.4955825925974902, 1.495442870079836, 1.4953029752825877, 1.4951629086142817, 1.4950226706084047, 1.4948822608474202, 1.494741681338507, 1.4946009332288093, 1.4944600171651123, 1.4943189336003093, 1.4941776828980906, 1.4940362666206688, 1.4938956579056955, 1.4937538769653749, 1.4936119331932205, 1.4934698265096722, 1.4933275584254708, 1.4931851298888679, 1.4930425418278623, 1.4928997945188756, 1.4927568883914106, 1.4926138250215528, 1.4924706053461874, 1.4923272300410473, 1.4921836991075805, 1.4920400136059548, 1.491896174959689, 1.491752184007642, 1.491608821643897, 1.4914644908669337, 1.491320009364439, 1.4911753774329208, 1.4910305984560979, 1.4908856738284213, 1.4907406030363732, 1.4905953848591338, 1.4904500216154575, 1.4903045157331336, 1.4901588676092772, 1.490013076029083, 1.4898671416639373, 1.4897210672399515, 1.4895748539907023, 1.4894285012976611, 1.4892820087700223, 1.48913537857442, 1.4889886126251426, 1.4888417109716925, 1.4886946729100203, 1.488547499721588, 1.4884001935955957, 1.4882527552094573, 1.4881051839752608, 1.4879574804521511, 1.4878096467006487, 1.4876616838707228, 1.487513591709825, 1.4873653703472884, 1.4872170214908105, 1.4870686218399394, 1.4869171416248435, 1.4867736425262341, 1.4866273957664062, 1.4864764591579644, 1.486328579895545, 1.4861765688960054, 1.4860311241423134, 1.4858791273322915, 1.4857308695400038, 1.4855816638711858, 1.485426253722428, 1.4852725618213845, 1.4851254641982479, 1.484973169008584, 1.4848247856438774, 1.4846758907210074, 1.4845258922922198, 1.4843756363415723, 1.484225170283893, 1.4840711081574582, 1.4839207231002585, 1.4837701606579723, 1.4836194384561094, 1.4834686607603051, 1.4833178195684105, 1.4831668116504217, 1.4830156598280708, 1.4828644424114819, 1.4827131626801597, 1.4825617196396392, 1.4824101473558178, 1.482258499947836, 1.4821066755838197, 1.4819544527955673, 1.4818021053369288, 1.4816495948312147, 1.4814969377705678, 1.4813441542310015, 1.4811912358774828, 1.4810381325080486, 1.480884878402421, 1.480731501624678, 1.4805779573367985, 1.4804241744303759, 1.4802743787918802, 1.4801210675736165, 1.4799676174902985, 1.4798139910724595, 1.4796602437871313, 1.479506145920066, 1.4793513031822572, 1.4791959758987119, 1.4790445695588736, 1.4788904043359816, 1.478734715135971, 1.4785815477051278, 1.4784256238137454, 1.4782711001989144, 1.4781195857931257, 1.4779664470470708, 1.4778129905366535, 1.477660708183977, 1.4775079092800665, 1.4773541393061917, 1.4771989935468126, 1.4770395060935357, 1.476881531321097, 1.476721182090072, 1.4765654470175966, 1.476409675505291, 1.4762539598265436, 1.4760981080699376, 1.4759477043268723, 1.4757966027154588, 1.4756440138571472, 1.4754904839141845, 1.4753353879738234, 1.4751786041910548, 1.4750211498804433, 1.4748641821496897, 1.4747064794407607, 1.474549469865113, 1.4743921087979865, 1.4742340563540062, 1.4740769602036137, 1.4739204660970862, 1.4737656036462519, 1.4736099939587348, 1.4734514461498436, 1.4732963456226764, 1.4731403306296356, 1.4729842797692476, 1.47282778929473, 1.4726711324583057, 1.472511715896868, 1.4723550091103619, 1.4721979651745623, 1.4720409371557133, 1.4718837296327865, 1.4717265465447533, 1.4715693310040299, 1.4714152846913264, 1.4712580674617894, 1.471100802067898, 1.4709434874128262, 1.4707861280758125, 1.4706287225183714, 1.4704712726871014, 1.4703137784584308, 1.4701562411063067, 1.4699986628037847, 1.4698410414372767, 1.4696833801293614, 1.469525680223405, 1.4693679395704038, 1.4692101615095041, 1.4690523468375927, 1.4688944941541073, 1.4687366063643965, 1.4685786839568287, 1.4684207263269762, 1.4682627357482212, 1.4681047126207019, 1.4679466569429152, 1.467788570449514, 1.4676304368785245, 1.4674722666787858, 1.4673140696675488, 1.4671558460107272, 1.4669975967703577, 1.4668393227466707, 1.46668102404635, 1.4665227022702638, 1.466364357700436, 1.466205990519753, 1.4660476026425044, 1.465889193827932, 1.4657307645325475, 1.4655723168185297, 1.4654138499634306, 1.465255364886721, 1.465096863533814, 1.6984351181280943, 4.767771186392978, 1.61761161288146, 2.7565179277933485, 3.3087530255216717, 1.9203787924743374, 1.5482945194875304, 2.4085297283724745, 2.5236657459041356, 1.801856779007855, 1.4706455947972201, 1.8793687916904809, 2.166333218455805, 1.868805117408545, 1.4963402656234146, 1.560755730123431, 1.8444103268160694, 1.8501656682757441, 1.592814064171347, 1.4659000923250824, 1.6046856832832852, 1.7339164126424016, 1.6450614705257187, 1.489149350541834, 1.4903337543190744, 1.60397791476582, 1.625675036794617, 1.5256237003335165, 1.4656375576781429, 1.5192753281004543, 1.5742113651858924, 1.5366956304847903, 1.4728618736146828, 1.4803946470946214, 1.5284710843853746, 1.526687084796785, 1.480924532579503, 1.4682010525620037, 1.49887551274833, 1.5103772891416087, 1.482949473241544, 1.46578327843512, 1.4829543263746492, 1.4961656391540339, 1.4803644480206857, 1.4656836789155065, 1.4752442703050266, 1.4858557995110886, 1.4764374688764839, 1.4656352231520442, 1.471552047919704, 1.4790030704569985, 1.472593868767924, 1.4653938052399011, 1.469802433756805, 1.474456215244812, 1.4694878814107981, 1.4651838155316228, 1.4688464906011065, 1.4712053954511548, 1.4671821605035469, 1.4651524279398551, 1.468175561568553, 1.4687945527395099, 1.4656803628561816, 1.4652925678950366, 1.4674856968498249, 1.4669040534774282, 1.4648539709780872, 1.4654824356762113, 1.466675218805242, 1.4655210258754316, 1.4645713478322049, 1.4655323095626278, 1.465753084866652, 1.4646382220639809, 1.4646043385721845, 1.4652985603819, 1.4648638711218018, 1.4642509224387033, 1.4646595005826852, 1.4648151370135027, 1.4642326903994063, 1.464177843239305, 1.4645014865111612, 1.4642304852500858, 1.4639339547994155, 1.4641471514935354, 1.4641342414499112, 1.463814543862915, 1.463836958516776, 1.4639364875866567, 1.4637186911728108, 1.4636142913654433, 1.4637099508973572, 1.463600780918585, 1.4634452035783097, 1.463485099948591, 1.4634489698803999, 1.463298579576147, 1.4632813677161403, 1.4632742187076262, 1.46315325023729, 1.4630983889385127, 1.463095135062622, 1.4630026566893455, 1.4629256212240416, 1.4629041508975738, 1.4628367351783076, 1.4627571324756417, 1.462731453072298, 1.4626746700425222, 1.4625982622672167, 1.4625614645814538, 1.46251179789935, 1.4624369807339916, 1.4623907809300845, 1.4623415966646685, 1.4622717443626954, 1.4622212368874659, 1.4621711842290204, 1.4621040715389646, 1.4620501885703434, 1.4619985853463795, 1.461933883316899, 1.4618783314960362, 1.4618244248193475, 1.4617608072464507, 1.4617038746436912, 1.4616481747387657, 1.4615810819036368, 1.461521794204726, 1.461464497801768, 1.4614124549141907, 1.4613495047383334, 1.4612810848061777, 1.4612268241671875, 1.461171042395504, 1.461113298251631, 1.4610512032920815, 1.46099306563935, 1.4609326191882914, 1.460868682835133, 1.460807617706851, 1.4607499102360628, 1.4606875251089357, 1.4606278156707224, 1.4605644485724794, 1.460503481135146, 1.460441194346547, 1.4603800273407712, 1.4603163922559157, 1.4602554102388594, 1.4601950318342354, 1.4601347123218966, 1.460074641020509, 1.4600121849736742, 1.4599513282652878, 1.4598887766816384, 1.4598260241112357, 1.4597629763936688, 1.459698014976678, 1.4596328575783888, 1.459567940964498, 1.4595025496554341, 1.4594406193614105, 1.4593737432333627, 1.4593115240808736, 1.459251580117376, 1.4591791014660742, 1.4591148012112287, 1.4590733815616945, 1.4590067941380398, 1.4589419668670813, 1.4588760576318578, 1.4588093157889126, 1.458743791843383, 1.4586770204736679, 1.458610740963075, 1.4585445226641605, 1.458477145050272, 1.4584104692793347, 1.4583433405159705, 1.4582760668484676, 1.4582091080230837, 1.458130348272749, 1.4580678613750067, 1.4580003855077452, 1.4579309980873476, 1.45786309079039, 1.4577929488148038, 1.4577238825058039, 1.4576544454269609, 1.457585456745059, 1.4575173019118437, 1.457450033763774, 1.4573836379564782, 1.45731921356112, 1.457252803955464, 1.4571849702429693, 1.4571116981054664, 1.4570348597508849, 1.4569671195762501, 1.4568981112900437, 1.4568292791256032, 1.4567603384638341, 1.4566907797136677, 1.4566284640243643, 1.4565611773990952, 1.4564871845657152, 1.4564168801561233, 1.4563486135512314, 1.456271821357408, 1.456202113273851, 1.456130340951816, 1.4560593111550575, 1.4559883168784864, 1.4559171613274393, 1.4558457885775455, 1.4557744870625748, 1.4557027280689716, 1.455636116875045, 1.4555663375914187, 1.4554973188632794, 1.4554274662648465, 1.4553559519710264, 1.4552844475110007, 1.4552114110681083, 1.4551390559726456, 1.4550654767648032, 1.4549925923567486, 1.454920414367111, 1.454847968081438, 1.454775537930843, 1.4547037151291413, 1.454630966811752, 1.4545580306963373, 1.4544849795928554, 1.4544118175146759, 1.4543392493008767, 1.4542657466718245, 1.454192081323373, 1.4541183220166505, 1.454044386684467, 1.4539703355766305, 1.4538967005234849, 1.4538222901307642, 1.453747736279502, 1.4536730048709121, 1.4535981615416729, 1.4535231791757575, 1.4534480764081523, 1.4533727794823335, 1.4532973331236512, 1.4532213297973273, 1.4531468941368022, 1.45307642359168, 1.452999031201417, 1.452922612514167, 1.452845396022794, 1.4527703617761345, 1.4526987188918008, 1.4526193371206797, 1.4525457009054141, 1.4524720585863415, 1.4523960741645932, 1.4523190699060962, 1.4522409903442364, 1.4521630214990109, 1.452090717421938, 1.4520176728788228, 1.451941098151474, 1.451864018200351, 1.4517871934222826, 1.4517099983929886, 1.4516330066921945, 1.451555582353187, 1.4514782781890199, 1.451400741943398, 1.4513232842973478, 1.4512455686272008, 1.4511677875320117, 1.45108990675028, 1.451011973075673, 1.450933895152819, 1.4508556801164074, 1.4507774247488214, 1.4506990903020052, 1.45062066150753, 1.450542055915303, 1.4504634178277935, 1.4503846917225318, 1.4503058896740726, 1.4502322004310932, 1.4501537639248776, 1.450075284883529, 1.4499966268437696, 1.449917920026003, 1.4498390496952354, 1.449760133988557, 1.449681076995355, 1.4496019679554972, 1.4495227359992133, 1.449443451230357, 1.4493640466769528, 1.449284583752094, 1.4492050178605014, 1.4491253930273138, 1.44904566138808, 1.448965866869051, 1.4488859804889447, 1.448806030564434, 1.4487259825288334, 1.4486458686771027, 1.4485656701778913, 1.448485404278704, 1.4484050474616164, 1.4483246233815277, 1.4482441206116095, 1.4481635476718806, 1.4480828898866, 1.4480021632876303, 1.447921362307348, 1.4478404882332419, 1.4477594712729667, 1.4476783333127505, 1.447597121971711, 1.4475158242342805, 1.4474344494542997, 1.4473529974588641, 1.4472714691458324, 1.4471898540013062, 1.4471081580554028, 1.4470263886707633, 1.4469445435266988, 1.4468626126290867, 1.4467806049489218, 1.446698525291469, 1.4466163681276523, 1.4465341280150925, 1.446451815132409, 1.446369431225851, 1.4462906044755013, 1.446208514516442, 1.4461263354028306, 1.446044094908113, 1.4459617512798666, 1.4458793627970905, 1.4457968696981096, 1.4457143300577922, 1.4456317045012232, 1.4455490214603186, 1.4454662588792653, 1.4453834329215594, 1.4453005492331328, 1.4452175847017876, 1.4451345645128006, 1.4450514746840009, 1.4449683293661186, 1.4448851040232795, 1.444801650115285, 1.4447181366783746, 1.4446345363550008, 1.4445508649517353, 1.4444671341215165, 1.4443833358284779, 1.444299451789354, 1.4442155229879785, 1.4441315371963819, 1.4440474705603736, 1.443966291404832, 1.4438824805406782, 1.4437985854079545, 1.44371465627506, 1.4436306274721993, 1.443546573908309, 1.4434624253423096, 1.4433782289977133, 1.443293989071245, 1.4432096590153591, 1.4431251236173728, 1.4430404942130128, 1.4429557895896068, 1.4428710004079677, 1.4427861691077022, 1.4427012897340006, 1.4426163029157046, 1.442531274539899, 1.4424489396764508, 1.442364180470313, 1.4422793137840246, 1.4421944170109904, 1.4421094455934775, 1.4420241769582292, 1.4419388635416688, 1.441853512661539, 1.4417680877059302, 1.4416825741796258, 1.4415970306322576, 1.4415114397449338, 1.44142848350984, 1.4413429622596978, 1.4412572588625001, 1.4411714986453332, 1.441085708904418, 1.440999856828675, 1.440913893422488, 1.4408284384602583, 1.4407430701655939, 1.440657668098634, 1.440572953639581, 1.4404874351034573, 1.440401873031537, 1.4403162722527705, 1.4402306107921203, 1.4401449129998498, 1.4400591837243972, 1.4399733843860112, 1.4398875539069957, 1.439801696396256, 1.4397157682879582, 1.4396298113689505, 1.43954382629418, 1.4394577744659782, 1.4393716941166168, 1.4392855838431968, 1.4391994121851879, 1.4391132113983223, 1.4390277352720935, 1.4389414334777937, 1.438855097582003, 1.4387687342305535, 1.4386823192802587, 1.4385958706925097, 1.4385093900004307, 1.438422864986203, 1.4383363066603296, 1.438249712222605, 1.4381630798216773, 1.438076414761801, 1.4379897156889163, 1.437902978445213, 1.4378162096441118, 1.4377301451067501, 1.4376432916342081, 1.4375563997280003, 1.4374694625717863, 1.4373825070330764, 1.4372955206287683, 1.4372084862479044, 1.4371214302158548, 1.4370343489407256, 1.4369472240332415, 1.4368600715484492, 1.4367728949389829, 1.4366856833435817, 1.4365991624550705, 1.4365118669530736, 1.436424542451761, 1.436337195023791, 1.4362498165760191, 1.4361624070583543, 1.436074971827418, 1.4359875113850782, 1.4359000214703472, 1.435812505544812, 1.4357249639142553, 1.4356373963981597, 1.435549804267105, 1.4354621846122704, 1.4353745415269457, 1.435286875266588, 1.4351991822586936, 1.4351120608614076, 1.435024300700264, 1.4349365061467854, 1.4348486958156041, 1.4347608560848293, 1.4346729997955037, 1.4345851296671486, 1.4344972242244032, 1.4344093063666128, 1.4343213664205092, 1.4342334054752193, 1.4341454322474738, 1.4340574276734839, 1.4339694116151296, 1.4338813762669131, 1.433793319720735, 1.4337052523426628, 1.4336171571692953, 1.4335290514999193, 1.433440927063398, 1.4333527841821143, 1.4332646309839083, 1.4331764530891666, 1.4330882664603468, 1.4330000600953299, 1.4329118398578444, 1.432823608112174, 2.0201468598581003, 6.5721922587879895, 1.8188490661718313, 3.207663925011209, 4.220539146022753, 2.236448361816596, 1.5321172107455985, 2.821259001783409, 2.9677219416863903, 1.8625629394612275, 1.4704224372688393, 2.1650851576921815, 2.4557724644187546, 1.8813226767436342, 1.4351663840054614, 1.7162078325035004, 2.0785794926268077, 1.8901821017142892, 1.4972183435057311, 1.4952988611495668, 1.775898607933395, 1.814810107538432, 1.565385652012588, 1.435672720547118, 1.5806646726234916, 1.698641201915322, 1.5878199610501427, 1.443628156657684, 1.4838296822849955, 1.5953659776024727, 1.5698313184167616, 1.4593916052159521, 1.4479350404543452, 1.5255110502076674, 1.5373513819895777, 1.4658502115755376, 1.437411548700431, 1.4856964726344595, 1.5071582041909795, 1.4624670263171586, 1.4356222074910632, 1.4652017791095084, 1.4839948628390927, 1.4559925916622027, 1.4353710212900437, 1.4546952919604577, 1.4680347181133875, 1.4484944580393733, 1.4353513971862197, 1.4493872309335656, 1.457088857673516, 1.4424646828889427, 1.4355563167599257, 1.4462611154712928, 1.448925738363429, 1.438107424558602, 1.4360986280253734, 1.4439325977255366, 1.4430034777245704, 1.435600286678895, 1.43681245799927, 1.4417793772259824, 1.4386721591037253, 1.4346173376989944, 1.4374230623120179, 1.4393698909707162, 1.435838881912753, 1.4347465530714267, 1.4374307985813868, 1.4369370609742649, 1.4344439496822146, 1.4353190746877662, 1.4366479938296892, 1.4350438432860164, 1.434262452032523, 1.4355914142324526, 1.4353740574176628, 1.4341061741167536, 1.4346110141374488, 1.435175911669034, 1.434276814770785, 1.4340446680593806, 1.4347078257027983, 1.4343681752282742, 1.4338363939215006, 1.4342285899088358, 1.434349089745452, 1.433785433260274, 1.4339053602811938, 1.434127257166059, 1.4337678637469617, 1.4337057083189095, 1.4339220022891614, 1.4337253970396353, 1.4335631522862393, 1.4337236148038228, 1.43365601287968, 1.4334632990053064, 1.4335235526577346, 1.4335480669558227, 1.433372669796152, 1.433392827571764, 1.433424474356815, 1.4333013843239717, 1.4332747698713832, 1.4333172204126432, 1.4332224533417979, 1.4331797336566838, 1.43320147279591, 1.4331308475127449, 1.4330887827742593, 1.433091752821119, 1.4330358412413717, 1.4329932840749937, 1.432991718041208, 1.4329465839737434, 1.4329031665334016, 1.4328942007161003, 1.4328523233660972, 1.4328128433462421, 1.4327976207246893, 1.4327566196214727, 1.432715656854421, 1.4327044869814964, 1.4326605414970377, 1.4326246921886083, 1.4326019883985028, 1.4325665950287898, 1.4325369233633436, 1.432513346029431, 1.4324726015905633, 1.4324422090846274, 1.4324146887404179, 1.432382407158637, 1.4323458517240812, 1.4323128546964876, 1.4322827622215286, 1.4322507145177867, 1.4322227501596385, 1.4321847618077048, 1.4321532322234207, 1.4321224474696352, 1.432088244056406, 1.432056203884774, 1.4320232825518966, 1.4319894152312498, 1.4319560378827492, 1.4319272194723174, 1.4318948246305616, 1.4318602902316102, 1.4318261755294004, 1.4317928293519555, 1.431758200550875, 1.4317187088260042, 1.4316944271552499, 1.431660698774831, 1.4316239254481224, 1.4315890801575935, 1.4315591367621687, 1.4315282251993222, 1.4314941219448436, 1.4314600710625192, 1.4314248801051157, 1.4313893294427775, 1.4313553630566653, 1.4313207683130498, 1.4312851075673418, 1.4312495645788648, 1.4312155203127617, 1.4311800565506203, 1.431143474516139, 1.4311082465450926, 1.4310726121176702, 1.4310366808687187, 1.4310009538192512, 1.4309712225537181, 1.4309346683137454, 1.430899237012153, 1.4308638236401858, 1.4308287579033214, 1.4307933728715145, 1.430757664651631, 1.4307221610176803, 1.430686269582763, 1.4306504054884852, 1.4306144290776888, 1.430578165911619, 1.4305419956678136, 1.4305055345629227, 1.4304689668035862, 1.4304323204549645, 1.430395464442691, 1.430358568385381, 1.4303212727974255, 1.4302857847323596, 1.4302470245428502, 1.4302108440348318, 1.430174308919331, 1.430137360231286, 1.4301001175992154, 1.4300624858301847, 1.430024680056208, 1.4299868122543322, 1.429952895430359, 1.4299146857629166, 1.4298771633475005, 1.4298395936250055, 1.4298020204347703, 1.429764359645616, 1.4297259149867072, 1.4296888494749764, 1.4296516532401908, 1.4296140485003463, 1.4295759720638217, 1.429536984553708, 1.4294978809377432, 1.429458680016733, 1.4294224984250687, 1.4293843490125235, 1.4293457500493356, 1.4293073891661379, 1.42926841142737, 1.4292292580111985, 1.429190169078435, 1.4291525953993107, 1.4291146660319731, 1.429075434081959, 1.429034750339775, 1.4289948319166355, 1.4289590392117908, 1.4289193212879139, 1.4288800839225262, 1.4288416773423906, 1.4288033674023948, 1.4287646084771302, 1.4287276872959807, 1.4286880551505632, 1.4286482691020383, 1.4286110854603806, 1.428571711769287, 1.4285322298250436, 1.4284926031228495, 1.428452960996816, 1.428413749097298, 1.4283740612039626, 1.428334309009005, 1.4282950680055961, 1.4282552422429817, 1.4282172721745523, 1.4281762714894992, 1.4281367793657032, 1.428097010105918, 1.4280569305152733, 1.4280176272648886, 1.427977798539139, 1.4279368621280994, 1.4278983333588764, 1.4278569376368182, 1.4278153973478591, 1.4277736303895143, 1.4277328352519356, 1.4276918222742068, 1.427650985843539, 1.4276110364511643, 1.4275647312230497, 1.4275269190794904, 1.4274853545819313, 1.4274467566046711, 1.4274058594495358, 1.427366481106639, 1.4273237544567952, 1.4272849652800794, 1.4272456579209523, 1.4272058526355915, 1.4271627659503756, 1.4271213518925725, 1.4270802134779097, 1.4270389527744785, 1.4269977051308764, 1.426956288620137, 1.4269149652801383, 1.4268737167719647, 1.4268323219084666, 1.4267901284533018, 1.426748247318239, 1.4267062181681776, 1.4266615419165125, 1.4266205533053347, 1.4265775204082038, 1.4265329788060341, 1.4264934073132487, 1.4264469779136244, 1.4264013113207186, 1.4263712177759738, 1.4263252448830075, 1.4262815066780712, 1.4262389918543488, 1.4262002677476588, 1.426157680868252, 1.426115001132129, 1.4260711740771148, 1.4260278247638467, 1.4259858612265541, 1.425943339006513, 1.4259002469399622, 1.4258564951797763, 1.4258128040941331, 1.4257737039997702, 1.4257286073641213, 1.4256882013434764, 1.4256436836345627, 1.425600570189786, 1.4255600612589119, 1.4255178529191348, 1.425474626393158, 1.4254360281764837, 1.4253916824441586, 1.425349712300225, 1.4253059269141874, 1.4252635146198627, 1.4252215496467935, 1.4251790801101298, 1.4251349819143868, 1.4250899337437255, 1.4250467009639687, 1.425000680425512, 1.42495276130448, 1.4249107391587559, 1.4248712256807334, 1.424828692174054, 1.424782173188005, 1.4247395784931753, 1.4246889004756635, 1.4246494339663016, 1.4246063145275238, 1.4245811414062486, 1.4245367906457942, 1.4244925597474385, 1.4244486415906066, 1.424404451845537, 1.4243598848694, 1.42431708524903, 1.4242732429797218, 1.4242283334460597, 1.4241845181144113, 1.4241395002204813, 1.4240955344458681, 1.4240505556427294, 1.4240064686213805, 1.4239594390668306, 1.4239152680872158, 1.4238703176836347, 1.4238257747316612, 1.4237809114142916, 1.4237260000027165, 1.4236873871431126, 1.4236425516619244, 1.4235985230485126, 1.4235544675991572, 1.4235113310418244, 1.4234673471135428, 1.4234193209993131, 1.4233736410671893, 1.4233286039949482, 1.4232817765077093, 1.423236232658716, 1.42319166193504, 1.4231468341693068, 1.4231019919197865, 1.423056664873288, 1.4230114225352168, 1.4229662772800888, 1.4229225837390065, 1.4228803212945815, 1.4228343344776886, 1.4227917847610527, 1.4227474554216855, 1.4227040996220737, 1.4226583322850919, 1.4226128018296276, 1.422566998921022, 1.4225212717478322, 1.4224756375390857, 1.4224300942526673, 1.4223846639776399, 1.4223393576036383, 1.4222941115297354, 1.4222489758735504, 1.422203885845432, 1.4221588578892692, 1.4221138582687416, 1.4220688017921916, 1.4220237056234246, 1.4219782363253157, 1.4219330271104396, 1.4218857803283873, 1.4218393616884486, 1.4217963133995941, 1.421746901484833, 1.421699609683326, 1.4216554906967238, 1.421608614993397, 1.4215621958562876, 1.4215183378039618, 1.4214744578460028, 1.4214280592751611, 1.4213838418684086, 1.4213351856119154, 1.4212891931844482, 1.4212435828950165, 1.4211973241989488, 1.4211533671583207, 1.4211074533196386, 1.4210611286815185, 1.4210147423193662, 1.4209682950986575, 1.42092179208386, 1.4208752113717933, 1.4208285829924543, 1.4207819130849957, 1.4207371993895246, 1.4206905848494165, 1.420643649095413, 1.4205964995615974, 1.4205491293313848, 1.4205016897315508, 1.4204551081889252, 1.4204082271981184, 1.4203610276245149, 1.4203145583866004, 1.4202680825257046, 1.420221223829377, 1.4201738621563464, 1.4201264862039054, 1.42007976993769, 1.4200360004148196, 1.419988004893787, 1.4199415011849124, 1.4198992378219777, 1.4198530016941067, 1.419805853092967, 1.4197560660757256, 1.419706862823662, 1.4196596906313916, 1.4196129798063375, 1.4195688960813408, 1.4195242535877057, 1.419471635583686, 1.4194292255510865, 1.4193785292941805, 1.4193360934902708, 1.4192887246761658, 1.4192412306835798, 1.4191900764710519, 1.4191423039093847, 1.4190979430060966, 1.4190548699545935, 1.4190025872813934, 1.4189588658666514, 1.4189115465629, 1.4188641105017121, 1.4188167501519444, 1.4187693264341539, 1.4187218284771996, 1.418674411840743, 1.4186266187509278, 1.418578536412074, 1.4185311783768575, 1.4184849046995127, 1.418437746459773, 1.418388709892258, 1.4183421469808597, 1.4182969696824834, 1.4182470597682333, 1.4181991667403657, 1.4181513982359542, 1.4181037926958682, 1.418055687591565, 1.4180062665800994, 1.4179581551696214, 1.4179106016790664, 1.417863025867091, 1.4178151138995074, 1.4177671643933965, 1.4177191311418225, 1.4176711075161632, 1.4176230775725343, 1.4175749825006652, 1.4175305051832756, 1.4174829031756773, 1.417435029751385, 1.4173890011813264, 1.4173418136416542, 1.4172940902556064, 1.417245979716027, 1.4171980224260308, 1.4171501313871053, 1.417101909375027, 1.4170537177332319, 1.4170055951141889, 7.187551659527343, 1.662164193902402, 2.141882528784851, 2.250991675249376, 1.6690901416927375, 1.7999828514986673, 1.848673248961961, 1.4375321450113676, 1.8668333479781738, 1.5253792536478725, 1.534834953045011, 1.7265407786834224, 1.4400434874237897, 1.555197541135164, 1.6170200959795331, 1.4198672085043702, 1.543730923568242, 1.5476920655474011, 1.4177283919491197, 1.5235813439563406, 1.501247210756936, 1.4197876545158816, 1.5047958534635264, 1.4699037464071874, 1.4229773848812663, 1.4885968415857795, 1.4466816874258308, 1.4282165303001584, 1.4735762562995072, 1.4310114333735229, 1.433510924977545, 1.4585598411905714, 1.4210941965316346, 1.4386775046699538, 1.4429469741612253, 1.4184367281477068, 1.4404896407602883, 1.428855732404607, 1.4217956914271779, 1.4368318592751763, 1.4196499939428409, 1.4271838482898525, 1.428301181766132, 1.418133966384497, 1.4289561514471263, 1.419942356107485, 1.4219939974331197, 1.4246171603986493, 1.4175741309143626, 1.4243308992413966, 1.4186671608934267, 1.4205085018031203, 1.4211682266788292, 1.4176344421857832, 1.421570402271718, 1.4174216158714559, 1.4199259775423678, 1.418635228132006, 1.4180024807720697, 1.4194401353077488, 1.4170982880212506, 1.4192336010277868, 1.4171663162775117, 1.418376557973797, 1.4176164622872085, 1.417539676951131, 1.4179151869486653, 1.4169992556219888, 1.4179063020380525, 1.4167925805981787, 1.4176685999604857, 1.416786223778864, 1.41731859167658, 1.4168531589141564, 1.417014746224289, 1.416883369836633, 1.416750772276002, 1.4168759149280665, 1.416583181947448, 1.4167416812940035, 1.4164890725807717, 1.416643732008648, 1.4163800149307413, 1.4165446146810856, 1.4162942512795844, 1.4164289776435908, 1.4162122129126233, 1.4163363303226357, 1.416130528186895, 1.4162333901634157, 1.4160588442153177, 1.416139080566908, 1.4159801491161574, 1.416047633610186, 1.4159077272409912, 1.415954604051523, 1.4158281108981963, 1.415852922224275, 1.4157515480354177, 1.415773276140726, 1.4156741606217782, 1.4156808511851133, 1.4155938333136218, 1.4155875610757247, 1.4155224606454149, 1.4154986884428524, 1.4154442216615761, 1.4154096283882402, 1.4153642392947383, 1.4153201280547805, 1.4152838515684012, 1.415232693233165, 1.4152001563364263, 1.4151459397671842, 1.4151157558050702, 1.415060882424054, 1.415027589407027, 1.4149768362805608, 1.4149419805950407, 1.4148968895828438, 1.4148543383185754, 1.41481299509259, 1.4147671448887793, 1.4147276235760227, 1.4146808451575745, 1.4146408088122355, 1.414594867189651, 1.4145523581360906, 1.414508755291021, 1.4144637393923285, 1.414421177087793, 1.4143752069973834, 1.4143325515826453, 1.4142874234497482, 1.414242881177617, 1.4141984294523235, 1.4141526969990432, 1.4141084383234235, 1.41406250385354, 1.4140174623273145, 1.4139717629747999, 1.4139284933606302, 1.4138842619828758, 1.4138380596268805, 1.413793087879723, 1.413747532768953, 1.4137013603804511, 1.4136560562840514, 1.4136096439586388, 1.4135633220937402, 1.413516686761013, 1.413469540151666, 1.4134229971749874, 1.4133788575923596, 1.4133320047471107, 1.413285627703162, 1.413238373963772, 1.4131908064724725, 1.4131434831344156, 1.4130981971829077, 1.4130504581761718, 1.4130029876535553, 1.4129547526812845, 1.4129081931783567, 1.4128609389617088, 1.4128140169218106, 1.4127668130878366, 1.412719929055058, 1.412672663832712, 1.4126251799044456, 1.412578471439348, 1.4125308344752328, 1.4124830714961316, 1.4124353544536377, 1.412388079510089, 1.4123398837884127, 1.4122917334724558, 1.4122434470686114, 1.4121955155253139, 1.4121469547082293, 1.4120982406828768, 1.4120493069748996, 1.4120003527130314, 1.4119517401337167, 1.4119024344417195, 1.4118529631022734, 1.41180347440098, 1.4117538651815353, 1.4117040338222893, 1.4116541704368955, 1.4116042569444323, 1.4115540869354675, 1.411501704548357, 1.4114515835811472, 1.4114049426663728, 1.411355658506887, 1.4113054084575607, 1.4112563232468938, 1.4112071604726302, 1.4111575727255503, 1.4111075369446304, 1.411057258949911, 1.4110071574251082, 1.4109569817927339, 1.4109065637295017, 1.410855982245639, 1.4108054604493008, 1.4107548055572978, 1.4107036917877447, 1.4106518647140793, 1.4105984785171108, 1.4105483661544598, 1.4104967708546925, 1.410445349501714, 1.4103969427139202, 1.4103377799916412, 1.4102977046119323, 1.4102544612366064, 1.4101953825048104, 1.4101388785410827, 1.4100872643175357, 1.4100368637273895, 1.4099889851863598, 1.4099387799572958, 1.409884883233736, 1.4098283040038162, 1.409776641777382, 1.409726658546262, 1.4096776269073776, 1.4096275992346963, 1.4095759417662321, 1.4095221261159074, 1.4094696127137532, 1.409416486364144, 1.4093643530194866, 1.4093124153669914, 1.4092603778681896, 1.4092091438703314, 1.4091575860240626, 1.4091051186176762, 1.4090537655915925, 1.408999856081166, 1.4089477198511078, 1.408895043608596, 1.4088430495411588, 1.4087927856241373, 1.4087451473412078, 1.4087011743567335, 1.4086636578819332, 1.4086762070170817, 1.4087662632606122, 1.4091281480072433, 1.4100485684926554, 1.4123410433147674, 1.4177337390723752, 1.4302389623897611, 1.4595520029429743, 1.5255606642644586, 1.6620628325639009, 1.8742164537326715, 2.014279142501022, 1.8100150001909592, 1.456731262467231, 1.4790457932224526, 1.711787286184088, 1.6147009962192103, 1.4122979894994907, 1.5264196235551934, 1.595478542203157, 1.4382948195350893, 1.4543112187625589, 1.5418547446988187, 1.4427071963478608, 1.4351246295137494, 1.5036916850741784, 1.4329019770215208, 1.4324554029920007, 1.476994588299014, 1.4215232215216018, 1.4337607388914286, 1.4564055930489572, 1.4145697111817421, 1.4334409843704108, 1.4407034090085957, 1.411907995249427, 1.4302640114493366, 1.429983635494642, 1.4111593349116007, 1.4262073479295554, 1.4236163373898272, 1.4109084919949153, 1.4221428837491568, 1.419804179192476, 1.4107095470579247, 1.4186787905426486, 1.417568181584631, 1.4105706854969768, 1.4158307015445382, 1.4160926648691048, 1.4105659416834402, 1.4136946921035902, 1.415012600820078, 1.4107207824628418, 1.4120625197905001, 1.4140063464053487, 1.4109975829461794, 1.4108995410806495, 1.4129546507397743, 1.4113044466998248, 1.4102208547253203, 1.4118362400480744, 1.4114144862854021, 1.4100113113318031, 1.4108384194874353, 1.411252831336999, 1.4100945057263046, 1.4100960885179283, 1.410820325200293, 1.410275833487495, 1.409708565097057, 1.4102037079666885, 1.410303397750717, 1.4096854882902683, 1.409645060416422, 1.410005624695345, 1.4097887578920858, 1.4094025309627494, 1.4095301418050143, 1.4096782467360558, 1.4094133313357105, 1.4092151151471233, 1.409338067206673, 1.4093593800427242, 1.4091416643330676, 1.409037092934085, 1.4091150449403427, 1.4091018713876295, 1.4089378805192454, 1.4088460383038575, 1.40888203986828, 1.4088687432457114, 1.4087475931541666, 1.408653869137379, 1.408651285230571, 1.4086418655269037, 1.4085609668465486, 1.4084683475256683, 1.4084308382137742, 1.4084203226293595, 1.408379472150702, 1.408299952525251, 1.408231317100414, 1.4081969480863974, 1.4081718599205126, 1.408126455296756, 1.4080589975207212, 1.4079973591520283, 1.4079558153287635, 1.407922762280784, 1.4078804617103693, 1.4078234791834368, 1.4077648416879915, 1.4077143484330938, 1.407672898101991, 1.4076319313523284, 1.4075846941242793, 1.407531567714132, 1.407478038484394, 1.407428454653983, 1.4073832073457404, 1.4073393167474135, 1.4072921819490771, 1.4072426628370918, 1.4071908703810074, 1.407140628173984, 1.4070906875326523, 1.4070455643563902, 1.4070017392213963, 1.4069556316817313, 1.4069076900713304, 1.406862672179632, 1.406814531207837, 1.4067666820195805, 1.4067176873282508, 1.4066688965369811, 1.4066199749659203, 1.4065714329039702, 1.4065230799548771, 1.4064750178443917, 1.4064271277197298, 1.4063793821799704, 1.4063314847769133, 1.406283496329449, 1.4062345380592627, 1.4061854230061879, 1.406139081054308, 1.4060918500072814, 1.406054679903855, 1.4060201681527968, 1.4060149817941954, 1.4060438044232924, 1.4061183175425376, 1.4063078000294367, 1.4067233714910357, 1.4076435829808076, 1.4096899124299584, 1.4143117842957051, 1.424636128904596, 1.4482706896160336, 1.5013736338159214, 1.6171150946979664, 1.8339956736798313, 2.1170875003659817, 2.191074944406083, 1.78227568492399, 1.4154481023276784, 1.5771161442526491, 1.8081672431739408, 1.593972509493571, 1.410398935591145, 1.6117007460158659, 1.6131554511163047, 1.4112242605437968, 1.536294784975032, 1.5601938405980365, 1.4112713632179896, 1.5266652321136107, 1.4895048771459904, 1.4252031877215832, 1.5160671374041286, 1.428965611754113, 1.4599108104396648, 1.4702759696424736, 1.4162997771477903, 1.4702084121886083, 1.4254270599669543, 1.43319519402784, 1.4509336802671478, 1.4116422549536616, 1.4427915522588213, 1.4292943400113522, 1.4141763841616175, 1.4395967506227076, 1.4169166683567502, 1.417682546549928, 1.4313172537449996, 1.41144446853399, 1.4189181232656707, 1.423854808842548, 1.4095811823715927, 1.4187651833050672, 1.418648572263387, 1.4092502212966498, 1.417635463391119, 1.4153838254071318, 1.4092428626982292, 1.4157412616647058, 1.413297854457013, 1.4091817092638854, 1.4140512541530728, 1.4120461028123434, 1.4090414717083894, 1.4127174378262572, 1.4113218992188257, 1.4088632669792864, 1.4116428237128387, 1.4108509455046587, 1.4087038332402047, 1.4106292265283307, 1.4103788227240521, 1.4086032643870838, 1.409667371580302, 1.40980401491142, 1.4085355630037575, 1.408952992164741, 1.4092667624255908, 1.4084133282422704, 1.4086539007148091, 1.4090052953437944, 1.4083479319491987, 1.4083378509280566, 1.4087071601011394, 1.4083148437191615, 1.4080737566057742, 1.4083662474577852, 1.408241834892072, 1.4079223192502706, 1.4080526715484258, 1.408101943809825, 1.4078318353060129, 1.4078013092292336, 1.4079028573503622, 1.4077464190243427, 1.4076160506503574, 1.407645777164272, 1.407573451537354, 1.4074662447584865, 1.4075835143018767, 1.4076018214430717, 1.407454799569104, 7.935015541036825, 5.485557795749864, 3.1677293139716727, 1.5363753132338487, 2.47351049580106, 1.8426099281183554, 1.6043963373707415, 2.16553300895151, 1.534191849652023, 1.6143682886930733, 1.920539595144645, 1.5111910195944096, 1.5180649619184066, 1.776559438068142, 1.537246296886915, 1.444884701412798, 1.6556759271772947, 1.5628696436267717, 1.419877645916034, 1.5518209436434909, 1.566325316716718, 1.4304314975963643, 1.4768932388535783, 1.5439893236598563, 1.4525177419015842, 1.4370943731959216, 1.508849368701535, 1.4684410336705922, 1.423996889774369, 1.4745420494598394, 1.4717915917820648, 1.4247565180588482, 1.450241950694967, 1.4662097013836517, 1.429005664240149, 1.4361707694033166, 1.4568671696616966, 1.4315781594153278, 1.4291712930561213, 1.448104300099436, 1.4316415084949845, 1.4259483396308752, 1.4411456274817602, 1.4300346214050335, 1.4245318653351333, 1.436123947866091, 1.4275928220799352, 1.4238937440359984, 1.4324519774106355, 1.4251778870685854, 1.4237175567684517, 1.42954390250975, 1.4231101241272217, 1.4238348440013786, 1.4269769935523888, 1.4216569624148319, 1.4239522912875189, 1.4245855601176898, 1.4209818317903664, 1.4238339457887277, 1.422464401670727, 1.4210094730193046, 1.4231680310062453, 1.4209190488028554, 1.4213809850012107, 1.421987425325878, 1.4202054039619196, 1.4215040427072234, 1.4206503608854937, 1.4202368519956536, 1.4210001242071106, 1.4197965632694252, 1.4203999883571417, 1.420072804313406, 1.4196183414284955, 1.42011472652233, 1.4193476241439031, 1.4196777266210323, 1.4194225322522624, 1.4191559462627052, 1.4193862080090265, 1.4188764654669859, 1.4191071104406665, 1.4187980515914391, 1.4187363927962773, 1.4187288029222969, 1.4184398719839493, 1.4185539693681444, 1.4182598143175698, 1.4182974439650868, 1.418132996140002, 1.418033194437892, 1.4179869371113474, 1.4178006528502605, 1.4178092147333716, 1.4176091191195874, 1.4175998483479988, 1.4174409915299455, 1.4173819397187193, 1.4172752471692593, 1.417169458447421, 1.4170980705346978, 1.41697481815128, 1.4169169209065005, 1.4167891490054207, 1.4167256908726935, 1.4166049698955347, 1.4165332040639573, 1.4164244990201889, 1.4163377110452893, 1.416238356264589, 1.4161463288952325, 1.4160547913938621, 1.4159556879268418, 1.4158664324220582, 1.4157683164526702, 1.4156839791489713, 1.4155818701897969, 1.4154960813998754, 1.4153950735164094, 1.415307976998111, 1.4152087677789225, 1.4151182554194495, 1.4150233371387524, 1.4149334290143367, 1.4148369071846927, 1.4147530831666641, 1.4146589894142616, 1.4145701772741204, 1.4144761403634396, 1.4143860439498577, 1.4142904038616384, 1.4141992182773753, 1.4141056358700956, 1.414019391053012, 1.4139284123909712, 1.4138386592176453, 1.4137419982979624, 1.4136564389010116, 1.413563936299601, 1.4134741162425393, 1.4133903190389612, 1.4133061551870643, 1.413218429404176, 1.413122637082119, 1.4130328865637065, 1.412967464370382, 1.412883516311023, 1.412788087364463, 1.4127053008361072, 1.4126110195777328, 1.412525116221729, 1.4124363977232997, 1.4123552067031289, 1.4122678168969858, 1.412182459799305, 1.412098663623346, 1.4120109859132897, 1.4119285911572106, 1.4118400599601444, 1.411763598080572, 1.4116763791474902, 1.4115952775729814, 1.4115102326727165, 1.4114271453001128, 1.4113484488896573, 1.4112663966728805, 1.4111849666791845, 1.4111015421596969, 1.4110190331034327, 1.4109361066866408, 1.4108589223206884, 1.410779809810607, 1.410698009104711, 1.4106186517909967, 1.4105380133746162, 1.4104574074866547, 1.4103766647213118, 1.4102953620887513, 1.4102198826845351, 1.4101408850219515, 1.4100615558554679, 1.4099819109544793, 1.4099061174246805, 1.4098271165113496, 1.4097505493442388, 1.4096707518827787, 1.4095950329727436, 1.4095197804094466, 1.4094449258549444, 1.409369878847693, 1.4092955151530053, 1.4092199278636306, 1.409145163786156, 1.409070190343529, 1.408995214928063, 1.4089197237789937, 1.408844514802078, 1.4087693184352885, 1.40869571261966, 1.4086220302882408, 1.4085536554245672, 1.4084812599101342, 1.4084087320517718, 1.4083359465983494, 1.4082636092644418, 1.408190738196552, 1.4081177725664604, 1.4080449696168287, 1.4079722039712805, 1.4078995502377785, 1.4078275965484472, 1.4077546078276801, 1.4076825624198825, 1.4076077497568342, 1.4075309903492594, 1.4074586488293381, 1.407388524172397, 1.4073159039904968, 1.4072403271416698, 1.4071716054422334, 1.4070999246015923, 1.4070349849040193, 1.4069619876273867, 1.4068942031055465, 1.4068244272190975, 1.4067520103451359, 1.4066854372220154, 1.4066156678221986, 1.406547140114405, 1.406476959372789, 1.406407465833561, 1.40633602652332, 1.4062686975331082, 1.4062013211080011, 1.4061327730313462, 1.4060630542165982, 1.4059940517709952, 1.405925664348228, 1.4058565746289318, 1.4057862481634205, 1.4057196482943681, 1.4056529474814639, 1.4055849881288693, 1.4055148961446002, 1.4054479747021347, 1.4053795013114507, 1.4053131568924664, 1.4052432983236673, 1.4051780762967463, 1.4051133618076017, 1.4050476460044619, 1.4049822486779484, 1.4049157892723214, 1.404850466475215, 1.4047840702002865, 1.404717476379757, 1.4046503156798433, 1.4045831119840246, 1.4045138459999382, 1.4044496294427633, 1.404384108664116, 1.4043196331699195, 1.4042547013574738, 1.4041891878367885, 1.4041227997115684, 1.4040544861650914, 1.4039930810530097, 1.4039291855963012, 1.403858413722233, 1.4037933411264667, 1.4037266105129882, 1.4036594221041312, 1.403597015310345, 1.4035342875360344, 1.4034708818825636, 1.4034051039357633, 1.40333799668456, 1.403271691003834, 1.4032070927435667, 1.4031409696534276, 1.403089174303298, 1.4030286407192554, 1.402974958620268, 1.4029342047806774, 1.4029088626355197, 1.4029220538588938, 1.402994678219959, 1.4032082660340146, 1.4037107336550583, 1.4049010249076532, 1.4077174601466689, 1.4144720741096493, 1.4309599974133562, 1.4711689436552349, 1.5701873759290825, 1.7730793377713185, 2.092825597704389, 2.1584303949061603, 1.7501844788855236, 1.4031764007497975, 1.6699638505030696, 1.8102884410164832, 1.4480311111936348, 1.5352544256288638, 1.6736192388743623, 1.4180369295135913, 1.5626218418494688, 1.5363919461965698, 1.432151684244998, 1.5630780439100969, 1.4235398718965484, 1.5119602546202693, 1.4599836082897895, 1.4541111039537855, 1.4855224340706534, 1.4208610502015626, 1.485175648026174, 1.4186506392771678, 1.458099324901839, 1.4364301815736793, 1.424933663740883, 1.4505485401034066, 1.4103559151075855, 1.4421819067820671, 1.4211575659479765, 1.4182562333451927, 1.43399270442723, 1.4082523955497477, 1.4255885312148697, 1.418355860917448, 1.4096497554526357, 1.4238224389325012, 1.409325086985435, 1.413488386826941, 1.4178439556894695, 1.4066977224362038, 1.4148050312701794, 1.412506170176184, 1.4068501370607, 1.4139021581756532, 1.4091621148682634, 1.4073743171384951, 1.4119751062223802, 1.4073184509047711, 1.4075955067307326, 1.4104216377650483, 1.4066713632949515, 1.4071309058692052, 1.40893128450801, 1.4061794040241145, 1.4067662757632313, 1.4078985390615526, 1.4058698533372043, 1.4063797299358725, 1.4072122131289382, 1.4056819311235182, 1.4059507486796665, 1.406643169865899, 1.4055399460893183, 1.4055312306155219, 1.406142211326763, 1.4053956867031905, 1.4051992642985054, 1.405697827411073, 1.4052590753129117, 1.404930973999233, 1.4052994234317884, 1.4051274801322877, 1.404728510091848, 1.4049230144512443, 1.404940583243132, 1.4045870070885018, 1.4045985262531488, 1.4047181348365252, 1.4044793175596, 1.404329925574318, 1.4044394071885564, 1.4043715813937463, 1.4041647031260494, 1.4041363609082957, 1.404172381858633, 1.4040451363301762, 1.403915518912717, 1.4039215560612746, 1.4038879975778924, 1.4037604328978286, 1.403687174505646, 1.4036799289385875, 1.403615908016461, 1.4035125654681304, 1.4034574160215738, 1.403430186694194, 1.4033673082508593, 1.403278748288309, 1.4032208332070522, 1.4031801101749086, 1.403117973875753, 1.40304681502704, 1.4029826964350427, 1.4029309373061414, 1.4028763406399767, 1.4028128569898841, 1.4027493641462356, 1.4026958285663174, 1.4026451692211614, 1.402590331705425, 1.402527913613299, 1.402468420505787, 1.4024108378949498, 1.4023543112439574, 1.4023003015802893, 1.4022407462552193, 1.4021804328146847, 1.4021399590938972, 1.40209580872473, 1.4020439527720734, 1.4019765895990883, 1.4019091907129146, 1.4018509903158831, 1.4018024962436182, 1.4017386325637158, 1.401675924423482, 1.401618674444781, 1.4015620913735665, 1.401507619687903, 1.4014533056124043, 1.4013977537684545, 1.4013400592947542, 1.4012824712922396, 1.4012246721404906, 1.40117174627837, 1.4011169619310202, 1.4010612109859208, 1.401005027483516, 1.400947977843501, 1.4008903271274895, 1.4008349144666485, 1.4007791485333387, 1.4007252221561037, 1.4006688356925094, 1.400613687315225, 1.4005567441082996, 1.4004990600808382, 1.4004495478394283, 1.400394873330843, 1.4003389355345879, 1.4002797587182556, 1.4002284260822924, 1.400175230074852, 1.4001226929267925, 1.4000708782964677, 1.4000197219588921, 1.3999741924451703, 1.3999336570610443, 1.3999045240091528, 1.3998876669309632, 1.3998956925738477, 1.3999466265913336, 1.400082599014204, 1.4003820202667543, 1.4010155406557483, 1.4023596603783424, 1.4051532154710267, 1.4111769080517882, 1.4239038004415117, 1.4526613728336732, 1.511962263663775, 1.6407667605030947, 1.8517886327153712, 2.147628714595833, 2.1338791365914274, 1.7768150660280027, 1.4112335291125284, 1.5649891060083838, 1.807702692788864, 1.5537418864261758, 1.4132207002158315, 1.6097694140128007, 1.5283458975811706, 1.4078030679199849, 1.532939164452086, 1.4670824966071394, 1.4215088597350307, 1.5012465928681236, 1.4220510924883596, 1.4480536814813296, 1.4657797778885857, 1.410607631285436, 1.4604229218724298, 1.428448472355044, 1.4213375881351211, 1.4487032581240724, 1.4097347247998593, 1.4292884730932096, 1.4285693770167143, 1.406480151087746, 1.4282061464064146, 1.4146292020629587, 1.4080181412678388, 19.961922979178933, 2.997282362628113, 5.528000351687316, 7.060844804635251, 7.995241272841079, 8.598442945188243, 8.879360135831012, 8.870234780216926, 8.616489363434754, 8.169515582433972, 7.581669677589461, 6.902908783849238, 6.178618625329182, 5.448292071114099, 4.744813382283434, 4.094178281310514, 3.515535115491237, 3.021470365479532, 2.618486289927927, 2.229994028624795, 1.6767021312979205, 1.569308843547946, 2.123170389281589, 2.740703316167395, 2.7763081878963836, 2.292783284033577, 1.7969307376237262, 1.6050680315440173, 1.6566998469374186, 1.78538121999223, 1.8980969130475485, 1.9721905002986142, 2.012724281273368, 2.0293023128133183, 2.028515506966332, 2.014352456854436, 1.9888218072033206, 1.9531518841221698, 1.9084244810466706, 1.856319851399295, 1.8010753931948804, 1.7502691097802916, 1.7140131326721089, 1.7021701903504536, 1.7177353422347659, 1.7524400705598462, 1.7873217505666013, 1.803130656645147, 1.7923020932228853, 1.7624717695021692, 1.729439837203495, 1.706275458359314, 1.6975844341854993, 1.700573893536494, 1.7093886613593936, 1.718350140700754, 1.7234069859573642, 1.7226870079941257, 1.7159482844825582, 1.7043976487670063, 1.6905001964382322, 1.6776172308512807, 1.668763310144228, 1.6656111592825686, 1.6672024592257058, 1.6700744318495042, 1.670101009437648, 1.6651705542405884, 1.6562644762617689, 1.6466641552739467, 1.639413019302782, 1.6356671157446767, 1.6344008469317208, 1.6336586010848, 1.6314411885598568, 1.6268437429763105, 1.6206082254468968, 1.6139797893483987, 1.608623770807374, 1.605389086003508, 1.6034800077273985, 1.6012898235415656, 1.597566541388966, 1.5923355371464647, 1.5868781578072009, 1.5824606880046672, 1.5793006194979051, 1.5766372364905594, 1.5733867924768992, 1.5692252866958802, 1.564504341662584, 1.5601469428490728, 1.5567834496466189, 1.554057279520753, 1.5509611700488124, 1.5470709261615674, 1.5429390480755807, 1.539379707347302, 1.5365546141826767, 1.533856109240459, 1.5307744842835938, 1.5273520276660142, 1.524169096762475, 1.521566901645591, 1.5191844389774998, 1.5165697947854424, 1.5136833278256108, 1.5109766958209674, 1.5087185581242437, 1.5065540810500215, 1.5042367721239627, 1.5018508818292238, 1.499647238205273, 1.497729412754946, 1.495829336746022, 1.493785503577702, 1.4918209918229572, 1.4900277102979709, 1.4883725370578498, 1.486694134462475, 1.4849386014299049, 1.4833515316495691, 1.481876043663984, 1.480368129010325, 1.4788552612613806, 1.4774172436628277, 1.4760782957600995, 1.4747382513542748, 1.4733965902057629, 1.4721173671179562, 1.4709053433259576, 1.469720881491164, 1.468506667673777, 1.4673600448034896, 1.4662773005504797, 1.46520043636653, 1.4641233788925343, 1.4631165890862683, 1.4621205418044896, 1.461131228526857, 1.4601776168946101, 1.4592648001788937, 1.458380689458738, 1.4574973488911886, 1.4566487585242116, 1.4558203109695014, 1.454990736919497, 1.4542245644354699, 1.4534610417826672, 1.4527140003926868, 1.4519926065234388, 1.4512736567670943, 1.4505860120664984, 1.4499110737978782, 1.4492581462100718, 1.4486007930057285, 1.447973816076572, 1.4473529908357363, 1.4467520829018101, 1.446157822172713, 1.445575636365465, 1.4450132241545581, 1.4444573857248242, 1.443929987419095, 1.4433901310831787, 1.4428679378985332, 1.442364613398317, 1.4418627257569723, 1.441373423550794, 1.4408793975744782, 1.440431289483071, 1.439963853531143, 1.4395176553121467, 1.439077025561759, 1.4386492433582165, 1.438216473326043, 1.4378059467382833, 1.4374028145225033, 1.4369998928173289, 1.4366189405151428, 1.4362304269933006, 1.4358477704171042, 1.4354769429514822, 1.4351141661747968, 1.4347627569730657, 1.434408096868822, 1.434066365135558, 1.433723794442454, 1.4333935622924925, 1.4330676387243302, 1.4327492215367166, 1.4324405955000323, 1.4321316425293518, 1.4318263205804085, 1.4315293680383852, 1.431248122594899, 1.4309648138623294, 1.4306722673743708, 1.430396924074528, 1.4301215226081034, 1.429854660658036, 1.4295886544153145, 1.4293265653771898, 1.4290705435608693, 1.4288156074913088, 1.428560183601921, 1.4283199206038346, 1.4280795570262654, 1.4278301477969058, 1.427595030731462, 1.42736209799525, 1.4271240552658633, 1.4268968205821766, 1.426670683896009, 1.426448552341616, 1.4262241020618844, 1.4260014750022418, 1.4257840652365685, 1.4255708590203409, 1.425356133410301, 1.4251466292031794, 1.4249381221423916, 1.4247288697167921, 1.4245253220476726, 1.4243242821624278, 1.4241230612870222, 1.4239212690484253, 1.4237256925753043, 1.4235326553151966, 1.4233396025412435, 1.4231484442517104, 1.4229613594992407, 1.4227738489736614, 1.4225889081248808, 1.4224065313692722, 1.4222252431476508, 1.4220446060381329, 1.4218645579370952, 1.4216884356117343, 1.42150841962047, 1.4213372395574517, 1.4211628640333465, 1.420990808810435, 1.42082189654573, 1.4206528785093901, 1.4204876542127385, 1.4203216331098907, 1.4201562418057836, 1.419993213471559, 1.4198303323288015, 1.4196705950855997, 1.419510300861041, 1.4193559203981274, 1.419197157404152, 1.4190419954478066, 1.4188875564990415, 1.418734933470091, 1.4185837820496225, 1.4184348137702707, 1.4182845382338995, 1.418134083781114, 1.417990572220894, 1.4178426412634657, 1.417697083161141, 1.4175530500942684, 1.4174079499479313, 1.4172669620346068, 1.4171279053761412, 1.4169852067966067, 1.416847045607546, 1.4167097910035409, 1.416572929475957, 1.4164352257712058, 1.4163006832004994, 1.4161636873244738, 1.4160312079644994, 1.415896665447674, 1.41576809550004, 1.4156340187528071, 1.4155041758239049, 1.4153742361347932, 1.415247759179672, 1.4151200503825792, 1.4149919064827583, 1.4148666076940986, 1.4147429464558208, 1.4146203889791293, 1.414493565619333, 1.4143696376920045, 1.4142484514513667, 1.4141281180573004, 1.4140064753058856, 1.4138865718011724, 1.413767405116172, 1.4136474665560967, 1.4135288601556149, 1.413410605275769, 1.4132925808470753, 1.4131783707218282, 1.4130611854136148, 1.4129459341856958, 1.412832842295221, 1.4127180292653785, 1.4126047425564534, 1.4124940324199902, 1.4123790781685701, 1.4122695339233096, 1.412158508428424, 1.4120467412005133, 1.4119389538864864, 1.4118301136373148, 1.4117219392163998, 1.4116128974992481, 1.4115051352612655, 1.4113989301000358, 1.411291348138903, 1.4111863889546872, 1.4110792722850038, 1.4109768910349587, 1.4108700286789364, 1.4107673716501297, 1.4106620008735802, 1.410559433921354, 1.41045748629227, 1.4103571857989563, 1.4102563408488833, 1.4101540127578127, 1.4100532594793995, 1.4099536388404204, 1.4098523278323891, 1.409751647028544, 1.4096565213640064, 1.4095571737399395, 1.4094588265973884, 1.4093613933114595, 1.4092631648570264, 1.4091664131885242, 1.409069155400511, 1.4089743981334548, 1.4088760811143117, 1.4087834277676372, 1.408688063209281, 1.4085921493702016, 1.408498632411829, 1.4084052886478147, 1.4083102011514723, 1.408218786331008, 1.4081258610304195, 1.4080334059753918, 1.4079413959249896, 1.4078487104372224, 1.4077567360180947, 1.4076674126677937, 1.407574855538661, 1.407485033263953, 1.4073962255000096, 1.4073067129501546, 1.4072171205089639, 1.4071267518647934, 1.407038598635868, 1.4069489009638902, 1.4068558759059928, 1.4067669141128776, 1.4066765763008293, 1.406590647455065, 1.4065045177610722, 1.4064154161474278, 1.4063295802320224, 1.4062536659508322, 1.4061700753431423, 1.4060788250542382, 1.4059954914164456, 1.4059073106915063, 1.4058240077446904, 1.4057375446022968, 1.4056473427560303, 1.4055692670014281, 1.4054857420301081, 1.4053993479517033, 1.4053193783239022, 1.4052388086213592, 1.4051546267411703, 1.405068898814155, 1.4049893588256053, 1.404907217926572, 1.4048265570353573, 1.4047457943742987, 1.4046652084689712, 1.4045892626971437, 1.4045156012324718, 1.4044387020379978, 1.4043614677435625, 1.4042833325910764, 1.4042040537003408, 1.4041256822593469, 1.4040490992601116, 1.4039787163734025, 1.403904910337077, 1.403825734516609, 1.4037624644613877, 1.4036809885747674, 1.403608168340969, 1.4035405564825196, 1.4034742553917008, 1.4033997773546079, 1.403325857216784, 1.4032554403411799, 1.403207727697464, 1.40313681954868, 1.403062005086551, 1.4029910426819738, 1.402920121753664, 1.4028633790270526, 1.4027913206536688, 1.4027188751804749, 1.402656521853717, 1.4025951203021159, 1.4025260254868648, 1.4024571091897278, 1.4023965005533834, 1.40233311473847, 1.4022670811081572, 1.4022008572844677, 1.40214638115793, 1.402086098663707, 1.402029199722942, 1.401962364786114, 1.4018964182108427, 1.4018366367863813, 1.4017800205172275, 1.4017200202420232, 1.4016594454125804, 1.4015964905535532, 1.4015390938563608, 1.4014815815947752, 1.4014229254204462, 1.401361295633486, 1.4013007246867855, 1.4012469295584922, 1.4011908926999508, 1.4011343236913747, 1.4010761737166026, 1.4010198036857116, 1.4009612832084084, 1.400905345921194, 1.4008519748303128, 1.4008002096205685, 1.4007457971509432, 1.4006918625741618, 1.4006350025305478, 1.400582063723205, 1.4005276874400063, 1.4004773261285086, 1.400425321104789, 1.4003716700031623, 1.4003200279307284, 1.400265808557383, 1.4002161783675553, 1.4001598713751304, 1.4001068041192097, 1.400057038871249, 1.4000103632758096, 1.399962021549703, 1.399912608136956, 1.399864668273197, 1.3998165815823065, 1.3997687058473864, 1.3997196445209261, 1.399672434808899, 1.3996236962661677, 1.399579277499783, 1.3995355430219911, 1.3994943741635277, 1.3994563257699595, 1.3994253965742873, 1.3993927335090741, 1.3993752087430054, 1.3993984260657575, 1.3994797677280162, 1.3996775534442703, 1.4000944969337736, 1.400967457342925, 1.4027638222460785, 1.406688392779573, 1.4149267718969556, 1.433325082404293, 1.4712794331068744, 1.5564591203190021, 1.7092269725899818, 1.9866199243906406, 2.146986191559908, 2.0192225975438194, 1.5463725660278782, 1.4190115563674126, 1.6846549589112825, 1.7234162776637858, 1.476007486298063, 1.4313117949258383, 1.608019583230203, 1.548760034289178, 6.282707456772786, 6.172118812355618, 5.333211008874119, 4.309308939006848, 3.3583603675711404, 1.8793600581934407, 3.456116172193193, 2.5877103766355134, 1.4597903290378698, 1.9177559708082474, 2.229527414740978, 2.278451907470851, 2.235513871048966, 2.1411554873117584, 1.9965253449228852, 1.809969905307373, 1.6409946154595294, 1.5943544921940926, 1.7141514548447474, 1.8684682548630591, 1.8767182383345153, 1.762066367392781, 1.6669726246644139, 1.6519267808157314, 1.689584333853549, 1.7360431584441074, 1.7679180538196393, 1.778707438751922, 1.7693200938491123, 1.7442033730137332, 1.7110241345121155, 1.681378048424719, 1.6682469587781874, 1.6777203021006775, 1.6995330695275153, 1.711256017142697, 1.6995691135833022, 1.673520724530787, 1.6529624583307254, 1.6479255493388754, 1.654054176735839, 1.66084396496627, 1.6601952489215377, 1.6494981600010492, 1.632694984262462, 1.6182759068280426, 1.613890972017395, 1.6176500534781495, 1.618352570948427, 1.608340665915663, 1.5934230114847632, 1.5843688079732878, 1.5830600427947745, 1.582300984185354, 1.5755287643559854, 1.563695242836462, 1.5541998687000413, 1.5518495577943718, 1.5504462091717668, 1.5418927883809146, 1.5313542292303064, 1.5270124044403999, 1.5253685983542153, 1.5191370501409822, 1.5105830887679503, 1.5068794764333495, 1.5053765708377584, 1.4992690829284627, 1.4928848561502355, 1.4910082892150294, 1.4881279972878725, 1.4823410421972076, 1.479495486853242, 1.478064719334787, 1.4734553189077273, 1.4702659514959366, 1.4690373978410802, 1.46541729794777, 1.462650369939322, 1.4615736492458837, 1.4583818262567407, 1.4562718656883549, 1.4550525270659855, 1.4522113418351226, 1.4509445945870227, 1.4493893004858613, 1.4471424430603896, 1.4462946500054557, 1.4443484761896344, 1.4431019847006155, 1.4420158614548997, 1.440299727642266, 1.4395735489142651, 1.4380169305855743, 1.4372016627125754, 1.4360673091040823, 1.4350155259026494, 1.4342169704292296, 1.433096356050032, 1.4324785237687592, 1.4314076231636585, 1.4308387134066436, 1.4298812446689295, 1.4293526707101707, 1.4284776709508806, 1.4279362072303863, 1.4271921366743219, 1.426657379751861, 1.4259796250770347, 1.4254772789330614, 1.4248625063576605, 1.424394455076533, 1.4238277901485235, 1.42338945970409, 1.4228439653387797, 1.4224287982893673, 1.4219281347149557, 1.4215109397509211, 1.4210607295786029, 1.4206347551503895, 1.420233209301555, 1.419805431345103, 1.4194387032323916, 1.4190290052907424, 1.4186559173322906, 1.4182869564789193, 1.4179153796205473, 1.417571293329924, 1.417205269186898, 1.4168675657583125, 1.4165278345456647, 1.4161865956232715, 1.4158741818987683, 1.4155452753017161, 1.4152255692676092, 1.4149256367077518, 1.4146112687638628, 1.4143108756890135, 1.4140217223768197, 1.413719454185749, 1.4134314803981012, 1.4131515143313775, 1.412865949921053, 1.4125899811487, 1.4123224691441338, 1.4120516352816943, 1.4117801161431105, 1.4115254280777931, 1.4112677579575093, 1.4110094759155216, 1.4107573587801807, 1.4105157938897583, 1.4102684912153114, 1.4100146300792964, 1.4097749078128052, 1.409540877328319, 1.4093003688070267, 1.4090628882141845, 1.4088357463428065, 1.4086101868378178, 1.4083824622191778, 1.4081527098810573, 1.4079306973550243, 1.4077159069479181, 1.4075024569491676, 1.4072888915953141, 1.407072387535264, 1.406858708916525, 1.406644544209315, 1.4064347369193981, 1.4062273869138906, 1.4060244471590668, 1.40582212473572, 1.4056202314014892, 1.4054191954265143, 1.4052230939842312, 1.4050266434395895, 1.4048341053318205, 1.4046424680868874, 1.404460456280109, 1.404296668797651, 1.4041715982343765, 1.4041922241737907, 1.4046832526128035, 1.4067647327494361, 1.4145790094451736, 1.4435594336473354, 1.5490704580500763, 1.8693898760949572, 2.4561629073007802, 2.0553355082435996, 1.410246206707533, 1.7985711148534798, 1.7878559005653956, 1.407967829867769, 1.7385085170091086, 1.4987914486232405, 1.5231797107535705, 1.5990652934423712, 1.422675655239097, 1.5984048264227904, 1.4131407914258924, 1.5464770787934952, 1.4303596792182096, 1.4998098017616892, 1.446635402711578, 1.4666080950902363, 1.4526682713828576, 1.4459433493429708, 1.4537825352124676, 1.434400280599536, 1.4511978854852854, 1.4270335278711561, 1.4475826479041805, 1.4228854529686743, 1.4435186820698398, 1.4197790410095488, 1.4395268776684609, 1.417860004405593, 1.4361107095108308, 1.4162481962971256, 1.4327327307820512, 1.4152468991980813, 1.4297389249642372, 1.4146319552854933, 1.4266035407758824, 1.4144764271255492, 1.4234859570225624, 1.4147469367224441, 1.4204271062180356, 1.415272911589425, 1.417492194813158, 1.4158552302952103, 1.4150326934902557, 1.4161831632263187, 1.4131287805236974, 1.4159696390597951, 1.4120751000209681, 1.415257066390579, 1.4118311867201052, 1.413786918880051, 1.4121714473689255, 1.4120748170871364, 1.4123892322776437, 1.410874557222487, 1.412132595263926, 1.4103624469431935, 1.411304561751046, 1.4103980454411662, 1.4102310989391584, 1.4104866656029922, 1.4094504080732084, 1.4100796376263904, 1.4092290236356178, 1.409276448051523, 1.409222976442659, 1.408582027629442, 1.4089027064055444, 1.4083204567185241, 1.408259123168408, 1.408218973047147, 1.4077252414872128, 1.407860072264193, 1.4075370490275858, 1.407282097238815, 1.4073213845273869, 1.406944490052318, 1.4068510057145782, 1.4067751166377513, 1.4064451633382569, 1.4063910901174286, 1.4062394021081792, 1.4059742202815018, 1.4059209786133362, 1.4057342548262866, 1.4055173285745546, 1.4054593578186385, 1.4052775150005834, 1.4050648797095138, 1.4049829969185845, 1.4048189647035487, 1.4046226189943392, 1.4045261012147756, 1.4043775301661747, 1.404189674304668, 1.404066727839457, 1.4039466654421504, 1.403768706902916, 1.403626040766451, 1.4035070405325276, 1.403353702834514, 1.4032002497265947, 1.4030792029627548, 1.4029461894680877, 1.4027923663822934, 1.4026549946441718, 1.4025369996196388, 1.4023940099238743, 1.4022475813493762, 1.4021139182428615, 1.401984108858345, 1.40184771228256, 1.4017167250462754, 1.401586648369819, 1.401458809794098, 1.4013262595196911, 1.4011962416952974, 1.4010663734597784, 1.40094037528209, 1.4008134395964023, 1.400687526547467, 1.400557585996979, 1.4004281108846788, 1.400304151878525, 1.4001830864787568, 1.4000562927680804, 1.3999316450485486, 1.3998044371742633, 1.3996817365198098, 1.3995592884445431, 1.3994363920916475, 1.3993166813297249, 1.3991957073902048, 1.3990748383213727, 1.3989536873437927, 1.398833149726532, 1.3987137188152596, 1.3985955477129146, 1.3984775411702062, 1.3983597257875002, 1.3982402521835986, 1.3981249877402717, 1.3980029501696767, 1.3978893131557373, 1.397778294393884, 1.397674390700333, 1.3975751063347803, 1.3974885769557766, 1.3974226331247215, 1.3973985684115908, 1.3974608616378943, 1.3976804175603486, 1.3983022580112618, 1.3998546564253143, 1.4037474836513713, 1.4134114933122932, 1.4381511333655486, 1.500330167410683, 1.6552927239154551, 1.9699769015336948, 2.332184723969304, 2.1625132626811125, 1.5289614172435018, 1.496487829707455, 1.8747152395503155, 1.6309323900099173, 1.4210805824084671, 1.710990904698143, 1.5186074359351522, 1.4599255975988212, 1.6164067803567477, 1.4115290725092633, 1.5354489457733111, 1.468400619500006, 1.4504446437844498, 1.5017569572377842, 1.4150227795939552, 1.4985622504948481, 1.4124358111224424, 1.4764065808043492, 1.4222499700279814, 1.4517188281139324, 1.4330576276837617, 1.4306860293465171, 1.4398440729826267, 1.4161060504393677, 1.4409590669773165, 1.4092594135493695, 1.4361193033031967, 1.4096238474722211, 1.4262779786691446, 1.4144781837740863, 1.4152443786248925, 1.4194626572235363, 1.4074323278261003, 1.4199662448603483, 1.4059957970381503, 1.415144317580856, 1.4094347953922859, 1.4083613289900827, 1.4125326712304356, 1.4048153959200063, 1.41138368222698, 1.4059127305075472, 1.4073169212476861, 1.4084313959069283, 1.4043127625042862, 1.4083499998280502, 1.4047620782891672, 1.4055931805368682, 1.4064360274141154, 1.4036548572342091, 1.4060596453141991, 1.4042417419368642, 1.4040024521418901, 1.4051292302280294, 1.4031374980942741, 1.4042128527515734, 1.4038301503433763, 1.4028653089261738, 1.4038933529278133, 1.4028871133236633, 1.4027607635370771, 1.4032643020805557, 1.4023308585040362, 1.4024972599338763, 1.4026287130904338, 1.4019318759694779, 1.4021861737421781, 1.402070758349043, 1.401597187939859, 1.4018377477974668, 1.4016275877201858, 1.4012817116808516, 1.4014501541260076, 1.4012394137021313, 1.4009610732334818, 1.4010604447674622, 1.4008788421861211, 1.4006387020603994, 1.400686388865096, 1.4005338793088618, 1.4003174728485697, 1.4003228670819454, 1.4002069997741875, 1.4000024137310547, 1.3999637146831374, 1.3998820723848013, 1.399698041920765, 1.3996210248218597, 1.3995594793177129, 1.3994020889006435, 1.3992838538010408, 1.3992270809163725, 1.3991077269711207, 1.3989702111915294, 1.3988967961273506, 1.398812188064297, 1.398675435146265, 1.398567373295043, 1.39849044421689, 1.398383847559671, 1.3982635070588834, 1.3981698280871369, 1.3980821607746015, 1.3979723341124868, 1.397854902031209, 1.3977570227519205, 1.3976652249383439, 1.3975646643139514, 1.3974594847485977, 1.397364254755219, 1.3972706592520936, 1.397170932522933, 1.3970766579802407, 1.396986061043643, 1.3968961544863119, 1.3967949416323393, 1.396692227886993, 1.396581580733947, 1.396532868978342, 1.3964781541498075, 1.396367974586325, 1.3962292120572912, 1.3961180690237607, 1.3960539520023956, 1.3959882542888116, 1.3958850878160727, 1.3957593108687882, 1.3956500750896152, 1.3955779639104158, 1.395504569563081, 1.3954173554440374, 1.3953102101274746, 1.3951990394079021, 1.3951041831203421, 1.3950279035855695, 1.394958295217291, 1.3948782351344697, 1.3947838322674972, 1.3946847404590352, 1.394584265693395, 1.3944904071375441, 1.3944088399554233, 1.3943262098764164, 1.3942426973381594, 1.394155843820392, 1.394068967522938, 1.393987563708535]