Model Setup for Atypical Patient 2:
ITERS=3000
LEARNING_RATE=0.001
OPT_RESET=500
ATOL=1e-09
RTOL=1e-07
METHOD=dopri5
Input channels=2
Hidden channels=11
Output channels=2
Runtime=3066.7255761623383
Optimizer=Adam (
Parameter Group 0
    amsgrad: False
    betas: (0.9, 0.999)
    capturable: False
    differentiable: False
    eps: 1e-08
    foreach: None
    fused: None
    lr: 0.001
    maximize: False
    weight_decay: 0
)Loss over time=[6124.015813421191, 5590.7448669576615, 5271.701173272237, 5037.530276659228, 4850.6845611058, 4694.619459876032, 4560.381519122898, 4442.358005289329, 4337.084148821573, 4242.0589580224305, 4155.421473190986, 4075.840394783283, 4002.242997025612, 3933.9263759738665, 3869.975307898314, 3810.102879506102, 3753.6505136451556, 3700.3022685397013, 3649.780219594364, 3601.901177846912, 3556.2962099651286, 3512.755170556455, 3471.166134872241, 3431.3397089139685, 3393.186067176967, 3356.480398470012, 3321.2174954957472, 3287.2853099980525, 3254.508664016226, 3222.895980463407, 3192.3353370310283, 3162.836331265414, 3134.1967071509716, 3106.4910820538325, 3079.62622153929, 3053.5267291407185, 3027.9899302038784, 3003.5738716934416, 2979.6320067218403, 2956.3043616722916, 2933.660131816682, 2911.5261747642417, 2889.9782929412327, 2868.9614087323625, 2848.388514690872, 2828.4057981631076, 2808.7991475247195, 2789.650153793392, 2770.9363253937813, 2752.650860557766, 2734.7621797932848, 2717.2319802042803, 2700.091298458905, 2683.2621456534544, 2666.747803764434, 2650.6011872910603, 2634.7661712746735, 2619.2511955160676, 2603.984750325108, 2589.0350666317654, 2574.3272376239966, 2559.903366274222, 2545.698447914448, 2531.7912689703794, 2518.114013258445, 2504.6541691190546, 2491.4232334162266, 2478.4216799775954, 2465.625822569735, 2453.017077476934, 2440.6026330671175, 2428.3991203626565, 2416.3877425081387, 2404.5446877435625, 2392.9493484313175, 2381.4517191630116, 2370.1077771272307, 2358.995985857277, 2348.0611267682066, 2337.1554052061333, 2326.455377629209, 2315.9753595873044, 2305.557810256907, 2295.321845278689, 2285.224516054548, 2275.1988839732276, 2265.349760088838, 2255.646595992586, 2246.0531886512836, 2236.5448485225324, 2227.182411440488, 2217.97674195613, 2208.8201410387915, 2199.8503711779103, 2190.9278430186437, 2182.055217695554, 2173.4146218930578, 2164.8907807533947, 2156.3672883427907, 2147.9138358587293, 2139.6368826875264, 2131.4307245923005, 2123.2841291227587, 2115.2758642865915, 2107.31960089381, 2099.4625756008277, 2091.719239116523, 2084.022909384519, 2076.412695112193, 2068.872803593507, 2061.4635151286684, 2054.0636690158135, 2046.7703200012509, 2039.507934335817, 2032.3703900418127, 2025.3106701581155, 2018.289272084211, 2011.353301155728, 2004.4580542641097, 1997.6452928938934, 1990.8747996608204, 1984.194599929802, 1977.5899447682975, 1971.0392917543884, 1964.5287611774622, 1958.1047913487907, 1951.733769150632, 1945.400379791963, 1939.1467382111296, 1932.943454912086, 1926.765105305395, 1920.6986696878557, 1914.6592400533782, 1908.6448605172266, 1902.7065816761817, 1896.8469310966827, 1890.9979729010995, 1885.2173791422167, 1879.48091503451, 1873.770096419155, 1868.1428297754007, 1862.5505150880351, 1857.0060890728894, 1851.48333214629, 1846.0128643604594, 1840.6499623654063, 1835.220800273322, 1829.8748068766267, 1824.5847137953976, 1819.3579387876196, 1814.1252064618855, 1808.9492535199422, 1803.807310083295, 1798.702418776216, 1793.6868694983875, 1788.6288136388466, 1783.6435980115318, 1778.7104900119045, 1773.7810273861985, 1768.9021016359598, 1764.0899192355057, 1759.2535775049334, 1754.4805207230993, 1749.745282745354, 1745.029654292726, 1740.3560685863836, 1735.7254106951652, 1731.1232793565432, 1726.5262457751016, 1721.9685490439383, 1717.4563395116493, 1712.9624122972753, 1708.5043556524963, 1704.0552934570105, 1699.6541768642703, 1695.288457495465, 1690.9179110980776, 1686.6192929455376, 1682.2991539804948, 1678.035442304615, 1673.8070505836286, 1669.5917386032024, 1665.3836015519707, 1661.2099706953015, 1657.072530353037, 1652.9635951523624, 1648.866533519183, 1644.7977567326413, 1640.7342507716721, 1636.7256951286915, 1632.733358854025, 1628.7794369311007, 1624.8151381846665, 1620.8859775400879, 1616.9550902908652, 1613.0772519958343, 1609.21029961939, 1605.365193307239, 1601.5558269763374, 1597.7559439855415, 1593.9714882236042, 1590.2135002981167, 1586.480576833841, 1582.7458366820686, 1579.0372694306889, 1575.3771806924874, 1571.6764846922845, 1568.086590102492, 1564.4548484607085, 1560.8593664287791, 1557.268769105994, 1553.6854200226385, 1550.1451703711898, 1546.6098593710128, 1543.0921859802097, 1539.5966096632694, 1536.1228672776078, 1532.6646307191886, 1529.2161675020893, 1525.770704336575, 1522.3774949891167, 1518.9836019273419, 1515.5970013895073, 1512.2461195644937, 1508.9186153236346, 1505.5700507874392, 1502.2734726471274, 1498.9734806955923, 1495.6806967833254, 1492.413617674605, 1489.1669278971501, 1485.9258166209675, 1482.7078744867808, 1479.494921152918, 1476.335283954497, 1473.1184625653898, 1469.9685545150912, 1466.8349063034238, 1463.6896344575198, 1460.5485237040907, 1457.4415231893297, 1454.3769918785026, 1451.2768843402473, 1448.223387375306, 1445.1718944616523, 1442.1194852811268, 1439.093865920842, 1436.0841227264234, 1433.0752589540336, 1430.0972205927208, 1427.0802711359188, 1424.160067779293, 1421.2064286716843, 1418.2557199322825, 1415.319287591617, 1412.4225761906619, 1409.5327945800398, 1406.6374415275898, 1403.755029520459, 1400.8750628655368, 1398.0221213750356, 1395.185994830565, 1392.3199678289818, 1389.524516468958, 1386.7294150676755, 1383.916475422212, 1381.1242794556545, 1378.3373731383936, 1375.57220505984, 1372.8296513715302, 1370.0679781431697, 1367.3291875147065, 1364.6001651914025, 1361.8869103306372, 1359.202498503882, 1356.4996140313779, 1353.8081547606898, 1351.1459487561417, 1348.500579498645, 1345.8343741853837, 1343.1766860622554, 1340.5486945720666, 1337.9179801342011, 1335.305792159926, 1332.688525420267, 1330.1170516122909, 1327.5130404354761, 1324.9453027552904, 1322.3767750660236, 1319.8036300961312, 1317.256676554962, 1314.7092642223788, 1312.186280201467, 1309.6580084406598, 1307.1333919792255, 1304.629629034965, 1302.1445302587567, 1299.6398900746406, 1297.141043078085, 1294.6994747580611, 1292.2181814874564, 1289.7611451796054, 1287.29640421957, 1284.8754759168994, 1282.430257281584, 1280.0164969209334, 1277.5920769247273, 1275.175189323655, 1272.7892190174746, 1270.3937308879201, 1268.0105291387144, 1265.638196936624, 1263.259815590457, 1260.9142444373638, 1258.5477247286437, 1256.215926371292, 1253.8767944961203, 1251.5383546256887, 1249.21192810419, 1246.9035210915986, 1244.5990660281393, 1242.287753467295, 1240.013670109555, 1237.7232746351635, 1235.4570514570808, 1233.1942888028439, 1230.9219824990291, 1228.657288878889, 1226.4192694907588, 1224.1706199285409, 1221.939579865667, 1219.7109354214595, 1217.4861786497254, 1215.2654873502097, 1213.0681271093274, 1210.8632391790086, 1208.6608385193967, 1206.4863442434364, 1204.2944636976856, 1202.1282281300764, 1199.962060664474, 1197.8137690144636, 1195.7009601156676, 1193.5007293848973, 1191.356222009567, 1189.2133104858178, 1187.0843864244505, 1184.944258711149, 1182.8539209398446, 1180.7523270583347, 1178.6453864069563, 1176.548440057596, 1174.4678262284403, 1172.3826553906192, 1170.28773992316, 1168.1995188068822, 1166.1238617320214, 1164.0738782781884, 1162.010691033266, 1159.953849656424, 1157.9127138303734, 1155.856095417617, 1153.8254201736074, 1151.800818285583, 1149.7907464605103, 1147.7481372361574, 1145.7515306107596, 1143.7316816621653, 1141.739108198099, 1139.7384073311443, 1137.7368061229988, 1135.750469129772, 1133.762342649675, 1131.8092699849228, 1129.8189819117513, 1127.8621150602971, 1125.9042200268393, 1123.9406461620192, 1121.9699654219464, 1120.0456890751216, 1118.0903799612088, 1116.1845030358702, 1114.2236508249493, 1112.3054518631268, 1110.3861054611295, 1108.478958803995, 1106.5583329571846, 1104.6481927926632, 1102.7374662583306, 1100.8496514106191, 1098.9588784859843, 1097.0717925343313, 1095.1909761374843, 1093.3051401447378, 1091.4499902164746, 1089.5763684751591, 1087.716426161949, 1085.8503011139337, 1084.004704884883, 1082.1701475634814, 1080.3341828920843, 1078.4877553448512, 1076.6569385551236, 1074.8160385502906, 1072.9923156945524, 1071.1835371144277, 1069.371866823323, 1067.561230493352, 1065.7352142272932, 1063.9526442194801, 1062.1519619930784, 1060.365723745013, 1058.5716260702463, 1056.7975518050073, 1055.0154308979252, 1053.2409846691473, 1051.4716488476095, 1049.7053024581028, 1047.936076466882, 1046.1789896269054, 1044.4416398198866, 1042.685769691733, 1040.953302988465, 1039.1938741506212, 1037.4609728886455, 1035.7307638243415, 1034.012277010517, 1032.2818166633888, 1030.558572363991, 1028.8392312381784, 1027.1318935625063, 1025.4093334492047, 1023.725296798436, 1022.004710044648, 1020.3138008685354, 1018.6130348425081, 1016.9246166137295, 1015.2260678882939, 1013.5441118509076, 1011.8625898488543, 1010.1896035238289, 1008.5079717979031, 1006.8337302529987, 1005.1937021053884, 1003.520145354105, 1001.8603313529949, 1000.1979688656634, 998.5555045592541, 996.894835638339, 995.2585506345974, 993.6020775027522, 991.9710203649024, 990.3243347009928, 988.699450087953, 987.0748603414357, 985.4463624750616, 983.8449902167646, 982.1899933797672, 980.5801665389769, 978.9635742769923, 977.3519197025652, 975.740386025123, 974.1452667524961, 972.547158894567, 970.9415326661659, 969.3482526953104, 967.7503704448525, 966.1688759589961, 964.5807819775765, 962.9979257696906, 961.4209630956962, 959.8375944184755, 958.260464766519, 956.7031919494716, 955.1258720937817, 953.5762501104014, 952.0045246507115, 950.4498640182964, 948.8943475152399, 947.353174637383, 945.7934891831387, 944.25627852293, 942.7105142880438, 941.1735332556226, 939.6334701366485, 938.1005914586584, 936.5727967680348, 935.0447031181826, 933.5229368848214, 931.996136374339, 930.474220685723, 928.9608757479126, 927.4418359862542, 925.9267454221998, 924.4115086886578, 922.9084944733969, 921.375023627315, 919.9057809830473, 918.4009726262087, 916.9033624889139, 915.4616255842157, 861.2334184932176, 810.2496452684628, 762.3175529244874, 717.2286046879782, 674.8454059898651, 635.0033412327394, 597.5299625173701, 562.224711260924, 528.8752794356554, 497.34101385193884, 467.45979573747445, 439.0129662902729, 411.8652070686834, 385.810716903818, 360.70625684547616, 336.4083565036486, 312.873602711094, 290.0782509426276, 268.01220579204426, 246.61253211344317, 225.94492707342826, 206.07780735332773, 187.21672751444822, 169.95250380569814, 154.48569188406466, 140.68524092905352, 128.26282363250164, 116.84634193381945, 106.28412791256397, 96.54356069605691, 87.5877183272949, 79.37558129713062, 71.86347516090582, 65.00665191573621, 58.76083637293039, 53.08352638037059, 47.93488673613042, 43.27818245535807, 39.07980149904375, 35.308987699716575, 31.937416551271472, 28.94203715290249, 26.660390748299065, 24.743665098659452, 22.969224068065603, 21.34320083838394, 19.869975140522783, 18.551783618757216, 17.388471805868544, 16.377370149439383, 15.513292767515885, 14.790518799223781, 14.20029242082337, 13.731825655091908, 13.36962574091507, 13.102253221833957, 12.91488254945959, 12.791177503100203, 12.716205233529918, 12.676997512517493, 12.663676059144796, 12.66748884433966, 12.682702378402762, 12.705158126518056, 12.732033193316887, 12.761826043917678, 12.792976250137086, 12.824465574926501, 12.85522343185101, 12.883592647402876, 12.908869102285449, 12.929350131060893, 12.944047854821974, 12.952039062076164, 12.952718651980081, 12.945966611061953, 12.932354341041183, 12.912649228378639, 12.88806283390034, 12.859743900867056, 12.82939343102813, 12.797622167599945, 12.76602925426787, 12.735614429814092, 12.706763332496223, 12.68003055973797, 12.655633485110029, 12.63356379609886, 12.613636586912628, 12.595841302506152, 12.580072308345477, 12.56629085080548, 12.554231668061654, 12.543865562723367, 12.535128225217097, 12.527830020099719, 12.522011670459943, 12.517430805134923, 12.514042636581388, 12.51161962873668, 12.510026705344664, 12.50906373423951, 12.508501735998378, 12.508195591614424, 12.508006266047035, 12.507783341757074, 12.507361383022026, 12.506737708163541, 12.505956244005153, 12.504788819831568, 12.503496642126317, 12.501982218676103, 12.500330021245826, 12.498527745868738, 12.496643375468063, 12.494671755299333, 12.492671276402126, 12.490623658945848, 12.488553515610668, 12.486447653370918, 12.484350965519566, 12.482181297573174, 12.48013108623988, 12.478070147615504, 12.476108982535912, 12.47419860131916, 12.472329470721233, 12.470535706785359, 12.468835020558823, 12.467167767378074, 12.465546978584506, 12.464001664242005, 12.462463551833718, 12.460960042792221, 12.459476540138485, 12.457998398281536, 12.4565201346082, 12.455038226263254, 12.453569272653953, 12.452076108077817, 12.450579042840689, 12.449079117072658, 12.447559579966521, 12.44601930516955, 12.444518552323812, 12.442970960294316, 12.441415106885922, 12.43986407468111, 12.438293098481154, 12.436709308687371, 12.435109875802441, 12.433543919120392, 12.431943870359953, 12.430325558726508, 12.428726554679475, 12.427127493878334, 12.425516616997589, 12.423713715881643, 12.422299400570507, 12.420692463033157, 12.41908827646433, 12.41745002618351, 12.41584724448978, 12.41423586069124, 12.412595776018918, 12.410962662945668, 12.409333668390111, 12.407734065297, 12.406083240475967, 12.404432765441106, 12.402796703611246, 12.40114496228001, 12.399493375597547, 12.39783683081916, 12.396172089064645, 12.394513411708623, 12.392853788625121, 12.391176269656398, 12.38951104966647, 12.38784320965661, 12.386120275524222, 12.384434561186602, 12.382743834891375, 12.381065444536478, 12.379365135363578, 12.377661194582526, 12.37593525468598, 12.374231754718439, 12.372516011865303, 12.37075945796689, 12.369103744434943, 12.367293293672327, 12.365601371809804, 12.363883792138306, 12.36214892722919, 12.36040910811675, 12.358663902822089, 12.356899337770194, 12.355164314241456, 12.353436278813422, 12.351687027025184, 12.349925973728393, 12.348167800585134, 12.346438853952662, 12.34465354037752, 12.342868479805919, 12.341079599445317, 12.339307386087365, 12.337524780368575, 12.335739530513353, 12.333967378044127, 12.332150562431762, 12.330362926768617, 12.328553289122867, 12.326733840479248, 12.324926321112194, 12.323134027168981, 12.321311418141715, 12.319565421338238, 12.317672302997307, 12.315854773884093, 12.313932322596907, 12.312116075616158, 12.310392314745435, 12.308552102525978, 12.306746210246121, 12.304947750200457, 12.303054040899973, 12.301255142995563, 12.299380708591407, 12.29752147401494, 12.295675409737232, 12.293834499136237, 12.291993030219379, 12.290138313613301, 12.28827109305642, 12.286390240027089, 12.284503956266308, 12.282611020311272, 12.280740958471013, 12.278910377444749, 12.277002585637222, 12.27514112020366, 12.273219568480055, 12.271360792593917, 12.269467406194941, 12.267624325857856, 12.26571899540964, 12.263821819096599, 12.261924814942853, 12.260049830109226, 12.258123158235845, 12.256180640974788, 12.254270338571017, 12.252366464812065, 12.250347107981868, 12.24853616976233, 12.246628334499173, 12.244743756009086, 12.242786317588234, 12.240886340201467, 12.238917921732941, 12.237049003992754, 12.235091589940104, 12.233129186866641, 12.231196511292104, 12.22928613447567, 12.227343164134995, 12.22544015992986, 12.223446582414509, 12.22153204795476, 12.219558428366092, 12.217594930695418, 12.215643289678939, 12.213745092885135, 12.211778088777088, 12.209771623838291, 12.20785321311724, 12.205831937121895, 12.203878185144282, 12.20190908889008, 12.19996709759801, 12.197964811852488, 12.196073789944638, 12.194048190708907, 12.192042111769126, 12.190063237117634, 12.188100949549817, 12.18615945332584, 12.184183990233732, 12.182202465731079, 12.180216611481859, 12.178226385853803, 12.176228339685023, 12.174248363701592, 12.172220682210167, 12.170223750707978, 12.168185751229823, 12.16618244111941, 12.164199483814814, 12.162186203397777, 12.160180555009022, 12.158250907443886, 12.156180988782957, 12.154194547455448, 12.152217387444658, 12.150172391684753, 12.148118148704064, 12.146088312039787, 12.14408516110109, 12.14206942562107, 12.140033352820195, 12.138041942962358, 12.136025828127375, 12.133959093567114, 12.132030357205508, 12.129972482821238, 12.127910490279005, 12.125907687797998, 12.12384869662752, 12.121847704850852, 12.119759961425855, 12.117744507815258, 12.115763806638453, 12.113624390358638, 12.111601800280624, 12.109574255835666, 12.107522801482999, 12.105492933657768, 12.103488878317338, 12.101378214710968, 12.099283455112209, 12.097314722768404, 12.095312821242112, 12.093178612748003, 12.091137643708068, 12.089101861217982, 12.087055319530787, 12.084999240460247, 12.082934532271961, 12.080874145648563, 12.07882350382013, 12.076797301605671, 12.074742389496071, 12.072657821361718, 12.070584102424675, 12.06851226806337, 12.066430841056869, 12.064357096722874, 12.062284802990108, 12.060214629444369, 12.05814702707393, 12.05608198945835, 12.054026391857121, 12.051960596390341, 12.049896753572206, 12.047821692118788, 12.045720145305097, 12.043607901448677, 12.041522842048034, 12.039462571050665, 12.037406427655485, 12.035341118569027, 12.033263445846591, 12.031183489331449, 12.02910146850025, 12.027017536711888, 12.024931628284465, 12.02284286854794, 12.020704447184364, 12.01863624936942, 12.016573228688726, 12.014469505249913, 12.012400259407963, 12.01029409025861, 12.008179099446123, 12.006064486248745, 12.00405758518358, 12.001915032511931, 11.99983959909884, 11.99773769223769, 11.995654165397012, 11.993534652697962, 11.991431149791186, 11.989325477952928, 11.987253054939236, 11.98518881951508, 11.983086264273735, 11.980968918734222, 11.978887271964531, 11.976775564870717, 11.974668310461844, 11.972615121545836, 11.970496011277714, 11.96842047326561, 11.966288155452979, 11.964224548564998, 11.962149816465192, 11.960028335211772, 11.957899737843025, 11.95575225332604, 11.95364708596955, 11.95156433279705, 11.94946689918549, 11.947369464664488, 11.945251278807929, 11.943175062235987, 11.941034393214359, 11.938969783502303, 11.936882641653712, 11.934779330918177, 11.932624956207503, 11.930557092278928, 11.928480091179381, 11.926318537043953, 11.924237956004431, 11.922152232757163, 11.920025768342288, 11.917871856160424, 11.915774065453189, 11.913728472996008, 11.911545640178106, 11.909463344765, 11.907345099784145, 11.905248711659027, 11.903146358139649, 11.90106440631786, 11.898946892579273, 11.896820220812197, 11.894686786427343, 11.892598947925627, 11.890536587309468, 11.888394629382049, 11.88629309261368, 11.8841985257315, 11.882033538609877, 11.879928168794963, 11.877842095999569, 11.875717688492697, 11.873630188416428, 11.871530014725527, 11.869423530512423, 11.86731511614704, 11.865200232177443, 11.863086904532155, 11.860970373757436, 11.858840257487493, 11.856739361269046, 11.85465726293039, 11.85255159723182, 11.85047798268156, 11.848384885441282, 11.846204055307838, 11.844159135409695, 11.84208488216806, 11.839903098233027, 11.837794986979345, 11.835698734809466, 11.833634347822759, 11.831494634404073, 11.82940273150951, 11.827308372996704, 11.825159745112698, 11.823143792467043, 11.820963915381231, 11.818848555721187, 11.816766561880412, 11.814678981321016, 11.812552664730937, 11.810437040358057, 11.808348401608884, 11.806287162942228, 11.804167824494785, 11.802082160095482, 11.799959233681564, 11.797855880058847, 11.795779811952452, 11.79368283821129, 11.791563620495634, 11.789473274293277, 11.7873653849493, 11.785266684931853, 11.783181822227867, 11.781091518443288, 11.778995187368345, 11.776891734027954, 11.77479134114912, 11.772703148147825, 11.770611088489602, 11.768543328656154, 11.766446203454889, 11.764339186397363, 11.762295249143568, 11.760188135679476, 11.758113087152962, 11.756065610805505, 11.753916374494109, 11.75187419485377, 11.74971856848867, 11.747660550580964, 12.04646898278532, 11.8116513641422, 11.952440545399694, 11.766037543436916, 11.704236906367736, 11.808707014849183, 11.803184887298068, 11.714352774814643, 11.700369461871018, 11.749550871832792, 11.737348424338393, 11.67265109148043, 11.648040190585805, 11.67378154938179, 11.6796639745895, 11.645366129375883, 11.621124702647737, 11.632852062437022, 11.641010637729865, 11.616763497799663, 11.589760686903142, 11.587920432018153, 11.591397001080795, 11.57553138255689, 11.55464932468184, 11.550998826134958, 11.553324096696143, 11.54093914552855, 11.523043565263803, 11.516700227056237, 11.513693351379757, 11.500344677854187, 11.485075048185026, 11.479272097351839, 11.474315897705473, 11.46157089418557, 11.449911783231222, 11.444300017065292, 11.435683910787164, 11.422335806445433, 11.4127284860462, 11.40580619536983, 11.39481996587468, 11.38350104867293, 11.375932371975027, 11.366890975554083, 11.355264815657502, 11.345976669843497, 11.337267379788447, 11.326058452086913, 11.315939802428593, 11.307294632565991, 11.296818757714561, 11.286480650079266, 11.277530256022239, 11.267221909598852, 11.256708864193541, 11.247383887053424, 11.237130633852399, 11.226780530572448, 11.21736939508426, 11.207147324893526, 11.196954386130422, 11.187349406712588, 11.177011990409756, 11.166952466500751, 11.157177008024577, 11.146874050924412, 11.13703487721848, 11.127103707744514, 11.116925978038902, 11.107145544319986, 11.097037774219462, 11.087066630580733, 11.077220151637894, 11.067154865288938, 11.057381574376814, 11.047428217795016, 11.037569523035307, 11.027771395597133, 11.01786695839875, 11.008158799045612, 10.9983237230742, 10.988650825684237, 10.97892984221312, 10.96926958110331, 10.959655050487163, 10.95003437756637, 10.94051622244376, 10.930967308413141, 10.92153891859648, 10.912083702676926, 10.902743520432786, 10.893385008267195, 10.884133490503338, 10.874882930025693, 10.865736069891927, 10.856599425542742, 10.847561567754012, 10.838546603059566, 10.829624794906794, 10.820735693432455, 10.811933100392144, 10.803184324555964, 10.79450886035029, 10.785905140405369, 10.777363097500197, 10.768910046527624, 10.760513519795104, 10.752206355872353, 10.743974080136113, 10.735816475305294, 10.727749470247376, 10.719757032716211, 10.711851329171123, 10.704034664697671, 10.696299279402343, 10.688655627697289, 10.68110456595344, 10.673640972652754, 10.666269516203018, 10.658995624411615, 10.651816413324461, 10.644729377516166, 10.637741489607928, 10.630854441989941, 10.62406604328309, 10.617377572621644, 10.610787819676514, 10.60430102875668, 10.597916659931881, 10.59163641423428, 10.585460426854427, 10.579388890791707, 10.57342393695828, 10.567566197672768, 10.5618278536268, 10.556239317839932, 10.55096713060834, 10.546842853114546, 10.547214129537025, 10.568388836190131, 10.636351179299673, 10.686647433032816, 10.579006067687637, 10.534362065294902, 10.623686316357908, 10.552932429353463, 10.533482007962016, 10.589503060072683, 10.516636722693521, 10.545899992993009, 10.546255499435468, 10.50556583937857, 10.54477826395928, 10.508357551490974, 10.515196283835877, 10.523565049215698, 10.49491030242232, 10.518704297349966, 10.498956815584837, 10.497343437498376, 10.506515534434472, 10.485978110263042, 10.497984360464551, 10.489986843800239, 10.483057437008732, 10.49148507416242, 10.478712930845136, 10.481699401898885, 10.481919847292987, 10.472713828205023, 10.477961196524817, 10.473263802150349, 10.468683522781076, 10.472375372014188, 10.466491420774917, 10.464635089482387, 10.466389669494435, 10.461064188216437, 10.460234007420352, 10.460744043006287, 10.456334175251074, 10.455403150959704, 10.455533456456982, 10.451988921165619, 10.450619088066752, 10.450650509268332, 10.447915369863017, 10.445984740417606, 10.4458548871449, 10.444014174677484, 10.441697966086416, 10.441035173413207, 10.440053885211903, 10.437888120633412, 10.43644112475147, 10.43575308077385, 10.434339719122042, 10.432471642537056, 10.43128125903605, 10.430415974533702, 10.429040604315544, 10.427408483348986, 10.426128973161322, 10.425173044435581, 10.423982989519333, 10.422521974201613, 10.421161707081081, 10.42006905080081, 10.419032576258958, 10.417850959365701, 10.416529419833626, 10.415241302176343, 10.414088743086204, 10.413036097288183, 10.411978692169129, 10.410864270728423, 10.409663196413543, 10.408465691251932, 10.407327255396511, 10.406179128889208, 10.405121196722696, 10.404052839356128, 10.40303563584432, 10.401992121550046, 10.400999607665842, 10.39996538472643, 10.398983890825452, 10.397976901963215, 10.397052099447047, 10.396113600393717, 10.395346314833352, 10.394671680478536, 10.394347292537454, 10.39475996305963, 10.396316490028983, 10.40106346710618, 10.410617939063206, 10.431389875105621, 10.459822656329631, 10.48748028758381, 10.468059627808447, 10.413700429711206, 10.383467628626653, 10.410984524167104, 10.441794347327159, 10.416499764311839, 10.382276863863455, 10.391654216924703, 10.413595212521512, 10.402829094999975, 10.378646650271957, 10.386243304260615, 10.40205906739887, 10.389104547649366, 10.374616781719881, 10.382438201090554, 10.389410251695075, 10.379547560417585, 10.371633628874626, 10.378219655407879, 10.381310003169993, 10.37280736801184, 10.36901177022389, 10.37408332951829, 10.374399033737852, 10.368158882591688, 10.366209118690737, 10.369420337067304, 10.36913413461226, 10.36461715615303, 10.363011478895466, 10.364936517343114, 10.364701322267308, 10.361611707010411, 10.359792054698547, 10.360560416273975, 10.360810801103172, 10.358789971798599, 10.356818342386164, 10.356570148318404, 10.356813612642268, 10.355956599991977, 10.354167904132884, 10.353019896152965, 10.352841860251809, 10.352586305885513, 10.351618738368433, 10.35022669721352, 10.349247958026838, 10.348812906669288, 10.348431525707783, 10.347607204803042, 10.346530919139623, 10.345483498551404, 10.344770587025655, 10.34424349866022, 10.343608587571962, 10.342798113690574, 10.341879057522178, 10.340927580436665, 10.34013931164008, 10.339482782189778, 10.338809161780715, 10.338117064498215, 10.337306350790469, 10.336439161526357, 10.335570256358643, 10.334730682526462, 10.333946150554146, 10.33321264343279, 10.332464234779101, 10.331733124762415, 10.330975877505738, 10.330185098496159, 10.329419753649184, 10.328603612975046, 10.327821826617535, 10.326999688576434, 10.326220102714199, 10.325406488980532, 10.324644117530035, 10.32385612756351, 10.323140954249526, 10.32245887778614, 10.32184868983932, 10.321364444777213, 10.32116945423069, 10.32146500785092, 10.322801198635467, 10.325996485431796, 10.332720918766487, 10.34528093058156, 10.367354443192882, 10.395925827290874, 10.422055091618391, 10.408514186822355, 10.358604551299122, 10.31392688529474, 10.321972240933222, 10.356756160813273, 10.359692972852365, 10.326668607939949, 10.306979494910586, 10.324080692876784, 10.339898246138834, 10.324151813736725, 10.304677142792123, 10.310530387277897, 10.323377913455296, 10.317048397913554, 10.302312332219646, 10.303230328338817, 10.312430148423386, 10.309601963752424, 10.29935368872441, 10.298106789465276, 10.303927175723548, 10.303365905261929, 10.296198885249078, 10.29384549876909, 10.297287654995364, 10.297598676990777, 10.293008227082838, 10.290077398815173, 10.291562159538719, 10.292385712744831, 10.289595626406092, 10.286678104792085, 10.286586477540723, 10.28735070174868, 10.28594155010429, 10.283443190356529, 10.282271406390926, 10.282424511089813, 10.281980989406378, 10.280089544712595, 10.27841956490377, 10.277834433592306, 10.277530614613893, 10.276504220116795, 10.274882751841725, 10.273634851142326, 10.27299618087779, 10.272361454389209, 10.271224588499447, 10.269819708947578, 10.268685268982914, 10.267895853970222, 10.267090975965482, 10.266006387476729, 10.26472851194891, 10.263570494014806, 10.262611842393062, 10.261705958987374, 10.260628800515972, 10.259428447918724, 10.25822326904975, 10.25711851901927, 10.256072613517132, 10.255002244960037, 10.253814748886612, 10.252590514315271, 10.251338272800991, 10.250163829066516, 10.249044745353034, 10.247882268245649, 10.246665397184469, 10.245430505738101, 10.244083754620238, 10.242835115226478, 10.241583755971737, 10.240311030148483, 10.239079747951443, 10.237552817435601, 10.236388354028337, 10.23500152612151, 10.233598699868718, 10.232218496116003, 10.230833278721752, 10.229435607180939, 10.228010840246265, 10.22654997901253, 10.225075820206364, 10.223511441335816, 10.221979773692954, 10.22045123411505, 10.218885551784346, 10.217276060790415, 10.215675257588561, 10.214045478728382, 10.212433185440757, 10.210718727420742, 10.209018117756198, 10.20728993948073, 10.205494545478906, 10.203649598019304, 10.201863634734792, 10.199927405374693, 10.198031131230728, 10.196130226377273, 10.194207747847729, 10.192232540129107, 10.18990068030796, 10.188051118022203, 10.185922609575796, 10.183786717325622, 10.181584906550723, 10.179329712095802, 10.177018866894617, 10.174696522615385, 10.172328404073134, 10.169910610335773, 10.167353569791713, 10.164791379534686, 10.16216293582192, 10.159504649469362, 10.15675589657771, 10.153968072274704, 10.151116933017654, 10.148191453132762, 10.145193595824686, 10.14212245677346, 10.138897918187904, 10.135601489807476, 10.13226979095009, 10.128825195032613, 10.12530771253828, 10.121724613560582, 10.11805033248617, 10.11434905138796, 10.110549792968113, 10.106698034133842, 10.102785855851975, 10.098813796234682, 10.094783031953234, 10.090677179766498, 10.086497019328649, 10.082280160821778, 10.078009255341044, 10.073655988027438, 10.069240239579784, 10.064740430990625, 10.060217491016418, 10.055516781588407, 10.050897178226817, 10.046142833400589, 10.04132247655378, 10.036434507871059, 10.03144135496966, 10.02638267247729, 10.021240424112758, 10.01605424130269, 10.010732232460997, 10.00532465453196, 9.999852645971044, 9.994336153488359, 9.98886846765183, 9.983305524029264, 9.979343556606333, 12.795258230749386, 10.025413829648794, 11.466680953324246, 11.600682874167246, 10.259882027452512, 10.060345764415016, 10.769954033556255, 10.995978769631028, 10.491742758884486, 9.999917446160877, 10.092580074023425, 10.493415505979042, 10.524921293064525, 10.177472450317868, 9.956319228605542, 10.079792481037654, 10.288555512081494, 10.283785410471266, 10.088870759708191, 9.953313278386341, 10.022270715135589, 10.154797543946806, 10.143388877659817, 10.01383136820708, 9.948028666196036, 10.007751750647987, 10.07888483990513, 10.056416732417418, 9.976349911483146, 9.945807031580111, 9.990991878589988, 10.028376129662206, 9.997611848619288, 9.948839928337206, 9.948809691263596, 9.982670189791445, 9.991021124267517, 9.961553420539376, 9.938312744540033, 9.95032014557984, 9.96956082722135, 9.96140003041895, 9.939412188623306, 9.936571102707914, 9.950336038873234, 9.953509938434344, 9.940099233705718, 9.931054345589438, 9.937262912087908, 9.943511000841433, 9.936909439728606, 9.928221482086482, 9.929619036533573, 9.934766133684205, 9.932271943431376, 9.925447885470563, 9.92438953070818, 9.92778396086426, 9.926940755562454, 9.92202267977779, 9.920253231308964, 9.922139330445175, 9.921759126226686, 9.91823869895924, 9.916385287611046, 9.917283664452931, 9.916859368517645, 9.914224737059254, 9.912604051775004, 9.91290403604297, 9.912309168930626, 9.910134986374125, 9.908746801248487, 9.908641688580902, 9.907814732766212, 9.905988896616075, 9.905112157221723, 9.904503447786105, 9.903485270995468, 9.901914677494524, 9.901122251314824, 9.900522624935448, 9.899101907477256, 9.897752164951953, 9.896792613048511, 9.895956709719256, 9.894735032456074, 9.89350615948385, 9.89261078167792, 9.891641469230164, 9.890409981230247, 9.889291703670695, 9.888352182179737, 9.887276896832486, 9.886070223014224, 9.884999476213443, 9.883993101031114, 9.88284696821645, 9.88167032459282, 9.880608526519234, 9.879535469512462, 9.878366011450673, 9.877233479071805, 9.876157305423241, 9.875026431121883, 9.873871326584668, 9.872760368369892, 9.87164816423581, 9.87048159927, 9.869322079826306, 9.868193081429899, 9.867038752728716, 9.86586929947721, 9.864714839658502, 9.86356497667099, 9.862379367642482, 9.861195579849701, 9.860030029620217, 9.858846091662992, 9.857643525830301, 9.856440599887977, 9.855232923107705, 9.854008019805567, 9.852800429688962, 9.8515832686273, 9.850361203393161, 9.849147392897876, 9.84793365557717, 9.846699218475006, 9.845487564284154, 9.844226736034535, 9.843060340729316, 9.841764610119297, 9.840539672593827, 9.83931529504923, 9.838076549607267, 9.836823867863131, 9.835557175013356, 9.834257142897947, 9.832968328663185, 9.831692354134434, 9.830483454105973, 9.829217552532178, 9.827917532433059, 9.826623437504997, 9.825323249273898, 9.824017555742772, 9.8227091937094, 9.82139685487785, 9.820081263329774, 9.818869827586205, 9.817573468235635, 9.816261831892366, 9.81493651065736, 9.81360249748696, 9.812281121966537, 9.810970083404447, 9.809650228750472, 9.808326308418067, 9.806904895128532, 9.805542764833579, 9.804298101115542, 9.80297504547629, 9.801609078855412, 9.800234779011733, 9.798895409619414, 9.797621078051447, 9.796273126515281, 9.794936154227548, 9.793579075581027, 9.792219646215132, 9.790857908512082, 9.789494007523786, 9.788128106075703, 9.786760409442465, 9.785390192564916, 9.784018072629937, 9.782643938809601, 9.781267884440922, 9.77989007677197, 9.77851067130343, 9.7772113738638, 9.77584622282576, 9.774477662484708, 9.773106631863584, 9.771733354505102, 9.770358043710853, 9.768980757773319, 9.767601502770392, 9.766220334896111, 9.764837299552152, 9.76345240018459, 9.762065599974141, 9.760676822495512, 9.759286067508084, 9.75789327431376, 9.756498246773837, 9.755101285392241, 9.753702211000354, 9.752300924744237, 9.750897384764231, 9.749491598388426, 9.748083560432066, 9.74667279681216, 9.745259149624882, 9.743843183112167, 9.74242486381783, 9.741004256085272, 9.739581382106014, 9.73815617401482, 9.736728519462693, 9.735298353655049, 9.733865692133465, 9.732430564177626, 9.730992938413435, 9.729552719593096, 9.728109819104699, 9.72666422447398, 9.725215006971787, 9.723762794734302, 9.722307708152533, 9.72084969855171, 9.719388727977345, 9.717924781114474, 9.716457851871395, 9.714987983817872, 9.713514972267564, 9.712038898910968, 9.71055974787183, 9.70907747387613, 9.70759205435243, 9.706103457160287, 9.704611644695762, 9.703116583448542, 9.701618244723965, 9.70011659416906, 9.698611583569994, 9.697103150687449, 9.695591220242965, 9.694075696712787, 9.692556445570572, 9.691033278841246, 9.68950594679758, 9.687905739457575, 9.686385535693399, 9.684861647659021, 9.683333844730496, 9.681802380503065, 9.680267551635547, 9.678729308654622, 9.677187346243494, 9.675641461637325, 9.67409183228667, 9.67253862939964, 9.67098180405248, 9.669421204881782, 9.667856697156584, 9.66628830972561, 9.66471614863606, 9.663140217943267, 9.661553430612871, 9.659946568735606, 9.658394464502567, 9.656671900376283, 9.655092211167313, 9.653533720704983, 9.651964342639992, 9.650386752901404, 9.648654999017564, 9.64697032942823, 9.645380087346835, 9.6438727940611, 9.642267517439413, 9.640618803479292, 9.638949142766874, 9.637299632423874, 9.635662510233098, 9.634020976660166, 9.632373362152688, 9.630718306929749, 9.6290561836462, 9.627441963380237, 9.625866576476652, 9.624010181474913, 9.622527761261402, 9.62077563561409, 9.619178661513931, 9.617523141331567, 9.6158653028943, 9.614204808897659, 9.612539626973446, 9.610868502767838, 9.609193510240077, 9.607515615177999, 9.605834217395147, 9.60402217226702, 9.602266417483365, 9.600445904144072, 9.598743838452004, 9.59700787582037, 9.595427406415157, 9.593676322892286, 9.592029794316112, 9.590343034476554, 9.588590966568479, 9.586844198948434, 9.58508088594963, 9.583321052479532, 9.581554485095586, 9.57976708208405, 9.578025790403617, 9.576408928740598, 9.574451635316874, 9.572829952876845, 9.57099245010369, 9.56927086269299, 9.56750817065452, 9.565738052831135, 9.563959690486456, 9.562145508135474, 9.560361718199381, 9.558592263703789, 9.556863200164445, 9.555080292929746, 9.55332656692242, 9.551567107032021, 9.549801501358674, 9.547998784841145, 9.546183468612961, 9.544366135434418, 9.542557348389783, 9.5407447464664, 9.538912950555995, 9.537089437167117, 9.535262042282916, 9.533430944490378, 9.531580681137095, 9.52974105249816, 9.527897725919221, 9.52605095764376, 9.524200720075585, 9.522346807439048, 9.520489289710563, 9.518628448654216, 9.516748664510697, 9.514880484899624, 9.513008908526604, 9.511134179856498, 9.50925634787231, 9.507375247357047, 9.50550322353356, 9.503644421140349, 9.50178003917426, 9.49990835005796, 9.497977720412837, 9.496103677532002, 9.494224122638167, 9.492339691979538, 9.490451041439622, 9.488556101142674, 9.486653432264108, 9.484747208464414, 9.482837532611164, 9.480924432856499, 9.479007932189079, 9.477088096841612, 9.475164954649882, 9.473238480422554, 9.4713086078541, 9.469375209204875, 9.467438021919417, 9.465496666709106, 9.463542493534113, 9.461577244448542, 9.45965402329645, 9.45767819042198, 9.45570655778912, 9.453782473000256, 9.451872803825806, 9.449944312105494, 9.448023891856547, 9.446088112273406, 9.44399154421735, 9.442107140267616, 9.440057382071103, 9.438703016588617, 9.436740409683317, 9.434782600544382, 9.432826666219405, 9.42978813102938, 9.428135496844316, 9.426181366929884, 9.42406519077954, 9.422023611800318, 9.420064776601977, 9.41810141544534, 9.416097523627377, 9.414081314714878, 9.412112513553838, 9.410100966665736, 9.408047051617906, 9.405944417613796, 9.403896511528028, 9.402009926122425, 9.399890461266379, 9.397846087467599, 9.395832346466305, 9.393618485319456, 9.391667053649668, 9.389619012874475, 9.387594910885353, 9.385537259850459, 9.383302799834782, 9.381275359567631, 9.379220965875561, 9.377091321246764, 9.375105072017872, 9.373067061162196, 9.371048123478188, 9.368771210552325, 9.366883010038684, 9.36466554736464, 9.36258003636204, 9.360521820295064, 9.358456140639518, 9.35638200759128, 9.354272927524693, 9.3521514422127, 9.349889559790709, 9.347784217953192, 9.345668985191416, 9.343541734306841, 9.34138315535865, 9.339227663930094, 9.337187416202486, 9.33513015206985, 9.33291863410764, 9.330797609115018, 9.328672509784257, 9.3265456227152, 9.324419979268347, 9.322284356967101, 9.32014215956887, 9.317982958528154, 9.31581668844908, 9.313654989483327, 9.311474100148923, 9.309303631014599, 9.30712953467453, 9.30495253273698, 9.302772279173945, 9.300589141172937, 9.298403228584105, 9.296214226353662, 9.29402223323761, 9.291826712944296, 9.289638854705366, 9.287444667344284, 9.28520263718978, 9.28293021819873, 9.28071927918848, 9.278554330533721, 9.27636657561314, 9.274089093486468, 9.27225688467921, 9.270056674037676, 9.267833564400702, 9.265140496716416, 9.262974515539154, 9.260713311390237, 9.258517219615907, 9.25629695459105, 9.2540357602923, 9.251786370099524, 9.249562343923966, 9.247243178845105, 9.244987839149552, 9.242782743078623, 9.240515667028852, 9.23818727266233, 9.235923234990276, 9.233599198336064, 9.231411608439718, 9.229148415697516, 9.22668927310289, 9.22500052089771, 9.222295278589947, 9.21992645968964, 9.217691833107544, 9.215426001516278, 9.213155226961312, 9.21088452042314, 9.2085409271859, 9.20613198570325, 9.203857808473991, 9.201590839909008, 9.1992040028985, 9.196844725142888, 9.19446479182464, 11.398147120953945, 10.181716331804147, 12.155893975759176, 11.224422848216655, 9.577876247312703, 9.522042260338397, 10.8441060662514, 10.069450582305208, 9.208233340903066, 9.485499808274689, 10.037119279885383, 10.075202382183777, 9.62458025258037, 9.210602166135413, 9.294580783815224, 9.67949164754727, 9.671882101458865, 9.32666796758996, 9.194011066309217, 9.344333964146982, 9.498436954725383, 9.456175820310046, 9.274572051172585, 9.17207540994721, 9.263462529811145, 9.380918272659343, 9.319809236112704, 9.1922722355835, 9.181427178448187, 9.259044103238859, 9.293528988567067, 9.23968939692627, 9.174064941487929, 9.181208517420579, 9.234193552973114, 9.235158182218958, 9.182288287271406, 9.159403601951489, 9.187769465464065, 9.210526971800318, 9.190088788999756, 9.159178419655904, 9.161725446185589, 9.182870665323252, 9.180158511224363, 9.156416657111386, 9.150962279436698, 9.164712259301217, 9.168449992022317, 9.154417126719649, 9.144380372643004, 9.151119360917583, 9.15465015400646, 9.147811357180817, 9.139468380596725, 9.142422064757145, 9.146119566475567, 9.140552347580075, 9.133935508536778, 9.135353531634593, 9.137523500256007, 9.133884708811175, 9.12846624059432, 9.128852361099476, 9.12971947019132, 9.126246204187703, 9.12248162944387, 9.122668134511251, 9.122635432342632, 9.119342465102033, 9.116586278654617, 9.116502252786063, 9.115511427930029, 9.112534572936712, 9.110577125107996, 9.110136887768647, 9.108669158707055, 9.10605349237331, 9.105018034743326, 9.10419239687329, 9.101851873385048, 9.099686774769879, 9.09846197063217, 9.097043600988625, 9.095026968586252, 9.093305485969626, 9.092060961158431, 9.090350642391938, 9.088380805745397, 9.086767118257676, 9.085340191576627, 9.083336054857376, 9.081613185146331, 9.080692366135262, 9.078407087365246, 9.076659884570818, 9.075065760378699, 9.073350381480397, 9.07156010679633, 9.069801112427898, 9.068016245425447, 9.066412596066316, 9.064478146763717, 9.062816646308518, 9.06108237856618, 9.05925902525744, 9.057511271505273, 9.055775825768729, 9.053962396725733, 9.052183794406004, 9.050428970742727, 9.048548986532754, 9.04673000645952, 9.044950879315019, 9.043143072977813, 9.041323974378365, 9.039526513530987, 9.037698323839361, 9.035846019270451, 9.034014304403135, 9.032171163770872, 9.030303047157425, 9.02844137575246, 9.026572421729911, 9.02468806305995, 9.022811625338289, 9.02092546155876, 9.019072706294372, 9.01717826695087, 9.015276976509073, 9.013361726280431, 9.011442603860427, 9.00950608010033, 9.007602259003276, 9.00566323801939, 9.003703914400013, 9.001803544589384, 8.999889184163685, 8.997996048124953, 8.99610653882288, 8.99414725647386, 8.992171173380502, 8.990192912994008, 8.9882187754072, 8.98625994110465, 8.98430181125758, 8.982305471888264, 8.980305051397984, 8.978308532158243, 8.976307248203995, 8.9742836211334, 8.972267445994778, 8.970245940106008, 8.968202660525334, 8.966169910150372, 8.964132097365194, 8.962086977486123, 8.960035207785506, 8.957963102133526, 8.955901851448779, 8.953836454780136, 8.951765011313684, 8.949686317596171, 8.947602075155515, 8.945514057284685, 8.943422560841297, 8.941326202433034, 8.939223017373097, 8.937150132650425, 8.935078743780991, 8.93299072286317, 8.930843218146146, 8.928756915272237, 8.92666501852453, 8.924556384518173, 8.92243714953168, 8.9202570042895, 8.918147743539365, 8.916033286598498, 8.913911935111024, 8.911778180545785, 8.909634591803199, 8.907486218350927, 8.905332759336728, 8.903173722389894, 8.900948834880035, 8.89879959911255, 8.896645005587224, 8.894485261087937, 8.892320129495552, 8.890149415408388, 8.887973290761018, 8.885786554917404, 8.883595566621102, 8.881400371218062, 8.879200883679845, 8.876997115546061, 8.874789101719394, 8.872576778485024, 8.870359964060064, 8.868138394921038, 8.865911683610369, 8.863679078462933, 8.86137957684978, 8.859160889218503, 8.856936955576002, 8.85470766367533, 8.852474004266963, 8.850236572804342, 8.847995014028289, 8.84574873644167, 8.843497740895584, 8.841242636771286, 8.838983679956744, 8.83672062338764, 8.834453198160956, 8.832184050774458, 8.829884244880237, 8.827502635107665, 8.825213154949525, 8.822967645708509, 8.820708690969711, 8.818443183663963, 8.816131905619374, 8.81381161652152, 8.811362873352095, 8.809201642245965, 8.806910784685318, 8.804575266832673, 8.802222227488471, 8.799874127326076, 8.797535448303067, 8.795208460737161, 8.792877762782881, 8.790542512098362, 8.788186677680855, 8.785840839378663, 8.783489771159804, 8.781146143251398, 8.778862531682346, 8.77659089464951, 8.774041260894371, 8.771856322704592, 8.7695391657926, 8.767234679306192, 8.764759248578065, 8.762412015212067, 8.760061345764719, 8.757703370384867, 8.755341626184405, 8.752979806175945, 8.750616442442722, 8.748247796771587, 8.745874258229227, 8.743499143081726, 8.741122842844705, 8.738646533562978, 8.736213826346265, 8.73376774638462, 8.731218672012163, 8.728875504724705, 8.726478070505806, 8.72407577245929, 8.721672587134494, 8.71931655907508, 8.716923498878417, 8.714555622683523, 8.712185465880099, 8.709764778333637, 8.707332371339133, 8.704888696119928, 8.7024390551851, 8.699996115072949, 8.6975486670838, 8.695099153285923, 8.692629730834561, 8.690169653887686, 8.687705767531684, 8.685270731261669, 8.682923554651227, 8.68057055845273, 8.677878402700061, 8.675638039117956, 8.673041896232508, 8.670603925342554, 8.668186855352669, 8.665698478069853, 8.663238287764448, 8.660764797919855, 8.658362706301117, 8.655897325240865, 8.65342650431653, 8.650930729887975, 8.648472351313943, 8.645981858154176, 8.643525859741674, 8.641181402532972, 8.638611814943324, 8.636164160645437, 8.63371352554713, 8.63125552226927, 8.628796978081459, 8.626339132797277, 8.623852767001273, 8.621355574492908, 8.618870951915858, 8.616367965194236, 8.613877116622836, 8.61138425633002, 8.608873856980216, 8.606375782090801, 8.603875997049096, 8.601374563609799, 8.598871141367754, 8.596365827187316, 8.593843033934524, 8.591333943116057, 8.588822936730644, 8.586310299473537, 8.583796346696204, 8.581280817010795, 8.578763489289225, 8.576244734556875, 8.573724740576408, 8.571203180912375, 8.568664240339665, 8.56613935383324, 8.56361339218163, 8.561085976213096, 8.558557023678953, 8.556026969195198, 8.55349583187705, 8.550963263769932, 8.54842939339184, 8.545894563976772, 8.543358636387737, 8.540821395921235, 8.53828309394434, 8.535743908225633, 8.533203631480273, 8.53066223905337, 8.528119990354611, 8.52558362849605, 8.52305377791627, 8.520521988341578, 8.51798824262736, 8.515452717149316, 8.51291548236664, 8.510376475501829, 8.5078357564266, 8.505293411175053, 8.502748652343142, 8.500201112583046, 8.497652424586118, 8.495102604364243, 8.492551661608752, 8.489999603756711, 8.487446424949235, 8.484892109485395, 8.482336631207653, 8.479778497250994, 8.477216744648908, 8.47465256765612, 8.472085657782358, 8.46951552843968, 8.466941597787116, 8.464374232441223, 8.461823168273373, 8.459272412820662, 8.456722384934729, 8.454172964874916, 8.45162381801501, 8.449075228121771, 8.446527157327976, 8.443993265988821, 8.441442370945142, 8.438905136495558, 8.43635988098241, 8.433793587582661, 8.431168842955001, 8.42857849920398, 8.426078299036, 8.423544945015994, 8.420859678565774, 8.418771348779321, 8.416199124677943, 8.413654713317039, 8.41111169125388, 8.408539761112968, 8.405985970858048, 8.403441786923253, 8.400871577186079, 8.397642392079241, 8.3951257262708, 8.392518371528551, 8.389992487794402, 8.38721781495117, 8.384642111923373, 8.382070608507647, 8.379520795501277, 8.37689135834877, 8.374321706064263, 8.371810053876906, 8.369233018986963, 8.366646048357635, 8.364023381621701, 8.361486964044808, 8.358906704092085, 8.356352675208306, 8.353743411613925, 8.351185442122109, 8.348545237934614, 8.346005969395717, 8.343347870280443, 8.340780472631625, 8.33820670600527, 8.335611549158553, 8.333074257779657, 8.330422456361912, 8.327739561581343, 8.325146002050708, 8.322460053376364, 8.319924601066583, 8.317344329543607, 8.314830074017777, 8.31229623480014, 8.30957940863451, 8.30698028088612, 8.304421855641534, 8.301702810497671, 8.299013407269557, 8.296392078638103, 8.294037401561617, 8.291360554536606, 8.288676755488206, 8.286106415957754, 8.283542555861477, 8.280977559875094, 8.278417147797388, 8.275788702553461, 8.273051927862252, 8.270620091346926, 8.268062579451197, 8.265388884164553, 8.262788349892249, 8.260156519972139, 8.257494176250733, 8.25490743396023, 8.252326569784826, 8.249763860903688, 8.247147881634685, 8.244520606064754, 8.241913153137778, 8.239286308447237, 8.236668551579573, 8.23403585571291, 8.231415887881976, 8.228788628908733, 8.226168309684864, 8.223522947326977, 8.220891493614552, 8.218266336301182, 8.21562731323999, 8.212996377917072, 8.2103622405851, 8.207741525568155, 8.205149982814866, 8.20255794237852, 8.199917481309809, 8.197327286216511, 8.194721409663362, 8.19205237468636, 8.189469109392583, 8.186872497656829, 8.184269336791424, 8.181655736771466, 8.179039458301274, 8.176357083516168, 8.17376480523979, 8.171166240003341, 8.168571008490092, 8.165964683920883, 8.16335370181831, 8.160737580701083, 8.158120513050257, 8.155502432439956, 8.15288185395738, 8.150259144373466, 8.147632792072061, 8.144939651878827, 8.142342857838404, 8.139734285329656, 8.137137582542291, 8.134522483984966, 8.131919684616008, 8.129302946651684, 8.126691819720785, 8.124074264399473, 8.121418578023857, 8.11882899979799, 9.097456149994713, 21.067055229138546, 8.321663160698229, 12.103248502477886, 16.393749391265366, 19.57684597349739, 21.27619701715679, 21.510310547991097, 20.49100512736451, 18.531067088889344, 15.985983111075342, 13.228874067991102, 10.65399664345225, 8.736806100748511, 8.134798452111054, 9.87692811240522, 13.18583412042308, 11.585649710013, 8.920100941883492, 8.111923648919754, 8.43560839016812, 9.119477333087351, 9.767104748866954, 10.183261235568649, 10.289685394440944, 10.09406952224469, 9.661610430172114, 9.104706233494369, 8.564023567101241, 8.19470656481124, 8.145356158136684, 8.461868440535138, 8.905962552703786, 9.022727589825152, 8.703783211354038, 8.31271938497564, 8.129189608878523, 8.165907949600156, 8.311586844404308, 8.456426136766991, 8.533428456919934, 8.517997301383817, 8.423328009884983, 8.290342839989819, 8.173462739550123, 8.123471685541666, 8.161736114080822, 8.250464912646192, 8.311865089409798, 8.293251209892578, 8.217110767869048, 8.146946823479068, 8.123998491516021, 8.146011139781894, 8.184799626771216, 8.211326116153385, 8.211422966156237, 8.187030467646043, 8.152474627450658, 8.12720361082835, 8.124506417896095, 8.141714309416804, 8.161110954044707, 8.16583902122551, 8.152488246620731, 8.133204816716725, 8.122062120343331, 8.123696042598498, 8.133054690831058, 8.141128550304659, 8.141513202326832, 8.13436631524808, 8.12490532032458, 8.119422767482932, 8.120480563351423, 8.125465027850032, 8.129255189796824, 8.127997446330266, 8.122802349066184, 8.118279977067377, 8.116870842430389, 8.118543155157058, 8.120968629574877, 8.121479191430302, 8.119413231621724, 8.116546142125783, 8.114712868022927, 8.11462904013502, 8.11557416676293, 8.116218039775719, 8.115477434460828, 8.113801074978898, 8.112391922419635, 8.111965679505909, 8.112372087093, 8.112584487352601, 8.1121958673235, 8.111257617761721, 8.10992674587504, 8.10940108061949, 8.109270383248349, 8.10932693158689, 8.109035087552728, 8.10826720859037, 8.107461765987393, 8.106905851313211, 8.10683641702799, 8.106703488449938, 8.106319899632673, 8.105636368745342, 8.105017455216373, 8.104593665824835, 8.104235346892956, 8.104035386613111, 8.103682888177707, 8.103132582566428, 8.102494745628716, 8.102183199511062, 8.101788360357597, 8.101454704485672, 8.101091972651961, 8.10056450285984, 8.1002317379537, 8.099911276905798, 8.09952109136937, 8.099135118411313, 8.098708832315028, 8.098268005804222, 8.09785031561724, 8.097464347433494, 8.097084772959954, 8.09668266356498, 8.096237314318513, 8.095801144263545, 8.095379765881722, 8.094956544554735, 8.09455061858775, 8.0941366775933, 8.093720211037239, 8.093312507349408, 8.09291545447749, 8.092518563801478, 8.09211022044351, 8.09168929162084, 8.09126481524484, 8.09084592738394, 8.09043400142606, 8.09002458978751, 8.089614768855304, 8.089206396644444, 8.088808799202921, 8.088419372004893, 8.088034198015784, 8.087650319318955, 8.087266324584483, 8.086878217521964, 8.086424888610344, 8.086043174832055, 8.085656188082991, 8.085264761931239, 8.084871807532199, 8.084479791772662, 8.08408901761323, 8.0836982650804, 8.083306540740457, 8.082913808023276, 8.08252028498997, 8.082125704102538, 8.081729620926684, 8.081332178609593, 8.080934087839296, 8.080535694601899, 8.080136191229526, 8.079733770681166, 8.079326370186807, 8.078979617431525, 8.078575343377413, 8.078155165258623, 8.07774422250841, 8.077374298246186, 8.077004655545407, 8.076636202385584, 8.076270172569444, 8.075907306732086, 8.075561543789775, 8.075212719636609, 8.074857962873786, 8.074389918085428, 8.074021313534702, 8.073566837205531, 8.0733113450217, 8.072881881103031, 8.072967999906131, 8.07260600779107, 8.07224376972142, 8.071882472681407, 8.071522623708972, 8.071164150782058, 8.070196453313804, 8.069626366031974, 8.06940922579003, 8.068909887180366, 8.068408840669736, 8.068093413707262, 8.067712906941516, 8.067355593389067, 8.066957821742806, 8.066622778448739, 8.066252252457117, 8.065861741092222, 8.06546104120893, 8.065125513937971, 8.064772199404253, 8.064368830157413, 8.063885910855586, 8.063619811764793, 8.063143115838722, 8.062685252656296, 8.062451939705541, 8.062083970761632, 8.061719688720364, 8.06131288173824, 8.06086765769692, 8.06043873193574, 8.060150550254765, 8.059754161738788, 8.059258134939313, 8.0584284876765, 8.058525597061502, 8.05817904564763, 8.057830753511462, 8.057443016664, 8.056931673161637, 8.0566923949688, 8.056168045446496, 8.055802706510484, 8.055343681632097, 8.055050013166737, 8.054801794786801, 8.05416536014381, 8.054029302254564, 8.053534092481874, 8.053078473530343, 8.052738568762239, 8.05241905046217, 8.052088735088345, 8.051712339341249, 8.051152872686979, 8.050879583239196, 8.050633484818539, 8.050147466267276, 8.04981542416092, 8.04931242627351, 8.048927797280136, 8.048580072170207, 8.048229223372926, 8.047874132445143, 8.047515211879908, 8.047132536933676, 8.046741102500144, 8.046344761069063, 8.045945200394618, 8.045557253199531, 8.045167661024761, 8.044759659605818, 8.044366430654497, 8.043972590126232, 8.043577950000179, 8.04318210455011, 8.042767950570926, 8.04236800115695, 8.041966736799978, 8.041564741179007, 8.041162490567533, 8.040760147635076, 8.040357490407093, 8.039954023863006, 8.03956100963967, 8.039202611789323, 8.038839634851985, 8.038403044022191, 8.038041276697056, 8.037675181770812, 8.037299356242327, 8.036914149369869, 8.036467045345017, 8.036101774318269, 8.035733950638264, 8.03536305222755, 8.034983440231024, 8.03459719301238, 8.03420962800862, 8.033820683607685, 8.033430018759644, 8.032975757858026, 8.032605147406974, 8.032232178605225, 8.03185634994237, 8.031477803924071, 8.031097100034371, 8.030714598225654, 8.030325606535024, 8.029936074965791, 8.029545913695921, 8.02915499577157, 8.02876313995693, 8.028370303733583, 8.027976474337065, 8.027581593649728, 8.027185413297206, 8.026787469396321, 8.02638696186478, 8.025916454151245, 8.025536331610121, 8.025154345040214, 8.024770295153054, 8.024384509823223, 8.023997454456081, 8.02360959130438, 8.023220961738769, 8.022831482776445, 8.022440849018777, 8.022048885087573, 8.021655528652785, 8.02126091382748, 8.02086526531892, 8.020468717637897, 8.020017975463643, 8.01965608831105, 8.01914580911208, 8.018733176382215, 8.018373672661859, 8.01800596066466, 8.017631495551539, 8.0172526371148, 8.016831559091928, 8.016367281516215, 8.015956934862546, 8.015431045176223, 8.015043320699913, 8.014712365647158, 8.01439634405759, 8.013975750425631, 8.013549750063433, 8.013117582728233, 8.01269727901212, 8.012279725480777, 8.011867971461527, 8.011461794134398, 8.011059305093484, 8.010673597498046, 8.010279371895537, 8.009761878875082, 8.009255491873217, 8.009025173300175, 8.008628965136772, 8.008232536902522, 8.007747180613023, 8.007447490630518, 8.006902010262898, 8.006500724276002, 8.006099901017476, 8.005697227038814, 8.005291219013749, 8.004882236366143, 8.004472001039408, 8.004062280177154, 8.0036532900849, 8.003244867709768, 8.00283567092648, 8.00242456617428, 8.002011278825352, 8.001596502264068, 8.001181255702434, 8.000569415305431, 8.000258656521565, 7.999805999804672, 7.999340513312138, 7.998917255151727, 7.998317721701133, 7.998111880706815, 7.997513938935078, 7.997094082897271, 7.996684021415609, 7.996219085940416, 7.995861962892067, 7.99552100274328, 7.995023736123011, 7.994604806694264, 7.994217611388637, 7.9938292294895765, 7.993435046027929, 7.992988624246625, 7.992547150893068, 7.992116360556266, 7.991665417778881, 7.99122719609961, 7.990769946394414, 7.9903258069145275, 7.989880850134951, 7.989435415206267, 7.988973424872892, 7.988524744689287, 7.988073970356069, 7.987621402810775, 7.987167869353109, 7.98671413981115, 7.986260425084504, 7.985818157056875, 7.985425293471161, 7.985052643481189, 7.984666930816434, 7.984135384425838, 7.983553272857909, 7.983242381176541, 7.982858403611501, 7.9823256018510165, 7.981810652059445, 7.9813876328030435, 7.980992334206635, 7.980552157705912, 7.980122795854726, 7.979677916817229, 7.979230546298353, 7.97878245039009, 7.978333490459386, 7.977883470601378, 7.977432211244248, 7.976979603619742, 7.97652556511137, 7.976068485723389, 7.975598518131355, 7.975120129301687, 7.9747000176674865, 7.974237236024137, 7.973734650512001, 7.973288409874251, 7.972843301391327, 7.9724473848552835, 7.97206255653345, 7.971549993198425, 7.971086020826086, 7.970635021767875, 7.970194894943355, 7.969747593561632, 7.969296227933034, 7.968843614462873, 7.968390528966154, 7.9679374693669525, 7.967484346950773, 7.967030627682717, 7.966575768856706, 7.966119628121277, 7.965662535057794, 7.965204975408542, 7.964747210039269, 7.964289121641369, 7.963830348769937, 7.9633550330910134, 7.962892284585851, 7.9624287972575924, 7.961949302866109, 7.961483265999837, 7.961016611374395, 7.960549255041811, 7.960081158536585, 7.959596422407222, 7.9591261273930805, 7.958655226546486, 7.958183710836912, 7.957711569076256, 7.957238799122567, 7.9567654109203465, 7.956275818384008, 7.955800682502115, 7.955324939219045, 7.954848604400795, 7.95437169601722, 7.953894229640365, 7.953416191272498, 7.952937564999233, 7.9524583424879145, 7.951978533043106, 7.951498156762522, 7.951017229137409, 7.950535751052294, 7.950038170547097, 7.949555240133987, 7.9490717280606935, 7.948587673840525, 7.948103104804013, 7.947618017995108, 7.9471323857253795, 7.946646180058022, 7.946159397978065, 7.945672063880495, 7.945184207833722, 7.944695842425236, 7.944206956510809]