Model Setup for Atypical Patient 3:
ITERS=4000
LEARNING_RATE=0.001
OPT_RESET=500
ATOL=1e-09
RTOL=1e-07
METHOD=dopri5
Input channels=2
Hidden channels=11
Output channels=2
Runtime=728.8374950885773
Optimizer=Adam (
Parameter Group 0
    amsgrad: False
    betas: (0.9, 0.999)
    capturable: False
    differentiable: False
    eps: 1e-08
    foreach: None
    fused: None
    lr: 0.001
    maximize: False
    weight_decay: 0
)Loss over time=[787.8746596534249, 719.4793429309001, 676.398298120656, 643.6748345716425, 616.8143803139715, 593.7970014983295, 573.5204087770983, 555.311737902723, 538.7300350473731, 523.4689661016405, 509.3010183424621, 496.0576842522205, 483.603989025838, 471.8360387878523, 460.662437210063, 450.02140925257777, 439.8523528783753, 430.1066515226081, 420.73767802415654, 411.71515264786467, 402.99487860680745, 394.5954903709177, 386.4408420905986, 378.54149461151377, 370.8789400786505, 363.4320345689012, 356.2012390902228, 349.1857872445217, 342.36775087520215, 335.75310767940414, 329.3514755626938, 323.14847130016165, 317.16210940362276, 311.4000459421146, 305.84639557593425, 300.4870465967102, 295.3096300536968, 290.3025521103489, 285.4565538159287, 280.76207950056744, 276.2112133679384, 271.79497906729324, 267.5083564616287, 263.3433705886169, 259.29469329863855, 255.35685026762943, 251.5247303524683, 247.7931876674973, 244.15808635383198, 240.61511705755757, 237.16055727531966, 233.79122797434874, 230.50286263107319, 227.29244626867123, 224.1574446547572, 221.09436154927423, 218.10098909937687, 215.17451281889072, 212.3125728456145, 209.51290076011927, 206.77329378145788, 204.09170901377982, 201.46641921140565, 198.89525298642454, 196.3765041224052, 193.9086354581407, 191.48988524156485, 189.11880098646535, 186.7938430398632, 184.51371467469528, 182.27699574443065, 180.08252886849743, 177.92897296808604, 175.81516394819982, 173.73997557835932, 171.70232777874426, 169.70120039534706, 167.7355591198217, 165.80447890406606, 163.90702827354806, 162.04225332245667, 160.2093434769322, 158.4074979468613, 156.63612943726443, 154.8942112917862, 153.1810503667317, 151.49601586456276, 149.83834622399115, 148.20736964485647, 146.60247458731433, 145.02313519098564, 143.46876994831226, 141.93843144752952, 140.43198644233019, 138.94875639112612, 137.48825937841764, 136.04994504255458, 134.63331711120543, 133.2379141473734, 131.86324741783343, 130.50889735657753, 129.17440901446952, 127.85938277994141, 126.56326107098921, 125.28588962062389, 124.02678889384843, 122.78567602402408, 121.56217954720827, 120.35564228820927, 119.1660694783841, 117.99301789694954, 116.83617548017546, 115.69512176876542, 114.56963165777339, 113.45940692964349, 112.36415713438218, 111.28359925635446, 110.21745839113683, 109.16546576109987, 108.12736012534941, 107.10288682292676, 106.09179757270284, 105.0938501720815, 104.10889109309082, 103.13642448905208, 102.17661089962736, 101.22892112332757, 100.2932600874175, 99.36939724127772, 98.45715005123915, 97.55632367736617, 96.66670338453254, 95.78809378193382, 94.92032144602612, 94.06319344790971, 93.21655162926787, 92.3802229202547, 91.55401793968203, 90.73778843438792, 89.93136988790188, 89.1345770314025, 88.34726399704351, 87.56929075662204, 86.80053719098504, 86.04090484262377, 85.2900977594022, 84.54806592367846, 83.81465996667619, 83.08980280600787, 82.37325648192892, 81.66496571261933, 80.96478925389268, 80.27260435261427, 79.5882907295156, 78.91173051468247, 78.24280818484971, 77.58141050290148, 76.92742645919037, 76.28074702860661, 75.6412651233609, 75.0088765656323, 74.38347870845122, 73.76497086450877, 73.15325421797797, 72.54823165235368, 71.94980843973165, 71.35789197302394, 70.77238945860084, 70.19321132825918, 69.62026942501143, 69.05347713062869, 68.49274940037357, 67.9380398429755, 67.38948937716697, 66.84697588102729, 66.31036068306118, 65.77999150857694, 65.25530831344852, 64.73627170832043, 64.22281245911971, 63.71536096147643, 63.21310748298156, 62.71637206158584, 62.22520221493806, 61.73925505675634, 61.25831211433978, 60.78311629231448, 60.312748155299985, 59.847440731371925, 59.38646368588543, 58.9302368055374, 58.4797584203502, 58.033958299785624, 57.59280733430166, 57.15627900145285, 56.724378116393126, 56.296457445102256, 55.87307878612452, 55.45539582600873, 55.04100699461824, 54.631109468411566, 54.22476353724706, 53.82346613174614, 53.42616991719839, 53.03288103557326, 52.644687589810935, 52.25858251374022, 51.87704893870261, 51.49995480912901, 51.12667894152882, 50.756710859353305, 50.39086622929903, 50.028477527113544, 49.670060161814234, 49.31522342867723, 48.963952233435776, 48.61621136673921, 48.2721166912673, 47.93132932125841, 47.59353852899795, 47.25992654136805, 46.92845219458247, 46.602326042230374, 46.2774081653268, 45.95608167638931, 45.638780863243646, 45.32333826301388, 45.01291188424609, 44.704046983079486, 44.398637292457934, 44.09575091541888, 43.79688066517397, 43.500348219990215, 43.206792665975485, 42.9154805994513, 42.62809112682391, 42.343030181022094, 42.060763408567624, 41.781161886892676, 41.50397553513795, 41.230902699408745, 40.95864547720161, 40.689393490763315, 40.42286428960418, 40.15934247893721, 39.89887131374591, 39.640720761563394, 39.38369849158095, 39.130466427902974, 38.87870240475415, 38.629651025583144, 38.3826643220616, 38.139397276433066, 37.89694814641728, 37.65748589905333, 37.42020020162337, 37.184973226472735, 36.952138150092885, 36.72161882393669, 36.49420553063778, 36.26758493523038, 36.043456712809736, 35.820635743950746, 35.6005950065746, 35.383180119345376, 35.16708183371247, 34.95386182982419, 34.74196596092118, 34.53276137743708, 34.325086662000714, 34.118358790885196, 33.91511149286776, 33.71284232350479, 33.51270206941722, 33.31471805923298, 33.1184567852622, 32.92388110605419, 32.73137574708227, 32.54130430483705, 32.35119569794685, 32.16425037815504, 31.978910501168738, 31.795070292870363, 31.613397670097996, 31.43177455494314, 31.253665540224144, 31.076562625324513, 30.90133338060259, 30.725783169805172, 30.553736790226377, 30.38388036684753, 30.213470313827244, 30.045535747462974, 29.878957006569124, 29.71475059437935, 29.55023514822686, 29.388580634978858, 29.227828514635927, 29.069230181292344, 28.911993144377153, 28.75595286482733, 28.599677991122018, 28.445982014878258, 28.293936025401447, 28.142985356760956, 27.99337793659622, 27.845106465433812, 27.69860483049393, 27.551796392708958, 27.407355881898752, 27.26394749810443, 27.122270972226445, 26.981438697558758, 26.841489205654398, 26.702103483299677, 26.564410376368233, 26.428957152068673, 26.292997712490372, 26.158814894702527, 26.02628690658213, 25.894115764574995, 25.763527828340877, 25.63408657359526, 25.50421238088826, 25.37649285049916, 25.250007790251527, 25.124193378147197, 24.99989319882443, 24.87581647013715, 24.753435605112962, 24.63141959701396, 24.5107497958935, 24.390896919505575, 24.27162163510407, 24.15425148880762, 24.037078092693434, 23.92066449578398, 23.804810120423443, 23.6904923153815, 23.576596950238635, 23.463894835803675, 23.351957765543215, 23.240780619228246, 23.129658714679735, 23.020058995069466, 22.911313907744145, 22.803484243169287, 22.696307203879012, 22.589948906700968, 22.484102586077924, 22.379592551359238, 22.275327159358564, 22.172006353024436, 22.069243805611034, 21.966402658335596, 21.865251887703444, 21.764671010776002, 21.66494251408602, 21.565760188618267, 21.46675076440755, 21.36872340013827, 21.2717519628009, 21.174923733845887, 21.07899326208284, 20.98366733807268, 20.888776282085335, 20.794619068582083, 20.70105438254681, 20.6080988063462, 20.515664520380593, 20.42389289903869, 20.332648068718175, 20.24172787787844, 20.151793513523835, 20.06218067755231, 19.973003207807036, 19.88458771535329, 19.79659971840633, 19.709144523005417, 19.622218752464338, 19.535818499842797, 19.4499399007437, 19.36457913249458, 19.279732413355017, 19.1953960017469, 19.111566195504068, 19.0282393311468, 18.945411783174332, 18.863079963377686, 18.781240320171715, 18.699889337947056, 18.61902353643731, 18.538639470106496, 18.458733727550626, 18.37930293091744, 18.30034373534121, 18.22185282839177, 18.143826929540122, 18.06626278963609, 17.98915719040264, 17.91250694393882, 17.83630889224001, 17.76055990672877, 17.685256887797955, 17.61039676436503, 17.535976493437445, 17.46199305969105, 17.388443475055638, 17.315324778314054, 17.242634034708786, 17.170368335558397, 17.098524797886096, 17.02710056405225, 16.956092801400526, 16.885498701910276, 16.815315481854434, 16.745540381470914, 16.67617066463722, 16.607203618554916, 16.53863655343927, 16.470466802217874, 16.402691720234593, 16.335308684961138, 16.268315095712694, 16.201708373373677, 16.135485960126154, 16.06964531918558, 16.00418393454067, 15.939099310699742, 15.874388972442544, 15.810050464577598, 15.746081351702943, 15.682479217973452, 15.619241666871217, 15.556366320982114, 15.493850821774766, 15.431692829386327, 15.369890022410233, 15.308440097688338, 15.247340770108934, 15.186589772406291, 15.126184854964112, 15.066123785624457, 15.006404349498114, 14.947024348779486, 14.887981602564828, 14.829273946672144, 14.770899233467823, 14.712855331690992, 14.655140126286437, 14.597751518235992, 14.540687424395719, 14.483945777334098, 14.427524525172943, 14.371421631432845, 14.31563507487792, 14.260162849366155, 14.205002963700348, 14.150153441481104, 14.095612320964268, 14.041377654918852, 13.987447510486497, 13.933819969044254, 13.880493126069013, 13.827465091005138, 13.774733987132095, 13.722297951434665, 13.67015513447616, 13.618303700272554, 13.566741826167362, 13.515467702710309, 13.464479533536048, 13.413775535245884, 13.36335393729006, 13.313212981851501, 13.26335092373381, 13.213766030245166, 13.16445658108956, 13.115420868256582, 13.06665719591284, 13.018163880294965, 12.969939249604387, 12.921981643903388, 12.87428941501119, 12.826860926403128, 12.77969455310997, 12.73278868161907, 12.686141709775724, 12.639752046687214, 12.59361811262674, 12.547738338938574, 12.502111167945507, 12.456735052855983, 12.411608457673227, 12.36672985710486, 12.322097736473319, 12.277710591628493, 12.233566928860576, 12.189665264813469, 12.146004126399179, 12.10258205071454, 8.863502164655403, 6.45269489124891, 4.889058734553271, 4.044152795589164, 3.6967074518161436, 3.7155773632125975, 3.9501466515804395, 4.268457469891497, 4.566412341002255, 4.770821488064391, 4.849918864506178, 4.805019099487851, 4.654855919908454, 4.432850774535458, 4.182114006157954, 3.9447788461534516, 3.7513887025126924, 3.6185649473989376, 3.5545251473668102, 3.5547253636006015, 3.6040214030757314, 3.6804064948495725, 3.7594232632622497, 3.819774081997264, 3.8480715441031985, 3.840364520582597, 3.8012392125154664, 3.741672562236991, 3.675495311912151, 3.6155791003938345, 3.5713977017871574, 3.547732074109669, 3.544207523985261, 3.5562822420517906, 3.577113942302599, 3.599241545900894, 3.6162217977020203, 3.624021409630595, 3.6214084773623445, 3.609671100985081, 3.592072436106159, 3.572792336797737, 3.555763373462231, 3.5439027776042296, 3.5385452599251095, 3.539254262655572, 3.5442393641815952, 3.5509705804322182, 3.556862566084271, 3.5600134559446377, 3.5595907012853356, 3.555845391741139, 3.5499232584222384, 3.5433947065931943, 3.5377330588023113, 3.533966664096751, 3.532448491489728, 3.5328606776771023, 3.5344413503916683, 3.5362426718517352, 3.537424584539336, 3.537486818426247, 3.5363306344110508, 3.5342313732965915, 3.5317041503945408, 3.529302011512189, 3.5274628573973006, 3.526393517997154, 3.5260376348691835, 3.5261441721770486, 3.526364279097578, 3.5263754812941714, 3.525981351925042, 3.525144089372675, 3.523976503950418, 3.522679324806474, 3.5214597082397217, 3.5204687577353724, 3.5197573974757246, 3.5192788253065364, 3.518920899502319, 3.5185503162159204, 3.5180630970366056, 3.5174113804360227, 3.5166100997967447, 3.515722677715487, 3.5148293257692034, 3.513999193532986, 3.5132673749369037, 3.512628435016957, 3.5120458674911124, 3.5114684596380044, 3.5108519049324642, 3.5101723935706555, 3.509431621705055, 3.5086523327723813, 3.5078657319207234, 3.5070995951142474, 3.5063681658541843, 3.5056695017356416, 3.5049890567425988, 3.5043067474754266, 3.503605776023929, 3.5028778115445816, 3.502124922161934, 3.5013568915044373, 3.5005861264099294, 3.4998227194629763, 3.49907071773122, 3.4983278513992913, 3.4975872822175393, 3.496841120068314, 3.4960836546578027, 3.4953131224451526, 3.494531838164481, 3.4937444313989143, 3.4929557348529645, 3.492168725117132, 3.491383703569292, 3.490598626723674, 3.4898103031034196, 3.4890159343800473, 3.4882141153849417, 3.4874052273904796, 3.486590911605808, 3.4857732136534847, 3.484953641657364, 3.4841326343576853, 3.483309570304502, 3.4824831910398015, 3.481652266235321, 3.4808160775801467, 3.4799746589613916, 3.479128626071582, 3.478278825745858, 3.4774259180308986, 3.4765701262169055, 3.475711215036526, 3.474848666324979, 3.473981960739602, 3.4731107938302888, 3.4722351797837048, 3.471355376903797, 3.470471736525013, 3.4695845198459168, 3.468693799282533, 3.467799452110817, 3.4669012495493106, 3.4659989746633553, 3.4650925148667397, 3.464181892604192, 3.463267225882275, 3.462348655806518, 3.461426270908308, 3.4605000741434164, 3.4595699900548187, 3.4586359121087047, 3.457697751545076, 3.4567554731869095, 3.455809096349631, 3.454858672621614, 3.4539042496573766, 3.452945844601048, 3.4519834354287267, 3.4510169733309066, 3.450046405067576, 3.449071693526737, 3.4480928269038684, 3.4471098136893805, 3.4461226688128126, 3.445131398413334, 3.4441359920264265, 3.443136423659828, 3.4421326607575633, 3.4411246740524337, 3.4401124444610547, 3.439095963031815, 3.43807522615639, 3.437050228212181, 3.4360209567781625, 3.4349873915897406, 3.4339495078452114, 3.432907280672664, 3.4318606890033623, 3.4308097164111726, 3.429754349509406, 3.4286945746378152, 3.4276303753253896, 3.426561731321959, 3.4254886197563326, 3.4244110170968813, 3.423328901057545, 3.422242251210878, 3.421151048421237, 3.420055273340711, 3.4189549052296937, 3.4178499214038, 3.4167402976891053, 3.415626009315564, 3.414507031835795, 3.4133833414657415, 3.4122549148550108, 3.411121728412607, 3.40998375772153, 3.408840977269279, 3.4076933606380417, 3.4065408809051108, 3.40538351104782, 3.4042212240843255, 3.4030539929552592, 3.4018817904025003, 3.400704588426023, 3.399522358200583, 3.3983350702558095, 3.3971426946820045, 3.395945201314639, 3.3947425597895697, 3.3935347394613515, 3.3923217092564104, 3.391103437548456, 3.38987989212128, 3.388651040216594, 3.3874168486272964, 3.3861772837602415, 3.3849323116389893, 3.383681897848996, 3.3824260074696286, 3.381164605021172, 3.3798976544587163, 3.378625119205873, 3.3773469621971732, 3.376063145891452, 3.374773632339412, 3.3734783837546773, 3.372177361467196, 3.3708705262509358, 3.369557838362368, 3.368239257595788, 3.3669147432808555, 3.3655842543238195, 3.3642477491165437, 3.362905185566699, 3.361556521098395, 3.360201712621082, 3.3588407165143237, 3.357473488584557, 3.356099983956788, 3.3547201569521943, 3.3533339631942467, 3.3519413577214228, 3.3505422939120653, 3.3491367163567953, 3.3477244688079266, 3.346305608217078, 3.3448800815940785, 3.3434478234011915, 3.342008704162664, 3.3405630928342176, 3.3391102676655504, 3.33765064330041, 3.3361840701143604, 3.3347104761202657, 3.333229803556152, 3.3317421014628974, 3.3302472078150256, 3.3287450567520236, 3.327235592691504, 3.325718761093464, 3.3241945038684944, 3.3226627622669382, 3.3211234774338667, 3.3195765899752474, 3.318022039777452, 3.316459766022588, 3.3148897071642534, 3.3133118009145477, 3.311725984227415, 3.3101321932389025, 3.3085303636645516, 3.3069204308878573, 3.30530232830486, 3.3036759887624183, 3.3020413445428614, 3.3003983273329762, 3.2987468682015244, 3.2970868975813135, 3.2954183452535575, 3.2937411403370036, 3.2920552112802977, 3.2903604858542193, 3.2886568911458522, 3.2869443535982423, 3.2852227995164287, 3.2834921538935267, 3.281752340814255, 3.2800032837056405, 3.278244905330142, 3.2764771277800575, 3.2746998724726386, 3.2729130600189973, 3.2711166104243814, 3.269310443106454, 3.2674944767985497, 3.2656686295503476, 3.2638328187276415, 3.2619869610148027, 3.2601309724163325, 3.2582647682582206, 3.2563882631907415, 3.2545013711919824, 3.2526040055702423, 3.250696078968598, 3.248777503369006, 3.2468481900968684, 3.244908050038265, 3.2429569933784816, 3.240994929425651, 3.239021766866662, 3.2370374137742775, 3.235041777615182, 3.233034765258102, 3.2310162829822016, 3.2289862364866497, 3.2269445309005977, 3.224891070793453, 3.222825760282431, 3.22074850340835, 3.2186592030711836, 3.2165577615582595, 3.214444080680757, 3.2123180617885865, 3.2101796057854823, 3.2080286131455495, 3.2058649839305544, 3.203688617807688, 3.2014994140681234, 3.1992972716470702, 3.197082089144112, 3.194853764844609, 3.192612196742088, 3.1903572825619917, 3.1880889197855855, 3.1858070056756045, 3.1835114373064424, 3.181202111590297, 3.1788789252964027, 3.1765417750802722, 3.1741905575191356, 3.171825169156921, 3.169445506525243, 3.1670514663031923, 3.164642945604106, 3.1622198410597746, 3.159782049371131, 3.157329467420681, 3.154861992312352, 3.152379521413367, 3.1498819523969517, 3.1473691832862487, 3.1448411124998272, 3.142297638898282, 3.1397386618319714, 3.1371640811903676, 3.1345737974524805, 3.131967711738531, 3.1293457258630606, 3.126707742389591, 3.1240536646860364, 3.121383396981625, 3.118696844425699, 3.1159939131466827, 3.1132745103133233, 3.1105385441966464, 3.10778592423304, 3.105016561089225, 3.1022303667273046, 3.0994272544721113, 3.096607139401309, 3.093769938501335, 3.090915569927389, 3.0880439529369563, 3.085155008354087, 3.0822486588434264, 3.0793248289881516, 3.076383445353919, 3.073424436366876, 3.070447732784849, 3.06745326771209, 3.064440976574831, 3.061410797204808, 3.0583626699230155, 3.0552965376245282, 3.052212345863502, 3.0491100429383, 3.0459895799771335, 3.042850911023896, 3.039693993123592, 3.036518786408148, 3.0333252541815003, 3.030113363004848, 3.026883082881956, 3.023634388055427, 3.0203672553109997, 3.0170816643206693, 3.013777598601741, 3.0104550458749837, 3.007113997741602, 3.003754449763655, 3.0003764015429626, 2.9969798567985464, 2.993564823441784, 2.990131313646751, 2.9866793439201245, 2.9832089351683226, 2.979720112761568, 2.976212906594675, 2.9726873511990206, 2.9691434868717312, 2.9655813574485133, 2.962001010946953, 2.9584025002655405, 2.9547858832288485, 2.9511512226280647, 2.9474985862560743, 2.94382804693829, 2.9401396828310293, 2.936433577859492, 2.9327098198514006, 2.9289685016748264, 2.9252097212961803, 2.92143358183876, 2.9176401915777146, 2.913829663924099, 2.9100021174031023, 2.9061576756247884, 2.9022964672465847, 2.898418625927876, 2.8945242902846795, 2.8906129562039498, 2.860498431652211, 2.792955283750732, 2.7492426700959047, 2.7549717877892097, 2.7320555138614093, 2.689191784116175, 2.6745745104431347, 2.6770740612238315, 2.666199834703887, 2.640214908297178, 2.6144312159901535, 2.6042667349635864, 2.6011400762803203, 2.58145709808566, 2.55321146930035, 2.5375426150235154, 2.5297233375236456, 2.512880277051311, 2.4892621066841616, 2.4705862054631584, 2.4576924543999996, 2.4425093184572586, 2.42124932319739, 2.4005557593838014, 2.385027976500635, 2.3702583831817075, 2.3514286870082532, 2.330244250724479, 2.31174153231295, 2.295349842606119, 2.2774474813880135, 2.257754818920202, 2.2395420095644996, 2.225401076796851, 2.2195274101032525, 2.2292705585826913, 2.2200342183708126, 2.1651527476544947, 2.152427542912479, 2.166104573195095, 2.1263069570713697, 2.1104755019078985, 2.1191168064007058, 2.084637308848394, 2.0752617699740923, 2.076968864100829, 2.0467357049784636, 2.0409029761850097, 2.037727136235679, 2.0124739726516854, 2.0062775896059954, 2.00245313592464, 1.9814196122887247, 1.971547441978724, 1.9689617604360075, 1.9533006850622294, 1.9387914103282968, 1.935284360018681, 1.927211874683107, 1.9112556358713158, 1.9009031789048023, 3.5669899108545837, 1.9924594835247544, 2.4460973635594927, 2.8614646872840592, 2.3201186792509447, 1.9045631202510775, 2.0431780104016455, 2.3363541339347553, 2.370642815908008, 2.1561310009931067, 1.9326616314679865, 1.9126994583434536, 2.0668193740219207, 2.1646644899977914, 2.0885319577848658, 1.9442986443925678, 1.8868080970433028, 1.9461357290361958, 2.0244188019961094, 2.0299522617205072, 1.9624162098481335, 1.8935046907559014, 1.888875848896503, 1.9371125391956712, 1.9685817910805674, 1.9440939181891996, 1.895494546064468, 1.8765037167527892, 1.8979985626851401, 1.9233589127780548, 1.9193325576304174, 1.8912682417504803, 1.8708862442408025, 1.8773190120997507, 1.8948157376660186, 1.8964047545134533, 1.8793275347989045, 1.8647873496556768, 1.867355859072603, 1.8775911617486878, 1.878383950344137, 1.8674669236688552, 1.8577749759447395, 1.8590004609505286, 1.8649240409388599, 1.863954697751682, 1.8558443083189518, 1.8502667459591726, 1.8518386580743809, 1.8544723150371227, 1.8517248666217958, 1.8457793861319496, 1.843053272296071, 1.8443575681433422, 1.844460154311182, 1.8407752356825156, 1.8368305193868317, 1.8359783961737002, 1.8363279345788273, 1.8345020037642135, 1.8310341121136462, 1.8289138972518044, 1.8285586213423897, 1.8275034131878292, 1.8248222949445776, 1.8223726477696274, 1.8213244526368984, 1.820352988117469, 1.8182367505970192, 1.8158577297419394, 1.8143984081623592, 1.8132833099774799, 1.8114463513325225, 1.8092410626012094, 1.807594354097053, 1.80630368026372, 1.804565565213555, 1.8025078422733893, 1.8007998880682592, 1.7993678761038483, 1.797648256000209, 1.7956936516964035, 1.7939788949740438, 1.7924499522211301, 1.790712549581596, 1.7888278494622647, 1.7871232452810233, 1.7855213074179255, 1.78376249933716, 1.7819270377892567, 1.780231653591978, 1.7785774695171193, 1.7768004531953954, 1.7750060745956633, 1.7733138205404004, 1.7716165808936948, 1.769833848409399, 1.7680712320069205, 1.766373738255799, 1.7646425975805045, 1.7628652849490978, 1.7611262867312725, 1.7594163927217181, 1.7576657987131825, 1.7559034153322026, 1.7541779248444656, 1.7524501672244335, 1.7506940608725194, 1.748948675598114, 1.7472267879022176, 1.7454865778446298, 1.7437370393649352, 1.742006394870021, 1.7402779093383962, 1.7385348700988088, 1.7367989151564096, 1.7350743319963013, 1.7333411855107004, 1.7316056413254872, 1.7298812886183053, 1.7281568190472576, 1.7264267387241665, 1.7247035123303456, 1.7229852550826878, 1.7212631031861951, 1.71954286338174, 1.717829436647036, 1.7161150719757579, 1.7144009565283822, 1.71269271265636, 1.710986044491512, 1.7092793481250086, 1.7075768264473126, 1.7058776977900523, 1.7041788962495545, 1.7024837243085875, 1.7007923935651403, 1.6991021631063383, 1.6974149325843313, 1.69573176710418, 1.694050502291078, 1.6923720638738922, 1.6906977187176964, 1.689025876402563, 1.6873568255235192, 1.6856918685264792, 1.6840296803128019, 1.6823708209970356, 1.6807154794401733, 1.6790633821825507, 1.6774138945613544, 1.6757706188112003, 1.67412891584506, 1.6724893392239983, 1.6708552222643924, 1.6692246608257115, 1.6675976895033293, 1.6659782726953003, 1.6643555131192542, 1.662740100243478, 1.661128750801982, 1.6595212224759415, 1.6579178496810423, 1.6563183828544714, 1.6547227414517491, 1.6531313814138486, 1.6515441868979506, 1.6499610736474493, 1.6483821782422512, 1.6468075366200536, 1.645237252781456, 1.6436709638301275, 1.642109620782959, 1.6405654819397668, 1.6389985308949766, 1.637449818907175, 1.6359055204044195, 1.6343658925232303, 1.6328310328787787, 1.6313004412017356, 1.629772986866383, 1.6282523662883592, 1.6267338400459375, 1.625221122959914, 1.6237130009908798, 1.6222094947961643, 1.6207106239530105, 1.6192164053131386, 1.617726857396679, 1.6162419956603642, 1.614761835738713, 1.6132863942940974, 1.6118156925555929, 1.6103498698600414, 1.6088889400135746, 1.607432760601691, 1.6059817533724905, 1.6045348766647864, 1.6030915660866756, 1.6016543460021397, 1.6002254161838714, 1.5987943998250242, 1.5973716911585094, 1.5959538347863493, 1.5945408388155047, 1.5931327099622343, 1.5917371157359719, 1.5903310892204947, 1.588937601450507, 1.5875490047164647, 1.586165301985382, 1.5847865573542128, 1.5834127640066222, 1.5820435874454004, 1.5806794905311932, 1.5793203013360355, 1.5779660203624533, 1.5766166509368, 1.5752721889136339, 1.5739326382999104, 1.5725979969954436, 1.571268264612651, 1.5699434401039425, 1.5686235194479823, 1.5673085031173337, 1.5659983869255798, 1.5646931692223702, 1.5633928695428154, 1.5620974099115406, 1.5608068617094697, 1.5595261636967257, 1.5582412567496606, 1.5569644909136402, 1.5556934446759798, 1.5544380909025166, 1.5531659145427945, 1.5519115612995924, 1.550658873697784, 1.5494108759791552, 1.548168943828186, 1.546931760641035, 1.545699376054127, 1.5444717920475064, 1.5432489928478639, 1.5420309733703847, 1.5408176744786601, 1.5396108836221656, 1.5384098149548093, 1.5372065441141167, 1.5360121909939672, 1.534822622186593, 1.5336377582690097, 1.5324596058293067, 1.5312820926981916, 1.5301126825581741, 1.528976018310911, 1.5277835985230326, 1.5266266934503958, 1.5254744266065183, 1.5243267440312949, 1.5231836585063545, 1.5220451427837332, 1.520911180383815, 1.5197817718479223, 1.5186568830496208, 1.5175365223095243, 1.516420645945094, 1.5153092660376508, 1.5142023244185425, 1.513099861589118, 1.512001878253355, 1.5109084285906589, 1.5098195427005037, 1.5087352521926887, 1.5076554263519126, 1.5065794001699115, 1.5055081071483136, 1.504440602000671, 1.5033782386193835, 1.5023192820398565, 1.5012645173792178, 1.5002142966721714, 1.4991692319462233, 1.498127031253684, 1.4970889271502792, 1.4960552906730245, 1.4950259217727868, 1.4940007371584145, 1.4929814538183854, 1.4919639086608105, 1.4909504113467553, 1.4899409318030017, 1.488935430536907, 1.4879341503724517, 1.4869370121369947, 1.4859438251287165, 1.4849545672271924, 1.483969214487251, 1.4829877282672663, 1.4820100817391244, 1.4810362538061848, 1.480066210869515, 1.4790999022930449, 1.4781372998102542, 1.4771783810777952, 1.476223100982758, 1.475271405753004, 1.4743232728768498, 1.4733786783215501, 1.4724375820628695, 1.471499953076801, 1.4705657747165866, 1.4696350169050199, 1.4687076502251963, 1.4677836478798503, 1.4668629689622974, 1.4659455689059697, 1.4650319968015992, 1.4641220642299402, 1.4632155141974563, 1.462307267441602, 1.461404831542884, 1.4605056017897176, 1.459610797440996, 1.4587155147659496, 1.4578249315995215, 1.456936253965084, 1.4560522724336535, 1.455169113880978, 1.4542867198016167, 1.4534054331465274, 1.4525260501464996, 1.4516488199789856, 1.4507580200602592, 1.449891481848079, 1.4490272034409524, 1.4481653041949605, 1.4472985940522085, 1.4464397234969524, 1.4455722511246523, 1.4447084046299614, 1.4438310990603629, 1.4429703094091542, 1.4421320704352616, 1.4412713859368926, 1.440416775826684, 1.4395490062728933, 1.4386902741792915, 1.4378233003633136, 1.4369645604682448, 1.4361027147954522, 1.4352385762520738, 1.4343712635482389, 1.4335003899004324, 1.4326237566023083, 1.43173849714208, 1.4308658518196802, 1.4299746803411735, 1.4290874510492138, 1.4281967196577825, 1.427299945718053, 1.426375639915178, 1.4254662424594366, 1.4245367329154894, 1.4236108880135854, 1.4226408582241854, 1.4217041068872285, 1.4207338815691364, 1.4197365573945129, 1.4187328638351322, 1.41772110117785, 1.416692290747713, 1.4156427273653034, 1.4145648455016973, 1.413490971657463, 1.4123933774632562, 1.4112799094535449, 1.4101639221312519, 1.4090287845085732, 1.4078772713201793, 1.4067180391639986, 1.4055425013179135, 1.4043505102987268, 1.4031465660702742, 1.4019239422429175, 1.4006879919954782, 1.3994408836805525, 1.3981779850589018, 1.3968964812333686, 1.3956029272986423, 1.3943045613712093, 1.3930136635150612, 1.391784140369103, 1.390649196347557, 1.389583202674583, 1.3884970334481836, 1.3875735216231122, 1.3866207110042508, 1.38575537229797, 1.3849284284139864, 1.3841341713906716, 1.3833985358759258, 1.382621752559507, 1.3818639057432398, 1.3811041838629652, 1.3803583784223499, 1.3795921462126512, 1.378796750480703, 1.3780293457834512, 1.3772136417581764, 1.3764122828316434, 1.375595600051335, 1.3747712423290837, 1.3739472229616436, 1.373134809143241, 1.3723059525854173, 1.3715054320234321, 1.3707252470459836, 1.3699210546377605, 1.3691274236525954, 1.3683375504963344, 1.3675744854585006, 1.3667132730554064, 1.3660298992569593, 1.365205902111405, 1.3645647500007207, 1.363719683669845, 1.3629794050351092, 1.362326847742352, 1.3616018351492127, 1.3608708673060723, 1.3601435050446842, 1.3594233754426055, 1.3587151878185546, 1.3579789972961511, 1.3572689297199114, 1.3565595423127048, 1.3558350011222386, 1.3551216137143125, 1.3544175804658438, 1.353700323536249, 1.352997471813149, 1.3522837891000956, 1.3515898362528875, 1.3508871877362063, 1.350213428920585, 1.3495312253745648, 1.348831009737135, 1.3481579583117118, 1.3474706403920302, 1.3467924183615614, 1.346107228852411, 1.3454425174266167, 1.3447723532037108, 1.3441343071837686, 1.343453180255475, 1.3427653504295736, 1.3421145068062585, 1.3414439385739347, 1.3407888520281228, 1.3401657759346717, 1.3394988846800333, 1.3388590537781182, 1.338216094153452, 1.3375520678026422, 1.3369229347616882, 1.3362907081160247, 1.3356430778111603, 1.335021041928464, 1.3343874030100165, 1.333754919285386, 1.33312339842132, 1.3324898089088317, 1.3318690515629872, 1.3312462419132154, 1.3306196938086807, 1.330005122088069, 1.3293880208658972, 1.3287723319679423, 1.328160719549788, 1.327559034692513, 1.3269611182384728, 1.3263645984512535, 1.325753497753556, 1.3251508427398646, 1.324538455447197, 1.3239401016979118, 1.323351541149428, 1.3227597667240119, 1.3221678515952278, 1.321578399388738, 1.32098297031611, 1.3204044420344625, 1.3198077804245727, 1.3192571271639577, 1.318663336688125, 1.318071768504051, 1.3174926264930134, 1.3169428682782387, 1.3163613672837222, 1.4461458263662503, 2.2184001437042125, 1.484752062962617, 1.5305566051975736, 1.7681088106779619, 1.3672146003989314, 1.3864470592034286, 1.58577956652552, 1.5370508041041206, 1.3550402561294879, 1.3344046986869063, 1.4698191572986803, 1.4583354763705985, 1.3367748728988074, 1.3255181733598378, 1.400192342594691, 1.4192063511035165, 1.358424651579879, 1.3130178744529717, 1.3463255393320572, 1.3850664013097296, 1.3543379518825653, 1.3149365087312506, 1.328471644824701, 1.3574145537611613, 1.3497362521241658, 1.3199156232110896, 1.316256251242571, 1.3381714555580124, 1.339188383327964, 1.317652613205147, 1.3132199913426028, 1.3273465026613973, 1.3293709109244831, 1.3152387835893917, 1.3102818973767327, 1.3200473813979983, 1.3211729622334834, 1.310593726020719, 1.3089052612026557, 1.315690583152061, 1.3144792881846308, 1.307149862864761, 1.3075956631257257, 1.3120703217106398, 1.308854117654837, 1.3045630634430112, 1.3070616890358375, 1.3084630646466087, 1.3046585117241811, 1.303556408705626, 1.3060509452184903, 1.3047528299409672, 1.302232855761208, 1.3035020497753962, 1.303993000516749, 1.3018179125916378, 1.301710479062667, 1.3027489049063328, 1.3013974442770548, 1.300618357909923, 1.301497722480015, 1.300885065412518, 1.2998758721700916, 1.3003882369163202, 1.3001797721992503, 1.2992843315333498, 1.299513688078166, 1.2994578524252036, 1.298698228895804, 1.2987222073229463, 1.2987223253915607, 1.298078634208001, 1.2980468454980199, 1.2980038273246715, 1.2974782840607326, 1.2973533182554746, 1.297289783371906, 1.296851354803493, 1.2967198943414966, 1.2966122929600903, 1.2962026784364484, 1.2960666265027194, 1.2959078619412099, 1.2955453306755984, 1.2954133740030425, 1.295221223341311, 1.2949021541388852, 1.294756626287589, 1.2945192789389308, 1.2942543396820592, 1.2940856198999704, 1.2938347424452068, 1.2935873383245395, 1.2934082581001152, 1.2931524465019129, 1.2929158383233568, 1.2927194349962672, 1.292460395446078, 1.2922467268215454, 1.2920335156268346, 1.2917821306060238, 1.2915835278505752, 1.2913570715489036, 1.29112047122433, 1.290909043530933, 1.2906751334227797, 1.2904344545240647, 1.2902436602217908, 1.2899792367302947, 1.2897377096271232, 1.2895228855854102, 1.289281935245965, 1.2890521487106148, 1.288821353332043, 1.2885894244852105, 1.2883586958782154, 1.2881384719845872, 1.287900910388056, 1.287685771405007, 1.287462834670149, 1.287190119227811, 1.2869618055840646, 1.2866536180852917, 1.2864977204301142, 1.2862585671577165, 1.2860273593403972, 1.2857917045743879, 1.2855564607275438, 1.2853211117482275, 1.285080677897781, 1.2848671759787251, 1.2846131280599111, 1.284391105108855, 1.2841333162474495, 1.2839205138122498, 1.283679149763614, 1.2834324493788245, 1.2831960655752563, 1.2829713737263164, 1.2827242737722266, 1.2824834019382079, 1.2822378081833643, 1.2820004045217457, 1.2817596887231593, 1.2815119744681644, 1.281275430004908, 1.2810319745738448, 1.280792903550239, 1.2805607061227013, 1.280328831378992, 1.2800918327606925, 1.2798382492849254, 1.2796047115046656, 1.2793709031244338, 1.2791211370642506, 1.2788656016956341, 1.2786366304732955, 1.2783950671004922, 1.278148861631788, 1.2779045658160955, 1.2776738584714922, 1.2774185684705082, 1.2772087797012868, 1.276938526118206, 1.2766991543317043, 1.2764598642505836, 1.2762096675394865, 1.2759708477994296, 1.2757280633467374, 1.275485503247668, 1.2752427833909763, 1.2749926038124615, 1.2747638694734291, 1.2745212326373867, 1.2742784620443863, 1.2740237762680573, 1.2738040503653394, 1.2735523962166087, 1.2733008748448957, 1.2730629246414689, 1.272822147774895, 1.2725785844572484, 1.2723326216895767, 1.2720836310866026, 1.2718395938423328, 1.2715957281828596, 1.2713484416574359, 1.27110420374769, 1.27085593784993, 1.2706109090474418, 1.2703646083668731, 1.2701269697868256, 1.2698891424749037, 1.2696498824493274, 1.2694107497171812, 1.2691584017995277, 1.2689074400603404, 1.2686661900175662, 1.2684271765224655, 1.2681860040201307, 1.2679405871706608, 1.267695343367735, 1.267451813966549, 1.267209063203321, 1.2669492228103338, 1.2667017498075392, 1.2664706373055064, 1.2662211627042699, 1.2659840861411162, 1.2657319627488628, 1.2654866334978967, 1.26524301579646, 1.2650038949071452, 1.2647503038627192, 1.2645074014652398, 1.2642788865798413, 1.2640354171824226, 1.263765190560441, 1.2635424951563266, 1.2632876200270327, 1.2630412345303659, 1.262806289024658, 1.2625521113706524, 1.2623107307331176, 1.2620627572755245, 1.2618111678759492, 1.2615734810503223, 1.2613400213478858, 1.2610858413311035, 1.2608445824002026, 1.2606010120516258, 1.2603558726828288, 1.2601119205418971, 1.2598596994174718, 1.2596224618897187, 1.2594032334948204, 1.2591351873916996, 1.2588882553039362, 1.2586496904628641, 1.2584028342419897, 1.2581548374447176, 1.2579025535031034, 1.2576634391680013, 1.2574207979885939, 1.2571785313601909, 1.25694507019448, 1.2566970091000214, 1.2564504813870794, 1.2562006048462384, 1.2559653021123673, 1.2557124633624335, 1.25547146308241, 1.2552187283267395, 1.2549730302019404, 1.2547279015071326, 1.2544935988292283, 1.2542582006939946, 1.2540113816510525, 1.2537697574244164, 1.2535306080520572, 1.2532786392023332, 1.253038004470918, 1.252788425116049, 1.2525581518571232, 1.2523057543832934, 1.252051993067244, 1.2518194291370863, 1.25157617761241, 1.251332464421658, 1.2510889602283004, 1.250836152541212, 1.2505986770187416, 1.2503663054874574, 1.2501227340609165, 1.249872048131162, 1.2496228378979293, 1.249371712755741, 1.249140464437624, 1.2488988708862736, 1.2486145272151177, 1.2484071754735468, 1.2482115451777538, 1.2479257321734647, 1.2476784917516675, 1.2474505245211398, 1.2471869190413236, 1.2469507878074197, 1.2467019907826915, 1.246467743555141, 1.2462149368378705, 1.245966836291186, 1.2457378025965187, 1.2454878486220082, 1.245246843606463, 1.2449990796794266, 1.2447502186557267, 1.2445129979145446, 1.2442681974341576, 1.2440407976851282, 1.2437809138898244, 1.243564438556194, 1.2433009955462613, 1.2430606473552428, 1.2428219559902283, 1.242579344168654, 1.2423301289068704, 1.24208001409408, 1.2418434057685017, 1.2415966496999173, 1.2413676893738563, 1.241131037534196, 1.2408747020434732, 1.2406271061735397, 1.2403824092496591, 1.2401476909633724, 1.2399100873356013, 1.2396630254113374, 1.239429430011232, 1.2391894182165106, 1.2389469228758063, 1.238701664875958, 1.2384478979431082, 1.238208261587677, 1.2379717166365116, 1.2377270185242217, 1.237484036080451, 1.237263166825286, 1.23699096324214, 1.236755408377724, 1.2365139540213277, 1.236267367258233, 1.2360365200558314, 1.2357858348515733, 1.2355485593596838, 1.235326068165395, 1.2350658701727972, 1.2348376815819209, 1.2345804805607645, 1.2343481577840267, 1.2340890516768785, 1.2338504998672484, 1.2336063175232974, 1.2333678985418666, 1.2331191321147073, 1.2328816680391654, 1.232641697628758, 1.2324194416964167, 1.2321540345744975, 1.2319081412259303, 1.2316961702382203, 1.231439825651154, 1.2311839386828294, 1.2309468454457473, 1.2306960290766147, 1.2304605691687887, 1.2302177328704975, 1.2299699935912718, 1.2297206736524766, 1.2294820554369013, 1.2292413798340487, 1.2289994378909048, 1.228777919476064, 1.2285122949373384, 1.2282647515288856, 1.228031868272256, 1.2277798108037887, 1.227528343218526, 1.2272899696468995, 1.2270434452188732, 1.2268042632173077, 1.2265548167278397, 1.22630643142688, 1.2260648985904916, 1.2258198266352471, 1.2255771736400427, 1.2253322751682747, 1.2250842270079767, 1.224841926232512, 1.224596424059114, 1.2243474733101682, 1.2241112830675822, 1.2238599236081902, 1.2236282747075125, 1.223368416568737, 1.2231245382462477, 1.2228846517130447, 1.222631855740791, 1.222378003550057, 1.2221337228053295, 1.221887068637457, 1.2216450137925856, 1.2213956977469451, 1.2211532189019236, 1.2209034918000463, 1.2206575373111817, 1.2204096982549442, 1.2201628126906692, 1.2199199687836222, 1.2196600620034028, 1.2194204587423358, 1.2191664324497533, 1.2189179519100382, 1.2186672604405138, 1.2184188652640793, 1.2181706807197208, 1.2179262487506402, 1.2176758462289472, 1.217424887670604, 1.2171736964145465, 1.2169216323000978, 1.2166698779657408, 1.216418033345484, 1.2161663025095806, 1.215917151305414, 1.215667086412652, 1.2154150281576255, 1.2151635271212298, 1.214916363407461, 1.2146704060438922, 1.214413389943349, 1.2141564749960396, 1.2139064142566571, 1.2136595886614359, 1.2133999225727357, 1.2131473345396233, 1.2129003011535482, 1.2126467290179406, 1.212387395844414, 1.2121347281773969, 1.2118877193836501, 1.2116282866625514, 1.2113570298853775, 1.2111146577955223, 1.2108614028696651, 1.2106085856327795, 1.2103534454511662, 1.2100977625241554, 1.20984157547793, 1.2095853449157923, 1.2093276260758754, 1.2090690614118056, 1.2088135966614015, 1.2085414483884491, 1.2082973919896678, 1.208041899907009, 1.207783890721634, 1.2075295003802364, 1.2072694428433317, 1.2070129942711123, 1.2067508114901295, 1.2064931765142852, 1.2062331928471755, 1.205972415132951, 1.2057111727885306, 1.2054498047233193, 1.2051869399048176, 1.2049233818508005, 1.2046647744348709, 1.2044027054876378, 1.2041398555311718, 1.2038767388185312, 1.2036126638585618, 1.2033510959354414, 1.203082253163604, 1.202809592188368, 1.20253322452238, 1.2022540352869024, 1.2019854278305473, 1.2016948767919255, 1.2013987789156475, 1.20110107635162, 1.2007859603806053, 1.2004704027491047, 1.2001280968299133, 1.1997882572360146, 1.1994396342677367, 1.199094227023737, 1.1987081341717807, 1.1983063709578692, 1.197868326447471, 1.1974439659350982, 1.1969704354818858, 1.196460424479828, 1.1959141449560968, 1.1952955137596688, 1.1946714035368364, 1.1939642763615248, 1.1931586781830619, 1.192307664012641, 1.1913401666958736, 1.1902088601297527, 1.1890008131602547, 1.1875584661753247, 1.185972624399733, 1.1842509221447808, 1.1823760179244633, 1.180562012342545, 1.1785944107664625, 1.1765545892189022, 1.179184424149288, 3.852905178895588, 1.177610060957498, 1.917597199796045, 2.833242455810722, 2.8827571195859893, 2.2993613555809884, 1.5700949081987348, 1.175768029864518, 1.3978084570547749, 1.902169587741974, 1.964718317023629, 1.5793945516571872, 1.2511536833775312, 1.2095150342222631, 1.3594123200088482, 1.5240666437498198, 1.5915512249838337, 1.5357430262453526, 1.4022343236624968, 1.27132403538071, 1.2163164422034525, 1.2615113758423926, 1.354991642714243, 1.401798494405708, 1.3578949020153899, 1.270113159846682, 1.2129082404860951, 1.2165556967278355, 1.257073840111344, 1.2920018474933253, 1.2925850130646572, 1.2580458228855884, 1.2125889003725712, 1.187901228490451, 1.1987342010299094, 1.2256083317969237, 1.2347828390962132, 1.2139483248150462, 1.1838295796860936, 1.1708613450053718, 1.1794628797299955, 1.1931746435644328, 1.194119452295249, 1.179906072452876, 1.1634553888722126, 1.1590715028442298, 1.1673222075448253, 1.1741896232421676, 1.1692577668727624, 1.157510545894894, 1.1517104444099315, 1.1551090267116502, 1.159927230113106, 1.1582862269771186, 1.151386387679945, 1.1465138626406544, 1.1478032838937977, 1.1510489137054432, 1.1499900733757522, 1.1451131714010918, 1.1417833373348503, 1.1426054786494084, 1.14409100216533, 1.1426051011347393, 1.1391842245991122, 1.1371756674485731, 1.1376715332325211, 1.138037266908052, 1.1362231639360119, 1.1337184740205009, 1.1327165424265095, 1.132915342366619, 1.1324246943386187, 1.1307129997649865, 1.1292413550800302, 1.128784691322028, 1.1286513778508764, 1.1275251592032582, 1.1261111032851114, 1.125327493990955, 1.125047574001923, 1.1243683657712362, 1.123153733350822, 1.122294784507086, 1.1218557899491814, 1.1212361144655651, 1.1202068179372207, 1.119330103337458, 1.1187632653660655, 1.1181241525905936, 1.1172696310740107, 1.1164711318368488, 1.1158762544577885, 1.115261300767763, 1.1144160085236476, 1.1136057011420042, 1.113039568935201, 1.1124042002236276, 1.1116229581429784, 1.1109217223341987, 1.110336682278166, 1.1096171531869787, 1.108924934638604, 1.1083228096904645, 1.1077235308355624, 1.107058762505777, 1.10635239540621, 1.1058298805654927, 1.1051991026342654, 1.1046165163399821, 1.1040877559604108, 1.1035155531587464, 1.102879837727915, 1.1023458615736772, 1.1018280640723346, 1.1012926961272587, 1.1007701254904623, 1.1002797955496424, 1.0998078753856786, 1.0992920088411358, 1.0988242832799997, 1.0983640697178938, 1.097937554805206, 1.0975063489223036, 1.097059808036979, 1.0966075659496604, 1.096225634389305, 1.095844136612878, 1.0953814134730437, 1.0950005662302775, 1.0945974158573613, 1.094200380226345, 1.0938417999114234, 1.0934899022739903, 1.0931363759934103, 1.0927956994675556, 1.0924647549567863, 1.0921274224446151, 1.0917751649027732, 1.0914786268746366, 1.0911407932318564, 1.090845754140539, 1.090468676478318, 1.0901431167814817, 1.0898504214962839, 1.08949649111658, 1.0891822727366784, 1.088863396834562, 1.0886077955423608, 1.088291013425479, 1.0879136520111068, 1.0876147779839314, 1.0873011427521833, 1.0870111904815816, 1.086695860287405, 1.0863507047629097, 1.086069979452308, 1.085752821884354, 1.085445627168866, 1.0851452705769016, 1.0848564584080929, 1.08457069325027, 1.0842753763100759, 1.0840044025816347, 1.0837720796198995, 1.0834690731636778, 1.0831913782233378, 1.0829405312831575, 1.0826863129940474, 1.0824355617412935, 1.0821532534616796, 1.0818962404203367, 1.081637877600985, 1.0814097140877805, 1.081183586363779, 1.0809491917699938, 1.080741775531697, 1.080527445738789, 1.0803173164971067, 1.080094064262625, 1.0799165303452487, 1.0797066508185613, 1.079543972027766, 1.0793264574011265, 1.0791524494411815, 1.0789853962932756, 1.0787890714049928, 1.0786596198782519, 1.0784861554050365, 1.0782957185408053, 1.0781389241828703, 1.0779808882527584, 1.0778445194007997, 1.0776838889258786, 1.0775732780259586, 1.0774447875986557, 1.0772777646016507, 1.0771327984262946, 1.077007702480551, 1.0768809928257312, 1.0767637519924234, 1.076633279430566, 1.0764993661237876, 1.0763950102343907, 1.0762773890916604, 1.0761668324974687, 1.0760580090688, 1.0759465615220023, 1.0757970884605197, 1.0756889268661014, 1.0755432061929049, 1.0754573639725247, 1.0753463559373373, 1.0752395805399806, 1.0751617826258384, 1.075008971258292, 1.0748981458682536, 1.074781812122932, 1.074720440486751, 1.0745698724961994, 1.0744962882727793, 1.0743634230702561, 1.0742592986264035, 1.0741490093471813, 1.0740408381400621, 1.0739305655231541, 1.0738120307795833, 1.073659957041695, 1.073527935252128, 1.0734037092254698, 1.0732643491300433, 1.0731445481610389, 1.0730053411838656, 1.0728659211701836, 1.0727271393246027, 1.0725903006030797, 1.0724472747501197, 1.0722978878277414, 1.072148820432256, 1.071992924143434, 1.0718364325348113, 1.0716869106374112, 1.0715566894230832, 1.0713530834713285, 1.0711453957144899, 1.070984870474611, 1.070824772023835, 1.0706951008931687, 1.070572147644777, 1.0705846687049663, 1.0702078351414543, 1.069675995339299, 1.0694465938672855, 1.069399691993691, 1.0690325618503869, 1.0685933389784696, 1.068449666780954, 1.0682954202679285, 1.0678139954074084, 1.0675290762075171, 1.0674707213561312, 1.0671053995199802, 1.0667366337871746, 1.0663455769222177, 1.0661605289744724, 1.0659734289341938, 1.0660991318521544, 1.0671957945903439, 1.0665430846144386, 1.0656358295817405, 1.0646984647532443, 1.0656689346917754, 1.0663479170527637, 1.064098291828514, 1.0655036895930203, 1.06635046232814, 1.063609502430112, 1.0665169168874742, 1.065215513519577, 1.064176585187098, 1.0658479714168934, 1.06281847939027, 1.0646062083637922, 1.0626532199060785, 1.0636538635455866, 1.063118824552197, 1.0625284267219004, 1.0631406234233642, 1.0616730420117495, 1.0625916589569153, 1.0614599007750067, 1.06176531319179, 1.0616674277305296, 1.0609575905973396, 1.0616466179586868, 1.060790497036562, 1.0605970698591833, 1.0610222482710272, 1.060234809824266, 1.0601733203645787, 1.0603294186251317, 1.0596909666279826, 1.0596039277152647, 1.0597683928308823, 1.0592177389341777, 1.0590040067686588, 1.0591490751127879, 1.058854123056182, 1.0584032638323824, 1.058492511204902, 1.0585415291067635, 1.0580635281194306, 1.0577747031210687, 1.0577916969711667, 1.057755216253762, 1.0574443039645305, 1.0570904927443925, 1.0569239005988522, 1.0568737101204606, 1.0567626886927, 1.056629374177515, 1.0564958560007627, 1.0562864536560577, 1.0561630474311905, 1.0561292254539416, 1.0560645966312852, 1.0565461825811708, 1.0571439688558961, 1.0592415500016559, 1.058684337546738, 1.0574850712335209, 1.054613061354071, 1.0553128816717814, 1.0574952978153058, 1.0555090680640786, 1.05389647155566, 1.0548539691331564, 1.055146238531934, 1.054069642899156, 1.053334365554325, 1.0540429723402343, 1.054342230280385, 1.053181483423707, 1.052697376879905, 1.0532277372202778, 1.0533779338934144, 1.0529659020679933, 1.0521470961924047, 1.0517699413714636, 1.0520195064168136, 1.0525246047550776, 1.0538138084518374, 1.0542386620697888, 1.0545313607099354, 1.0519604073907536, 1.0507416614263976, 1.0511940041170724, 1.0514929357224405, 1.0508573338274014, 1.0501637465146219, 1.0505815784754076, 1.0507047557944402, 1.0497838512846587, 1.049595438154649, 1.0499735762257034, 1.049688020328337, 1.0491444650659223, 1.0487348340071614, 1.048594351070964, 1.0486978791014931, 1.0485960159663132, 1.048235162978147, 1.0478010702480074, 1.047504776545389, 1.0473791153068903, 1.0473007220253747, 1.047064407985915, 1.0466468758497776, 1.046282991510674, 1.0461053216536491, 1.0458840817369799, 1.045625726359466, 1.0452724687369255, 1.0449543523016622, 1.0446920515763851, 1.0445427380023655, 1.044402932835045, 1.0442296227358379, 1.044081762886072, 1.0438308007534816, 1.0435868740187957, 1.0433482383077262, 1.0430868641712208, 1.0428715294171567, 1.0426739214054093, 1.042507941919074, 1.0423460174899564, 1.0422205152463773, 1.0420894258067686, 1.0419125897195753, 1.0417260544575617, 1.041569267265414, 1.0413681535622465, 1.0411922192578968, 1.0409221624617493, 1.0406710183374048, 1.0405218706404282, 1.04034485576025, 1.0401341609913588, 1.0400532693604227, 1.0398759788323584, 1.0397956043228587, 1.0396374552258023, 1.0395740199575263, 1.0394646736211224, 1.0394616047759255, 1.039440725847144, 1.0394595122894819, 1.039554344553629, 1.0394702301144165, 1.0394693499985728, 1.0392145586642327, 1.0388636071407156, 1.0384247197549796, 1.0379810233154656, 1.037678141660159, 1.0375433201479554, 1.0374084399539478, 1.0375877554835695, 1.037703325445195, 1.037783770330316, 1.0377551148951343, 1.0374290371009673, 1.0369934248881427, 1.036691087741839, 1.0364591517843331, 1.0362829790142294, 1.03617567268053, 1.0361175647002818, 1.0360528763025287, 1.036007099317894, 1.0360365822906092, 1.0360716388734081, 1.0359077661515663, 1.0358014847600174, 1.0356694465512648, 1.0354411208222851, 1.0353082818085277, 1.0350571195246216, 1.0349606306695973, 1.0347809890016153, 1.0346583262529783, 1.034527382081919, 1.0344363601961386, 1.0343418416587613, 1.0342023727428575, 1.0342234003697428, 1.0342048049481074, 1.0343260494345434, 1.0344590600098391, 1.0345806868714122, 1.0347582652516478, 1.0346540831772113, 1.034562191283232, 1.0341490974142955, 1.0336873559476327, 1.0333935699350987, 1.0331315884646786, 1.0329943761849105, 1.0329547072838539, 1.0329362991671458, 1.0330264097191197, 1.0330853884759008, 1.033087769780304, 1.0330658048331474, 1.032903111264165, 1.0327135126552904, 1.0324730772074593, 1.0322439679289224, 1.0320993210952467, 1.0319854147816634, 1.0318885656922931, 1.0318836258902786, 1.0319005566596944, 1.0319290572002073, 1.0319892585232864, 1.031990740888521, 1.0320488727561439, 1.0320067105963726, 1.0319550203398145, 1.0318056810789935, 1.0316674092568532, 1.0314067094888082, 1.031191926952048, 1.0310452631366527, 1.0308466749523555, 1.0307761899065182, 1.0307058841925356, 1.0306813980885274, 9.192036846391089, 1.2862524424082278, 1.4375304023958306, 2.670919668609754, 3.7172686325008324, 4.303663254005089, 4.44513663088862, 4.236797845490108, 3.7857781614220958, 3.1923474123024547, 2.6165099902276285, 2.2764525955667634, 2.233387049249724, 2.373945013250957, 2.492770583353293, 2.4690256116601677, 2.2908990304908206, 2.011946596644098, 1.7069783357446218, 1.4796043110222612, 1.3343056427463524, 1.250722300311183, 1.2086655308690648, 1.1919941865565742, 1.1921161622641434, 1.201013500970037, 1.2160526008719967, 1.2349724774475426, 1.2559253468835427, 1.2769562148743654, 1.2963514655792892, 1.3123758086744428, 1.3235689343432986, 1.3292178123339475, 1.3294601906743475, 1.3251072930285768, 1.317170390351077, 1.3066641668426302, 1.2942448305227137, 1.2802801841495535, 1.2652558482495464, 1.2496213935328304, 1.233881765778839, 1.2187512223164336, 1.2047556123807857, 1.192828042694359, 1.1830472197386634, 1.1752567257704414, 1.1690008988142024, 1.1638508714658804, 1.1595887082457101, 1.1560428628721404, 1.15314751442759, 1.1508083828032778, 1.1489304205299158, 1.1471325208419467, 1.1451616846446466, 1.1428496152275491, 1.1399478127509204, 1.1364102503581262, 1.1323900929272785, 1.128044957590722, 1.123494383950868, 1.1187862992213906, 1.114016692937271, 1.1091437613514075, 1.104193183367841, 1.0992068311735577, 1.0942807470139797, 1.089509552082066, 1.085007845536911, 1.0807324689678923, 1.076641260500966, 1.0727694600552544, 1.0690100074284938, 1.0653892812687948, 1.0620677009267174, 1.05896737828165, 1.0562444804845141, 1.0536554576920683, 1.0511737813606015, 1.048944711937093, 1.0468052062471143, 1.0448407825019677, 1.0431080144219758, 1.0415760450508154, 1.0401643557680165, 1.0388873114720638, 1.0378344251336866, 1.0369021818133437, 1.0361263007801662, 1.0354907487606098, 1.03498155939653, 1.0345588990582266, 1.0342160079947247, 1.0339404029511816, 1.033722471472757, 1.033572091209213, 1.0334545565790105, 1.0333210443486105, 1.0332127001533116, 1.0331234151742377, 1.0330541559836488, 1.0329875084843558, 1.0329106835326471, 1.0328555254391212, 1.0327899407037957, 1.0327215127069973, 1.032639337510676, 1.0325916164120235, 1.0325033989975905, 1.032450844910713, 1.032403928604774, 1.0323618337465046, 1.0323389576521655, 1.0323001662408333, 1.0323216480292536, 1.0322742891728969, 1.0322396791944857, 1.0322198385371624, 1.0321750910429863, 1.0321365207514779, 1.0320816700491833, 1.0321089758517905, 1.0320798509462623, 1.0320406780778528, 1.032039839335094, 1.0319843871993415, 1.031952745834362, 1.0320073556985496, 1.0319722965767057, 1.0319035728834063, 1.0319370758088409, 1.0319124001237703, 1.0319043318651022, 1.031886680652165, 1.0318678363751697, 1.031853743693039, 1.0318422406966539, 1.0318307595320335, 1.031816301306294, 1.0318029311052093, 1.0317835617311033, 1.0317538954596064, 1.0317682335660627, 1.031736189666388, 1.0317241358976896, 1.0317268615775164, 1.0317118879804499, 1.0316800055678141, 1.0316858090645538, 1.0316654756754469, 1.0316523665427775, 1.0315945688180865, 1.0316180859944692, 1.0316067058275566, 1.0315654449104914, 1.031575370326136, 1.0315537997731714, 1.031531608605192, 1.03152037957485, 1.0315144244200363, 1.0314970698313162, 1.0315017845433685, 1.0314593851722074, 1.031453548178051, 1.031440997293186, 1.0314144303514814, 1.0313784729431863, 1.0313488933730226, 1.0313673348969157, 1.031365817304958, 1.031356379164602, 1.0313339284547185, 1.031278308874995, 1.0312876221785874, 1.0312522715072634, 1.0312647372741641, 1.0312691811913348, 1.0312471223267272, 1.0312421522650708, 1.0312152467782578, 1.0312164180229624, 1.0311626489216474, 1.0311565134421776, 1.0311681426518042, 1.0311342676574717, 1.0311139645935745, 1.0311335513767619, 1.0310917879540276, 1.0310705093941979, 1.0310535236137117, 1.0310392934983772, 1.0310304450451448, 1.031019331436689, 1.0310538500986817, 1.0310312219405766, 1.0310215299789265, 1.0310163380137585, 1.0309549434123146, 1.030944055090801, 1.0309360909492427, 1.0309290001390057, 1.030921305730092, 1.0309144639059509, 1.0309043427176483, 1.0308919525273925, 1.0308782602506574, 1.0308312200664302, 1.0308237476474025, 1.0308111124282862, 1.0307977952775913, 1.0307844624720603, 1.030770959811647, 1.030760054415547, 1.03074706273312, 1.0307371533042868, 1.0307284092008855, 1.0307188666082594, 1.0307171986527417, 1.030735263680306, 1.0306801779770944, 1.0307156719112927, 1.0307002758080044, 1.0306918472716782, 1.0306719373559778, 1.030652402902861, 1.030653065121487, 1.030621994175277, 1.0306300280951928, 1.0306032084214685, 1.0306285393727668, 1.0306137746228965, 1.0305978296243892, 1.0305795394893726, 1.0305635835103535, 1.0305492802059593, 1.0305343867486085, 1.0305017792144353, 1.0304712698389098, 1.0304633264899847, 1.0304549330835648, 1.030445913988429, 1.0304363406414134, 1.0304262386164966, 1.0304155730106215, 1.0304045667208104, 1.0303857392592117, 1.0303890024152402, 1.0303757815792105, 1.030359092829173, 1.0303441984499935, 1.030320282281246, 1.0303086827014152, 1.0302803407043035, 1.0302577529712265, 1.0302892117122326, 1.0302662551323505, 1.0302777279735664, 1.0302650740638548, 1.0302020234609282, 1.0302261932047496, 1.0302002650235196, 1.0301797863138014, 1.0301567564249914, 1.0301349432354292, 1.030130743541176, 1.0301258135793026, 1.0301168232779316, 1.0301061663098656, 1.0300747870274436, 1.0300661017588435, 1.0300575458196213, 1.0300480759326869, 1.030037718287137, 1.0300263575826134, 1.0300140646426716, 1.0300010085449396, 1.0299873451594517, 1.0299731337354219, 1.0299583135438632, 1.0299427432834416, 1.0299459726506086, 1.029932640559319, 1.029920405414774, 1.0299026674554124, 1.029885310530457, 1.0298679684766159, 1.0298550698638853, 1.0298464344645841, 1.029837841040308, 1.0298302539907433, 1.0298263602001845, 1.029816124807015, 1.0298078796300594, 1.0297982672590142, 1.0297964486387967, 1.0297879070235385, 1.0297763181285642, 1.0297640462199906, 1.029752042363293, 1.0297320319961998, 1.029706877336228, 1.0296888069855084, 1.0297011649923655, 1.0296862096439583, 1.0296867659793343, 1.0296807407534045, 1.0296495193819182, 1.0296396507101315, 1.0296238238798467, 1.0295934071405084, 1.0295735119414409, 1.0295868266231187, 1.0295721982578123, 1.0295578667892147, 1.0295531357195542, 1.029487978648345, 1.0294761051799395, 1.0294651184576802, 1.029454472175593, 1.029443227882677, 1.029430928751304, 1.0294176037499905, 1.0294038456517276, 1.0293905197453554, 1.029377921164007, 1.0293660537651141, 1.0293545857754651, 1.0293429435270238, 1.0293305745685626, 1.029317376753976, 1.0293037311145585, 1.0292893595862485, 1.0292802515620145, 1.029272091705543, 1.0292746140493676, 1.0292818475202588, 1.0292715888150707, 1.0292630984053799, 1.0292475819939813, 1.0292325730904788, 1.0292145335278695, 1.029202706606621, 1.0291959485006263, 1.0291888713950448, 1.0291735147910896, 1.0291644228457988, 1.029154062943062, 1.02914477694271, 1.0291263303570124, 1.0291163553255829, 1.0291035006383888, 1.0290923003871009, 1.0290793371036355, 1.0290678175775232, 1.0290551469419897, 1.0290425331758315, 1.0290299898103092, 1.0290231011049171, 1.02900842436434, 1.0289979999446426, 1.0289841712056091, 1.028966606099406, 1.028958379270187, 1.028946080381413, 1.0289324078190178, 1.0289189679147308, 1.0289069900994539, 1.0288931349863248, 1.028880960389028, 1.0288701228600903, 1.0288575994391067, 1.0288451491726154, 1.0288329285068942, 1.0288214728673397, 1.0288107658839134, 1.0287982322378948, 1.0287825485415283, 1.028770175951754, 1.0287628115382217, 1.028750150953664, 1.0287380038024485, 1.0287257781948282, 1.0287170369170389, 1.028703730906312, 1.0286933584840545, 1.0286793027208043, 1.0286649505598773, 1.0286529151249064, 1.0286444129970795, 1.028625129097543, 1.028614667588238, 1.0286012910728333, 1.028589317211657, 1.0285774808676795, 1.0285631021632247, 1.0285510108126992, 1.028538324233994, 1.0285265186220238, 1.0285132896995544, 1.02850009481247, 1.0284873306290259, 1.0284746267482991, 1.0284620448061064, 1.0284495178292692, 1.0284369896963157, 1.0284246817362848, 1.0284121348759532, 1.0283996003055675, 1.028387078786823, 1.0283745584704127, 1.0283620451411246, 1.0283495656230162, 1.0283369557293696, 1.0283246358268778, 1.0283123308934041, 1.0282999772941197, 1.0282879622088164, 1.0282734282030566, 1.0282633682250195, 1.0282535425142454, 1.028242906628569, 1.0282300183256814, 1.0282116316269883, 1.0282008308895039, 1.0281908395733306, 1.0281773900512239, 1.028165266480612, 1.0281515426400187, 1.0281360106439306, 1.0281262080983284, 1.0281090724754396, 1.0280968363204206, 1.0280814048975921, 1.0280694597877373, 1.0280563623412013, 1.0280422450578166, 1.0280288747870667, 1.0280129400290563, 1.0279978245259178, 1.0279770340888355, 1.027962787440153, 1.0279504265945572, 1.027937628825163, 1.0279288597144403, 1.0279366015108957, 1.0279087636651842, 1.0278873354994376, 1.0278669597364738, 1.0278491141359236, 1.0278313183509031, 1.0278157647264214, 1.0277953465756688, 1.0277799034631834, 1.0277667218859345, 1.0277543198261643, 1.027741975339273, 1.0277297068223648, 1.0277176421872014, 1.0277050462891242, 1.027691729902478, 1.02767767977984, 1.027663271900163, 1.0276674166597504, 1.027638228447933, 1.0276284625079581, 1.0276162532948554, 1.027608417469433, 1.0276080009361128, 1.0276086942815708, 1.0276088761582267, 1.0275838745860404, 1.0275629860765612, 1.0275517424073468, 1.0275366101209418, 1.0275296188649141, 1.0275219550187282, 1.0275127472023107, 1.0275021475649824, 1.0274932273584811, 1.0274825634659357, 1.0274659181720416, 1.0274545957384877, 1.0274412042692362, 1.027428875042076, 1.0274157238827952, 1.0274048823500659, 1.0273888453825124, 1.0273754794142436, 1.027362226315435, 1.02734839474535, 1.0273346045902032, 1.027320446514515, 1.027307611833372, 1.027293022324043, 1.0272790304893311, 1.0272654098356977, 1.0272521005525888, 1.0272390226867925, 1.1282772229211135, 2.7070608225680712, 1.062099451358259, 1.5733067452963245, 2.043751088371161, 1.853789912386562, 1.347239406864766, 1.035326164543684, 1.2456338271707685, 1.560938899975219, 1.428990577446016, 1.131855820924122, 1.0526903460993486, 1.174965279119361, 1.3060512734431755, 1.3238826282832943, 1.2302894010704835, 1.110091959444503, 1.0656524217424457, 1.126009698735932, 1.2048973208285476, 1.1924961846093234, 1.1103434928444083, 1.0603900678525884, 1.0801768271215006, 1.126160522354983, 1.1407012407685748, 1.1084880383530862, 1.0618391511078633, 1.0467551023821013, 1.0716207231287418, 1.0945887939285555, 1.0800501939266873, 1.0479532130864102, 1.0380095074939393, 1.0533890896771945, 1.0663710402699706, 1.0577333815476804, 1.0380090093667327, 1.0316015506314398, 1.0434130090688498, 1.0512914621736345, 1.0413643054322128, 1.029638267311495, 1.0318049399750264, 1.0400466521852296, 1.0394971375700282, 1.0309124814746138, 1.0270533742657764, 1.0321310047234578, 1.0354212255370128, 1.030745635881949, 1.026171329356193, 1.0282946785750608, 1.0316227400702571, 1.029986359984516, 1.0263654951575718, 1.026747460665488, 1.0295114369975773, 1.0291434545762055, 1.0265704864708263, 1.0263710965011195, 1.0282361809779652, 1.0282946330016562, 1.0265922675449426, 1.026164893072245, 1.0273646637315175, 1.0274423920077198, 1.0262456353407876, 1.025935577397793, 1.0267283775700127, 1.0267084519616816, 1.0258829597259618, 1.0256873769995982, 1.0262301324203615, 1.026152930413387, 1.025541907850699, 1.0255290527968182, 1.0258665965329523, 1.025693066914984, 1.0253677811311135, 1.0254075282133928, 1.0255988952649384, 1.0254556567019557, 1.0251609803160064, 1.0252935744237537, 1.025340719030212, 1.025186728554669, 1.0250835845823205, 1.0251917439792946, 1.0251753082350528, 1.0249926614785785, 1.024987053441823, 1.0250062191439673, 1.0249682556059987, 1.024888579244555, 1.024893139757013, 1.024907506963045, 1.0248373244132212, 1.0247749095005352, 1.0247572878202997, 1.0247805750031427, 1.0246789244939836, 1.0246627969306015, 1.024647830981916, 1.0245875966222426, 1.0245622203389801, 1.0245538114532762, 1.0245262648743543, 1.0244573154896817, 1.02445888250534, 1.024431519822594, 1.024411024651152, 1.024361254053848, 1.0243394378134447, 1.0243089808295374, 1.0242678850424416, 1.0242462433779669, 1.024248669935047, 1.0241789444310465, 1.0241357371117703, 1.0241262838973506, 1.0240998544650548, 1.0240666294486858, 1.0240401555938763, 1.0240142998775104, 1.0239126498738012, 1.0238717353812676, 1.0238616529889726, 1.0238413530962456, 1.023807659197505, 1.023761889615333, 1.0237642744476807, 1.02374957864894, 1.0237164792427635, 1.023684445077524, 1.0236513315405953, 1.0236194175759166, 1.0235881491039258, 1.0235556882499806, 1.0235229958019418, 1.02349062241458, 1.0234572976358314, 1.0234240699698243, 1.0233920406446553, 1.0233567420437508, 1.023322327713766, 1.023292798641715, 1.0232244380889726, 1.0232116691869566, 1.0231928063715043, 1.0231525368051935, 1.0231190779330992, 1.0230857485883116, 1.0230483275498348, 1.0230127829209403, 1.0229796923815024, 1.0229428651135004, 1.0229218804362683, 1.0228877509741903, 1.0228552298673284, 1.0228200153773537, 1.0227832917778736, 1.0227342563303194, 1.0226714069029121, 1.0226594369420663, 1.0226357076810115, 1.022609168044611, 1.0225462117501545, 1.0224937218523187, 1.0224881911219863, 1.0224449636189707, 1.0224245891675747, 1.0224041109939372, 1.0223595602369946, 1.0223308878436492, 1.0222895358486375, 1.0222164140180114, 1.0222035909605287, 1.0221637816871505, 1.0221359196923165, 1.022100074057924, 1.0220737379080171, 1.0220408573728272, 1.0219939104755247, 1.0219543581528272, 1.021925670423029, 1.0218907511365602, 1.0218528975822454, 1.0218105986346588, 1.0217379447920232, 1.0217116289926547, 1.0216865825985393, 1.0216544196470818, 1.0216302209739654, 1.0215969964282654, 1.0215462745597974, 1.0215092382493536, 1.0214799578618379, 1.021449032570301, 1.021433056798754, 1.0213516676973002, 1.0213276759670014, 1.021303731270874, 1.0212733075167015, 1.0212359033325995, 1.0211971605208943, 1.0211600835611512, 1.0211245148396721, 1.0210892044112123, 1.0210512637183686, 1.0210054625601677, 1.0209751823307398, 1.0208943388290335, 1.0208617500142212, 1.020873903608959, 1.0208331150971957, 1.0207905643783017, 1.0207421140616806, 1.0206837151684642, 1.0206517398320674, 1.0205975268498322, 1.0205942315607726, 1.020552056476688, 1.0204863503831767, 1.0204563231308474, 1.0204284059434108, 1.0204137152331911, 1.0203528462398943, 1.0202790646584565, 1.0202815345458216, 1.0202427656797395, 1.0201785203130334, 1.0201597396283093, 1.0201399936889926, 1.020082344049485, 1.020028791948967, 1.0200231554189743, 1.019943909576581, 1.0198622798007997, 1.0198666301724886, 1.0198055859151813, 1.0197676685661725, 1.0196873998487694, 1.0196977805076768, 1.0196579348964006, 1.0196078414584362, 1.019553864525322, 1.019532902145385, 1.0194559726224766, 1.0194473746276953, 1.0193625474743984, 1.0193225206308183, 1.0193296168637223, 1.0192858659167943, 1.0192378338593355, 1.0192158832125005, 1.0191520318177625, 1.0190819371083342, 1.019073488921942, 1.0190326995338481, 1.0189747175936643, 1.0189242338525413, 1.0188999102488019, 1.0188769230644945, 1.0188073249002898, 1.018747150397845, 1.018716524431056, 1.0186765326506853, 1.018610566513001, 1.0185895972372643, 1.0185162564028347, 1.0184865923212383, 1.018432114319815, 1.0184260885335379, 1.0183882229487298, 1.0183471712257157, 1.0183042902863557, 1.018262856966489, 1.0182168796717272, 1.0181748966530708, 1.018128899663347, 1.0180843330970033, 1.0180375560771429, 1.0179939000239822, 1.0179408114943556, 1.0178933686274716, 1.0178421687634662, 1.0177911869725167, 1.0177560426001413, 1.0177498584843263, 1.017673792482819, 1.0176310504150974, 1.0175751382213234, 1.0175474204249253, 1.0174659171858809, 1.0174480802805121, 1.0174355600573304, 1.0173674759333493, 1.0173320259227945, 1.0172715735438127, 1.0172421334246808, 1.0171510253502536, 1.0171377748450103, 1.017107805869163, 1.0170601251167317, 1.017003365263183, 1.0169284748036653, 1.0169041747141683, 1.0168666828731525, 1.016834095038521, 1.0167919507050354, 1.0167436508885448, 1.0166964070911246, 1.016644553209304, 1.016599867126626, 1.0165389116282446, 1.016483296009033, 1.0164317211914993, 1.0163752031240934, 1.0163230379515034, 1.016308548055809, 1.0162555741607298, 1.0162098204968733, 1.0161635622820162, 1.0161121188007194, 1.0160817453653104, 1.0159935506411497, 1.015974949542796, 1.0159298899934706, 1.0159070351274861, 1.0158432916928464, 1.0158243333391008, 1.015724658255616, 1.015707618817435, 1.0156444976645917, 1.0155850159180895, 1.0155342846205393, 1.0154846880512294, 1.0154336502895192, 1.0153869089891827, 1.0153373579215925, 1.0152880203195074, 1.0152365520155162, 1.0151902355295381, 1.0151424763225472, 1.0150964913478218, 1.0150485652390964, 1.0149978109329736, 1.014953507412799, 1.0149069675125673, 1.014858586774301, 1.0148104566847345, 1.0147636881803452, 1.014716793498353, 1.0146818834114155, 1.014616663461499, 1.014549123124477, 1.0145221140505782, 1.0144560083250322, 1.0144354041918808, 1.0143895445235023, 1.0143142320231109, 1.0142777149922841, 1.014222320899886, 1.0141754406109504, 1.0141068411605931, 1.0140710301070788, 1.014020449229057, 1.0139768833761496, 1.0139273509808249, 1.0138779470050705, 1.0138301737814215, 1.0137796459623796, 1.0137288806011737, 1.0136705923090394, 1.0136177838238458, 1.013526031870791, 1.0134837516134878, 1.0134515278445915, 1.01339434387992, 1.0133562165970085, 1.0132855660000728, 1.0132315416879687, 1.013159352823144, 1.0131623319365963, 1.0130999055746452, 1.0130641796609718, 1.0129707702447899, 1.012928456825609, 1.012864526570231, 1.0128562274896344, 1.0127421793452513, 1.0127438164419975, 1.0127120472140432, 1.012654812055658, 1.0125518218308036, 1.012535782377145, 1.0124834013127408, 1.0124135620261008, 1.0123882139416798, 1.0123299551202007, 1.0122606055568164, 1.012207764336751, 1.0121607051594685, 1.0120849731060615, 1.0120275380563775, 1.0119911001560409, 1.0119204706714633, 1.0118637392194494, 1.0118321474986838, 1.0117932938164627, 1.0117318032338902, 1.0116843458764146, 1.0116232807424117, 1.0115746999028659, 1.0114940287751486, 1.0114694992568498, 1.0114295817362924, 1.01136904501388, 1.0113234960325248, 1.011295199731972, 1.0112283933732018, 1.0111443697301559, 1.0110765950608944, 1.0110375868418773, 1.0110080432268653, 1.010944984966196, 1.0108793297990073, 1.0108505332821522, 1.010742167611337, 1.0107408381568646, 1.0107018118510565, 1.010587274451983, 1.0105362847391628, 1.0105038900199732, 1.010467741621984, 1.0103854899716749, 1.010331328241458, 1.0102607254664155, 1.0102349271535112, 1.0101785716619402, 1.0100896161338482, 1.0100556932827198, 1.0100076805145017, 1.009968156827233, 1.0098768456541685, 1.0097991647170208, 1.0097686548949214, 1.0097268763138048, 1.0096554750891344, 1.0095978706135817, 1.0095753397764633, 1.009490172646013, 1.009442927193973, 1.009390262065582, 1.0093375948035976, 1.0092850444299524, 1.0092181658572903, 1.0091728564541511, 1.0090960809521738, 1.0090329100801119, 1.0089627499145195, 1.008937681620906, 1.0089012843506373, 1.008808795233852, 1.0087538608210416, 1.0087092922506047, 1.0086732814908232, 1.0085992340631968, 1.0085221189025548, 1.0084622634802523, 1.008403749945575, 1.0083588435195798, 1.0082696990344686, 1.0082527655902296, 1.0081932049246072, 1.0081386921055175, 1.0080482759867229, 1.0079928414131012, 1.0079651083482033, 1.0079039262542906, 1.007859634848783, 1.0078013685797738, 1.0077357310243396, 1.0076751694193944, 1.0076137626454782, 1.0075564942635775, 1.0074986362972749, 1.0074453988758245, 1.0073951858956063, 1.007343806208638, 1.0072782864567118, 1.0072069199999787, 1.0071504373067575, 1.0071014755150152, 1.0070279307197985, 1.0069678441090548, 1.0069001889275768, 1.0068453354739249, 1.9117129402009105, 1.2318171579263948, 1.4823416684771082, 1.0080414151608361, 1.2528816820075406, 1.3237785736523189, 1.1078789348652116, 1.0253272263759101, 1.214125154157322, 1.1471223207363777, 1.0182013575891347, 1.0705087903351598, 1.1472709264273027, 1.1177901972484947, 1.037751415889619, 1.0322603529483734, 1.0940581343306974, 1.0850314926658866, 1.0241865670739232, 1.0248680377098098, 1.0647961766267784, 1.063240328408326, 1.0244749184762698, 1.017003060663541, 1.0459488421334104, 1.041507379360493, 1.0123424372241805, 1.0159208017328452, 1.0342762937511212, 1.027150727732526, 1.0092971743673644, 1.0148826559155326, 1.025942250142085, 1.0141430363041142, 1.0060546699678836, 1.0157675296043978, 1.0176916587487765, 1.0076564618160766, 1.00809165928439, 1.0150698083727905, 1.0097184870776361, 1.0052380436922304, 1.0105140606284366, 1.0109626001850776, 1.0058821535251072, 1.0074368358184331, 1.010112274688235, 1.006425484987036, 1.0057465123006972, 1.008609444688977, 1.0070706622285053, 1.0052310280414631, 1.0073335607652538, 1.0068409202383304, 1.0049081485015097, 1.0061696710344636, 1.0064550954654872, 1.004946363844943, 1.0055029385654495, 1.0059781689477842, 1.0047635608417842, 1.005017596279751, 1.005531500769916, 1.004724638379319, 1.0047542813494426, 1.005200401956172, 1.0045214748982434, 1.0045306453018144, 1.0048942831682726, 1.0044632885382638, 1.0043876012099724, 1.0046617971569907, 1.004269867011259, 1.0042822769524278, 1.0044517161117559, 1.004145835049294, 1.0041887228931896, 1.0042672472512528, 1.0040527995435242, 1.0040939104239806, 1.0041175904908253, 1.0039390791242886, 1.0039678241251673, 1.0039294837680048, 1.0038149771071334, 1.0038192613084824, 1.003761888071531, 1.003713055876183, 1.0036990191405974, 1.0036513591396736, 1.0036019624196408, 1.0035657859706264, 1.003520224903449, 1.0034987803943984, 1.0034712387336204, 1.0033936598962698, 1.0033807834948523, 1.00332056149109, 1.0032767839227044, 1.0032622422583615, 1.0032085542853215, 1.003169142106959, 1.0031328843293825, 1.0030834829755397, 1.003048166404296, 1.003006328604868, 1.0029649665649982, 1.0029334162299093, 1.0028736486596044, 1.0028606479526587, 1.0028256506463213, 1.002764777812125, 1.00270475116569, 1.0026641825768468, 1.0026442880927044, 1.002610189791488, 1.002550931528248, 1.0024953903825897, 1.002465892281455, 1.0024437040269143, 1.0023790376658217, 1.0023564918584014, 1.0023037762573417, 1.002259954443731, 1.002226541558841, 1.0021845301147607, 1.0021279653254251, 1.0020713526908263, 1.0020356572301397, 1.002007635841507, 1.0019662986843052, 1.001914126897813, 1.0018573503506938, 1.0018179187096588, 1.0017797631482535, 1.0017299409088096, 1.0016643026229453, 1.001635684888649, 1.0015779121300123, 1.0015460214568432, 1.0014982225878446, 1.0014421607515993, 1.0013931544654875, 1.0013561774615716, 1.001310196445923, 1.0012511788604763, 1.001221409338375, 1.0011746542605644, 1.0011085183067119, 1.0010667683571048, 1.0010335703508892, 1.0009863018875174, 1.000938761020624, 1.0008912001296595, 1.0008429765864255, 1.0007909119318155, 1.000740972100914, 1.0006931821958864, 1.0006467305287032, 1.0005954976052733, 1.0005444096880143, 1.0004969418991225, 1.0004482039274836, 1.0003980522193816, 1.0003230896429776, 1.000303383744344, 1.0002279744713192, 1.0001808889545574, 1.0001705185685488, 1.0001041849966337, 1.000022281789532, 0.9999781962099591, 0.9999587910550684, 0.9998916617071925, 0.999835155676897, 0.9997840067167676, 0.9997320494065961, 0.9996780208042334, 0.9996224084992131, 0.99956959921427, 0.9995165004616031, 0.9994417592033288, 0.9994033300627364, 0.9993326905496527, 0.9992883368214934, 0.9992242140395391, 0.9992207236462574, 0.9991395227911011, 0.9990701869441437, 0.9990151074817387, 0.9989903641419103, 0.9989582707773125, 0.9989204409868446, 0.9988555497595282, 0.9987937846103496, 0.9987335761095969, 0.99868305924762, 0.9986209712245099, 0.9985570544926291, 0.9984997698630664, 0.9984671362887089, 0.9984262116595837, 0.9983729401595066, 0.9983200680392453, 0.998269583745001, 0.9982180287308502, 0.9981622745668445, 0.9981055555068874, 0.99804768759874, 0.9979915246455403, 0.9979357091843003, 0.9978829639192917, 0.9977857050928627, 0.997745174734077, 0.9976680007189038, 0.9976499792841801, 0.9975696732300686, 0.9975018381431308, 0.9974666644070386, 0.9973806116686164, 0.9973265512347637, 0.9972558896265504, 0.9972149803026267, 0.9971868477134844, 0.9970887129005784, 0.9970581569779415, 0.996995045942311, 0.9969315399208319, 0.9968690333326973, 0.9968151776542079, 0.9967454888649955, 0.9966965304394481, 0.996607045821336, 0.9965515595791158, 0.9964918029035293, 0.9964651480267436, 0.9964333587126881, 0.996358443068576, 0.9962260031777895, 0.9961702469411656, 0.9961904499967467, 0.9961026889149359, 0.996034940145643, 0.9959871463729528, 0.9959330170459398, 0.9958349595531573, 0.9957963322081587, 0.9957727667287478, 0.9956910325427462, 0.9956294527927774, 0.9955612274020609, 0.9955031165864147, 0.9954190732287433, 0.9953896084870347, 0.9953310895459434, 0.9952478031768522, 0.9952170845654692, 0.9951436452242834, 0.9950883031499242, 0.9949954480500853, 0.9949452892380714, 0.9948230052579062, 0.9948139730566928, 0.9947207691896456, 0.9946957760923213, 0.9946343228493995, 0.9945602105195612, 0.9945034128610195, 0.9944623251375546, 0.9943950979366143, 0.9943657918722298, 0.994260691854653, 0.9941988225864602, 0.9941465841685306, 0.9940653931943001, 0.9940252722643602, 0.9939184210214396, 0.9938623747497037, 0.9937948309975817, 0.993740768053761, 0.993671654930096, 0.9936280154476349, 0.9935728988099538, 0.9934910611735686, 0.9934302509473786, 0.993346101926435, 0.9932783547128544, 0.9932118416869927, 0.99314717422876, 0.993082415971224, 0.9930192807114833, 0.9929369502969265, 0.9928796321982954, 0.9928242368733156, 0.9927504503186877, 0.9927094206397143, 0.9926108003408749, 0.9926023547428177, 0.99251186752829, 0.9924025459703301, 0.9923370906228377, 0.9922624038527711, 0.9922199333804529, 0.9921454971659357, 0.9920854116327491, 0.9920071026596106, 0.9919723774502791, 0.9918787119271525, 0.9918467626574475, 0.9917647112870847, 0.9916979229655652, 0.9916254568872592, 0.9915775142843066, 0.9915118903120198, 0.9914489392701173, 0.991353873299208, 0.9912760556780675, 0.9912104113592346, 0.9911522782705802, 0.9910423871055443, 0.9910161037195286, 0.9909228014660588, 0.990830379267938, 0.9907788901908101, 0.9907133092903795, 0.9906449086211618, 0.9905771409051206, 0.9905137295660199, 0.9904594539866516, 0.9903518104953456, 0.9902937078867917, 0.9902157800491146, 0.9901426386879609, 0.9900675961988482, 0.9899989560184861, 0.9899206313039304, 0.9898467783930817, 0.9897724760975207, 0.9897255988386138, 0.989647442864939, 0.989596292348275, 0.989517555077141, 0.9894519297305017, 0.9893618377827846, 0.9893006186557165, 0.9892080153854416, 0.9891557430581357, 0.9890893244134962, 0.9889944407282065, 0.9889406241037203, 0.9888650622809055, 0.9888112997961594, 0.9887364257377581, 0.9886611545297818, 0.9885699687117974, 0.988498631576967, 0.9884305752952828, 0.988324687938914, 0.9882626310500435, 0.9881733333552755, 0.9881542572207114, 0.9880680991108995, 0.9879749958815871, 0.9879025576738517, 0.9878521355882807, 0.987759248028621, 0.9876568892125895, 0.9875792755658724, 0.9875198966031664, 0.9874543434721651, 0.9873689035675106, 0.987292967425997, 0.9872096909837819, 0.9871389672893076, 0.9870674171389084, 0.9869735321305789, 0.9869203536870653, 0.9868435887174147, 0.9867673984132552, 0.9866531338331835, 0.9865967307303074, 0.9865313172267318, 0.9864724287941655, 0.9863809919432301, 0.9863182972566004, 0.9862343780658503, 0.9861608544540412, 0.9860634823902011, 0.9860155558191994, 0.9859156923169391, 0.9858235786467356, 0.9857691750079662, 0.9856741791804281, 0.985616446876386, 0.9854991910374479, 0.9854656080426534, 0.985383053719676, 0.9853026956104478, 0.985209892445937, 0.9850968862953462, 0.9850384045525247, 0.9849826182470701, 0.9848629200574671, 0.9848465285992437, 0.984763665594134, 0.9846543943636558, 0.9845696778869836, 0.9845140554677915, 0.9844228804454364, 0.9843133342373629, 0.98425650346692, 0.9842015810820648, 0.9840899388317674, 0.9840143677920643, 0.9839218590677138, 0.9838716274567385, 0.9837833032724025, 0.9836729353680682, 0.9836104068025602, 0.9835276733195003, 0.9834563200619098, 0.9833708685927859, 0.9833010129067667, 0.983224934755631, 0.9831774343001829, 0.983049961565112, 0.9829905306014178, 0.9829169780719081, 0.9828551461020201, 0.9828111528244204, 0.9826977040352312, 0.9825888716144623, 0.9825253168395874, 0.9824348462519648, 0.9823833733482722, 0.9822842542501864, 0.9822057735792638, 0.9821122976570386, 0.9820367997659928, 0.9819350479918367, 0.981869038412863, 0.981804024965098, 0.9817103419051435, 0.981644940267024, 0.9815235778958882, 0.9814313330156922, 0.9813502099814403, 0.9813167482566073, 0.9812752172720303, 0.9811337188221266, 0.9811000583745244, 0.980934580807856, 0.9808589373367202, 0.9808143667181398, 0.9807105935056345, 0.9806117767496354, 0.9805218702807583, 0.9804314573355157, 0.9803722676938057, 0.9802986801354724, 0.9802086777037263, 0.980154582369024, 0.980102244590126, 0.9800266971817468, 0.9799530392619338, 0.979824955053714, 0.9797411035464184, 0.9796543065781236, 0.9795980644785693, 0.9795615667739288, 0.9795648150882389, 0.979530744484385, 0.9794275644024547, 0.9793502154944452, 0.9791630035439393, 0.9789789662160172, 0.9788944353183315, 0.978843693662652, 0.9788163552917453, 0.9787867845603535, 0.9787388182025392, 0.9786661838532424, 0.9786598746455961, 0.9785369471556219, 0.9784316134373195, 0.9782628605937305, 0.978062216456017, 0.9779373983951595, 0.97787992383153, 0.9778391014740762, 0.9778359820193678, 0.9778346958742485, 0.977708972764102, 0.9779153467203353, 0.977863293273508, 0.9781708204289007, 0.9781710789872675, 0.9782106965685039, 0.9779170575231343]