Model Setup for Atypical Patient 14:
ITERS=1000
LEARNING_RATE=0.001
OPT_RESET=500
ATOL=1e-09
RTOL=1e-07
METHOD=dopri5
Input channels=2
Hidden channels=11
Output channels=2
Runtime=470.0767629146576
Optimizer=Adam (
Parameter Group 0
    amsgrad: False
    betas: (0.9, 0.999)
    capturable: False
    differentiable: False
    eps: 1e-08
    foreach: None
    fused: None
    lr: 0.001
    maximize: False
    weight_decay: 0
)Loss over time=[2368.1848975497546, 2233.0995637821275, 2149.3963863740482, 2086.527360968906, 2035.4952858197998, 1992.251254071043, 1954.5330721090838, 1921.0486211429627, 1890.8655474614204, 1863.3647017935969, 1838.1248407542516, 1814.731126638445, 1792.9471478334394, 1772.5917845251113, 1753.4080464548517, 1735.3419696873718, 1718.2372619604075, 1702.0050876955124, 1686.5339281876861, 1671.7940925681544, 1657.704617954544, 1644.2186530100057, 1631.2854569115761, 1618.8392215290116, 1606.8839436549686, 1595.3427872848981, 1584.1958906689513, 1573.4645086166477, 1563.0777784505349, 1553.0077850684365, 1543.2904375101534, 1533.8236161449904, 1524.6128173269171, 1515.6938807026554, 1507.0189438854038, 1498.558160879703, 1490.3436948189344, 1482.3320146652736, 1474.4913180610122, 1466.8465632062528, 1459.3827239385193, 1452.071880400466, 1444.9207809223992, 1437.9154133791506, 1431.0745110334915, 1424.3602453280328, 1417.7949734328502, 1411.3390419509478, 1404.9249861721746, 1398.3802759291166, 1391.7214426280254, 1385.0317212461264, 1378.4177622666525, 1371.8868074560705, 1365.4380363956343, 1359.1170139277003, 1352.8806676742083, 1346.736549296191, 1340.7077013043677, 1334.7726270185544, 1328.9308116021812, 1323.1802453145262, 1317.5246987491626, 1311.939232452657, 1306.4419435125965, 1301.0155309471704, 1295.6810584047475, 1290.4057570925029, 1285.2166773095553, 1280.0922819077596, 1275.0309017800448, 1270.045916330509, 1265.109519567766, 1260.2458043507024, 1255.437215097742, 1250.6939839973434, 1246.000094025869, 1241.3670802261427, 1236.7818602573188, 1232.2561096259005, 1227.7788932909543, 1223.3525950501921, 1218.9748871830234, 1214.6450848141506, 1210.3630292632597, 1206.1274603396269, 1201.9378017114389, 1197.7908600000208, 1193.6816512183648, 1189.629385496918, 1185.592830339824, 1181.6155938645884, 1177.672694641779, 1173.7687808793228, 1169.9009567018518, 1166.0635827378142, 1162.2729113836176, 1158.5110986137224, 1154.7802558780352, 1151.0945057634724, 1147.429537994166, 1143.8034544386094, 1140.2058706411035, 1136.631096483322, 1133.1145101393488, 1129.6035979247715, 1126.1239662916255, 1122.6820975240191, 1119.2591211371703, 1115.8679098739528, 1112.50862390789, 1109.168065206284, 1105.8608460023893, 1102.5760526979868, 1099.316402355319, 1096.0807433589835, 1092.8677907515698, 1089.6824751608415, 1086.5181140520474, 1083.378051812072, 1080.2605775155992, 1077.1659549382362, 1074.0947875019954, 1071.0464689547982, 1068.0144768387752, 1064.9866110282385, 1062.0044575758047, 1059.0312723588781, 1056.0772862837568, 1053.1409832274833, 1050.2339362545245, 1047.3344439585273, 1044.4632350970787, 1041.5971331139465, 1038.759502142079, 1035.9338288336053, 1033.1250456519397, 1030.3288049424095, 1027.5596693770146, 1024.7996854872467, 1022.061676508085, 1019.3332214207145, 1016.6267434753164, 1013.93113433604, 1011.2439677277459, 1008.5859936029827, 1005.9280944471267, 1003.2943510724613, 1000.6776191750068, 998.0643071237133, 995.4701235854495, 992.8878255379935, 990.3240861277492, 987.7652251147377, 985.2249108452434, 982.7001026302086, 980.1872119635395, 977.682647481788, 975.1906980924272, 972.7044463134152, 970.2398287394049, 967.7805080671994, 965.3371799500019, 962.9044560676425, 960.4785848571893, 958.0702649289389, 955.6639963714274, 953.2745514565107, 950.8906099319657, 948.5235404709118, 946.1617949736506, 943.8134733545179, 941.4733477288638, 939.1322589341572, 936.81168195725, 934.4982408083789, 932.196672984996, 929.8995773350754, 927.6127378060613, 925.3298967612322, 923.0593942109987, 920.796112478109, 918.540171857116, 916.2943674137651, 914.0572959157176, 911.8240398139526, 909.6035719321018, 907.3850592446453, 905.1714532877363, 902.9674111252006, 900.7715464127174, 898.5810070065684, 896.3969050328359, 894.2076852999397, 892.0272268817004, 889.853790238071, 887.6826844239473, 885.515606630091, 883.3595245361844, 881.1990287424692, 879.0362933341236, 876.8768732302149, 874.7181997760734, 872.5506079343937, 870.3890233827495, 868.2207819591526, 866.0648400316645, 863.9215467138652, 861.7845583674584, 859.6577969110814, 857.5391114112995, 855.4295775284828, 853.331076611901, 851.2392166889423, 849.1586023858455, 847.0832804458388, 845.0176360011984, 842.9630148361134, 840.9553160754683, 838.8733752317191, 836.8430769794988, 834.8190200382028, 832.8027468088269, 830.7990215058384, 828.7976775832682, 826.8040678924597, 824.8210125444112, 822.8423811651959, 820.873915257832, 818.9073352133114, 816.9513224980205, 815.0067097135976, 813.0625540696866, 811.1241358617441, 809.1950076244899, 807.2733943319221, 805.3562720625374, 803.445608063284, 801.5404685991251, 799.6443222221134, 797.7480435447912, 795.8588167204631, 793.9815073772356, 792.1039499343877, 790.2361817834505, 788.3743412243443, 786.5129872709102, 784.6615050879224, 782.8152001193768, 780.9735274631904, 779.1306566543176, 777.295777089577, 775.4654602775074, 773.6405520622772, 771.8177981674878, 769.99693335316, 768.1839353278996, 766.3727076849492, 764.5646712709708, 762.7568091544209, 760.9539507853303, 759.147301851996, 757.3498430797375, 755.5496759972498, 753.7502935347715, 751.9536366581407, 750.1500433083281, 748.3531961747834, 746.5498548256711, 744.7495404038614, 742.9446967774545, 741.1366913831866, 739.3240226325266, 737.5063576626882, 735.6853261675491, 733.8573871246643, 732.0175258512841, 730.1734720518078, 728.3196557196537, 726.4527169077782, 724.5689438832892, 722.6769635518096, 720.762742448298, 718.836237737253, 716.8877566450512, 714.91786716427, 712.9173440083285, 710.910359292493, 708.8822471664336, 706.8286579781629, 704.7605088514091, 702.6842344043561, 700.5956410218461, 698.5179148143968, 696.4586277673795, 694.4144808435304, 692.3833089348857, 690.3780938849534, 688.3828622060013, 686.4038635501025, 684.4384251410576, 682.4867809676714, 680.5431632546579, 678.6172175578848, 676.7036287081185, 674.7946620271176, 672.8928713693567, 671.00864533617, 669.1308978614633, 667.2600202314567, 665.4018579305274, 663.5475886772824, 661.7070925800509, 659.8701461195892, 658.0420003355039, 656.2225078697014, 654.4076931099848, 652.6024383272622, 650.8037095209719, 649.0102260679469, 647.223599697836, 645.4396948389484, 643.671052586046, 641.8976695646762, 640.1335694400817, 638.3726062610759, 636.6131917636022, 634.8595237482546, 633.1129152355588, 631.3676064376867, 629.6255744578185, 627.8875020258027, 626.1514071947962, 624.4186427047882, 622.6916510910713, 620.964055799005, 619.2412054825131, 617.5202431575518, 615.7981576764003, 614.0728656357571, 612.3579090880838, 610.6329477451833, 608.9097627702678, 607.1838374694918, 605.4595518866602, 603.7299896597469, 601.9949293701258, 600.2545797602537, 598.5068200999575, 596.7439872904265, 594.9821332173732, 593.2246094776957, 591.4810809892174, 589.739908343209, 588.0109794719963, 586.2871171096784, 584.574753048499, 582.8706754375913, 581.1757255767493, 579.487581047369, 577.8030622220194, 576.1351128862683, 574.4661834888477, 572.8102343454689, 571.1633215287276, 569.5210572111358, 567.8858637604258, 566.2578809029837, 564.6358358758979, 563.0252403974305, 561.4146470774708, 559.8158739888094, 558.2249172158416, 556.6385485674739, 555.0586137675451, 553.4857607350987, 551.9174437936116, 550.3576310028127, 548.8040627460068, 547.2580752483005, 545.7146325022278, 544.1802435292794, 542.6525571787093, 541.126193664248, 539.6107652357219, 538.0917925993477, 536.5924373332033, 535.0894089340321, 533.5938955296506, 532.1015078458981, 530.6176810139659, 529.1421071572786, 527.667239708369, 526.1973616369895, 524.734329350301, 523.2735753554643, 521.8242451832014, 520.3754196724011, 518.9310404534557, 517.49644732157, 516.0629212053808, 514.635966477379, 513.2124094304135, 511.79533620177443, 510.382724838265, 508.97396255421353, 507.5744465813317, 506.17454233677563, 504.779491058969, 503.3931474379453, 502.00883741307587, 500.6307039377096, 499.2590351311848, 497.890949657369, 496.5337727915913, 495.18052236138993, 493.8365868323115, 492.49573111998166, 491.16868640174386, 489.85168511386894, 488.53388697205645, 487.2209493633767, 485.90998536755944, 484.6065941827022, 483.30358163678244, 482.0036734857829, 480.70888171707065, 479.41437231882776, 478.12710944189325, 476.8393110515568, 475.5544913686124, 474.2770049993716, 473.00105629554145, 471.7279749453077, 470.4568421538699, 469.1863256535886, 467.92869449408136, 466.6680269523551, 465.40663746742155, 464.15214919392366, 462.89663865698026, 461.64910728694815, 460.40106951092724, 459.1617881080226, 457.91749757958894, 456.68398324988664, 455.4468020326045, 454.21666612843006, 452.9874971960104, 451.75937361953726, 450.53904495110476, 449.31882951496954, 448.1002165722975, 446.88568349864977, 445.6735317745777, 444.46247009372297, 443.25373946210476, 442.04792335348117, 440.8478483919156, 439.646087095298, 438.45336460016694, 437.25677087209823, 436.0631619775788, 434.8725050304296, 433.69040784002556, 432.5040925643432, 431.31867351007077, 430.14225003209, 428.9614151254922, 427.7893850117482, 426.61514628920014, 425.44263894682496, 424.27555283459645, 423.10443469074, 421.94333485336995, 420.78002086771977, 419.61944608358243, 418.4621234021552, 417.3077618188183, 416.15271942931287, 415.003048952973, 413.8542424964771, 412.7056903222847, 411.559435726779, 410.4195311538859, 409.27673974953524, 408.1379952240622, 407.0001530422124, 405.8645288470752, 404.7297480231366, 403.59839720883923, 402.4714042397038, 401.33910156992187, 400.21125149850945, 399.0873509678717, 397.9636807015309, 396.8402611842091, 395.7182397574295, 394.6000344331121, 393.48112489106165, 392.3650720795694, 366.71127492517684, 341.6505565811131, 317.8553709299724, 295.31098081388905, 273.96163922656524, 253.73278515030213, 234.53846233317702, 216.2917426037388, 198.93212934925296, 182.3582094595397, 166.60597378522382, 151.1782776861507, 135.3740609857765, 121.16496621247393, 114.90335408676243, 115.25941794317886, 118.11157895268083, 117.00284151556757, 110.99237050535166, 101.54193487361111, 91.68565791514555, 83.12158385318057, 76.60287859230141, 72.12984532831248, 69.23001176874367, 67.25731565732569, 65.6089848594359, 63.83717863763412, 61.666472830267345, 58.995695656403, 55.87580000962862, 52.47030362947178, 49.03031452833379, 45.88588491710841, 43.410195556314925, 41.91662654361034, 41.49669365723037, 41.488183898490725, 40.91902052560754, 39.38702352202412, 37.2820243004966, 35.334642736225526, 34.0585041797975, 33.502645712256076, 33.35305699837414, 33.19573287025123, 32.74938258441443, 31.97140884583026, 31.037817169794767, 30.171644298500794, 29.613392074877755, 29.406375491443985, 29.407556866299956, 29.344293597994696, 29.048248611409655, 28.590193385006543, 28.190768031690666, 28.003512684493547, 27.998466008601614, 28.019181259311537, 27.9399586791341, 27.745371981043125, 27.505266357638526, 27.311066236986616, 27.22038378024487, 27.205362856740223, 27.183224702065967, 27.107883458561215, 27.0042284335025, 26.929058205611344, 26.90478935252116, 26.89374004789761, 26.85007640796463, 26.77072111081839, 26.68655294004628, 26.62586156159732, 26.584415297399755, 26.53613494084167, 26.464032516618804, 26.379753884575067, 26.30298636905983, 26.240240553412335, 26.178384156311406, 26.102143392245456, 26.01267558274354, 25.92242888282564, 25.838980976258906, 25.75904846996526, 25.672800158010133, 25.577452656186914, 25.47873946394171, 25.38303507209292, 25.288747341830035, 25.190867982446402, 25.086338560995728, 24.977539804476645, 24.868029376942584, 24.76098769140457, 24.65155206429898, 24.53863458055832, 24.422013294960514, 24.305097421100267, 24.18781758862259, 24.069387889861176, 23.947552595456173, 23.82227324566687, 23.694649182357253, 23.5654848600263, 23.434913713558277, 23.30217065101363, 23.166735192469385, 23.02900572985843, 22.889314962167113, 22.747876094863823, 22.604650491153368, 22.458610186097566, 22.31022006727863, 22.159575482101218, 22.006904642164645, 21.852361314049855, 21.695997915267892, 21.537826515526937, 21.378021143432992, 21.216220263355915, 21.052982543903088, 20.88846782672022, 20.72229341887942, 20.554836477303056, 20.385943835508144, 20.215614018796362, 20.044182847222782, 19.871622508873564, 19.698609936727465, 19.524488128040986, 19.34968929214435, 19.174427428188544, 18.998592084669667, 18.82238668826969, 18.6458220852635, 18.46885343195819, 18.2916741115853, 18.11454196951328, 17.937063938712953, 17.75984532890284, 17.582807666800758, 17.405933312450443, 17.229154686345957, 17.05322574156548, 16.8774983794808, 16.702241260424298, 16.52757404268954, 16.35370570320385, 16.180604273661135, 16.008405544634886, 15.837135094134412, 15.666573044116772, 15.49731171035727, 15.329035928114704, 15.161996713195492, 14.99615074484509, 14.831565656636617, 14.668619704229359, 14.507048943696306, 14.347118393218823, 14.188752524878401, 14.03196705041413, 13.876894966511559, 13.723588617880624, 13.572135029667697, 13.422392652454125, 13.274717943787607, 13.129062263221156, 12.985050029282196, 12.843072962879203, 12.703339641387856, 12.565523930566348, 12.42948079664336, 12.296053801119903, 12.164523680701647, 12.035031527610249, 11.907953520529254, 11.782855354355009, 11.660234668350869, 11.53959050580618, 11.421217841040935, 11.304979650983118, 11.191058137548024, 11.079543122975265, 10.969898175710119, 10.862545685869874, 10.757671531606483, 10.654899261711021, 10.554476725231028, 10.455860207030922, 10.359816010246815, 10.265719128810952, 10.173949500164321, 10.08418304441859, 9.996393093141831, 9.910441299839007, 9.826339800712907, 9.74405158862014, 9.662906152374937, 9.585414030082347, 9.508631674618137, 9.434059381045815, 9.360962531791778, 9.289722113447032, 9.22036998923849, 9.152808270350222, 9.086795884959189, 9.022478140315192, 8.959894549542087, 8.89925135510792, 8.840004725535168, 8.781719157219753, 8.725375145980202, 8.670236113368277, 8.616805533786714, 8.56480679431046, 8.513967841422556, 8.46431106388135, 8.416180114055742, 8.369131119931717, 8.323450378664406, 8.278665257324997, 8.235195885300055, 8.193010422567692, 8.15162872406491, 8.111547128762938, 8.072177093955588, 8.034128150996324, 7.996780307259996, 7.960346089059328, 7.924766900027277, 7.890444044290968, 7.856806323730058, 7.824101380796659, 7.79220795648877, 7.761061914951165, 7.730421277121082, 7.700932684562383, 7.671918463766446, 7.64395994729137, 7.6163042565761, 7.589749430456842, 7.563773104619873, 7.5381613425906915, 7.513341312568681, 7.489517640188941, 7.4659146836283385, 7.442933323385643, 7.420346150348525, 7.398718021106358, 7.377339602572952, 7.356452384077574, 7.336281526619398, 7.316576899522301, 7.297307440383903, 7.278629791802424, 7.260302487959226, 7.242485986803112, 7.22526572916106, 7.208440765042866, 7.191858449281415, 7.175586596919509, 7.160215962081614, 7.144825175562849, 7.129598212922041, 7.115275782921511, 7.101114263284117, 7.087389840939998, 7.073690253983213, 7.060736139032351, 7.047742253645447, 7.0352693217195785, 7.023306744348849, 7.011406917015248, 6.999856896184998, 6.988485924526193, 6.977634263614338, 6.966935381308898, 6.956450279881181, 6.946170649505562, 6.936414950732087, 6.9266988046402105, 6.917284891114736, 6.908118537434782, 6.899145239393345, 6.890342287964151, 6.881724296306606, 6.873452877815638, 6.865353285404139, 6.857664685445289, 6.849612830845749, 6.842027941822391, 6.834777280509064, 6.8274311831211385, 6.820482713131463, 6.813560183219871, 6.806973190797635, 6.800322829410373, 6.794084339275371, 6.787777521492876, 6.781653124896497, 6.775515356094843, 6.76977221429172, 6.764199022984331, 6.758488145678694, 6.753262499939624, 6.747977820684171, 6.742523339704477, 6.73759009479621, 6.732439279067045, 6.727749972624411, 6.7229918777272255, 6.718338865406867, 6.713855108121663, 6.709265346984963, 6.704922201810746, 6.7007505807545575, 6.696577936036394, 6.692312356672759, 6.688342487098447, 6.684517941205417, 6.680688072621987, 6.676798405358392, 6.673322626900634, 6.669640891595794, 6.666145858743634, 6.662796697900908, 6.659383321508617, 6.656136080374603, 6.652781939523816, 6.649761972288146, 6.646591214925182, 6.643511924943601, 6.640712336313558, 6.6377562799871805, 6.635046716177485, 6.632188919375702, 6.629522863756782, 6.626764853418029, 6.62443136800185, 6.621831866338195, 6.619176767513047, 6.616946923616124, 6.6146409536442485, 6.612220656578739, 6.609986470441865, 6.607785406501123, 6.605461031359249, 6.603342576609898, 6.601215880162715, 6.599261471337423, 6.597288713017954, 6.595104695964298, 6.593295358023335, 6.591192215536164, 6.589424616761857, 6.587633320450408, 6.585784987621113, 6.5842056259183215, 6.58242041822435, 6.580670559473001, 6.579060505307755, 6.577341698024097, 6.575918914195182, 6.574190370732757, 6.572703100518489, 6.571233359875932, 6.569667131427957, 6.5681727546260245, 6.5669812398992295, 6.565298362467325, 6.564012804071364, 6.562867199369958, 6.561292738326881, 6.5601017963184916, 6.558863831966646, 6.557384198809687, 6.556366445141527, 6.555134383656476, 6.553867347323267, 6.55277922024353, 6.551641812835104, 6.550415159455496, 6.54932499911969, 6.5482394709316445, 6.546959302423168, 6.5461491611359515, 6.54503217379079, 6.544062573631064, 6.543066731244053, 6.541988843387942, 6.540596679924133, 6.539999133951341, 6.538854396577659, 6.537933759861196, 6.5367532424634085, 6.535993133223162, 6.535248226101756, 6.534050945398206, 6.5333609256283385, 6.532493103195449, 6.531671357322559, 6.530775482245672, 6.530147423890224, 6.529211562589979, 6.528336936409307, 6.52732775649421, 6.526709100039355, 6.52583939972408, 6.5250476592837465, 6.5242250660454095, 6.523310136010708, 6.522873529600951, 6.5219393643885, 6.5212659672673565, 6.520340846896906, 6.519771578255324, 6.518987550001326, 6.518276891858057, 6.517595078937129, 6.516804718744354, 6.5160854536488, 6.515430908411127, 6.514828933931773, 6.514157054948826, 6.513454699679806, 6.512915152290978, 6.51194919623136, 6.511418168579239, 6.510821840718839, 6.510088233966064, 6.509421959727377, 6.508795272029548, 6.508116273744622, 6.507692084543276, 6.506924112778074, 6.506423432253987, 6.505834351502859, 6.505081269326893, 6.504441931587826, 6.503859600339982, 6.503215106485199, 6.502629373652809, 6.502089693060724, 6.501623575857732, 6.500722388082013, 6.500170246368365, 6.49963807320594, 6.4991452821316384, 6.498652195099723, 6.497928274850111, 6.4972498298047725, 6.496830841921445, 6.496226346733101, 6.495611215027558, 6.494972245120525, 6.494558457763373, 6.49383275728757, 6.4933484901523455, 6.492926955694158, 6.492326425171626, 6.491799578511168, 6.491237993600212, 6.490757055760084, 6.490044453069431, 6.489788417913446, 6.489074060390658, 6.488548091304384, 6.488033564175411, 6.487643182015298, 6.486877572034689, 6.486269116368288, 6.485858703216516, 6.485456853357295, 6.4847172095491805, 6.4843985743291475, 6.483813282115673, 6.483130038017432, 6.482782303121767, 6.482087101768355, 6.481785675435106, 6.481030228102492, 6.480449773144198, 6.47999911595629, 6.479414052144377, 6.478907966874089, 6.478522231817638, 6.4781333041344205, 6.477352610549243, 6.477001924079724, 6.476594459431195, 6.475856284120977, 6.475589530254059, 6.474972392506453, 6.474299247525141]