Model Setup for Atypical Patient 12:
ITERS=5000
LEARNING_RATE=0.001
OPT_RESET=500
ATOL=1e-09
RTOL=1e-07
METHOD=dopri5
Input channels=2
Hidden channels=11
Output channels=2
Runtime=1672.915675163269
Optimizer=Adam (
Parameter Group 0
    amsgrad: False
    betas: (0.9, 0.999)
    capturable: False
    differentiable: False
    eps: 1e-08
    foreach: None
    fused: None
    lr: 0.001
    maximize: False
    weight_decay: 0
)Loss over time=[2248.2030639216173, 2169.43739169771, 2115.4883735506505, 2072.2670834380588, 2035.3203145397829, 2003.1349985283312, 1975.117032679915, 1950.1741637639498, 1927.2610325971943, 1905.9338706740573, 1885.8300681990838, 1866.6944630026335, 1848.3911388235144, 1830.7570252061216, 1813.682970475379, 1797.0978566631086, 1780.9544172492863, 1765.213435904502, 1749.8468373599937, 1734.7479216819695, 1719.9148678856945, 1705.296775540761, 1690.8759554683745, 1676.5060598058612, 1662.2086520476898, 1647.8607059247508, 1633.4554659956311, 1619.0879477170645, 1604.8936256208135, 1590.876667793356, 1576.9449724969234, 1563.1894924498129, 1549.5643848051993, 1536.0601132016586, 1522.6492122217496, 1509.2921595557307, 1496.041263206258, 1482.9492494875935, 1469.9556624842587, 1457.0918576244776, 1444.3300213730297, 1431.8122749442664, 1419.5463470442119, 1407.4749072163004, 1395.6321407193345, 1383.9852666715997, 1372.5179204061353, 1361.184771241774, 1350.080290770826, 1339.1171964629686, 1328.2903642855028, 1317.6004772949054, 1307.051229832401, 1296.6371113877576, 1286.3345851935003, 1276.1463971044789, 1266.0598241454709, 1256.1097718292765, 1246.2299690949876, 1236.4720324156908, 1226.7932520110278, 1217.222785786623, 1207.7297502732654, 1198.3149266053688, 1188.9685688351185, 1179.7069000489885, 1170.5176410269787, 1161.3882982553127, 1152.3357025378168, 1143.3310365077352, 1134.4088477782834, 1125.5176324363745, 1116.7025570475598, 1107.9414518561382, 1099.2276101542147, 1090.5376137498286, 1081.938087155881, 1073.347026418793, 1064.8299407708946, 1056.3377518076156, 1047.8860266125214, 1039.491109219156, 1031.1214000401933, 1022.8172950810437, 1014.5078007155058, 1006.2651164613828, 998.045054965969, 989.8517088900105, 981.670881307336, 973.5406853558293, 965.4342450339523, 957.3329104214906, 949.2666780708615, 941.2273174301919, 933.2041637209331, 925.208221023844, 917.2348049066616, 909.2716518136754, 901.3271154982679, 893.3977703113229, 885.4734195533082, 877.5731344711007, 869.67342607695, 861.7949678591532, 853.9195948399647, 846.0601876291082, 838.1865674220912, 830.3238318649685, 822.4831865407399, 814.6539367383252, 806.8220523375348, 799.0074332470896, 791.1736509630814, 783.3403099805113, 775.5379968665122, 767.7115738140059, 759.8835105825823, 752.0683313756691, 744.2238352904434, 736.3763058531584, 728.506848130158, 720.6380627745365, 712.7482805911812, 704.8478074378513, 696.9450765344912, 689.0020512968586, 681.045578117546, 673.0896700996823, 665.1006722561071, 657.1263537573576, 649.1291492087262, 641.1271781462475, 633.0916055298129, 625.0436133093051, 616.9834966681749, 608.8933136860277, 600.7833495662261, 592.6487930541789, 584.4694013526833, 576.2628614976574, 568.0169211797507, 559.7166806047811, 551.3930266917715, 543.0511409691691, 534.702799531973, 526.3264989121705, 517.9416842918642, 509.52627617568146, 501.07286137948574, 492.60446431110324, 484.1077675268041, 475.5753350393343, 467.0119708277038, 458.41947407924306, 449.845206707712, 441.3036230802756, 432.7696261190828, 424.25052833772713, 415.73885820385675, 407.23615100920637, 398.73736801333126, 390.2321489705704, 381.7687932342855, 373.4002128008353, 365.1480152015404, 357.0011052654841, 348.98277112934323, 341.06487778445813, 333.2592519744912, 325.54713620182514, 317.941914343536, 310.4239235578802, 303.0034112730205, 295.67396862279907, 288.41543412120313, 281.238619122753, 274.140376881695, 267.11216225660917, 260.0127361215775, 252.90035787931131, 245.95248428043288, 239.14707277568905, 232.45205159007938, 225.8836016653425, 219.41837073135096, 213.06200543544475, 206.78753285886623, 200.64046874797694, 194.62136885836054, 188.73202522262406, 182.95404387256178, 177.28063453932756, 171.71973637223343, 166.26027010346573, 160.92224073181245, 155.77581318661626, 150.80757318808017, 146.00787413053612, 141.3751801526355, 136.91020300364218, 132.5986793862591, 128.4514401425563, 124.4338205472061, 120.56676125364976, 116.82498099131962, 113.22922226766208, 109.75433044284397, 106.40257419046446, 103.17103869962396, 100.0571338257501, 97.05579320419416, 94.1561291664391, 91.36390730432078, 88.66829805212988, 86.07233608873253, 83.57538283580192, 81.16547154780423, 78.84653084371722, 76.60560620485923, 74.4500095086592, 72.37145834234556, 70.37097489088279, 68.44585962163978, 66.58668648366252, 64.79660500146132, 63.080926626204615, 61.418718571520934, 59.82545080406009, 58.28858229709706, 56.80825301287459, 55.38390678095414, 54.00856177477317, 52.689586981694156, 51.419370875052046, 50.19287445085718, 49.01395338090158, 47.87950671886463, 46.78675852194017, 45.73444699534624, 44.720477575718206, 43.7448225725446, 42.80455751836373, 41.9004021285109, 41.028700204126125, 40.18901744850553, 39.382484128249395, 38.60870522841544, 37.86183695270721, 37.142102366254306, 36.45131136222944, 35.78703533374477, 35.14619254679901, 34.53170629183017, 33.93892251869715, 33.37383691183716, 32.83302606921618, 32.31106946030251, 31.802748220476204, 31.30794631492705, 30.82796091031414, 30.36020298498672, 29.905533736813684, 29.46244728281058, 29.03109374712077, 28.609447185341605, 28.19912393531017, 27.79881429447438, 27.40805793516665, 27.02651752469919, 26.654183488453477, 26.290991268196798, 25.933637005688173, 25.58489637039842, 25.241429739073386, 24.90104430098412, 24.56235897680332, 24.236309359184645, 23.921226198118504, 23.617821169342175, 23.32543574397006, 23.042941219502744, 22.77045946445699, 22.507364089278575, 22.252973654396616, 22.007246146748333, 21.768907316554724, 21.539150864525865, 21.316221163476953, 21.10066117561628, 20.89183442029385, 20.6895195887817, 20.493664152555624, 20.302985233892034, 20.11821249450873, 19.938641723984542, 19.764550250020935, 19.595124042530436, 19.43027210097119, 19.27011439660856, 19.113401773385387, 18.962066272785066, 18.813826999491656, 18.669815624972735, 18.528574850131083, 18.391296639398206, 18.257335143692803, 18.12643756630416, 17.998600682218548, 17.87362196684411, 17.75145264238177, 17.631614091104908, 17.514013687707976, 17.399751733346264, 17.28769582875791, 17.17744481444151, 17.069678683059266, 16.963723897110714, 16.859751181938634, 16.75769625947353, 16.6573657958771, 16.558840232718094, 16.462241158835162, 16.36702263393641, 16.273459620847685, 16.18155763782496, 16.090884194078576, 16.001830655523044, 15.914090309491293, 15.827645633549231, 15.74210137891406, 15.658165035302376, 15.575746628687602, 15.493541521413777, 15.413482279172824, 15.333956577918691, 15.255690777620833, 15.178398839122671, 15.10177323904068, 15.026485417644398, 14.951729492881288, 14.878375375469279, 14.805775968840031, 14.733717601262764, 14.662965893495048, 14.592544072777883, 14.523095775856394, 14.454533428711937, 14.386755729169751, 14.319499461880149, 14.253000280463626, 14.187451334068628, 14.122176176670287, 14.057712358906072, 13.994123587871945, 13.9311315130324, 13.868585954197902, 13.806858997095025, 13.745624769747002, 13.684907217997564, 13.624994344205293, 13.565523423084114, 13.506676702730173, 13.448323346771444, 13.390427861791478, 13.332872274695525, 13.276433279629801, 13.220319714442677, 13.164755321468645, 13.109749849476357, 13.055249410804384, 13.001247681862367, 12.947815436978077, 12.894854342370769, 12.842276096448613, 12.790454668041038, 12.739102479623114, 12.688102976740337, 12.637547100485103, 12.587623980873854, 12.538088904829527, 12.48890627219978, 12.440327763084467, 12.392149111322794, 12.344416721127896, 12.297106294246085, 12.250217011200112, 12.203834119900106, 12.15776237791308, 12.112134842013207, 12.067028203236752, 12.022196811163367, 11.977806992705894, 11.933847980555784, 11.890301459289786, 11.847145958458576, 11.804248923062401, 11.761872128074566, 11.719816507749117, 11.678169337361076, 11.636828790006204, 11.595937677968212, 11.55535388361529, 11.515201605907013, 11.475341026179091, 11.435832620606124, 11.396677733199146, 11.357833278331974, 11.31930397323781, 11.28117245527986, 11.24330307465167, 11.205772376017363, 11.168570788308216, 11.131678341818846, 11.095103849608579, 11.058708067791583, 11.022876624209859, 10.986986286868337, 10.951666737128134, 10.916683243412775, 10.88184577861376, 10.847409463708372, 10.813141131842483, 10.779254106474916, 10.745625527674159, 10.712317659126791, 10.679248781674243, 10.646468341768616, 10.613930802568166, 10.581643037734045, 10.549567700538839, 10.51796244547049, 10.486590828782726, 10.455342947461371, 10.424458116880409, 10.393779752297785, 10.363420453756747, 10.333247005088678, 10.303359557590836, 10.273723970498228, 10.244329663259121, 10.21522603624298, 10.18623803666823, 10.15767468095921, 10.129235692092944, 10.101047225375954, 10.073113253561074, 10.045417078653667, 10.017967087998992, 9.990754825380831, 9.963630897306627, 9.936930103517412, 9.910339783473018, 9.883992391672578, 9.857887483922191, 9.832049731532848, 9.806278242766627, 9.780835480904999, 9.755528217651811, 9.730474864269242, 9.70552323711395, 9.680778373355725, 9.656341115701638, 9.63207416573279, 9.607947057843957, 9.584063685476277, 9.56035930872397, 9.536905046192162, 9.513547617876768, 9.490409152270777, 9.467475711378718, 9.444653368162717, 9.422027903991031, 9.399655564183227, 9.377458197759383, 9.35538258942974, 9.33349914654701, 9.311831242404478, 9.29026648862116, 9.268957226786258, 9.247832352292239, 9.2268604746913, 9.205986360659407, 9.185299717716985, 9.164829244394555, 9.1444667996825, 9.124287390993818, 9.104295491643335, 9.08448508775684, 9.064884171174793, 9.04532084174361, 9.025992155329114, 9.00677514948213, 8.987743881292893, 8.968773119136209, 8.95011985792844, 8.931500266148246, 8.913045949540539, 8.89481121032588, 8.876670227102107, 8.85866090182026, 8.840856823150945, 7.3344880993785315, 6.99992744782798, 7.030453984465512, 6.78070104786787, 7.126718719299465, 7.01595337166996, 7.12056914015113, 7.086081236294858, 6.927974144350075, 6.951100991025455, 6.794436916437413, 6.735217771494769, 6.7570381278902625, 6.680662563432912, 6.7404979603993675, 6.766482863589558, 6.747948246543563, 6.806436510504711, 6.774897564970383, 6.754569768801809, 6.756911340007725, 6.699620508473675, 6.693394529241328, 6.6835804014577285, 6.660247292587939, 6.683733789774985, 6.679881596643363, 6.6836618655261955, 6.700405781382364, 6.6856909481426365, 6.688254377971345, 6.679903766306088, 6.662689116071743, 6.663843364268953, 6.650923148029249, 6.651726680041036, 6.654552911783116, 6.651256458110759, 6.659160046065316, 6.654608254465112, 6.655308950967679, 6.652155489303539, 6.645472506019801, 6.644792590502029, 6.638318102077355, 6.639400919191657, 6.637468708362317, 6.637728559628989, 6.638652634144103, 6.636493492459056, 6.6369914273646495, 6.633219446978049, 6.632312697693072, 6.629168310212044, 6.627818012564683, 6.626573093576123, 6.625368274511573, 6.625305507709836, 6.623813434726122, 6.623539935649044, 6.6214213704188065, 6.620501969772386, 6.618274431707568, 6.617220227199246, 6.615525780572326, 6.61466688650198, 6.613469908342709, 6.612552459462205, 6.611375488283921, 6.610112557050821, 6.608762020178603, 6.6072889070994165, 6.6059685498210206, 6.604583932226398, 6.6034309570059255, 6.602179440114806, 6.601068346738719, 6.599772506779672, 6.59853940381399, 6.597149303592129, 6.595832872286409, 6.594456046415664, 6.59316875902094, 6.5918725585210804, 6.5906138446236495, 6.589334778025693, 6.588024821895675, 6.5867078769847645, 6.585337599384954, 6.584002481849706, 6.582620367761848, 6.581311817023498, 6.57994887510101, 6.57864338359828, 6.577273061946587, 6.575936207664151, 6.574546417442256, 6.573178730014956, 6.571787538478113, 6.570409414315691, 6.569035853854618, 6.567645004517848, 6.566268653851671, 6.5648632392294894, 6.563468019144285, 6.562050085147348, 6.560635849203166, 6.559215038575808, 6.557797986041862, 6.556376928535027, 6.554944961877291, 6.553516002261502, 6.5520741582443796, 6.550632443026603, 6.54917564403205, 6.547720892610224, 6.546266067649273, 6.5448022683439255, 6.543338631512007, 6.54186537385219, 6.5403887974361306, 6.538907439455801, 6.537419728070852, 6.535930799513491, 6.534435042749209, 6.532936100824116, 6.5314333387952805, 6.5299233517394075, 6.528410032121372, 6.526891176368403, 6.525367359939543, 6.523836501753132, 6.5223069972921985, 6.520770551471883, 6.519225768599739, 6.517679725088288, 6.516128790582124, 6.514574046363535, 6.513013447611715, 6.511446938337603, 6.50987757371719, 6.508303243810101, 6.506723301497114, 6.50513791891006, 6.503547927761063, 6.501953152285309, 6.500353039362502, 6.498748230988512, 6.497138457706364, 6.495523273934404, 6.493903088317518, 6.492277764330871, 6.49064679759347, 6.489010161601517, 6.487367913883352, 6.48572249938642, 6.484068805532115, 6.4824117590203, 6.480752215118628, 6.479084821817884, 6.477412322091934, 6.475738393801862, 6.474047014181261, 6.47235456339229, 6.470659906506541, 6.468961007449068, 6.467259909007385, 6.465548150721273, 6.463823981209877, 6.462098114433428, 6.460371490297831, 6.458631423764103, 6.4568885385542245, 6.4551402810273455, 6.45338206136715, 6.451620897019518, 6.449851454335945, 6.448079336575662, 6.446299666089715, 6.444513716852509, 6.442717852479541, 6.440927780059747, 6.439112747570914, 6.43729489318306, 6.435473653579189, 6.433645594176306, 6.431806803809741, 6.429966766310824, 6.428118960218671, 6.4262657386158475, 6.4243950256417, 6.422522006187663, 6.4206480019298455, 6.418754372630699, 6.416859374499716, 6.414958389638613, 6.413052513109045, 6.4111294058652994, 6.409201656086642, 6.407250198914993, 6.4053157177987705, 6.403360730547828, 6.401396877619067, 6.39942378092812, 6.39744162902318, 6.395450395473163, 6.3934498155894115, 6.391439563136475, 6.389421016050047, 6.387383472384189, 6.385348883333592, 6.383301663577527, 6.381236532240874, 6.379172707715281, 6.377091704724901, 6.374998070928904, 6.372903839404251, 6.3707874555421595, 6.36866888741755, 6.3665266371603675, 6.364379235567032, 6.3622169897710386, 6.360050501491477, 6.357867106034657, 6.355677867794584, 6.353468889453857, 6.351248731488405, 6.349011284123889, 6.346753254968356, 6.344503239233074, 6.342229883839331, 6.339947245728005, 6.337638985195377, 6.335326708324374, 6.332989087163736, 6.33063466806177, 6.328284452482828, 6.325905767778369, 6.32351380478675, 6.321113139365405, 6.318679079802127, 6.316245591457352, 6.313790437146218, 6.311313804446908, 6.308807180332093, 6.306312548786574, 6.30378882243108, 6.301239322338092, 6.29866955679397, 6.296086303326399, 6.293482395608373, 6.290866410554781, 6.288211858539139, 6.285545285081025, 6.28285858008868, 6.280162069454743, 6.277423727644569, 6.274680482491817, 6.271915246144144, 6.2691249278109495, 6.266289595656288, 6.263454643751223, 6.260600099648507, 6.25770383964725, 6.254794256323771, 6.251852466388969, 6.248892562590899, 6.24589760328522, 6.242859859883016, 6.239818231726895, 6.236751924031785, 6.233640493314832, 6.230509905869585, 6.227346928864233, 6.2241509314857515, 6.220925855610232, 6.217678556598466, 6.214392165444053, 6.211063601757396, 6.207718233759772, 6.204324229229408, 6.200908498855495, 6.197452508166943, 6.1939589780605955, 6.190411176916045, 6.186863727587067, 6.183251698504008, 6.1796027184897175, 6.175931694459396, 6.172196540147848, 6.168439126437385, 6.164632440015782, 6.160790954770951, 6.156893069804325, 6.152963420450484, 6.148983157072586, 6.144957639001, 6.140863323251733, 6.136755961625082, 6.132584973209157, 6.128369625519269, 6.124100428195786, 6.119780544002082, 6.115391667392078, 6.110978667411349, 6.106499029654222, 6.101945181900265, 6.097366013826933, 6.0927166343878465, 6.088006402687807, 6.0832377384443115, 6.07840592048478, 6.073516391314664, 6.068556078363801, 6.063543733867306, 6.05845777953698, 6.053300957240151, 6.048093321827571, 6.042804323546338, 6.037450005702407, 6.032011992156566, 6.02652106732325, 6.02094577274386, 6.015296076367415, 6.009566488865608, 6.003762924723162, 5.997882979526096, 5.991916508829692, 5.985874764800069, 5.979744947744593, 5.973530087968714, 5.96722988139023, 5.960847895767966, 5.95436862971483, 5.947804405292456, 5.941148799409934, 5.934397674328599, 5.927559770576894, 5.92061607028007, 5.913584663599383, 5.906448623453963, 5.899209988882089, 5.8918782774675345, 5.884437500339743, 5.876897651348885, 5.86924622948047, 5.861496745706546, 5.85363243871623, 5.845662905687059, 5.837576036371673, 5.829387695814202, 5.821081420715913, 5.812659393206894, 5.804127334516448, 5.795477383553918, 5.786711339025214, 5.777827751299364, 5.768826962231737, 5.759709089062454, 5.750472353412326, 5.741116267543425, 5.731642787436955, 5.722050322524171, 5.712340151755262, 5.702512019455324, 5.692567576405184, 5.682507151933721, 5.672332245790467, 5.662043714722219, 5.651647552215047, 5.641135684765707, 5.630523852173243, 5.619802551790477, 5.608981525310249, 5.598065733198443, 5.587055307227965, 5.575944263684578, 5.564751210027046, 5.553472888448774, 5.542113499134954, 5.530665013574031, 5.519131009526254, 5.507501999363712, 5.495793741977083, 5.484021440364588, 5.472190117251494, 5.4603041111991955, 5.448370611286442, 5.436400417754073, 5.4244018803387695, 5.41238267011721, 5.400350512965902, 5.388313722910298, 5.376283090674786, 5.364269333385403, 5.352281935369273, 5.340330520094223, 5.328424802542038, 5.316574966169257, 5.304791795154932, 5.293085472184606, 5.281465430181482, 5.269941186939402, 5.258522134843388, 5.247217464485377, 5.236036228744035, 5.224987013950436, 5.2140778071236875, 5.203316172310342, 5.192709261381132, 5.182263602203293, 5.171985130625941, 5.161879289096374, 5.151951046097154, 5.142204925908526, 5.132645025388213, 5.123275010989688, 5.114098027541604, 5.105116773503746, 5.096333598256998, 5.087750507236796, 5.079369117629953, 5.071190738177406, 5.063216291631126, 5.05544639958726, 5.047881520618248, 5.040521959285081, 5.0333678529288095, 5.026411651069785, 5.01961676203301, 5.012986213666689, 5.006502134122515, 5.000154116308416, 4.993943831147177, 4.987845186133302, 4.981826109328005, 4.975852450152913, 4.9698742703994085, 4.96390054084522, 4.9578430783295335, 4.951892886575648, 4.946119946148221, 4.940591579397258, 4.935341376724452, 4.930429972860588, 4.925747222344491, 4.921362820540081, 4.917141000556236, 4.913130424161673, 4.909208721397238, 4.905345243125385, 4.901563505412479, 4.897854164334084, 4.894170489082182, 4.890618387077311, 4.887123687505954, 4.883785655068007, 4.880538519346739, 4.877390588866032, 4.874377761129149, 4.871472766661241, 4.868685889167575, 4.866048312974717, 4.863425061526458, 4.860891499412833, 4.858396560679018, 4.8559211746720665, 4.853519132073185, 4.851220981914069, 4.848809698738024, 4.84654520721542, 4.8443574000414955, 4.842174779545214, 4.839998303116156, 4.837993773612418, 4.836117701211514, 4.8341850777039035, 4.832121398710225, 4.83026382142227, 4.828322397203119, 4.826532402255492, 4.824631585994118, 4.822775145080131, 4.820882666776779, 4.819095516718789, 4.817349386614342, 4.815536975223424, 4.813728061335259, 4.811969003905869, 4.810186355961623, 4.808383614654901, 4.8065515720299645, 4.8048494353352975, 4.803086978860982, 4.801385385276254, 4.799574648137065, 4.797831841098991, 4.796061235789332, 4.79435811691177, 4.79252271528733, 4.793520922667496, 5.2055444468073215, 4.780794552344817, 5.110774249997959, 4.9646960749478355, 4.783168305338818, 4.871229314231235, 4.958921575949881, 4.9110882232546045, 4.812033057813745, 4.790566827778162, 4.8625567992672485, 4.885094905428804, 4.821306480351133, 4.7796401507729405, 4.804958539017441, 4.836842142686305, 4.82447650580627, 4.782684516350436, 4.765253746299453, 4.791924354738244, 4.804949784773809, 4.7778470408763685, 4.75767025549553, 4.771579920918044, 4.78551405508445, 4.772352874194289, 4.754622340432658, 4.760053321424271, 4.7713172124477445, 4.762134171783755, 4.748392950013329, 4.751367591596215, 4.75793916567995, 4.751700583427918, 4.742435451676254, 4.744362215394056, 4.748742522909774, 4.743573800136983, 4.73713472115384, 4.738783235928995, 4.740476361072149, 4.735495249965259, 4.731145168859315, 4.7323553162537015, 4.73216457104428, 4.727480284269407, 4.725389396396557, 4.726174759084049, 4.724319816956203, 4.7208294539752, 4.720095923183889, 4.719757658742012, 4.716678078650134, 4.714411011746955, 4.714023944622688, 4.712383603032757, 4.709642765614412, 4.70861864466312, 4.707408926489513, 4.705139777583398, 4.7033937264671195, 4.7023505832265045, 4.700347395882196, 4.698311242780781, 4.697106226190017, 4.695371527422399, 4.693225129476497, 4.691846445124049, 4.690277362323048, 4.688202864050919, 4.686575377019495, 4.685052713261469, 4.683059214230966, 4.681326906687674, 4.679608701466609, 4.677615878687319, 4.675952298362361, 4.674200644971104, 4.6723936769152, 4.670608240555665, 4.668838616966963, 4.666936655666789, 4.664993284406311, 4.663184688227725, 4.66137657413215, 4.659398623890925, 4.657601772624909, 4.655665051625286, 4.653784881638567, 4.651992926624873, 4.649972306342966, 4.648004371062537, 4.646107196364963, 4.64407889541848, 4.642271665632711, 4.640318175586592, 4.638332127272959, 4.636305992221265, 4.634249098844493, 4.63234759404049, 4.630265155294424, 4.62814501015067, 4.626170047793395, 4.62404297072504, 4.62199747561375, 4.61998422558385, 4.617866724831085, 4.615732982007018, 4.613767688983361, 4.611539345539432, 4.6093986688598, 4.607395602664335, 4.605210899852147, 4.602998832380082, 4.600807157896844, 4.598611443069518, 4.596508948771665, 4.594248797041171, 4.592079800146137, 4.589885827465235, 4.587647974888678, 4.585436088518834, 4.583300676254293, 4.581116704412005, 4.5788916850728345, 4.576644986417175, 4.574273474284475, 4.572147135548013, 4.569712179539741, 4.56751287635181, 4.565269980891304, 4.562923572222025, 4.560620976950495, 4.558310083414852, 4.556006863956975, 4.5537873424367605, 4.551459238133574, 4.549123713904784, 4.546721343217991, 4.544337627492064, 4.541917676087154, 4.5395584440101535, 4.5372397612924935, 4.534884510365372, 4.532536290057765, 4.530133512114203, 4.527641408085184, 4.525164037515688, 4.522737238896418, 4.52044968069268, 4.5180144389531485, 4.515473741495921, 4.512961648255007, 4.510514223467694, 4.508135139987375, 4.505702984296826, 4.503133915615482, 4.500568166910682, 4.498134068877732, 4.495591259746444, 4.493174554885548, 4.490664195754488, 4.4881260093507365, 4.48557990930891, 4.483020878573014, 4.4804332548623425, 4.477820540209897, 4.47519366168313, 4.472696892583611, 4.470107523641682, 4.467491929560867, 4.464843863303531, 4.46226986390431, 4.459635593919142, 4.45695823646243, 4.45436770975926, 4.451733296651453, 4.4490279208550625, 4.446400628777969, 4.443762024877674, 4.441118886014803, 4.438467113007069, 4.435802758952014, 4.433125831602117, 4.430445907700965, 4.427733450511239, 4.425020611635298, 4.422294288152006, 4.419557853402872, 4.416695671871678, 4.413934744134784, 4.411231548600204, 4.408539543913476, 4.40580475326903, 4.403007030986168, 4.400158239198031, 4.397281309314367, 4.394543423978965, 4.391573606559744, 4.38877336932437, 4.38603040277712, 4.383203260093812, 4.380339172381142, 4.377410127939582, 4.374751543755586, 4.3722571245235935, 4.36956556276046, 4.367019631787317, 4.363368988333286, 4.361013538502411, 4.358146689954093, 4.354810317586471, 4.352528048417352, 4.34906856940337, 4.346249246416029, 4.343699547533007, 4.340311629286477, 4.337600435251919, 4.334561058098398, 4.331440416408563, 4.328663677582951, 4.325570779514422, 4.3225335159115135, 4.3197143537516745, 4.3165932207232425, 4.313647973547731, 4.3124701449856255, 4.309456646425603, 4.3069704865410605, 4.301947872201321, 4.2996235525710995, 4.297549533857872, 4.2929661754769555, 4.290392745441098, 4.288096307800185, 4.283864085147403, 4.280838813428552, 4.278431510176612, 4.274861728000862, 4.271401727921681, 4.2689149863137805, 4.265626025024596, 4.261807794775662, 4.258996073239517, 4.25608702927405, 4.252450722227622, 4.249128592479142, 4.246369876203894, 4.242994158509262, 4.239634354705592, 4.236203321904554, 4.233299515267434, 4.230502129741861, 4.231716436294369, 4.2325440590745975, 4.239033127933763, 4.227592613881866, 4.2142212086732025, 4.21663754587236, 4.219525747485734, 4.210612348652626, 4.201548037256939, 4.2029667974028175, 4.203577466901156, 4.195021661044934, 4.188532215593177, 4.189304050182559, 4.18758307455005, 4.180676220175006, 4.175608025522333, 4.174809078565158, 4.172863883975098, 4.167347586406023, 4.162220318360328, 4.15991365635742, 4.158175313465288, 4.154138187913733, 4.14893562913975, 4.145272732078123, 4.14317961079451, 4.1400587049774, 4.1359255498676495, 4.131654975262427, 4.12799289177922, 4.125039326903351, 4.122716436793798, 4.131801482602018, 4.146481794907347, 4.169977456139313, 4.149156747676815, 4.125466030767205, 4.101391588201047, 4.113705441942546, 4.122353739411152, 4.0991333269239485, 4.090904729174514, 4.102799066817781, 4.094981118563215, 4.079518450990335, 4.082159669353432, 4.084777785407934, 4.073228342518685, 4.066691392544199, 4.070205979074953, 4.0665892395066905, 4.056379166246509, 4.054744327840573, 4.055746053364325, 4.049102221276289, 4.042161114902653, 4.041080005123195, 4.039724224276551, 4.033826725489238, 4.028074328961044, 4.026035388696005, 4.024205017415879, 4.019354107711059, 4.013713626493227, 4.010286833230597, 4.008184839226122, 4.005016021759174, 4.000316771726047, 3.995239726042368, 3.9918168391113826, 3.9889077393029284, 3.9857674950181603, 3.981614342046555, 3.97724141019175, 3.9726471096620126, 3.9687835480316007, 3.965258050756697, 3.9618558690825108, 3.9584574387169624, 3.9556984250923546, 3.9705543386727857, 4.007048461834766, 4.067679045322936, 4.041785362510928, 3.96320550029192, 3.9371820115436402, 3.9856964044837686, 4.017928244979812, 3.9303151033322723, 3.956431423748582, 3.98721471183034, 3.91656022428764, 3.949464190345195, 3.9558077610048916, 3.9046727727607036, 3.945730389279227, 3.9241640127951514, 3.9007516403279863, 3.9322953027374963, 3.8963830201006817, 3.89941307774057, 3.9079036996547347, 3.8788329720751933, 3.893132669958584, 3.882432699164622, 3.870249282819766, 3.8805150971406834, 3.8633317978267003, 3.8635293441971963, 3.8646774371967827, 3.8503216242007565, 3.854745547545562, 3.849702044506495, 3.8396423687082857, 3.8433125470687943, 3.8361510450784566, 3.8288259047054023, 3.8308805007530053, 3.8237073597125293, 3.817276879244989, 3.818056698707773, 3.81185819566228, 3.8057045383254735, 3.8053661691082294, 3.800347182182742, 3.7939293567557253, 3.7922207525406084, 3.7885337884636923, 3.782109215066201, 3.7810442913447178, 3.7968729876491465, 3.795760495517511, 3.7844179067171195, 3.7630319906249308, 3.7684160574054917, 3.7920934973425546, 3.7634431772315504, 3.749532905954442, 3.7665920801001507, 3.7512424190128795, 3.7355587224415014, 3.744716278361898, 3.7375530906428422, 3.722919129619909, 3.725940367923222, 3.723341229463992, 3.7110403036442063, 3.70872004704256, 3.7084174646988304, 3.698985808632756, 3.6933597711553996, 3.693012176295, 3.6865757673391624, 3.6790363425841064, 3.677123487943672, 3.673260572396235, 3.6652971853365117, 3.6609097674148003, 3.6579626193908066, 3.651373962052388, 3.645280627252072, 3.6418199076625886, 3.6388772179130355, 3.643676221378436, 3.639533577370752, 3.6398898158209434, 3.621961942575683, 3.6114586942539186, 3.6062992312570143, 3.604816580473415, 3.598782036107539, 3.590137768456788, 3.585838798908697, 3.5826971690631386, 3.5754908490763855, 3.567968257729648, 3.563389514078585, 3.5587856777754343, 3.552236120457893, 3.5448038891002933, 3.539217005183652, 3.53402930420889, 3.527397914427753, 3.520194327767713, 3.5137039770420233, 3.5078256983300062, 3.501505518491246, 3.494138642576617, 3.486595369078326, 3.479417469111412, 3.474327945922735, 3.4769396636906293, 3.48549701003888, 3.5737771428165455, 3.583836667705235, 3.5793542598818906, 3.4384080264075454, 3.5543764037817613, 3.7169163161355385, 3.4127369698867027, 3.690532309667035, 3.628928636410531, 3.446362225876653, 3.699079642790601, 3.3868932961604785, 3.5623742034391253, 3.3871297212873213, 3.442038714264703, 3.457820567924418, 3.380016930274262, 3.461447363296949, 3.3387323354733742, 3.481714383231506, 3.31606165522516, 3.497045076595792, 3.2939765614520455, 3.4183085881682955, 3.2859027262654035, 3.3425255562178418, 3.2759445842422563, 3.2883127081389336, 3.2613988871176347, 3.235259825485063, 3.250149526986712, 3.2193790376021623, 3.2185964650767533, 3.2233813042577832, 3.1914300153734065, 3.2020627071806413, 3.189539111609682, 3.1691000112009777, 3.178485454301975, 3.163483437969025, 3.1460855635968956, 3.1532391421921857, 3.133362466409585, 3.128633982572144, 3.1294292750650268, 3.1112601411160385, 3.1081355391978374, 3.105127751697332, 3.0902505995512097, 3.087819611745303, 3.0812587956456223, 3.06977111280785, 4.314943512699614, 3.4350308513117724, 4.06911323298448, 3.6148809207546133, 3.100669934782984, 3.66347267128957, 3.7194711356069727, 3.2139405868210047, 3.1128835260411303, 3.33519168741512, 3.4629972336100376, 3.394144183659696, 3.2700544616596043, 3.2106505692677754, 3.215134164749229, 3.240075004879475, 3.1700520840960977, 3.07873314510495, 3.124385969576167, 3.2111151018997375, 3.2060595716570757, 3.118783232581208, 3.0808111896226817, 3.0968081559973584, 3.0847453477489326, 3.0653284856949714, 3.0888731344000844, 3.111648855990055, 3.1089552179580284, 3.076783914160613, 3.03673019145712, 3.0469844338626713, 3.0672543540980444, 3.048712913196252, 3.0426673249541456, 3.0579537098764744, 3.0365258271970363, 3.0167330925315614, 3.03227182051287, 3.036515845246409, 3.0207638553433145, 3.0208973605603693, 3.0226180192021217, 3.0102262521575303, 3.005467557171708, 3.015656940984989, 3.008714834418464, 2.998849816183781, 3.0020793195774527, 2.998816494690782, 2.99369818112625, 2.996453466404883, 2.992195371767402, 2.9847571677000713, 2.9866009923753656, 2.985009348922556, 2.9804932142929754, 2.980095081504938, 2.9761049274987696, 2.9736248667737013, 2.974175320391575, 2.9705823991442384, 2.9675189588902664, 2.9664757752438864, 2.963055935626672, 2.962000328038445, 2.96012038701607, 2.956310568833807, 2.9556190704348126, 2.9533551358933052, 2.9509600871135047, 2.949339236382352, 2.946353461309405, 2.9452063265305997, 2.9430647178991904, 2.940405632796197, 2.939162993180019, 2.9368191351501305, 2.934735340308677, 2.932695073278703, 2.930710593511361, 2.9288878647072254, 2.926574914314573, 2.9247757884513876, 2.9228743915643984, 2.920692820077454, 2.918973418759846, 2.9168056213355844, 2.9151152795274102, 2.9129326129894633, 2.9112816660716927, 2.9093912529825974, 2.9073341205288044, 2.9055646612061476, 2.9034171918605876, 2.9017018035703313, 2.8998141052485384, 2.897990140239374, 2.8960229799877757, 2.8942006073283606, 2.892356527398182, 2.8904900009477292, 2.888636797694119, 2.886782266761674, 2.884938138557508, 2.8830904353997635, 2.8812154458256454, 2.879425236787907, 2.8777105496980364, 2.8757390228764823, 2.8740300701326222, 2.8721799744128544, 2.870435849561887, 2.8686673971457224, 2.8667718263804103, 2.8650751320995593, 2.8633051175679025, 2.8614021284092224, 2.8597161696541904, 2.857905231557545, 2.856126717250256, 2.8544579825171565, 2.8527155366704586, 2.8509091960267394, 2.849237047087, 2.847496220769867, 2.8457342666044907, 2.8439247657820528, 2.8421758380337, 2.840444698118589, 2.8386638971797895, 2.8371102761305225, 2.835418928501198, 2.833698459834735, 2.8319485892345564, 2.830337126985846, 2.8285928146000217, 2.8269879014278563, 2.8252788568383593, 2.823498855537786, 2.821945521699109, 2.820169696036979, 2.818638699487997, 2.8169762970135226, 2.8153100147483996, 2.8137209463204673, 2.8118828931061772, 2.8104309900604822, 2.808688468896402, 2.807156363382157, 2.8055898766919185, 2.8039394193595304, 2.802266954841933, 2.800705703352114, 2.7990977966904524, 2.7975261391043955, 2.795856332519181, 2.794337272328278, 2.7927098679235374, 2.7912366356364364, 2.7894872253468765, 2.788058933074079, 2.7865866864989464, 2.784928231578965, 2.7832681097210354, 2.7818520655588563, 2.7803759550385823, 2.77866032398276, 2.777176546632484, 2.7757862782850804, 2.7742404441653266, 2.7727553233184947, 2.7712376866523423, 2.7696255027815098, 2.768188478697363, 2.766694697783152, 2.7652800608151336, 2.7637782877621664, 2.7622743198845217, 2.7606647714471877, 2.759239810938226, 2.7577390276966236, 2.7564086706651447, 2.7549368711869677, 2.7535670956081146, 2.752045649983316, 2.7505618126451377, 2.7492290143990625, 2.747818373075475, 2.746362445973961, 2.74495549370202, 2.7434671678167075, 2.7421064846051997, 2.740656423060624, 2.7392444311298303, 2.737775470555773, 2.73657830795598, 2.7351103033084057, 2.7337796933152805, 2.732348283357494, 2.730871465185164, 2.7294999052883333, 2.7282838184934795, 2.7269070371163724, 2.7254849784426836, 2.724197907230746, 2.722771198515341, 2.7214003482711964, 2.7200021549863016, 2.718834196082642, 2.717508195274993, 2.716140241116036, 2.7148288519712933, 2.7136399463055985, 2.7126543075853387, 2.711419665321554, 2.7103640699762463, 2.70864054541832, 2.707051453841641, 2.7056256674896644, 2.7044968141486447, 2.7035607523157235, 2.7025689115269738, 2.701324588643212, 2.6997209331920478, 2.6981745503654966, 2.6968746083082267, 2.695659697162097, 2.6948345804929277, 2.6938888912783283, 2.6927060523784943, 2.6912480856816146, 2.6895036483907555, 2.6881680448597547, 2.6869487647652024, 2.685881094897614, 2.685525605019379, 2.6848826658615876, 2.68268619009832, 2.6810344658820595, 2.6799187076112867, 2.6787900149302852, 2.6783122714618908, 2.6781748802740073, 2.675156128996923, 2.6735533122495707, 2.6733065772339777, 2.673418876676598, 2.674405097671699, 2.668856227263437, 2.676211073136339, 2.6929197594447687, 2.6764402870292185, 2.694743702582713, 2.7237737658929397, 2.6952655235850433, 2.7016506252483095, 2.6677452622937596, 2.694592328288376, 2.667225856741565, 2.68549563083495, 2.6637597932108945, 2.679748880513244, 2.6595251289023163, 2.66876835059672, 2.657011921215847, 2.665554450090686, 2.6508807557897858, 2.674257205923868, 2.7611373744286443, 2.705768964837036, 2.7421143488939035, 2.811531195039748, 2.751687052596145, 2.7200636897151904, 2.8580242230500104, 3.079496494043697, 2.9594676693532347, 2.830004658920785, 3.0512799367674166, 2.790302575397509, 3.175683139432058, 2.708216984087834, 2.949238450786764, 2.8964787325765133, 2.69187937216593, 2.8514607658258555, 2.7884171185548534, 2.700872434367372, 2.8096283815578755, 2.6861353148603344, 2.790599035086224, 2.7584841753530496, 2.668942606393927, 2.7906444767412206, 2.6838165198936617, 2.8140430127809086, 2.7186705143580037, 2.6812973247807577, 2.8973061832402824, 2.7709707020924754, 3.037794914211216, 2.7383076796922277, 2.816404437263981, 3.057522872738488, 2.7504817557018657, 3.2363429166187347, 2.8052534859541947, 2.795502221693607, 3.057981186335364, 2.672798877240164, 2.9062528929703006, 2.938190607771764, 2.6727611441959107, 2.8244764883481244, 2.9512656417400276, 2.6768188411141236, 2.8734176138560645, 2.909872468945706, 2.6743417013981126, 2.750311022708701, 2.921387117651989, 2.677057023221223, 2.960233776704665, 2.908405854420931, 2.675673464330766, 2.780068196943717, 2.7660441262959323, 2.653994788310241, 2.8043126799990885, 2.7700612862508716, 2.6522613746941284, 2.7153283946564106, 2.809843748851636, 2.6401896530788123, 2.8130090016090903, 2.7820917345919085, 2.647986010079604, 2.7161787439692024, 2.821821420000569, 2.6502580847609596, 2.8728891804573973, 2.772715094860108, 2.661380269007928, 2.7584360373388357, 2.745525284235411, 2.6461383818770083, 2.804141876603086, 2.7186207321848004, 2.640375787754623, 2.7331869520410055, 2.7390853029881064, 2.624252629193826, 2.7660930682861187, 2.719479630000993, 2.622738637231571, 2.6969107333577793, 2.6897404108790597, 2.615419418022806, 2.7131769602033398, 2.68465765740362, 2.6128317166094304, 2.6623397052936544, 2.652586815561323, 2.6085227201514893, 2.657672021235961, 2.651204338286671, 2.606776288011842, 2.6296551347494836, 2.6559251515550253, 2.605219585832411, 2.6706113926546724, 2.6488007176194697, 2.602878743016259, 2.635017127133928, 2.6124335185045817, 2.6006347626091713, 2.617832449870839, 2.6112726312282195, 2.5985056439199283, 2.609257490056535, 2.6059740374607845, 2.598701729153065, 2.60098350111411, 2.598913273953656, 2.5977158902766644, 2.6000241762208707, 2.5911034546708005, 2.5924408420171403, 2.591369314668649, 2.5893514438326446, 2.5858743416762415, 2.59103208023042, 2.583729656881037, 2.584982008616807, 2.584125544543711, 2.5851613656603942, 2.5854910807727958, 2.5870779106856805, 2.5807127935428325, 2.5823537294409813, 2.5866195019895, 2.5869240364697603, 2.580907271846024, 2.5846999550961276, 2.5771924305149763, 2.580066184050921, 2.5803440062813974, 2.5759511559088035, 2.5783561974171962, 2.575510857820682, 2.576159025713945, 2.574887401526551, 2.5735140075433964, 2.571919101323586, 2.57214295483624, 2.5708525474120423, 2.5702488911597112, 2.568840437094371, 2.5686982349420338, 2.568051751885189, 2.567383325607898, 2.566938985679149, 2.5662560224876656, 2.56562813357136, 2.5649748955422234, 2.564457970924075, 2.5641207104587043, 2.563055607513783, 2.5631122451251316, 2.562584498188371, 2.5616160004132666, 2.5620079738921078, 2.5610252067221753, 2.5603855097894015, 2.5602489557345405, 2.559136728996142, 2.5584514160990057, 2.5583554918238076, 2.5575466602773584, 2.5565990952028597, 2.5572606485373055, 2.5579468616565895, 2.5551394466233517, 2.5614420044388946, 2.566553956072781, 2.576438703705153, 2.5615225228117384, 2.5547646868950276, 2.5650407882988357, 2.563928992493047, 2.5858042993248866, 2.5612221111340143, 2.5614894300491393, 2.6022425284291657, 2.5721310716797507, 2.627632675615295, 2.5744168614306053, 2.582720956043047, 2.637264653844998, 2.5848565902739677, 2.656445076290832, 2.5925296652192107, 2.6052752720607333, 2.6021238586959243, 2.5835900442028956, 2.591325898902212, 2.577192960051092, 2.579458542372923, 2.5798178319388687, 2.5632166905266307, 2.5802118639409253, 2.5645460290274866, 2.5584777902636415, 2.576741842229269, 2.548775719371223, 2.5651235485045056, 2.564686455782585, 2.5454010008990178, 2.564793588966807, 2.5486455895311626, 2.549147058686451, 2.5548482431196207, 2.5411228289522247, 2.5516478301007437, 2.543639129796569, 2.5424809415993974, 2.546979849560019, 2.538260843439926, 2.5442978544449777, 2.5392083097190867, 2.538873302103239, 2.5400322173278256, 2.5365800990706813, 2.5380954102081175, 2.536031299824267, 2.5360222209406804, 2.5347515890167283, 2.5347047381672083, 2.533533269352199, 8.566347946236826, 2.9262590973361267, 6.672662601994268, 6.915890381792107, 3.74253355610893, 3.324526512711768, 3.491662035627655, 4.145520676855306, 4.568723168210554, 4.102936257784581, 3.2526210194520386, 2.67188452392797, 2.649584569295494, 3.1037490222335165, 3.5523736279393607, 3.2168230876448947, 2.819113249616844, 2.605212387821745, 2.7015698693408168, 2.9293060851731543, 3.0786220131473545, 3.0491935303013533, 2.893406046718125, 2.7308353434995074, 2.648683965062973, 2.679658596750597, 2.7896640453655044, 2.861048438309044, 2.8231922895698993, 2.719449044451792, 2.642386798456626, 2.6399424738146666, 2.692612136424017, 2.742077961613034, 2.7442786839982563, 2.6989854441846264, 2.6441084879578205, 2.618245243550733, 2.6330805914772952, 2.6651408959367444, 2.6778544538057827, 2.6569852555933084, 2.6219873216549114, 2.601826279409453, 2.606302600829324, 2.622118766428672, 2.6275942965132657, 2.6154726640981774, 2.594723652634509, 2.5826308459082656, 2.5857614148292627, 2.593933444155478, 2.592419549411838, 2.5806744996698727, 2.569668500577921, 2.567995229689506, 2.5702716165881183, 2.5709620949700693, 2.5666746093033526, 2.559801137371174, 2.5560312067219284, 2.5563098434953706, 2.5561581124704373, 2.5541103958597833, 2.550587408822009, 2.547229250553559, 2.5461390668282813, 2.5470562855198993, 2.546658648413507, 2.5433540418990144, 2.540511193534407, 2.541024348371828, 2.5419262542828593, 2.540568789228267, 2.5378878520622026, 2.5368699975372633, 2.5373839806082796, 2.5377399434156094, 2.536054186140397, 2.534534626895965, 2.534416498276585, 2.534841142461755, 2.5341822251669552, 2.5330046525951144, 2.5324553167787514, 2.532634223612469, 2.532488200829759, 2.5316971910147235, 2.5311378774748916, 2.530983825339281, 2.530936404734484, 2.5304531016718057, 2.5299938306693246, 2.52967839118379, 2.5296037841253436, 2.5292283563057443, 2.528950825638113, 2.528749359180113, 2.528592206109307, 2.5283881819959615, 2.5279420644943325, 2.5276862231705866, 2.5276780244270416, 2.5274745519731816, 2.527136526642026, 2.5269227538160832, 2.526812242642394, 2.5265479481381736, 2.5263255764955654, 2.5261153171943054, 2.5259581428208935, 2.5257561850422277, 2.525494593856984, 2.525292067122595, 2.5251296829171364, 2.524933983423007, 2.524706824785418, 2.524509044412629, 2.524354441451303, 2.524162036540555, 2.523951462051368, 2.523758603776485, 2.5235756570303916, 2.5233732932290134, 2.523162186563762, 2.522968068131085, 2.5228069776075865, 2.522613377187884, 2.522407163154101, 2.522169652962221, 2.521838452561872, 2.5217296058117005, 2.5215638240873908, 2.521299703895806, 2.5211570059002444, 2.5209630184675094, 2.5207584756110624, 2.52056742984386, 2.5202973130007966, 2.520076591235514, 2.519904932029737, 2.5196724652833056, 2.519526119337384, 2.519299886977325, 2.5190563177298775, 2.5187632673086324, 2.518612605890843, 2.5183924799616664, 2.5181507093727276, 2.517927671154043, 2.5176680379258727, 2.5174769661538066, 2.5173364001028222, 2.517161099704678, 2.5169507041467907, 2.516730428537619, 2.5164998225861352, 2.5162337660147642, 2.516074267504168, 2.515788038297937, 2.515595187404824, 2.5152580571991106, 2.5149970562719193, 2.514932391218194, 2.51473358047254, 2.5145136884544894, 2.514165999656319, 2.5139255361177906, 2.5137292374161184, 2.5134665761693977, 2.5132949587396562, 2.513078668672872, 2.5128147700391406, 2.5126216540183384, 2.512415755335705, 2.5121959591769745, 2.5119604809639484, 2.511724560143397, 2.511486435682204, 2.5112430636816274, 2.5109948156748256, 2.510743387063867, 2.5105668985580296, 2.510334279363495, 2.5101000232021042, 2.5098641325521758, 2.5096193689322486, 2.509498933879003, 2.5090340863620515, 2.508924683314779, 2.508717908610889, 2.508553458023604, 2.508215922631882, 2.5079178647790594, 2.5077629248513147, 2.5074823386496585, 2.507360673684387, 2.506932353522529, 2.506666933364809, 2.506556799827638, 2.506330642382399, 2.5060992231478596, 2.5058545036014728, 2.5054827248205753, 2.505392875068251, 2.5051332458399687, 2.5047250278560735, 2.5045339796161583, 2.5042941020225076, 2.5039914144993203, 2.503723296948165, 2.5035694488841167, 2.503395585631338, 2.503194724315688, 2.5029840623394084, 2.5026203336034154, 2.5023950293197212, 2.502130838091838, 2.5019665685784584, 2.501718789601125, 2.5013959036192652, 2.501223079653799, 2.5009721210692537, 2.500732653581562, 2.5004704131301936, 2.500105062180552, 2.4999283699940205, 2.499681949169396, 2.4994785820531713, 2.4992123212618345, 2.4988744049936655, 2.4986154961729095, 2.498337133820088, 2.4981316672407874, 2.4978500008520426, 2.497609422096144, 2.4973606123145307, 2.4970537651132174, 2.496930319374546, 2.4966376132332964, 2.4963930659197873, 2.496156664134314, 2.4958433992981686, 2.495550110711525, 2.4951505468980546, 2.4949559274537596, 2.494656977112935, 2.4945198637157686, 2.4942156442355388, 2.494008350452156, 2.493748096654614, 2.493466966447987, 2.493241622599801, 2.4928959598700016, 2.492708501147247, 2.4924442152919237, 2.492160638655867, 2.4918880828044307, 2.491569796258976, 2.4913497455092086, 2.4911968564848426, 2.490930157495365, 2.490670858506008, 2.490404752696143, 2.4900610702066803, 2.48975916790594, 2.4895714214871787, 2.4892490760919297, 2.4889703707770328, 2.4887862481986462, 2.4883687673623727, 2.488201186103405, 2.488001268202602, 2.4875729904329247, 2.487300907308566, 2.4870081310780843, 2.4867904954169338, 2.4865306714279054, 2.4862289386113403, 2.4860415272727163, 2.485651102844713, 2.485533060072422, 2.485217306560194, 2.4847456268167227, 2.484484963253772, 2.484361959420823, 2.483954214389216, 2.483677601047972, 2.4835711925550603, 2.4831339069715095, 2.4828434318169745, 2.4825964700246264, 2.4824353705748066, 2.4821628356482632, 2.481880872870112, 2.4816710692246002, 2.481318484074963, 2.4810584726474185, 2.4808993218391895, 2.4806495802051005, 2.4803353554017518, 2.4801188483214593, 2.4796335732966224, 2.4794411154053266, 2.4791191145416502, 2.4789158328488097, 2.478620809763465, 2.478363227010479, 2.4780506976567023, 2.4778111343562514, 2.4775465090319635, 2.477279596161893, 2.4770045354958623, 2.476702871260995, 2.476508025920353, 2.476562344932796, 2.476221843903956, 2.475915223835608, 2.475440827024987, 2.475256008998004, 2.474777637239131, 2.4745116754118532, 2.4742095803818525, 2.474105914332303, 2.4738930193269164, 2.4735560794844194, 2.473216366660267, 2.4730936008951168, 2.4728261775199702, 2.472289620349034, 2.4720869519043798, 2.4717433140495904, 2.471364187092281, 2.471270425159713, 2.4709952737079255, 2.470563631732101, 2.470425250073613, 2.4701790888976185, 2.469859451710261, 2.4697752180527903, 2.469417795645251, 2.469176081173861, 2.4688487375849544, 2.468468291476275, 2.4682089819074964, 2.4680236892263485, 2.467714800069584, 2.4673783522909924, 2.4670399629289146, 2.46672065743636, 2.4666457519944163, 2.4662782767633007, 2.4659790895344744, 2.4658570578047825, 2.465539118696107, 2.4651961403647054, 2.4649367475805137, 2.464601421798271, 2.4643235019286567, 2.464070572306783, 2.4637982662405014, 2.4634176358066875, 2.463035020893875, 2.4628739275911142, 2.462427263348415, 2.4624251783814852, 2.462018608070554, 2.4616325166649538, 2.4615758655128706, 2.4612034909242757, 2.4608041764607154, 2.460623164499393, 2.4603395019403007, 2.4599795762230077, 2.459854908824393, 2.4594070980342253, 2.4590899995112174, 2.4589986644010566, 2.458676582122616, 2.458177751414307, 2.4581449765473162, 2.457861668476551, 2.4574295398793606, 2.4572519556442805, 2.456981515989487, 2.456423763149736, 2.45644992382516, 2.4560823861889314, 2.455560114324901, 2.4555672718476926, 2.4550609065240736, 2.454746978277615, 2.4547393508734907, 2.4543550185334664, 2.453910486182275, 2.453933652788876, 2.4535529200194164, 2.4530273515729344, 2.4530010077150894, 2.452675923808803, 2.4521507905943305, 2.452201339806594, 2.4517384659786132, 2.451254204631927, 2.4513801131397095, 2.4508553120434513, 2.450357457705546, 2.450410418670623, 2.4499907182822325, 2.4494772854727556, 2.4496845403977483, 2.4491466125044, 2.44860552778694, 2.4487693603009006, 2.448293144170776, 2.4477532094591807, 2.448027387384678, 2.447465383087731, 2.4468672646126275, 2.447108750882545, 2.4465822303961575, 2.4459346933410084, 2.4461635329459033, 2.4457121200108483, 2.4450455025463453, 2.4454256102934853, 2.4447789137399774, 2.4442106014730824, 2.4446556879860593, 2.4439868169986863, 2.443178799156478, 2.4438434696003966, 2.4432200446110794, 2.4424973693553724, 2.44297130488128, 2.4422215588023506, 2.441571164785036, 2.4422601422943804, 2.441525363526162, 2.44068741015461, 2.4413782928801737, 2.4407168739108047, 2.439809509216337, 2.4407430599816347, 2.4398596955659486, 2.439004733296406, 2.439915919512235, 2.4389259130444043, 2.437994544324255, 2.4392063278629723, 2.438160147213625, 2.437208335040222, 2.438437711507088, 2.4373199033170425, 2.4362738809248827, 2.4378017818114297, 2.436562449806526, 2.435316097573169, 2.4370354867022694, 2.4356817529351953, 2.4344897235610143, 2.436322590219216, 2.4347869956732615, 2.433690374140892, 2.435563719487065, 2.4339491883712157, 2.4327547830832517, 2.4346082451028477, 2.4331750544854454, 2.4318454535433096, 2.4339715213924444, 2.4323803260400014, 2.4309731589673897, 2.4333172740015776, 2.431582359317522, 2.430042105154156, 2.4326719342853593, 2.430704896927111, 2.4292248011508177, 2.4319352008536654, 2.429928401049369, 2.4282996849561567, 2.4311285733276287, 2.4291166422514063, 2.427393880116742, 2.430596466794536, 2.4282668001188776, 2.426496142680899, 2.4299581021877135, 2.427457794027869, 2.425566965755125, 2.4292039463244164, 2.4267423215533217, 2.424664644287344, 2.428529845966064, 2.4259026536136203, 2.423767503730129, 2.4280699490750335, 2.4250640254501246, 2.4228326373141993, 8.569767734164076, 3.9929671537100777, 4.866645895509006, 3.5933385443395776, 2.503215798680364, 3.1844468513379285, 3.7762889728764453, 3.7086947725017696, 3.0380244310215136, 2.5083095713427324, 2.7284023954287226, 3.1195296306278264, 3.1475430140634852, 2.8624800491849833, 2.6448022504108564, 2.7150342986486184, 2.9075881152603333, 2.8993360376457176, 2.695026317260511, 2.5603457512509107, 2.615998817592254, 2.7553878428549137, 2.8003866210035424, 2.707904496344821, 2.590164385290518, 2.566420431319697, 2.6337871184479904, 2.6867635309639817, 2.652827200300331, 2.585360127053663, 2.5653408190822815, 2.593208647874208, 2.608696707337217, 2.5790015623276847, 2.532127622309017, 2.5175144432850414, 2.5422499952849367, 2.557877406031872, 2.5307489022139857, 2.4942845877177358, 2.4865997757960323, 2.4993038002631915, 2.502040435224275, 2.484125531855256, 2.469648784950184, 2.4704392851340056, 2.4685676629511106, 2.4591523077043367, 2.4629952733904896, 2.448629931584757, 2.4463063121697832, 2.454039290873324, 2.4546057662478544, 2.4446683177427637, 2.4329692544072987, 2.447045183306349, 2.445963773463839, 2.4296042587834346, 2.4373648399670076, 2.440067377126581, 2.43204350967615, 2.432311818108356, 2.434577306537896, 2.4284736069888506, 2.4322868814201843, 2.4288889472114437, 2.4256511113212045, 2.4304262373304963, 2.4258863171409177, 2.4238608166395053, 2.426775830637499, 2.4237445656790393, 2.424232976076331, 2.4237030133191366, 2.4224647968063118, 2.424405754662996, 2.4211435666960153, 2.4223025911875897, 2.4222864994167295, 2.4202551459509043, 2.421491259513228, 2.4200767756057577, 2.419726107539623, 2.4198029411144524, 2.41939641619193, 2.4190375672268045, 2.4189235812220047, 2.418934451868379, 2.4185792665457675, 2.4181976037307766, 2.4182157571776326, 2.4180075705497015, 2.417509521573941, 2.417480728092097, 2.4175375462624595, 2.416904401837869, 2.416954788883827, 2.416831352978103, 2.4165468978943436, 2.416251988912307, 2.416127414413099, 2.4160220852382697, 2.4159594895518857, 2.4156426810679417, 2.4154730101995865, 2.4152188556541705, 2.415000701879666, 2.4149783029177807, 2.4148064039357577, 2.414603036106624, 2.4142927930961187, 2.4142145532736174, 2.4140345472700595, 2.4138380512057016, 2.4134511668663694, 2.4134051606606253, 2.413242819500586, 2.4130253722572665, 2.412844150788021, 2.412636877535027, 2.412424194047843, 2.4120825768867933, 2.4119180596054473, 2.4117065472841492, 2.411472277259881, 2.4112685155586977, 2.411128876532887, 2.410874439818718, 2.4106563709315085, 2.410414804464867, 2.410192613855234, 2.4100051036856027, 2.4098703623814144, 2.409676542458194, 2.4094310077239656, 2.40921284748907, 2.4090758620559525, 2.4088092409111423, 2.408625873235687, 2.4084717513478475, 2.4083457313692658, 2.4083396711136316, 2.4079590026780058, 2.4079539652901527, 2.407538307776159, 2.4072754639619705, 2.4071962636047117, 2.4068440713858688, 2.406576417091067, 2.406386771635368, 2.4060909950219904, 2.405791142438954, 2.4056625818707307, 2.4055313450061053, 2.405130032938013, 2.405180448570596, 2.4048348273692177, 2.4045670770116288, 2.4044792575412246, 2.404165021759985, 2.4038900180738723, 2.403811962381147, 2.4034615225152764, 2.4032651225315793, 2.4030183349409096, 2.402775960706945, 2.4025820050180187, 2.4023563854458403, 2.402025530677214, 2.401835715843412, 2.4016260755719987, 2.401398087643594, 2.401575147230835, 2.4009881309081735, 2.401556641451347, 2.4020437668094106, 2.400719603395038, 2.4028212995388176, 2.4012299165386195, 2.400757919045008, 2.401690851873002, 2.3998453773878654, 2.3998184863356005, 2.399926851503925, 2.3991063286532235, 2.398725586481154, 2.399136802233851, 2.398816625601035, 2.398024578731085, 2.39907501720436, 2.398645792925305, 2.397584073387375, 2.3991674621455297, 2.397902941771144, 2.3972215991313246, 2.3984371585642097, 2.3969469399932306, 2.396472250583723, 2.39722743905545, 2.396219425733698, 2.395596861384939, 2.3965977791163726, 2.395794493760716, 2.3948336310671063, 2.3962993275434523, 2.39548824416445, 2.39423583794828, 2.3963544936817653, 2.395084974686409, 2.3938162421367335, 2.396304594008744, 2.394418786023502, 2.3932512201066385, 2.39561713072613, 2.393733810044891, 2.3925261751933267, 2.395165467671381, 2.393203064678045, 2.3917111576590036, 2.394763312301216, 2.3928328163617887, 2.3909613960982914, 2.3946663302223032, 2.3924404307834197, 2.390413162888143, 2.3945362178092067, 2.3917044317454312, 2.3898873334043227, 2.393952452704895, 2.3909630069840984, 2.389178901795246, 2.3932829867487375, 2.3904561795390626, 2.3883541485655964, 2.392884779172196, 2.390055110443243, 2.3875589841697993, 2.392961547264063, 2.3895282694614277, 2.38690410054898, 2.392720155293299, 2.388748913430397, 2.386270169325594, 2.392144360998326, 2.388144544999696, 2.3854747807704544, 2.391618109153052, 2.3877355161832887, 2.3846453493007984, 2.3915220657246716, 2.387254806083732, 2.383943342955931, 2.391268462705067, 2.386696656665078, 2.3832403126235953, 2.391074735924573, 2.3861349446993247, 2.3825004565035712, 2.3908146231643346, 2.3855414010942577, 2.3816363367210034, 2.390341228982163, 2.385062155106177, 2.380791289831704, 2.39027849680702, 2.3847367752347717, 2.380024521997005, 2.39004469660131, 2.38425156508773, 2.379269029942333, 2.3897875956233094, 2.3836772466051475, 2.378466010780208, 2.3894567918667593, 2.3831782084101616, 2.3776825230796637, 2.3891153994702816, 2.382908421030943, 2.376798951470821, 2.3888702877575083, 2.382692755091436, 2.375891056468186, 2.388748610468527, 2.382284770614935, 2.3750848381657037, 2.388394771223534, 2.3817755616278844, 2.374269158018928, 2.38822667064871, 2.38129250872688, 2.373445655926353, 2.3876544300279763, 2.3810547108217937, 2.3725211237304418, 2.3873840490153437, 2.3807610824427017, 2.3715916913198414, 2.3869284679120018, 2.3809537881366154, 2.37082701951668, 2.3867212770736614, 2.3809903364440297, 2.3699452446299194, 2.3863323405248704, 2.380809932212548, 2.3690329892921804, 2.386075119503099, 2.3807540309209188, 2.36808003013756, 2.3856606202740127, 2.3808204804747066, 2.367289660747714, 2.385102970558258, 2.381002102306004, 2.3664045613893148, 2.3844595728330154, 2.3813818071437294, 2.3655412639746283, 2.3836936989209243, 2.3820053282479194, 2.364776006336798, 2.383073155251981, 2.3827631291944447, 2.364037910643793, 2.382198703934932, 2.3837822455279762, 2.3633496766190145, 2.381566048992432, 2.3847715772395284, 2.3627228091297594, 2.3806249594499516, 2.3863021467609657, 2.362178762465824, 2.3796036053327754, 2.3876152526762833, 2.36172875245902, 2.3747374047295295, 2.3920453431472755, 2.3647995246008198, 2.3605183941024404, 2.3660273175474518, 2.362732948764549, 2.3608791709489796, 2.3588033305577194, 2.360596608884511, 2.3657306877842474, 2.360370093710408, 2.3580561005499763, 2.3578328301728475, 2.3586732074940655, 2.360095316710702, 2.357166562370494, 2.3567654552977713, 2.3583286494114875, 2.3568199968473755, 2.3555218662267294, 2.356376315087952, 2.3562047733592455, 2.3547449626178225, 2.3545570989139466, 2.355105988761508, 2.3543564070592766, 2.3534183396831225, 2.3535612335709657, 2.353569096588682, 2.3526404404397785, 2.3522408115927815, 2.352474184167234, 2.3521240560494565, 2.3514339753879736, 2.351002309801034, 2.35105000124177, 2.3507605179982893, 2.3501585869050303, 2.349781431988887, 2.3496181441701594, 2.349488976318334, 2.3489788209416407, 2.348614943178035, 2.348368734566323, 2.348168085134996, 2.3477757565306105, 2.347305951635304, 2.34710128323914, 2.34684995284638, 2.346595276626723, 2.346235306626355, 2.3457585522732898, 2.345420294028253, 2.345241958984728, 2.3449274323556653, 2.3446349379764513, 2.3443036446405, 2.344013349106891, 2.3437208637812206, 2.343384009053623, 2.343158075182091, 2.3427185803298722, 2.342476385658092, 2.3421537138681843, 2.3418505930243603, 2.341466553658732, 2.341236302238876, 2.340787604271705, 2.340623708318411, 2.3402079313981505, 2.339780870749995, 2.3395703476893583, 2.339180141066244, 2.3390090338020104, 2.3385743496188898, 2.338358165397, 2.3380295156137287, 2.3378070326454066, 2.337401398704842, 2.337206345490282, 2.337035724969917, 2.338393191277893, 2.3609267486967984, 2.398911692710102, 2.346546319656468, 2.447225443643656, 2.5445181605278506, 2.5477972161556206, 2.3649430895014785, 2.564334362523745, 2.5877294522476872, 2.780695576987355, 2.5072087180166993, 2.603745679438767, 2.5811978116151315, 2.483510915141936, 2.697481643457672, 2.6563400673303748, 2.5171863167713173, 2.4121864854161212, 2.5718179855648455, 2.515555223858676, 2.555964808005099, 2.626136494050543, 2.515567792974739, 2.4301585752365966, 2.6163020667329677, 2.4765640504268975, 2.4530806505032143, 2.5460383709480148, 2.431469762483643, 2.4389124877580244, 2.5393922226422245, 2.394685541686602, 2.4706100590853057, 2.473169759497107, 2.378861414185243, 2.4661812524567415, 2.407110749847223, 2.390054686340028, 2.410660885515409, 2.351618032115775, 2.424451712412713, 2.4200402204117997, 2.4349052734280323, 2.463464890861338, 2.3612642390739436, 2.59494705016846, 2.3854301488617193, 2.4999712934798186, 2.4197754636824174, 2.395438930938138, 2.36176275764681, 2.4112765013478548, 2.406143106131966, 2.3873906906805846, 2.398135002270419, 2.345713174127138, 2.3582469857653963, 2.3503732389682956, 2.3458215782719276, 2.3781743058076286, 2.3631341023961543, 2.386315456672491, 2.3388844115844365, 2.4139868938292564, 2.413699741997454, 2.4104840626403896, 2.382267211130217, 2.3906382325408218, 2.427086589039863, 2.445150552351674, 2.4159554062161157, 2.4344375075753337, 2.3925520214089264, 2.351419770243308, 2.3709670510022636, 2.3372724814072465, 2.4230940977920614, 2.3712531908017254, 2.3974623917104347, 2.352813594047498, 2.4114239461414235, 2.436666091892421, 9.53880242578917, 3.1878049156627175, 4.26680383296754, 3.382645354488887, 2.921840292494292, 2.462824683144323, 2.492583996979098, 2.7530462398308355, 2.840680617260443, 2.76827069029318, 2.6710271690395415, 2.645019809692519, 2.668816365322142, 2.644501324077417, 2.5358458014790615, 2.432401993380808, 2.484356566718738, 2.60041954157342, 2.5369872198662122, 2.4524864699568245, 2.4523255619335256, 2.4814672719669497, 2.515817927808158, 2.531732425032703, 2.5174921388405878, 2.482109010903022, 2.4467608068923603, 2.427368672846268, 2.4320030562906534, 2.4689246497285184, 2.429188446592174, 2.4046235627240375, 2.424382223225747, 2.436179464804619, 2.4241934932715186, 2.4066735453951775, 2.398661228852223, 2.395975174963422, 2.3915521875225223, 2.386703172149548, 2.366257449742754, 2.380845001709641, 2.3845512833655658, 2.3653845754664315, 2.353446123348393, 2.3621942087887238, 2.368836584019258, 2.349704564378763, 2.348808063783362, 2.3560288928985105, 2.3492516113706774, 2.3430072779107785, 2.340989763708281, 2.339918313633481, 2.345814245774015, 2.3404899274765856, 2.332654625353686, 2.342340663339414, 2.3343991644402635, 2.337622521174104, 2.3351780537533475, 2.331947398828024, 2.336725957205548, 2.3292128920819546, 2.3316465791014283, 2.329718277380998, 2.332266291742472, 2.3278761392764737, 2.331576696972704, 2.3296575381738007, 2.329033565915938, 2.3280422393661384, 2.328118801345691, 2.3272490865095423, 2.3264413650676583, 2.3263441301766714, 2.3263058318989867, 2.3245542198021316, 2.3257142776365303, 2.324562452816124, 2.325137910536743, 2.3228932706202423, 2.3254647987795467, 2.322804127144899, 2.324911009892688, 2.321936278415022, 2.325412854274381, 2.321883640608407, 2.3252283179394975, 2.3214151215931023, 2.3256837924592735, 2.3216848485378283, 2.3254546455140694, 2.3206198549637445, 2.3258759322167055, 2.3211232536224093, 2.3256029209872566, 2.3204945173711082, 2.3262873974740987, 2.320946609145122, 2.32564683450183, 2.320295078751588, 2.3265424657611025, 2.320654359719662, 2.325901798387495, 2.3198156442426563, 2.326897863313529, 2.3202917465408563, 2.326202035649766, 2.3196389661965795, 2.32744991797703, 2.32003378002358, 2.3268858512677224, 2.3195854066012824, 2.328182893270452, 2.319614870727576, 2.3277195376931004, 2.319549814393082, 2.3292307322631762, 2.319298301932572, 2.328706592635037, 2.320047521712505, 2.3321169103182893, 2.319556245500132, 2.331087782587703, 2.322129921396599, 2.333397748798818, 2.3208989599741483, 2.33182442439627, 2.3242636146883338, 2.331892286673313, 2.3216889112321515, 2.330560675192042, 2.323994853670975, 2.3312466510915972, 2.3207368542484086, 2.3305905453262996, 2.3229330696577972, 2.332427354901117, 2.3193560343600303, 2.332231321123784, 2.3226220556516255, 2.33406816992815, 2.318811676746212, 2.3337251215160566, 2.3237152263072236, 2.3344902914061203, 2.318893447494829, 2.3342032217925897, 2.324293952571765, 2.3338986238683757, 2.3187705769984515, 2.334003541431459, 2.3242741569690764, 2.3337367951747656, 2.318104838351801, 2.334156843619155, 2.3238099781883323, 2.3342390671053037, 2.3170452455143806, 2.334966190198685, 2.3235149242929753, 2.3353092284114103, 2.3163219059157503, 2.335870911138528, 2.3237345576190847, 2.335741880109001, 2.315755531959408, 2.3365826406722974, 2.3242752610435917, 2.3354841506582735, 2.31555081228974, 2.3365918445428475, 2.323944835942146, 2.335398984693996, 2.3147921311968953, 2.336799338818752, 2.3234662820850143, 2.3361290002834285, 2.3138280225205095, 2.337375522833392, 2.32332988020534, 2.3368921693561813, 2.3130420982003197, 2.338127374700288, 2.3233271737721566, 2.337237532391589, 2.3124204293278385, 2.3384965678802034, 2.3230129789793676, 2.3375049129869425, 2.311802574366664, 2.3389239965433615, 2.3228129320137767, 2.3378753766039435, 2.3110665702687982, 2.3392889571100133, 2.3226579457570926, 2.338220303685175, 2.3103396002897987, 2.339533737945965, 2.322661098373938, 2.338364469447803, 2.3095481226435615, 2.3397112640156355, 2.32226094869296, 2.3386489729988473, 2.3086393107377217, 2.339944851655135, 2.321707479789552, 2.339393071797538, 2.3074536524182974, 2.3406145890580365, 2.321138088462868, 2.3406161965231402, 2.3064850143615185, 2.3409021787521618, 2.321026355418136, 2.3411731202843424, 2.3057496209884216, 2.341381602528719, 2.320651563028621, 2.341414483068007, 2.3049701426256672, 2.3417050626043423, 2.3200908630295776, 2.342025860492647, 2.304112511309742, 2.3421063708995224, 2.3198820389814383, 2.342661735336748, 2.3032020269286786, 2.3424070019274605, 2.319609874211257, 2.3431207936779246, 2.3023780542792265, 2.342453702414666, 2.319210533151342, 2.343123637141481, 2.301545545726177, 2.342510104624384, 2.318655054374661, 2.3436266996072384, 2.3005868998705696, 2.342594379204925, 2.317782307550978, 2.3447104583280307, 2.299734699760522, 2.342772614784174, 2.316591127940944, 2.3465419505058787, 2.2985904449039953, 2.343088554264742, 2.31540119200473, 2.348729263677635, 2.297482165539418, 2.3438943550482954, 2.3150250387098334, 2.3494990406395755, 2.2967123427761815, 2.3439621135647126, 2.314482166841704, 2.3500140436348618, 2.2960224714056072, 2.3439090385578734, 2.3135922655126224, 2.3507130911705363, 2.2951615718560827, 2.343757586407343, 2.3121540455466287, 2.3527099174656114, 2.294231052581913, 2.3441527567962264, 2.3114495130074313, 2.3543026220501515, 2.2932042369217407, 2.344018233430275, 2.3106026285019245, 2.355284404342139, 2.292267069917463, 2.3442510838571273, 2.309276514289472, 2.3567072602392702, 2.2914821120066007, 2.3348562412340503, 2.2989965718142886, 2.357822938597296, 2.2946762024631524, 2.3181514267688788, 2.2922974634487643, 2.3027613729364793, 2.3041219357695715, 2.293209319797359, 2.3206942462753504, 2.2946225922667662, 2.2973368044284332, 2.3046654851099255, 2.2884775941752027, 2.297401608679501, 2.296419065592788, 2.2882183973338757, 2.299677509386212, 2.2928057259290524, 2.288714474663902, 2.298478083183019, 2.290337069574359, 2.2886783934326287, 2.2960264958315015, 2.2898884941985815, 2.287350032474397, 2.294403789047033, 2.2909920401678074, 2.2859757744014644, 2.293870562418694, 2.292990984449287, 2.285104786466712, 2.294168359766169, 2.295266087503076, 2.284299943709684, 2.2952844043435054, 2.2973082140684724, 2.2838754395374656, 2.2961908730330864, 2.297599928563837, 2.283165996637992, 2.2968992055339905, 2.297033566032441, 2.282498770815835, 2.2968029169728945, 2.29629643607396, 2.2818900568088036, 2.2960970264082707, 2.296009950613324, 2.281246220321249, 2.294931941360076, 2.2969419894093934, 2.2807295627757367, 2.2920775149347588, 2.3003727585222906, 2.282271989913161, 2.281089160262487, 2.293857425403152, 2.2882004813213896, 2.279699685374861, 2.2813455249870565, 2.285219252989913, 2.284845438671743, 2.2786533057274427, 2.2824876810396457, 2.29461667781447, 2.2857244209481453, 2.2778869823730634, 2.2796866462766925, 2.2833065296579678, 2.284034445895607, 2.277432285748132, 2.276571344296442, 2.277676461355497, 2.277148041050486, 2.277674217267082, 2.2759177269312825, 2.2756715568926436, 2.2764232669160878, 2.2756230634238377, 2.275744122053683, 2.274679832431102, 2.274475515768003, 2.274769955262289, 2.2742999308284797, 2.273581335690957, 2.2735840309922377, 2.273592253857517, 2.274375039945723, 2.2734933318516806, 2.274531168467553, 2.2736076948593866, 2.2754703194975514, 2.2749148505610814, 2.276724366105404, 2.2749646189653685, 2.276641354059724, 2.2745940832880382, 2.2764246401717916, 2.274633758899736, 2.2770428125870708, 2.2753828030895886, 2.277593147420225, 2.275326762663987, 2.2771046056420245, 2.274585722616759, 2.2765663785379795, 2.274706566448337, 2.277137240637107, 2.2754700131403838, 2.2775635160768988, 2.2748794389583953, 2.276378107378515, 2.274124868732984, 2.276720416483467, 2.275293848194954, 2.277440690261196, 2.275442396650704, 2.276934442942473, 2.2745893041072645, 2.2762386004290587, 2.2744110219284157, 2.2767184842320822, 2.2751955794097345, 2.2767424881921587, 2.274843970469794, 2.2763727822520554, 2.2742764847943984, 2.275807618395586, 2.274450751629133, 2.276482359339949, 2.275283805356715, 2.2755308163977315, 2.2737418119112545, 2.2757013802377695, 2.274799753600476, 2.2754113773443225, 2.2736231841660466, 2.2754786295758493, 2.2742835910807173, 2.2747989481348587, 2.2739440243339315, 2.2757830898113003, 2.274606515759469, 2.2736588819898285, 2.2718828081627884, 2.2750500377129557, 2.275560874498003, 2.272564127474665, 2.2697023797551985, 2.27366675161298, 2.2759119330910464, 2.2720823844832356, 2.269070998979066, 2.273108413457851, 2.276110507862766, 2.2711279148637735, 2.2679469094355564, 2.272505766567117, 2.276322974479951, 2.2701457941114973, 2.26638454845557, 2.271265058680601, 2.276463174862094, 2.269456722460823, 2.2653094017648043, 2.270279098703222, 2.2759714397042106, 2.269136193991273, 2.265456736250951, 2.2707845724744775, 2.277340390704852, 2.266579610741306, 2.260933225184939, 2.263729395150983, 2.269443892980106, 2.2780519186993957, 2.2870393052793108, 2.258514737952774, 2.2553926160372533, 2.2787657187414934, 2.2968209522802523, 2.3004778105911297, 2.258709200475216, 2.4172260314329437, 2.4321475773441077, 2.508217344013488, 2.3398412713919723, 2.634049568503519, 2.479348550529325, 2.576045599288856, 2.5472662801220114, 2.2811853226475103, 2.8378627747199587, 2.5984571469715947, 2.6569685086397037, 2.881386124046452, 2.5750018066513856, 2.5303213732524235, 2.4716927452810435, 2.41848187336794, 2.4238873419095093, 2.5474142151468016, 2.5811868018658295, 2.5170835247610914, 2.3994714780282753, 2.4033925174755195, 2.4076143771164022, 2.3765837243386554, 2.363640797348587, 2.3986735213206294, 2.330013120032661, 2.3270805608212295, 2.381181231345535, 2.3237713255919616, 2.3767347817669293, 6.299968574195486, 10.509683163753316, 4.536103416222236, 3.0964439154628307, 6.288074661901694, 7.434256339291391, 5.974994010913758, 3.8312703114316915, 2.599290489601078, 2.9242060951496267, 3.840464401011796, 4.167870708691378, 3.4762927515274, 2.8539226781267577, 2.7278845266432334, 2.8973508732389193, 2.9666287197577863, 3.116386217496803, 3.1527368971791927, 3.0428327010993086, 2.8732560661939575, 2.75597946828478, 2.7551326078821385, 2.8552477267609504, 2.9681236987047526, 2.9975494683248645, 2.91629932564944, 2.782336848547404, 2.6804627223115296, 2.652147528623981, 2.6806182539346946, 2.7174249189792956, 2.7235777516010704, 2.688607121093855, 2.630114356892617, 2.575190532441979, 2.5594085151262, 2.583581098608731, 2.5980051301738483, 2.5640898987964706, 2.502645867461559, 2.4630130759010544, 2.464230352702286, 2.483845341375476, 2.484142109340838, 2.4521293147985013, 2.4092233291952057, 2.3881650189292167, 2.3972017888055457, 2.4081456274230795, 2.3939632631435184, 2.366973964169069, 2.3527462983172196, 2.354583866920692, 2.3589602121413322, 2.352410240470546, 2.338221655266514, 2.3310988054287125, 2.331226110893987, 2.3297709363673356, 2.332065672354709, 2.3134436757815102, 2.3159555853510643, 2.3219171827391203, 2.3175591998468836, 2.30664755465312, 2.3075260151290484, 2.3050123765864226, 2.304865329931107, 2.300579173912173, 2.296600885198365, 2.299726526574717, 2.296523124238781, 2.2942681830458116, 2.2911066119469212, 2.2933262702314225, 2.2893774739321846, 2.2874347866519225, 2.285034705310059, 2.2871848074307093, 2.2850538529015485, 2.283918700736492, 2.2801337548585896, 2.2825084120518446, 2.279825044613494, 2.2790323927428564, 2.2763056905916503, 2.27566630286023, 2.277346988065837, 2.27563413077436, 2.2744106835880724, 2.2707374691296773, 2.2716254092375365, 2.2693073544753544, 2.2710594868951492, 2.2680594087429125, 2.267849312913862, 2.2674779966930108, 2.2655212234129576, 2.2654146000244557, 2.264756524219373, 2.263921998148378, 2.2636937406941606, 2.2627588457161836, 2.262948712871831, 2.2625815708584436, 2.261811291834635, 2.2627382764619437, 2.2614242675115457, 2.260961867693376, 2.2615135340870904, 2.2599316709319024, 2.259489546256902, 2.259986317129678, 2.259133825631606, 2.2582639149979973, 2.25968653962472, 2.25855826302636, 2.257590227846662, 2.259376072364969, 2.2573068289665605, 2.256929689256175, 2.258417674460835, 2.2565929926332284, 2.25606136788991, 2.2575102984261637, 2.256026096830951, 2.2552157321891095, 2.2570972184396267, 2.2553035423313146, 2.2544255238907365, 2.2566856936956894, 2.2547826321288706, 2.2540241157284755, 2.256251294364371, 2.254351134132954, 2.253345565826134, 2.2552512801666706, 2.2541316088616123, 2.2527203903241104, 2.2525325392392754, 2.2524598774358187, 2.25311419576813, 2.2537631370515814, 2.251782594896611, 2.251957046049969, 2.2530499614922515, 2.2523116169169772, 2.2517911980157845, 2.2511352475512605, 2.2509028867584253, 2.251517955168736, 2.2526330965760546, 2.25088567900986, 2.250349518199052, 2.2504414758154323, 2.250958877860754, 2.2504379865169866, 2.2509996928226066, 2.2496864308419138, 2.249477347851923, 2.2496318957272745, 2.2508638751773615, 2.2500422803092524, 2.2498504591162924, 2.2490486371170038, 2.2490948258613814, 2.2490607695106823, 2.250320081518712, 2.2491462068496237, 2.249146745476607, 2.2481683604775906, 2.248288989625228, 2.2482545644604897, 2.2496568586853707, 2.248284548476173, 2.248374723758381, 2.247268553198536, 2.2476304782488077, 2.2473348874750525, 2.24869924981918, 2.2475461253080824, 2.247881877185532, 2.246510488976205, 2.246881378263504, 2.2464324050653417, 2.247672434568586, 2.2466941005469767, 2.2474726906887534, 2.2458793988720522, 2.24623514700723, 2.2455552331294273, 2.246618506797935, 2.245671663517898, 2.2468795683193252, 2.2453867361638227, 2.2459839763717535, 2.244724652805562, 2.245705454974797, 2.244894677128962, 2.2460268332732407, 2.2448451046391766, 2.2456265483776305, 2.2442776777501137, 2.2451451702542466, 2.243950830407883, 2.2450180999996316, 2.2439948463231087, 2.245321370836659, 2.2437396917487065, 2.2448881522041337, 2.2433986261373264, 2.2445017896074746, 2.243031339658732, 2.244585845894748, 2.243207905300244, 2.2446012669300877, 2.2428584304279364, 2.2440888743057847, 2.2430029916660796, 2.2443369370346344, 2.243165047095661, 2.244385944097915, 2.2428798057645434, 2.2438700986705395, 2.242384350110811, 2.2437284082977293, 2.242449554531835, 2.243953185385882, 2.242425735037007, 2.2437208142727503, 2.2421842375570535, 2.2435731503110494, 2.24186442617379, 2.2433654435233494, 2.2418054153235194, 2.24338704726761, 2.241721583465421, 2.2432564843207485, 2.2415462360704774, 2.243071955529302, 2.241439098345056, 2.243078050508614, 2.241390367081219, 2.2429447730214798, 2.2413134919566464, 2.242835867134039, 2.241217100118395, 2.242779473674723, 2.2412029619852287, 2.2426640153573123, 2.2411411500512504, 2.2425614523124895, 2.2407320351815816, 2.2422715932378225, 2.240655404143244, 2.2423225452842015, 2.240984347574888, 2.2422943493750704, 2.240576244704862, 2.2419945608443217, 2.240399841103677, 2.24197100358079, 2.240735922179262, 2.2421057789248, 2.240667453086891, 2.241966643425899, 2.24030574601943, 2.2417243280449255, 2.2403505338516827, 2.241966606613908, 2.241169006137944, 2.2419665054843794, 2.2408616318649193, 2.2417302578517675, 2.240759952681239, 2.241764060097776, 2.2408105488379664, 2.2414904366341735, 2.240387197426289, 2.241451142852972, 2.2411625654620106, 2.2415186621180707, 2.2402839238079206, 2.240977005155439, 2.2401911651305397, 2.2413038804083385, 2.2409098414745947, 2.241045793521518, 2.239901357973927, 2.240763238217694, 2.2406367677655763, 2.2407862110185586, 2.240196099173284, 2.2403781420964424, 2.239766726288347, 2.2405832883257086, 2.2406509270133417, 2.2401755939431376, 2.2398597979204045, 2.240387214633262, 2.241420620730957, 2.2399136589484656, 2.239025650232708, 2.239852379651691, 2.2415747305044484, 2.2400276835333637, 2.2391145143783606, 2.239459567907579, 2.2408241252451733, 2.2400623555328028, 2.241012819910085, 2.238621942761486, 2.238572141510474, 2.2401183499168784, 2.2428565567694076, 2.237081074075458, 2.2343928087030775, 2.238651438198695, 2.245202495136516, 2.2359519223818176, 2.2312696418871276, 2.2356981518247228, 2.243582366950247, 2.2395105920219507, 2.238420451529146, 2.2373733235831765, 2.239909919766541, 2.2395746790166053, 2.2421426112110097, 2.2342906374939044, 2.23197001331434, 2.238222132682168, 2.2487888992201337, 2.23009774938747, 2.2241118258427353, 2.2262179677382203, 2.2496933536958874, 2.2779881382605294, 2.2333926150723293, 2.422068377312059, 2.4090775655290013, 2.526245058695966, 2.386230435150947, 2.3541978740268394, 2.240195271356392, 2.245981572078715, 2.2644296469607625, 2.249883987037119, 2.238096310340309, 2.317192012263934, 2.3071149392237094, 2.3428246265921864, 2.2540447774578856, 2.480657912612635, 2.4005403394698654, 2.4749003663566436, 2.4569597437903536, 2.263109622528557, 2.6932907687419405, 2.600589123688115, 2.5756705500662718, 2.7589287087334626, 2.5916181212840717, 2.2979119176811076, 2.653569699418252, 2.4993316424780656, 2.323994790371422, 2.5668601025872606, 2.427257828188555, 2.304653254924953, 2.478712193612964, 2.460080941533797, 2.3486335315468434, 2.5094187850960608, 2.5506910838687764, 2.4772090633208506, 2.3550097211352967, 2.3559484469514165, 2.3149252559162417, 2.338802467151596, 2.364913654299515, 2.3723115808163646, 2.3011173009489783, 2.3224337757373523, 2.3557580438833767, 2.2788084677963694, 2.303906740829899, 2.3199313650857123, 2.262013907667777, 2.325982130280393, 2.2418906675624948, 2.2610812064569625, 2.2604032401510947, 2.2508573953655304, 2.2611662294043264, 2.238664586910701, 2.2399943896347496, 2.254165275552064, 2.2558760757522225, 2.242245879547375, 2.3068782270286152, 2.2782349003413747, 2.3064050912560257, 2.225275147220717, 2.4392682976472724, 2.3575287669316167, 2.4736611438710074, 2.415632914695887, 2.2322879266368534, 2.7363298213541993, 2.4987120555729985, 2.61743091495315, 2.760720749470479, 2.5746927137025906, 2.3394273579377107, 2.496789018916546, 2.3273165163002085, 2.2837971492061353, 2.389772497287353, 2.3558223511780882, 2.283971174932646, 2.3267201764878305, 2.3461080825988785, 2.308925833586326, 2.375198172663403, 2.398257112821598, 2.3245910999391226, 2.273429448629734, 2.4502623980672804, 2.347516315699196, 2.3479767879699374, 2.4162751873874773, 2.3499429355075003, 2.253559185318985, 2.437791919622433, 2.3736097090625106, 2.316900735477859, 2.441814333923162, 2.2961108307559255, 2.2917739003416036, 2.3961312376021837, 2.2601782400981563, 2.3488962997406206, 2.347929499368658, 2.242063268824017, 2.35754889086123, 2.2898586590080714, 2.272566224517193, 2.331347766592732, 2.231088463344098, 2.3153987931965863, 2.275543086199161, 2.2748664992323318, 2.3269544080654296, 2.2676935228278063, 2.2559530154558156, 2.2527412367866533, 2.2508179274221947, 2.2747685671049562, 2.236789417506674, 2.257765895446516, 2.311042413159966, 2.249435285041855, 2.307798680125812, 2.2306192900713824, 2.2832403161967445, 2.278644523420963, 2.25740385258265, 2.2858660342039068, 2.23475206318703, 2.3251705660828974, 2.283536424916963, 2.2857792711016645, 2.2740918703428403, 2.298385381989675, 2.332153477129133, 2.25718538616294, 2.289945864026257, 2.2583092085966117, 2.3275580548851718, 2.262249999923714, 2.2923536921620578, 2.2483083860329502, 2.2502551222363283, 2.2442103321874782, 2.2198141738306263, 2.247869827394682, 2.2276565637198558, 2.246673398953629, 2.2541439631099083, 2.2282765388659564, 2.270316431458691, 2.2466887707702643, 2.2612276224968237, 2.254157492221287, 2.2292624067327136, 2.2297617872050397, 2.2324197135887722, 2.2256706694629376, 5.823693733603526, 7.5976744417178, 5.630506937975718, 9.360865452383168, 5.002498346564327, 4.695905924493053, 3.0002707306441128, 5.963487465840618, 2.970078514786618, 3.0541106832165097, 3.6656540663290937, 3.992732349689814, 3.744332301614911, 3.11813663022259, 2.5665754386300095, 2.4642518022202187, 2.766381653383374, 2.922897696910472, 2.8299279616335116, 2.8604951884190863, 2.506209069465351, 2.365198045583288, 2.458461507227343, 2.5720446719309447, 2.658099872945512, 2.703554353114166, 2.710410529819942, 2.6893410661981463, 2.6481439980874493, 2.5920547344332654, 2.5250385044035664, 2.45443743310409, 2.4030696157680387, 2.4193034141560124, 2.5706543402716346, 2.4517495165516974, 2.4065831628169367, 2.4380450088472703, 2.4468874385907813, 2.435309664419984, 2.4295877980102936, 2.4318345203681173, 2.421357633644176, 2.385010066449102, 2.3395878452178547, 2.320752037928356, 2.341348461047495, 2.357247166875227, 2.3487950548762986, 2.305616516578393, 2.281845107309185, 2.2957074551376575, 2.3112410621953297, 2.297876597917466, 2.2699249530132857, 2.2605969482068016, 2.2690772033971767, 2.2755740820742254, 2.255489095521505, 2.2435995279441827, 2.2496996117881576, 2.254946633171515, 2.2464081063519803, 2.2364810325377715, 2.2368328675003237, 2.24389878859382, 2.236064181158355, 2.228672868724918, 2.2332064403359477, 2.234790526475558, 2.2301187645393723, 2.22768130289364, 2.230205842887875, 2.2323311452506833, 2.2247895148435295, 2.226888995784515, 2.2277578329727254, 2.2248562354058325, 2.223021480418124, 2.225183548255764, 2.224181623367485, 2.2218326659910805, 2.222585409809586, 2.2230426977107465, 2.2212503696896544, 2.220279056427886, 2.2209970299034665, 2.2199855482963815, 2.2189758904388324, 2.219203199329364, 2.218802112198802, 2.2184050651102862, 2.218315174428803, 2.217484103848189, 2.2182511518893304, 2.2181071599700393, 2.2163747634549065, 2.219955345114121, 2.2165327760164093, 2.2162955908748287, 2.2185400216457274, 2.2150403549433944, 2.2150775366272164, 2.217309578883319, 2.2146030246050916, 2.2140289681086487, 2.21643977489762, 2.2146150745860806, 2.2128939010706428, 2.2175414008977388, 2.213997287531465, 2.2128888808906835, 2.2171096392562237, 2.21307972963887, 2.2122559525763665, 2.216414911187449, 2.212502757445006, 2.21172175979079, 2.2153349004804403, 2.2124370763647576, 2.21075017898233, 2.2160213581313064, 2.2124530943542684, 2.2107934796638564, 2.215900613439297, 2.2122759560021916, 2.210319535146799, 2.216238844501464, 2.211590338786252, 2.2101235153788648, 2.2153572653119147, 2.211449764054643, 2.2094492255036515, 2.2153943603929416, 2.2114410883573052, 2.209013596819854, 2.2150571221773565, 2.2115415112500956, 2.208613818709045, 2.215521638535611, 2.2115031593606918, 2.2080677258683625, 2.2157367621283766, 2.2116499484228918, 2.2077675100073977, 2.215555158728735, 2.211625588133937, 2.2073291962403387, 2.2157262845578716, 2.211802375163166, 2.2067113398283853, 2.215854066485716, 2.2121274429708646, 2.2062208530030216, 2.215707514964667, 2.212632059920216, 2.2058257162773462, 2.2157214405575885, 2.21377522890914, 2.2053101836431996, 2.2155500372737587, 2.2152345981540003, 2.2050873070580757, 2.209072738570765, 2.214622371068261, 2.2075971290942915, 2.2045388951794695, 2.205708462941974, 2.2063506533221644, 2.2071570310722506, 2.205027087791597, 2.2045504103561644, 2.203830787990624, 2.2037428096068252, 2.203622815075526, 2.204278683488642, 2.2043815592672895, 2.206039507128058, 2.205044221953089, 2.204769042973929, 2.2032792963936396, 2.2033013261013625, 2.202890495213953, 2.204092554880511, 2.204186573093417, 2.205313789597467, 2.2040719721111337, 2.203956195156552, 2.2028034683573328, 2.20314541179425, 2.2028820659614863, 2.2043341095828537, 2.2040407953548886, 2.205706753467698, 2.204431131577551, 2.2051373613675787, 2.203425938347499, 2.204210352735903, 2.203242385507971, 2.2048881269124876, 2.2043160304332825, 2.205794872801836, 2.204390669724745, 2.2049840674239785, 2.2033932074011062, 2.204806382460226, 2.204153514593856, 2.2057518367403985, 2.20467107581526, 2.205299717645078, 2.2035244819418582, 2.2048255723471275, 2.204085726680098, 2.2057540194469363, 2.205020597050739, 2.2055220395591473, 2.203842188003954, 2.2049178847847246, 2.2042662114501534, 2.205804215158885, 2.205322738302915, 2.2055697436221426, 2.2042696409065616, 2.205211505716973, 2.204925403482144, 2.2056620746599, 2.205490601626165, 2.2054570438417036, 2.205006018314776, 2.2053229866060406, 2.205651825238829, 2.2055830623746377, 2.2055745846391073, 2.205494450452112, 2.205445903181954, 2.2055732480814694, 2.2060691069085863, 2.205532744972646, 2.2056369567053298, 2.2053402337945354, 2.205938005338399, 2.2055920382607166, 2.206428418586543, 2.2053652966450423, 2.205837460615316, 2.2053739912694565, 2.206617218138859, 2.2052251019546727, 2.206158554206218, 2.205145041386165, 2.2068345654826618, 2.205324656968006, 2.2067905933558327, 2.204847422855434, 2.2062121655132496, 2.2052330357323258, 2.2076939028012124, 2.2046515099297834, 2.2055952276841406, 2.205039877459483, 2.208691846262515, 2.204404043664465, 2.2049701616396633, 2.204669704722084, 2.2092282822917757, 2.204472637048022, 2.204838395318483, 2.204213586451652, 2.209111651424372, 2.204981563392096, 2.20633236807725, 2.2032396180006124, 2.206137493473581, 2.206290101605276, 2.2121566300551705, 2.1988230209342, 2.1942885042289415, 2.1998802650392393, 2.2138925223780306, 2.203690803221936, 2.200352307192866, 2.2032160287730544, 2.2143863448609378, 2.2031362610372462, 2.200309392023558, 2.2026725291710294, 2.2159357223092333, 2.2061839086724095, 2.205837185880331, 2.1981165572421193, 2.203260592579458, 2.214859749018946, 2.235834994121657, 2.194326669676195, 2.356737315128531, 2.398408747552446, 2.4804025448088, 2.3722338694329577, 2.2971467492432267, 2.2744005744989084, 2.1903224778596044, 2.2386936773419395, 2.2010657533056373, 2.259163901922163, 2.208060472992998, 2.213703962544222, 2.202822228302282, 2.233422595321269, 2.2971004249225673, 2.2384537024570816, 2.287498051645983, 2.211169985977621, 2.2433011359580224, 2.2896815147149323, 2.276190133629614, 2.331579590916542, 2.2393867258161033, 2.3861448552068, 2.343052177325319, 2.3552009851837017, 2.3358764353465493, 2.274550749962086, 2.2650934298511873, 2.2069668865283862, 2.281398963702958, 2.294303019926664, 2.3238412388537384, 2.2480021967234864, 2.4175275877801594, 2.2746620590435356, 2.378808843158542, 2.3251074074022466, 2.2034111731831754, 2.547317919612177, 2.4604129138682174, 2.564833667216989, 2.650218254251149, 2.503037712496921, 2.236583047096329, 2.752225522812788, 2.6369541151688995, 2.444687301762609, 2.7156233772809584, 2.6534197128425503, 2.339461222755317, 2.421346419940265, 2.812014473868636, 2.3594940951476477, 2.4740232289852524, 2.6287718393655797, 2.641794185615967, 2.5086092121583294, 2.388919968816819, 2.3145507980875895, 2.8462975127965, 2.3625594081699166, 2.488476091842825, 2.5806833801818683, 2.6371392259880655, 2.551243691812945, 2.392246821409838, 2.306588444945789, 2.6417370647630194, 2.3830124494371088, 2.3511075196273454, 2.436114488926195, 2.473112782725243, 2.3370142377397074, 2.288195155481702, 2.3938740320599345, 2.301938570432161, 2.2565858828138112, 2.334079413012819, 2.2864103582793467, 2.236839899590283, 2.289373633843674, 2.236781431229784, 2.2292957042053234, 2.2623018597805857, 2.2188722705993897, 2.2245920303399362, 2.2592147086569967, 2.2448462334142705, 2.286410357389501, 2.2577474278054996, 2.2193104311361647, 2.253866592554943, 2.201722928451899, 2.2396422324846537, 2.225454529236101, 2.2036319963410502, 2.2179936908907143, 2.194696314814932, 2.2152016481630565, 2.193896020032456, 2.2077736985065, 2.2046947738469225, 2.218590038178678, 2.2177156587335873, 2.216421931939915, 2.232689292394568, 2.19188662855353, 2.257631561955271, 2.242281919840183, 2.269911864560111, 2.1916712785420205, 2.35944415522583, 2.302921372620076, 2.3895983463596853, 2.3431871476673383, 2.212155759031437, 2.5485557765423423, 2.5013638626398462, 2.4746707717741967, 2.6377313679153667, 2.46224570489815, 2.2692834909780455, 2.5223936915762883, 2.338886857763249, 2.285506870106007, 2.439165814459682, 2.29508299708159, 2.2890344079190745, 2.3420295833099094, 2.2412280907303628, 2.2651005267767874, 2.299197491193062, 2.2525509648195468, 2.2553721115350744, 2.2769437053086667, 2.2399075229194967, 2.2563569093056075, 2.2627623088965723, 2.219414156763826, 2.2487359223542955, 2.282788141802478, 2.2255498593361382, 2.2706924581539623, 2.226279421290645, 2.292098913558713, 2.2296690311333354, 2.2628599820909456, 2.2332512636208626, 2.22635448817842, 2.2119493605213023, 2.2714790755819947, 2.269106620054505, 2.3379483977574727, 2.2818307453499487, 2.2014963586294933, 2.242254169951741, 2.29937255831497, 2.29418049076839, 2.2762397203868883, 2.2602483069114014, 2.332588770815642, 2.204721943554929, 2.298788205429585, 2.2116468629401984, 2.266967896741432, 2.2240202828749713, 2.2058628847225905, 2.223024684872465, 2.1898217569951033, 2.256233909262794, 2.2644832612596506, 2.258403308096145, 2.25743030458837, 2.242460012459526, 2.331369846812511, 2.2115234289289316, 2.288656651517715, 2.208515665446453, 2.254557157699476, 2.2356382843567904, 2.2118760664290877, 2.2444660746295733, 2.1987680528375466, 2.2577747834013073, 2.271362986114912, 2.238257352982105, 2.2578787528508046, 2.245560589625888, 2.3729807674545955, 2.2419998869015005, 2.305267472973632, 2.300109204961085, 2.3551732035163835, 2.2865806321319724, 2.292503504541608, 2.321759411391326, 2.2400951197958174, 2.2842042811453527, 2.2138140043864882, 2.301726594467698, 2.2464985843810408, 2.3343610704236024, 2.223200913567642, 2.3249962007148284, 2.2068964956719483, 8.413170250030308, 6.192686333676127, 8.168207481992665, 6.075826928652338, 6.631179688436509, 7.294782755135184, 7.028674308879116, 6.326385439110107, 6.066100388576141, 6.487409919310051, 6.754212752417924, 6.405727000697743, 6.069385874819279, 6.127123795998863, 6.363739773897128, 6.439208200406603, 6.282439447045866, 6.083533686581624, 6.058046894936175, 6.196826997695732, 6.2748355304890415, 6.181070145963111, 6.057984533624346, 6.052162547456791, 6.131826062478132, 6.175844411107943, 6.131683641796849, 6.057095200741386, 6.038577051181874, 6.0844273164647635, 6.117878448117415, 6.08956480155949, 6.042653504146052, 6.036572779384749, 6.065711167156892, 6.081979287212878, 6.0631992711309035, 6.03522027542858, 6.03238022602637, 6.051186799860314, 6.058711058760824, 6.043052268571068, 6.02735000939315, 6.030524285461084, 6.041912718609092, 6.041906552023722, 6.030114423237098, 6.022670810775633, 6.027285106090156, 6.033058346245668, 6.029087013496547, 6.0209524900099325, 6.0195203684741525, 6.023744658416373, 6.024508208840799, 6.019501248200944, 6.015471871347092, 6.016675473858558, 6.018649779543131, 6.016466355987015, 6.012641150536476, 6.011871946681427, 6.013205285351476, 6.012579310271258, 6.009774505677481, 6.008112598985787, 6.008544059098495, 6.008445194190869, 6.006522513721592, 6.00475697435121, 6.004523622577241, 6.004405775126827, 6.003056127099054, 6.001437905403941, 6.000811795610605, 6.000529840353036, 5.999459498360522, 5.99803644127038, 5.997233569211656, 5.996763422651332, 5.995804703414513, 5.994536998157448, 5.99365173031604, 5.99303254606995, 5.992096834974762, 5.990929317891254, 5.990012658411052, 5.98927679502876, 5.988324193755838, 5.987215259357234, 5.986277974764042, 5.985448514876247, 5.984473589244987, 5.983403380137688, 5.982478625542466, 5.9816303749949675, 5.980658792835063, 5.979637957384805, 5.978740147073615, 5.977864473967478, 5.976853885463876, 5.975840666051104, 5.974887004639115, 5.97388510351152, 5.972840788715896, 5.971789002362855, 5.970761568171283, 5.969689972604365, 5.968562803987089, 5.967483303380565, 5.966408746393291, 5.965280732289961, 5.9641386064313995, 5.963010441151567, 5.961858017005958, 5.960663616777984, 5.959483498899299, 5.958297797328043, 5.9570785871084775, 5.9558395347066275, 5.9545937514363825, 5.953336619219539, 5.952045142915722, 5.950740220306297, 5.949418964279306, 5.948072162280059, 5.946706087376224, 5.945323696828722, 5.943915055260169, 5.942481210564112, 5.941029759545298, 5.939556075626779, 5.938054936898857, 5.936524991465316, 5.934975663374655, 5.933404475582958, 5.931802601510996, 5.930168194573171, 5.928503271017228, 5.92682872159254, 5.925099787137929, 5.923356765187296, 5.921575063470811, 5.919764329299355, 5.917917835339415, 5.916031819573177, 5.91411180586458, 5.9121534074129025, 5.910146627175035, 5.908122601769736, 5.906039541581418, 5.9039285630372715, 5.901758279283626, 5.899549940353023, 5.897299276288998, 5.894994926724565, 5.892642460621269, 5.890231872056736, 5.8877831044698175, 5.885262051588014, 5.882681975669394, 5.880046249672774, 5.87736094230377, 5.87460419610783, 5.871768100369792, 5.868866449562526, 5.865903382083323, 5.862847400019789, 5.859733889123048, 5.856522262646916, 5.853239688059128, 5.849865090907111, 5.846378744273502, 5.842819470563907, 5.839147148538674, 5.835382435737813, 5.831503040522694, 5.827504083404551, 5.823381481672019, 5.81914456467631, 5.814782029420907, 5.810264643204769, 5.805620231719802, 5.8008217252155925, 5.795851037864544, 5.790727043485519, 5.78543097154424, 5.779942931458789, 5.774263481852587, 5.768379063613626, 5.762279716504803, 5.755942703821213, 5.749366539429686, 5.742556413049771, 5.73545707213824, 5.728076921830756, 5.720379732364815, 5.7123710169937985, 5.704006559905987, 5.695252032037159, 5.6860689316704285, 5.676473755669473, 5.666320104329004, 5.655611960054727, 5.6441491352316895, 5.631656334615653, 5.61776232402599, 5.600920725006911, 5.577564894413008, 5.531231776362712, 5.365920446646469, 4.395623770533004, 3.029329854248832, 14.15934856634318, 8.13384423954322, 13.32645573633277, 6.602212677992867, 2.7392368899037467, 12.28986417703781, 4.22883220674951, 5.868686348734486, 4.27332744925786, 5.665111670341804, 6.159694136451041, 5.215732037120836, 3.915869139568437, 3.4738639614787417, 3.9920704140596865, 4.77713609932648, 5.0437603411626935, 4.635139345734266, 4.037950488762664, 3.7117239190063143, 3.7979396494313122, 4.130700838669135, 4.385341958279792, 4.342277287092199, 4.066327750827844, 3.794808102829039, 3.7036996374645237, 3.797120077307777, 3.9452297687393636, 4.0038729975154475, 3.916752149968859, 3.747569904314251, 3.613782980254106, 3.586950691780606, 3.6450485517185656, 3.698324311545628, 3.670652578135783, 3.5691880418683013, 3.463580071959044, 3.4178425301555917, 3.4316999291516086, 3.4524434663090067, 3.4270083745424915, 3.353703398523542, 3.2785444498439036, 3.2425240945339766, 3.2431325053487425, 3.239177846686327, 3.2013868639306398, 3.140614380123662, 3.0924138289292626, 3.0752568361534625, 3.0695639859341473, 3.0441565703174445, 2.997300615612963, 2.9558079624452755, 2.9374808559116237, 2.92736372566107, 2.9027338539856253, 2.865155146237313, 2.835911916628045, 2.8238491499962497, 2.8113794332230744, 2.7850967485118643, 2.7577040159456714, 2.7440718804773323, 2.7350270436964035, 2.717201462798127, 2.695558013422819, 2.6836353078898307, 2.676561280471854, 2.6621030196047286, 2.6456835894276494, 2.637102292986356, 2.6299142118703482, 2.6167769318241842, 2.6047388815734562, 2.598115841102467, 2.5898097502693975, 2.577654971574503, 2.5692572990965927, 2.56266735166503, 2.553054402298018, 2.5433625657328607, 2.536992494792659, 2.529187436217858, 2.5202221803593385, 2.5129642760945754, 2.5068017961622044, 2.4987205652906437, 2.4917407813516856, 2.4860513365382375, 2.4792255849803655, 2.4727451383177006, 2.4675237132749177, 2.462039640640131, 2.456119827505118, 2.4513339422899327, 2.446718376298929, 2.4416486035064375, 2.4373259406291434, 2.4334553006951274, 2.429111144851911, 2.425260349195102, 2.4218310642203877, 2.418312165982823, 2.414854559590582, 2.4119071078991055, 2.4088400108480834, 2.405865756486201, 2.403323242909002, 2.4006889346274938, 2.398141932236534, 2.3957890644120368, 2.3934852941352163, 2.3911588273468207, 2.3891718794766175, 2.387245119013514, 2.385322574475755, 2.383492521117486, 2.3817054150277346, 2.3801519109361977, 2.378495449034918, 2.377040154297002, 2.3755202100014645, 2.3741624836709256, 2.372863802018065, 2.371508768471125, 2.3702723938706787, 2.3691705480078085, 2.3680494976299893, 2.3667868155725356, 2.365953516344782, 2.3648169458208836, 2.363924013052298, 2.3630049452092554, 2.3621417430533196, 2.361248198109841, 2.3604321812374667, 2.3596054404588673, 2.3588288972348055, 2.358037156984944, 2.357299896364209, 2.35655492379925, 2.355807552545429, 2.3550578359279153, 2.3544590718832694, 2.353846423796048, 2.353267536749335, 2.352689686298081, 2.352056265295683, 2.3513893908156884, 2.350755575732524, 2.3501682979290717, 2.3496310072962334, 2.349144331406812, 2.348517316066461, 2.3480569758342216, 2.34751648548343, 2.347035741991026, 2.3464745024458926, 2.346026569412476, 2.3455985186405823, 2.3452363196769537, 2.344590929290575, 2.3442194381396377, 2.3437461548978984, 2.3433311238323955, 2.3428056152943326, 2.342459573936539, 2.342125223320815, 2.341552228910419, 2.3411957586579377, 2.340723325917276, 2.3403878369648035, 2.3397799540936464, 2.33948306208939, 2.339027696470104, 2.3387718979224683, 2.3383430509425485, 2.337977190280723, 2.3374880124637674, 2.3370164818897594, 2.336681498658948, 2.336245784552528, 2.3359430900717104, 2.3356235045998415, 2.335191427719027, 2.3348354471200965, 2.334444686748347, 2.3339678949498586, 2.333696830121685, 2.3330789513628507, 2.332953385875062, 2.3325455259223347, 2.3322276257849657, 2.3318151710441883, 2.331469346645534, 2.3310779401461814, 2.3305497381946676, 2.330441538615487, 2.329905151306727, 2.3297806199839073, 2.3291984699448967, 2.329011257356706, 2.328538320426802, 2.328529120092343, 2.3282663110567388, 2.32971096377258, 2.327441391093112, 2.327111657392983, 2.3278251335146822, 2.327026237863699, 2.3286474953810044, 2.3257305793950254, 2.3286508160930355, 2.3329137179491246, 2.327156843123411, 2.341079363771148, 2.333756003413062, 2.335154342054092, 2.3302923826089086, 2.3232860943313027, 2.325487638870085, 2.3237152356756607, 2.324235531280245, 2.3221421832648885, 2.324544384388008, 2.329462621721784, 2.32363295235974, 2.337684838022024, 2.3322185698641946, 2.334001257794705, 2.325435642975643, 2.3198499617259527, 2.324314551936301, 2.3191657744490204, 2.3282100558949983, 2.331063560665048, 2.328795438315806, 2.327898136609814, 2.3190104672101297, 2.3200948003540165, 2.3215044812648062, 2.3212235892643354, 2.3186351627660122, 2.3261451002409377, 2.3255240477592865, 2.3232289685412284, 2.3269127764689173, 2.3196467528151197, 2.3196757560502865, 2.32226722575958, 2.3192798190183157, 2.3175266046179743, 2.323041529723077, 2.320906057866372, 2.3187148159493876, 2.3249346944093734, 2.320285138148059, 2.3196794464897676, 2.320838553547906, 2.3152343325083162, 2.3143861297899595, 2.318951812528247, 2.3180739142916162, 2.315577800808644, 2.323012672928831, 2.319237288379171, 2.3181212478413813, 2.320212532465796, 2.3132634005244275, 2.3129183752193883, 2.317220479354329, 2.314809046441691, 2.3127353768343757, 2.319324305436094, 2.3165998697183037, 2.31451680168992, 2.3199153566802697, 2.3137476651091715, 2.313096742409618, 2.3166796319592464, 2.3117722768210585, 2.3102053883388454, 2.3157902154442565]