Model Setup for Atypical Patient 12:
ITERS=2000
LEARNING_RATE=0.001
OPT_RESET=500
ATOL=1e-09
RTOL=1e-07
METHOD=dopri5
Input channels=2
Hidden channels=11
Output channels=2
Runtime=579.6169872283936
Optimizer=Adam (
Parameter Group 0
    amsgrad: False
    betas: (0.9, 0.999)
    capturable: False
    differentiable: False
    eps: 1e-08
    foreach: None
    fused: None
    lr: 0.001
    maximize: False
    weight_decay: 0
)Loss over time=[2248.2030639216173, 2169.43739169771, 2115.4883735506505, 2072.2670834380588, 2035.3203145397829, 2003.1349985283312, 1975.117032679915, 1950.1741637639498, 1927.2610325971943, 1905.9338706740573, 1885.8300681990838, 1866.6944630026335, 1848.3911388235144, 1830.7570252061216, 1813.682970475379, 1797.0978566631086, 1780.9544172492863, 1765.213435904502, 1749.8468373599937, 1734.7479216819695, 1719.9148678856945, 1705.296775540761, 1690.8759554683745, 1676.5060598058612, 1662.2086520476898, 1647.8607059247508, 1633.4554659956311, 1619.0879477170645, 1604.8936256208135, 1590.876667793356, 1576.9449724969234, 1563.1894924498129, 1549.5643848051993, 1536.0601132016586, 1522.6492122217496, 1509.2921595557307, 1496.041263206258, 1482.9492494875935, 1469.9556624842587, 1457.0918576244776, 1444.3300213730297, 1431.8122749442664, 1419.5463470442119, 1407.4749072163004, 1395.6321407193345, 1383.9852666715997, 1372.5179204061353, 1361.184771241774, 1350.080290770826, 1339.1171964629686, 1328.2903642855028, 1317.6004772949054, 1307.051229832401, 1296.6371113877576, 1286.3345851935003, 1276.1463971044789, 1266.0598241454709, 1256.1097718292765, 1246.2299690949876, 1236.4720324156908, 1226.7932520110278, 1217.222785786623, 1207.7297502732654, 1198.3149266053688, 1188.9685688351185, 1179.7069000489885, 1170.5176410269787, 1161.3882982553127, 1152.3357025378168, 1143.3310365077352, 1134.4088477782834, 1125.5176324363745, 1116.7025570475598, 1107.9414518561382, 1099.2276101542147, 1090.5376137498286, 1081.938087155881, 1073.347026418793, 1064.8299407708946, 1056.3377518076156, 1047.8860266125214, 1039.491109219156, 1031.1214000401933, 1022.8172950810437, 1014.5078007155058, 1006.2651164613828, 998.045054965969, 989.8517088900105, 981.670881307336, 973.5406853558293, 965.4342450339523, 957.3329104214906, 949.2666780708615, 941.2273174301919, 933.2041637209331, 925.208221023844, 917.2348049066616, 909.2716518136754, 901.3271154982679, 893.3977703113229, 885.4734195533082, 877.5731344711007, 869.67342607695, 861.7949678591532, 853.9195948399647, 846.0601876291082, 838.1865674220912, 830.3238318649685, 822.4831865407399, 814.6539367383252, 806.8220523375348, 799.0074332470896, 791.1736509630814, 783.3403099805113, 775.5379968665122, 767.7115738140059, 759.8835105825823, 752.0683313756691, 744.2238352904434, 736.3763058531584, 728.506848130158, 720.6380627745365, 712.7482805911812, 704.8478074378513, 696.9450765344912, 689.0020512968586, 681.045578117546, 673.0896700996823, 665.1006722561071, 657.1263537573576, 649.1291492087262, 641.1271781462475, 633.0916055298129, 625.0436133093051, 616.9834966681749, 608.8933136860277, 600.7833495662261, 592.6487930541789, 584.4694013526833, 576.2628614976574, 568.0169211797507, 559.7166806047811, 551.3930266917715, 543.0511409691691, 534.702799531973, 526.3264989121705, 517.9416842918642, 509.52627617568146, 501.07286137948574, 492.60446431110324, 484.1077675268041, 475.5753350393343, 467.0119708277038, 458.41947407924306, 449.845206707712, 441.3036230802756, 432.7696261190828, 424.25052833772713, 415.73885820385675, 407.23615100920637, 398.73736801333126, 390.2321489705704, 381.7687932342855, 373.4002128008353, 365.1480152015404, 357.0011052654841, 348.98277112934323, 341.06487778445813, 333.2592519744912, 325.54713620182514, 317.941914343536, 310.4239235578802, 303.0034112730205, 295.67396862279907, 288.41543412120313, 281.238619122753, 274.140376881695, 267.11216225660917, 260.0127361215775, 252.90035787931131, 245.95248428043288, 239.14707277568905, 232.45205159007938, 225.8836016653425, 219.41837073135096, 213.06200543544475, 206.78753285886623, 200.64046874797694, 194.62136885836054, 188.73202522262406, 182.95404387256178, 177.28063453932756, 171.71973637223343, 166.26027010346573, 160.92224073181245, 155.77581318661626, 150.80757318808017, 146.00787413053612, 141.3751801526355, 136.91020300364218, 132.5986793862591, 128.4514401425563, 124.4338205472061, 120.56676125364976, 116.82498099131962, 113.22922226766208, 109.75433044284397, 106.40257419046446, 103.17103869962396, 100.0571338257501, 97.05579320419416, 94.1561291664391, 91.36390730432078, 88.66829805212988, 86.07233608873253, 83.57538283580192, 81.16547154780423, 78.84653084371722, 76.60560620485923, 74.4500095086592, 72.37145834234556, 70.37097489088279, 68.44585962163978, 66.58668648366252, 64.79660500146132, 63.080926626204615, 61.418718571520934, 59.82545080406009, 58.28858229709706, 56.80825301287459, 55.38390678095414, 54.00856177477317, 52.689586981694156, 51.419370875052046, 50.19287445085718, 49.01395338090158, 47.87950671886463, 46.78675852194017, 45.73444699534624, 44.720477575718206, 43.7448225725446, 42.80455751836373, 41.9004021285109, 41.028700204126125, 40.18901744850553, 39.382484128249395, 38.60870522841544, 37.86183695270721, 37.142102366254306, 36.45131136222944, 35.78703533374477, 35.14619254679901, 34.53170629183017, 33.93892251869715, 33.37383691183716, 32.83302606921618, 32.31106946030251, 31.802748220476204, 31.30794631492705, 30.82796091031414, 30.36020298498672, 29.905533736813684, 29.46244728281058, 29.03109374712077, 28.609447185341605, 28.19912393531017, 27.79881429447438, 27.40805793516665, 27.02651752469919, 26.654183488453477, 26.290991268196798, 25.933637005688173, 25.58489637039842, 25.241429739073386, 24.90104430098412, 24.56235897680332, 24.236309359184645, 23.921226198118504, 23.617821169342175, 23.32543574397006, 23.042941219502744, 22.77045946445699, 22.507364089278575, 22.252973654396616, 22.007246146748333, 21.768907316554724, 21.539150864525865, 21.316221163476953, 21.10066117561628, 20.89183442029385, 20.6895195887817, 20.493664152555624, 20.302985233892034, 20.11821249450873, 19.938641723984542, 19.764550250020935, 19.595124042530436, 19.43027210097119, 19.27011439660856, 19.113401773385387, 18.962066272785066, 18.813826999491656, 18.669815624972735, 18.528574850131083, 18.391296639398206, 18.257335143692803, 18.12643756630416, 17.998600682218548, 17.87362196684411, 17.75145264238177, 17.631614091104908, 17.514013687707976, 17.399751733346264, 17.28769582875791, 17.17744481444151, 17.069678683059266, 16.963723897110714, 16.859751181938634, 16.75769625947353, 16.6573657958771, 16.558840232718094, 16.462241158835162, 16.36702263393641, 16.273459620847685, 16.18155763782496, 16.090884194078576, 16.001830655523044, 15.914090309491293, 15.827645633549231, 15.74210137891406, 15.658165035302376, 15.575746628687602, 15.493541521413777, 15.413482279172824, 15.333956577918691, 15.255690777620833, 15.178398839122671, 15.10177323904068, 15.026485417644398, 14.951729492881288, 14.878375375469279, 14.805775968840031, 14.733717601262764, 14.662965893495048, 14.592544072777883, 14.523095775856394, 14.454533428711937, 14.386755729169751, 14.319499461880149, 14.253000280463626, 14.187451334068628, 14.122176176670287, 14.057712358906072, 13.994123587871945, 13.9311315130324, 13.868585954197902, 13.806858997095025, 13.745624769747002, 13.684907217997564, 13.624994344205293, 13.565523423084114, 13.506676702730173, 13.448323346771444, 13.390427861791478, 13.332872274695525, 13.276433279629801, 13.220319714442677, 13.164755321468645, 13.109749849476357, 13.055249410804384, 13.001247681862367, 12.947815436978077, 12.894854342370769, 12.842276096448613, 12.790454668041038, 12.739102479623114, 12.688102976740337, 12.637547100485103, 12.587623980873854, 12.538088904829527, 12.48890627219978, 12.440327763084467, 12.392149111322794, 12.344416721127896, 12.297106294246085, 12.250217011200112, 12.203834119900106, 12.15776237791308, 12.112134842013207, 12.067028203236752, 12.022196811163367, 11.977806992705894, 11.933847980555784, 11.890301459289786, 11.847145958458576, 11.804248923062401, 11.761872128074566, 11.719816507749117, 11.678169337361076, 11.636828790006204, 11.595937677968212, 11.55535388361529, 11.515201605907013, 11.475341026179091, 11.435832620606124, 11.396677733199146, 11.357833278331974, 11.31930397323781, 11.28117245527986, 11.24330307465167, 11.205772376017363, 11.168570788308216, 11.131678341818846, 11.095103849608579, 11.058708067791583, 11.022876624209859, 10.986986286868337, 10.951666737128134, 10.916683243412775, 10.88184577861376, 10.847409463708372, 10.813141131842483, 10.779254106474916, 10.745625527674159, 10.712317659126791, 10.679248781674243, 10.646468341768616, 10.613930802568166, 10.581643037734045, 10.549567700538839, 10.51796244547049, 10.486590828782726, 10.455342947461371, 10.424458116880409, 10.393779752297785, 10.363420453756747, 10.333247005088678, 10.303359557590836, 10.273723970498228, 10.244329663259121, 10.21522603624298, 10.18623803666823, 10.15767468095921, 10.129235692092944, 10.101047225375954, 10.073113253561074, 10.045417078653667, 10.017967087998992, 9.990754825380831, 9.963630897306627, 9.936930103517412, 9.910339783473018, 9.883992391672578, 9.857887483922191, 9.832049731532848, 9.806278242766627, 9.780835480904999, 9.755528217651811, 9.730474864269242, 9.70552323711395, 9.680778373355725, 9.656341115701638, 9.63207416573279, 9.607947057843957, 9.584063685476277, 9.56035930872397, 9.536905046192162, 9.513547617876768, 9.490409152270777, 9.467475711378718, 9.444653368162717, 9.422027903991031, 9.399655564183227, 9.377458197759383, 9.35538258942974, 9.33349914654701, 9.311831242404478, 9.29026648862116, 9.268957226786258, 9.247832352292239, 9.2268604746913, 9.205986360659407, 9.185299717716985, 9.164829244394555, 9.1444667996825, 9.124287390993818, 9.104295491643335, 9.08448508775684, 9.064884171174793, 9.04532084174361, 9.025992155329114, 9.00677514948213, 8.987743881292893, 8.968773119136209, 8.95011985792844, 8.931500266148246, 8.913045949540539, 8.89481121032588, 8.876670227102107, 8.85866090182026, 8.840856823150945, 7.3344880993785315, 6.99992744782798, 7.030453984465512, 6.78070104786787, 7.126718719299465, 7.01595337166996, 7.12056914015113, 7.086081236294858, 6.927974144350075, 6.951100991025455, 6.794436916437413, 6.735217771494769, 6.7570381278902625, 6.680662563432912, 6.7404979603993675, 6.766482863589558, 6.747948246543563, 6.806436510504711, 6.774897564970383, 6.754569768801809, 6.756911340007725, 6.699620508473675, 6.693394529241328, 6.6835804014577285, 6.660247292587939, 6.683733789774985, 6.679881596643363, 6.6836618655261955, 6.700405781382364, 6.6856909481426365, 6.688254377971345, 6.679903766306088, 6.662689116071743, 6.663843364268953, 6.650923148029249, 6.651726680041036, 6.654552911783116, 6.651256458110759, 6.659160046065316, 6.654608254465112, 6.655308950967679, 6.652155489303539, 6.645472506019801, 6.644792590502029, 6.638318102077355, 6.639400919191657, 6.637468708362317, 6.637728559628989, 6.638652634144103, 6.636493492459056, 6.6369914273646495, 6.633219446978049, 6.632312697693072, 6.629168310212044, 6.627818012564683, 6.626573093576123, 6.625368274511573, 6.625305507709836, 6.623813434726122, 6.623539935649044, 6.6214213704188065, 6.620501969772386, 6.618274431707568, 6.617220227199246, 6.615525780572326, 6.61466688650198, 6.613469908342709, 6.612552459462205, 6.611375488283921, 6.610112557050821, 6.608762020178603, 6.6072889070994165, 6.6059685498210206, 6.604583932226398, 6.6034309570059255, 6.602179440114806, 6.601068346738719, 6.599772506779672, 6.59853940381399, 6.597149303592129, 6.595832872286409, 6.594456046415664, 6.59316875902094, 6.5918725585210804, 6.5906138446236495, 6.589334778025693, 6.588024821895675, 6.5867078769847645, 6.585337599384954, 6.584002481849706, 6.582620367761848, 6.581311817023498, 6.57994887510101, 6.57864338359828, 6.577273061946587, 6.575936207664151, 6.574546417442256, 6.573178730014956, 6.571787538478113, 6.570409414315691, 6.569035853854618, 6.567645004517848, 6.566268653851671, 6.5648632392294894, 6.563468019144285, 6.562050085147348, 6.560635849203166, 6.559215038575808, 6.557797986041862, 6.556376928535027, 6.554944961877291, 6.553516002261502, 6.5520741582443796, 6.550632443026603, 6.54917564403205, 6.547720892610224, 6.546266067649273, 6.5448022683439255, 6.543338631512007, 6.54186537385219, 6.5403887974361306, 6.538907439455801, 6.537419728070852, 6.535930799513491, 6.534435042749209, 6.532936100824116, 6.5314333387952805, 6.5299233517394075, 6.528410032121372, 6.526891176368403, 6.525367359939543, 6.523836501753132, 6.5223069972921985, 6.520770551471883, 6.519225768599739, 6.517679725088288, 6.516128790582124, 6.514574046363535, 6.513013447611715, 6.511446938337603, 6.50987757371719, 6.508303243810101, 6.506723301497114, 6.50513791891006, 6.503547927761063, 6.501953152285309, 6.500353039362502, 6.498748230988512, 6.497138457706364, 6.495523273934404, 6.493903088317518, 6.492277764330871, 6.49064679759347, 6.489010161601517, 6.487367913883352, 6.48572249938642, 6.484068805532115, 6.4824117590203, 6.480752215118628, 6.479084821817884, 6.477412322091934, 6.475738393801862, 6.474047014181261, 6.47235456339229, 6.470659906506541, 6.468961007449068, 6.467259909007385, 6.465548150721273, 6.463823981209877, 6.462098114433428, 6.460371490297831, 6.458631423764103, 6.4568885385542245, 6.4551402810273455, 6.45338206136715, 6.451620897019518, 6.449851454335945, 6.448079336575662, 6.446299666089715, 6.444513716852509, 6.442717852479541, 6.440927780059747, 6.439112747570914, 6.43729489318306, 6.435473653579189, 6.433645594176306, 6.431806803809741, 6.429966766310824, 6.428118960218671, 6.4262657386158475, 6.4243950256417, 6.422522006187663, 6.4206480019298455, 6.418754372630699, 6.416859374499716, 6.414958389638613, 6.413052513109045, 6.4111294058652994, 6.409201656086642, 6.407250198914993, 6.4053157177987705, 6.403360730547828, 6.401396877619067, 6.39942378092812, 6.39744162902318, 6.395450395473163, 6.3934498155894115, 6.391439563136475, 6.389421016050047, 6.387383472384189, 6.385348883333592, 6.383301663577527, 6.381236532240874, 6.379172707715281, 6.377091704724901, 6.374998070928904, 6.372903839404251, 6.3707874555421595, 6.36866888741755, 6.3665266371603675, 6.364379235567032, 6.3622169897710386, 6.360050501491477, 6.357867106034657, 6.355677867794584, 6.353468889453857, 6.351248731488405, 6.349011284123889, 6.346753254968356, 6.344503239233074, 6.342229883839331, 6.339947245728005, 6.337638985195377, 6.335326708324374, 6.332989087163736, 6.33063466806177, 6.328284452482828, 6.325905767778369, 6.32351380478675, 6.321113139365405, 6.318679079802127, 6.316245591457352, 6.313790437146218, 6.311313804446908, 6.308807180332093, 6.306312548786574, 6.30378882243108, 6.301239322338092, 6.29866955679397, 6.296086303326399, 6.293482395608373, 6.290866410554781, 6.288211858539139, 6.285545285081025, 6.28285858008868, 6.280162069454743, 6.277423727644569, 6.274680482491817, 6.271915246144144, 6.2691249278109495, 6.266289595656288, 6.263454643751223, 6.260600099648507, 6.25770383964725, 6.254794256323771, 6.251852466388969, 6.248892562590899, 6.24589760328522, 6.242859859883016, 6.239818231726895, 6.236751924031785, 6.233640493314832, 6.230509905869585, 6.227346928864233, 6.2241509314857515, 6.220925855610232, 6.217678556598466, 6.214392165444053, 6.211063601757396, 6.207718233759772, 6.204324229229408, 6.200908498855495, 6.197452508166943, 6.1939589780605955, 6.190411176916045, 6.186863727587067, 6.183251698504008, 6.1796027184897175, 6.175931694459396, 6.172196540147848, 6.168439126437385, 6.164632440015782, 6.160790954770951, 6.156893069804325, 6.152963420450484, 6.148983157072586, 6.144957639001, 6.140863323251733, 6.136755961625082, 6.132584973209157, 6.128369625519269, 6.124100428195786, 6.119780544002082, 6.115391667392078, 6.110978667411349, 6.106499029654222, 6.101945181900265, 6.097366013826933, 6.0927166343878465, 6.088006402687807, 6.0832377384443115, 6.07840592048478, 6.073516391314664, 6.068556078363801, 6.063543733867306, 6.05845777953698, 6.053300957240151, 6.048093321827571, 6.042804323546338, 6.037450005702407, 6.032011992156566, 6.02652106732325, 6.02094577274386, 6.015296076367415, 6.009566488865608, 6.003762924723162, 5.997882979526096, 5.991916508829692, 5.985874764800069, 5.979744947744593, 5.973530087968714, 5.96722988139023, 5.960847895767966, 5.95436862971483, 5.947804405292456, 5.941148799409934, 5.934397674328599, 5.927559770576894, 5.92061607028007, 5.913584663599383, 5.906448623453963, 5.899209988882089, 5.8918782774675345, 5.884437500339743, 5.876897651348885, 5.86924622948047, 5.861496745706546, 5.85363243871623, 5.845662905687059, 5.837576036371673, 5.829387695814202, 5.821081420715913, 5.812659393206894, 5.804127334516448, 5.795477383553918, 5.786711339025214, 5.777827751299364, 5.768826962231737, 5.759709089062454, 5.750472353412326, 5.741116267543425, 5.731642787436955, 5.722050322524171, 5.712340151755262, 5.702512019455324, 5.692567576405184, 5.682507151933721, 5.672332245790467, 5.662043714722219, 5.651647552215047, 5.641135684765707, 5.630523852173243, 5.619802551790477, 5.608981525310249, 5.598065733198443, 5.587055307227965, 5.575944263684578, 5.564751210027046, 5.553472888448774, 5.542113499134954, 5.530665013574031, 5.519131009526254, 5.507501999363712, 5.495793741977083, 5.484021440364588, 5.472190117251494, 5.4603041111991955, 5.448370611286442, 5.436400417754073, 5.4244018803387695, 5.41238267011721, 5.400350512965902, 5.388313722910298, 5.376283090674786, 5.364269333385403, 5.352281935369273, 5.340330520094223, 5.328424802542038, 5.316574966169257, 5.304791795154932, 5.293085472184606, 5.281465430181482, 5.269941186939402, 5.258522134843388, 5.247217464485377, 5.236036228744035, 5.224987013950436, 5.2140778071236875, 5.203316172310342, 5.192709261381132, 5.182263602203293, 5.171985130625941, 5.161879289096374, 5.151951046097154, 5.142204925908526, 5.132645025388213, 5.123275010989688, 5.114098027541604, 5.105116773503746, 5.096333598256998, 5.087750507236796, 5.079369117629953, 5.071190738177406, 5.063216291631126, 5.05544639958726, 5.047881520618248, 5.040521959285081, 5.0333678529288095, 5.026411651069785, 5.01961676203301, 5.012986213666689, 5.006502134122515, 5.000154116308416, 4.993943831147177, 4.987845186133302, 4.981826109328005, 4.975852450152913, 4.9698742703994085, 4.96390054084522, 4.9578430783295335, 4.951892886575648, 4.946119946148221, 4.940591579397258, 4.935341376724452, 4.930429972860588, 4.925747222344491, 4.921362820540081, 4.917141000556236, 4.913130424161673, 4.909208721397238, 4.905345243125385, 4.901563505412479, 4.897854164334084, 4.894170489082182, 4.890618387077311, 4.887123687505954, 4.883785655068007, 4.880538519346739, 4.877390588866032, 4.874377761129149, 4.871472766661241, 4.868685889167575, 4.866048312974717, 4.863425061526458, 4.860891499412833, 4.858396560679018, 4.8559211746720665, 4.853519132073185, 4.851220981914069, 4.848809698738024, 4.84654520721542, 4.8443574000414955, 4.842174779545214, 4.839998303116156, 4.837993773612418, 4.836117701211514, 4.8341850777039035, 4.832121398710225, 4.83026382142227, 4.828322397203119, 4.826532402255492, 4.824631585994118, 4.822775145080131, 4.820882666776779, 4.819095516718789, 4.817349386614342, 4.815536975223424, 4.813728061335259, 4.811969003905869, 4.810186355961623, 4.808383614654901, 4.8065515720299645, 4.8048494353352975, 4.803086978860982, 4.801385385276254, 4.799574648137065, 4.797831841098991, 4.796061235789332, 4.79435811691177, 4.79252271528733, 4.793520922667496, 5.2055444468073215, 4.780794552344817, 5.110774249997959, 4.9646960749478355, 4.783168305338818, 4.871229314231235, 4.958921575949881, 4.9110882232546045, 4.812033057813745, 4.790566827778162, 4.8625567992672485, 4.885094905428804, 4.821306480351133, 4.7796401507729405, 4.804958539017441, 4.836842142686305, 4.82447650580627, 4.782684516350436, 4.765253746299453, 4.791924354738244, 4.804949784773809, 4.7778470408763685, 4.75767025549553, 4.771579920918044, 4.78551405508445, 4.772352874194289, 4.754622340432658, 4.760053321424271, 4.7713172124477445, 4.762134171783755, 4.748392950013329, 4.751367591596215, 4.75793916567995, 4.751700583427918, 4.742435451676254, 4.744362215394056, 4.748742522909774, 4.743573800136983, 4.73713472115384, 4.738783235928995, 4.740476361072149, 4.735495249965259, 4.731145168859315, 4.7323553162537015, 4.73216457104428, 4.727480284269407, 4.725389396396557, 4.726174759084049, 4.724319816956203, 4.7208294539752, 4.720095923183889, 4.719757658742012, 4.716678078650134, 4.714411011746955, 4.714023944622688, 4.712383603032757, 4.709642765614412, 4.70861864466312, 4.707408926489513, 4.705139777583398, 4.7033937264671195, 4.7023505832265045, 4.700347395882196, 4.698311242780781, 4.697106226190017, 4.695371527422399, 4.693225129476497, 4.691846445124049, 4.690277362323048, 4.688202864050919, 4.686575377019495, 4.685052713261469, 4.683059214230966, 4.681326906687674, 4.679608701466609, 4.677615878687319, 4.675952298362361, 4.674200644971104, 4.6723936769152, 4.670608240555665, 4.668838616966963, 4.666936655666789, 4.664993284406311, 4.663184688227725, 4.66137657413215, 4.659398623890925, 4.657601772624909, 4.655665051625286, 4.653784881638567, 4.651992926624873, 4.649972306342966, 4.648004371062537, 4.646107196364963, 4.64407889541848, 4.642271665632711, 4.640318175586592, 4.638332127272959, 4.636305992221265, 4.634249098844493, 4.63234759404049, 4.630265155294424, 4.62814501015067, 4.626170047793395, 4.62404297072504, 4.62199747561375, 4.61998422558385, 4.617866724831085, 4.615732982007018, 4.613767688983361, 4.611539345539432, 4.6093986688598, 4.607395602664335, 4.605210899852147, 4.602998832380082, 4.600807157896844, 4.598611443069518, 4.596508948771665, 4.594248797041171, 4.592079800146137, 4.589885827465235, 4.587647974888678, 4.585436088518834, 4.583300676254293, 4.581116704412005, 4.5788916850728345, 4.576644986417175, 4.574273474284475, 4.572147135548013, 4.569712179539741, 4.56751287635181, 4.565269980891304, 4.562923572222025, 4.560620976950495, 4.558310083414852, 4.556006863956975, 4.5537873424367605, 4.551459238133574, 4.549123713904784, 4.546721343217991, 4.544337627492064, 4.541917676087154, 4.5395584440101535, 4.5372397612924935, 4.534884510365372, 4.532536290057765, 4.530133512114203, 4.527641408085184, 4.525164037515688, 4.522737238896418, 4.52044968069268, 4.5180144389531485, 4.515473741495921, 4.512961648255007, 4.510514223467694, 4.508135139987375, 4.505702984296826, 4.503133915615482, 4.500568166910682, 4.498134068877732, 4.495591259746444, 4.493174554885548, 4.490664195754488, 4.4881260093507365, 4.48557990930891, 4.483020878573014, 4.4804332548623425, 4.477820540209897, 4.47519366168313, 4.472696892583611, 4.470107523641682, 4.467491929560867, 4.464843863303531, 4.46226986390431, 4.459635593919142, 4.45695823646243, 4.45436770975926, 4.451733296651453, 4.4490279208550625, 4.446400628777969, 4.443762024877674, 4.441118886014803, 4.438467113007069, 4.435802758952014, 4.433125831602117, 4.430445907700965, 4.427733450511239, 4.425020611635298, 4.422294288152006, 4.419557853402872, 4.416695671871678, 4.413934744134784, 4.411231548600204, 4.408539543913476, 4.40580475326903, 4.403007030986168, 4.400158239198031, 4.397281309314367, 4.394543423978965, 4.391573606559744, 4.38877336932437, 4.38603040277712, 4.383203260093812, 4.380339172381142, 4.377410127939582, 4.374751543755586, 4.3722571245235935, 4.36956556276046, 4.367019631787317, 4.363368988333286, 4.361013538502411, 4.358146689954093, 4.354810317586471, 4.352528048417352, 4.34906856940337, 4.346249246416029, 4.343699547533007, 4.340311629286477, 4.337600435251919, 4.334561058098398, 4.331440416408563, 4.328663677582951, 4.325570779514422, 4.3225335159115135, 4.3197143537516745, 4.3165932207232425, 4.313647973547731, 4.3124701449856255, 4.309456646425603, 4.3069704865410605, 4.301947872201321, 4.2996235525710995, 4.297549533857872, 4.2929661754769555, 4.290392745441098, 4.288096307800185, 4.283864085147403, 4.280838813428552, 4.278431510176612, 4.274861728000862, 4.271401727921681, 4.2689149863137805, 4.265626025024596, 4.261807794775662, 4.258996073239517, 4.25608702927405, 4.252450722227622, 4.249128592479142, 4.246369876203894, 4.242994158509262, 4.239634354705592, 4.236203321904554, 4.233299515267434, 4.230502129741861, 4.231716436294369, 4.2325440590745975, 4.239033127933763, 4.227592613881866, 4.2142212086732025, 4.21663754587236, 4.219525747485734, 4.210612348652626, 4.201548037256939, 4.2029667974028175, 4.203577466901156, 4.195021661044934, 4.188532215593177, 4.189304050182559, 4.18758307455005, 4.180676220175006, 4.175608025522333, 4.174809078565158, 4.172863883975098, 4.167347586406023, 4.162220318360328, 4.15991365635742, 4.158175313465288, 4.154138187913733, 4.14893562913975, 4.145272732078123, 4.14317961079451, 4.1400587049774, 4.1359255498676495, 4.131654975262427, 4.12799289177922, 4.125039326903351, 4.122716436793798, 4.131801482602018, 4.146481794907347, 4.169977456139313, 4.149156747676815, 4.125466030767205, 4.101391588201047, 4.113705441942546, 4.122353739411152, 4.0991333269239485, 4.090904729174514, 4.102799066817781, 4.094981118563215, 4.079518450990335, 4.082159669353432, 4.084777785407934, 4.073228342518685, 4.066691392544199, 4.070205979074953, 4.0665892395066905, 4.056379166246509, 4.054744327840573, 4.055746053364325, 4.049102221276289, 4.042161114902653, 4.041080005123195, 4.039724224276551, 4.033826725489238, 4.028074328961044, 4.026035388696005, 4.024205017415879, 4.019354107711059, 4.013713626493227, 4.010286833230597, 4.008184839226122, 4.005016021759174, 4.000316771726047, 3.995239726042368, 3.9918168391113826, 3.9889077393029284, 3.9857674950181603, 3.981614342046555, 3.97724141019175, 3.9726471096620126, 3.9687835480316007, 3.965258050756697, 3.9618558690825108, 3.9584574387169624, 3.9556984250923546, 3.9705543386727857, 4.007048461834766, 4.067679045322936, 4.041785362510928, 3.96320550029192, 3.9371820115436402, 3.9856964044837686, 4.017928244979812, 3.9303151033322723, 3.956431423748582, 3.98721471183034, 3.91656022428764, 3.949464190345195, 3.9558077610048916, 3.9046727727607036, 3.945730389279227, 3.9241640127951514, 3.9007516403279863, 3.9322953027374963, 3.8963830201006817, 3.89941307774057, 3.9079036996547347, 3.8788329720751933, 3.893132669958584, 3.882432699164622, 3.870249282819766, 3.8805150971406834, 3.8633317978267003, 3.8635293441971963, 3.8646774371967827, 3.8503216242007565, 3.854745547545562, 3.849702044506495, 3.8396423687082857, 3.8433125470687943, 3.8361510450784566, 3.8288259047054023, 3.8308805007530053, 3.8237073597125293, 3.817276879244989, 3.818056698707773, 3.81185819566228, 3.8057045383254735, 3.8053661691082294, 3.800347182182742, 3.7939293567557253, 3.7922207525406084, 3.7885337884636923, 3.782109215066201, 3.7810442913447178, 3.7968729876491465, 3.795760495517511, 3.7844179067171195, 3.7630319906249308, 3.7684160574054917, 3.7920934973425546, 3.7634431772315504, 3.749532905954442, 3.7665920801001507, 3.7512424190128795, 3.7355587224415014, 3.744716278361898, 3.7375530906428422, 3.722919129619909, 3.725940367923222, 3.723341229463992, 3.7110403036442063, 3.70872004704256, 3.7084174646988304, 3.698985808632756, 3.6933597711553996, 3.693012176295, 3.6865757673391624, 3.6790363425841064, 3.677123487943672, 3.673260572396235, 3.6652971853365117, 3.6609097674148003, 3.6579626193908066, 3.651373962052388, 3.645280627252072, 3.6418199076625886, 3.6388772179130355, 3.643676221378436, 3.639533577370752, 3.6398898158209434, 3.621961942575683, 3.6114586942539186, 3.6062992312570143, 3.604816580473415, 3.598782036107539, 3.590137768456788, 3.585838798908697, 3.5826971690631386, 3.5754908490763855, 3.567968257729648, 3.563389514078585, 3.5587856777754343, 3.552236120457893, 3.5448038891002933, 3.539217005183652, 3.53402930420889, 3.527397914427753, 3.520194327767713, 3.5137039770420233, 3.5078256983300062, 3.501505518491246, 3.494138642576617, 3.486595369078326, 3.479417469111412, 3.474327945922735, 3.4769396636906293, 3.48549701003888, 3.5737771428165455, 3.583836667705235, 3.5793542598818906, 3.4384080264075454, 3.5543764037817613, 3.7169163161355385, 3.4127369698867027, 3.690532309667035, 3.628928636410531, 3.446362225876653, 3.699079642790601, 3.3868932961604785, 3.5623742034391253, 3.3871297212873213, 3.442038714264703, 3.457820567924418, 3.380016930274262, 3.461447363296949, 3.3387323354733742, 3.481714383231506, 3.31606165522516, 3.497045076595792, 3.2939765614520455, 3.4183085881682955, 3.2859027262654035, 3.3425255562178418, 3.2759445842422563, 3.2883127081389336, 3.2613988871176347, 3.235259825485063, 3.250149526986712, 3.2193790376021623, 3.2185964650767533, 3.2233813042577832, 3.1914300153734065, 3.2020627071806413, 3.189539111609682, 3.1691000112009777, 3.178485454301975, 3.163483437969025, 3.1460855635968956, 3.1532391421921857, 3.133362466409585, 3.128633982572144, 3.1294292750650268, 3.1112601411160385, 3.1081355391978374, 3.105127751697332, 3.0902505995512097, 3.087819611745303, 3.0812587956456223, 3.06977111280785, 4.314943512699614, 3.4350308513117724, 4.06911323298448, 3.6148809207546133, 3.100669934782984, 3.66347267128957, 3.7194711356069727, 3.2139405868210047, 3.1128835260411303, 3.33519168741512, 3.4629972336100376, 3.394144183659696, 3.2700544616596043, 3.2106505692677754, 3.215134164749229, 3.240075004879475, 3.1700520840960977, 3.07873314510495, 3.124385969576167, 3.2111151018997375, 3.2060595716570757, 3.118783232581208, 3.0808111896226817, 3.0968081559973584, 3.0847453477489326, 3.0653284856949714, 3.0888731344000844, 3.111648855990055, 3.1089552179580284, 3.076783914160613, 3.03673019145712, 3.0469844338626713, 3.0672543540980444, 3.048712913196252, 3.0426673249541456, 3.0579537098764744, 3.0365258271970363, 3.0167330925315614, 3.03227182051287, 3.036515845246409, 3.0207638553433145, 3.0208973605603693, 3.0226180192021217, 3.0102262521575303, 3.005467557171708, 3.015656940984989, 3.008714834418464, 2.998849816183781, 3.0020793195774527, 2.998816494690782, 2.99369818112625, 2.996453466404883, 2.992195371767402, 2.9847571677000713, 2.9866009923753656, 2.985009348922556, 2.9804932142929754, 2.980095081504938, 2.9761049274987696, 2.9736248667737013, 2.974175320391575, 2.9705823991442384, 2.9675189588902664, 2.9664757752438864, 2.963055935626672, 2.962000328038445, 2.96012038701607, 2.956310568833807, 2.9556190704348126, 2.9533551358933052, 2.9509600871135047, 2.949339236382352, 2.946353461309405, 2.9452063265305997, 2.9430647178991904, 2.940405632796197, 2.939162993180019, 2.9368191351501305, 2.934735340308677, 2.932695073278703, 2.930710593511361, 2.9288878647072254, 2.926574914314573, 2.9247757884513876, 2.9228743915643984, 2.920692820077454, 2.918973418759846, 2.9168056213355844, 2.9151152795274102, 2.9129326129894633, 2.9112816660716927, 2.9093912529825974, 2.9073341205288044, 2.9055646612061476, 2.9034171918605876, 2.9017018035703313, 2.8998141052485384, 2.897990140239374, 2.8960229799877757, 2.8942006073283606, 2.892356527398182, 2.8904900009477292, 2.888636797694119, 2.886782266761674, 2.884938138557508, 2.8830904353997635, 2.8812154458256454, 2.879425236787907, 2.8777105496980364, 2.8757390228764823, 2.8740300701326222, 2.8721799744128544, 2.870435849561887, 2.8686673971457224, 2.8667718263804103, 2.8650751320995593, 2.8633051175679025, 2.8614021284092224, 2.8597161696541904, 2.857905231557545, 2.856126717250256, 2.8544579825171565, 2.8527155366704586, 2.8509091960267394, 2.849237047087, 2.847496220769867, 2.8457342666044907, 2.8439247657820528, 2.8421758380337, 2.840444698118589, 2.8386638971797895, 2.8371102761305225, 2.835418928501198, 2.833698459834735, 2.8319485892345564, 2.830337126985846, 2.8285928146000217, 2.8269879014278563, 2.8252788568383593, 2.823498855537786, 2.821945521699109, 2.820169696036979, 2.818638699487997, 2.8169762970135226, 2.8153100147483996, 2.8137209463204673, 2.8118828931061772, 2.8104309900604822, 2.808688468896402, 2.807156363382157, 2.8055898766919185, 2.8039394193595304, 2.802266954841933, 2.800705703352114, 2.7990977966904524, 2.7975261391043955, 2.795856332519181, 2.794337272328278, 2.7927098679235374, 2.7912366356364364, 2.7894872253468765, 2.788058933074079, 2.7865866864989464, 2.784928231578965, 2.7832681097210354, 2.7818520655588563, 2.7803759550385823, 2.77866032398276, 2.777176546632484, 2.7757862782850804, 2.7742404441653266, 2.7727553233184947, 2.7712376866523423, 2.7696255027815098, 2.768188478697363, 2.766694697783152, 2.7652800608151336, 2.7637782877621664, 2.7622743198845217, 2.7606647714471877, 2.759239810938226, 2.7577390276966236, 2.7564086706651447, 2.7549368711869677, 2.7535670956081146, 2.752045649983316, 2.7505618126451377, 2.7492290143990625, 2.747818373075475, 2.746362445973961, 2.74495549370202, 2.7434671678167075, 2.7421064846051997, 2.740656423060624, 2.7392444311298303, 2.737775470555773, 2.73657830795598, 2.7351103033084057, 2.7337796933152805, 2.732348283357494, 2.730871465185164, 2.7294999052883333, 2.7282838184934795, 2.7269070371163724, 2.7254849784426836, 2.724197907230746, 2.722771198515341, 2.7214003482711964, 2.7200021549863016, 2.718834196082642, 2.717508195274993, 2.716140241116036, 2.7148288519712933, 2.7136399463055985, 2.7126543075853387, 2.711419665321554, 2.7103640699762463, 2.70864054541832, 2.707051453841641, 2.7056256674896644, 2.7044968141486447, 2.7035607523157235, 2.7025689115269738, 2.701324588643212, 2.6997209331920478, 2.6981745503654966, 2.6968746083082267, 2.695659697162097, 2.6948345804929277, 2.6938888912783283, 2.6927060523784943, 2.6912480856816146, 2.6895036483907555, 2.6881680448597547, 2.6869487647652024, 2.685881094897614, 2.685525605019379, 2.6848826658615876, 2.68268619009832, 2.6810344658820595, 2.6799187076112867, 2.6787900149302852, 2.6783122714618908, 2.6781748802740073, 2.675156128996923, 2.6735533122495707, 2.6733065772339777, 2.673418876676598, 2.674405097671699, 2.668856227263437, 2.676211073136339, 2.6929197594447687, 2.6764402870292185, 2.694743702582713, 2.7237737658929397, 2.6952655235850433, 2.7016506252483095, 2.6677452622937596, 2.694592328288376, 2.667225856741565, 2.68549563083495, 2.6637597932108945, 2.679748880513244, 2.6595251289023163, 2.66876835059672, 2.657011921215847, 2.665554450090686, 2.6508807557897858, 2.674257205923868, 2.7611373744286443, 2.705768964837036, 2.7421143488939035, 2.811531195039748, 2.751687052596145, 2.7200636897151904, 2.8580242230500104, 3.079496494043697, 2.9594676693532347, 2.830004658920785, 3.0512799367674166, 2.790302575397509, 3.175683139432058, 2.708216984087834, 2.949238450786764, 2.8964787325765133, 2.69187937216593, 2.8514607658258555, 2.7884171185548534, 2.700872434367372, 2.8096283815578755, 2.6861353148603344, 2.790599035086224, 2.7584841753530496, 2.668942606393927, 2.7906444767412206, 2.6838165198936617, 2.8140430127809086, 2.7186705143580037, 2.6812973247807577, 2.8973061832402824, 2.7709707020924754, 3.037794914211216, 2.7383076796922277, 2.816404437263981, 3.057522872738488, 2.7504817557018657, 3.2363429166187347, 2.8052534859541947, 2.795502221693607, 3.057981186335364, 2.672798877240164, 2.9062528929703006, 2.938190607771764, 2.6727611441959107, 2.8244764883481244, 2.9512656417400276, 2.6768188411141236, 2.8734176138560645, 2.909872468945706, 2.6743417013981126, 2.750311022708701, 2.921387117651989, 2.677057023221223, 2.960233776704665, 2.908405854420931, 2.675673464330766, 2.780068196943717, 2.7660441262959323, 2.653994788310241, 2.8043126799990885, 2.7700612862508716, 2.6522613746941284, 2.7153283946564106, 2.809843748851636, 2.6401896530788123, 2.8130090016090903, 2.7820917345919085, 2.647986010079604, 2.7161787439692024, 2.821821420000569, 2.6502580847609596, 2.8728891804573973, 2.772715094860108, 2.661380269007928, 2.7584360373388357, 2.745525284235411, 2.6461383818770083, 2.804141876603086, 2.7186207321848004, 2.640375787754623, 2.7331869520410055, 2.7390853029881064, 2.624252629193826, 2.7660930682861187, 2.719479630000993, 2.622738637231571, 2.6969107333577793, 2.6897404108790597, 2.615419418022806, 2.7131769602033398, 2.68465765740362, 2.6128317166094304, 2.6623397052936544, 2.652586815561323, 2.6085227201514893, 2.657672021235961, 2.651204338286671, 2.606776288011842, 2.6296551347494836, 2.6559251515550253, 2.605219585832411, 2.6706113926546724, 2.6488007176194697, 2.602878743016259, 2.635017127133928, 2.6124335185045817, 2.6006347626091713, 2.617832449870839, 2.6112726312282195, 2.5985056439199283, 2.609257490056535, 2.6059740374607845, 2.598701729153065, 2.60098350111411, 2.598913273953656, 2.5977158902766644, 2.6000241762208707, 2.5911034546708005, 2.5924408420171403, 2.591369314668649, 2.5893514438326446, 2.5858743416762415, 2.59103208023042, 2.583729656881037, 2.584982008616807, 2.584125544543711, 2.5851613656603942, 2.5854910807727958, 2.5870779106856805, 2.5807127935428325, 2.5823537294409813, 2.5866195019895, 2.5869240364697603, 2.580907271846024, 2.5846999550961276, 2.5771924305149763, 2.580066184050921, 2.5803440062813974, 2.5759511559088035, 2.5783561974171962, 2.575510857820682, 2.576159025713945, 2.574887401526551, 2.5735140075433964, 2.571919101323586, 2.57214295483624, 2.5708525474120423, 2.5702488911597112, 2.568840437094371, 2.5686982349420338, 2.568051751885189, 2.567383325607898, 2.566938985679149, 2.5662560224876656, 2.56562813357136, 2.5649748955422234, 2.564457970924075, 2.5641207104587043, 2.563055607513783, 2.5631122451251316, 2.562584498188371, 2.5616160004132666, 2.5620079738921078, 2.5610252067221753, 2.5603855097894015, 2.5602489557345405, 2.559136728996142, 2.5584514160990057, 2.5583554918238076, 2.5575466602773584, 2.5565990952028597, 2.5572606485373055, 2.5579468616565895, 2.5551394466233517, 2.5614420044388946, 2.566553956072781, 2.576438703705153, 2.5615225228117384, 2.5547646868950276, 2.5650407882988357, 2.563928992493047, 2.5858042993248866, 2.5612221111340143, 2.5614894300491393, 2.6022425284291657, 2.5721310716797507, 2.627632675615295, 2.5744168614306053, 2.582720956043047, 2.637264653844998, 2.5848565902739677, 2.656445076290832, 2.5925296652192107, 2.6052752720607333, 2.6021238586959243, 2.5835900442028956, 2.591325898902212, 2.577192960051092, 2.579458542372923, 2.5798178319388687, 2.5632166905266307, 2.5802118639409253, 2.5645460290274866, 2.5584777902636415, 2.576741842229269, 2.548775719371223, 2.5651235485045056, 2.564686455782585, 2.5454010008990178, 2.564793588966807, 2.5486455895311626, 2.549147058686451, 2.5548482431196207, 2.5411228289522247, 2.5516478301007437, 2.543639129796569, 2.5424809415993974, 2.546979849560019, 2.538260843439926, 2.5442978544449777, 2.5392083097190867, 2.538873302103239, 2.5400322173278256, 2.5365800990706813, 2.5380954102081175, 2.536031299824267, 2.5360222209406804, 2.5347515890167283, 2.5347047381672083]