Model Setup for Atypical Patient 1:
ITERS=1000
LEARNING_RATE=0.001
OPT_RESET=500
ATOL=1e-09
RTOL=1e-07
METHOD=dopri5
Input channels=2
Hidden channels=11
Output channels=2
Runtime=435.397412776947
Optimizer=Adam (
Parameter Group 0
    amsgrad: False
    betas: (0.9, 0.999)
    capturable: False
    differentiable: False
    eps: 1e-08
    foreach: None
    fused: None
    lr: 0.001
    maximize: False
    weight_decay: 0
)Loss over time=[5507.366913243054, 5328.793459250207, 5217.984522962311, 5131.436361612235, 5058.783566843422, 4995.158950455219, 4938.034571522986, 4885.222003050824, 4835.587350255052, 4788.4950619492965, 4742.874411023591, 4698.892555743445, 4656.035185561851, 4614.157051936616, 4573.159768817824, 4533.629216281532, 4496.03217234085, 4460.208548538232, 4425.835628646593, 4392.7725985173565, 4360.484298978701, 4329.248946517695, 4299.122438179658, 4270.156695812932, 4242.023671205402, 4214.8747723810775, 4188.522371104701, 4162.828007421444, 4138.137938058676, 4114.098768757488, 4090.9240394450007, 4068.410650072589, 4046.3628819899955, 4025.051035852636, 4004.087475586185, 3983.6392951396174, 3963.579895387033, 3943.9419722359885, 3924.700556705588, 3905.833055197059, 3887.28914958293, 3869.0169084054473, 3851.157449831613, 3833.512595842054, 3816.1709941022445, 3799.110436044326, 3782.300043177225, 3765.77156857216, 3749.421703060725, 3733.302432820392, 3717.4014680857917, 3701.7140496546704, 3686.2320034973336, 3670.8828150613263, 3655.719124916765, 3640.7165546239453, 3625.891166303148, 3611.273493425381, 3596.742259136164, 3582.3438745249045, 3568.1504976251726, 3553.982747890628, 3540.0722566357, 3526.2526594195147, 3512.469609918057, 3498.909933326991, 3485.380242184884, 3471.9786802098274, 3458.6914839734095, 3445.4718742985788, 3432.3976212827924, 3419.401584772743, 3406.5461954545885, 3393.7043153897134, 3380.9469912418617, 3368.268729601099, 3355.6808625845874, 3343.180282353345, 3330.7570259919066, 3318.367279704293, 3306.0549800448175, 3293.787888817671, 3281.596219504037, 3269.4091011675428, 3257.2558712153714, 3245.133061711141, 3233.0619920418885, 3220.9658903683403, 3208.9424169797567, 3196.8701877295966, 3184.807384995664, 3172.8574443414427, 3160.839862033266, 3148.846599592436, 3136.850927920132, 3124.825236588056, 3112.625068535871, 3100.441859794934, 3088.0719837648653, 3075.685487674673, 3063.1671113675707, 3050.618753705588, 3037.9400396511064, 3025.0771734815153, 3012.0792230483717, 2998.867488426667, 2985.4351224046554, 2971.8237852378743, 2957.9314544563617, 2944.0102755093826, 2930.229226171823, 2916.52480566805, 2902.944166025025, 2889.3790699113106, 2875.9169521008616, 2862.587401702653, 2849.304414935459, 2836.2817642998375, 2823.472243543337, 2810.794608940177, 2798.270983739596, 2785.8693508325973, 2773.6017103228473, 2761.422580582982, 2749.3648736504692, 2737.37251676558, 2725.519224241408, 2713.768534471218, 2702.050514547266, 2690.47925172253, 2678.9426233764675, 2667.4924842227174, 2656.121710520579, 2644.7939363909445, 2633.536454124031, 2622.3842104053156, 2611.1878301524625, 2600.069448051682, 2588.9535116430493, 2577.925474855379, 2566.843437619504, 2555.866207472541, 2544.8347265581438, 2533.916393070399, 2522.958713985124, 2512.061816423135, 2501.237398069896, 2490.3152226592183, 2479.4768231061635, 2468.6177032879546, 2457.8782294651555, 2447.067238458394, 2436.3275173028665, 2425.578367008708, 2414.8170131270113, 2404.1205895578796, 2393.3874848639985, 2382.6492867222464, 2371.959320025639, 2361.272456893149, 2350.6307479893912, 2339.9881975583685, 2329.3512797845847, 2318.7530380302746, 2308.1329250502354, 2297.5247900684876, 2286.9988064077, 2276.4130346484053, 2265.8200850775743, 2255.3223774358585, 2244.8230986294584, 2234.367054043531, 2223.940362687399, 2213.5003788322156, 2203.170027439327, 2192.764273875501, 2182.4349305453597, 2172.0874604862897, 2161.8221810610466, 2151.5947264356278, 2141.4114283869144, 2131.2820163447495, 2121.2084752571845, 2111.1752302913183, 2101.1949659478078, 2091.2688645941225, 2081.36508328586, 2071.5315157449313, 2061.7300499698486, 2051.9491495638945, 2042.2185195512066, 2032.516942599607, 2022.851860031088, 2013.1825166930391, 2003.5752075139937, 1993.96141461169, 1984.4105328277847, 1974.8472687814553, 1965.3403001064044, 1955.8295005855405, 1946.3661017754755, 1936.92920777405, 1927.5339105889493, 1918.1411914858043, 1908.79808564888, 1899.4325366823018, 1890.118925414505, 1880.7779006366372, 1871.4660617288062, 1862.1692498843668, 1852.8452965821236, 1843.5454645883476, 1834.2622678273387, 1824.9576105406466, 1815.6477882454506, 1806.364947649243, 1797.1241686339026, 1787.8677093398765, 1778.6628265393942, 1769.4891040406153, 1760.3206177304235, 1751.1755250847746, 1742.0400789875741, 1732.948835388048, 1723.8206034045638, 1714.7447462556374, 1705.7052913776934, 1696.6482392474943, 1687.6287963562538, 1678.5959805187047, 1669.6493480245838, 1660.6478351635355, 1651.7155164089936, 1642.7415202748855, 1633.839677415752, 1624.9299048453956, 1616.0225308566662, 1607.148512722906, 1598.2584820903423, 1589.4130144632293, 1580.596446543277, 1571.7284998877751, 1562.9220073697338, 1554.1219168104203, 1545.3128850218789, 1536.5314605445833, 1527.765239348667, 1518.980662874026, 1510.2285271894455, 1501.49620360981, 1492.7607315353578, 1484.0415417323734, 1475.3504579734943, 1466.6600421614849, 1457.9857578029234, 1449.3221885154462, 1440.6842689819664, 1432.0663521922127, 1423.4428205577387, 1414.849386739355, 1406.2422562187044, 1397.6673772299187, 1389.113060683706, 1380.593291622578, 1372.079495289139, 1363.5756754913682, 1355.0963357564804, 1346.6583360031514, 1338.2740889403717, 1329.8051088487211, 1321.4188332460221, 1313.0488128083964, 1304.688215502897, 1296.4156192825394, 1288.0961598228391, 1279.842125997726, 1271.6142325846993, 1263.4579627818057, 1255.265931228728, 1247.1325385656373, 1239.0514189324556, 1231.0206223859873, 1223.0267118503712, 1215.0731842247967, 1207.1775646451395, 1199.3334780253585, 1191.5419329211586, 1183.7885930061639, 1176.1036701546093, 1168.4617179855707, 1160.887895679103, 1153.3658145382374, 1145.9033598768206, 1138.4683054555671, 1131.1098931971524, 1123.7937900539905, 1116.522520851465, 1109.3124847599686, 1102.1304089629202, 1095.0048551077557, 1087.9231381120198, 1080.8711527346657, 1073.8816744990377, 1066.9363804832365, 1060.0327594855598, 1053.1548805897046, 1046.341163520701, 1039.5505953350066, 1032.8043865731984, 1026.0985191857244, 1019.4377261351484, 1012.8081822077769, 1006.224657590249, 999.6704242518094, 993.1387675258248, 986.6900219647381, 980.2412277577095, 973.84027366212, 967.4777322433551, 961.1369731457846, 954.8294564735096, 948.5634637303293, 942.3281498235106, 936.1265904549703, 929.9658976908536, 923.8245178903475, 917.7339098437067, 911.6493423060722, 905.6049346516212, 899.59067290009, 893.5959332598418, 887.6470525933765, 881.7275865981861, 875.8185391765389, 869.9527608268596, 864.114644139848, 858.2957733126539, 852.5010624842135, 846.7544646528288, 841.0240708307313, 835.3116321411849, 829.629710307571, 823.9770483352639, 818.3454886275315, 812.7386438877239, 807.154062114737, 801.5908255141403, 796.0495534380229, 790.533424780144, 785.0376752513965, 779.5610100635266, 774.1028726787895, 768.6712767780281, 763.2508076250325, 757.8560292116398, 752.4672777191784, 747.1051917605723, 741.7612226433714, 736.4333316696701, 731.1184536025668, 725.8263302706017, 720.552299516838, 715.2931918491169, 710.0327298421508, 704.8126452805452, 699.588328740726, 694.37536501451, 689.1808781847135, 683.9928546970342, 678.8113988407056, 673.63670759276, 668.4729410379463, 663.3176683930672, 658.1822979036974, 653.0512870576068, 647.9317778215999, 642.8211009964085, 637.7072529737075, 632.588240964516, 627.4737808108927, 622.3683620014025, 617.2664941217431, 612.1477712182109, 607.0051376886425, 601.7371763612745, 596.4742492743034, 591.3953891144963, 586.4401369215219, 581.5517592230159, 576.7282162494935, 571.9654642337133, 567.2542761090559, 562.6103821189043, 558.0179768670619, 553.4769980621629, 548.9870248481064, 544.5513513750461, 540.1650565202558, 535.8269274575482, 531.5388118915586, 527.2945153850028, 523.1042408001199, 518.954951286031, 514.8521659065947, 510.79376121453663, 506.77256294786764, 502.8038007410558, 498.8716793498879, 494.98781937278926, 491.13819263389865, 487.3278460987482, 483.55902544204986, 479.8272206012343, 476.13329138387434, 472.4765121823047, 468.8573620021389, 465.27307984339313, 461.7245047759139, 458.2101705317916, 454.7332698389769, 451.2890622520726, 447.87719522734875, 444.49781817400975, 441.1528387488954, 437.8386515507169, 434.55470417165236, 431.3074159136911, 428.08338197738067, 424.89430069410395, 421.7349868862535, 418.60468852065844, 415.5033168672586, 412.43044903813586, 409.3857586596972, 406.3687340632054, 403.3788006635572, 400.41642914027796, 397.48062018485575, 394.5715395586627, 391.68681213229524, 388.82687804711423, 385.996382142037, 383.1854895580361, 380.4026723846969, 377.64456554663974, 374.9123045529825, 372.2032750870387, 369.5179705306589, 366.8596064112446, 364.22043066188957, 361.6062555749094, 359.0141947629441, 356.4426932271177, 353.89480335187045, 351.3688279254794, 348.86423763694717, 346.3801826356096, 343.91961526719456, 341.4792457255585, 339.05909280747426, 336.6565660614943, 334.27886492949443, 331.91954849302067, 329.58133678787294, 327.26166396138683, 324.96122478768035, 322.6805299659508, 320.42166367549055, 318.1776314237097, 315.9512456639225, 313.7423331129612, 311.55224844054607, 309.38077683051057, 307.2277244209559, 305.0928851156103, 302.9760469022021, 300.87704626539687, 298.79847395348565, 296.73556666497916, 294.6899879425353, 292.6613438569752, 290.6491220395143, 288.65615044045967, 286.67807352158314, 284.7187377568419, 282.77605953376786, 280.8488858625631, 278.9376826221885, 277.042285324979, 275.1625430304124, 273.29830699790637, 271.44942395791446, 269.6157467412781, 267.79713041444813, 265.99343407764945, 264.2045297136487, 262.430324133924, 260.6710920657452, 258.9263996124344, 257.19637405443297, 255.48023573348738, 213.67063036220026, 186.82488886059016, 160.4286641056528, 138.37136536632454, 118.61852243396824, 98.46872338688596, 82.38363275540277, 67.50166846711839, 54.61369685549737, 44.462467362289715, 35.469331158529094, 29.00276531634315, 23.18647513908811, 19.46879710387825, 16.376382746610716, 14.525907917833457, 13.475295078219267, 13.045360570361828, 13.297202880448578, 13.724435351155329, 14.56478899842923, 15.519065310971634, 16.422527711114753, 17.37743441470875, 17.861887255647844, 18.344732375043076, 18.300465090212956, 18.300244948225465, 17.902920891342422, 17.531975414116914, 16.954528644430773, 16.33262985021602, 15.67791614846385, 14.993062179029295, 14.493942049902914, 13.969838335978237, 13.663311131310422, 13.484142130653481, 13.338260929874291, 13.37510326365039, 13.460413731221854, 13.530240746925626, 13.658386206386977, 13.78533956739367, 13.830194051682087, 13.833642157718554, 13.830939006683376, 13.775391201952608, 13.660155577460909, 13.544530584261075, 13.444926354128576, 13.337153098243848, 13.224922454236161, 13.137018984988265, 13.085131476768295, 13.055184717032546, 13.031980520650752, 13.013094393646638, 13.002023921010469, 12.999102411298777, 12.99994326507778, 12.99876260833832, 12.992950903649831, 12.981677712656387, 12.972881764065091, 12.975257840896766, 13.028556053664868, 13.17418309975708, 13.581157365247835, 14.114608879527596, 14.637795497299406, 13.897136367833395, 12.82184240666006, 12.829248402954649, 13.566275803947065, 13.567244408952137, 12.712652773010022, 12.76614478183888, 13.35476019679126, 13.03960486357951, 12.544703845021077, 12.756096181962688, 13.017520629261618, 12.747773931892711, 12.465003801688407, 12.672038885351856, 12.835806905725912, 12.56338641294012, 12.392083198265157, 12.542739445090774, 12.62505788916373, 12.47244313106565, 12.31685161091116, 12.37342031734284, 12.481798577793429, 12.423086121343628, 12.285403603150762, 12.22500236562629, 12.276260661298439, 12.335506503751208, 12.302133224021992, 12.214225334087793, 12.134933778646639, 12.11365230412964, 12.137216309059703, 12.164165223481456, 12.174991847738273, 12.150034221148756, 12.112350001604216, 12.061090007830433, 12.016009464326647, 11.975020663209376, 11.94232782221361, 11.914259072157403, 11.89032109558701, 11.869028746652987, 11.85148235325161, 11.841101123724036, 11.85009580276868, 11.90868030509639, 12.127070481864541, 12.752776641219436, 14.658437423267895, 18.02464687699204, 21.036755740969532, 14.192324176345943, 12.35084286631306, 16.952724082265448, 13.482546362616104, 12.249429437648303, 15.170965803512217, 12.111607338717652, 12.942029410299153, 13.930240371186574, 11.581712016407977, 13.609251779413079, 12.567323801361505, 11.992268033061004, 13.280564830050663, 11.614805602495297, 12.510213769957192, 12.194684299772756, 11.63317086849019, 12.425671366869691, 11.505337735917026, 12.033227053349332, 11.877327824694879, 11.509948632923352, 12.023734315828728, 11.446356954691256, 11.684729915386033, 11.671836257194162, 11.351704728352125, 11.667179524041462, 11.363269306402195, 11.385859856650084, 11.480104374858234, 11.193023388775778, 11.319968763784356, 11.225921138725367, 10.997411270825516, 11.045721550280218, 10.97273740879968, 10.748737746083236, 10.737405144633946, 10.990394549268785, 12.040924587824396, 12.97564296371595, 12.22167847259643, 10.730849044766238, 10.864435935451406, 11.746444412927453, 11.25401579755792, 10.451896000726528, 11.036334248738624, 11.273224469341807, 10.507304512994693, 10.630168367674791, 11.060179516363933, 10.566584801177385, 10.396923421518903, 10.77112368265115, 10.566267708853005, 10.263943539969874, 10.472788216901467, 10.507858842896496, 10.22644641405304, 10.215134390242797, 10.36740933831092, 10.255987722581477, 10.083355870907146, 10.149882535365384, 10.221943979979464, 10.096492532506494, 9.989697125832409, 10.035691220478542, 10.072701333675868, 9.990729485237694, 9.894498612536879, 9.893258416006711, 9.927919428566199, 9.896878003907517, 9.815791017768122, 9.761766610465848, 9.762442874596006, 9.77147755152656, 9.742580244802982, 9.685318372810972, 9.635940571069368, 9.61481314721118, 9.61082508363169, 9.60074901388987, 9.574048552808632, 9.533243265951318, 9.490445616902685, 9.453854927926034, 9.426142057902817, 9.405603579567714, 9.389141337453799, 9.375536285576771, 9.364403004233452, 9.359683502439173, 9.366759254704363, 9.40216622264762, 9.486977635520487, 9.687528215701375, 10.070850772487702, 10.865299260113233, 11.986353512475954, 13.68428673876503, 14.076822943587707, 12.90717376358283, 9.916677800693082, 9.165455408051566, 10.842653927828746, 11.296025774290682, 9.88073633246411, 9.001694244239992, 10.022467790022613, 10.527879179784817, 9.330600409512648, 9.01272247134063, 9.834029732452471, 9.69878134815625, 8.945152065453312, 9.02747810485313, 9.49475607480104, 9.253635523711834, 8.79035230721309, 8.998852968727332, 9.26263435620362, 8.946209894430785, 8.703894823242855, 8.897066248968638, 8.992362003650094, 8.766192863816219, 8.621062029430057, 8.749418237588587, 8.8172713356068, 8.651908978364292, 8.534050759852372, 8.6006767925694, 8.656479945434647, 8.571330243968514, 8.457056242279146, 8.454136500699777, 8.506306153144, 8.488653685904053, 8.405095478140758, 8.342493502418812, 8.34518313134001, 8.367753278887099, 8.35093125680262, 8.296013693999354, 8.240574082129786, 8.215434967709514, 8.21584566297248, 8.216746292797106, 8.200805673268707, 8.165262529641511, 8.123383675183733, 8.086585690791503, 8.06090303011478, 8.045018925298486, 8.034535877494166, 8.025038480762449, 8.013838756416355, 8.001745841667457, 7.988473399715741, 7.978491322631956, 7.972503943164208, 7.9794602947927675, 8.003676272416508, 8.07126088800211, 8.201401794946003, 8.491150762456442, 8.99914266611192, 10.085555245874831, 11.598611298519552, 14.202251289790315, 14.456003101662093, 13.260917887382668, 9.130378412800075, 7.716371932754171, 9.70892972336574, 10.832136412351046, 9.41698882254672, 7.637768445465264, 8.580728230890951, 9.818786663793428, 8.535345818032095, 7.552955266918692, 8.411892964020893, 8.781594660854928, 7.896572066593575, 7.551018495312133, 8.223755662884885, 8.266490541875545, 7.551351465275911, 7.607249665659967, 8.066246588563121, 7.780687140964445, 7.391766252152027, 7.597738601307353, 7.773760840528794, 7.505434676364714, 7.326028551282318, 7.51342360549728, 7.577040944921381, 7.3476984525181255, 7.267603657259914, 7.402954110623137, 7.404113715807123, 7.247904808844928, 7.190942251133236, 7.2707414802648005, 7.284476765924523, 7.177575039451873, 7.111223425346065, 7.145691439398646, 7.173139800007272, 7.121444288640305, 7.047102706033433, 7.030403837428033, 7.054193966500713, 7.050873550421182, 7.0044390064253, 6.953707581666529, 6.9359450273472865, 6.942181391599758, 6.939194305976943, 6.9124267977338265, 6.872865944432103, 6.842008071513485, 6.827909387633153, 6.823228550474202, 6.815878284802192, 6.798618943289188, 6.773241118366081, 6.744465935471825, 6.718531632571658, 6.6980074229246975, 6.682189814585012, 6.6693733390764445, 6.658100366116739, 6.64738247544671, 6.637156728390437, 6.62872769046686, 6.623021209470244, 6.624719845436527, 6.636315175494417, 6.673655493093263, 6.749010951620244, 6.922520016613638, 7.245100012736171, 7.975191183361414, 9.216415139410536, 11.923167315702331, 14.5680418587122, 18.047139656675476, 12.160909038648043, 7.266727622384456, 6.95737231612826, 10.145337737384928, 11.472697555273003, 7.834588192806331, 6.500177788134584, 8.742194428535921, 8.884315811088628, 6.845062067098173, 6.6265507231684175, 8.04935226284779, 7.653193419768365, 6.3264946406139275, 7.000970193947, 7.654884311041901, 6.599795877492744, 6.380866096918985, 7.136943721133139, 6.769203802894924, 6.186345993851608, 6.5771995562017, 6.719427589701385, 6.212989544695869, 6.110085743553086, 6.419009483113373, 6.55295397405229, 6.408231379565973, 6.017669936747087, 5.879304274463852, 6.0756553080424025, 6.177024265017692, 6.005430260855343, 5.807434181070315, 5.722086049022367, 5.738019788483031, 5.886848022549191, 6.683464370634268, 8.270870413823259, 9.600852990592037, 8.409844708108524, 6.066801627000867, 6.58016722282554, 8.173340241971822, 7.397351613791792, 5.855473064325779, 6.036022411917395, 7.205092548688668, 7.139623475468675, 5.913939388670472, 5.786196064428205, 6.571370574124458, 6.342153859011543, 5.699440488651167, 5.944328849108819, 6.2607832425150916, 5.876090015258754, 5.599082913432137, 5.915642776622523, 6.063883693425231, 5.731360837312442, 5.566764297752806, 5.772403375135406, 5.828015339288222, 5.61533504613969, 5.5387789434205414, 5.67546539395805, 5.704010471560386, 5.55137046755697, 5.475095518186881, 5.554172938919185, 5.633140278896651, 5.590616137442132, 5.481332800442246, 5.428865797614184, 5.465990887762446, 5.517452704833684, 5.515058340783894, 5.463403257494463, 5.409799211924806, 5.381808446279719, 5.381679316737718, 5.399987032536024, 5.4312834568378525, 5.47193252430332, 5.527313363158483, 5.590306516371601, 5.683933299784718, 5.799463520077725, 5.998967964868177, 6.236767419187296, 6.546356721158504, 6.709243556327693, 6.55725736731359, 6.077035104393036, 5.5152030714573055, 5.2905092906798705, 5.482338743991557, 5.816056302202673, 5.968559933197846, 5.791629241020096, 5.474624205140658, 5.276967600056006, 5.337146729354763, 5.51938651251387, 5.589976673682185, 5.489719245281626, 5.321875237522514, 5.242946655360118, 5.288909536915596, 5.384794544575396, 5.4386272584604, 5.403370639624023, 5.316457347439765, 5.235014546979884, 5.203214685072363, 5.222835958034596, 5.267354168186537, 5.309730996022399]