Model Setup for Atypical Patient 3:
ITERS=1000
LEARNING_RATE=0.001
OPT_RESET=500
ATOL=1e-09
RTOL=1e-07
METHOD=dopri5
Input channels=2
Hidden channels=11
Output channels=2
Runtime=90.12628507614136
Optimizer=Adam (
Parameter Group 0
    amsgrad: False
    betas: (0.9, 0.999)
    capturable: False
    differentiable: False
    eps: 1e-08
    foreach: None
    fused: None
    lr: 0.001
    maximize: False
    weight_decay: 0
)Loss over time=[787.8746596534249, 719.4793429309001, 676.398298120656, 643.6748345716425, 616.8143803139715, 593.7970014983295, 573.5204087770983, 555.311737902723, 538.7300350473731, 523.4689661016405, 509.3010183424621, 496.0576842522205, 483.603989025838, 471.8360387878523, 460.662437210063, 450.02140925257777, 439.8523528783753, 430.1066515226081, 420.73767802415654, 411.71515264786467, 402.99487860680745, 394.5954903709177, 386.4408420905986, 378.54149461151377, 370.8789400786505, 363.4320345689012, 356.2012390902228, 349.1857872445217, 342.36775087520215, 335.75310767940414, 329.3514755626938, 323.14847130016165, 317.16210940362276, 311.4000459421146, 305.84639557593425, 300.4870465967102, 295.3096300536968, 290.3025521103489, 285.4565538159287, 280.76207950056744, 276.2112133679384, 271.79497906729324, 267.5083564616287, 263.3433705886169, 259.29469329863855, 255.35685026762943, 251.5247303524683, 247.7931876674973, 244.15808635383198, 240.61511705755757, 237.16055727531966, 233.79122797434874, 230.50286263107319, 227.29244626867123, 224.1574446547572, 221.09436154927423, 218.10098909937687, 215.17451281889072, 212.3125728456145, 209.51290076011927, 206.77329378145788, 204.09170901377982, 201.46641921140565, 198.89525298642454, 196.3765041224052, 193.9086354581407, 191.48988524156485, 189.11880098646535, 186.7938430398632, 184.51371467469528, 182.27699574443065, 180.08252886849743, 177.92897296808604, 175.81516394819982, 173.73997557835932, 171.70232777874426, 169.70120039534706, 167.7355591198217, 165.80447890406606, 163.90702827354806, 162.04225332245667, 160.2093434769322, 158.4074979468613, 156.63612943726443, 154.8942112917862, 153.1810503667317, 151.49601586456276, 149.83834622399115, 148.20736964485647, 146.60247458731433, 145.02313519098564, 143.46876994831226, 141.93843144752952, 140.43198644233019, 138.94875639112612, 137.48825937841764, 136.04994504255458, 134.63331711120543, 133.2379141473734, 131.86324741783343, 130.50889735657753, 129.17440901446952, 127.85938277994141, 126.56326107098921, 125.28588962062389, 124.02678889384843, 122.78567602402408, 121.56217954720827, 120.35564228820927, 119.1660694783841, 117.99301789694954, 116.83617548017546, 115.69512176876542, 114.56963165777339, 113.45940692964349, 112.36415713438218, 111.28359925635446, 110.21745839113683, 109.16546576109987, 108.12736012534941, 107.10288682292676, 106.09179757270284, 105.0938501720815, 104.10889109309082, 103.13642448905208, 102.17661089962736, 101.22892112332757, 100.2932600874175, 99.36939724127772, 98.45715005123915, 97.55632367736617, 96.66670338453254, 95.78809378193382, 94.92032144602612, 94.06319344790971, 93.21655162926787, 92.3802229202547, 91.55401793968203, 90.73778843438792, 89.93136988790188, 89.1345770314025, 88.34726399704351, 87.56929075662204, 86.80053719098504, 86.04090484262377, 85.2900977594022, 84.54806592367846, 83.81465996667619, 83.08980280600787, 82.37325648192892, 81.66496571261933, 80.96478925389268, 80.27260435261427, 79.5882907295156, 78.91173051468247, 78.24280818484971, 77.58141050290148, 76.92742645919037, 76.28074702860661, 75.6412651233609, 75.0088765656323, 74.38347870845122, 73.76497086450877, 73.15325421797797, 72.54823165235368, 71.94980843973165, 71.35789197302394, 70.77238945860084, 70.19321132825918, 69.62026942501143, 69.05347713062869, 68.49274940037357, 67.9380398429755, 67.38948937716697, 66.84697588102729, 66.31036068306118, 65.77999150857694, 65.25530831344852, 64.73627170832043, 64.22281245911971, 63.71536096147643, 63.21310748298156, 62.71637206158584, 62.22520221493806, 61.73925505675634, 61.25831211433978, 60.78311629231448, 60.312748155299985, 59.847440731371925, 59.38646368588543, 58.9302368055374, 58.4797584203502, 58.033958299785624, 57.59280733430166, 57.15627900145285, 56.724378116393126, 56.296457445102256, 55.87307878612452, 55.45539582600873, 55.04100699461824, 54.631109468411566, 54.22476353724706, 53.82346613174614, 53.42616991719839, 53.03288103557326, 52.644687589810935, 52.25858251374022, 51.87704893870261, 51.49995480912901, 51.12667894152882, 50.756710859353305, 50.39086622929903, 50.028477527113544, 49.670060161814234, 49.31522342867723, 48.963952233435776, 48.61621136673921, 48.2721166912673, 47.93132932125841, 47.59353852899795, 47.25992654136805, 46.92845219458247, 46.602326042230374, 46.2774081653268, 45.95608167638931, 45.638780863243646, 45.32333826301388, 45.01291188424609, 44.704046983079486, 44.398637292457934, 44.09575091541888, 43.79688066517397, 43.500348219990215, 43.206792665975485, 42.9154805994513, 42.62809112682391, 42.343030181022094, 42.060763408567624, 41.781161886892676, 41.50397553513795, 41.230902699408745, 40.95864547720161, 40.689393490763315, 40.42286428960418, 40.15934247893721, 39.89887131374591, 39.640720761563394, 39.38369849158095, 39.130466427902974, 38.87870240475415, 38.629651025583144, 38.3826643220616, 38.139397276433066, 37.89694814641728, 37.65748589905333, 37.42020020162337, 37.184973226472735, 36.952138150092885, 36.72161882393669, 36.49420553063778, 36.26758493523038, 36.043456712809736, 35.820635743950746, 35.6005950065746, 35.383180119345376, 35.16708183371247, 34.95386182982419, 34.74196596092118, 34.53276137743708, 34.325086662000714, 34.118358790885196, 33.91511149286776, 33.71284232350479, 33.51270206941722, 33.31471805923298, 33.1184567852622, 32.92388110605419, 32.73137574708227, 32.54130430483705, 32.35119569794685, 32.16425037815504, 31.978910501168738, 31.795070292870363, 31.613397670097996, 31.43177455494314, 31.253665540224144, 31.076562625324513, 30.90133338060259, 30.725783169805172, 30.553736790226377, 30.38388036684753, 30.213470313827244, 30.045535747462974, 29.878957006569124, 29.71475059437935, 29.55023514822686, 29.388580634978858, 29.227828514635927, 29.069230181292344, 28.911993144377153, 28.75595286482733, 28.599677991122018, 28.445982014878258, 28.293936025401447, 28.142985356760956, 27.99337793659622, 27.845106465433812, 27.69860483049393, 27.551796392708958, 27.407355881898752, 27.26394749810443, 27.122270972226445, 26.981438697558758, 26.841489205654398, 26.702103483299677, 26.564410376368233, 26.428957152068673, 26.292997712490372, 26.158814894702527, 26.02628690658213, 25.894115764574995, 25.763527828340877, 25.63408657359526, 25.50421238088826, 25.37649285049916, 25.250007790251527, 25.124193378147197, 24.99989319882443, 24.87581647013715, 24.753435605112962, 24.63141959701396, 24.5107497958935, 24.390896919505575, 24.27162163510407, 24.15425148880762, 24.037078092693434, 23.92066449578398, 23.804810120423443, 23.6904923153815, 23.576596950238635, 23.463894835803675, 23.351957765543215, 23.240780619228246, 23.129658714679735, 23.020058995069466, 22.911313907744145, 22.803484243169287, 22.696307203879012, 22.589948906700968, 22.484102586077924, 22.379592551359238, 22.275327159358564, 22.172006353024436, 22.069243805611034, 21.966402658335596, 21.865251887703444, 21.764671010776002, 21.66494251408602, 21.565760188618267, 21.46675076440755, 21.36872340013827, 21.2717519628009, 21.174923733845887, 21.07899326208284, 20.98366733807268, 20.888776282085335, 20.794619068582083, 20.70105438254681, 20.6080988063462, 20.515664520380593, 20.42389289903869, 20.332648068718175, 20.24172787787844, 20.151793513523835, 20.06218067755231, 19.973003207807036, 19.88458771535329, 19.79659971840633, 19.709144523005417, 19.622218752464338, 19.535818499842797, 19.4499399007437, 19.36457913249458, 19.279732413355017, 19.1953960017469, 19.111566195504068, 19.0282393311468, 18.945411783174332, 18.863079963377686, 18.781240320171715, 18.699889337947056, 18.61902353643731, 18.538639470106496, 18.458733727550626, 18.37930293091744, 18.30034373534121, 18.22185282839177, 18.143826929540122, 18.06626278963609, 17.98915719040264, 17.91250694393882, 17.83630889224001, 17.76055990672877, 17.685256887797955, 17.61039676436503, 17.535976493437445, 17.46199305969105, 17.388443475055638, 17.315324778314054, 17.242634034708786, 17.170368335558397, 17.098524797886096, 17.02710056405225, 16.956092801400526, 16.885498701910276, 16.815315481854434, 16.745540381470914, 16.67617066463722, 16.607203618554916, 16.53863655343927, 16.470466802217874, 16.402691720234593, 16.335308684961138, 16.268315095712694, 16.201708373373677, 16.135485960126154, 16.06964531918558, 16.00418393454067, 15.939099310699742, 15.874388972442544, 15.810050464577598, 15.746081351702943, 15.682479217973452, 15.619241666871217, 15.556366320982114, 15.493850821774766, 15.431692829386327, 15.369890022410233, 15.308440097688338, 15.247340770108934, 15.186589772406291, 15.126184854964112, 15.066123785624457, 15.006404349498114, 14.947024348779486, 14.887981602564828, 14.829273946672144, 14.770899233467823, 14.712855331690992, 14.655140126286437, 14.597751518235992, 14.540687424395719, 14.483945777334098, 14.427524525172943, 14.371421631432845, 14.31563507487792, 14.260162849366155, 14.205002963700348, 14.150153441481104, 14.095612320964268, 14.041377654918852, 13.987447510486497, 13.933819969044254, 13.880493126069013, 13.827465091005138, 13.774733987132095, 13.722297951434665, 13.67015513447616, 13.618303700272554, 13.566741826167362, 13.515467702710309, 13.464479533536048, 13.413775535245884, 13.36335393729006, 13.313212981851501, 13.26335092373381, 13.213766030245166, 13.16445658108956, 13.115420868256582, 13.06665719591284, 13.018163880294965, 12.969939249604387, 12.921981643903388, 12.87428941501119, 12.826860926403128, 12.77969455310997, 12.73278868161907, 12.686141709775724, 12.639752046687214, 12.59361811262674, 12.547738338938574, 12.502111167945507, 12.456735052855983, 12.411608457673227, 12.36672985710486, 12.322097736473319, 12.277710591628493, 12.233566928860576, 12.189665264813469, 12.146004126399179, 12.10258205071454, 8.863502164655403, 6.45269489124891, 4.889058734553271, 4.044152795589164, 3.6967074518161436, 3.7155773632125975, 3.9501466515804395, 4.268457469891497, 4.566412341002255, 4.770821488064391, 4.849918864506178, 4.805019099487851, 4.654855919908454, 4.432850774535458, 4.182114006157954, 3.9447788461534516, 3.7513887025126924, 3.6185649473989376, 3.5545251473668102, 3.5547253636006015, 3.6040214030757314, 3.6804064948495725, 3.7594232632622497, 3.819774081997264, 3.8480715441031985, 3.840364520582597, 3.8012392125154664, 3.741672562236991, 3.675495311912151, 3.6155791003938345, 3.5713977017871574, 3.547732074109669, 3.544207523985261, 3.5562822420517906, 3.577113942302599, 3.599241545900894, 3.6162217977020203, 3.624021409630595, 3.6214084773623445, 3.609671100985081, 3.592072436106159, 3.572792336797737, 3.555763373462231, 3.5439027776042296, 3.5385452599251095, 3.539254262655572, 3.5442393641815952, 3.5509705804322182, 3.556862566084271, 3.5600134559446377, 3.5595907012853356, 3.555845391741139, 3.5499232584222384, 3.5433947065931943, 3.5377330588023113, 3.533966664096751, 3.532448491489728, 3.5328606776771023, 3.5344413503916683, 3.5362426718517352, 3.537424584539336, 3.537486818426247, 3.5363306344110508, 3.5342313732965915, 3.5317041503945408, 3.529302011512189, 3.5274628573973006, 3.526393517997154, 3.5260376348691835, 3.5261441721770486, 3.526364279097578, 3.5263754812941714, 3.525981351925042, 3.525144089372675, 3.523976503950418, 3.522679324806474, 3.5214597082397217, 3.5204687577353724, 3.5197573974757246, 3.5192788253065364, 3.518920899502319, 3.5185503162159204, 3.5180630970366056, 3.5174113804360227, 3.5166100997967447, 3.515722677715487, 3.5148293257692034, 3.513999193532986, 3.5132673749369037, 3.512628435016957, 3.5120458674911124, 3.5114684596380044, 3.5108519049324642, 3.5101723935706555, 3.509431621705055, 3.5086523327723813, 3.5078657319207234, 3.5070995951142474, 3.5063681658541843, 3.5056695017356416, 3.5049890567425988, 3.5043067474754266, 3.503605776023929, 3.5028778115445816, 3.502124922161934, 3.5013568915044373, 3.5005861264099294, 3.4998227194629763, 3.49907071773122, 3.4983278513992913, 3.4975872822175393, 3.496841120068314, 3.4960836546578027, 3.4953131224451526, 3.494531838164481, 3.4937444313989143, 3.4929557348529645, 3.492168725117132, 3.491383703569292, 3.490598626723674, 3.4898103031034196, 3.4890159343800473, 3.4882141153849417, 3.4874052273904796, 3.486590911605808, 3.4857732136534847, 3.484953641657364, 3.4841326343576853, 3.483309570304502, 3.4824831910398015, 3.481652266235321, 3.4808160775801467, 3.4799746589613916, 3.479128626071582, 3.478278825745858, 3.4774259180308986, 3.4765701262169055, 3.475711215036526, 3.474848666324979, 3.473981960739602, 3.4731107938302888, 3.4722351797837048, 3.471355376903797, 3.470471736525013, 3.4695845198459168, 3.468693799282533, 3.467799452110817, 3.4669012495493106, 3.4659989746633553, 3.4650925148667397, 3.464181892604192, 3.463267225882275, 3.462348655806518, 3.461426270908308, 3.4605000741434164, 3.4595699900548187, 3.4586359121087047, 3.457697751545076, 3.4567554731869095, 3.455809096349631, 3.454858672621614, 3.4539042496573766, 3.452945844601048, 3.4519834354287267, 3.4510169733309066, 3.450046405067576, 3.449071693526737, 3.4480928269038684, 3.4471098136893805, 3.4461226688128126, 3.445131398413334, 3.4441359920264265, 3.443136423659828, 3.4421326607575633, 3.4411246740524337, 3.4401124444610547, 3.439095963031815, 3.43807522615639, 3.437050228212181, 3.4360209567781625, 3.4349873915897406, 3.4339495078452114, 3.432907280672664, 3.4318606890033623, 3.4308097164111726, 3.429754349509406, 3.4286945746378152, 3.4276303753253896, 3.426561731321959, 3.4254886197563326, 3.4244110170968813, 3.423328901057545, 3.422242251210878, 3.421151048421237, 3.420055273340711, 3.4189549052296937, 3.4178499214038, 3.4167402976891053, 3.415626009315564, 3.414507031835795, 3.4133833414657415, 3.4122549148550108, 3.411121728412607, 3.40998375772153, 3.408840977269279, 3.4076933606380417, 3.4065408809051108, 3.40538351104782, 3.4042212240843255, 3.4030539929552592, 3.4018817904025003, 3.400704588426023, 3.399522358200583, 3.3983350702558095, 3.3971426946820045, 3.395945201314639, 3.3947425597895697, 3.3935347394613515, 3.3923217092564104, 3.391103437548456, 3.38987989212128, 3.388651040216594, 3.3874168486272964, 3.3861772837602415, 3.3849323116389893, 3.383681897848996, 3.3824260074696286, 3.381164605021172, 3.3798976544587163, 3.378625119205873, 3.3773469621971732, 3.376063145891452, 3.374773632339412, 3.3734783837546773, 3.372177361467196, 3.3708705262509358, 3.369557838362368, 3.368239257595788, 3.3669147432808555, 3.3655842543238195, 3.3642477491165437, 3.362905185566699, 3.361556521098395, 3.360201712621082, 3.3588407165143237, 3.357473488584557, 3.356099983956788, 3.3547201569521943, 3.3533339631942467, 3.3519413577214228, 3.3505422939120653, 3.3491367163567953, 3.3477244688079266, 3.346305608217078, 3.3448800815940785, 3.3434478234011915, 3.342008704162664, 3.3405630928342176, 3.3391102676655504, 3.33765064330041, 3.3361840701143604, 3.3347104761202657, 3.333229803556152, 3.3317421014628974, 3.3302472078150256, 3.3287450567520236, 3.327235592691504, 3.325718761093464, 3.3241945038684944, 3.3226627622669382, 3.3211234774338667, 3.3195765899752474, 3.318022039777452, 3.316459766022588, 3.3148897071642534, 3.3133118009145477, 3.311725984227415, 3.3101321932389025, 3.3085303636645516, 3.3069204308878573, 3.30530232830486, 3.3036759887624183, 3.3020413445428614, 3.3003983273329762, 3.2987468682015244, 3.2970868975813135, 3.2954183452535575, 3.2937411403370036, 3.2920552112802977, 3.2903604858542193, 3.2886568911458522, 3.2869443535982423, 3.2852227995164287, 3.2834921538935267, 3.281752340814255, 3.2800032837056405, 3.278244905330142, 3.2764771277800575, 3.2746998724726386, 3.2729130600189973, 3.2711166104243814, 3.269310443106454, 3.2674944767985497, 3.2656686295503476, 3.2638328187276415, 3.2619869610148027, 3.2601309724163325, 3.2582647682582206, 3.2563882631907415, 3.2545013711919824, 3.2526040055702423, 3.250696078968598, 3.248777503369006, 3.2468481900968684, 3.244908050038265, 3.2429569933784816, 3.240994929425651, 3.239021766866662, 3.2370374137742775, 3.235041777615182, 3.233034765258102, 3.2310162829822016, 3.2289862364866497, 3.2269445309005977, 3.224891070793453, 3.222825760282431, 3.22074850340835, 3.2186592030711836, 3.2165577615582595, 3.214444080680757, 3.2123180617885865, 3.2101796057854823, 3.2080286131455495, 3.2058649839305544, 3.203688617807688, 3.2014994140681234, 3.1992972716470702, 3.197082089144112, 3.194853764844609, 3.192612196742088, 3.1903572825619917, 3.1880889197855855, 3.1858070056756045, 3.1835114373064424, 3.181202111590297, 3.1788789252964027, 3.1765417750802722, 3.1741905575191356, 3.171825169156921, 3.169445506525243, 3.1670514663031923, 3.164642945604106, 3.1622198410597746, 3.159782049371131, 3.157329467420681, 3.154861992312352, 3.152379521413367, 3.1498819523969517, 3.1473691832862487, 3.1448411124998272, 3.142297638898282, 3.1397386618319714, 3.1371640811903676, 3.1345737974524805, 3.131967711738531, 3.1293457258630606, 3.126707742389591, 3.1240536646860364, 3.121383396981625, 3.118696844425699, 3.1159939131466827, 3.1132745103133233, 3.1105385441966464, 3.10778592423304, 3.105016561089225, 3.1022303667273046, 3.0994272544721113, 3.096607139401309, 3.093769938501335, 3.090915569927389, 3.0880439529369563, 3.085155008354087, 3.0822486588434264, 3.0793248289881516, 3.076383445353919, 3.073424436366876, 3.070447732784849, 3.06745326771209, 3.064440976574831, 3.061410797204808, 3.0583626699230155, 3.0552965376245282, 3.052212345863502, 3.0491100429383, 3.0459895799771335, 3.042850911023896, 3.039693993123592, 3.036518786408148, 3.0333252541815003, 3.030113363004848, 3.026883082881956, 3.023634388055427, 3.0203672553109997, 3.0170816643206693, 3.013777598601741, 3.0104550458749837, 3.007113997741602, 3.003754449763655, 3.0003764015429626, 2.9969798567985464, 2.993564823441784, 2.990131313646751, 2.9866793439201245, 2.9832089351683226, 2.979720112761568, 2.976212906594675, 2.9726873511990206, 2.9691434868717312, 2.9655813574485133, 2.962001010946953, 2.9584025002655405, 2.9547858832288485, 2.9511512226280647, 2.9474985862560743, 2.94382804693829, 2.9401396828310293, 2.936433577859492, 2.9327098198514006, 2.9289685016748264, 2.9252097212961803, 2.92143358183876, 2.9176401915777146, 2.913829663924099, 2.9100021174031023, 2.9061576756247884, 2.9022964672465847, 2.898418625927876, 2.8945242902846795, 2.8906129562039498, 2.860498431652211, 2.792955283750732, 2.7492426700959047, 2.7549717877892097, 2.7320555138614093, 2.689191784116175, 2.6745745104431347, 2.6770740612238315, 2.666199834703887, 2.640214908297178, 2.6144312159901535, 2.6042667349635864, 2.6011400762803203, 2.58145709808566, 2.55321146930035, 2.5375426150235154, 2.5297233375236456, 2.512880277051311, 2.4892621066841616, 2.4705862054631584, 2.4576924543999996, 2.4425093184572586, 2.42124932319739, 2.4005557593838014, 2.385027976500635, 2.3702583831817075, 2.3514286870082532, 2.330244250724479, 2.31174153231295, 2.295349842606119, 2.2774474813880135, 2.257754818920202, 2.2395420095644996, 2.225401076796851, 2.2195274101032525, 2.2292705585826913, 2.2200342183708126, 2.1651527476544947, 2.152427542912479, 2.166104573195095, 2.1263069570713697, 2.1104755019078985, 2.1191168064007058, 2.084637308848394, 2.0752617699740923, 2.076968864100829, 2.0467357049784636, 2.0409029761850097, 2.037727136235679, 2.0124739726516854, 2.0062775896059954, 2.00245313592464, 1.9814196122887247, 1.971547441978724, 1.9689617604360075, 1.9533006850622294, 1.9387914103282968, 1.935284360018681, 1.927211874683107, 1.9112556358713158]