Model Setup for Atypical Patient 6:
ITERS=1000
LEARNING_RATE=0.001
OPT_RESET=500
ATOL=1e-09
RTOL=1e-07
METHOD=dopri5
Input channels=2
Hidden channels=11
Output channels=2
Runtime=213.3689148426056
Optimizer=Adam (
Parameter Group 0
    amsgrad: False
    betas: (0.9, 0.999)
    capturable: False
    differentiable: False
    eps: 1e-08
    foreach: None
    fused: None
    lr: 0.001
    maximize: False
    weight_decay: 0
)Loss over time=[1156.9282289461642, 1100.7582099088386, 1063.3465578177922, 1033.9815174724283, 1009.3687426104757, 987.9561599331383, 968.8603267488903, 951.5792857346045, 935.7035175753634, 921.0257589696243, 907.3385194529624, 894.4916358562218, 882.3735584245627, 870.9083652734561, 860.0063184089643, 849.5955266741362, 839.6502557138375, 830.1195883768531, 820.9659674438783, 812.1575649115414, 803.6686884722423, 795.457386710923, 787.5138243008656, 779.8313894602895, 772.3843745465155, 765.1577064114721, 758.1241939996893, 751.2865375083489, 744.6359384055894, 738.1532221416488, 731.828719347938, 725.6737614485439, 719.6444003034817, 713.7584873089385, 708.0185062472303, 702.3935430989568, 696.8952077638464, 691.4920086492027, 686.2235414498723, 681.0471884814032, 675.9805582605235, 670.9952643665237, 666.1220364715992, 661.3319522070823, 656.6199157983754, 652.00309130019, 647.4560207901792, 643.001212243718, 638.6151404253117, 634.2942616530904, 630.0508883641011, 625.8779584071988, 621.76257611429, 617.7245499915975, 613.7356588376459, 609.8071601414429, 605.9478075989192, 602.1399611105137, 598.390274715682, 594.6887713222774, 591.0444450835926, 587.4534415398658, 583.9061637100679, 580.4052490100829, 576.961926421667, 573.5585770253825, 570.1944324656744, 566.885055943737, 563.6104801180594, 560.388311323917, 557.1938386109472, 554.0471725590701, 550.9402608333572, 547.8691528840385, 544.8370507990277, 541.8402666573306, 538.8811863125284, 535.9607945900966, 533.0658599022106, 530.2074656925003, 527.3837334363965, 524.5919218612066, 521.8361503534114, 519.1025615115345, 516.4017433076779, 513.7343831388097, 511.086839638399, 508.4846502646698, 505.899809516294, 503.3453490395053, 500.81562797609365, 498.3133530310228, 495.83655642410355, 493.38531576447735, 490.96504493136325, 488.5629878068658, 486.18543468951543, 483.8339856912034, 481.51036412866, 479.20299820105504, 476.92027763689725, 474.65747513927687, 472.42253327671443, 470.20482018280677, 468.0087568917684, 465.83631352702866, 463.68210147788994, 461.5482637813427, 459.43402164845025, 457.34179265690915, 455.26517023995126, 453.2094268296874, 451.1758578275836, 449.1537523138702, 447.15332804321463, 445.17318949177735, 443.2077019079361, 441.2590144180527, 439.32399639816884, 437.41187495333327, 435.5183958284275, 433.63730089306375, 431.77739705234376, 429.930069031707, 428.09532398859534, 426.2815488189499, 424.4831527175587, 422.6997547245177, 420.9315590217418, 419.1798313422362, 417.44227546558176, 415.71974363513107, 414.01166510588826, 412.3207758170184, 410.6401275280704, 408.97514835824785, 407.3229914393238, 405.68758833406866, 404.0640842913743, 402.4514199832653, 400.85298432502566, 399.270453549631, 397.7005464702977, 396.14226868434326, 394.59664659450317, 393.0593625309391, 391.53907295519474, 390.029284670899, 388.5325914833471, 387.04501544566864, 385.5692681669449, 384.1089779953558, 382.65571620932644, 381.2140630500824, 379.7840498185332, 378.36586025330774, 376.95584568122734, 375.5575505714832, 374.17124995357204, 372.79290945642043, 371.425278914852, 370.06766394364286, 368.72068739404875, 367.38130820553505, 366.0528320407418, 364.7363453076683, 363.42521363271936, 362.12738483666595, 360.83709003942494, 359.5541248523642, 358.2821905012379, 357.0183906396372, 355.7654505523826, 354.5199144451208, 353.2830222272091, 352.0527661700604, 350.8344866818043, 349.6221373807219, 348.4184486773156, 347.2207518370358, 346.0325839836033, 344.85309871230544, 343.68249394359253, 342.51806188836923, 341.36201427419087, 340.2122486269888, 339.0702844361918, 337.9355738627255, 336.8086937422923, 335.6885411900727, 334.57366350469056, 333.4703998966925, 332.37163698902236, 331.27792555262323, 330.1953965861458, 329.1160998678657, 328.04700262916015, 326.98123846327746, 325.9244797646905, 324.8723463210097, 323.82870945935747, 322.79104350266135, 321.7592726526905, 320.7333316924631, 319.71383305902805, 318.701801458048, 317.6945106115591, 316.69209847284145, 315.69827036254577, 314.70827766666736, 313.72575319166674, 312.7473475120396, 311.77731508940167, 310.81060282292054, 309.85147005501284, 308.8981792501343, 307.9486411374209, 307.00456272320804, 306.06745276760506, 305.13565773064323, 304.20782427392777, 303.28721634826934, 302.36741417756997, 301.45823007264994, 300.5530678962048, 299.6503948098471, 298.75535930572846, 297.8650893786088, 296.97889078800324, 296.1006271035058, 295.22191903424516, 294.35180024470014, 293.4853353255136, 292.6256815155726, 291.7689261680824, 290.91751542803416, 290.0703878365401, 289.2279409087205, 288.38933991757466, 287.5583578495882, 286.7290472034624, 285.90545540888763, 285.08662778222674, 284.27179029693144, 283.4603704554481, 282.6549024056846, 281.8537596230915, 281.0566780924837, 280.26415247981896, 279.4736665232712, 278.6885297702994, 277.9096919959355, 277.13201954940564, 276.3586299868629, 275.5912766869188, 274.8268544599762, 274.0666879225398, 273.31018492915314, 272.55727655037066, 271.8092661763156, 271.0653453113441, 270.32368184089853, 269.5851565905214, 268.852791302701, 268.12357597092375, 267.397160011611, 266.67575981422834, 265.95749188336504, 265.2427440893068, 264.5304362831672, 263.824106061262, 263.1199557014649, 262.4199711508151, 261.723154586837, 261.0301017435138, 260.33829126407943, 259.65356400985644, 258.96950954130006, 258.29097504003875, 257.6134488768382, 256.94194076063394, 256.2720245910549, 255.60578234247913, 254.9422739648866, 254.28169998965214, 253.6266141036899, 252.97295667669442, 252.3209984729643, 251.6742549980049, 251.0309506077335, 250.38969451327404, 249.75138911894012, 249.11630020210086, 248.48496682020547, 247.85509412102166, 247.2288301681247, 246.6067131525629, 245.98686433525555, 245.36935586136667, 244.7551552396798, 244.14313602474903, 243.5341650702181, 242.93006982593354, 242.32736842962424, 241.72717509918604, 241.12905852654401, 240.53439351922205, 239.94334782420884, 239.35410965798718, 238.7681905540956, 238.18440848601583, 237.60235658447652, 237.02442478862906, 236.44877596751965, 235.8765700002286, 235.30606300783, 234.73842902419972, 234.17286293210572, 233.608836499244, 233.04860380618848, 232.49185839246923, 231.9348854507918, 231.383826536127, 230.83235490404684, 230.28424560872125, 229.7395705118017, 229.1956360510654, 228.65427013749013, 228.11568154167134, 227.579826100105, 227.0460562235204, 226.51535985280495, 225.98456830635504, 225.4574032206143, 224.93303346690266, 224.411965684933, 223.89210724559408, 223.37445969822892, 222.8577907487446, 222.34584670903902, 221.83439179702748, 221.3255180719999, 220.8190510916797, 220.31333178484172, 219.8101837126136, 219.31075256312945, 218.810992340565, 218.31522773035852, 217.82201643476807, 217.32889841703965, 216.83989921060927, 216.3500236733569, 215.86515373727497, 215.38112804349782, 214.89849584989142, 214.41931453959148, 213.94084160676223, 213.46493574017805, 212.99059189376504, 212.5178025326777, 212.04812605555563, 211.57905047919303, 211.1131247165679, 210.64766508344593, 210.18455648937734, 209.7250478677204, 209.26529339849722, 208.80648454158663, 208.35375867860554, 207.89867589454443, 207.4465370745248, 206.99651620180046, 206.5490434771555, 206.10342790821335, 205.65897317663175, 205.21436384587375, 204.7733069386636, 204.33566493207215, 203.89617722335709, 203.46269277602138, 203.02856378868876, 202.59532950377772, 202.16329043244787, 201.73627134371674, 201.30887525473602, 200.8831518194324, 200.4569586704348, 200.0349227402059, 199.61436148771648, 199.19632464955077, 198.7791691193137, 198.36233463809256, 197.94776967858496, 197.53683963628072, 197.12505450862156, 196.71554666703753, 196.3073654073436, 195.9010721722849, 195.49519083156372, 195.09243510135647, 194.68883849794994, 194.29079667776668, 193.89110593431568, 193.49502129069253, 193.09848279579322, 192.7046871611982, 192.31152565194068, 191.92084184174607, 191.5303725301318, 191.14172062965062, 190.7551979241719, 190.36946463171492, 189.98573722333876, 189.60253286714263, 189.21992524822463, 188.8411584865028, 188.46133562369516, 188.08484868076283, 187.70945789623113, 187.33654821108885, 186.96204592372143, 186.59040488601286, 186.22141542260235, 185.8516478059249, 185.48512258924663, 185.11673836776993, 184.7542887736108, 184.38913275302522, 184.0265345376056, 183.6665727436265, 183.3065498299957, 182.948257156556, 182.59176958522673, 182.23720578691555, 181.88156889077297, 181.52873268480997, 181.17680776817764, 180.8259334675858, 180.4775205283181, 180.12949930303046, 179.78216739419216, 179.4358152676297, 179.090873632834, 178.74868070965465, 178.40578199042199, 178.06621087465348, 177.72519596602618, 177.387869760428, 177.05125217308452, 176.71392384375824, 176.380141054829, 176.0458873478893, 175.71280450830855, 175.38161550558522, 175.05237836950042, 174.72368320775976, 174.39588997102737, 174.06912180068753, 173.743055918058, 173.41844373009468, 173.09552433809003, 172.77279836077525, 172.4514756179831, 172.13173687447454, 171.8138672354762, 171.49575949383654, 171.17918004517503, 170.8639225915228, 170.5499308763957, 170.23646552853762, 169.92458252086797, 169.61252850941017, 169.30362912264434, 168.9938016023252, 168.6866055362209, 168.3782154763366, 168.07322258624149, 167.76843957556073, 167.46438642979234, 167.16185907606484, 166.8601961950055, 166.5592071431627, 166.25924612853325, 165.9616343306914, 165.66373138947927, 165.36681679273016, 165.07184761406796, 164.77595531785147, 164.48276951702067, 164.19028700336852, 163.89887786516442, 163.6086353976999, 163.31884979748793, 163.03032065216908, 162.74180621164203, 162.45488908907572, 162.1695992841791, 161.88501041385805, 161.60040914478938, 161.31829195156095, 161.03596318869907, 149.88088759140692, 139.91255622999475, 130.89586432243132, 122.44300329845208, 114.5016139177213, 107.03405240825904, 100.01705954780499, 93.432286167685, 87.2616932734714, 81.48700528004566, 76.08935739429445, 71.049580660923, 66.34753176663467, 61.96345718465041, 57.87766718655512, 54.07229236408222, 50.53011761172754, 47.235217999391764, 44.172465727012174, 41.32710498793357, 38.68447171662517, 36.230288922149974, 33.95068414709865, 31.83328968278464, 29.86684464447568, 28.040962437626977, 26.345228397756976, 24.769300743602535, 23.304874849514302, 21.943205036375748, 20.676304782994393, 19.49678628505385, 18.397836105159357, 17.373568500391805, 16.418225130612942, 15.52687262198403, 14.694904564908773, 13.917953699143391, 13.192290805861814, 12.514044873810674, 11.879919344903966, 11.286585426122686, 10.731115846901504, 10.210787763708042, 9.722968819128118, 9.265946626655015, 8.837580873504072, 8.435832455029614, 8.058922407311591, 7.705121849413238, 7.372800687327831, 7.060596779360181, 6.767043573915182, 6.490911138520759, 6.231177411826212, 5.986759455743868, 5.756699195185802, 5.540076445584597, 5.336059481311664, 5.143853363391288, 4.962757460434822, 4.792216210549397, 4.631602496505466, 4.480344051977028, 4.337898438083067, 4.203734151857325, 4.077315053179851, 3.9582003978393163, 3.845982565946338, 3.7402696763928036, 3.6406832348264646, 3.5468629561746527, 3.4584757799790795, 3.3752181784515574, 3.2968089833616885, 3.22297989178265, 3.153470682361339, 3.0880333440241157, 3.026435950329962, 2.9684648478474247, 2.9139215298015246, 2.8626166977123693, 2.814367463241626, 2.768998958750917, 2.7263474948010753, 2.6862616341241847, 2.6485998371414126, 2.6132270965074804, 2.580013357500143, 2.548834452299458, 2.5195738443062514, 2.4921230026294596, 2.4663799307370975, 2.4422472691806005, 2.419631561527105, 2.3983056454177984, 2.3775859971696396, 2.3567728469263995, 2.3353270235636217, 2.314570752312932, 2.295189384095498, 2.277226710742532, 2.2605607189393955, 2.245096885722093, 2.2307283095480765, 2.217302484368261, 2.2047789569395535, 2.1930959972590576, 2.182302796671256, 2.172306136509523, 2.163014721083359, 2.1543917091099827, 2.1463597397972576, 2.1388881397221975, 2.1319094013011894, 2.1254092573268326, 2.1193105198404814, 2.1136034437232194, 2.1082572894968603, 2.103274032119817, 2.0985921101953493, 2.0941935414590387, 2.090092157770851, 2.08623394061351, 2.0826216768319457, 2.079247705751491, 2.076075093313616, 2.0731015570232163, 2.0703179541633556, 2.0677157850451326, 2.065283698965061, 2.06299168566382, 2.060867623200395, 2.0588708076561066, 2.0570021377543957, 2.0552645506174887, 2.053645203930554, 2.0521245016432896, 2.050700906129315, 2.0493660315005546, 2.0481131959952816, 2.0469448974351154, 2.0458576949987615, 2.0448365018515076, 2.043878419606887, 2.0429780259905654, 2.0421318273038622, 2.041335644341419, 2.040586237687226, 2.0398801913148983, 2.0392219378255914, 2.0386077319016214, 2.038032253239946, 2.0374857604964727, 2.0369651227548307, 2.036468157197428, 2.035993235562451, 2.0355400407164628, 2.03510328078707, 2.034682770383367, 2.034277026281472, 2.033884914618521, 2.033505193253944, 2.0331386552789654, 2.0327733379591986, 2.0324325231380596, 2.032099052205091, 2.031771119045933, 2.0314533301848354, 2.0311268968184817, 2.0308370230612383, 2.030534903718609, 2.030240452209138, 2.0299478056756017, 2.0296550291152275, 2.029363270099871, 2.029083642286881, 2.028789892791823, 2.028522324596098, 2.0282553432857027, 2.02797878917378, 2.027709114551183, 2.0274475333714914, 2.027176479553436, 2.0269063377306087, 2.026636970559039, 2.026368320314232, 2.0261001768189772, 2.025832569180851, 2.0255652623063813, 2.025298257725963, 2.025031447242765, 2.0247647298868796, 2.024498004068041, 2.024231196858333, 2.0239642721164284, 2.0236972077281554, 2.023429973464787, 2.0231625302516263, 2.022894840056167, 2.0226268665650524, 2.022358568497285, 2.022089901312013, 2.0218208300606917, 2.021551338711296, 2.021281424506316, 2.0210229504975885, 2.0207403167602367, 2.0204691012073748, 2.0201974242002794, 2.019925268984729, 2.0196526184397956, 2.0193794603395983, 2.019105790919065, 2.0188316129458004, 2.018556930449901, 2.018281745127218, 2.018006055785934, 2.017729858964294, 2.0174531493993233, 2.017175921274434, 2.016898170878626, 2.0166198989116038, 2.016341110141059, 2.016061810830713, 2.0157820061995326, 2.0155016994321455, 2.0152208916419228, 2.0149395823812157, 2.0146577705962745, 2.0143754562791143, 2.014092641739152, 2.0138093317108665, 2.0135255320170415, 2.01324124802878, 2.0129564837245217, 2.0126712414888286, 2.01238552249836, 2.012099327377396, 2.0118126572795347, 2.0115255147283815, 2.011237903656257, 2.0109498287511816, 2.0106612944091906, 2.0103723040430683, 2.010082859978895, 2.009792963660236, 2.00950261612223, 2.0092118187478945, 2.0089205737798395, 2.0086288843481737, 2.00833675400049, 2.00804418606433, 2.00775118326104, 2.0074577475350144, 2.0071638802157548, 2.006869582458561, 2.006574855671623, 2.0062797019174194, 2.005984123660757, 2.0056881237060953, 2.005391704660599, 2.0050948686665597, 2.004797617438983, 2.0044999522895224, 2.0042018745071952, 2.0039033856085493, 2.003604487448293, 2.0033051822856702, 2.00300547246363, 2.0027053602020413, 2.0024048474074814, 2.0021039356613035, 2.0018026264311275, 2.001500921138684, 2.0011988213788756, 2.000896329112959, 2.00059344640023, 2.0002901754509836, 1.9999865182321996, 1.999682476577197, 1.9993780520784576, 1.9990732463257224, 1.9987680609894967, 1.9984624977990142, 1.9981565587079657, 1.9978502457290894, 1.997543560847812, 1.9972365060242347, 1.9969290830859192, 1.9966212937029175, 1.9963131395576375, 1.9960046223337249, 1.995695743916973, 1.995386506266666, 1.9950769112757454, 1.994766960973699, 1.9944566571415194, 1.9941460016024424, 1.9938349960628883, 1.993523642228503, 1.9932119418835017, 1.992899896903787, 1.9925875091339913, 1.9922747805066272, 1.9919617128305556, 1.991648307919949, 1.9913345676008596, 1.99102049355701, 1.990706087440284, 1.9903913510524889, 1.9900762862441572, 1.9897608948738295, 1.9894451786670444, 1.9891291394374875, 1.9888127788917584, 1.9884960987205071, 1.9881791006291927, 1.987861786341626, 1.9875441576247985, 1.9872262161458272, 1.9869079637181344, 1.9865894020684025, 1.9862705328397583, 1.9859513577739292, 1.9856318784368374, 1.9853120966321052, 1.984992014003692, 1.9846716321333928, 1.984350952844401, 1.9840299777164352, 1.9837087085147758, 1.9833871467746496, 1.9830652941762024, 1.9827431522958505, 1.9824207228322712, 1.9820980074011443, 1.9817750076659322, 1.9814517252797919, 1.981128161856712, 1.9808043190506888, 1.980480198388859, 1.980155801557405, 1.979831130156687, 1.9795061858584448, 1.9791809701177754, 1.9788554846380024, 1.9785297309294023, 1.978203710560407, 1.9778774252504774, 1.9775508764708014, 1.9772240659334506, 1.976896995189251, 1.9765696657821665, 1.9762420791505733, 1.9759142369358544, 1.9755861406909496, 1.9752577920980763, 1.9749291926869879, 1.9746003439105386, 1.9742712473640651, 1.9739419044173543, 1.973612316791577, 1.9732824859580023, 1.9729524134303014, 1.9726221007508478, 1.9722915494853197, 1.9719607612674737, 1.9716297374145404, 1.9712984794249018, 1.9709669888242993, 1.9706352672021799, 1.9703033161497174, 1.969971137083462, 1.96963873151615, 1.969306101000393, 1.9689732469263468, 1.968640170794603, 1.9683068741217253, 1.9679733584339063, 1.9676396251938348, 1.9673056759357679, 1.9669715121005404, 1.9666371350904184, 1.9663025463469737, 1.9659677473787212, 1.9656327396101267, 1.9652975246721205, 1.964962103927941, 1.9646264787985728, 1.9642906507101652, 1.9639546210006955, 1.9636183912177245, 1.9632819627532259, 1.9629453371650476, 1.9626085157786202, 1.9622715001232294, 1.9619342915015459, 1.961596891353093, 1.961259301076467, 1.960921521995363, 1.9605835556500573, 1.9602454033661083, 1.959907066669624, 1.9595685468856139, 1.9592298453385282, 1.9588909635761995, 1.958551902838263, 1.9582126645216016, 1.9578732500986253, 1.9575336609636687, 1.9571938985391113, 1.9568539642366167, 1.956513859248153, 1.9561735848665736, 1.95583314265384, 1.955492533993523, 1.9551517601007071, 1.9548108223459615, 1.9544697221541099, 1.954128460826244, 1.953787039737764, 1.953445460272024, 1.9531037237014344, 1.9527618313498556, 1.9524197845934381, 1.9520775847136773, 1.9517352331541162, 1.9513927311425774, 1.9510500800096955, 1.950707281031704, 1.9503643356703158, 1.9500212452874448, 1.9496780110252687, 1.9493346341939748, 1.948991116093324, 1.9486474580053907, 1.9483036612327964, 1.9479597270952687, 1.9476156568441363, 1.9472714517738596, 1.9469271133478427, 1.9465826426224382, 1.9462380410361535, 1.9458933097950066, 1.9455484500417155, 1.9452034631100525, 1.9448583503892798, 1.9445131130067592, 1.9441677522871295, 1.9438222693975236, 1.943476665563601, 1.94313094217181, 1.9427851003443115, 1.9424391414828925, 1.9420930667058764, 1.941746877179211, 1.941400574318355, 1.94105415912291, 1.940707632988125, 1.9403609970028766, 1.94001425239988, 1.9396674004599423, 1.9393204424531267, 1.9389733794401338, 1.9386262126530094, 1.938278943388277, 1.9379315727648025, 1.9375841019473505, 1.9372365322104175, 1.9368888646866969, 1.9365411005728275, 1.936193241087256, 1.9358452872289325, 1.93549724039107, 1.9351491015900784, 1.934800872133445, 1.9344525531448298, 1.9341041456321135, 1.9337556508114113, 1.9334070698529024, 1.933058404061618, 1.9327096543455538, 1.9323608218625445, 1.9320119078635385, 1.9316629133450631, 1.9313138394890694, 1.930964687606103, 1.9306154588162576, 1.9302661542134252, 1.9299167748386998, 1.9295673217375908, 1.9292177960717525, 1.9288681990131484, 1.928518531605378, 1.9281687950571618, 1.9278189903194691, 1.927469118645194, 1.927119180947056]