Model Setup for Atypical Patient 1:
ITERS=1000
LEARNING_RATE=0.001
OPT_RESET=None
ATOL=1e-05
RTOL=0.001
METHOD=dopri5
Input channels=2
Hidden channels=20
Output channels=2
Runtime=223.3975989818573
Optimizer=Adam (
Parameter Group 0
    amsgrad: False
    betas: (0.9, 0.999)
    capturable: False
    differentiable: False
    eps: 1e-08
    foreach: None
    fused: None
    lr: 0.001
    maximize: False
    weight_decay: 0
)Loss over time=[1894.9755014356713, 1399.7389229238042, 1165.7793034787983, 1014.9251096337631, 900.2875774612781, 805.9762982431042, 726.3206211368123, 657.4258839634999, 596.8472038497483, 543.0811769851007, 495.30929789808994, 452.8579777982058, 415.0388945133009, 381.32247662449447, 351.20213983477055, 324.2377471298321, 300.09921889313495, 278.3668282985715, 258.7166606327177, 241.10159977697248, 225.19804935344212, 210.72597040231247, 197.52904860427046, 185.4620753756671, 174.34334819427949, 164.10448146386977, 154.6402652669118, 145.88759580745605, 137.74876125454122, 130.20142594037395, 123.1356830970833, 116.52317626056426, 110.278239941134, 104.35498991675651, 98.75295366100413, 93.37418002670428, 88.1531881418082, 83.01499103908102, 77.9231497185783, 72.75380919773265, 67.30820501285604, 61.41689614267961, 54.94667648523807, 47.902123214639886, 40.50982436870381, 33.71238277625809, 28.341633499418467, 24.658874807788138, 22.09967691246733, 20.24426694866438, 18.81986568748478, 17.540276479513754, 16.411299762951135, 15.456841432428803, 14.619815922639578, 13.887623722551124, 13.261707472171281, 12.724748799585207, 12.206999295938067, 11.633816857127998, 10.98442698750935, 10.288412076500931, 9.59276339190252, 8.9298657619965, 8.287067255105619, 7.697486217651899, 7.155996924602372, 6.659212410109948, 6.201613970043473, 5.77891317011703, 5.388153746210282, 5.027192706361795, 4.691926819996012, 4.378993912997786, 4.08782812372468, 3.817148865800542, 3.565294993573259, 3.3305641978124174, 3.1121047042631855, 2.9081773768455674, 2.722167593201425, 2.5502435268530674, 2.389499582540381, 2.2347707702670205, 2.077199784400431, 1.928822165604491, 1.7895170403317848, 1.6590700381940129, 1.5370734505356978, 1.422925058719899, 1.3165620776439975, 1.2174676751523685, 1.1252873092643882, 1.0397057916490715, 0.9605195768808185, 0.8864107832801614, 0.8180862807744179, 0.7549794051661357, 0.6968058276708038, 0.6431409836858788, 0.5939081369932445, 0.5487403459958288, 0.5073552988315668, 0.46955833985424567, 0.43496374844329105, 0.40349090250887565, 0.3748751713408858, 0.34904476635352694, 0.3252860654514769, 0.3039459225571919, 0.28474856691573, 0.2674957870182796, 0.25191143230008506, 0.23790732638919534, 0.22580459402661868, 0.21511085866994978, 0.2060101430216796, 0.1978862056601585, 0.19082960573911512, 0.1844332461448757, 0.17877326114796602, 0.17363136966504647, 0.16920827631417543, 0.16527666651782735, 0.161946334952924, 0.15893070510261717, 0.15613530392960895, 0.1538059272608311, 0.1517116801652206, 0.1498851605331187, 0.14827395240420743, 0.14681323423195344, 0.14555927396400878, 0.14435855804123895, 0.1432826603249847, 0.14225333215843208, 0.14136341892760731, 0.14059834956306758, 0.13990263305532585, 0.13929892618188164, 0.13879801762747893, 0.13844161506026928, 0.1379156113046706, 0.13738850376267853, 0.1370326229061064, 0.13680505027194648, 0.1365029042715282, 0.13613252305642687, 0.13598762726187788, 0.13581324498348168, 0.13564940796170957, 0.1354894624218577, 0.13532446783568877, 0.13511362955782322, 0.1349740614864098, 0.13483613097713218, 0.13476219625816035, 0.134660315013891, 0.13452846129641038, 0.13440348945081268, 0.13429458811869321, 0.13423044062257003, 0.13426604595268055, 0.1342163912964595, 0.13420255723853594, 0.13414735117000445, 0.13409725533499592, 0.1340628441777929, 0.13401954480913636, 0.13398189797733256, 0.13395142595910567, 0.13392615565217164, 0.13390634784923278, 0.13388642009068688, 0.13387069776724658, 0.13380408051474532, 0.13362937951796355, 0.13364727796184353, 0.13366921514847385, 0.13365178082388984, 0.1335745623395925, 0.13355484316765776, 0.13360999901276854, 0.13356319960998417, 0.13357019751778607, 0.133471552145968, 0.13362330401264838, 0.1336527137266976, 0.1336511757786907, 0.1336447550526887, 0.1336301689465282, 0.1336179118468173, 0.1336071259168923, 0.13359656983523815, 0.13358934265518405, 0.13358593005614242, 0.1335659306929313, 0.13354287990818864, 0.13353247317291014, 0.13349760635488336, 0.13348150388146818, 0.13342824832308625, 0.13338701860730737, 0.13335513685219988, 0.13334049847950158, 0.13333870053453992, 0.13334399680750236, 0.13335190426274482, 0.13335935657266387, 0.13336510129386683, 0.1333682249850327, 0.13336789057052692, 0.13336247994391873, 0.13335070411688604, 0.13333189731310513, 0.13330533878942893, 0.13326764622019754, 0.13320292364774639, 0.13320550393426062, 0.13326034311464194, 0.13320997936317833, 0.13320448567849383, 0.13320142323218695, 0.1332019187113527, 0.1332029181462001, 0.13319769897671557, 0.1331565374498524, 0.13315009919311177, 0.13314627532571108, 0.13314058289285471, 0.13313409961208567, 0.1331273849969292, 0.13312041676511346, 0.1331118912581501, 0.13309988144144527, 0.13309046055040888, 0.1331030918073055, 0.13305488165094703, 0.13310078366886569, 0.1330754943296659, 0.13304658408790274, 0.133020052214923, 0.13301910362125782, 0.13302121637338288, 0.13302340425982065, 0.1330254989504989, 0.13302694916266916, 0.13302793627619824, 0.1330284805443396, 0.1330283770834861, 0.13301410205757486, 0.13294712463059524, 0.13295325120665052, 0.13295972500496786, 0.13296131428492322, 0.13295629552500396, 0.1329449189041492, 0.1329299465499875, 0.13291413189429727, 0.13289881024140923, 0.132879811464967, 0.13287097788409427, 0.1328732736576059, 0.13287428049667707, 0.1328772163654883, 0.13288579038875364, 0.13286280751539703, 0.132863550714351, 0.13286248650373159, 0.13285713898462237, 0.13284492006735735, 0.13282993389985992, 0.1327702460928456, 0.13276953086188134, 0.1327668377327548, 0.1327584563789204, 0.13275718374027992, 0.13276225927947966, 0.13276546071346493, 0.13276728436421195, 0.13276194290130333, 0.13275609339861216, 0.132749854565395, 0.13274321925758417, 0.13273636907175893, 0.13272934540351541, 0.13272256060177764, 0.1327175261575986, 0.13271238197660012, 0.13270742179617437, 0.1327025698966523, 0.13269775626538746, 0.13269282673425647, 0.13268774530326324, 0.1326806043480045, 0.13267300051674294, 0.13266536130904863, 0.13265778671583772, 0.13265039935453712, 0.1326433230361343, 0.13263656570091387, 0.1326322947139557, 0.13262896567211702, 0.13262568254096427, 0.13262243726181955, 0.1326192191511283, 0.13261601114420948, 0.13261285069951956, 0.13261032353086266, 0.13260920872207732, 0.13261025366212895, 0.13261140066551128, 0.13261255913815626, 0.13261283194798337, 0.13261290206946788, 0.13261257755485759, 0.13261166869463842, 0.13261004629417375, 0.13260767268011672, 0.13260460390299744, 0.13260096650455253, 0.13259685531786436, 0.13259247240549202, 0.132587967457111, 0.13258344337133224, 0.13257896285700832, 0.1325745596985489, 0.13257024840237772, 0.1325660313146616, 0.13256190532696027, 0.13255893141499928, 0.13255604269285282, 0.13255313510770453, 0.1325502074121574, 0.13254725903904846, 0.13254428987259806, 0.13254130009766377, 0.1325382910354011, 0.13253526325241757, 0.13253221749426347, 0.13252913607087669, 0.13252601907504624, 0.13252288635830156, 0.13251973947144863, 0.13251658016053183, 0.13251341030211602, 0.13251023182431917, 0.132507046627014, 0.13250385651276686, 0.132500663145966, 0.13249746801809945, 0.1324942848498287, 0.13249110468499775, 0.13248818340896842, 0.1324853044595052, 0.13248245146803653, 0.13247962977910888, 0.13247683177781377, 0.1324740562695778, 0.132471300717297, 0.13246856228732207, 0.13246583719234684, 0.13246312173098512, 0.13246040972432618, 0.13245770101300458, 0.1324549975256284, 0.13245230073054295, 0.1324492516345359, 0.13244615929703105, 0.1324430853643589, 0.13244001911368805, 0.1324369701077495, 0.132433946977657, 0.13243095316537754, 0.13242799121353943, 0.13242506192879697, 0.1324221649100978, 0.13241930711420694, 0.13241648581533605, 0.13241357615877794, 0.1324105880299059, 0.13240762426780006, 0.13240468490226628, 0.13240176777288282, 0.13239886971977455, 0.132395986836347, 0.132393115013874, 0.13239025049323233, 0.13238739033958608, 0.13238453279133464, 0.13238167738384943, 0.13237882484956157, 0.1323759768451613, 0.13237313558530941, 0.13237030346746195, 0.1323674105825643, 0.13236542898349957, 0.1323634520920841, 0.1323614713950834, 0.13235948044104803, 0.13235747511946166, 0.13235545371000523, 0.132353416667031, 0.13235136638761563, 0.1323493066888964, 0.13234724227658054, 0.13234517820874672, 0.13234311940538587, 0.13234107023159547, 0.1323382372779575, 0.13233548665426323, 0.13233280243834644, 0.1323301724685576, 0.13232756228812745, 0.13232497198456972, 0.13232240569165277, 0.1323198701092347, 0.13231645317708265, 0.1323127787131807, 0.13230913207361417, 0.1323043589581017, 0.13229973138213538, 0.13229523846934133, 0.13229086861295586, 0.13228660972670603, 0.13228245685128046, 0.13227846299854987, 0.13227458234824432, 0.13227100705503694, 0.1322676372483943, 0.1322633755978742, 0.13225810404446878, 0.13225297974602837, 0.1322482030993676, 0.13224371618498656, 0.1322394616873047, 0.132235339169676, 0.13223130396729282, 0.13222731893699094, 0.1322233554343291, 0.13221939386432113, 0.13221542353020865, 0.1322114417982675, 0.13220745269266018, 0.13220402120090083, 0.13219980848731738, 0.1321948815154327, 0.1321905598564407, 0.1321867445773829, 0.13218333222521458, 0.13218021460357585, 0.13217728091368872, 0.13217426228560328, 0.13217102296960903, 0.13216750774316138, 0.13216369316619647, 0.13215958756472193, 0.13215522688257433, 0.13215066748880888, 0.13214597748939036, 0.13214122813283954, 0.1321364865738408, 0.13213185694065396, 0.1321273757061581, 0.13212306549910868, 0.13211893578441394, 0.13211498428041415, 0.13211119831040136, 0.13210727051074755, 0.13210319142382332, 0.13209892493614175, 0.13209441399365077, 0.1320895883831722, 0.13208457952142386, 0.13208019774862614, 0.13207558152524357, 0.13207155651064026, 0.13206800028124083, 0.13206479047722822, 0.13206089738440213, 0.13205725954549494, 0.13205382702696766, 0.1320505559258084, 0.132047218937645, 0.1320435840934654, 0.13203927280157976, 0.13203440140365139, 0.1320291235153708, 0.13202426082592808, 0.1320198686066963, 0.132014665409225, 0.13200880682438185, 0.13200372355551032, 0.13199935916245734, 0.1319956198181078, 0.13199237861455523, 0.13198824349279611, 0.13200811614171087, 0.13200421415842356, 0.13200046950181246, 0.1319968463461098, 0.13199329868137666, 0.13198977431925166, 0.1319864353445064, 0.13198415273171052, 0.1320306817356605, 0.1320237470965419, 0.13202085438541344, 0.13201850621685982, 0.13201638863115364, 0.13196390882030842, 0.13196013772386184, 0.13195642845169325, 0.13195239031395897, 0.13194847333464385, 0.13194468402339127, 0.1319410201528103, 0.13193747435142023, 0.1319336154831765, 0.13192989432957314, 0.13192629946943815, 0.13192238113403115, 0.13191863240836443, 0.13191503533512863, 0.13191156602676157, 0.13190819613979568, 0.1319048947180077, 0.13190116713707437, 0.13189703405138486, 0.13189305227709264, 0.13186555140638914, 0.1318620112750778, 0.13185866115234093, 0.13185548410081702, 0.13185246494270533, 0.13184959007150895, 0.13184684731274665, 0.13184336204785277, 0.13183922730846503, 0.13183538126045677, 0.13183179749770557, 0.13182845113601405, 0.13182531960525726, 0.13182287040123894, 0.1318205703051044, 0.1318174711585147, 0.13181360050360508, 0.13180903729114266, 0.13180443696545188, 0.13180063458662858, 0.13179758214737747, 0.13179456371779247, 0.1317914602251797, 0.13178822192128037, 0.1317848680426499, 0.13178146844631272, 0.13177870013893514, 0.13177649347272355, 0.13177388927442787, 0.13177090527191862, 0.13176755177757746, 0.13176383189053123, 0.13175974435151738, 0.13175528873654282, 0.131751427220419, 0.13174805888897537, 0.1317450873563131, 0.1317405513369752, 0.1317366041662979, 0.13173319214716822, 0.13173019757559484, 0.13172758765409817, 0.13172533108881213, 0.13172339782027123, 0.1317217584818221, 0.1317203839256325, 0.1317182377468321, 0.13171537652023388, 0.13171188520255803, 0.13170786519450187, 0.13170342199492127, 0.13169959048614588, 0.131696304878818, 0.1316935089012336, 0.13169115408110266, 0.13168919618766448, 0.1316866012638549, 0.13168340112009203, 0.1316796487231685, 0.1316763865903664, 0.13167356159441104, 0.13167112670543205, 0.1316680370398163, 0.13166435741437266, 0.131661152371049, 0.1316583774812148, 0.13165599339631287, 0.13165295909025446, 0.1316493465286407, 0.13164622502103354, 0.13164355052708507, 0.13164028672148517, 0.13163749302468855, 0.1316341298283959, 0.13163125444683146, 0.13162782470124304, 0.13162489461504556, 0.13162241570005143, 0.13161933309378027, 0.13161570389950128, 0.13161259287851348, 0.13160994841786378, 0.1316067095048564, 0.1316028568624554, 0.1315994836392474, 0.1315965845002455, 0.13159410819727904, 0.13159099879710298, 0.1315873138840463, 0.13158312975663392, 0.1315795105553856, 0.13157640358952083, 0.13157375765777504, 0.13157152200351988, 0.13156863256665663, 0.13156516524311682, 0.13156119365917923, 0.13155677610934643, 0.13155297826256931, 0.13154974240262074, 0.1315470124395064, 0.1315447326242764, 0.13154185780238345, 0.13153842636696222, 0.13153449955281973, 0.13153017625344435, 0.131525502129697, 0.13152150899262519, 0.1315181271331829, 0.1315152926702611, 0.13151196933242987, 0.13150819413661677, 0.1315040055861616, 0.13149946029834664, 0.1314956920690418, 0.1314926162112361, 0.13149015715242637, 0.13148824391291436, 0.1314856604814608, 0.13148243598144058, 0.13147863372683738, 0.13147434211013923, 0.1314696723837059, 0.13146579985074408, 0.13146264972073085, 0.13146015568174904, 0.13145825712580225, 0.13145576154456082, 0.13145269253776923, 0.1314491177519025, 0.13144510881096577, 0.13144072734872153, 0.13143604698349443, 0.1314322176899124, 0.13142914546229537, 0.13142674014427846, 0.13142494118645845, 0.13142252341643246, 0.13141949961059424, 0.13141591282656415, 0.1313976615982414, 0.13139459532708161, 0.13139133340832584, 0.13138818956512424, 0.13138515240980891, 0.13138220720885777, 0.13137905728205868, 0.13137573269984382, 0.13137254124196016, 0.13136947202467975, 0.13136651014444523, 0.13136363693506825, 0.1313605548254266, 0.13135728284463913, 0.13135412270449917, 0.1313510645400331, 0.1313478316111958, 0.1313447132006698, 0.13134169679303115, 0.13133850456995452, 0.13133541763854872, 0.1313323894322191, 0.1313291506550691, 0.13132574341781938, 0.13132246216106563, 0.13131930227324992, 0.1313162540628105, 0.13131330366252933, 0.131310433292266, 0.13130737233530188, 0.13130390850995022, 0.1313005957896397, 0.13129721268864045, 0.13129400789288106, 0.131290759480881, 0.13128749119748087, 0.1312842256100327, 0.13128079084921856, 0.13127726323340028, 0.1312740314450511, 0.13127105438448605, 0.13126813708399432, 0.1312650836077693, 0.13126207478025026, 0.13125909810617511, 0.1312559581559554, 0.13125285237617418, 0.13124977551866002, 0.13124672113428726, 0.1312435045815448, 0.13124032912228337, 0.13123719371033435, 0.13123409489260432, 0.13123102715082516, 0.13122781193030308, 0.1312244820204473, 0.1312212335251308, 0.13121806203999073, 0.1312149602492755, 0.13121191859104234, 0.13120892499781803, 0.131205921836026, 0.13120273267287025, 0.13119954091804883, 0.13119635071368493, 0.1311930149589504, 0.13118970801418817, 0.13118644051611753, 0.13118321787790066, 0.13117999372618286, 0.1311767777784029, 0.13117357745731642, 0.13117028885106968, 0.1311670995200717, 0.1311639666998029, 0.1311608879074619, 0.13115775269102195, 0.1311546816102371, 0.1311516677480139, 0.13114870357991143, 0.13114578002225838, 0.13114288519570447, 0.13113980403436368, 0.13113650274696467, 0.13113326863749383, 0.13113008110543972, 0.13112693625563826, 0.13112383284095, 0.13112076462453584, 0.1311177080196172, 0.1311146687222019, 0.13111164331452957, 0.131108624085269, 0.13110560442027203, 0.13110257931328678, 0.13109922278852673, 0.13109620776540892, 0.13109272525396537, 0.13108930546869677, 0.1310859826174293, 0.13108275146380516, 0.13107960406014008, 0.1310765310463272, 0.13107352126583457, 0.1310704532683842, 0.13106645501176126, 0.13106244107490514, 0.1310584537437949, 0.1310545229479165, 0.13105134844358304, 0.13104884812161208, 0.13104622152923084, 0.1310434267172485, 0.1310404330071141, 0.13103722617304703, 0.1310338106795717, 0.13103020853646655, 0.1310264552616459, 0.1310231643481015, 0.1310198393259984, 0.13101649558895814, 0.13101323884672297, 0.13101007168992568, 0.13100698767471683, 0.13100458655427757, 0.1310027848106969, 0.13100083945596674, 0.13099859585264875, 0.13099593438186333, 0.13099297937379328, 0.13098995133162566, 0.13098665699911313, 0.13098329903704115, 0.13097992827353727, 0.1309766482483095, 0.13097347004126297, 0.13097032820953824, 0.13096720803734577, 0.1309641710731137, 0.13096119191664882, 0.1309582398637816, 0.13095528159350608, 0.1309522847000574, 0.1309498774544623, 0.13094729458281312, 0.13094450149148584, 0.1309414687101451, 0.13093821622855584, 0.13093478727298682, 0.13093123893875658, 0.13092827921925726, 0.13092520638713795, 0.13092208243297987, 0.13091893540990723, 0.1309157649071597, 0.13091259186739054, 0.1309094306995994, 0.13090628932722684, 0.1309031666302353, 0.13090003251394045, 0.1308969989913795, 0.1308940424530903, 0.1308911333550487, 0.13088823837692712, 0.13088532363297367, 0.13088232734516828, 0.13087985460645826, 0.1308771945810345, 0.13087431929437032, 0.13087122745000976, 0.13086794323973047, 0.13086451024200574, 0.13086098248844014, 0.13085741523646877, 0.13085385751125045, 0.13085034750602428, 0.13084691083843109, 0.13084356089060037, 0.13084030021240348, 0.13083716190583028, 0.13083412536181174, 0.13083116226195454, 0.13082823853045847, 0.13082528187944795, 0.13082226213958895, 0.13081915835172475, 0.13081596135616905, 0.13081267436953092, 0.1308093114851492, 0.13080601283009544, 0.13080269590560828, 0.13079937846371348, 0.13079607348179673, 0.13079282403391088, 0.1307895962571114, 0.13078635918822326, 0.13078317027232333, 0.13078069895772576, 0.1307781409255401, 0.13077546756976943, 0.1307726615354876, 0.1307697199874705, 0.13076665470891452, 0.1307634892204417, 0.1307602539786024, 0.1307569810934476, 0.13075370077077067, 0.13075046335776902, 0.13074727869848723, 0.13074414926226838, 0.1307410712863547, 0.13073804981186335, 0.13073506951506922, 0.13073211117135686, 0.13072912423623093, 0.13072609199409954, 0.13072300352454952, 0.1307198550946991, 0.130716650287392, 0.1307133988938467, 0.13071011491220463, 0.13070681416649463, 0.13070351205424194, 0.13070025015223674, 0.13069703241558572, 0.13069385735093325, 0.1306907196565989, 0.1306876379001495, 0.1306845684286044, 0.13068150021345637, 0.13067842438892632, 0.13067533506288107, 0.13067222970897688, 0.13066929485603465, 0.13066650258170995, 0.13066381599708363, 0.13066119028454623, 0.13065857629010566, 0.13065598126456884, 0.13065335763862193, 0.13065066584326765, 0.13064787998848096, 0.13064499109631, 0.13064200703776493, 0.13063894936592335, 0.13063591282615813, 0.13063290358029656, 0.1306299166974892, 0.13062698039360382, 0.13062411412987526, 0.13062128341561446, 0.13061849865295783, 0.13061576322712212, 0.1306135137894123, 0.13061147233452597, 0.13060946298553497, 0.1306074716668403, 0.13060548332210375, 0.13060348361583782, 0.13060146658875968, 0.13059891112487088, 0.13059587692604088, 0.13059243316826877, 0.13058865304980397, 0.13058460488717316, 0.13058045000945206, 0.13057621845019773, 0.13057243846622812, 0.1305690598378115, 0.13056602236088105, 0.13056325632190358, 0.1305606851187271, 0.13055800426398798, 0.13055530130913812, 0.1305525357032383, 0.1305496892791626, 0.13054676658074238, 0.13054379101501004, 0.13054079815529993, 0.1305377218579213, 0.13053461568178723, 0.13053085390030367, 0.13052725626327594, 0.13052388126910452, 0.13052073120073188, 0.13051779162383673, 0.13051434013917457, 0.13051043221544226, 0.1305068234079396, 0.13050348345168633, 0.1305003691928426, 0.13049742571011705, 0.1304945889678758, 0.13049151953021162, 0.13048769657049433, 0.13048392509221404, 0.1304802000612838, 0.13047643451543667, 0.13047295122962266, 0.1304697447394777, 0.13046667345944934, 0.13046373999968036, 0.13046094433035205, 0.13045817567339743, 0.13045544000571613, 0.13045274043418284, 0.13044983674297245, 0.13044674205000623, 0.13044345967590465, 0.13043998606681262, 0.13043631420484766, 0.13043263232893737, 0.13042884235661062, 0.13042516810850613, 0.1304216175504197, 0.13041821229953313, 0.13041497556690285, 0.13041191574355543, 0.13040903495173206, 0.13040632861167176, 0.13040378576433856, 0.13040127907897292, 0.13039880048300018, 0.13039607599823608, 0.13039311354409935, 0.13038991322487833, 0.13038647096609363, 0.1303827824772945, 0.13037884700632485, 0.13037504206903627]