Model Setup for Atypical Patient 1:
ITERS=1000
LEARNING_RATE=0.001
OPT_RESET=None
ATOL=1e-07
RTOL=1e-05
METHOD=dopri5
Input channels=2
Hidden channels=20
Output channels=2
Runtime=520.1947450637817
Optimizer=Adam (
Parameter Group 0
    amsgrad: False
    betas: (0.9, 0.999)
    capturable: False
    differentiable: False
    eps: 1e-08
    foreach: None
    fused: None
    lr: 0.001
    maximize: False
    weight_decay: 0
)Loss over time=[12490.549789397628, 12071.076534719317, 11687.606573932391, 11336.358054308914, 11014.192590493096, 10717.79563948272, 10444.793019138184, 10192.77568594188, 9959.584476472752, 9743.315871354156, 9542.277326931182, 9354.961589330656, 9179.934512411788, 9016.142843450902, 8862.366309677585, 8717.957369589614, 8581.892156295735, 8453.452393298272, 8331.929297919662, 8216.744893903577, 8107.511062637714, 8003.402355136047, 7904.327980961922, 7809.570054862834, 7719.075607267709, 7632.389212783426, 7549.248803012065, 7469.268804962301, 7392.367587396876, 7318.323041935649, 7246.729318418231, 7177.625869772997, 7110.728005009869, 7045.8895041527685, 6982.992933116266, 6921.845506904451, 6862.301607597992, 6804.246320511077, 6747.489207678582, 6691.690945599123, 6634.365889927056, 6575.53518117955, 6517.699875780617, 6460.819983560363, 6404.907185719319, 6349.976044161952, 6296.033285077987, 6243.0814668864705, 6191.117430434519, 6140.134719297231, 6090.120167179711, 6041.06266101405, 5992.949411745792, 5945.760018674519, 5899.479080512018, 5854.0881465380235, 5809.569294973809, 5765.9007726468235, 5723.064687028221, 5681.037855414675, 5639.801502339233, 5599.335005099522, 5559.61765149256, 5520.628713768891, 5482.347341011922, 5444.752626581984, 5407.823692915969, 5371.5396355660605, 5335.879521831951, 5300.822390687046, 5266.347256251214, 5232.433119620438, 5199.05918700626, 5166.204027882462, 5133.847116622655, 5101.967795093574, 5070.545675225417, 5039.560745737448, 5008.993487280562, 4978.8249885586065, 4949.037054751933, 4919.612299985802, 4890.53421726295, 4861.787222777056, 4833.356669480828, 4805.228840143078, 4777.390915676732, 4749.830927832338, 4722.537701010461, 4695.500788136961, 4668.710404749218, 4642.157364374912, 4615.83301735546, 4589.72919432738, 4563.838154841607, 4538.152541368473, 4512.665338356386, 4487.369835953337, 4462.259597913123, 4437.328433147873, 4412.571929509173, 4387.981450814695, 4363.55273480044, 4339.280345111788, 4315.158987500352, 4291.18349450631, 4267.348811384589, 4243.649982976601, 4220.082141415402, 4196.640396411437, 4173.319996501267, 4150.116358193612, 4127.02485436255, 4104.040887240184, 4081.161997267184, 4058.3799233070804, 4035.6917387792796, 4013.092572089894, 3990.5781547771107, 3968.143898753577, 3945.78745120813, 3923.499842939847, 3901.278421034543, 3879.1198397485864, 3857.017903210694, 3834.9678023399597, 3812.964552634731, 3791.003788207243, 3769.0788477003766, 3747.1851681804587, 3725.3173020960253, 3703.470393148927, 3681.637149034486, 3659.8132282198812, 3637.990836275867, 3616.164531944194, 3594.3277662946607, 3572.4737475452566, 3550.5954209373767, 3528.685447100371, 3506.736178769162, 3484.739635672592, 3462.687477009048, 3440.570972936585, 3418.3809717623535, 3396.107865443821, 3373.7415524134053, 3351.271395581347, 3328.6861776239775, 3305.9740516873358, 3283.122487430248, 3260.118211716616, 3236.947143385264, 3213.5943211964814, 3190.0438240033623, 3166.278679781883, 3142.2806849079657, 3118.031377221588, 3093.509154098216, 3068.691866643004, 3043.5554135775014, 3018.0742808740397, 2992.221018462879, 2965.9656742024526, 2939.275656344417, 2912.1158709199067, 2884.4482078277247, 2856.231200904745, 2827.4196418433853, 2797.964140180276, 2772.692208717625, 2761.32580897579, 2751.711896710962, 2743.066102479968, 2735.013133274251, 2727.4137040137716, 2720.219372659972, 2713.1839182376657, 2706.44231235242, 2699.914952408657, 2693.4615380001155, 2687.1444464166148, 2681.0574521906356, 2674.9510261044156, 2668.9358605567068, 2662.958756495976, 2657.013377537916, 2651.0934420468957, 2645.195039781895, 2639.313298370744, 2633.554361296119, 2627.8221963286665, 2622.0952693632717, 2616.3602341569767, 2610.637686641567, 2604.9140878431613, 2599.202827354391, 2593.501502740079, 2587.809382573189, 2582.1258975970104, 2576.4505335571575, 2570.782848854257, 2565.122473572816, 2559.469103618905, 2553.822492033434, 2548.182441044663, 2542.5487957577643, 2536.926629876501, 2531.313258334804, 2525.704616679861, 2520.1007910897583, 2514.501876203013, 2508.9079723472732, 2503.3191832516823, 2497.735614177051, 2492.1573704184866, 2486.5845561140154, 2481.017273307348, 2475.455621258799, 2469.8996959146807, 2464.349589563338, 2458.8053906100995, 2453.267183463879, 2447.7350485011366, 2442.209062102797, 2436.6892967427534, 2431.175821096616, 2425.6687002027825, 2420.1686711605394, 2414.6786786363305, 2409.1952774943293, 2403.7184995190573, 2398.248375887237, 2392.7849371769526, 2387.328213403207, 2381.8782340299363, 2376.4350280011904, 2370.998623776661, 2365.5690493523484, 2360.1463322813142, 2354.7304997140773, 2349.3215784128474, 2343.9195947750377, 2338.524574853627, 2333.136544370953, 2327.755528741963, 2322.3815530763964, 2317.014642203199, 2311.6548206606335, 2306.302112727531, 2300.956542410409, 2295.618133456657, 2290.286909355044, 2284.9628933370955, 2279.6461083850113, 2274.336577220142, 2269.0343223096133, 2263.739365863874, 2258.451729824594, 2253.1714358706745, 2247.898505391782, 2242.6329594852978, 2237.3748189560515, 2232.1241042752436, 2226.8808359611153, 2221.645031347757, 2216.4167085706667, 2211.195919368117, 2205.9826402798503, 2200.776906697604, 2195.5787375086643, 2190.388151329795, 2185.2051665847666, 2180.029801186583, 2174.862072901209, 2169.7019994692064, 2164.549598077588, 2159.404885718694, 2154.2678791140106, 2149.1385587050568, 2144.0170264510202, 2138.903244037686, 2133.7972285822175, 2128.698996412779, 2123.608563211298, 2118.52594391368, 2113.451153500491, 2108.3842059714952, 2103.325114789462, 2098.2738928548065, 2093.230552457775, 2088.1951052761956, 2083.167562470408, 2078.1479349027136, 2073.136233484039, 2068.1324695363037, 2063.136655038314, 2058.1488026118363, 2053.168925260481, 2048.1970359869733, 2043.2331474535467, 2038.277271764275, 2033.3294203885764, 2028.3896041756293, 2023.4578334176113, 2018.5341179487268, 2013.6184666810811, 2008.7108882702053, 2003.8113908742453, 1998.9199819980515, 1994.0366986395732, 1989.1615045208061, 1984.2944258705645, 1979.4354703183083, 1974.5846452704923, 1969.7419579029977, 1964.9074140470125, 1960.08102421574, 1955.2627913036652, 1950.4527228540405, 1945.6508251013497, 1940.857104030267, 1936.0715654487021, 1931.2942249028063, 1926.525068361833, 1921.7641070152574, 1917.0113475481403, 1912.26679791422, 1907.5304628039369, 1902.80234556437, 1898.0824506232516, 1893.3707821908233, 1888.6673442741403, 1883.972140661592, 1879.2851749651447, 1874.606450622988, 1869.935970897373, 1865.273738873662, 1860.6197574685245, 1855.9740294282615, 1851.3365573322742, 1846.7073435958043, 1842.0863904701698, 1837.473700047982, 1832.8692742605947, 1828.2731148847333, 1823.6852235382737, 1819.1056016832224, 1814.5342506241075, 1809.9711715116216, 1805.4163653559788, 1800.8698330225213, 1796.3315752361325, 1791.8015925763189, 1787.2798854749592, 1782.7664542223436, 1778.2612989720305, 1773.7644197409993, 1769.2758164109089, 1764.795488730773, 1760.3234363172458, 1755.8596586556926, 1751.40415510218, 1746.9569248850669, 1742.5179671052413, 1738.0872807397886, 1733.6648646339797, 1729.250717510414, 1724.844837973832, 1720.447224508545, 1716.0578754795645, 1711.6767891353645, 1707.303963607814, 1702.939396913336, 1698.583086954638, 1694.235031521769, 1689.895228293941, 1685.5636748389347, 1681.2403686169616, 1676.925306978631, 1672.618487170255, 1668.3199063269576, 1664.0295614816976, 1659.7474495652482, 1655.4735674065887, 1651.207911733449, 1646.950479172696, 1642.7012662532945, 1638.4602694065225, 1634.2274849658372, 1630.0029091696765, 1625.7865381616866, 1621.5783679917804, 1617.3783946174672, 1613.186613904192, 1609.0030216274683, 1604.8276134727746, 1600.6603850366969, 1596.501331828966, 1592.3504492718127, 1588.2077327035959, 1584.073177375044, 1579.9467784549363, 1575.8285310288657, 1571.7184301002662, 1567.6164705915928, 1563.5226473456535, 1559.4369551253665, 1555.3593886159788, 1551.2899424245197, 1547.228611082139, 1543.1753890435111, 1539.1302706857243, 1535.0932503149343, 1531.0643221635619, 1527.0434803926023, 1523.030719091117, 1519.0260322775648, 1515.0294139013388, 1511.0408578410766, 1507.0603579085391, 1503.0879078472426, 1499.1235013345338, 1495.1671319816708, 1491.2187933348614, 1487.2784788757979, 1483.3461820225093, 1479.4218961300073, 1475.5056144912292, 1471.5973303376782, 1467.6970368402256, 1463.8047271094028, 1459.9203941967874, 1456.0440310950316, 1452.175630738912, 1448.315186006306, 1444.4626897179246, 1440.6181346390933, 1436.7815134796572, 1432.9528188957802, 1429.1320434880029, 1425.3191798045395, 1421.5142203409973, 1417.7171575409839, 1413.927983796605, 1410.1466914493997, 1406.3732727907345, 1402.607720062494, 1398.8500254576481, 1395.100181120851, 1391.3581791491317, 1387.6240115923556, 1383.8976704538227, 1380.179147690903, 1376.4684352155448, 1372.7655172938069, 1369.070391633533, 1365.3830519350843, 1361.7034899297994, 1358.0316972512326, 1354.3676653813834, 1350.711385511917, 1347.0628481214073, 1343.4220414762424, 1339.7889391940373, 1336.1635935012036, 1332.545981043196, 1328.936049934807, 1325.333806695278, 1321.739245856138, 1318.1523598100391, 1314.5731402629608, 1311.0015786392926, 1307.437666219507, 1303.8813941954409, 1300.3327536954453, 1296.7917357969973, 1293.2583315335137, 1289.7325318984192, 1286.2143278478022, 1282.703710302115, 1279.2006701476005, 1275.7051982371815, 1272.2172853914335, 1268.7369223992187, 1265.264100018399, 1261.798808976394, 1258.3410399707543, 1254.8907836696735, 1251.448034343623, 1248.0127804488975, 1244.5850109472888, 1241.1647161578528, 1237.751886790097, 1234.346513325344, 1230.9485862222232, 1227.5580959161437, 1224.1750328193891, 1220.7993873212831, 1217.4311497883286, 1214.070310564567, 1210.7168599716463, 1207.370788309136, 1204.03208585476, 1200.7007428646282, 1197.3767495734328, 1194.0600961949046, 1190.7507729218626, 1187.4487699266406, 1184.154077361199, 1180.866685357703, 1177.586584028483, 1174.313763466462, 1171.0482137455858, 1167.7899249208729, 1164.5388870288903, 1161.2950900880544, 1158.0585240987605, 1154.8291790438059, 1151.6070448886503, 1148.3921115824655, 1145.1843690563608, 1141.983807225609, 1138.7904159894642, 1135.6041852312192, 1132.4251048185586, 1129.2531646037664, 1126.088354423857, 1122.9306641002606, 1119.7800834387444, 1116.63660229118, 1113.5002100144395, 1110.370894510977, 1107.2486262693062, 1104.1334237587957, 1101.025281579644, 1097.9241774895797, 1094.8301012003876, 1091.7430424097183, 1088.6629908017437, 1085.589936047967, 1082.5238678069784, 1079.464775725216, 1076.4126494377874, 1073.3674785666901, 1070.3292527234262, 1067.2979615093934, 1064.273594513416, 1061.2561413150731, 1058.245591484464, 1055.2419345811193, 1052.2451601549249, 1049.2552577458366, 1046.27221688648, 1043.29602709901, 1040.3266778979962, 1037.3641587904606, 1034.408459273841, 1031.4595688393931, 1028.5174769693126, 1025.5821731398346, 1022.6536468187289, 1019.7318874677287, 1016.8168845426771, 1013.9086274913632, 1011.0071057562359, 1008.1123087743958, 1005.2242259762443, 1002.3428467860128, 999.4681606240688, 996.6001569046294, 993.738825036984, 990.8841544256583, 988.0361344707012, 985.1947545673843, 982.360004106932, 979.5318724765647, 976.7103490595817, 973.89542323561, 971.0870843806543, 968.2853218675671, 965.4901250658077, 962.7014833419252, 959.9193860596636, 957.1438225802577, 954.374782262446, 951.6122544625182, 948.8562285345923, 946.1066938311669, 943.3636397022715, 940.6270554968294, 937.8969305619827, 935.1732542436247, 932.4560158863798, 929.7452048338472, 927.0408104287923, 924.3428220133289, 921.6512289286765, 918.9660205159304, 916.2871861154686, 913.6147149933295, 910.948596467547, 908.2888199755805, 905.6353748589347, 902.9882504599095, 900.3474361208208, 897.7129211847307, 895.0846949956824, 892.462746898209, 889.84706623813, 887.2376423622107, 884.6344646186218, 882.0375223572868, 879.4468049293235, 876.8623016875318, 874.2840019865372, 871.7118951830321, 869.1459706355323, 866.5862177050625, 864.0326257549044, 861.4851841507426, 858.943882260585, 856.4087094553997, 853.8796551089522, 851.3567085974424, 848.8398593006743, 846.3290964509125, 843.8244095842314, 841.3257880924994, 838.8332213692687, 836.3466988114335, 833.8662098198107, 831.3917437987346, 828.9232901562765, 826.4608383049126, 824.0043776606789, 821.5538976438719, 819.1093876795985, 816.6708371973102, 814.2382356309878, 811.8115724188584, 809.3908370041407, 806.97601883453, 804.5671073627562, 802.1640920463047, 799.7669623478606, 797.3757077352401, 794.9903176830686, 792.6107816740216, 790.2370891924063, 787.8692297284812, 785.5071927773147, 783.1509678389735, 780.8005550231118, 778.4559228019481, 776.1170710390531, 773.7839892616051, 771.456667002185, 769.1350937996983, 766.819259198254, 764.5091527486237, 762.2047640072408, 759.9060825367272, 757.6130979063637, 755.3257996916454, 753.0441774734028, 750.7682208404311, 748.4979193879458, 746.2332627184279, 743.9742404407833, 741.7208421708813, 739.4730575312811, 737.2308761522837, 734.9942876710612, 732.7632817320241, 730.5378479871135, 728.3179760954572, 726.1036557239116, 723.8948765471777, 721.691628247052, 719.4939005133177, 717.3016830010093, 715.1149654546534, 712.9337375926764, 710.7579891328852, 708.5877098016648, 706.4228893340461, 704.2635174733826, 702.109583971547, 699.9610785886657, 697.8179910932574, 695.6803112625313, 693.5480288819385, 691.4211337458652, 689.2996156564451, 687.1834555522414, 685.0726617852569, 682.9672146258421, 680.8671038669446, 678.7723193310335, 676.6828508530292, 674.59868827944, 672.5198214730469, 670.4462403081579, 668.3779346699882, 666.314894454386, 664.2571095676191, 662.2045699261271, 660.1574045943916, 658.1186784869672, 656.0818060781868, 654.0489527115784, 652.0224568812309, 650.0011588660508, 647.9850037565164, 645.974187006171, 643.9686334239973, 641.9681673639725, 639.9728224372301, 637.9825897794503, 635.9974605625919, 634.0174257365292, 632.042476183195, 630.0726027239945, 628.1077961273361, 626.1480471145235, 624.1933463659585, 622.2436845258361, 620.2990522064126, 618.3594399923314, 616.4248384435433, 614.4952380984695, 612.5706294768883, 610.6510030820419, 608.7363494032993, 606.8266589197879, 604.9219221015557, 603.0221294108743, 601.1272712969611, 599.237334917867, 597.3522821152026, 595.4620597954928, 593.5870086773843, 591.7168460400743, 589.8515619838647, 587.9911466417979, 586.135590177252, 584.2848827817205, 582.4390146731733, 580.5979760941763, 578.7617573103959, 576.9303486097498, 575.1037403006329, 573.2819227112918, 571.4648861885554, 569.6526210972145, 567.845118164889, 566.0423682736144, 564.2443610078063, 562.4510867980624, 560.6625360899943, 558.8786993457975, 557.0995670423941, 555.3251296715866, 553.5553777403198, 551.7903017698966, 550.0298922992399, 548.2741398861384, 546.5230351015018, 544.7765685324437, 543.0347307850894, 541.2975124877373, 539.5649042943725, 537.8368968910895, 536.1134810058278, 534.3946474285641, 532.6803870464282, 530.9706909145888, 529.265550423695, 527.5649577529126, 525.8688937391441, 524.1773095411999, 522.4902646500278, 520.8077607530914, 519.1297813444933, 517.4562352725875, 515.7871681790872, 514.1225755335471, 512.4624464360345, 510.80677087443695, 509.15553918228215, 507.5087419193351, 505.86636974849466, 504.228413386662, 502.59486359631507, 500.96571117464424, 499.3409469456055, 497.7205617556847, 496.10454647158605, 494.49289197732963, 492.8855891735113, 491.2826289766063, 489.6840023174047, 488.08970014089886, 486.4997134059906, 484.9140330847365, 483.3326501629412, 481.7555556389196, 480.18274052410527, 478.6141958420148, 477.0499126295612, 475.4898819357558, 473.93409482188457, 472.3825423616443, 470.8352156407658, 469.2921057577714, 467.75320382275345, 466.21850080708396, 464.6879879151567, 463.16165636303117, 461.63949731211636, 460.1215019363821, 458.60766142134673, 457.0979669640638, 455.5924097736119, 454.0909810702724, 452.5936720868027, 451.100474067663, 449.6113782689271, 448.1263759585153, 446.64545841616194, 445.1686169333492, 443.6958428135503, 442.2271273715662, 440.7624619343897, 439.3018378410055, 437.84524644230527, 436.3926791004051, 434.94412718967857, 433.49958209643717, 432.05903521866935, 430.62247796646113, 429.18990176136555, 427.7612980372524, 426.33665823863464, 424.91597381779434, 423.49923625067896, 422.0864370181919, 420.67756761326035, 419.27261954094615, 417.87158431817767, 416.47445347389925, 415.0812185486657, 413.69187109499313, 412.3064026775626, 410.924804872695, 409.5470692687772, 408.1748281354649, 406.80478480822, 405.43858830078517, 404.07621887519764, 402.7176680489551, 401.36292734985943, 400.01198831670695, 398.6648425020422, 397.32148147252485, 395.98189681168265, 394.64608012167713, 393.31402302590635, 391.98571717188975, 390.661154234414, 389.3403259223636, 388.0230629115287, 386.70968134707914, 385.4000137771476, 384.0940519507648, 382.7917875022062, 381.49321245800496, 380.19831872883566, 378.90709806695554, 377.61954371013087, 376.3356448031027, 375.05539450264075, 373.7787846809338, 372.50580710612485, 371.2364538921045, 369.9707157890588, 368.7085872995536, 367.45005920166085, 366.1951231617066, 364.9437711960004, 363.69599536213843, 362.4517876718991, 361.21114014744603, 359.974044778968, 358.74049363389156, 357.5104787835548, 356.28399229723135, 355.0610262563891, 353.8368071203726, 352.6208714672745, 351.4084345715107, 350.1994883333092, 348.99402468617325, 347.79203559525837, 346.5935130550998, 345.39843326535646, 344.2068202922523, 343.0186500078509, 341.8339154239893, 340.6526083903606, 339.4747200006755, 338.3002419718891, 337.12916607087163, 335.96148755372, 334.7971969947162, 333.6362866194888, 332.47874867123505, 331.32457541009865, 330.17375910629, 329.0262920138896, 327.8821664966574, 326.74137487128394, 325.60390946512376, 324.4697646719296, 323.3389291067477, 322.21139666490944, 321.08715998745305, 319.9662114970936, 318.84854357363497, 317.73414863600186, 316.62301923631964, 315.51514618452785, 314.4105258121836, 313.30914760036933, 312.21100417505306, 311.11608871772364, 310.0243937671646, 308.9359118763031, 307.85063562078375, 306.76855758635224, 305.6896703888178, 304.61396810541453, 303.5414404227559, 302.4720813917175, 301.4058836558772, 300.3428296621964, 299.28293406921426, 298.22617789219134, 297.1725538468397, 296.122054704981, 295.0746731822788, 294.0304017932735, 292.9892333956937, 291.9511603959091, 290.9161758776376, 289.88427098955214, 288.8554413297316, 287.82967845300806, 286.8069751599392, 285.78732423521984, 284.77071846053155, 283.75715074538516, 282.74661494262506, 281.73910141086236, 280.73460464824194, 279.7331175806558, 278.7346330686211, 277.7391439205841, 276.7466430383627, 275.75712333289937, 274.77057689846896, 273.78699475961304, 272.80637269033195, 271.82870368272665, 270.85398073865684, 269.882196870251, 268.9133450989989, 267.9474184568538, 266.9844099860153, 266.02431273872105, 265.0671197782113, 264.11282417768075, 263.1614190209799, 262.21289740317275, 261.267252429493, 260.3244772164936, 259.3845648909049, 258.4475085907976, 257.51330146514687, 256.5819366734875, 255.6534073862946, 254.7277067851542, 253.80482806294185, 252.88476442336088, 251.96750908126225, 251.05305526205248, 250.14139620263532, 249.2325251505449, 248.32643536476505]