Model Setup for Atypical Patient 1:
ITERS=2000
LEARNING_RATE=0.001
OPT_RESET=None
ATOL=1e-05
RTOL=0.001
METHOD=dopri5
Input channels=2
Hidden channels=20
Output channels=2
Runtime=517.2173500061035
Optimizer=Adam (
Parameter Group 0
    amsgrad: False
    betas: (0.9, 0.999)
    capturable: False
    differentiable: False
    eps: 1e-08
    foreach: None
    fused: None
    lr: 0.001
    maximize: False
    weight_decay: 0
)Loss over time=[1517.1302760869703, 1070.8667798183014, 766.1003671310532, 503.1481938734447, 0.953440056103598, 0.9810749655484379, 1.077818916915099, 1.3033236480543344, 1.6170519309971239, 1.8928139360127672, 2.1637868006109042, 2.487281891608978, 2.9393199120892506, 3.4779620395106785, 4.013529295299166, 4.500798046561607, 4.892427678477545, 5.17295262114849, 5.384278716562903, 5.500906461202542, 5.529472486332728, 5.5021836922270815, 5.415225233140607, 5.2828500293056795, 5.1184862068822445, 4.926544914601646, 4.758543636158699, 4.530734238051618, 4.292528691517389, 4.059757064404199, 3.8466360408342863, 3.656539418021286, 3.4474532513199496, 3.2722461802104164, 3.0880812899149443, 2.912740294197997, 2.756871589691935, 2.6129874002735063, 2.476609595600307, 2.3545784447341265, 2.2420503708877004, 2.1396587700732965, 2.0457354549546607, 1.9596471170766607, 1.8800298080748312, 1.8087247086852352, 1.7432892043595123, 1.6827862504345636, 1.6280355292927622, 1.578138887999735, 1.532039655008215, 1.4899988391700552, 1.4510952892785114, 1.4148734751733063, 1.3811757203837607, 1.3496952858895204, 1.3203386520002125, 1.2926312279528411, 1.2665594777226064, 1.2419566166846825, 1.2187420188994913, 1.1967668345788582, 1.1758450342669748, 1.1559278550279026, 1.1370100185725915, 1.11890213100099, 1.1015669888154598, 1.0849657671844417, 1.0691417083369592, 1.0537609223387985, 1.0393128479132996, 1.0239948753764847, 1.010040383646633, 0.9963176004000487, 0.9837039733683184, 0.9720976137551987, 0.9605236416624657, 0.9493704279748821, 0.938807887827274, 0.9279774102157732, 0.9164140970976496, 0.9072539802561459, 0.8962224685829177, 0.8865725909709123, 0.8773956843342456, 0.8682784958444402, 0.8593900481216306, 0.8507483608731508, 0.8423771584033087, 0.8342383449134477, 0.8262485803897973, 0.8184706139950105, 0.8120305976742134, 0.8046465807907139, 0.7974405042218382, 0.7904469418865697, 0.783650172701605, 0.7770090865613933, 0.7704884680124118, 0.7641059836171454, 0.757870891185734, 0.7517758749770149, 0.7458164782990185, 0.7399829551479923, 0.7341190057983821, 0.7285496007964934, 0.7230896050202112, 0.71774838829077, 0.7125179239620878, 0.7073896484205869, 0.702363161510678, 0.6974369266893882, 0.6926152377026947, 0.6878708869344955, 0.6831944250405154, 0.6786658613391179, 0.6742266926040492, 0.6698806723673001, 0.6656166131846416, 0.6614331013169704, 0.657326282132662, 0.6533101341411662, 0.6494009834654899, 0.6454414328020098, 0.6416125459617953, 0.6378599125880435, 0.6341736588001431, 0.6305505396338625, 0.6269891665640631, 0.6234873591332906, 0.6200595926885415, 0.6167254015702003, 0.613365576229846, 0.6103719120151282, 0.606876449022876, 0.6040174590393209, 0.6008305366231813, 0.5977776758529558, 0.5947700310369819, 0.5918062748015286, 0.5888951168181301, 0.5860146910150754, 0.5831864865560127, 0.5803987475329804, 0.5776700452904839, 0.5749935967066545, 0.5723157886017185, 0.5695440599839439, 0.5669319179708476, 0.5643834856004011, 0.5618817621094014, 0.5594236706194199, 0.5570098651190196, 0.5546409655503394, 0.5523099903383554, 0.5499858986698474, 0.5476642514361965, 0.5453747968872623, 0.543118764585112, 0.5408947521037283, 0.5387018518052431, 0.5365376928260516, 0.5343988158151327, 0.5322877174958836, 0.530202457804357, 0.528136691341635, 0.5261009727036148, 0.5240890873903262, 0.5220975877839474, 0.520131758564402, 0.5181903252008465, 0.5162690191468594, 0.5143701447724225, 0.5124939488475234, 0.5106386649113444, 0.5088048557111674, 0.5069919363034802, 0.5051974163345834, 0.5034230823538576, 0.5016732596847379, 0.49994363594146535, 0.49823245593157545, 0.49653944218315044, 0.49486453348000653, 0.49320664225398336, 0.4915649050849941, 0.4899402746436788, 0.4883323182347772, 0.48674246624039375, 0.48509607287763024, 0.4835352390552112, 0.4819888421728692, 0.48045502164547427, 0.478935285279964, 0.47743126972657524, 0.47594332355205043, 0.47449379262461555, 0.47300906852555236, 0.47156144509491293, 0.4701268876856204, 0.468705254265258, 0.4672946346116733, 0.46589555722056597, 0.46450514440442264, 0.46312514955782336, 0.4617569810970007, 0.4604004546940141, 0.45905781293826, 0.4577253768111177, 0.45640772414581715, 0.45506603177860294, 0.4536331058013618, 0.4525151258559859, 0.45123364904849195, 0.4498750325882272, 0.4485690802670639, 0.44731672735183153, 0.446074283897924, 0.4448399481060633, 0.4436140821800461, 0.4423967968922685, 0.441190163801846, 0.43998987540038514, 0.4387979081758237, 0.4376225366182878, 0.436458115548646, 0.4353093160155583, 0.4341652064282109, 0.4330496053507037, 0.43190772150337015, 0.4307510244167659, 0.4296167883110254, 0.42849341360428445, 0.42738802927260866, 0.42628916095539443, 0.4251943938946414, 0.42410791505175655, 0.423029270336483, 0.42195623405363397, 0.4208912804128284, 0.4198319854423037, 0.41877345579106273, 0.4177212958179861, 0.41667545118837224, 0.4156363125773767, 0.4146038851897724, 0.4135772811740711, 0.41255640831361623, 0.4115411079346318, 0.4105310841529587, 0.4095259124650777, 0.40852719230177925, 0.4075316978591434, 0.40653757882943375, 0.40554668271247524, 0.4045621974484764, 0.4035809361373026, 0.4026037934286602, 0.40163276286618177, 0.40066769231530747, 0.39970775686828114, 0.39875071443564375, 0.3977970423351571, 0.3968468410187915, 0.39590123341140154, 0.3949581971196024, 0.3940165240760248, 0.3930780134965651, 0.39214330413616416, 0.3912145069113928, 0.3902920142037876, 0.38937347222274055, 0.38845590016228293, 0.38755384013895583, 0.3866382688495922, 0.3857408131223883, 0.38487917587733056, 0.3840255493901725, 0.3831872572088298, 0.382350316598372, 0.38151457090863433, 0.38068515610650205, 0.3798616098297265, 0.3791094520462541, 0.3782907842913397, 0.3774778325981728, 0.37667038615322085, 0.375869045889454, 0.375075935064317, 0.3742884581310641, 0.37350592129997473, 0.3727322265394131, 0.371962823733159, 0.37119742244434856, 0.3704280764595676, 0.3696750781398687, 0.36892590153747445, 0.36818712242773977, 0.36746740117791055, 0.36673412516849885, 0.3660047854651337, 0.3652806362490315, 0.3645597208005782, 0.3638417278352391, 0.36312851507983973, 0.3624197162633596, 0.36171274750680066, 0.361006130080535, 0.36030569424313313, 0.3596044418229298, 0.3589011434573774, 0.358189916217216, 0.35746676964655477, 0.35667933818009645, 0.35609391788544154, 0.3554441755018453, 0.3547577472925271, 0.3540845511888313, 0.35341612505149045, 0.35276250322445935, 0.35210547680273163, 0.3514320559686234, 0.3507799406300253, 0.35013461478383223, 0.3494811878832964, 0.34883725327201126, 0.34819640382721634, 0.3475579845188213, 0.34692175765134486, 0.34628678243071775, 0.3456524806327723, 0.3450192896076706, 0.3443902419063558, 0.3437644478554734, 0.34313665661809467, 0.3425072178927222, 0.3417335403099301, 0.34114768000997847, 0.34055983025413733, 0.3399645958774085, 0.3393638093712749, 0.33876498715523434, 0.3381646503218091, 0.3375636821183202, 0.33696424858270196, 0.3363716334819504, 0.33578320295610736, 0.3351997288217143, 0.33462003395697515, 0.334042692538846, 0.33346638204969264, 0.33289217787238384, 0.3323184799861021, 0.33174622322401937, 0.33117687944248025, 0.3306097735090361, 0.3300442483066081, 0.3294799078297185, 0.3289169660503824, 0.32835568346097865, 0.3277968797710677, 0.32724039269090427, 0.32668400571186046, 0.32612990819114135, 0.3255777157595144, 0.3250278799415899, 0.32447969545998884, 0.3239324247440253, 0.3233863151362212, 0.32284087729665, 0.3222969582071937, 0.3217563210260513, 0.3212192022994826, 0.3206846604491666, 0.3201509991822918, 0.31961818019308585, 0.31908590898655986, 0.3185531529019814, 0.31802312614698375, 0.3174969051137842, 0.3169712460388206, 0.3164491068317836, 0.315930501422855, 0.31541250608812743, 0.31489334701001437, 0.31437577062024574, 0.3138600546429196, 0.3133476658086684, 0.3128366267122702, 0.3123289112055297, 0.3118238377006094, 0.3113183613501111, 0.3108107980949132, 0.31030317344763375, 0.309798184831786, 0.3092958751724297, 0.3087959460280178, 0.3082982208151765, 0.3078024253550575, 0.30730631341148645, 0.3068101174658401, 0.3063142131540089, 0.3058228021999034, 0.3053324907800211, 0.30484201398344557, 0.30435434507647735, 0.30386824490532865, 0.3033834774110385, 0.3029145460476024, 0.3024339077673383, 0.3019557007238046, 0.30147791797382184, 0.3010007663480994, 0.3005253058780542, 0.300050701925873, 0.29957711350540195, 0.2991046775109774, 0.2986308091008494, 0.29819899113993825, 0.29772862912937054, 0.29725859147966294, 0.2967888566546797, 0.29632107055042967, 0.2958563977987984, 0.29539335959230156, 0.2949315023640314, 0.29447067575649927, 0.29401026053167595, 0.29355113425200857, 0.29309182816850843, 0.2926338177433483, 0.29217701251287553, 0.2917231161782335, 0.29126916809949593, 0.2908143956511491, 0.2903596378514032, 0.28990564930737955, 0.28945339862985764, 0.289003625510269, 0.288554902078832, 0.2881060454829388, 0.2876573142294449, 0.2872074576717648, 0.2867554589226205, 0.28630583456746134, 0.28585777036956356, 0.2854122115035398, 0.28496804311694196, 0.2845233058576785, 0.2840781389539615, 0.2836356558008276, 0.28319435405181986, 0.2827552382676521, 0.28231269659072744, 0.2818684079681935, 0.28142368162625264, 0.2809797088937084, 0.28053768126219986, 0.28009631096058163, 0.27965662502300376, 0.2792181107427613, 0.2787798081316961, 0.278342218258958, 0.2779057156829884, 0.2774285128287581, 0.2769975583595777, 0.276569266976672, 0.2761411077496478, 0.2757128803950837, 0.275285632845773, 0.2748593876205467, 0.2744247949710046, 0.27399853082755365, 0.2735729092593996, 0.273148703165584, 0.2727251532718466, 0.27230346417775264, 0.27188215169177177, 0.27146154429519753, 0.27104148536182826, 0.27062178320452673, 0.2702028154761745, 0.26978578175873247, 0.26936915060048894, 0.26895268997558497, 0.26853765846976085, 0.26812259681892703, 0.2677076138149677, 0.2672940944270066, 0.2667942961052486, 0.26638228574989625, 0.26597123952773377, 0.2655599078875301, 0.26514901482810027, 0.2647383671531152, 0.26432811185593474, 0.2639176083147246, 0.2635085627557277, 0.26310013658390236, 0.26269263274772103, 0.26228520858454224, 0.26187782533656884, 0.2614712918048205, 0.26106548604202917, 0.2606593454598924, 0.26025433946528165, 0.25984998332861636, 0.2594457924404648, 0.2590414937665268, 0.2586375971640276, 0.2582340345468044, 0.25783258031451045, 0.25743508788979486, 0.25704034230339107, 0.2566434066954518, 0.25624574222021407, 0.25584806230404195, 0.25545119054992765, 0.25505388384639044, 0.2546561556266227, 0.2542585116297447, 0.25386073145553817, 0.2534653477076368, 0.2530718168722574, 0.2526800588682336, 0.2522896100894757, 0.25190033502715425, 0.25151120450798903, 0.25112168349415215, 0.25073156253467754, 0.2503411705413377, 0.249950902580791, 0.2495605387776826, 0.24917051810307814, 0.24878260001998137, 0.2483962678629301, 0.2480117154112917, 0.2476273966777436, 0.24724285247929137, 0.24685810969620334, 0.24647334436215163, 0.24608892948378314, 0.2457059464968099, 0.24532463229775095, 0.2449430959385639, 0.2445625861248736, 0.24418194607790758, 0.24380225137508862, 0.2434240204254828, 0.2430456758727689, 0.24266627972097463, 0.24228919605823795, 0.24191114666259114, 0.2415318195011836, 0.2411549337435022, 0.2407801311099228, 0.24040686034677117, 0.2400359615166595, 0.23966352471415966, 0.23928884205290804, 0.238912780645693, 0.23853592836271564, 0.238158898292175, 0.23778199973618186, 0.23740524842991384, 0.23702861998441715, 0.2366522279026411, 0.23627619650751344, 0.23590062541619544, 0.23552559059947742, 0.2351508585059732, 0.234775947032918, 0.23439900960052845, 0.23402131203263943, 0.23364413663361167, 0.2332681751752945, 0.23289055714895818, 0.23251844728308074, 0.23216028936875438, 0.23180217152451207, 0.23144410685810943, 0.23108570625137767, 0.2307165400836724, 0.23033067102659602, 0.2299446421228499, 0.22955849588901175, 0.22918598835174483, 0.22882135366391612, 0.22845578798125396, 0.22808692847527642, 0.22770412937217552, 0.22732840851181216, 0.22695339157655503, 0.2265822226365148, 0.22621969421474677, 0.22585783995207984, 0.22549685230998529, 0.22513757316787275, 0.2247764615489948, 0.22440646697359348, 0.22404300527122342, 0.22369015655565566, 0.22333732890642063, 0.2229795786751823, 0.2226221618944458, 0.22226275895353398, 0.22185558990480575, 0.22141727359795632, 0.2209246819228879, 0.22049859805511113, 0.22010741642914347, 0.2197277902676129, 0.21935684436348188, 0.21905217193925222, 0.2187623714113772, 0.2184384644214684, 0.2180926731026184, 0.2177236232418924, 0.2173347736124374, 0.21695138916701495, 0.21658288542414156, 0.2162484248987438, 0.21590594047820358, 0.21555306883101608, 0.21519223978612922, 0.21482504545642603, 0.21446451917875076, 0.21409905650308894, 0.21372645088461883, 0.21334575812891912, 0.21297940267827678, 0.21268885015588354, 0.21232576854559132, 0.21195533601359628, 0.2115912111840963, 0.21124805180273498, 0.21090492055946067, 0.21057699039004235, 0.2102285155056552, 0.20988782419297222, 0.20955535966216068, 0.20923339134458016, 0.20892041129599564, 0.20860438799072095, 0.20828565895527956, 0.2079624132025872, 0.20763647302826496, 0.20730589056766424, 0.20697361472363235, 0.2066432468081919, 0.20631515734290076, 0.205997757197681, 0.20568422488245944, 0.20537248900961505, 0.20506137404027802, 0.20475221049947478, 0.20445807335931135, 0.20416897795835992, 0.20388019808885538, 0.2035772404169143, 0.20326901458716937, 0.202960336964888, 0.20264548681826436, 0.20232775217106924, 0.20201280556866658, 0.201700573489968, 0.20139309718003215, 0.2010828844222451, 0.20076698079880873, 0.20049011907405373, 0.20020151842406675, 0.19988937932775988, 0.1995635462868762, 0.19928173245087866, 0.19902027110421494, 0.19874539497524202, 0.19846343572871916, 0.19816932073218707, 0.19786382179852754, 0.19754681057381857, 0.19725764485237293, 0.1969670538171598, 0.1966935234283869, 0.1964185700013126, 0.1961491665938669, 0.19586461936194632, 0.19556852511162798, 0.19526247741476122, 0.19496863974093392, 0.19467765011613258, 0.1943936970465927, 0.19411661707355032, 0.19384452994221354, 0.1935765225628515, 0.19331103699275023, 0.19304728209167557, 0.1927851520661432, 0.19251960194482318, 0.1922485961956385, 0.19197248066922948, 0.19169616811034773, 0.19142099149902014, 0.19114914184642526, 0.19088079747619116, 0.1906157397034719, 0.19035319362156597, 0.19008883596317874, 0.18982227491009393, 0.18955471071019767, 0.18928625074728841, 0.1890232079901538, 0.18876551928553714, 0.18851168615610783, 0.18825565323482885, 0.18800095514050863, 0.18774725767164496, 0.18749406553188164, 0.1872409754470433, 0.18699117183524702, 0.1867452519278058, 0.18650090026756708, 0.18625301906175576, 0.1860023097211811, 0.18575595170311698, 0.18551219310996048, 0.1852695383343967, 0.18502717687375894, 0.18478753394107927, 0.18454968878065212, 0.18431625492445117, 0.18408545724018818, 0.183853985393047, 0.1836228358725019, 0.1833901129936202, 0.18315715036745692, 0.18292236983286347, 0.18268609104994973, 0.182452062685488, 0.18221568444425165, 0.1819796129114476, 0.18174230534153477, 0.18150754368633162, 0.18128873033282727, 0.1811072441715336, 0.18091763395268712, 0.18072034825850372, 0.18051245111171188, 0.1802899260650788, 0.18006538967907534, 0.1798120895502161, 0.1795374089340214, 0.17931066575790194, 0.17910092691075602, 0.17888682711325157, 0.17866720084482596, 0.1784443699534501, 0.17822096053422373, 0.17800061826151573, 0.17779440831617824, 0.1776695650523739, 0.1775213151484576, 0.17733495200583413, 0.17711971685028705, 0.17686790275920164, 0.1766030714349132, 0.17634104975424664, 0.17610674733945222, 0.17591259300012493, 0.17573371173991542, 0.17555990214571632, 0.17539183103836423, 0.17522124597928804, 0.17504358469180167, 0.17486129862705774, 0.17466600539788407, 0.17446295919258523, 0.17426588179752744, 0.17408633033990947, 0.1739006998819791, 0.17369730176741463, 0.17347757466777344, 0.17325776102272564, 0.17303502474807875, 0.1728064648905224, 0.17257907729499047, 0.17235142759035008, 0.17213872426515223, 0.17194722429495846, 0.17176874406461254, 0.17161549628937042, 0.17145451063178196, 0.1713013566218006, 0.1711481540267421, 0.17099267658607895, 0.17083384618757547, 0.17067967382645824, 0.17052534136331174, 0.17035824847025713, 0.1701811604313579, 0.1700169680369528, 0.16985033659932827, 0.1696644481865347, 0.16948461262564035, 0.16930368338613375, 0.1691339058719248, 0.1689802074734536, 0.16883789665208682, 0.1687043569319201, 0.1685457073682709, 0.16837671536533041, 0.16821896086734414, 0.1680537420319645, 0.1678885452517858, 0.16772563281661024, 0.16756860132789872, 0.16742821221664259, 0.16728927234064672, 0.1671404947268616, 0.16699187204233315, 0.16684610229363292, 0.16670433611623856, 0.16656181809716875, 0.1664212187819577, 0.16628200621677047, 0.16614340482833095, 0.1660055100400875, 0.1658688891389987, 0.16573411696459758, 0.1656000289220635, 0.16546659248175047, 0.1653320649413588, 0.16519697102597147, 0.16506426554042627, 0.16493385850536846, 0.16480422956970012, 0.16467569101623553, 0.1645483220746754, 0.16442181722372703, 0.16429843382091525, 0.16417842337240146, 0.16405920727732298, 0.16394115066965867, 0.16381832685786565, 0.16369001432168667, 0.16301570441489702, 0.16345734618899802, 0.16331253427285575, 0.163244004111262, 0.16306466777389883, 0.16290143737072993, 0.16283305149695562, 0.16272007391002188, 0.1625468313482307, 0.16254906690122495, 0.16242890071299448, 0.16230289923124772, 0.16217290827414754, 0.16203895691147738, 0.16190595407336586, 0.16177709689179387, 0.1616701320400393, 0.16157373022561705, 0.16147797451172233, 0.16139191265462965, 0.16118942225100866, 0.1608260274362377, 0.16090917209160804, 0.1608877479238992, 0.16080067845374738, 0.1607209986522017, 0.16055104798659434, 0.15992913284177576, 0.16016396532677415, 0.16025639647454587, 0.16024046711038561, 0.16011488956688485, 0.16000597279594198, 0.1598935131133934, 0.15980919607601746, 0.15970231046535846, 0.1596160442919243, 0.15953472527261833, 0.15945620476256633, 0.15938118856492323, 0.15930083690325192, 0.15921203273737175, 0.15911795998054365, 0.15902610617172408, 0.15893786933737425, 0.15885319988136481, 0.15872541973177579, 0.15864104699625556, 0.15855797321337173, 0.15846793928888916, 0.15837205333040758, 0.1582749005202057, 0.15817877868137928, 0.15808333085362303, 0.1579922122176149, 0.157901486979334, 0.15781052583539684, 0.1577221084933071, 0.1576329709931585, 0.15754204803707444, 0.15744994692314487, 0.15735727049481987, 0.1572615590963209, 0.1571652667537264, 0.15708366998900247, 0.15702911481139523, 0.15693550468767148, 0.1568420227692719, 0.1567371990956681, 0.156645753543435, 0.15654799273715583, 0.15645445930718777, 0.15636246778774773, 0.15627200004616462, 0.1561831998971261, 0.1560958793800248, 0.15600944161076652, 0.1559256594153316, 0.15584224973517052, 0.1557599237912914, 0.15568247989846798, 0.15560956979351104, 0.15553407300111674, 0.1554548915671572, 0.15537257725289957, 0.15528752229575496, 0.15520275391881577, 0.1551175737430299, 0.15503345002687283, 0.1549526560628234, 0.1548756657889449, 0.15480338240372074, 0.15473475922934601, 0.15466430751702862, 0.15459202796678131, 0.15451952811981787, 0.1544469211743052, 0.15437410087692707, 0.15430092595879666, 0.15422780274013315, 0.154149459144315, 0.15409339616664636, 0.15407114068709282, 0.15400971399393076, 0.15394465761223086, 0.1538843533755026, 0.15382040146562115, 0.15375127650891288, 0.15366563759842855, 0.15353885676092485, 0.15345388527207227, 0.15331396856062848, 0.15320741324994544, 0.1531404717555495, 0.15310628049366357, 0.1530759147395909, 0.15305316092761068, 0.15299537583401565, 0.1528974363174413, 0.15273911657559508, 0.15265397123475788, 0.15259952174104666, 0.15254584869687557, 0.15235504112350562, 0.15230192550554425, 0.15222074467280802, 0.1521153755394746, 0.15201625341693858, 0.1519108452398164, 0.15182385763006254, 0.15176155872293584, 0.15181111109300155, 0.151682854377045, 0.15155129347970567, 0.15148884845470192, 0.1514275090890832, 0.15137460222200996, 0.15134311851941706, 0.15131184702183711, 0.15125080286816003, 0.1512145887448101, 0.1511013009700469, 0.15097737548183712, 0.1509650645609232, 0.15090900406441562, 0.15083728431838314, 0.15074498763773797, 0.15047882923000044, 0.15034773540942495, 0.1502856944468949, 0.15028910564516174, 0.15033452878451692, 0.15025516220281718, 0.15012719971407898, 0.15000186086975728, 0.14988141064011698, 0.149844084517977, 0.1498024739814136, 0.1498249373740299, 0.14974686374590684, 0.14979134882267908, 0.14987306822032292, 0.14983054734266796, 0.14975301903814586, 0.14957631683703357, 0.14949080509495558, 0.14941308240877393, 0.14935214053882617, 0.14931936260179593, 0.1493100236074681, 0.14926959089289688, 0.14919310320115653, 0.14915600812017302, 0.14903505599948622, 0.1489072478889665, 0.14878741087634031, 0.14864193013854088, 0.1485299745249577, 0.1484888115979679, 0.14870749588515045, 0.1485746835585113, 0.14850766307737306, 0.14842624366580548, 0.14840770554745772, 0.14828617576266245, 0.14826759287933314, 0.14820482529150628, 0.14814038828430356, 0.1481310439019197, 0.14799771594816902, 0.14795169154131677, 0.1479573567875397, 0.1476874675286392, 0.1475055921492055, 0.147424408264649, 0.1474037049805676, 0.14743627967816522, 0.14728708628095266, 0.14713207922565785, 0.14708201012398653, 0.14716554304719864, 0.1470666532313366, 0.14702992592371097, 0.14686582237324214, 0.14681121999354882, 0.14684034969753182, 0.14676561369476024, 0.14673583297629833, 0.1465790661941533, 0.14652355588784535, 0.14644838963491205, 0.14640539965961452, 0.1463483193447128, 0.1462842475538331, 0.14624350511702866, 0.14618817613209376, 0.14610521812987168, 0.1460493950592905, 0.1460136005327902, 0.1459577621804115, 0.14587587003826702, 0.1458168176158715, 0.1457767418143696, 0.14570886485585585, 0.14564016764676369, 0.14557026102330817, 0.14550303298183084, 0.14551091967807342, 0.14537771399200194, 0.14532050944803857, 0.14531161104360846, 0.14525351361770175, 0.1451929207151812, 0.14511725949558626, 0.14504269653431268, 0.14497211889683445, 0.14494515260759558, 0.1448830043555426, 0.14480303896521288, 0.14474630916808084, 0.144666752020013, 0.14460578942598074, 0.144490519681434, 0.14449290127099762, 0.14446806975978274, 0.144306996160767, 0.14424729051112106, 0.14418728750445256, 0.14413117470165757, 0.1440869616903862, 0.14401830613647898, 0.14407427932701736, 0.14389010566824337, 0.14383756941314452, 0.14377870043084692, 0.14372239861137776, 0.14365458119104288, 0.14358143861490477, 0.14352670239585755, 0.14345883054326541, 0.14339831742347645, 0.14334291936830884, 0.14327795455942682, 0.1432397583905434, 0.14312921927008346, 0.14313355044184814, 0.14310957418446002, 0.1430755535214359, 0.1429859404663954, 0.1429831358482823, 0.14282630627730605, 0.14279606222051858, 0.14271275412289527, 0.1427086319421251, 0.14252219866110785, 0.14258945324991557, 0.14249566178435577, 0.14225214431009714, 0.14234075548398462, 0.14225899758950125, 0.14218626060372047, 0.14212960196683253, 0.1421344663188848, 0.14195461154328373, 0.1418525729439338, 0.1417975526884509, 0.14176717208241457, 0.14177620332300858, 0.14169243356140615, 0.14152613102096467, 0.14148522342717526, 0.14145665411326275, 0.14157499245376542, 0.14134645499864795, 0.1414658169356149, 0.14145532151059087, 0.1413323119254362, 0.14115397496124335, 0.14118648467505215, 0.14110829229644267, 0.14095927109972692, 0.14082582004644426, 0.14081104702474453, 0.14078959014441297, 0.14066237666988207, 0.14060637501154502, 0.14071627547814172, 0.14070758597034605, 0.14052631452193678, 0.14041233547970766, 0.14045685147021442, 0.1403922165263196, 0.14036774435532745, 0.14027528408932752, 0.14008384022242532, 0.139899584711719, 0.13999831139428875, 0.13994174487925373, 0.13990123431888488, 0.13974590711234522, 0.13973064936188015, 0.13961931878883316, 0.1394110287942333, 0.1393962279362091, 0.1393470777385009, 0.13917327696038087, 0.13916364561158412, 0.139070826887688, 0.1390916379837059, 0.13902894025307788, 0.13895785118021722, 0.13894180342076778, 0.13885836188892423, 0.13873029175120385, 0.13864245973219178, 0.13854982984883524, 0.1384928762215832, 0.13842695513289627, 0.13832901103483655, 0.13821838254907898, 0.13809808677295707, 0.13799044560233462, 0.13789514398086664, 0.13782665499511046, 0.13769838897591757, 0.13758720139079805, 0.13747222112623136, 0.1373487933479456, 0.13722130984468556, 0.1371018102638708, 0.1369647758637601, 0.13684303196463346, 0.13672279797583264, 0.13661806390923265, 0.1365162006750909, 0.13641673215452055, 0.13629366387210598, 0.13615253163170066, 0.13601408404472168, 0.13588280491876145, 0.13575880453641498, 0.13564526179021225, 0.1355325433946995, 0.13541411679534263, 0.13527095261268532, 0.1352320273491472, 0.13502040683948852, 0.13488229457129888, 0.13481278786395287, 0.13475151937091798, 0.1346200124782837, 0.13451363129699487, 0.13440100370448274, 0.1342903181517485, 0.13411508168977687, 0.13389831861276824, 0.13383114751633876, 0.13383216704007006, 0.13373210605771102, 0.1333332178205931, 0.13331923129859763, 0.13309280641098598, 0.13293175064153703, 0.13258760351028023, 0.1330985436484534, 0.133053671959037, 0.13290547330128033, 0.13278059642578893, 0.1326143390301761, 0.13275991573392093, 0.13267624607462866, 0.13240376134954365, 0.13239986869988987, 0.13223888413208246, 0.13220907545343516, 0.13207481271717778, 0.13200934918889434, 0.13196872848046365, 0.13171532618187293, 0.1318071736768191, 0.1316530014003795, 0.13166757079204547, 0.13156189488053774, 0.1314650274019056, 0.1312977590889858, 0.13133342566783587, 0.13132752432466258, 0.13118621425494917, 0.13105550031779006, 0.13109781912877663, 0.13099785185953342, 0.1308497667113119, 0.13080797724927115, 0.1307354192419026, 0.13064834511111578, 0.1305603085668243, 0.1305527986792863, 0.13038573491552607, 0.13035174237729963, 0.13016872604748675, 0.1301386687606977, 0.1300329160480823, 0.12996789414598797, 0.1298049243916178, 0.1297402583196736, 0.12929673152039373, 0.1297130149765631, 0.12972251876957083, 0.12973092200931455, 0.12968905173033568, 0.12951805444539397, 0.1293432836893852, 0.12893886745783084, 0.1288838287228027, 0.12912393386791288, 0.1291500750096641, 0.12887741486637097, 0.12908822765994568, 0.12885246958299781, 0.12865855640616777, 0.12878485312762836, 0.12886747169991059, 0.12846692827555822, 0.12868912447601671, 0.12825917880524698, 0.12824274414202125, 0.12818627253420148, 0.1281284541769578, 0.12791991186809956, 0.12780014044923202, 0.12770406706311682, 0.12787455596754074, 0.1275981159941156, 0.12756374035228166, 0.1275422913729604, 0.12744815881313587, 0.1272137369750906, 0.1274687953807141, 0.1270740252366953, 0.12722708779261507, 0.12704780166966476, 0.12691013587858224, 0.12684216836069742, 0.1269994018235664, 0.12664594569987545, 0.12659782341492118, 0.12664189974214415, 0.12650416747550497, 0.126416384585195, 0.12663348859549287, 0.12608896182976903, 0.1261535716824053, 0.12615807298664322, 0.12618939650266545, 0.12590622384785988, 0.12589614195503088, 0.12577065938319285, 0.12597221175273338, 0.12581257018588687, 0.1256577464299716, 0.1254886634867326, 0.1254666834360874, 0.1255466218887707, 0.12558119989971767, 0.1252456309549064, 0.1253796256804213, 0.12530962711689686, 0.12522342567283642, 0.12515618774260118, 0.1251462577370739, 0.1250534203976256, 0.12496145657201813, 0.12482519031357665, 0.12475733365419575, 0.12468774508123971, 0.12465504686538485, 0.12454002255209083, 0.12453133538751114, 0.12450802803665084, 0.12452568542656911, 0.12448156068157386, 0.12444473435636838, 0.12424368026784674, 0.12434432663976228, 0.12430771760087485, 0.12429152254928753, 0.12424991669932085, 0.12415579776955177, 0.12415458629416655, 0.12411723070648666, 0.12415481185814613, 0.12346305686217862, 0.12385447876747312, 0.12376148135224159, 0.12378438124999813, 0.12385283441902936, 0.12351707857980551, 0.1234802007952101, 0.12338607059027877, 0.12340722954313123, 0.12365805041269132, 0.12335211350648236, 0.12331835794536508, 0.12334816446226445, 0.12337141370519275, 0.12331151422542318, 0.1232007122574807, 0.12331574740546673, 0.1231036612841058, 0.12311960218526394, 0.12291642286282514, 0.12294945302319661, 0.1228670269381091, 0.12285806026989471, 0.12276327281999148, 0.1226043369879049, 0.1225718391862619, 0.12253225879688126, 0.1224594222632411, 0.12247259359270987, 0.12247555169828402, 0.12231351462702743, 0.1222773445807242, 0.12228287044705638, 0.1222460596813225, 0.12219216061636427, 0.12218390999999919, 0.12215673011436134, 0.12227651388875088, 0.12218229796912074, 0.12185817827270329, 0.12199224236337426, 0.12208904522652281, 0.1219831858740276, 0.12201190025500894, 0.1221020368807149, 0.12196426201247289, 0.12193250627990991, 0.12141775299385561, 0.1218332929256877, 0.12125753742576434, 0.12164330620425634, 0.12173876790703306, 0.12128901043097175, 0.1215469198203997, 0.12160046251147233, 0.12153402970591548, 0.12143324170773263, 0.12145268546633518, 0.12137786494415738, 0.12112913252582298, 0.12128127485579508, 0.1214227946029956, 0.12101149426743421, 0.12124893659826487, 0.12122644216843291, 0.12115598516895246, 0.12109851260924409, 0.12102408831442622, 0.1209702464084082, 0.1208593943303463, 0.12102417716031072, 0.12099568950577978, 0.12082053736272505, 0.12075440944310371, 0.12081543286249413, 0.12070743667240934, 0.1207420287487644, 0.12066766660198108, 0.12075109216234595, 0.12080105221729869, 0.12038923859987273, 0.12061529706390961, 0.12036100079216207, 0.1206565153339036, 0.12068119167071205, 0.12063090875021616, 0.12029588170997468, 0.12028690897799087, 0.12056450760666312, 0.12019632726910218, 0.1202365960120566, 0.12020762286820932, 0.12047670360416834, 0.12012711205489589, 0.12010419857027191, 0.12041460984316772, 0.120404595327913, 0.12008390686946742, 0.12008438275676085, 0.12026658383126053, 0.12032425586610046, 0.12005099673771528, 0.1200655885174944, 0.12036758591762915, 0.1203854522013823, 0.12023101571126699, 0.12017277647239538, 0.1200246358994253, 0.1200563035860826, 0.11996156535003916, 0.12019829346118037, 0.1202516013776726, 0.12003988923082938, 0.11995564282434344, 0.1199632937539732, 0.12008937412731963, 0.12008060358035837, 0.11996974396735842, 0.11995229289600573, 0.1199799316381796, 0.11997821002775023, 0.12006257210515602, 0.12000350259761708, 0.11990929899592921, 0.11996183203763314, 0.11981594375562, 0.11991330539562037, 0.11975869269280842, 0.11993337184491293, 0.11981810192414938, 0.11968712413674519, 0.1197696610277036, 0.11990026214072867, 0.11978472775996529, 0.11988241758349288, 0.11967132696562732, 0.11961473821145997, 0.11975181316333999, 0.1195728661471931, 0.11979054370805159, 0.11962827606057296, 0.11967679632356788, 0.11973093325855705, 0.11948289713082366, 0.11957574475653922, 0.11943046774263656, 0.11947955612162751, 0.11944016300053599, 0.11941856160291459, 0.11943732685293752, 0.11935041951082258, 0.11934778442065451, 0.11942010371338525, 0.1194172240395396, 0.11930327988532881, 0.11919898198937995, 0.11919414408852652, 0.11922025951748166, 0.11924841260792798, 0.1191601399435101, 0.11914221440799116, 0.11918496353996456, 0.11920843817391388, 0.11908048042762252, 0.1190549819050645, 0.11911771372472164, 0.11908200727611336, 0.11908969748477856, 0.11901781919297359, 0.11903428337489325, 0.11905541601147221, 0.11902142279154876, 0.11892564688624892, 0.11890669055226934, 0.11894372602873106, 0.11907065726537035, 0.11894601048780674, 0.11889431189851223, 0.11888796920040487, 0.1189193082460026, 0.11896993740176497, 0.1188965463659465, 0.11885360124420093, 0.11883827453377625, 0.11886473718670093, 0.11889263420068663, 0.11880758207879888, 0.11882409272616247, 0.11884858814175776, 0.11882689836316172, 0.11882494807694353, 0.11887840874238909, 0.1187813453977716, 0.11902050118935872, 0.11896748025008358, 0.11893633101086958, 0.11867801942992334, 0.11872795022438896, 0.11903343412483025, 0.11871171494224898, 0.1186581944669173, 0.11863542260197292, 0.11857791630284308, 0.1185523829071058, 0.118543925092645, 0.11853919436586353, 0.11852255786832468, 0.118499886684512, 0.1184983018811307, 0.11854615703062911, 0.11844234901815147, 0.11843262022251971, 0.11875671059105461, 0.11839587880427717, 0.11837019841763384, 0.11832775333686309, 0.11835637480246917, 0.11841380558037487, 0.11835492519318681, 0.11831333062394928, 0.11830524661871702, 0.11832136253789974, 0.11834227878357688, 0.11821842319184395, 0.11830944074047683, 0.11822021361055465, 0.1181994033079361, 0.11814150931239288, 0.11815294709558936, 0.11819151732369672, 0.11817029018708451, 0.11823764843666834, 0.11832311137767614, 0.11820401413217908, 0.1184644773455912, 0.118346512012812, 0.11827166395561212, 0.11812718589531954, 0.11793200938755373, 0.11812037704945734, 0.11816264158813498, 0.11827324260007778, 0.1182965869633184, 0.1180978318563139, 0.11802795239876182, 0.11804418613785286, 0.11824102718700963, 0.11816499363696002, 0.11814477183493323, 0.11806446160661425, 0.11812600852471013, 0.11824017020810401, 0.1182037622295499, 0.11817507630369514, 0.11799700737025999, 0.11810788140643634, 0.1180177088411476, 0.11802246605266137, 0.1177628048102718, 0.11827012390955939, 0.1179228195405658, 0.11812476594139473, 0.11793494937085541, 0.11801041597457348, 0.11777094020242528, 0.1177115449963858, 0.11793946204719488, 0.11766406215898763, 0.11786422949902585, 0.11811422099488583, 0.11819138563978923, 0.11807562627007034, 0.11797827659458116, 0.11773932051041025, 0.11789602995141885, 0.1178229262525907, 0.11785534759193705, 0.117822771052911, 0.11790360429791219, 0.11767784996080642, 0.11787907520326031, 0.11775858481919882, 0.11808257467011135, 0.11796730877815938, 0.11789517003120288, 0.11781643808937284, 0.11784131207412876, 0.11772943583336092, 0.11750237827604103, 0.11777997416838061, 0.11756122846915065, 0.11769316798251515, 0.11781400573349207, 0.11764324134643842, 0.1174968969006164, 0.11767932593023835, 0.11770917306032397, 0.11750184684470716, 0.11743420056484216, 0.11734457874507441, 0.11738668774830438, 0.11733997387117458, 0.11731153121034144, 0.11727623101010373, 0.11723177749818103, 0.11709684690419676, 0.1171081315409863, 0.11699114578447295, 0.11694341386822545, 0.11709793063120913, 0.11703543706980665, 0.11710158145901964, 0.11708577547408393, 0.11707792229058218, 0.1169148429055893, 0.11696732991772373, 0.11703514772092634, 0.11686795747771556, 0.11686069350159277, 0.11681240652469817, 0.1167656343039616, 0.11677959597651216, 0.11662385478523812, 0.11672398626640218, 0.11679067021104043, 0.11670986081006098, 0.11668464685430986, 0.11662196975302021, 0.11659824714236855, 0.1166400748793144, 0.11666094680782622, 0.11665159530347052, 0.11651590204992916, 0.11648597518114441, 0.1163892423523853, 0.11664384879559425, 0.11629785185912694, 0.11631486861113177, 0.1163393949514993, 0.11633525928774474, 0.1162672762355117, 0.11621269965477811, 0.11621218385401245, 0.11620693235949832, 0.1162135392488761, 0.11614987354416563, 0.1160433385087642, 0.11609959479764856, 0.1160735124099085, 0.11604632889767806, 0.11610983295395118, 0.11596999434409652, 0.1160818067096748, 0.11598769929714024, 0.1159501566918637, 0.11582839629123937, 0.1160635559874947, 0.11607347691814685, 0.11606808287320963, 0.11593990942054971, 0.1159196460913689, 0.11588651844266619, 0.11586413390687794, 0.11564375000523114, 0.1156872549521511, 0.11580105276135305, 0.11568852248052033, 0.11571208448618432, 0.11554167199171263, 0.1157095634735677, 0.11564502943616879, 0.11558112160927086, 0.11546308988966966, 0.11558835550938819, 0.11577318264397318, 0.11561510632711616, 0.11552901307996533, 0.1153876591714832, 0.11542179709091153, 0.11548401525557737, 0.11562042439349511, 0.11556149095968161, 0.11533408783164432, 0.11517415694554613, 0.11547378951265769, 0.11548936020237446, 0.11554838218971787, 0.11547105927401911, 0.11514026594957198, 0.11522313478281734, 0.11512960905615975, 0.1154739870943133, 0.11539154750150137, 0.11511163339399538, 0.11494743316406501, 0.11528374697327619, 0.1152420009438858, 0.11528465251667287, 0.11521086876324645, 0.11526458244880398, 0.11463328581225088, 0.11487964608106548, 0.11486899882780856, 0.11534093542175607, 0.11533955051516089, 0.11474809848569954, 0.11502787660802573, 0.11466548591543706, 0.11522399271033837, 0.1151909269530949, 0.11488248543436849, 0.11497683500274135, 0.11498643978502075, 0.11486241668054435, 0.11505588486344863, 0.11492119027753091, 0.11485569373086699, 0.11498327271008636, 0.11472072894020488, 0.11492017287500927, 0.11487487369804406, 0.11477893204402512, 0.11481065967942054, 0.11475034164528015, 0.11472048790668889, 0.11485236503048862, 0.11452343405596438, 0.1147322067484402, 0.11474286697803393, 0.11478406968816453, 0.11475347360976622, 0.11471550642383979, 0.11485338030224773, 0.11469292135388641, 0.11465819500489825, 0.11473373444266154, 0.11480813634562871, 0.1146320902934722, 0.11469638056674229, 0.11441314637796948, 0.11445548031406162, 0.11439459234973735, 0.11433531237467319, 0.1142741261473209, 0.11429911483255856, 0.11430577836421767, 0.11428429876100953, 0.11428751962302384, 0.11461350389949523, 0.11447032374969462, 0.11457079727404133, 0.11458064522423349, 0.1141245818112221, 0.11409377838836039, 0.11430403111685528, 0.11431186937507326, 0.11439329794251779, 0.1144711005194074, 0.11431796472721115, 0.11411594858949706, 0.11433367698670104, 0.11421652496663785, 0.1143365915641234, 0.11429977674792074, 0.11410130594401445, 0.11431974666268586, 0.11397786472335229, 0.11426305788990465, 0.11409774645553622, 0.11434226879574094, 0.11392495713298434, 0.11411395359438158, 0.11408298240524789, 0.11401255029448999, 0.11414225492775855, 0.11407803407634991, 0.11401846365495115, 0.11402617147950088, 0.11404825351930237, 0.11403814505756768, 0.11396887867101232, 0.11408358401892814, 0.11405726328268183, 0.1140732121416722, 0.11397790800903186, 0.11384963752212719, 0.11400649757712557, 0.11404685896182984, 0.11399093326688989, 0.11388394314195226, 0.11413271023375073, 0.11404833455328399, 0.11407009630041873, 0.11411566958830757, 0.11400584148707268, 0.11386186645855498, 0.11401899027369135, 0.1138634397786857, 0.1141476862930776, 0.1141617536678967, 0.11387256187666281, 0.11396841566628088, 0.11386647704281426, 0.11417931576960604, 0.11404739155079985, 0.11391169326758907, 0.11391780506391468, 0.11375494639439268, 0.11393018930224576, 0.113811889496262, 0.11390162956661735, 0.11383182781839908, 0.11375124893669937, 0.11367436682686542, 0.11376110416141015, 0.11363459437809054, 0.11382645857230876, 0.11364367145172248, 0.1137709344179901, 0.11366365958849971, 0.11367467022975103, 0.11373404401211981, 0.11362519324396167, 0.11367497910777234, 0.11361727884731522, 0.11374253954491972, 0.11370690954266448, 0.11356772589999654, 0.11352160350843944, 0.113413015664565, 0.11344264451576977, 0.11340648152933101, 0.11351687280308735, 0.11349399333680878, 0.11337691510522188, 0.1134454610004843, 0.11355004886918053, 0.11335285355681161, 0.11327173974919975, 0.1132855933622042, 0.11334650622157255, 0.11335159093986791, 0.1132693031960441, 0.11323474239103669, 0.11319048507427071, 0.11320431845867329, 0.11324918032046692, 0.11324055471599613, 0.1131768579032635, 0.11314093584435066, 0.11318816789629622, 0.11317804166352391, 0.11317591129433437, 0.11318738046226873, 0.11316721289294275, 0.11311622843862064, 0.11308237238292745, 0.11303050371434976, 0.11301086529112557, 0.11295902224512461, 0.11280175498874989, 0.1129038561083704, 0.11279321130173207, 0.11282295721774459, 0.11288151361553744, 0.11293495136059285, 0.11283840839634554, 0.11276564564369562, 0.11279327254377547, 0.11270814442404378, 0.11309899991193859, 0.11283336207482489, 0.1125631623057287, 0.1126340780824563, 0.11255187529863499, 0.11267272178661818, 0.11263351728872673, 0.11257326448918475, 0.11247534582039925, 0.11248819876925177, 0.11259280753376277, 0.11249012524333607, 0.1123812889616929, 0.1124629078942439, 0.11241727021359797, 0.11246033378931437, 0.1125062706181931, 0.11241318826308931, 0.11235394115516559, 0.11234548938846987, 0.11243249277424784, 0.11240260516313388, 0.11233815323229446, 0.11231350847357312, 0.11234916726861734, 0.11228118537080208, 0.11226526198004709, 0.11231360072512757, 0.11225535477828333, 0.11229381852721336, 0.11232452201664399, 0.11230347364915018, 0.11223305350226402, 0.11204587830907756, 0.11205893612525157, 0.11220461228281288, 0.11231463207597772, 0.11228963969714843, 0.11228234035181538, 0.11220396383100394, 0.1121658015808357, 0.11212196460247575, 0.11214159335345798, 0.11221284320163645, 0.1121503581188085, 0.11206536291264259, 0.11206203190770415, 0.11196818962879465, 0.112065034241457, 0.11214414286778837, 0.11204735547655152, 0.11186462902497424, 0.11190194982694565, 0.11197281020406957, 0.11181516020237413, 0.1118846575690756, 0.11175728990727171, 0.11184548375803693, 0.11199203272349117, 0.11176696246156523, 0.11180738883015127, 0.11172950894028993, 0.11182698621289755, 0.11186913601173126, 0.11166619685604949, 0.1117466561001177, 0.11177697523834612, 0.11159337714590092, 0.11153324315454224, 0.11170254099640138, 0.11147464827929143, 0.11171834703645428, 0.11176575984742732, 0.11189452002770012, 0.11172127122560957]