Model Setup for Atypical Patient 1:
ITERS=2000
LEARNING_RATE=0.001
OPT_RESET=None
ATOL=1e-05
RTOL=0.001
METHOD=dopri5
Input channels=2
Hidden channels=20
Output channels=2
Runtime=437.4527609348297
Optimizer=Adam (
Parameter Group 0
    amsgrad: False
    betas: (0.9, 0.999)
    capturable: False
    differentiable: False
    eps: 1e-08
    foreach: None
    fused: None
    lr: 0.001
    maximize: False
    weight_decay: 0
)Loss over time=[1894.9755014356713, 1399.7389229238042, 1165.7793034787983, 1014.9251096337631, 900.2875774612781, 805.9762982431042, 726.3206211368123, 657.4258839634999, 596.8472038497483, 543.0811769851007, 495.30929789808994, 452.8579777982058, 415.0388945133009, 381.32247662449447, 351.20213983477055, 324.2377471298321, 300.09921889313495, 278.3668282985715, 258.7166606327177, 241.10159977697248, 225.19804935344212, 210.72597040231247, 197.52904860427046, 185.4620753756671, 174.34334819427949, 164.10448146386977, 154.6402652669118, 145.88759580745605, 137.74876125454122, 130.20142594037395, 123.1356830970833, 116.52317626056426, 110.278239941134, 104.35498991675651, 98.75295366100413, 93.37418002670428, 88.1531881418082, 83.01499103908102, 77.9231497185783, 72.75380919773265, 67.30820501285604, 61.41689614267961, 54.94667648523807, 47.902123214639886, 40.50982436870381, 33.71238277625809, 28.341633499418467, 24.658874807788138, 22.09967691246733, 20.24426694866438, 18.81986568748478, 17.540276479513754, 16.411299762951135, 15.456841432428803, 14.619815922639578, 13.887623722551124, 13.261707472171281, 12.724748799585207, 12.206999295938067, 11.633816857127998, 10.98442698750935, 10.288412076500931, 9.59276339190252, 8.9298657619965, 8.287067255105619, 7.697486217651899, 7.155996924602372, 6.659212410109948, 6.201613970043473, 5.77891317011703, 5.388153746210282, 5.027192706361795, 4.691926819996012, 4.378993912997786, 4.08782812372468, 3.817148865800542, 3.565294993573259, 3.3305641978124174, 3.1121047042631855, 2.9081773768455674, 2.722167593201425, 2.5502435268530674, 2.389499582540381, 2.2347707702670205, 2.077199784400431, 1.928822165604491, 1.7895170403317848, 1.6590700381940129, 1.5370734505356978, 1.422925058719899, 1.3165620776439975, 1.2174676751523685, 1.1252873092643882, 1.0397057916490715, 0.9605195768808185, 0.8864107832801614, 0.8180862807744179, 0.7549794051661357, 0.6968058276708038, 0.6431409836858788, 0.5939081369932445, 0.5487403459958288, 0.5073552988315668, 0.46955833985424567, 0.43496374844329105, 0.40349090250887565, 0.3748751713408858, 0.34904476635352694, 0.3252860654514769, 0.3039459225571919, 0.28474856691573, 0.2674957870182796, 0.25191143230008506, 0.23790732638919534, 0.22580459402661868, 0.21511085866994978, 0.2060101430216796, 0.1978862056601585, 0.19082960573911512, 0.1844332461448757, 0.17877326114796602, 0.17363136966504647, 0.16920827631417543, 0.16527666651782735, 0.161946334952924, 0.15893070510261717, 0.15613530392960895, 0.1538059272608311, 0.1517116801652206, 0.1498851605331187, 0.14827395240420743, 0.14681323423195344, 0.14555927396400878, 0.14435855804123895, 0.1432826603249847, 0.14225333215843208, 0.14136341892760731, 0.14059834956306758, 0.13990263305532585, 0.13929892618188164, 0.13879801762747893, 0.13844161506026928, 0.1379156113046706, 0.13738850376267853, 0.1370326229061064, 0.13680505027194648, 0.1365029042715282, 0.13613252305642687, 0.13598762726187788, 0.13581324498348168, 0.13564940796170957, 0.1354894624218577, 0.13532446783568877, 0.13511362955782322, 0.1349740614864098, 0.13483613097713218, 0.13476219625816035, 0.134660315013891, 0.13452846129641038, 0.13440348945081268, 0.13429458811869321, 0.13423044062257003, 0.13426604595268055, 0.1342163912964595, 0.13420255723853594, 0.13414735117000445, 0.13409725533499592, 0.1340628441777929, 0.13401954480913636, 0.13398189797733256, 0.13395142595910567, 0.13392615565217164, 0.13390634784923278, 0.13388642009068688, 0.13387069776724658, 0.13380408051474532, 0.13362937951796355, 0.13364727796184353, 0.13366921514847385, 0.13365178082388984, 0.1335745623395925, 0.13355484316765776, 0.13360999901276854, 0.13356319960998417, 0.13357019751778607, 0.133471552145968, 0.13362330401264838, 0.1336527137266976, 0.1336511757786907, 0.1336447550526887, 0.1336301689465282, 0.1336179118468173, 0.1336071259168923, 0.13359656983523815, 0.13358934265518405, 0.13358593005614242, 0.1335659306929313, 0.13354287990818864, 0.13353247317291014, 0.13349760635488336, 0.13348150388146818, 0.13342824832308625, 0.13338701860730737, 0.13335513685219988, 0.13334049847950158, 0.13333870053453992, 0.13334399680750236, 0.13335190426274482, 0.13335935657266387, 0.13336510129386683, 0.1333682249850327, 0.13336789057052692, 0.13336247994391873, 0.13335070411688604, 0.13333189731310513, 0.13330533878942893, 0.13326764622019754, 0.13320292364774639, 0.13320550393426062, 0.13326034311464194, 0.13320997936317833, 0.13320448567849383, 0.13320142323218695, 0.1332019187113527, 0.1332029181462001, 0.13319769897671557, 0.1331565374498524, 0.13315009919311177, 0.13314627532571108, 0.13314058289285471, 0.13313409961208567, 0.1331273849969292, 0.13312041676511346, 0.1331118912581501, 0.13309988144144527, 0.13309046055040888, 0.1331030918073055, 0.13305488165094703, 0.13310078366886569, 0.1330754943296659, 0.13304658408790274, 0.133020052214923, 0.13301910362125782, 0.13302121637338288, 0.13302340425982065, 0.1330254989504989, 0.13302694916266916, 0.13302793627619824, 0.1330284805443396, 0.1330283770834861, 0.13301410205757486, 0.13294712463059524, 0.13295325120665052, 0.13295972500496786, 0.13296131428492322, 0.13295629552500396, 0.1329449189041492, 0.1329299465499875, 0.13291413189429727, 0.13289881024140923, 0.132879811464967, 0.13287097788409427, 0.1328732736576059, 0.13287428049667707, 0.1328772163654883, 0.13288579038875364, 0.13286280751539703, 0.132863550714351, 0.13286248650373159, 0.13285713898462237, 0.13284492006735735, 0.13282993389985992, 0.1327702460928456, 0.13276953086188134, 0.1327668377327548, 0.1327584563789204, 0.13275718374027992, 0.13276225927947966, 0.13276546071346493, 0.13276728436421195, 0.13276194290130333, 0.13275609339861216, 0.132749854565395, 0.13274321925758417, 0.13273636907175893, 0.13272934540351541, 0.13272256060177764, 0.1327175261575986, 0.13271238197660012, 0.13270742179617437, 0.1327025698966523, 0.13269775626538746, 0.13269282673425647, 0.13268774530326324, 0.1326806043480045, 0.13267300051674294, 0.13266536130904863, 0.13265778671583772, 0.13265039935453712, 0.1326433230361343, 0.13263656570091387, 0.1326322947139557, 0.13262896567211702, 0.13262568254096427, 0.13262243726181955, 0.1326192191511283, 0.13261601114420948, 0.13261285069951956, 0.13261032353086266, 0.13260920872207732, 0.13261025366212895, 0.13261140066551128, 0.13261255913815626, 0.13261283194798337, 0.13261290206946788, 0.13261257755485759, 0.13261166869463842, 0.13261004629417375, 0.13260767268011672, 0.13260460390299744, 0.13260096650455253, 0.13259685531786436, 0.13259247240549202, 0.132587967457111, 0.13258344337133224, 0.13257896285700832, 0.1325745596985489, 0.13257024840237772, 0.1325660313146616, 0.13256190532696027, 0.13255893141499928, 0.13255604269285282, 0.13255313510770453, 0.1325502074121574, 0.13254725903904846, 0.13254428987259806, 0.13254130009766377, 0.1325382910354011, 0.13253526325241757, 0.13253221749426347, 0.13252913607087669, 0.13252601907504624, 0.13252288635830156, 0.13251973947144863, 0.13251658016053183, 0.13251341030211602, 0.13251023182431917, 0.132507046627014, 0.13250385651276686, 0.132500663145966, 0.13249746801809945, 0.1324942848498287, 0.13249110468499775, 0.13248818340896842, 0.1324853044595052, 0.13248245146803653, 0.13247962977910888, 0.13247683177781377, 0.1324740562695778, 0.132471300717297, 0.13246856228732207, 0.13246583719234684, 0.13246312173098512, 0.13246040972432618, 0.13245770101300458, 0.1324549975256284, 0.13245230073054295, 0.1324492516345359, 0.13244615929703105, 0.1324430853643589, 0.13244001911368805, 0.1324369701077495, 0.132433946977657, 0.13243095316537754, 0.13242799121353943, 0.13242506192879697, 0.1324221649100978, 0.13241930711420694, 0.13241648581533605, 0.13241357615877794, 0.1324105880299059, 0.13240762426780006, 0.13240468490226628, 0.13240176777288282, 0.13239886971977455, 0.132395986836347, 0.132393115013874, 0.13239025049323233, 0.13238739033958608, 0.13238453279133464, 0.13238167738384943, 0.13237882484956157, 0.1323759768451613, 0.13237313558530941, 0.13237030346746195, 0.1323674105825643, 0.13236542898349957, 0.1323634520920841, 0.1323614713950834, 0.13235948044104803, 0.13235747511946166, 0.13235545371000523, 0.132353416667031, 0.13235136638761563, 0.1323493066888964, 0.13234724227658054, 0.13234517820874672, 0.13234311940538587, 0.13234107023159547, 0.1323382372779575, 0.13233548665426323, 0.13233280243834644, 0.1323301724685576, 0.13232756228812745, 0.13232497198456972, 0.13232240569165277, 0.1323198701092347, 0.13231645317708265, 0.1323127787131807, 0.13230913207361417, 0.1323043589581017, 0.13229973138213538, 0.13229523846934133, 0.13229086861295586, 0.13228660972670603, 0.13228245685128046, 0.13227846299854987, 0.13227458234824432, 0.13227100705503694, 0.1322676372483943, 0.1322633755978742, 0.13225810404446878, 0.13225297974602837, 0.1322482030993676, 0.13224371618498656, 0.1322394616873047, 0.132235339169676, 0.13223130396729282, 0.13222731893699094, 0.1322233554343291, 0.13221939386432113, 0.13221542353020865, 0.1322114417982675, 0.13220745269266018, 0.13220402120090083, 0.13219980848731738, 0.1321948815154327, 0.1321905598564407, 0.1321867445773829, 0.13218333222521458, 0.13218021460357585, 0.13217728091368872, 0.13217426228560328, 0.13217102296960903, 0.13216750774316138, 0.13216369316619647, 0.13215958756472193, 0.13215522688257433, 0.13215066748880888, 0.13214597748939036, 0.13214122813283954, 0.1321364865738408, 0.13213185694065396, 0.1321273757061581, 0.13212306549910868, 0.13211893578441394, 0.13211498428041415, 0.13211119831040136, 0.13210727051074755, 0.13210319142382332, 0.13209892493614175, 0.13209441399365077, 0.1320895883831722, 0.13208457952142386, 0.13208019774862614, 0.13207558152524357, 0.13207155651064026, 0.13206800028124083, 0.13206479047722822, 0.13206089738440213, 0.13205725954549494, 0.13205382702696766, 0.1320505559258084, 0.132047218937645, 0.1320435840934654, 0.13203927280157976, 0.13203440140365139, 0.1320291235153708, 0.13202426082592808, 0.1320198686066963, 0.132014665409225, 0.13200880682438185, 0.13200372355551032, 0.13199935916245734, 0.1319956198181078, 0.13199237861455523, 0.13198824349279611, 0.13200811614171087, 0.13200421415842356, 0.13200046950181246, 0.1319968463461098, 0.13199329868137666, 0.13198977431925166, 0.1319864353445064, 0.13198415273171052, 0.1320306817356605, 0.1320237470965419, 0.13202085438541344, 0.13201850621685982, 0.13201638863115364, 0.13196390882030842, 0.13196013772386184, 0.13195642845169325, 0.13195239031395897, 0.13194847333464385, 0.13194468402339127, 0.1319410201528103, 0.13193747435142023, 0.1319336154831765, 0.13192989432957314, 0.13192629946943815, 0.13192238113403115, 0.13191863240836443, 0.13191503533512863, 0.13191156602676157, 0.13190819613979568, 0.1319048947180077, 0.13190116713707437, 0.13189703405138486, 0.13189305227709264, 0.13186555140638914, 0.1318620112750778, 0.13185866115234093, 0.13185548410081702, 0.13185246494270533, 0.13184959007150895, 0.13184684731274665, 0.13184336204785277, 0.13183922730846503, 0.13183538126045677, 0.13183179749770557, 0.13182845113601405, 0.13182531960525726, 0.13182287040123894, 0.1318205703051044, 0.1318174711585147, 0.13181360050360508, 0.13180903729114266, 0.13180443696545188, 0.13180063458662858, 0.13179758214737747, 0.13179456371779247, 0.1317914602251797, 0.13178822192128037, 0.1317848680426499, 0.13178146844631272, 0.13177870013893514, 0.13177649347272355, 0.13177388927442787, 0.13177090527191862, 0.13176755177757746, 0.13176383189053123, 0.13175974435151738, 0.13175528873654282, 0.131751427220419, 0.13174805888897537, 0.1317450873563131, 0.1317405513369752, 0.1317366041662979, 0.13173319214716822, 0.13173019757559484, 0.13172758765409817, 0.13172533108881213, 0.13172339782027123, 0.1317217584818221, 0.1317203839256325, 0.1317182377468321, 0.13171537652023388, 0.13171188520255803, 0.13170786519450187, 0.13170342199492127, 0.13169959048614588, 0.131696304878818, 0.1316935089012336, 0.13169115408110266, 0.13168919618766448, 0.1316866012638549, 0.13168340112009203, 0.1316796487231685, 0.1316763865903664, 0.13167356159441104, 0.13167112670543205, 0.1316680370398163, 0.13166435741437266, 0.131661152371049, 0.1316583774812148, 0.13165599339631287, 0.13165295909025446, 0.1316493465286407, 0.13164622502103354, 0.13164355052708507, 0.13164028672148517, 0.13163749302468855, 0.1316341298283959, 0.13163125444683146, 0.13162782470124304, 0.13162489461504556, 0.13162241570005143, 0.13161933309378027, 0.13161570389950128, 0.13161259287851348, 0.13160994841786378, 0.1316067095048564, 0.1316028568624554, 0.1315994836392474, 0.1315965845002455, 0.13159410819727904, 0.13159099879710298, 0.1315873138840463, 0.13158312975663392, 0.1315795105553856, 0.13157640358952083, 0.13157375765777504, 0.13157152200351988, 0.13156863256665663, 0.13156516524311682, 0.13156119365917923, 0.13155677610934643, 0.13155297826256931, 0.13154974240262074, 0.1315470124395064, 0.1315447326242764, 0.13154185780238345, 0.13153842636696222, 0.13153449955281973, 0.13153017625344435, 0.131525502129697, 0.13152150899262519, 0.1315181271331829, 0.1315152926702611, 0.13151196933242987, 0.13150819413661677, 0.1315040055861616, 0.13149946029834664, 0.1314956920690418, 0.1314926162112361, 0.13149015715242637, 0.13148824391291436, 0.1314856604814608, 0.13148243598144058, 0.13147863372683738, 0.13147434211013923, 0.1314696723837059, 0.13146579985074408, 0.13146264972073085, 0.13146015568174904, 0.13145825712580225, 0.13145576154456082, 0.13145269253776923, 0.1314491177519025, 0.13144510881096577, 0.13144072734872153, 0.13143604698349443, 0.1314322176899124, 0.13142914546229537, 0.13142674014427846, 0.13142494118645845, 0.13142252341643246, 0.13141949961059424, 0.13141591282656415, 0.1313976615982414, 0.13139459532708161, 0.13139133340832584, 0.13138818956512424, 0.13138515240980891, 0.13138220720885777, 0.13137905728205868, 0.13137573269984382, 0.13137254124196016, 0.13136947202467975, 0.13136651014444523, 0.13136363693506825, 0.1313605548254266, 0.13135728284463913, 0.13135412270449917, 0.1313510645400331, 0.1313478316111958, 0.1313447132006698, 0.13134169679303115, 0.13133850456995452, 0.13133541763854872, 0.1313323894322191, 0.1313291506550691, 0.13132574341781938, 0.13132246216106563, 0.13131930227324992, 0.1313162540628105, 0.13131330366252933, 0.131310433292266, 0.13130737233530188, 0.13130390850995022, 0.1313005957896397, 0.13129721268864045, 0.13129400789288106, 0.131290759480881, 0.13128749119748087, 0.1312842256100327, 0.13128079084921856, 0.13127726323340028, 0.1312740314450511, 0.13127105438448605, 0.13126813708399432, 0.1312650836077693, 0.13126207478025026, 0.13125909810617511, 0.1312559581559554, 0.13125285237617418, 0.13124977551866002, 0.13124672113428726, 0.1312435045815448, 0.13124032912228337, 0.13123719371033435, 0.13123409489260432, 0.13123102715082516, 0.13122781193030308, 0.1312244820204473, 0.1312212335251308, 0.13121806203999073, 0.1312149602492755, 0.13121191859104234, 0.13120892499781803, 0.131205921836026, 0.13120273267287025, 0.13119954091804883, 0.13119635071368493, 0.1311930149589504, 0.13118970801418817, 0.13118644051611753, 0.13118321787790066, 0.13117999372618286, 0.1311767777784029, 0.13117357745731642, 0.13117028885106968, 0.1311670995200717, 0.1311639666998029, 0.1311608879074619, 0.13115775269102195, 0.1311546816102371, 0.1311516677480139, 0.13114870357991143, 0.13114578002225838, 0.13114288519570447, 0.13113980403436368, 0.13113650274696467, 0.13113326863749383, 0.13113008110543972, 0.13112693625563826, 0.13112383284095, 0.13112076462453584, 0.1311177080196172, 0.1311146687222019, 0.13111164331452957, 0.131108624085269, 0.13110560442027203, 0.13110257931328678, 0.13109922278852673, 0.13109620776540892, 0.13109272525396537, 0.13108930546869677, 0.1310859826174293, 0.13108275146380516, 0.13107960406014008, 0.1310765310463272, 0.13107352126583457, 0.1310704532683842, 0.13106645501176126, 0.13106244107490514, 0.1310584537437949, 0.1310545229479165, 0.13105134844358304, 0.13104884812161208, 0.13104622152923084, 0.1310434267172485, 0.1310404330071141, 0.13103722617304703, 0.1310338106795717, 0.13103020853646655, 0.1310264552616459, 0.1310231643481015, 0.1310198393259984, 0.13101649558895814, 0.13101323884672297, 0.13101007168992568, 0.13100698767471683, 0.13100458655427757, 0.1310027848106969, 0.13100083945596674, 0.13099859585264875, 0.13099593438186333, 0.13099297937379328, 0.13098995133162566, 0.13098665699911313, 0.13098329903704115, 0.13097992827353727, 0.1309766482483095, 0.13097347004126297, 0.13097032820953824, 0.13096720803734577, 0.1309641710731137, 0.13096119191664882, 0.1309582398637816, 0.13095528159350608, 0.1309522847000574, 0.1309498774544623, 0.13094729458281312, 0.13094450149148584, 0.1309414687101451, 0.13093821622855584, 0.13093478727298682, 0.13093123893875658, 0.13092827921925726, 0.13092520638713795, 0.13092208243297987, 0.13091893540990723, 0.1309157649071597, 0.13091259186739054, 0.1309094306995994, 0.13090628932722684, 0.1309031666302353, 0.13090003251394045, 0.1308969989913795, 0.1308940424530903, 0.1308911333550487, 0.13088823837692712, 0.13088532363297367, 0.13088232734516828, 0.13087985460645826, 0.1308771945810345, 0.13087431929437032, 0.13087122745000976, 0.13086794323973047, 0.13086451024200574, 0.13086098248844014, 0.13085741523646877, 0.13085385751125045, 0.13085034750602428, 0.13084691083843109, 0.13084356089060037, 0.13084030021240348, 0.13083716190583028, 0.13083412536181174, 0.13083116226195454, 0.13082823853045847, 0.13082528187944795, 0.13082226213958895, 0.13081915835172475, 0.13081596135616905, 0.13081267436953092, 0.1308093114851492, 0.13080601283009544, 0.13080269590560828, 0.13079937846371348, 0.13079607348179673, 0.13079282403391088, 0.1307895962571114, 0.13078635918822326, 0.13078317027232333, 0.13078069895772576, 0.1307781409255401, 0.13077546756976943, 0.1307726615354876, 0.1307697199874705, 0.13076665470891452, 0.1307634892204417, 0.1307602539786024, 0.1307569810934476, 0.13075370077077067, 0.13075046335776902, 0.13074727869848723, 0.13074414926226838, 0.1307410712863547, 0.13073804981186335, 0.13073506951506922, 0.13073211117135686, 0.13072912423623093, 0.13072609199409954, 0.13072300352454952, 0.1307198550946991, 0.130716650287392, 0.1307133988938467, 0.13071011491220463, 0.13070681416649463, 0.13070351205424194, 0.13070025015223674, 0.13069703241558572, 0.13069385735093325, 0.1306907196565989, 0.1306876379001495, 0.1306845684286044, 0.13068150021345637, 0.13067842438892632, 0.13067533506288107, 0.13067222970897688, 0.13066929485603465, 0.13066650258170995, 0.13066381599708363, 0.13066119028454623, 0.13065857629010566, 0.13065598126456884, 0.13065335763862193, 0.13065066584326765, 0.13064787998848096, 0.13064499109631, 0.13064200703776493, 0.13063894936592335, 0.13063591282615813, 0.13063290358029656, 0.1306299166974892, 0.13062698039360382, 0.13062411412987526, 0.13062128341561446, 0.13061849865295783, 0.13061576322712212, 0.1306135137894123, 0.13061147233452597, 0.13060946298553497, 0.1306074716668403, 0.13060548332210375, 0.13060348361583782, 0.13060146658875968, 0.13059891112487088, 0.13059587692604088, 0.13059243316826877, 0.13058865304980397, 0.13058460488717316, 0.13058045000945206, 0.13057621845019773, 0.13057243846622812, 0.1305690598378115, 0.13056602236088105, 0.13056325632190358, 0.1305606851187271, 0.13055800426398798, 0.13055530130913812, 0.1305525357032383, 0.1305496892791626, 0.13054676658074238, 0.13054379101501004, 0.13054079815529993, 0.1305377218579213, 0.13053461568178723, 0.13053085390030367, 0.13052725626327594, 0.13052388126910452, 0.13052073120073188, 0.13051779162383673, 0.13051434013917457, 0.13051043221544226, 0.1305068234079396, 0.13050348345168633, 0.1305003691928426, 0.13049742571011705, 0.1304945889678758, 0.13049151953021162, 0.13048769657049433, 0.13048392509221404, 0.1304802000612838, 0.13047643451543667, 0.13047295122962266, 0.1304697447394777, 0.13046667345944934, 0.13046373999968036, 0.13046094433035205, 0.13045817567339743, 0.13045544000571613, 0.13045274043418284, 0.13044983674297245, 0.13044674205000623, 0.13044345967590465, 0.13043998606681262, 0.13043631420484766, 0.13043263232893737, 0.13042884235661062, 0.13042516810850613, 0.1304216175504197, 0.13041821229953313, 0.13041497556690285, 0.13041191574355543, 0.13040903495173206, 0.13040632861167176, 0.13040378576433856, 0.13040127907897292, 0.13039880048300018, 0.13039607599823608, 0.13039311354409935, 0.13038991322487833, 0.13038647096609363, 0.1303827824772945, 0.13037884700632485, 0.13037504206903627, 0.13037134841201056, 0.1303678713604425, 0.1303645964330334, 0.13036151381522415, 0.13035861652761774, 0.13035578385223945, 0.13035302369822718, 0.13035035704304507, 0.13034746337350642, 0.13034442827893586, 0.13034126518574463, 0.1303379573427736, 0.1303344809172848, 0.13033081051817239, 0.13032715557041497, 0.13032349922514438, 0.13031985091721768, 0.1303162401388905, 0.13031270797496602, 0.1303093365520556, 0.13030615190091674, 0.13030325174356572, 0.1303006279450513, 0.13029789460638516, 0.13029504405838865, 0.13029119941882408, 0.1302873622076107, 0.1302834956981212, 0.13027984757414576, 0.13027635605655374, 0.13027297722846634, 0.1302696869259955, 0.13026647972681585, 0.1302633653817231, 0.1302603635746322, 0.13025719282760526, 0.130253890774633, 0.1302504801300023, 0.13024697016532857, 0.1302433591228495, 0.13023963734353322, 0.1302361069759018, 0.13023273726641948, 0.1302295119887581, 0.13022642737717904, 0.13022348876457882, 0.1302203804864739, 0.13021713110726288, 0.13021375656124146, 0.1302102619991536, 0.1302066443742585, 0.13020289553166775, 0.13019934251349685, 0.13019595906659764, 0.13019273470465625, 0.13018967139403428, 0.13018643341447853, 0.13018305233996655, 0.13017954811413546, 0.13017593025603616, 0.13017219986138961, 0.13016870831758576, 0.13016552350995134, 0.13016269205308542, 0.13015968866838187, 0.13015653448303485, 0.13015324231163478, 0.13014981822226931, 0.1301466372568233, 0.1301436766492966, 0.13014054653310397, 0.1301372652349914, 0.13013384488373334, 0.13013067762068525, 0.13012774483709116, 0.1301246488802645, 0.13012141086511816, 0.1301180441939408, 0.13011455598314112, 0.1301113413846834, 0.130108374477478, 0.13010564150787493, 0.13010273760792063, 0.1300987166342397, 0.1300946926983304, 0.13009133479080373, 0.13008828482539395, 0.13008540623755036, 0.13008268470134696, 0.13007984885602217, 0.13007650129301757, 0.13007309892710964, 0.13006999786510023, 0.13006681854893032, 0.13006355841442838, 0.13006021491400135, 0.1300574466092889, 0.13005433180945475, 0.1300507798382711, 0.1300478981239068, 0.13004454618350933, 0.1300412760939258, 0.13003829252512303, 0.13003557074796251, 0.13003226611541774, 0.13002887523796344, 0.13002579708583362, 0.1300230025544977, 0.13001964629430862, 0.13001621540248542, 0.13001310593118054, 0.13001029076111448, 0.13000690774294255, 0.13000344312077652, 0.13000030425065187, 0.12999746237689283, 0.12999403711703808, 0.1299905261936691, 0.12998734781290544, 0.12998447124418722, 0.12998101404670945, 0.12997788711278024, 0.12997506106781379, 0.12997163990860772, 0.12996769745718087, 0.12996415002201395, 0.12996095029062302, 0.12995806751483913, 0.129955481103978, 0.12995227558782577, 0.12994850152229775, 0.12994510158723271, 0.12994203729534953, 0.12993928061787338, 0.1299359102056252, 0.12993199908265216, 0.12992849210074348, 0.12992534249876278, 0.12992251994370407, 0.12991957344966448, 0.12991603591125403, 0.1299119782717472, 0.12990834549239086, 0.12990508684700652, 0.12990216934886242, 0.1298995703800299, 0.129896337780533, 0.12989252422750527, 0.12988868649216798, 0.12988519884060395, 0.12988202727752943, 0.12987914509968698, 0.12987610685932807, 0.12987292983135587, 0.12986922190105074, 0.12986546184287795, 0.12986206888498578, 0.12985900570904943, 0.1298558266173765, 0.12985253942756822, 0.12984873495938623, 0.1298448941679551, 0.12984143683391844, 0.12983832580036614, 0.12983510586672292, 0.12983178006149923, 0.12982835513415358, 0.12982484198489422, 0.12982125449973617, 0.12981760744614024, 0.1298143290516781, 0.12981096551453639, 0.12980752780108418, 0.12980402605405514, 0.12980046928602185, 0.12979727986234832, 0.12979400629549628, 0.1297906548293605, 0.12978723174618992, 0.12978331403169846, 0.1297793920578144, 0.12977587699944693, 0.12977272777186485, 0.12976949648244537, 0.1297661868591472, 0.12976280393546213, 0.1297593545382451, 0.12975541177618813, 0.12975147678102808, 0.12974795696122784, 0.12974480906608638, 0.12974158900488933, 0.12973830127105693, 0.1297349504362613, 0.12973110036709662, 0.12972725084083667, 0.12972271215645226, 0.12971929994186115, 0.1297169066871019, 0.12971377205802306, 0.129710117028379, 0.12970622323168113, 0.1297020584992645, 0.12969800076061339, 0.12969405027163414, 0.1296901941869305, 0.12968640964921033, 0.1296826677873848, 0.1296789381647456, 0.12967630033736444, 0.1296734827558873, 0.1296704536000295, 0.1296658324076856, 0.12966121153228888, 0.12965665590091097, 0.1296522200711956, 0.12964907834738612, 0.12964601002495724, 0.12964288775743485, 0.12963972905083504, 0.12963594865397496, 0.1296321962302143, 0.12962845861083652, 0.1296247301102267, 0.12962101220765743, 0.12961731216542488, 0.12961364093067415, 0.1296100107698014, 0.12960643305687275, 0.12960291652160547, 0.12959946613351028, 0.12959608263370612, 0.12959276266959155, 0.12958935203371585, 0.1295856754099138, 0.12958201059185318, 0.12957836530919062, 0.12957474589204546, 0.12957115651680248, 0.12956690000558785, 0.1295627709040431, 0.12955877374364674, 0.12955490353070526, 0.12955114692143194, 0.12954748389645468, 0.12954388990958068, 0.12954033867329354, 0.12953680532575707, 0.12953326956757788, 0.12952899809127472, 0.12952480648212775, 0.12952070781989278, 0.12951671114661797, 0.12951281999863618, 0.12950903197498792, 0.12950533909894302, 0.129501811237086, 0.1294984190390968, 0.12949434575012012, 0.12949039438195553, 0.12948655118042068, 0.12948276337507503, 0.12948694203507974, 0.12948269079214111, 0.12947857677602528, 0.12947460565681304, 0.12947077554508263, 0.1294671379766915, 0.12946366751951546, 0.129460292776206, 0.1294569821254954, 0.12945303084257856, 0.1294485126658009, 0.12944418888488948, 0.12944005937889438, 0.1294361621678284, 0.12943247330352442, 0.12942896111925048, 0.12942553001033555, 0.12942214933905882, 0.1294187942380567, 0.1294147700070258, 0.12941084275403342, 0.12940702503080517, 0.12940332590729134, 0.12939974922236208, 0.1293956187754916, 0.12939169302644873, 0.1293880264213158, 0.12938391696203436, 0.12938008797915168, 0.1293765003555438, 0.12937310676241248, 0.12936916597522605, 0.12936540013923906, 0.12936177394581078, 0.1293575667311152, 0.12935353828539123, 0.12934967970261627, 0.12934598090515206, 0.12934243012466323, 0.12933901393675085, 0.12933502283142193, 0.12933054346527842, 0.12932635657496314, 0.12932258961307738, 0.12931913185168706, 0.12931586559809433, 0.12931278854932737, 0.1293091038661887, 0.12930487346929606, 0.12930016092316218, 0.12929579050187495, 0.1292917138542976, 0.129287899884757, 0.12928433121620547, 0.12928099894672043, 0.1292778996366959, 0.1292750277738091, 0.12927156141273938, 0.12926755623405917, 0.12926386763773576, 0.12926045218385748, 0.12925727469801754, 0.12925431130437645, 0.1292507268453802, 0.12924657816937535, 0.1292427238935316, 0.12923912898391518, 0.12923577687485424, 0.12923182893066995, 0.12922735781101838, 0.12922325206824742, 0.12921948178135467, 0.12921602448261396, 0.12921202612396285, 0.1292083751845049, 0.12920420698074614, 0.12920040238205915, 0.12919691998557156, 0.12919372754977437, 0.12919080114214757, 0.1291872695470738, 0.12918318700210762, 0.1291786104573463, 0.12917442229763812, 0.1291705736267488, 0.1291670344939029, 0.12916378894412367, 0.12916082909959678, 0.12915712204602367, 0.12915312466979284, 0.12914865232902434, 0.12914368943903656, 0.12913919120554831, 0.12913509663213754, 0.12913135875348564, 0.12912810856157428, 0.12912515767267227, 0.12912224760779634, 0.12911874271517776, 0.12911494551740962, 0.1291108801092107, 0.1291064178029367, 0.1291023103816389, 0.12909863712316783, 0.12909531232991023, 0.1290919654791084, 0.1290883736072181, 0.12908456547830438, 0.12908056628038875, 0.12907633060618576, 0.1290718850982369, 0.12906774346689864, 0.12906385981384114, 0.1290602156914023, 0.12905681244900843, 0.12905313193872836, 0.12904920202272535, 0.1290450479360895, 0.12904069122785533, 0.1290365190774674, 0.12903252155579145, 0.1290286739236401, 0.12902502162828755, 0.12902151698030034, 0.1290176505532757, 0.12901346164207655, 0.12900954552854965, 0.12900587393998386, 0.12900191485746879, 0.1289976972016398, 0.1289937459616517, 0.1289900288475111, 0.12898653483671108, 0.12898273689967324, 0.1289786636515439, 0.12897434397290133, 0.12897030280604876, 0.12896650209224314, 0.12896292849224425, 0.12895905752097872, 0.12895492055009708, 0.12895054881682586, 0.12894646422913356, 0.1289426292051502, 0.12893903089749795, 0.1289351494563394, 0.12893101471300059, 0.12892665590978758, 0.12892258739309428, 0.1289187696315714, 0.1289151886237459, 0.12891132758899115, 0.1289072142988514, 0.12890287662766203, 0.12889882588367058, 0.12889502423189197, 0.1288914601799745, 0.12888761838516574, 0.12888352578005938, 0.12887920971734787, 0.12887518413036014, 0.128871412252168, 0.12886737535520482, 0.12886310290495506, 0.1288591070193023, 0.1288553621518359, 0.12885136697355176, 0.1288471495073119, 0.12884321267702248, 0.12883904533371446, 0.12883514577013586, 0.12883149395795127, 0.12882758971557723, 0.12882345687454919, 0.12881911948160413, 0.12881506254543487, 0.12881124849170444, 0.1288071863991915, 0.12880290573475478, 0.12879889390425903, 0.1287951303010094, 0.12879113310440216, 0.12878692982113749, 0.12878254694643526, 0.12877845059751247, 0.12877460275981376, 0.1287709962468659, 0.12876715675100328, 0.12876310370389846, 0.12875885820392446, 0.12875443970476153, 0.12875029517153044, 0.1287463793753452, 0.12874268401374245, 0.12873875522618308, 0.12873461909845754, 0.12873030296686278, 0.1287258328898915, 0.12872164340106926, 0.12871769178853829, 0.1287139709313655, 0.12871004331725816, 0.12870593105657913, 0.1287016554492929, 0.12869763409667323, 0.1286934118892995, 0.1286894293275216, 0.12868524939765782, 0.1286813171459293, 0.12867719901934704, 0.12867292150916543, 0.12866850979786776, 0.12866436160136782, 0.12866044162227572, 0.12865674935728327, 0.1286528794311965, 0.12864884567384696, 0.12864466258083407, 0.1286403435629315, 0.1286359001425212, 0.12863168175479975, 0.12862764209957003, 0.12862378820910816, 0.1286197739887803, 0.12861562306429827, 0.12861136023486333, 0.12860700674133047, 0.12860290502033392, 0.12859901319140768, 0.12859532499769694, 0.12859148088662267, 0.12858748755220692, 0.12858335318809003, 0.1285792143433286, 0.12857502452111877, 0.12857101562876017, 0.1285671560562518, 0.128563463807167, 0.1285596462380512, 0.1285557205237765, 0.12855170794074475, 0.12854762620898008, 0.12854348868315818, 0.1285395625959573, 0.1285358038622461, 0.1285322128288167, 0.1285285064502167, 0.12852468729242614, 0.12852076473537113, 0.12851674867095672, 0.12851265307071386, 0.12850872202880562, 0.1285049219596013, 0.1285009996332197, 0.12849697910460536, 0.1284928851019621, 0.1284889546207276, 0.12848495240798588, 0.12848110773895505, 0.12847719743520356, 0.12847323463407487, 0.1284692308247011, 0.12846536280005216, 0.12846160547183122, 0.12845777286217192, 0.12845387296893, 0.12844991553255614, 0.12844606473582612, 0.12844214320129252, 0.1284383162403864, 0.12843442364245738, 0.12843047813933722, 0.12842649330077893, 0.1284225993699668, 0.12841865716721035, 0.12841479226625638, 0.12841088546714607, 0.1284069483786533, 0.1284029925917994, 0.1283990990488674, 0.12839525589031286, 0.1283913846144902, 0.12838749103272162, 0.12838358216093865, 0.12837966484523322, 0.12837577514527776, 0.12837189727956366, 0.1283679971751295, 0.12836408322374757, 0.12836016540652334, 0.12835625375910154, 0.1283523407817661, 0.12834841632414948, 0.12834449796235295, 0.12834059277310436, 0.1283367083612024, 0.12833281251781153, 0.12832893197205927, 0.12832507153534015, 0.12832116858623047, 0.1283172263796658, 0.1283133141359429, 0.1283094303496118, 0.12830557599700967, 0.12830175295114224, 0.12829796308769736, 0.12829407606780138, 0.12829008145935736, 0.12828601347320726, 0.12828201510570145, 0.1282780806804042, 0.12827420753460836, 0.12827040157880917, 0.12826668246229003, 0.12826302779602258, 0.12825922285357308, 0.12825525061461845, 0.12825133513468367, 0.12824748405880057, 0.12824370573969815, 0.1282397629412212, 0.12823591560746525, 0.12823191160624461, 0.1282280187757713, 0.12822421878888807, 0.12822050866339668, 0.1282168854351096, 0.1282130401791912, 0.12820897739835732, 0.12820501984222457, 0.128201161387246, 0.12819739848998013, 0.12819372899593837, 0.12819015147386484, 0.12818629196797002, 0.12818214885548707, 0.12817812993522285, 0.1281742299946478, 0.12817044444339837, 0.12816676890514425, 0.12816319885193495, 0.12815928318274936, 0.12815548394333354, 0.12815179596810877, 0.12814774140411145, 0.12814382076295325, 0.1281400261780127, 0.1281363509771379, 0.12813278915454165, 0.12812880617567435, 0.1281249577053466, 0.1281212366788449, 0.12811708493934823, 0.12811308965767637, 0.12810923958894113, 0.1281055251093029, 0.12810193763183397, 0.12809846906560732, 0.1280944870596472, 0.12809064955684402, 0.1280869488882629, 0.12808337859565755, 0.12807926396971156, 0.12807531626395946, 0.12807152446780357, 0.12806787856629517, 0.12806436953309597, 0.1280609890004064, 0.12805698257406994, 0.12805239426716525, 0.12804827581465725, 0.1280445915630017, 0.1280413167636483, 0.12803843244912827, 0.1280348164739098, 0.12803046596172482, 0.1280262572802054, 0.12802251618524593, 0.12801921125891924, 0.12801514725790442, 0.1280112545430529, 0.12800782245245473, 0.12800360853749967, 0.1279998882385219, 0.1279966248268859, 0.12799252848049306, 0.12798766062906164, 0.12798335567618147, 0.12797956815585826, 0.1279762614416708, 0.12797340174365182, 0.1279696116779349, 0.1279649565313587, 0.12796087032163586, 0.1279573088153285, 0.1279542347925832, 0.12795019253476372, 0.1279455258471912, 0.12794125389386846, 0.12793751190133976, 0.12793427176284908, 0.12793027780635002, 0.12792571547551704, 0.12792174204771964, 0.1279183129494179, 0.1279142463914547, 0.12791074120616833, 0.12790658999576981, 0.1279018393116647, 0.1278977047665375, 0.12789413854489062, 0.12789109709791358, 0.12788853971039502, 0.12788479329913782, 0.12787995462590998, 0.1278745089412218, 0.12786975356869837, 0.1278656369438618, 0.12786211381440682, 0.12785914380612307, 0.1278566891356422, 0.12785338813458225, 0.12784930870060346, 0.12784450889536841, 0.1278404060811401, 0.12783693657587344, 0.1278340391836165, 0.12783026879784581, 0.1278256738034066, 0.12782172622766227, 0.12781837068216204, 0.1278150726594018, 0.12781268371233095, 0.1278093807178244, 0.1278067993130563, 0.12780303094732356, 0.12779758108862582, 0.12779277533453023, 0.12778686894963825, 0.1277815881774227, 0.12777530688018904, 0.12777138432048796, 0.12776827687377618, 0.12779057088676196, 0.12787102060097927, 0.12777098817693233, 0.12780768711387352, 0.1277851971221918, 0.1277713503367797, 0.1277572129553244, 0.12773907501568804, 0.12771047505817457, 0.12768739327781323, 0.12769982713590303, 0.12772205800418257, 0.1276991935325461, 0.12768127217020453, 0.1276052797160745, 0.12766053046439743, 0.1275965426868588, 0.12759260618387191, 0.12758891220773289, 0.12758543375438144, 0.12758153662677643, 0.12757727452424247, 0.1275732884641049, 0.1275695383080386, 0.12756598648423256, 0.12756260259655086, 0.12755881555081955, 0.12755469117376436, 0.12755028674756244, 0.12754613436038628, 0.12754222235758902, 0.12753849871371645, 0.12753407329218933, 0.12752895354325494, 0.12752348503193084, 0.12751762432825572, 0.1275113480645971, 0.12757033520697195, 0.12756689112949812, 0.12756395038752277, 0.12756098710068206, 0.12755806271162326, 0.12755353863889396, 0.1275483299026949, 0.1275432242888851, 0.1275380140201041, 0.12747007537441457, 0.1274672213373078, 0.1274635283528118, 0.12745920600566382, 0.12745452231256807, 0.12745011372479056, 0.12744596129831476, 0.12744204423588734, 0.12743773124845859, 0.12743367182612197, 0.1274292367610993, 0.12742506152529903, 0.12742115795851125, 0.12741744012157402, 0.12741329233770016, 0.12740875627302203, 0.12740450085484956, 0.1274005335596722, 0.12739682183886983, 0.12739259040525322, 0.1273879386147218, 0.12738362169042983, 0.12737959924968897, 0.12737583542842676, 0.1273722340265721, 0.12736818399046193, 0.12736374132390718, 0.12735895196463867, 0.12735447943343745, 0.12735028869594564, 0.12734635866432245, 0.12734266870741323, 0.12733856367524427, 0.1273340871004975, 0.12732928029968293, 0.12732480885336317, 0.1273206555589078, 0.1273167795167747, 0.12731314169916932, 0.12730968124359202, 0.12730578798974965, 0.12730152020341803, 0.12729907149951167, 0.12729801180550335, 0.1272970643905676, 0.12729602663158682, 0.12729487358286537, 0.12729368607676156, 0.12729257436718175, 0.1272914771322004, 0.12729047621273074, 0.12728961790205165, 0.12728885172118243, 0.12728805713447328, 0.12728716174469093, 0.1272852260597725, 0.12727916627086058, 0.12727128615907335, 0.12726519074966458, 0.1272599704089536, 0.12725414537423693, 0.12724845455427966, 0.12724275426211962, 0.127236412355957, 0.1272322197017597, 0.12722927116303662, 0.12722626729927902, 0.1272231889765669, 0.12721985457781082, 0.12721617178963293, 0.1272117136530266, 0.12720617656856492, 0.127202818465777, 0.12719873755007569, 0.1271947883193713, 0.12719116824218119, 0.12718784160406324, 0.12718475833643175, 0.12718187958812951, 0.1271791789943148, 0.12717660058669153, 0.12717389736219326, 0.12717108816640338, 0.1271681190042936, 0.12716487394183343, 0.12716127345791886, 0.12715731306763847, 0.1271530943357528, 0.1271487552742567, 0.12714444768432834, 0.12713988639386478, 0.12713156979884874, 0.12712724680273124, 0.12712502578012436, 0.12712450438874326, 0.12712307183068267, 0.12712035146690145, 0.1271177575337578, 0.1271151494742326, 0.1271122439492742, 0.12710923077165337, 0.12710606510161684, 0.12710267636998832, 0.12709901421837141, 0.127095115702743, 0.12709107615810789, 0.12708700434732928, 0.127082114342434, 0.12707125271526543, 0.12716413277438743, 0.1271429534441162, 0.12712048378345564, 0.12709805512795147, 0.12710734723294864, 0.12712692094324443, 0.12713858284172455, 0.127146426671179, 0.12715247520605372, 0.1271548526568861, 0.12715528938306894, 0.12715298404418784, 0.12715053243288602, 0.12715276759935537, 0.1271645983117441, 0.1271689864479291, 0.12717031077119362, 0.12717755118018836, 0.12718678379649206, 0.12719000163440042, 0.12718951345829546, 0.12718748640313002, 0.12718506722569423, 0.127182509771458, 0.12717942324944662, 0.12717564712755447, 0.127170926423528, 0.12716503147945835, 0.12720857163496493, 0.12720488626968232, 0.12720001479518944, 0.12719401583362178, 0.127187030451576, 0.12718086863288824, 0.1271750982191024, 0.1271694684701881, 0.12716564196360036, 0.12716250099239826, 0.12715911369051155, 0.1271540698695603, 0.1271480307666872, 0.1271444126014433, 0.12713507988245684, 0.12713156767060652, 0.12713479466005786, 0.12713453032226898, 0.12707540509357768, 0.127075010830723, 0.12707056902581704, 0.12705340487804556, 0.12701321411711256, 0.12691018149332203, 0.1268757812189928, 0.12696200658206494, 0.1268871349021474, 0.12692964201698767, 0.12686965599358602, 0.1268924373163862, 0.1269831425413332, 0.12701517581526447, 0.12701146364579816, 0.12700116929658478, 0.12705444318586565, 0.12698881739540616, 0.12698478860657447, 0.12697994933626278, 0.12697829819560164, 0.1269752421843268, 0.12697124679357277, 0.1269666288498683, 0.1269616951029749, 0.1269566727101268, 0.1269518116351665, 0.12694727472359768, 0.1269431038276826, 0.12693921571247327, 0.12693543652505557, 0.12693160566420592, 0.1269275778510441, 0.12692327678231427, 0.1269186883798859, 0.12691383916302026, 0.1269087817231072, 0.1269035920075358, 0.1268983669086565, 0.1268932100979647, 0.12688820689464564, 0.12688340005946047, 0.12687877984253138, 0.12687437443153665, 0.12687006353755595, 0.12686569340329254, 0.1268611695439936, 0.1268565144442608, 0.1268517381127109, 0.1268468728786827, 0.1268419573442604, 0.1268370370246872, 0.12683213656086204, 0.1268311992157065, 0.12683060572252308, 0.12682640051445776, 0.12682105546748543, 0.12681558629143788, 0.12681006994597382, 0.12680458241037337, 0.12679994605268505, 0.1267950449621458, 0.1267899125942937, 0.12678488700263726, 0.12678040689323325, 0.12677616979030576, 0.12677190335894417, 0.12676755476635074, 0.12676307958701444, 0.12675843834739176, 0.1267536464390869, 0.12674873976838574, 0.12674376430724424, 0.12673876622914232, 0.12673378397158894, 0.1267288427888709, 0.12672395527518887, 0.12671911965183, 0.126714319733866, 0.12670953357597822, 0.12670473884605182, 0.12669991700199948, 0.12669505568125738, 0.12669014946695253, 0.12668519955678706, 0.12668024943958833, 0.12667541298772436, 0.12667056104880742, 0.12666571117267697, 0.12666097438221638, 0.1266567606635716, 0.12665254853907673, 0.126648334302746, 0.1266441115734377]