Model Setup for Atypical Patient 4:
ITERS=500
LEARNING_RATE=0.001
OPT_RESET=500
ATOL=1e-09
RTOL=1e-07
METHOD=dopri5
Input channels=2
Hidden channels=40
Output channels=2
Runtime=63720.85441493988Optimizer=Adam (
Parameter Group 0
    amsgrad: False
    betas: (0.9, 0.999)
    capturable: False
    differentiable: False
    eps: 1e-08
    foreach: None
    fused: None
    lr: 0.001
    maximize: False
    weight_decay: 0
)Loss over time=[3339.8075450682136, 3158.694374322409, 2977.681222566469, 2801.423173977462, 2626.215456607127, 2457.377882609809, 2290.942128033278, 2133.4544661548903, 1975.8449191913974, 1817.4108193891711, 1658.9511951993395, 1502.0619708358322, 1350.48039190127, 1204.8924579280495, 1063.601002383914, 928.5532350061046, 799.8420458700417, 679.5856766630105, 570.1309068841167, 473.4950170706708, 392.7578614861384, 331.685053089264, 292.7776977582347, 273.6723008764544, 262.4310155300054, 248.87896550188103, 229.658638001814, 203.96756839942137, 175.0299326383058, 146.42813835371675, 121.50043790992211, 102.39967963826606, 89.78164722128379, 83.33786647303982, 82.18414880753254, 84.88837046431618, 89.9777260209498, 96.11035507361301, 102.13067965400599, 107.14327719556609, 110.5872720316694, 112.21042677687466, 112.03356899312625, 110.2791067367058, 107.30644372013376, 103.53456339900445, 99.38881060644185, 95.2550844093886, 91.43864199088057, 88.1511915477063, 85.51648544717226, 83.56689474774697, 82.26302943107498, 81.51564900066857, 81.19987396873337, 81.17771579830165, 81.32532689246473, 81.54268136716745, 81.759381672133, 81.93766816601747, 82.06272641241509, 82.13549281839023, 82.16679577571522, 82.16779992465386, 82.14693230174976, 82.10749458907344, 82.04719118938445, 81.96079715393194, 81.8422411163387, 81.68737624056392, 81.49469850455539, 81.2696959537112, 81.0222044577331, 80.76660636076642, 80.51880038701334, 80.29516151160406, 80.10888382027557, 79.96744017863357, 79.87513138631932, 79.82898851132362, 79.82217451930536, 79.84257642736488, 79.8781148975229, 79.91663111073288, 79.94725684843624, 79.96227443236572, 79.95855365464668, 79.93491620499498, 79.89571284413412, 79.84450401478746, 79.7859295144436, 79.72499796368807, 79.66487019862888, 79.60785112806582, 79.55438776012002, 79.50402286429416, 79.4563847551229, 79.40923761568584, 79.36129276452849, 79.31229005025601, 79.26345822813168, 79.21357765700473, 79.16515983269683, 79.11545415649263, 79.06454851675207, 79.0103997593804, 78.9517112148786, 78.88831054114964, 78.81748209082512, 78.74021599781021, 78.6555489709317, 78.56278280857224, 78.46390990045101, 78.35882426952485, 78.24898267778453, 78.13369068210302, 78.01130476295089, 77.88170571395008, 77.74400811603095, 77.60024393706652, 77.45116772639871, 77.2969046484653, 77.13587360748492, 76.96864171657889, 76.79235309060417, 76.60691801669503, 76.41219424418843, 76.20806275980604, 75.99475114501534, 75.77151520219668, 75.5374806332198, 75.29301877656542, 75.04029464284802, 74.77463745788974, 74.50805851568734, 74.24198320089938, 73.97160422182795, 73.69964894396517, 73.42288527961723, 73.14109343188348, 72.85324833087334, 72.56068912285244, 72.26165655510813, 71.94987662851148, 71.62468167737514, 71.29103450479472, 70.94414557186039, 70.56464314932906, 70.15516646526832, 69.69691060257979, 69.1883063972532, 68.62859056414689, 68.03414358550663, 67.41277971764221, 66.73602960874597, 66.00209043536157, 65.21365532440565, 64.38411666953515, 63.49930976169137, 62.542574165437294, 61.528121387745195, 60.45700421491801, 59.29901014751599, 58.0737550400418, 56.80193431689616, 55.37227462272099, 53.869097380714564, 52.33231379689373, 50.78154043630681, 49.26080583375226, 47.757832298503466, 46.325531093289776, 44.982174603800466, 43.69445468643414, 42.428038822309375, 41.194158059717374, 39.97787935986371, 38.83846348791409, 37.775383620769325, 36.72486348004296, 35.73679444644679, 34.77727874307705, 33.83687149328867, 32.90131675136829, 31.932801657300445, 30.925303844476204, 29.86717571859586, 28.82308788340635, 27.729875392695508, 26.678294671269303, 25.635800103687778, 24.65081149893449, 23.700466525033015, 22.79198184530892, 21.90596203835464, 20.99902009983992, 20.14854141517988, 19.375763974363885, 18.615249469524517, 17.963853986874664, 17.35926582084183, 16.766345982004065, 16.19070056557434, 15.65121787028471, 15.204691880695185, 14.801234926916178, 14.400268340519558, 14.035967950714626, 13.891263182936836, 14.765744404813265, 15.839726461302291, 13.533724690194473, 13.753700862936686, 14.729139353946374, 12.906558292189857, 14.146832167380564, 13.885910267229024, 12.791424669179102, 14.208707644171165, 12.983499728180924, 12.945699740917204, 13.592217319322055, 12.396597507891014, 13.0148871929126, 12.663773270659295, 12.339294564126622, 12.768183230420458, 12.15540014424249, 12.553031094342714, 12.356843522831149, 12.119551448789634, 12.428241024244505, 12.000917228902305, 12.14049402887249, 12.082848870150114, 11.86637717149846, 12.035287588895839, 11.817477477335563, 11.829169953471064, 11.841810309358118, 11.667876156869454, 11.763019533148592, 11.636972368693772, 11.587113556225914, 11.611719776822286, 11.478600873347101, 11.503867318074468, 11.453451684149366, 11.38776972210153, 11.415857643709792, 11.34059308180368, 11.296579395719672, 11.309981374028462, 11.292677175309445, 11.209899549706346, 11.160221258922835, 11.159454898703325, 11.136110958018099, 11.073873664179956, 11.021999197295498, 11.007900004257435, 10.990426032083933, 10.941114983814343, 10.885556604516342, 10.846218858989127, 10.823675276149702, 10.794810161847721, 10.750783549187396, 10.702410974741998, 10.66308310057724, 10.632320369474497, 10.600279013948253, 10.564702282686499, 10.52280993881345, 10.478188544274753, 10.432781892999193, 10.391091440770445, 10.353301390946864, 10.315233050777985, 10.276182806854074, 10.234236185202304, 10.190613552253039, 10.144903092627702, 10.098150593281796, 10.052626936844275, 10.007763192805731, 9.96292372319753, 9.917347102696338, 9.870850069912803, 9.823378809481028, 9.775371554975106, 9.72709837108591, 9.679490376367088, 9.631811780226037, 9.58602115815616, 9.54138131180286, 9.498607228205017, 9.45414033639413, 9.405996885780102, 9.346625987625043, 9.282119527749177, 9.217110536477476, 9.158851773798023, 9.108604208902708, 9.062229127012467, 9.018662468756657, 8.976845321261925, 8.930059754582233, 8.871007337536543, 8.809296410471312, 8.75493550668728, 8.7148836536066, 8.682959086767811, 8.646990201942584, 8.602240783068527, 8.553139424027513, 8.506236336213396, 8.465101219046705, 8.426764220297851, 8.389004680420733, 8.350641060522747, 8.310928800246655, 8.268559756051424, 8.225315694184903, 8.17690885113005, 8.127820709794321, 8.077833857398765, 8.028329065605869, 7.977204673479207, 7.927025460856264, 7.902736709663028, 8.02956493510463, 8.428298500413042, 8.901276481064238, 8.272113711659886, 7.661523210694691, 7.867391702071524, 8.075382797671333, 7.7683085375969565, 7.492963456072325, 7.771507521230714, 7.798528955652653, 7.372793592774602, 7.496550185569279, 7.672425183533371, 7.283844141944431, 7.240659383005199, 7.423032952336065, 7.163015129620192, 7.011202210975495, 7.1283116727008435, 7.016278353485737, 6.82150810667274, 6.823930500059406, 6.8304388715155255, 6.718786643679667, 6.569256154710669, 6.515630676123426, 6.521787403338412, 6.4784818791262175, 6.367233905709628, 6.241850693516328, 6.161599770564268, 6.125513492807059, 6.106712321257234, 6.106517742108826, 6.095495640129305, 6.115242924676827, 6.095581974281143, 6.100800713134435, 5.987610923366313, 5.871405500043525, 5.650547185319058, 5.468758146549634, 5.3253318433851025, 5.2487010949935975, 5.228013340540188, 5.331024458607221, 5.823809339171631, 6.728927027279055, 8.807858833811625, 6.998183133315337, 5.238572933366527, 5.01686495212665, 6.19776660124948, 6.516868691391977, 4.774458743209813, 5.33168222668611, 6.587660513528394, 4.882520359532845, 4.8579961127864575, 5.971975037602639, 4.765485983132581, 4.57896926016906, 5.367047360110019, 4.639482713415441, 4.33200721013574, 4.794959614115288, 4.510945012349676, 4.172282533083793, 4.3256890350537285, 4.376767447579778, 4.165016001877581, 4.016827324182699, 4.146724546756707, 4.22517186993776, 3.9758405996755464, 3.8535243871842724, 3.928424193998733, 3.9492349955723527, 3.8902977177733966, 3.7225448042386646, 3.6301520341236513, 3.623889308310564, 3.665132751734988, 3.789807211778556, 3.857522449321614, 4.162169353571017, 4.205181988333048, 4.844310863943866, 4.45498019993853, 4.813935559912164, 3.895254406372029, 3.480327518508697, 3.2028377103822274, 3.2955469292552757, 3.722214396284728, 3.96356929725955, 4.8686342333529735, 3.981919023238697, 3.62487212755769, 3.073900887831848, 3.2123314300176724, 3.9813085380512376, 4.018085039228521, 4.914616589747213, 3.5852326959595473, 3.06698317549846, 2.9874362325756203, 3.3166696827659052, 4.033334637593401, 3.408394619196861, 3.2358748958714356, 2.8510693920306434, 2.779220336496823, 2.9264663244986466, 2.9943048263128107, 3.1415110492944573, 2.894006631796815, 2.795358073063241, 2.67047425004795, 2.615114198931602, 2.6058957740418904, 2.6257757971411464, 2.7003558587708736, 2.7673139946324095, 3.1824314147581347, 3.12127257410193, 4.10250966509511, 3.2010174837843985, 3.0944732314242143, 2.486273893676413, 2.768515989545416, 4.7352053205464, 4.485231407352935, 8.46404871868065, 5.180082171690977, 4.196609228753768, 3.1127352387382325, 4.781432092701379, 9.12308967399644, 2.9237491209485156, 3.9988867894063596, 11.787244241802037, 3.1763725492318473, 8.127649685617262, 24.223645555163394, 3.9925553065281276, 30.25411622012842, 20.490413340536303, 21.715926673393092, 9.304419564868352, 12.837075237631465, 10.992199450045616, 15.20381210300257, 3.803962857354122, 18.742924564827696, 4.528351681604629, 15.149399171068488, 5.557279809788579, 10.214722150563585, 5.952406378589685, 6.889885755888335, 9.680276690403831, 3.5895641832634313, 9.623086295389031, 3.9429126520088893, 5.960987885866316, 6.526922285396611, 3.3784149277551543]