Model Setup for Atypical Patient 1:
ITERS=4000
LEARNING_RATE=0.001
OPT_RESET=None
ATOL=1e-05
RTOL=0.001
METHOD=dopri5
Input channels=2
Hidden channels=20
Output channels=2
Runtime=928.3138790130615
Optimizer=Adam (
Parameter Group 0
    amsgrad: False
    betas: (0.9, 0.999)
    capturable: False
    differentiable: False
    eps: 1e-08
    foreach: None
    fused: None
    lr: 0.001
    maximize: False
    weight_decay: 0
)Loss over time=[1894.9755014356713, 1399.7389229238042, 1165.7793034787983, 1014.9251096337631, 900.2875774612781, 805.9762982431042, 726.3206211368123, 657.4258839634999, 596.8472038497483, 543.0811769851007, 495.30929789808994, 452.8579777982058, 415.0388945133009, 381.32247662449447, 351.20213983477055, 324.2377471298321, 300.09921889313495, 278.3668282985715, 258.7166606327177, 241.10159977697248, 225.19804935344212, 210.72597040231247, 197.52904860427046, 185.4620753756671, 174.34334819427949, 164.10448146386977, 154.6402652669118, 145.88759580745605, 137.74876125454122, 130.20142594037395, 123.1356830970833, 116.52317626056426, 110.278239941134, 104.35498991675651, 98.75295366100413, 93.37418002670428, 88.1531881418082, 83.01499103908102, 77.9231497185783, 72.75380919773265, 67.30820501285604, 61.41689614267961, 54.94667648523807, 47.902123214639886, 40.50982436870381, 33.71238277625809, 28.341633499418467, 24.658874807788138, 22.09967691246733, 20.24426694866438, 18.81986568748478, 17.540276479513754, 16.411299762951135, 15.456841432428803, 14.619815922639578, 13.887623722551124, 13.261707472171281, 12.724748799585207, 12.206999295938067, 11.633816857127998, 10.98442698750935, 10.288412076500931, 9.59276339190252, 8.9298657619965, 8.287067255105619, 7.697486217651899, 7.155996924602372, 6.659212410109948, 6.201613970043473, 5.77891317011703, 5.388153746210282, 5.027192706361795, 4.691926819996012, 4.378993912997786, 4.08782812372468, 3.817148865800542, 3.565294993573259, 3.3305641978124174, 3.1121047042631855, 2.9081773768455674, 2.722167593201425, 2.5502435268530674, 2.389499582540381, 2.2347707702670205, 2.077199784400431, 1.928822165604491, 1.7895170403317848, 1.6590700381940129, 1.5370734505356978, 1.422925058719899, 1.3165620776439975, 1.2174676751523685, 1.1252873092643882, 1.0397057916490715, 0.9605195768808185, 0.8864107832801614, 0.8180862807744179, 0.7549794051661357, 0.6968058276708038, 0.6431409836858788, 0.5939081369932445, 0.5487403459958288, 0.5073552988315668, 0.46955833985424567, 0.43496374844329105, 0.40349090250887565, 0.3748751713408858, 0.34904476635352694, 0.3252860654514769, 0.3039459225571919, 0.28474856691573, 0.2674957870182796, 0.25191143230008506, 0.23790732638919534, 0.22580459402661868, 0.21511085866994978, 0.2060101430216796, 0.1978862056601585, 0.19082960573911512, 0.1844332461448757, 0.17877326114796602, 0.17363136966504647, 0.16920827631417543, 0.16527666651782735, 0.161946334952924, 0.15893070510261717, 0.15613530392960895, 0.1538059272608311, 0.1517116801652206, 0.1498851605331187, 0.14827395240420743, 0.14681323423195344, 0.14555927396400878, 0.14435855804123895, 0.1432826603249847, 0.14225333215843208, 0.14136341892760731, 0.14059834956306758, 0.13990263305532585, 0.13929892618188164, 0.13879801762747893, 0.13844161506026928, 0.1379156113046706, 0.13738850376267853, 0.1370326229061064, 0.13680505027194648, 0.1365029042715282, 0.13613252305642687, 0.13598762726187788, 0.13581324498348168, 0.13564940796170957, 0.1354894624218577, 0.13532446783568877, 0.13511362955782322, 0.1349740614864098, 0.13483613097713218, 0.13476219625816035, 0.134660315013891, 0.13452846129641038, 0.13440348945081268, 0.13429458811869321, 0.13423044062257003, 0.13426604595268055, 0.1342163912964595, 0.13420255723853594, 0.13414735117000445, 0.13409725533499592, 0.1340628441777929, 0.13401954480913636, 0.13398189797733256, 0.13395142595910567, 0.13392615565217164, 0.13390634784923278, 0.13388642009068688, 0.13387069776724658, 0.13380408051474532, 0.13362937951796355, 0.13364727796184353, 0.13366921514847385, 0.13365178082388984, 0.1335745623395925, 0.13355484316765776, 0.13360999901276854, 0.13356319960998417, 0.13357019751778607, 0.133471552145968, 0.13362330401264838, 0.1336527137266976, 0.1336511757786907, 0.1336447550526887, 0.1336301689465282, 0.1336179118468173, 0.1336071259168923, 0.13359656983523815, 0.13358934265518405, 0.13358593005614242, 0.1335659306929313, 0.13354287990818864, 0.13353247317291014, 0.13349760635488336, 0.13348150388146818, 0.13342824832308625, 0.13338701860730737, 0.13335513685219988, 0.13334049847950158, 0.13333870053453992, 0.13334399680750236, 0.13335190426274482, 0.13335935657266387, 0.13336510129386683, 0.1333682249850327, 0.13336789057052692, 0.13336247994391873, 0.13335070411688604, 0.13333189731310513, 0.13330533878942893, 0.13326764622019754, 0.13320292364774639, 0.13320550393426062, 0.13326034311464194, 0.13320997936317833, 0.13320448567849383, 0.13320142323218695, 0.1332019187113527, 0.1332029181462001, 0.13319769897671557, 0.1331565374498524, 0.13315009919311177, 0.13314627532571108, 0.13314058289285471, 0.13313409961208567, 0.1331273849969292, 0.13312041676511346, 0.1331118912581501, 0.13309988144144527, 0.13309046055040888, 0.1331030918073055, 0.13305488165094703, 0.13310078366886569, 0.1330754943296659, 0.13304658408790274, 0.133020052214923, 0.13301910362125782, 0.13302121637338288, 0.13302340425982065, 0.1330254989504989, 0.13302694916266916, 0.13302793627619824, 0.1330284805443396, 0.1330283770834861, 0.13301410205757486, 0.13294712463059524, 0.13295325120665052, 0.13295972500496786, 0.13296131428492322, 0.13295629552500396, 0.1329449189041492, 0.1329299465499875, 0.13291413189429727, 0.13289881024140923, 0.132879811464967, 0.13287097788409427, 0.1328732736576059, 0.13287428049667707, 0.1328772163654883, 0.13288579038875364, 0.13286280751539703, 0.132863550714351, 0.13286248650373159, 0.13285713898462237, 0.13284492006735735, 0.13282993389985992, 0.1327702460928456, 0.13276953086188134, 0.1327668377327548, 0.1327584563789204, 0.13275718374027992, 0.13276225927947966, 0.13276546071346493, 0.13276728436421195, 0.13276194290130333, 0.13275609339861216, 0.132749854565395, 0.13274321925758417, 0.13273636907175893, 0.13272934540351541, 0.13272256060177764, 0.1327175261575986, 0.13271238197660012, 0.13270742179617437, 0.1327025698966523, 0.13269775626538746, 0.13269282673425647, 0.13268774530326324, 0.1326806043480045, 0.13267300051674294, 0.13266536130904863, 0.13265778671583772, 0.13265039935453712, 0.1326433230361343, 0.13263656570091387, 0.1326322947139557, 0.13262896567211702, 0.13262568254096427, 0.13262243726181955, 0.1326192191511283, 0.13261601114420948, 0.13261285069951956, 0.13261032353086266, 0.13260920872207732, 0.13261025366212895, 0.13261140066551128, 0.13261255913815626, 0.13261283194798337, 0.13261290206946788, 0.13261257755485759, 0.13261166869463842, 0.13261004629417375, 0.13260767268011672, 0.13260460390299744, 0.13260096650455253, 0.13259685531786436, 0.13259247240549202, 0.132587967457111, 0.13258344337133224, 0.13257896285700832, 0.1325745596985489, 0.13257024840237772, 0.1325660313146616, 0.13256190532696027, 0.13255893141499928, 0.13255604269285282, 0.13255313510770453, 0.1325502074121574, 0.13254725903904846, 0.13254428987259806, 0.13254130009766377, 0.1325382910354011, 0.13253526325241757, 0.13253221749426347, 0.13252913607087669, 0.13252601907504624, 0.13252288635830156, 0.13251973947144863, 0.13251658016053183, 0.13251341030211602, 0.13251023182431917, 0.132507046627014, 0.13250385651276686, 0.132500663145966, 0.13249746801809945, 0.1324942848498287, 0.13249110468499775, 0.13248818340896842, 0.1324853044595052, 0.13248245146803653, 0.13247962977910888, 0.13247683177781377, 0.1324740562695778, 0.132471300717297, 0.13246856228732207, 0.13246583719234684, 0.13246312173098512, 0.13246040972432618, 0.13245770101300458, 0.1324549975256284, 0.13245230073054295, 0.1324492516345359, 0.13244615929703105, 0.1324430853643589, 0.13244001911368805, 0.1324369701077495, 0.132433946977657, 0.13243095316537754, 0.13242799121353943, 0.13242506192879697, 0.1324221649100978, 0.13241930711420694, 0.13241648581533605, 0.13241357615877794, 0.1324105880299059, 0.13240762426780006, 0.13240468490226628, 0.13240176777288282, 0.13239886971977455, 0.132395986836347, 0.132393115013874, 0.13239025049323233, 0.13238739033958608, 0.13238453279133464, 0.13238167738384943, 0.13237882484956157, 0.1323759768451613, 0.13237313558530941, 0.13237030346746195, 0.1323674105825643, 0.13236542898349957, 0.1323634520920841, 0.1323614713950834, 0.13235948044104803, 0.13235747511946166, 0.13235545371000523, 0.132353416667031, 0.13235136638761563, 0.1323493066888964, 0.13234724227658054, 0.13234517820874672, 0.13234311940538587, 0.13234107023159547, 0.1323382372779575, 0.13233548665426323, 0.13233280243834644, 0.1323301724685576, 0.13232756228812745, 0.13232497198456972, 0.13232240569165277, 0.1323198701092347, 0.13231645317708265, 0.1323127787131807, 0.13230913207361417, 0.1323043589581017, 0.13229973138213538, 0.13229523846934133, 0.13229086861295586, 0.13228660972670603, 0.13228245685128046, 0.13227846299854987, 0.13227458234824432, 0.13227100705503694, 0.1322676372483943, 0.1322633755978742, 0.13225810404446878, 0.13225297974602837, 0.1322482030993676, 0.13224371618498656, 0.1322394616873047, 0.132235339169676, 0.13223130396729282, 0.13222731893699094, 0.1322233554343291, 0.13221939386432113, 0.13221542353020865, 0.1322114417982675, 0.13220745269266018, 0.13220402120090083, 0.13219980848731738, 0.1321948815154327, 0.1321905598564407, 0.1321867445773829, 0.13218333222521458, 0.13218021460357585, 0.13217728091368872, 0.13217426228560328, 0.13217102296960903, 0.13216750774316138, 0.13216369316619647, 0.13215958756472193, 0.13215522688257433, 0.13215066748880888, 0.13214597748939036, 0.13214122813283954, 0.1321364865738408, 0.13213185694065396, 0.1321273757061581, 0.13212306549910868, 0.13211893578441394, 0.13211498428041415, 0.13211119831040136, 0.13210727051074755, 0.13210319142382332, 0.13209892493614175, 0.13209441399365077, 0.1320895883831722, 0.13208457952142386, 0.13208019774862614, 0.13207558152524357, 0.13207155651064026, 0.13206800028124083, 0.13206479047722822, 0.13206089738440213, 0.13205725954549494, 0.13205382702696766, 0.1320505559258084, 0.132047218937645, 0.1320435840934654, 0.13203927280157976, 0.13203440140365139, 0.1320291235153708, 0.13202426082592808, 0.1320198686066963, 0.132014665409225, 0.13200880682438185, 0.13200372355551032, 0.13199935916245734, 0.1319956198181078, 0.13199237861455523, 0.13198824349279611, 0.13200811614171087, 0.13200421415842356, 0.13200046950181246, 0.1319968463461098, 0.13199329868137666, 0.13198977431925166, 0.1319864353445064, 0.13198415273171052, 0.1320306817356605, 0.1320237470965419, 0.13202085438541344, 0.13201850621685982, 0.13201638863115364, 0.13196390882030842, 0.13196013772386184, 0.13195642845169325, 0.13195239031395897, 0.13194847333464385, 0.13194468402339127, 0.1319410201528103, 0.13193747435142023, 0.1319336154831765, 0.13192989432957314, 0.13192629946943815, 0.13192238113403115, 0.13191863240836443, 0.13191503533512863, 0.13191156602676157, 0.13190819613979568, 0.1319048947180077, 0.13190116713707437, 0.13189703405138486, 0.13189305227709264, 0.13186555140638914, 0.1318620112750778, 0.13185866115234093, 0.13185548410081702, 0.13185246494270533, 0.13184959007150895, 0.13184684731274665, 0.13184336204785277, 0.13183922730846503, 0.13183538126045677, 0.13183179749770557, 0.13182845113601405, 0.13182531960525726, 0.13182287040123894, 0.1318205703051044, 0.1318174711585147, 0.13181360050360508, 0.13180903729114266, 0.13180443696545188, 0.13180063458662858, 0.13179758214737747, 0.13179456371779247, 0.1317914602251797, 0.13178822192128037, 0.1317848680426499, 0.13178146844631272, 0.13177870013893514, 0.13177649347272355, 0.13177388927442787, 0.13177090527191862, 0.13176755177757746, 0.13176383189053123, 0.13175974435151738, 0.13175528873654282, 0.131751427220419, 0.13174805888897537, 0.1317450873563131, 0.1317405513369752, 0.1317366041662979, 0.13173319214716822, 0.13173019757559484, 0.13172758765409817, 0.13172533108881213, 0.13172339782027123, 0.1317217584818221, 0.1317203839256325, 0.1317182377468321, 0.13171537652023388, 0.13171188520255803, 0.13170786519450187, 0.13170342199492127, 0.13169959048614588, 0.131696304878818, 0.1316935089012336, 0.13169115408110266, 0.13168919618766448, 0.1316866012638549, 0.13168340112009203, 0.1316796487231685, 0.1316763865903664, 0.13167356159441104, 0.13167112670543205, 0.1316680370398163, 0.13166435741437266, 0.131661152371049, 0.1316583774812148, 0.13165599339631287, 0.13165295909025446, 0.1316493465286407, 0.13164622502103354, 0.13164355052708507, 0.13164028672148517, 0.13163749302468855, 0.1316341298283959, 0.13163125444683146, 0.13162782470124304, 0.13162489461504556, 0.13162241570005143, 0.13161933309378027, 0.13161570389950128, 0.13161259287851348, 0.13160994841786378, 0.1316067095048564, 0.1316028568624554, 0.1315994836392474, 0.1315965845002455, 0.13159410819727904, 0.13159099879710298, 0.1315873138840463, 0.13158312975663392, 0.1315795105553856, 0.13157640358952083, 0.13157375765777504, 0.13157152200351988, 0.13156863256665663, 0.13156516524311682, 0.13156119365917923, 0.13155677610934643, 0.13155297826256931, 0.13154974240262074, 0.1315470124395064, 0.1315447326242764, 0.13154185780238345, 0.13153842636696222, 0.13153449955281973, 0.13153017625344435, 0.131525502129697, 0.13152150899262519, 0.1315181271331829, 0.1315152926702611, 0.13151196933242987, 0.13150819413661677, 0.1315040055861616, 0.13149946029834664, 0.1314956920690418, 0.1314926162112361, 0.13149015715242637, 0.13148824391291436, 0.1314856604814608, 0.13148243598144058, 0.13147863372683738, 0.13147434211013923, 0.1314696723837059, 0.13146579985074408, 0.13146264972073085, 0.13146015568174904, 0.13145825712580225, 0.13145576154456082, 0.13145269253776923, 0.1314491177519025, 0.13144510881096577, 0.13144072734872153, 0.13143604698349443, 0.1314322176899124, 0.13142914546229537, 0.13142674014427846, 0.13142494118645845, 0.13142252341643246, 0.13141949961059424, 0.13141591282656415, 0.1313976615982414, 0.13139459532708161, 0.13139133340832584, 0.13138818956512424, 0.13138515240980891, 0.13138220720885777, 0.13137905728205868, 0.13137573269984382, 0.13137254124196016, 0.13136947202467975, 0.13136651014444523, 0.13136363693506825, 0.1313605548254266, 0.13135728284463913, 0.13135412270449917, 0.1313510645400331, 0.1313478316111958, 0.1313447132006698, 0.13134169679303115, 0.13133850456995452, 0.13133541763854872, 0.1313323894322191, 0.1313291506550691, 0.13132574341781938, 0.13132246216106563, 0.13131930227324992, 0.1313162540628105, 0.13131330366252933, 0.131310433292266, 0.13130737233530188, 0.13130390850995022, 0.1313005957896397, 0.13129721268864045, 0.13129400789288106, 0.131290759480881, 0.13128749119748087, 0.1312842256100327, 0.13128079084921856, 0.13127726323340028, 0.1312740314450511, 0.13127105438448605, 0.13126813708399432, 0.1312650836077693, 0.13126207478025026, 0.13125909810617511, 0.1312559581559554, 0.13125285237617418, 0.13124977551866002, 0.13124672113428726, 0.1312435045815448, 0.13124032912228337, 0.13123719371033435, 0.13123409489260432, 0.13123102715082516, 0.13122781193030308, 0.1312244820204473, 0.1312212335251308, 0.13121806203999073, 0.1312149602492755, 0.13121191859104234, 0.13120892499781803, 0.131205921836026, 0.13120273267287025, 0.13119954091804883, 0.13119635071368493, 0.1311930149589504, 0.13118970801418817, 0.13118644051611753, 0.13118321787790066, 0.13117999372618286, 0.1311767777784029, 0.13117357745731642, 0.13117028885106968, 0.1311670995200717, 0.1311639666998029, 0.1311608879074619, 0.13115775269102195, 0.1311546816102371, 0.1311516677480139, 0.13114870357991143, 0.13114578002225838, 0.13114288519570447, 0.13113980403436368, 0.13113650274696467, 0.13113326863749383, 0.13113008110543972, 0.13112693625563826, 0.13112383284095, 0.13112076462453584, 0.1311177080196172, 0.1311146687222019, 0.13111164331452957, 0.131108624085269, 0.13110560442027203, 0.13110257931328678, 0.13109922278852673, 0.13109620776540892, 0.13109272525396537, 0.13108930546869677, 0.1310859826174293, 0.13108275146380516, 0.13107960406014008, 0.1310765310463272, 0.13107352126583457, 0.1310704532683842, 0.13106645501176126, 0.13106244107490514, 0.1310584537437949, 0.1310545229479165, 0.13105134844358304, 0.13104884812161208, 0.13104622152923084, 0.1310434267172485, 0.1310404330071141, 0.13103722617304703, 0.1310338106795717, 0.13103020853646655, 0.1310264552616459, 0.1310231643481015, 0.1310198393259984, 0.13101649558895814, 0.13101323884672297, 0.13101007168992568, 0.13100698767471683, 0.13100458655427757, 0.1310027848106969, 0.13100083945596674, 0.13099859585264875, 0.13099593438186333, 0.13099297937379328, 0.13098995133162566, 0.13098665699911313, 0.13098329903704115, 0.13097992827353727, 0.1309766482483095, 0.13097347004126297, 0.13097032820953824, 0.13096720803734577, 0.1309641710731137, 0.13096119191664882, 0.1309582398637816, 0.13095528159350608, 0.1309522847000574, 0.1309498774544623, 0.13094729458281312, 0.13094450149148584, 0.1309414687101451, 0.13093821622855584, 0.13093478727298682, 0.13093123893875658, 0.13092827921925726, 0.13092520638713795, 0.13092208243297987, 0.13091893540990723, 0.1309157649071597, 0.13091259186739054, 0.1309094306995994, 0.13090628932722684, 0.1309031666302353, 0.13090003251394045, 0.1308969989913795, 0.1308940424530903, 0.1308911333550487, 0.13088823837692712, 0.13088532363297367, 0.13088232734516828, 0.13087985460645826, 0.1308771945810345, 0.13087431929437032, 0.13087122745000976, 0.13086794323973047, 0.13086451024200574, 0.13086098248844014, 0.13085741523646877, 0.13085385751125045, 0.13085034750602428, 0.13084691083843109, 0.13084356089060037, 0.13084030021240348, 0.13083716190583028, 0.13083412536181174, 0.13083116226195454, 0.13082823853045847, 0.13082528187944795, 0.13082226213958895, 0.13081915835172475, 0.13081596135616905, 0.13081267436953092, 0.1308093114851492, 0.13080601283009544, 0.13080269590560828, 0.13079937846371348, 0.13079607348179673, 0.13079282403391088, 0.1307895962571114, 0.13078635918822326, 0.13078317027232333, 0.13078069895772576, 0.1307781409255401, 0.13077546756976943, 0.1307726615354876, 0.1307697199874705, 0.13076665470891452, 0.1307634892204417, 0.1307602539786024, 0.1307569810934476, 0.13075370077077067, 0.13075046335776902, 0.13074727869848723, 0.13074414926226838, 0.1307410712863547, 0.13073804981186335, 0.13073506951506922, 0.13073211117135686, 0.13072912423623093, 0.13072609199409954, 0.13072300352454952, 0.1307198550946991, 0.130716650287392, 0.1307133988938467, 0.13071011491220463, 0.13070681416649463, 0.13070351205424194, 0.13070025015223674, 0.13069703241558572, 0.13069385735093325, 0.1306907196565989, 0.1306876379001495, 0.1306845684286044, 0.13068150021345637, 0.13067842438892632, 0.13067533506288107, 0.13067222970897688, 0.13066929485603465, 0.13066650258170995, 0.13066381599708363, 0.13066119028454623, 0.13065857629010566, 0.13065598126456884, 0.13065335763862193, 0.13065066584326765, 0.13064787998848096, 0.13064499109631, 0.13064200703776493, 0.13063894936592335, 0.13063591282615813, 0.13063290358029656, 0.1306299166974892, 0.13062698039360382, 0.13062411412987526, 0.13062128341561446, 0.13061849865295783, 0.13061576322712212, 0.1306135137894123, 0.13061147233452597, 0.13060946298553497, 0.1306074716668403, 0.13060548332210375, 0.13060348361583782, 0.13060146658875968, 0.13059891112487088, 0.13059587692604088, 0.13059243316826877, 0.13058865304980397, 0.13058460488717316, 0.13058045000945206, 0.13057621845019773, 0.13057243846622812, 0.1305690598378115, 0.13056602236088105, 0.13056325632190358, 0.1305606851187271, 0.13055800426398798, 0.13055530130913812, 0.1305525357032383, 0.1305496892791626, 0.13054676658074238, 0.13054379101501004, 0.13054079815529993, 0.1305377218579213, 0.13053461568178723, 0.13053085390030367, 0.13052725626327594, 0.13052388126910452, 0.13052073120073188, 0.13051779162383673, 0.13051434013917457, 0.13051043221544226, 0.1305068234079396, 0.13050348345168633, 0.1305003691928426, 0.13049742571011705, 0.1304945889678758, 0.13049151953021162, 0.13048769657049433, 0.13048392509221404, 0.1304802000612838, 0.13047643451543667, 0.13047295122962266, 0.1304697447394777, 0.13046667345944934, 0.13046373999968036, 0.13046094433035205, 0.13045817567339743, 0.13045544000571613, 0.13045274043418284, 0.13044983674297245, 0.13044674205000623, 0.13044345967590465, 0.13043998606681262, 0.13043631420484766, 0.13043263232893737, 0.13042884235661062, 0.13042516810850613, 0.1304216175504197, 0.13041821229953313, 0.13041497556690285, 0.13041191574355543, 0.13040903495173206, 0.13040632861167176, 0.13040378576433856, 0.13040127907897292, 0.13039880048300018, 0.13039607599823608, 0.13039311354409935, 0.13038991322487833, 0.13038647096609363, 0.1303827824772945, 0.13037884700632485, 0.13037504206903627, 0.13037134841201056, 0.1303678713604425, 0.1303645964330334, 0.13036151381522415, 0.13035861652761774, 0.13035578385223945, 0.13035302369822718, 0.13035035704304507, 0.13034746337350642, 0.13034442827893586, 0.13034126518574463, 0.1303379573427736, 0.1303344809172848, 0.13033081051817239, 0.13032715557041497, 0.13032349922514438, 0.13031985091721768, 0.1303162401388905, 0.13031270797496602, 0.1303093365520556, 0.13030615190091674, 0.13030325174356572, 0.1303006279450513, 0.13029789460638516, 0.13029504405838865, 0.13029119941882408, 0.1302873622076107, 0.1302834956981212, 0.13027984757414576, 0.13027635605655374, 0.13027297722846634, 0.1302696869259955, 0.13026647972681585, 0.1302633653817231, 0.1302603635746322, 0.13025719282760526, 0.130253890774633, 0.1302504801300023, 0.13024697016532857, 0.1302433591228495, 0.13023963734353322, 0.1302361069759018, 0.13023273726641948, 0.1302295119887581, 0.13022642737717904, 0.13022348876457882, 0.1302203804864739, 0.13021713110726288, 0.13021375656124146, 0.1302102619991536, 0.1302066443742585, 0.13020289553166775, 0.13019934251349685, 0.13019595906659764, 0.13019273470465625, 0.13018967139403428, 0.13018643341447853, 0.13018305233996655, 0.13017954811413546, 0.13017593025603616, 0.13017219986138961, 0.13016870831758576, 0.13016552350995134, 0.13016269205308542, 0.13015968866838187, 0.13015653448303485, 0.13015324231163478, 0.13014981822226931, 0.1301466372568233, 0.1301436766492966, 0.13014054653310397, 0.1301372652349914, 0.13013384488373334, 0.13013067762068525, 0.13012774483709116, 0.1301246488802645, 0.13012141086511816, 0.1301180441939408, 0.13011455598314112, 0.1301113413846834, 0.130108374477478, 0.13010564150787493, 0.13010273760792063, 0.1300987166342397, 0.1300946926983304, 0.13009133479080373, 0.13008828482539395, 0.13008540623755036, 0.13008268470134696, 0.13007984885602217, 0.13007650129301757, 0.13007309892710964, 0.13006999786510023, 0.13006681854893032, 0.13006355841442838, 0.13006021491400135, 0.1300574466092889, 0.13005433180945475, 0.1300507798382711, 0.1300478981239068, 0.13004454618350933, 0.1300412760939258, 0.13003829252512303, 0.13003557074796251, 0.13003226611541774, 0.13002887523796344, 0.13002579708583362, 0.1300230025544977, 0.13001964629430862, 0.13001621540248542, 0.13001310593118054, 0.13001029076111448, 0.13000690774294255, 0.13000344312077652, 0.13000030425065187, 0.12999746237689283, 0.12999403711703808, 0.1299905261936691, 0.12998734781290544, 0.12998447124418722, 0.12998101404670945, 0.12997788711278024, 0.12997506106781379, 0.12997163990860772, 0.12996769745718087, 0.12996415002201395, 0.12996095029062302, 0.12995806751483913, 0.129955481103978, 0.12995227558782577, 0.12994850152229775, 0.12994510158723271, 0.12994203729534953, 0.12993928061787338, 0.1299359102056252, 0.12993199908265216, 0.12992849210074348, 0.12992534249876278, 0.12992251994370407, 0.12991957344966448, 0.12991603591125403, 0.1299119782717472, 0.12990834549239086, 0.12990508684700652, 0.12990216934886242, 0.1298995703800299, 0.129896337780533, 0.12989252422750527, 0.12988868649216798, 0.12988519884060395, 0.12988202727752943, 0.12987914509968698, 0.12987610685932807, 0.12987292983135587, 0.12986922190105074, 0.12986546184287795, 0.12986206888498578, 0.12985900570904943, 0.1298558266173765, 0.12985253942756822, 0.12984873495938623, 0.1298448941679551, 0.12984143683391844, 0.12983832580036614, 0.12983510586672292, 0.12983178006149923, 0.12982835513415358, 0.12982484198489422, 0.12982125449973617, 0.12981760744614024, 0.1298143290516781, 0.12981096551453639, 0.12980752780108418, 0.12980402605405514, 0.12980046928602185, 0.12979727986234832, 0.12979400629549628, 0.1297906548293605, 0.12978723174618992, 0.12978331403169846, 0.1297793920578144, 0.12977587699944693, 0.12977272777186485, 0.12976949648244537, 0.1297661868591472, 0.12976280393546213, 0.1297593545382451, 0.12975541177618813, 0.12975147678102808, 0.12974795696122784, 0.12974480906608638, 0.12974158900488933, 0.12973830127105693, 0.1297349504362613, 0.12973110036709662, 0.12972725084083667, 0.12972271215645226, 0.12971929994186115, 0.1297169066871019, 0.12971377205802306, 0.129710117028379, 0.12970622323168113, 0.1297020584992645, 0.12969800076061339, 0.12969405027163414, 0.1296901941869305, 0.12968640964921033, 0.1296826677873848, 0.1296789381647456, 0.12967630033736444, 0.1296734827558873, 0.1296704536000295, 0.1296658324076856, 0.12966121153228888, 0.12965665590091097, 0.1296522200711956, 0.12964907834738612, 0.12964601002495724, 0.12964288775743485, 0.12963972905083504, 0.12963594865397496, 0.1296321962302143, 0.12962845861083652, 0.1296247301102267, 0.12962101220765743, 0.12961731216542488, 0.12961364093067415, 0.1296100107698014, 0.12960643305687275, 0.12960291652160547, 0.12959946613351028, 0.12959608263370612, 0.12959276266959155, 0.12958935203371585, 0.1295856754099138, 0.12958201059185318, 0.12957836530919062, 0.12957474589204546, 0.12957115651680248, 0.12956690000558785, 0.1295627709040431, 0.12955877374364674, 0.12955490353070526, 0.12955114692143194, 0.12954748389645468, 0.12954388990958068, 0.12954033867329354, 0.12953680532575707, 0.12953326956757788, 0.12952899809127472, 0.12952480648212775, 0.12952070781989278, 0.12951671114661797, 0.12951281999863618, 0.12950903197498792, 0.12950533909894302, 0.129501811237086, 0.1294984190390968, 0.12949434575012012, 0.12949039438195553, 0.12948655118042068, 0.12948276337507503, 0.12948694203507974, 0.12948269079214111, 0.12947857677602528, 0.12947460565681304, 0.12947077554508263, 0.1294671379766915, 0.12946366751951546, 0.129460292776206, 0.1294569821254954, 0.12945303084257856, 0.1294485126658009, 0.12944418888488948, 0.12944005937889438, 0.1294361621678284, 0.12943247330352442, 0.12942896111925048, 0.12942553001033555, 0.12942214933905882, 0.1294187942380567, 0.1294147700070258, 0.12941084275403342, 0.12940702503080517, 0.12940332590729134, 0.12939974922236208, 0.1293956187754916, 0.12939169302644873, 0.1293880264213158, 0.12938391696203436, 0.12938008797915168, 0.1293765003555438, 0.12937310676241248, 0.12936916597522605, 0.12936540013923906, 0.12936177394581078, 0.1293575667311152, 0.12935353828539123, 0.12934967970261627, 0.12934598090515206, 0.12934243012466323, 0.12933901393675085, 0.12933502283142193, 0.12933054346527842, 0.12932635657496314, 0.12932258961307738, 0.12931913185168706, 0.12931586559809433, 0.12931278854932737, 0.1293091038661887, 0.12930487346929606, 0.12930016092316218, 0.12929579050187495, 0.1292917138542976, 0.129287899884757, 0.12928433121620547, 0.12928099894672043, 0.1292778996366959, 0.1292750277738091, 0.12927156141273938, 0.12926755623405917, 0.12926386763773576, 0.12926045218385748, 0.12925727469801754, 0.12925431130437645, 0.1292507268453802, 0.12924657816937535, 0.1292427238935316, 0.12923912898391518, 0.12923577687485424, 0.12923182893066995, 0.12922735781101838, 0.12922325206824742, 0.12921948178135467, 0.12921602448261396, 0.12921202612396285, 0.1292083751845049, 0.12920420698074614, 0.12920040238205915, 0.12919691998557156, 0.12919372754977437, 0.12919080114214757, 0.1291872695470738, 0.12918318700210762, 0.1291786104573463, 0.12917442229763812, 0.1291705736267488, 0.1291670344939029, 0.12916378894412367, 0.12916082909959678, 0.12915712204602367, 0.12915312466979284, 0.12914865232902434, 0.12914368943903656, 0.12913919120554831, 0.12913509663213754, 0.12913135875348564, 0.12912810856157428, 0.12912515767267227, 0.12912224760779634, 0.12911874271517776, 0.12911494551740962, 0.1291108801092107, 0.1291064178029367, 0.1291023103816389, 0.12909863712316783, 0.12909531232991023, 0.1290919654791084, 0.1290883736072181, 0.12908456547830438, 0.12908056628038875, 0.12907633060618576, 0.1290718850982369, 0.12906774346689864, 0.12906385981384114, 0.1290602156914023, 0.12905681244900843, 0.12905313193872836, 0.12904920202272535, 0.1290450479360895, 0.12904069122785533, 0.1290365190774674, 0.12903252155579145, 0.1290286739236401, 0.12902502162828755, 0.12902151698030034, 0.1290176505532757, 0.12901346164207655, 0.12900954552854965, 0.12900587393998386, 0.12900191485746879, 0.1289976972016398, 0.1289937459616517, 0.1289900288475111, 0.12898653483671108, 0.12898273689967324, 0.1289786636515439, 0.12897434397290133, 0.12897030280604876, 0.12896650209224314, 0.12896292849224425, 0.12895905752097872, 0.12895492055009708, 0.12895054881682586, 0.12894646422913356, 0.1289426292051502, 0.12893903089749795, 0.1289351494563394, 0.12893101471300059, 0.12892665590978758, 0.12892258739309428, 0.1289187696315714, 0.1289151886237459, 0.12891132758899115, 0.1289072142988514, 0.12890287662766203, 0.12889882588367058, 0.12889502423189197, 0.1288914601799745, 0.12888761838516574, 0.12888352578005938, 0.12887920971734787, 0.12887518413036014, 0.128871412252168, 0.12886737535520482, 0.12886310290495506, 0.1288591070193023, 0.1288553621518359, 0.12885136697355176, 0.1288471495073119, 0.12884321267702248, 0.12883904533371446, 0.12883514577013586, 0.12883149395795127, 0.12882758971557723, 0.12882345687454919, 0.12881911948160413, 0.12881506254543487, 0.12881124849170444, 0.1288071863991915, 0.12880290573475478, 0.12879889390425903, 0.1287951303010094, 0.12879113310440216, 0.12878692982113749, 0.12878254694643526, 0.12877845059751247, 0.12877460275981376, 0.1287709962468659, 0.12876715675100328, 0.12876310370389846, 0.12875885820392446, 0.12875443970476153, 0.12875029517153044, 0.1287463793753452, 0.12874268401374245, 0.12873875522618308, 0.12873461909845754, 0.12873030296686278, 0.1287258328898915, 0.12872164340106926, 0.12871769178853829, 0.1287139709313655, 0.12871004331725816, 0.12870593105657913, 0.1287016554492929, 0.12869763409667323, 0.1286934118892995, 0.1286894293275216, 0.12868524939765782, 0.1286813171459293, 0.12867719901934704, 0.12867292150916543, 0.12866850979786776, 0.12866436160136782, 0.12866044162227572, 0.12865674935728327, 0.1286528794311965, 0.12864884567384696, 0.12864466258083407, 0.1286403435629315, 0.1286359001425212, 0.12863168175479975, 0.12862764209957003, 0.12862378820910816, 0.1286197739887803, 0.12861562306429827, 0.12861136023486333, 0.12860700674133047, 0.12860290502033392, 0.12859901319140768, 0.12859532499769694, 0.12859148088662267, 0.12858748755220692, 0.12858335318809003, 0.1285792143433286, 0.12857502452111877, 0.12857101562876017, 0.1285671560562518, 0.128563463807167, 0.1285596462380512, 0.1285557205237765, 0.12855170794074475, 0.12854762620898008, 0.12854348868315818, 0.1285395625959573, 0.1285358038622461, 0.1285322128288167, 0.1285285064502167, 0.12852468729242614, 0.12852076473537113, 0.12851674867095672, 0.12851265307071386, 0.12850872202880562, 0.1285049219596013, 0.1285009996332197, 0.12849697910460536, 0.1284928851019621, 0.1284889546207276, 0.12848495240798588, 0.12848110773895505, 0.12847719743520356, 0.12847323463407487, 0.1284692308247011, 0.12846536280005216, 0.12846160547183122, 0.12845777286217192, 0.12845387296893, 0.12844991553255614, 0.12844606473582612, 0.12844214320129252, 0.1284383162403864, 0.12843442364245738, 0.12843047813933722, 0.12842649330077893, 0.1284225993699668, 0.12841865716721035, 0.12841479226625638, 0.12841088546714607, 0.1284069483786533, 0.1284029925917994, 0.1283990990488674, 0.12839525589031286, 0.1283913846144902, 0.12838749103272162, 0.12838358216093865, 0.12837966484523322, 0.12837577514527776, 0.12837189727956366, 0.1283679971751295, 0.12836408322374757, 0.12836016540652334, 0.12835625375910154, 0.1283523407817661, 0.12834841632414948, 0.12834449796235295, 0.12834059277310436, 0.1283367083612024, 0.12833281251781153, 0.12832893197205927, 0.12832507153534015, 0.12832116858623047, 0.1283172263796658, 0.1283133141359429, 0.1283094303496118, 0.12830557599700967, 0.12830175295114224, 0.12829796308769736, 0.12829407606780138, 0.12829008145935736, 0.12828601347320726, 0.12828201510570145, 0.1282780806804042, 0.12827420753460836, 0.12827040157880917, 0.12826668246229003, 0.12826302779602258, 0.12825922285357308, 0.12825525061461845, 0.12825133513468367, 0.12824748405880057, 0.12824370573969815, 0.1282397629412212, 0.12823591560746525, 0.12823191160624461, 0.1282280187757713, 0.12822421878888807, 0.12822050866339668, 0.1282168854351096, 0.1282130401791912, 0.12820897739835732, 0.12820501984222457, 0.128201161387246, 0.12819739848998013, 0.12819372899593837, 0.12819015147386484, 0.12818629196797002, 0.12818214885548707, 0.12817812993522285, 0.1281742299946478, 0.12817044444339837, 0.12816676890514425, 0.12816319885193495, 0.12815928318274936, 0.12815548394333354, 0.12815179596810877, 0.12814774140411145, 0.12814382076295325, 0.1281400261780127, 0.1281363509771379, 0.12813278915454165, 0.12812880617567435, 0.1281249577053466, 0.1281212366788449, 0.12811708493934823, 0.12811308965767637, 0.12810923958894113, 0.1281055251093029, 0.12810193763183397, 0.12809846906560732, 0.1280944870596472, 0.12809064955684402, 0.1280869488882629, 0.12808337859565755, 0.12807926396971156, 0.12807531626395946, 0.12807152446780357, 0.12806787856629517, 0.12806436953309597, 0.1280609890004064, 0.12805698257406994, 0.12805239426716525, 0.12804827581465725, 0.1280445915630017, 0.1280413167636483, 0.12803843244912827, 0.1280348164739098, 0.12803046596172482, 0.1280262572802054, 0.12802251618524593, 0.12801921125891924, 0.12801514725790442, 0.1280112545430529, 0.12800782245245473, 0.12800360853749967, 0.1279998882385219, 0.1279966248268859, 0.12799252848049306, 0.12798766062906164, 0.12798335567618147, 0.12797956815585826, 0.1279762614416708, 0.12797340174365182, 0.1279696116779349, 0.1279649565313587, 0.12796087032163586, 0.1279573088153285, 0.1279542347925832, 0.12795019253476372, 0.1279455258471912, 0.12794125389386846, 0.12793751190133976, 0.12793427176284908, 0.12793027780635002, 0.12792571547551704, 0.12792174204771964, 0.1279183129494179, 0.1279142463914547, 0.12791074120616833, 0.12790658999576981, 0.1279018393116647, 0.1278977047665375, 0.12789413854489062, 0.12789109709791358, 0.12788853971039502, 0.12788479329913782, 0.12787995462590998, 0.1278745089412218, 0.12786975356869837, 0.1278656369438618, 0.12786211381440682, 0.12785914380612307, 0.1278566891356422, 0.12785338813458225, 0.12784930870060346, 0.12784450889536841, 0.1278404060811401, 0.12783693657587344, 0.1278340391836165, 0.12783026879784581, 0.1278256738034066, 0.12782172622766227, 0.12781837068216204, 0.1278150726594018, 0.12781268371233095, 0.1278093807178244, 0.1278067993130563, 0.12780303094732356, 0.12779758108862582, 0.12779277533453023, 0.12778686894963825, 0.1277815881774227, 0.12777530688018904, 0.12777138432048796, 0.12776827687377618, 0.12779057088676196, 0.12787102060097927, 0.12777098817693233, 0.12780768711387352, 0.1277851971221918, 0.1277713503367797, 0.1277572129553244, 0.12773907501568804, 0.12771047505817457, 0.12768739327781323, 0.12769982713590303, 0.12772205800418257, 0.1276991935325461, 0.12768127217020453, 0.1276052797160745, 0.12766053046439743, 0.1275965426868588, 0.12759260618387191, 0.12758891220773289, 0.12758543375438144, 0.12758153662677643, 0.12757727452424247, 0.1275732884641049, 0.1275695383080386, 0.12756598648423256, 0.12756260259655086, 0.12755881555081955, 0.12755469117376436, 0.12755028674756244, 0.12754613436038628, 0.12754222235758902, 0.12753849871371645, 0.12753407329218933, 0.12752895354325494, 0.12752348503193084, 0.12751762432825572, 0.1275113480645971, 0.12757033520697195, 0.12756689112949812, 0.12756395038752277, 0.12756098710068206, 0.12755806271162326, 0.12755353863889396, 0.1275483299026949, 0.1275432242888851, 0.1275380140201041, 0.12747007537441457, 0.1274672213373078, 0.1274635283528118, 0.12745920600566382, 0.12745452231256807, 0.12745011372479056, 0.12744596129831476, 0.12744204423588734, 0.12743773124845859, 0.12743367182612197, 0.1274292367610993, 0.12742506152529903, 0.12742115795851125, 0.12741744012157402, 0.12741329233770016, 0.12740875627302203, 0.12740450085484956, 0.1274005335596722, 0.12739682183886983, 0.12739259040525322, 0.1273879386147218, 0.12738362169042983, 0.12737959924968897, 0.12737583542842676, 0.1273722340265721, 0.12736818399046193, 0.12736374132390718, 0.12735895196463867, 0.12735447943343745, 0.12735028869594564, 0.12734635866432245, 0.12734266870741323, 0.12733856367524427, 0.1273340871004975, 0.12732928029968293, 0.12732480885336317, 0.1273206555589078, 0.1273167795167747, 0.12731314169916932, 0.12730968124359202, 0.12730578798974965, 0.12730152020341803, 0.12729907149951167, 0.12729801180550335, 0.1272970643905676, 0.12729602663158682, 0.12729487358286537, 0.12729368607676156, 0.12729257436718175, 0.1272914771322004, 0.12729047621273074, 0.12728961790205165, 0.12728885172118243, 0.12728805713447328, 0.12728716174469093, 0.1272852260597725, 0.12727916627086058, 0.12727128615907335, 0.12726519074966458, 0.1272599704089536, 0.12725414537423693, 0.12724845455427966, 0.12724275426211962, 0.127236412355957, 0.1272322197017597, 0.12722927116303662, 0.12722626729927902, 0.1272231889765669, 0.12721985457781082, 0.12721617178963293, 0.1272117136530266, 0.12720617656856492, 0.127202818465777, 0.12719873755007569, 0.1271947883193713, 0.12719116824218119, 0.12718784160406324, 0.12718475833643175, 0.12718187958812951, 0.1271791789943148, 0.12717660058669153, 0.12717389736219326, 0.12717108816640338, 0.1271681190042936, 0.12716487394183343, 0.12716127345791886, 0.12715731306763847, 0.1271530943357528, 0.1271487552742567, 0.12714444768432834, 0.12713988639386478, 0.12713156979884874, 0.12712724680273124, 0.12712502578012436, 0.12712450438874326, 0.12712307183068267, 0.12712035146690145, 0.1271177575337578, 0.1271151494742326, 0.1271122439492742, 0.12710923077165337, 0.12710606510161684, 0.12710267636998832, 0.12709901421837141, 0.127095115702743, 0.12709107615810789, 0.12708700434732928, 0.127082114342434, 0.12707125271526543, 0.12716413277438743, 0.1271429534441162, 0.12712048378345564, 0.12709805512795147, 0.12710734723294864, 0.12712692094324443, 0.12713858284172455, 0.127146426671179, 0.12715247520605372, 0.1271548526568861, 0.12715528938306894, 0.12715298404418784, 0.12715053243288602, 0.12715276759935537, 0.1271645983117441, 0.1271689864479291, 0.12717031077119362, 0.12717755118018836, 0.12718678379649206, 0.12719000163440042, 0.12718951345829546, 0.12718748640313002, 0.12718506722569423, 0.127182509771458, 0.12717942324944662, 0.12717564712755447, 0.127170926423528, 0.12716503147945835, 0.12720857163496493, 0.12720488626968232, 0.12720001479518944, 0.12719401583362178, 0.127187030451576, 0.12718086863288824, 0.1271750982191024, 0.1271694684701881, 0.12716564196360036, 0.12716250099239826, 0.12715911369051155, 0.1271540698695603, 0.1271480307666872, 0.1271444126014433, 0.12713507988245684, 0.12713156767060652, 0.12713479466005786, 0.12713453032226898, 0.12707540509357768, 0.127075010830723, 0.12707056902581704, 0.12705340487804556, 0.12701321411711256, 0.12691018149332203, 0.1268757812189928, 0.12696200658206494, 0.1268871349021474, 0.12692964201698767, 0.12686965599358602, 0.1268924373163862, 0.1269831425413332, 0.12701517581526447, 0.12701146364579816, 0.12700116929658478, 0.12705444318586565, 0.12698881739540616, 0.12698478860657447, 0.12697994933626278, 0.12697829819560164, 0.1269752421843268, 0.12697124679357277, 0.1269666288498683, 0.1269616951029749, 0.1269566727101268, 0.1269518116351665, 0.12694727472359768, 0.1269431038276826, 0.12693921571247327, 0.12693543652505557, 0.12693160566420592, 0.1269275778510441, 0.12692327678231427, 0.1269186883798859, 0.12691383916302026, 0.1269087817231072, 0.1269035920075358, 0.1268983669086565, 0.1268932100979647, 0.12688820689464564, 0.12688340005946047, 0.12687877984253138, 0.12687437443153665, 0.12687006353755595, 0.12686569340329254, 0.1268611695439936, 0.1268565144442608, 0.1268517381127109, 0.1268468728786827, 0.1268419573442604, 0.1268370370246872, 0.12683213656086204, 0.1268311992157065, 0.12683060572252308, 0.12682640051445776, 0.12682105546748543, 0.12681558629143788, 0.12681006994597382, 0.12680458241037337, 0.12679994605268505, 0.1267950449621458, 0.1267899125942937, 0.12678488700263726, 0.12678040689323325, 0.12677616979030576, 0.12677190335894417, 0.12676755476635074, 0.12676307958701444, 0.12675843834739176, 0.1267536464390869, 0.12674873976838574, 0.12674376430724424, 0.12673876622914232, 0.12673378397158894, 0.1267288427888709, 0.12672395527518887, 0.12671911965183, 0.126714319733866, 0.12670953357597822, 0.12670473884605182, 0.12669991700199948, 0.12669505568125738, 0.12669014946695253, 0.12668519955678706, 0.12668024943958833, 0.12667541298772436, 0.12667056104880742, 0.12666571117267697, 0.12666097438221638, 0.1266567606635716, 0.12665254853907673, 0.126648334302746, 0.1266441115734377, 0.1266399461162353, 0.12663601436617597, 0.12663206087520784, 0.1266686694918552, 0.12666443810003397, 0.12666017896585538, 0.12665601665154672, 0.12668099215089745, 0.12667700361917922, 0.12667217655097607, 0.126667518415807, 0.12666302525999878, 0.1266585337888312, 0.1266540635481603, 0.1266497598081794, 0.12664552305525884, 0.12664133595623664, 0.12663718608348884, 0.12663305213474327, 0.12662891565447082, 0.12662476381845514, 0.12662059035049153, 0.12661639491798835, 0.12661218173103841, 0.12660763432197927, 0.12660238356108933, 0.1265972093851784, 0.12659214473371633, 0.12658716729820008, 0.12658249692554133, 0.12657806967410312, 0.12657367354016566, 0.126569594617874, 0.12656564010454882, 0.12656149173667358, 0.12655645650918607, 0.12655154093927326, 0.12654675496230514, 0.12654240758964763, 0.12653851828459206, 0.12653492925843005, 0.12653145051206496, 0.12652783717128163, 0.12652359313223602, 0.1265191283550898, 0.1265146393059719, 0.12650957762895315, 0.12650390846521767, 0.1264954850138436, 0.12648385264194373, 0.1264716259665062, 0.12645919080355292, 0.12645216591159258, 0.1264450968794138, 0.1264322199876327, 0.12641252066520645, 0.12638880845599632, 0.1263659394727402, 0.12635701174786365, 0.12635534727273745, 0.1263516520173148, 0.12634581198840653, 0.12633784053261612, 0.12632787821153088, 0.1263164201542598, 0.12631025453821412, 0.12630888321341935, 0.12630737979036658, 0.12630308228446416, 0.12629600497620852, 0.1262902265382184, 0.12628923384640295, 0.12628772208902642, 0.12628356316178946, 0.12627714923451416, 0.12627099732289906, 0.1262661281999699, 0.12626233876734427, 0.12625905992587835, 0.1262566341377676, 0.1262551391891618, 0.12625174331787378, 0.12624663595125837, 0.1262418478612921, 0.12623827083115893, 0.12623575761491507, 0.1262342675612347, 0.12623385537256487, 0.12623152328562093, 0.12622940085489942, 0.12622749105749936, 0.12622579051783725, 0.1262242956182191, 0.12622262169221068, 0.12622097544121824, 0.12621941087805946, 0.12621745151094568, 0.126220287043231, 0.12622224405898075, 0.12622480109183734, 0.1262277895333228, 0.12623099620850606, 0.12623420139378413, 0.12623995882842048, 0.12624507776271035, 0.12625299024820225, 0.12625520046291802, 0.12625367013821487, 0.12624860643055585, 0.1262467352869957, 0.12624405791775317, 0.1262404483206691, 0.12623456864765015, 0.12622808089870022, 0.12622092658464482, 0.12621310215930268, 0.126204896683448, 0.1261963411634475, 0.12618838239141966, 0.12618063453284395, 0.12617301449191448, 0.12616570775662117, 0.12615870367521873, 0.12615108424525764, 0.1261427751850056, 0.1261341791493176, 0.12612458292347803, 0.12611451458906756, 0.12610660524727224, 0.12610301483902717, 0.12609981716982066, 0.12609689490579645, 0.12609433256200814, 0.12609340009452594, 0.12609296597931854, 0.126095234439915, 0.1260964518566311, 0.12609569721047792, 0.12609932131232274, 0.1260963017279132, 0.12609257536358542, 0.12608615919893426, 0.12607900731086308, 0.12607391145985677, 0.12607132912364052, 0.126069374898367, 0.12607058987101338, 0.12607223112509258, 0.12607121643423336, 0.12606515926856904, 0.1260529806828189, 0.1260382853376489, 0.12597273478180512, 0.12596621967452748, 0.12596336799704935, 0.1259600858437807, 0.12595507131276326, 0.12594829303911428, 0.12594411356168814, 0.12594304075168625, 0.1259397787473491, 0.12598522384623012, 0.1259807370105783, 0.12597619234608304, 0.12596679262998633, 0.1259620485681553, 0.12596085084475825, 0.12595668028227075, 0.1259503331136868, 0.1259447342465127, 0.12594009255115093, 0.12586760630506888, 0.12585401838957996, 0.12584127189382846, 0.1258294606477083, 0.12581855615287904, 0.1258133427890775, 0.12580774500120806, 0.12580172817516347, 0.12579530796778088, 0.12578855086100407, 0.12578136289089883, 0.1257739368373894, 0.12576661396636915, 0.12575849970079941, 0.12575295385839047, 0.12574784246750345, 0.12576176470466383, 0.1257603360730801, 0.12575588195819556, 0.12574372195852118, 0.1257150680281303, 0.12571497510025936, 0.12571908905517978, 0.12571657239187092, 0.1257074631134896, 0.1256936471534138, 0.12568152284465497, 0.12569904994724765, 0.12569365070860086, 0.1256842338973512, 0.1256554175654894, 0.12564958910225765, 0.12564588631420961, 0.1256529605802105, 0.12565522281860897, 0.12565379863268086, 0.12564717743378942, 0.12563691851052372, 0.12562491326272895, 0.12561220825760297, 0.12560558339944092, 0.12562525897302487, 0.12562040262017413, 0.12561429122626203, 0.12558177490165792, 0.12557837424516186, 0.1255741591582976, 0.1255683302994074, 0.125561287984258, 0.12558582831180762, 0.1255851194041982, 0.12558235109990104, 0.12557812294355752, 0.1255711450539447, 0.12556111549646012, 0.12552907477648392, 0.1255273275419003, 0.1255210774964917, 0.12551238339480497, 0.12553844751025847, 0.12553728089015895, 0.12553347417928595, 0.12552649828243762, 0.1255189283469364, 0.1254984373793491, 0.12548068298059614, 0.12545170038129644, 0.1254563305565046, 0.12545556821546835, 0.12544585577186484, 0.1254293619147095, 0.12541422908372818, 0.12540837297531882, 0.1254019270926794, 0.12539404962683096, 0.12538969459319554, 0.12538776109365293, 0.125382913343059, 0.1253793949228047, 0.12537454411959367, 0.12537105832201514, 0.12536962083561423, 0.12536954638401462, 0.12536723742994801, 0.12535614026615144, 0.12534117880701523, 0.1253260602246074, 0.1253189081660164, 0.1253189256753815, 0.12531751103233615, 0.1253140179552555, 0.12532136241535743, 0.1253212391795746, 0.12531656360185658, 0.12530774850164497, 0.12529202198944508, 0.12527264042022213, 0.12526303760799695, 0.1252588583041171, 0.1252566378878776, 0.12525629020830079, 0.1252569467831355, 0.12525783921844907, 0.12525873654178044, 0.12525891765416813, 0.12525756698062362, 0.12525472684139796, 0.12525118018885587, 0.12524722236161, 0.12524271195231157, 0.12523838629019285, 0.1252348079699811, 0.12523182248848716, 0.12522984096312717, 0.12523157057364953, 0.12522879121697608, 0.12522144369838542, 0.12526865446786342, 0.12526162186031542, 0.125197452640745, 0.12519304816017163, 0.12518786299614842, 0.12518347391526696, 0.12517920771981927, 0.12517483898420542, 0.12523468246543787, 0.12516512929276172, 0.125160187366875, 0.12515439751336713, 0.12521094780275643, 0.12520160067055686, 0.1251950901930538, 0.12525159524502955, 0.12524017612812835, 0.12522717362551636, 0.12522378220571387, 0.1252190013444271, 0.12521864068427774, 0.12521640851277838, 0.12521221354530826, 0.12520618890051105, 0.1251980281890882, 0.12514251453716405, 0.12514806055673688, 0.1251441578752827, 0.1251393772628205, 0.12513400660986315, 0.12512824089058958, 0.125122370887144, 0.1251165951060699, 0.12511056035071003, 0.12510412117934022, 0.12505342207578934, 0.12492902803382412, 0.12490703986549305, 0.12483226999083791, 0.12485887724448821, 0.12486542806348272, 0.124905489635252, 0.12477699654388764, 0.12484631378978417, 0.12479515036726335, 0.1248364469777099, 0.1248274859403161, 0.12495428596044604, 0.12491779405427117, 0.12488267287672906, 0.12485607836794203, 0.12483584191543634, 0.12480281411128548, 0.1247849497454996, 0.12477868300207651, 0.12476731672310505, 0.12475764582447252, 0.12474859556638514, 0.12473251329282439, 0.12470899342699998, 0.12469343215746416, 0.12468989599055683, 0.12468937729706207, 0.12468580947712801, 0.12468414336960015, 0.12468124834628146, 0.12467467880989465, 0.12466877176190753, 0.12466484545229882, 0.12466043507315087, 0.1246574691637504, 0.12465253602649834, 0.12464540332165974, 0.12463651788293192, 0.12462312976939627, 0.12460951204245169, 0.12460001786825883, 0.12459503491497605, 0.12459253763748522, 0.12457634926879312, 0.12454628561167881, 0.12460099881010053, 0.12459614119046725, 0.12459125311164893, 0.12458627934953354, 0.12452628888967122, 0.12452801330207729, 0.12457761274638464, 0.12457964977018342, 0.12458635542114105, 0.12456219327028246, 0.12454730590427929, 0.12447656178789944, 0.12446981563254274, 0.12446877459974895, 0.12452284281688354, 0.12453592247953159, 0.12452936343356145, 0.12453071729641799, 0.12453277542045676, 0.12453317017020532, 0.12452959916761194, 0.12452425691998625, 0.12451893787378938, 0.12450646484070321, 0.12449329627578991, 0.1244842575017389, 0.12447510852611493, 0.12446836292156127, 0.12441869471793711, 0.12441645509672415, 0.12441483969152821, 0.12445949844658953, 0.12446025223528466, 0.1244598251019292, 0.1244587316479737, 0.1244570764503568, 0.12445497974264699, 0.1244522518654398, 0.12444845418677639, 0.12446671108050154, 0.1244683605978537, 0.12446849975178519, 0.12446647803951917, 0.12446382357293738, 0.12446082858761662, 0.12445632302834166, 0.12442413471937151, 0.12445104214171634, 0.12444918348208021, 0.1244396007207143, 0.12440639966148809, 0.12443412725326226, 0.12443230886871257, 0.12442972877122296, 0.12443013735947415, 0.12442982563458299, 0.12442830772350294, 0.12441996520726936, 0.12440652282080457, 0.12439833884841546, 0.1243963173745509, 0.12439515083891607, 0.12439279860513847, 0.12438929496516861, 0.12438566253110284, 0.12438216870116126, 0.12437806159359614, 0.12437546511326968, 0.12437432612875189, 0.12436734302490655, 0.12435317293091122, 0.12435184362857549, 0.12434972377305736, 0.12434698795521225, 0.12434380509014352, 0.12434030664694778, 0.12433657887967436, 0.12433174619303947, 0.12432779839230816, 0.1243236029739715, 0.12431944448712579, 0.1243151962420593, 0.12431036781057242, 0.12430496613631604, 0.12429843000136344, 0.1242936411252447, 0.12429060869969924, 0.12429072197604346, 0.12428901889140365, 0.12428560084097323, 0.12428067059908035, 0.12427450089081016, 0.12426578651070029, 0.12425795422749056, 0.12424930012981199, 0.12424471638609182, 0.12424258113860163, 0.12423807407566236, 0.12423067265134252, 0.1242221535067334, 0.12421295604955268, 0.12420325497243997, 0.12419601872877749, 0.12418884568145078, 0.12418361523484762, 0.12417986105222574, 0.12417443912520466, 0.12416722303867199, 0.12415808929190121, 0.12414788386717777, 0.12413859038170726, 0.12413584008522353, 0.12412453021357459, 0.12412000876447758, 0.12411409837709045, 0.12411079318433735, 0.12410604842890806, 0.12409932848507799, 0.12409080765517114, 0.12408054237744603, 0.12407118778388058, 0.12406233108296667, 0.1240539031171815, 0.12404805994961815, 0.12404474607574721, 0.12404274403081254, 0.12403872898652356, 0.12403193517362755, 0.1240198835713266, 0.1240119882468873, 0.12400240347008105, 0.12398920165814681, 0.1239787836629294, 0.12396890285757652, 0.12396121153379001, 0.12395531288903672, 0.1239492261124438, 0.12394107975135879, 0.12393104330047788, 0.12392079608664726, 0.1239112925443928, 0.12390301636918132, 0.12389568970782781, 0.12388885804778148, 0.12388147989246107, 0.12387362066276264, 0.12386536651041323, 0.12385679308720078, 0.12384919714302929, 0.12384247720040778, 0.12383521752758701, 0.12382745928511492, 0.12382037268482153, 0.12381384311337937, 0.12380652326369566, 0.12379858138388093, 0.12378688078510333, 0.12377406354337085, 0.12376614744943285, 0.12376996419268661, 0.12376333679379949, 0.12375142152000312, 0.12374490585564554, 0.12373889248637647, 0.12373343404303618, 0.1237274216819862, 0.12372085728161769, 0.12371373820359989, 0.12370659259610539, 0.12370029613931788, 0.123694743022307, 0.12368930054191005, 0.12368388384523828, 0.12367834834231721, 0.12367127359676465, 0.12366374163943115, 0.12365603979980011, 0.123648140364336, 0.12364089628462108, 0.12363458922880138, 0.12362922795354753, 0.12362444025868341, 0.1236183504101601, 0.1236107142645013, 0.12360201548899133, 0.12359400836165929, 0.12358670625612471, 0.12357957602364036, 0.12357348140119127, 0.12356740126744761, 0.12356174798189384, 0.1235563968188492, 0.12355113470560979, 0.12354511028247504, 0.12353831480897685, 0.12353106910073285, 0.1235236865944055, 0.12351599866285637, 0.1235090537875163, 0.12350216909858737, 0.1234962230806362, 0.12349099091875337, 0.12348634376213426, 0.1234815942199182, 0.12347614693155622, 0.12346923775568476, 0.1234628961436258, 0.12345588737716197, 0.12344829859202547, 0.12344212986147687, 0.12343520618616863, 0.12342864937952483, 0.1234238487132925, 0.123418664246308, 0.12341364693152725, 0.12340738236504357, 0.12340011168187184, 0.12339252533994229, 0.12338638668472689, 0.12338108354108632, 0.12337642281700906, 0.12337171857440095, 0.12336696190814943, 0.12336165455195759, 0.12335570092792869, 0.12334938628883511, 0.12334402167647217, 0.12333949100514294, 0.12333443682033808, 0.12332869930468808, 0.1233213298887514, 0.12331300230159736, 0.12330584410765519, 0.12330195809045309, 0.12329993861987075, 0.12329727657194746, 0.12329172202568119, 0.12328548200756276, 0.12327890357597542, 0.12327187578681888, 0.12326524366062039, 0.1232594631423522, 0.12325445000649576, 0.12324915506745561, 0.12324371219727204, 0.12323858223664329, 0.1232336278621719, 0.12332902275264081, 0.1233226066494587, 0.1233160088519282, 0.123309386464015, 0.12330422827959085, 0.1233014127306217, 0.1232978040526422, 0.1232918629848767, 0.1232855868202988, 0.12327946902640606, 0.12327395380240652, 0.12326876351627963, 0.12326370680693183, 0.12325897917068845, 0.12325461016689224, 0.1232501335621763, 0.12324533222949109, 0.12324012741717429, 0.1232349661174975, 0.12322974660858164, 0.12322471894819777, 0.12322032946530528, 0.12321663625218843, 0.12321253826345059, 0.12320732866029703, 0.12320098298999871, 0.12319400278270823, 0.12318740039637363, 0.12318170583246663, 0.12317687732370079, 0.12317237652086653, 0.12316783382939667, 0.12307364769424484, 0.12307387887286433, 0.12307445768234002, 0.12307422758883814, 0.1230754758348178, 0.12307404228696797, 0.12307090041398058, 0.12306689719814677, 0.1230638687091691, 0.12306189202703695, 0.12306047527541458, 0.12305523991262288, 0.1230500085324039, 0.12304460302174626, 0.12303894377384904, 0.12303318408821706, 0.12302777682800779, 0.12302222417121907, 0.12301658665364971, 0.12301108456305881, 0.12300568231379273, 0.12300040593489649, 0.12299510170407214, 0.1229898997299879, 0.12298465645531569, 0.12297943898952592, 0.12297405898398832, 0.1229686514068677, 0.12296317413287229, 0.12295768999494343, 0.12295250529834224, 0.12294731276646242, 0.1229421006321715, 0.12293692870326584, 0.12293177521705832, 0.12292673459174938, 0.12292182384612543, 0.1229169674672717, 0.12291220766524477, 0.12290758634895918, 0.12290306998524102, 0.12289838484518568, 0.12289363487631261, 0.12288885379042055, 0.12287258620207897, 0.12286491851242065, 0.12285715583696497, 0.1228459961873572, 0.12283650970064096, 0.12282858894016192, 0.12277777950111181, 0.12276815309242027, 0.12275822383333942, 0.12274959144482746, 0.12274107171384548, 0.12273389053685006, 0.12272670114789977, 0.12271847295606539, 0.12271390462087992, 0.12271021630966956, 0.1227035270679616, 0.12269622455697923, 0.12268679800168426, 0.12267432171619347, 0.12268838053821841, 0.12267506206885544, 0.12266201469191663, 0.12264900220575631, 0.12263679717338971, 0.12262638724791436, 0.12261689681924325, 0.12260814232982843, 0.12259949867152332, 0.122590842703792, 0.1225820164355814, 0.12257188444578912, 0.12255987875260037, 0.12254914605460204, 0.12253844113566291, 0.12252795872424592, 0.1225176523799409, 0.12250819198200125, 0.12249873514203688, 0.12248998657333754, 0.12248108633216646, 0.12247266304921127, 0.1224647160586266, 0.12245399346692092, 0.12244411765011867, 0.12243511311862526, 0.1224268477679873, 0.12242133871068459, 0.12240983314563604, 0.12239893167410373, 0.1223899925541024, 0.12238185742734106, 0.1223741068680405, 0.12236361063334938, 0.12235359143923842, 0.12234502405875029, 0.12233689845526872, 0.1223285969789758, 0.12232052321361557, 0.12231269738757809, 0.12230472487708578, 0.12229656643768477, 0.12228948932931889, 0.1222840624819947, 0.12227878821428688, 0.12227226235947784, 0.12226439333854017, 0.12225759343598847, 0.12224871585712921, 0.1222399478562508, 0.12223134247750264, 0.12222287872673979, 0.12221460532269411, 0.12220737584476446, 0.12220108506983732, 0.12219463896580245, 0.12218787856768822, 0.12217998554874519, 0.12217298209437956, 0.12216674991398212, 0.12216131216214202, 0.12215516159295524, 0.12215375045757475, 0.12215182950547493, 0.12214914148380354, 0.12214006461098931, 0.12213143937560562, 0.12211991840278008, 0.1221074384208892, 0.1220998442119562, 0.12209286363974826, 0.12208702924926347, 0.1220812960931306, 0.1220767025373351, 0.12207255932839871, 0.1220697673894473, 0.12205878005018228, 0.12204783321979264, 0.12204409792770904, 0.12203804664084572, 0.12203013359969987, 0.12202102638882929, 0.12201436575371473, 0.12200983376995306, 0.12209099653679421, 0.12208304638444584, 0.12207655759770947, 0.1220705892965504, 0.12206594873311744, 0.12206008187848666, 0.1220524972233805, 0.12204465843512184, 0.12203754553401898, 0.12203013106603681, 0.12202201733475594, 0.12201158198801262, 0.12200136408069674, 0.12199269887781833, 0.12198621200503022, 0.12198157308957364, 0.12197293347161454, 0.12196329372522378, 0.1219551773285345, 0.12194879748806686, 0.12193634039733282, 0.1219674086531669, 0.12196445881422137, 0.12195873553200819, 0.12194872910781038, 0.1219380895952644, 0.12188676655529726, 0.12187849612838186, 0.12192503302328891, 0.1219309746379781, 0.1219308342601936, 0.12192537934273684, 0.12191679581862544, 0.12190873145291113, 0.12190109017516418, 0.12189376188479319, 0.12188699096499715, 0.1218809048566062, 0.12187570071201007, 0.12187151732537814, 0.12186699006981612, 0.1218620199680028, 0.12185671623445585, 0.12185041718840744, 0.12184406249766731, 0.12183653011761293, 0.12182733112368065, 0.12181730398761136, 0.12180677362914528, 0.12179739540828938, 0.12178786580012128, 0.12177900137315346, 0.12177085471079385, 0.12176326148851108, 0.12175631657625098, 0.12174860285239446, 0.12174369073332679, 0.12174702161202032, 0.1217397601768334, 0.12171487279740788, 0.12170464231403098, 0.12169841627685649, 0.12169582293502282, 0.12171220752741706, 0.12167412841091879, 0.12166681120929607, 0.12165720274511838, 0.12164462397355207, 0.12163458647339792, 0.12162221917296114, 0.12161468925484295, 0.12160669693837406, 0.1216000426997293, 0.12159492441443763, 0.12158365107796822, 0.12157102537261144, 0.12156012743546904, 0.12155256170614047, 0.12154864889353263, 0.12154279552522423, 0.12153377089013356, 0.12152147420179218, 0.1215121915157908, 0.12150656376257053, 0.1214962867670404, 0.12147636560437704, 0.121464132212505, 0.12145663236939969, 0.1214543333857347, 0.12145054064632216, 0.12143738292742161, 0.1214154211214582, 0.12140490317139176, 0.12139861847845582, 0.12140000963285465, 0.121397499323737, 0.12137774189865595, 0.12136500905898116, 0.12135844571789152, 0.12134761911615098, 0.12133359205415294, 0.12132799639411376, 0.1213191593775346, 0.12130430920854839, 0.1212998947927979, 0.12129239675236268, 0.12128175315317993, 0.12127794269783534, 0.12126070497582984, 0.12125137735535113, 0.12124928762528127, 0.12124309883722234, 0.12123250996084534, 0.12121771165792823, 0.12120921066326322, 0.12120500621579958, 0.12118580330373398, 0.12117446552544334, 0.12117162904170996, 0.12116118184414497, 0.12115687680034713, 0.12114949415829739, 0.12113864752698418, 0.121134560817779, 0.12113351564988063, 0.12111440708885053, 0.12110046308295455, 0.12109313030691672, 0.12109028616981878, 0.12108182567802715, 0.12106981699402618, 0.1210538929903986, 0.1210436697176272, 0.12103910287143375, 0.12102880999068785, 0.12102198250221524, 0.12101032106466114, 0.12100270824902087, 0.12099187529363876, 0.12097838746146504, 0.1209627485485801, 0.1209525212857732, 0.120948530655307, 0.1209470233142425, 0.12094420617096514, 0.12092998018180325, 0.12091474227437299, 0.12089649722280636, 0.12087821330590068, 0.12086993727656958, 0.12087092770170606, 0.12087561656784983, 0.12087941292095893, 0.12087024998732337, 0.12085016285203104, 0.12083108835986624, 0.12081972677692918, 0.12081604720758045, 0.12081807462284666, 0.12073868685766322, 0.12080692385629677, 0.12079383676411194, 0.12078155302945243, 0.12083740928963314, 0.12080806147358407, 0.12073915613183207, 0.12077437496238276, 0.12077818245868861, 0.12085538795981589, 0.12079551600657722, 0.12083995167290995, 0.12076658536649058, 0.1207334181281869, 0.12075134462766425, 0.12076901393434557, 0.1207448030017313, 0.12073814193999274, 0.12068223366464491, 0.1207346469303185, 0.12072693496460402, 0.12071019693838698, 0.12065067636875014, 0.12068306604026854, 0.12073362656158296, 0.12072831662012903, 0.12065566585360835, 0.12060347262162606, 0.12057502504109774, 0.12062447882412197, 0.12060906464706234, 0.12058433889939554, 0.1205730945929989, 0.12056773903984644, 0.12058051315322826, 0.12057181176697775, 0.12056133188205628, 0.12053047490500046, 0.12051320955567482, 0.12050283585333323, 0.12050216638319725, 0.12048616844042372, 0.12047137106840146, 0.1204601110594834, 0.1204540543708953, 0.12045063349372995, 0.1204437809569055, 0.12043563789609771, 0.12042922643292586, 0.12042399036201243, 0.12042578586274763, 0.12043107468092079, 0.12046003347462818, 0.12041682313373904, 0.12040635733582006, 0.12037605616843759, 0.12040865471751454, 0.12040552238666112, 0.12039493298889678, 0.12038837879802551, 0.12037299759746771, 0.12035141329272349, 0.12033687044827487, 0.12032925836362961, 0.12032523735776283, 0.12032436698723098, 0.12030850857398012, 0.12028505634045947, 0.120270545288992, 0.12025658705145258, 0.12025152437933162, 0.12024898257179582, 0.12024668533363014, 0.12023789197268007, 0.12023489045782694, 0.12023119364518053, 0.12022104734938624, 0.12023735638061632, 0.12023327296877473, 0.12021264994619539, 0.12023791670157478, 0.12022513780152462, 0.12021817144116524, 0.12021385637140708, 0.12024429044015122, 0.12024289765712413, 0.12024001294842922, 0.12023999683285762, 0.12022713581030503, 0.12021422059237687, 0.1202095783305892, 0.1202089388006463, 0.12018577697238197, 0.12017272310503917, 0.1201321171015442, 0.12011982729524115, 0.12010100159104965, 0.12009553554961613, 0.12009964101598335, 0.12008444479649862, 0.12005790030731274, 0.12006218344623344, 0.12005257321964846, 0.12001283810579988, 0.12000842363561687, 0.12002502012661834, 0.12001867256543125, 0.11998111778795127, 0.11996713812366165, 0.11994731479678453, 0.11993805845250947, 0.11998685193177132, 0.11998974536347028, 0.11993775108423273, 0.11997597625291415, 0.11994577653330542, 0.11993325512654773, 0.11993236857485053, 0.1199269358464314, 0.11991249209074346, 0.11991067608690834, 0.11991427565997133, 0.11989757907376007, 0.11990012090057994, 0.11989460636239348, 0.11988219838694487, 0.1198823610005002, 0.11977565850957533, 0.11976012426836956, 0.11975219686717313, 0.11974789513173473, 0.11973708333736116, 0.11971888729049313, 0.11970193121223673, 0.11969746124694038, 0.11968564498666275, 0.11967473330333266, 0.1196717213866278, 0.11965978084208909, 0.11964843068656393, 0.11964047394497528, 0.11963363913368884, 0.11963310487942436, 0.11962194368648392, 0.11961818821078492, 0.11960544755162492, 0.11960193547724014, 0.11959011273192612, 0.11957525257268493, 0.11956490294241728, 0.11956683600110353, 0.11956362911397968, 0.1195606080181757, 0.11954834926814714, 0.11953741312016204, 0.11953159991817114, 0.11953011921748372, 0.11952887866976375, 0.11952595614429376, 0.11951630862108868, 0.11957797128567683, 0.11956740852797466, 0.11949337152262557, 0.11948283243347248, 0.11951627891376031, 0.11947881836496689, 0.11947080011511514, 0.11944966140377357, 0.11943622020523917, 0.11942370544742933, 0.11941150049363759, 0.11939466338134735, 0.11943936027628016, 0.11942948095758918, 0.11941718125631579, 0.11940469330827584, 0.11939544154017297, 0.11938885123821748, 0.11938461291779343, 0.11937959488513257, 0.11937810392201591, 0.11926363879804282, 0.11931617247708108, 0.11930940454388703, 0.11930226752624461, 0.11929356782514516, 0.11928389927743183, 0.11927382922201811, 0.11926345201569886, 0.11925275750396427, 0.11924332241644008, 0.11917215921460196, 0.11916308349286978, 0.11915242206995864, 0.11914367889911194, 0.11913681305335745, 0.11918999349231445, 0.11918451641209814, 0.11917652969083098, 0.11917115074487696, 0.11916342296862452, 0.11915761896381358, 0.11915853946572286, 0.11915228425977163, 0.119145162241215, 0.11913670754348925, 0.11913193333989587, 0.11913018743979996, 0.11912911445272431, 0.11912631596790112, 0.1191189250123136, 0.11914670023775903, 0.11913760984493993, 0.11909519213151035, 0.11908247872493498, 0.11907330558091718, 0.11906925048262132, 0.11909254198964936, 0.1190860122255359, 0.11907894428889522, 0.11907169177730484, 0.11906511475021152, 0.11906107209735974, 0.11907459143644167, 0.1190616400721904, 0.11905531396082981, 0.11903264558919852, 0.11902465553510871, 0.11901757208802953, 0.11901970740865365, 0.1190281018386345, 0.11903716981419672, 0.11901015841529182, 0.11897626312691952, 0.11896998339333549, 0.11895606779404848, 0.11896830244852429, 0.1189038432607103, 0.11889255809256381, 0.11894427366311953, 0.11893369665135799, 0.11896747633394326, 0.11894749725085427, 0.11889015641405627, 0.11888616168309518, 0.11889428398586145, 0.11887342758058995, 0.11891517701506203, 0.11889363220062017, 0.11884612023159087, 0.11886872063924742, 0.11887479198911065, 0.11871243633213481, 0.11870146478845957, 0.11869525080556254, 0.11874714939849956, 0.11873736671213168, 0.11875640492502591, 0.11874167793234314, 0.11876180377156804, 0.11876806985042482, 0.11875421324148853, 0.11874345115843027, 0.11873721207982141, 0.1186613396378004, 0.11864447185934938, 0.11863284951919958, 0.11862365991248335, 0.11868960035643711, 0.11860495427020036, 0.11866826516351052, 0.11865356520948477, 0.11863531088917666, 0.1186173620562627, 0.11859754966728522, 0.11857648154676109, 0.11855919610191035, 0.11856490619560228, 0.11849944155339087, 0.11848238526941542, 0.11850600376383906, 0.11848123237486452, 0.11848199626769755, 0.11849655219283596, 0.11848024653449403, 0.11843967572091105, 0.11838517735096059, 0.11836401358725125, 0.11835735341188296, 0.11839960418731775, 0.11843069809509155, 0.11839716767467635, 0.11832991048755379, 0.11830128792115958, 0.11829228447000918, 0.1183074775376778, 0.11831334107250978, 0.11828960969566284, 0.11822721496755619, 0.11821111114653583, 0.11819716565097121, 0.11822367984351825, 0.11823090911821267, 0.11821202545141855, 0.11815021909695168, 0.11813920559632357, 0.11812902694687928, 0.11811587864234664, 0.11810228621358704, 0.11813242710928623, 0.11811644852417678, 0.11809716137979288, 0.11806623532047905, 0.11805749964008228, 0.11804921810172782, 0.11804202695567124, 0.11803810335825075, 0.11803020853904683, 0.11801693090004108, 0.11800699210284984, 0.11799685861733548, 0.11798370412552077, 0.11797099736655334, 0.11795759877614698, 0.11795441095907083, 0.11795194474059785, 0.11794294308405283, 0.11792817517016681, 0.1179119707933709, 0.11790358522247574, 0.11789480467775272, 0.11788217545912687, 0.11787061031077047, 0.11788685306680101, 0.11785918411344683, 0.11783192559609573, 0.11782584829810894, 0.11781565753728027, 0.11780374429438173, 0.11779688275046853, 0.11779221218170774, 0.1177865962776754, 0.1177770012741677, 0.11776617768039604, 0.11775446640437547, 0.11774424070246675, 0.11773370018635, 0.11772197315208435, 0.11770791748565451, 0.11769513435643092, 0.11768975541499213, 0.1176879741985291, 0.11767584038039279, 0.11766386307455613, 0.11765228954605779, 0.11764362859519385, 0.11763398313736197, 0.11761717890070722, 0.11761318051375452, 0.11760171569382843, 0.11759694956153945, 0.11759521822610078, 0.11758173972993212, 0.11756851867320152, 0.11755542486982229, 0.1175443262588427, 0.11753313906896685, 0.11752026457755277, 0.11752972263389298, 0.11754216769325043, 0.11750063087804269, 0.11743915826705621, 0.11744848549464065, 0.11741929232924976, 0.11746217550482539, 0.11743422436791856, 0.11745252536916523, 0.11738323285483104, 0.11739954741459621, 0.11736292607372331, 0.1173585295933527, 0.11736834032350753, 0.11735245906843117, 0.11732233451417788, 0.11735207311203942, 0.11730055038460967, 0.11729366457310682, 0.11730466874603179, 0.11727684537000184, 0.11725331527716948, 0.1173096312212054, 0.11723138243754877, 0.11724284906145174, 0.11722974890729021, 0.1172009580576682, 0.11719247476559187, 0.11718923537741611, 0.11719254510307868, 0.11717371281869583, 0.11716102238151425, 0.11715122386080079, 0.11713880989483264, 0.11712602533172807, 0.11711570698472694, 0.11710691823748066, 0.1170975580210023, 0.11708996732503257, 0.11708115829193524, 0.11706936471988821, 0.1170593970241408, 0.11705067271535818, 0.11704520840893609, 0.11703161203840741, 0.11701908624759491, 0.11700920311837458, 0.11701058371481242, 0.11700452090579207, 0.1169781416516077, 0.11697821372263352, 0.11697289217337428, 0.11696603210166216, 0.11695751603717525, 0.11694365874785963, 0.11693013641542463, 0.11691482179411337, 0.11689813885091378, 0.11687959195519858, 0.11688526468586949, 0.11687579032528159, 0.11686553288726015, 0.11688480016498608, 0.1168311763878856, 0.11682947185379183, 0.11683048353729793, 0.11682513653585597, 0.11681341986100652, 0.11680024889257745, 0.11678428808675867, 0.1167669762729653, 0.11675107062851717, 0.11678485467805756, 0.11678103997167938, 0.11672051344519875, 0.1167170228884416, 0.11670991776919903, 0.1167028966724469, 0.11669392547396917, 0.11667897202063085, 0.11666736141507467, 0.11664099747257745, 0.11666074430743056, 0.11665135857495873, 0.11663302713026641, 0.11662356269340818, 0.11661513855295676, 0.1166143463438085, 0.11659395191255406, 0.11658166653099968, 0.11657679522227869, 0.11657610234209588, 0.11655851029760828, 0.11653029818973204, 0.11652069476052156, 0.11651126219437745, 0.11651653523837187, 0.11650247282105114, 0.11647974958302582, 0.11643870619368238, 0.11646692114316269, 0.11646971265677761, 0.1164391433760502, 0.1164603996294483, 0.1164414386866842, 0.11640190887714223, 0.1164064616218412, 0.11640676066446237, 0.11639805203523713, 0.1163836260223182, 0.11635192980075364, 0.11636487471250642, 0.11631401096956441, 0.11633737859623236, 0.11632621344851243, 0.11629509051826359, 0.11628727912453055, 0.11626616376026087, 0.11626342889704962, 0.11626576545702258, 0.11625659313046116, 0.11624428487157297, 0.11623437347999271, 0.11622816888737138, 0.11623385599549195, 0.11622566297772717, 0.11618180507421516, 0.1161695001297025, 0.11615622339376964, 0.11609464900295997, 0.11607715778695983, 0.11606033625389879, 0.11604256925011036, 0.11602869201700104, 0.11601784020335176, 0.11607429602267154, 0.1159999598502402, 0.11604569609182064, 0.11602577346584257, 0.11595382104552993, 0.11605494080069385, 0.11603535291488139, 0.11589782569511002, 0.11588280382042676, 0.11600283160174461, 0.11599692599932553, 0.11591867394253698, 0.11584452471474044, 0.11593906279416678, 0.11593642203576399, 0.11590621876856302, 0.11579018099877449, 0.11583842981455925, 0.11593651864414557, 0.11584080600909968, 0.11573748329786702, 0.11578991950281975, 0.11585986329776041, 0.11584738957611922, 0.11575171448500439, 0.11573532714243201, 0.11574303057703862, 0.11582914045160825, 0.11579476352959275, 0.11568073020256418, 0.11566210747606703, 0.11573529200088016, 0.11576139040996679, 0.11569512988871891, 0.11561481110136079, 0.11570379089351332, 0.11571806514889765, 0.11563729396570861, 0.11555020850146454, 0.11561048618684029, 0.11570367207413222, 0.11556584529354891, 0.11550329880927451, 0.11559443254913392, 0.11561836947844602, 0.11554382171283371, 0.11546451957950822, 0.11556499513885334, 0.11552904700876931, 0.11554740514697125, 0.11541505263482353, 0.11540026763066988, 0.11554875507963924, 0.11552294013983015, 0.11534725439407109, 0.11532888637746956, 0.11545645262610188, 0.11546130082109646, 0.11535254306502606, 0.11537876005834087, 0.11539060494727028, 0.1153501684072765, 0.1152709140590257, 0.11536783237017877, 0.11540044992400735, 0.11524177984074667, 0.11520066178306813, 0.11525588067360143, 0.11529456783311766, 0.11536769588571814, 0.1151897018924798, 0.11516469665666351, 0.11528379246993424, 0.11518785256084615, 0.1151079846657348, 0.11520612119938446, 0.11524128858706453, 0.11509367975916063, 0.11515804004182385, 0.11518141901312746, 0.11514685764595053, 0.1150507253877258, 0.11514830545564227, 0.11507724950664294, 0.11506317345454536, 0.11502912959995885, 0.11496841233831598, 0.11504580484215672, 0.11514049210158307, 0.11498974356012824, 0.11495819304822306, 0.1150369739795381, 0.11492514029487239, 0.11494332990813794, 0.11496022789500442, 0.1149165709451354, 0.1148602407147477, 0.11499926853616828, 0.11494586190935387, 0.11479886914861524, 0.11477379774548008, 0.11494402778521895, 0.11477952403254874, 0.11475412457876696, 0.11491238770568968, 0.11492811718625266, 0.11472259135820474, 0.11470073194943797, 0.11482501503297454, 0.11483733012510568, 0.11467055262993525, 0.11466208525822137, 0.11484437791583253, 0.1147484052755341, 0.11462505317221973, 0.11460351936842769, 0.11473876187447245, 0.11462401341948304, 0.11454934360184464, 0.11465663450153496, 0.11470113215817063, 0.11458356323029567, 0.11453700287632752, 0.1146831030240416, 0.11449691916805227, 0.11448186679575835, 0.11461938507309237, 0.11447358582232409, 0.11451501030373112, 0.11451968321109852, 0.11445877896857465, 0.11451875486956423, 0.11442596668516587, 0.11451972347003929, 0.11439094988570782, 0.11445584090998508, 0.11435904718315136, 0.1144595120050589, 0.11435826908452382, 0.11434180174339285, 0.11439110462631277, 0.11429606998444379, 0.11435974837506596, 0.11440932742429423, 0.11423931046014277, 0.11422726450095619, 0.11436502247722471, 0.11428113004207613, 0.11422943696350077, 0.11427702780323794, 0.11442906787022196, 0.1142126025818869, 0.11419249900819393, 0.11436011958399585, 0.11417363234132055, 0.11411834919248137, 0.11423475785453223, 0.11419498008825925, 0.11413515076209797, 0.11405465721013233, 0.1142857960705308, 0.11405093294137095, 0.11405869603611762, 0.11419802953519662, 0.11405755679963096, 0.11403842201360387, 0.11414846236052352, 0.11398393457360827, 0.11398386369413306, 0.11410778757905214, 0.11396908150153831, 0.11393646118641941, 0.11411506681871778, 0.11403837681555234, 0.11389290981415923, 0.1138830581578212, 0.11397898436043889, 0.11399996367128774, 0.11386167579360616, 0.11397575406185659, 0.11407666887754875, 0.1138524031463441, 0.11380614412440936, 0.11419149140478123, 0.11381415674061932, 0.1138232234532342, 0.1138824571977784, 0.1138485664241125, 0.11385697719650521, 0.1138947853088263, 0.11417796635568235, 0.1137562090327009, 0.11373127365570417, 0.11411630695566627, 0.11371133705820763, 0.11370764959188664, 0.11392945035521013, 0.11373556484203333, 0.11371514849474856, 0.11379670403833257, 0.11382539601509167, 0.1138164703041034, 0.11368362731376513, 0.11396735369202758, 0.11367184439322803, 0.11362593642649185, 0.113991720968809, 0.11363980364112973, 0.11360493944118238, 0.11354883564561606, 0.11362831368904897, 0.11355871235097928, 0.11353042770735482, 0.11357167536775407, 0.1134329802768561, 0.11351261514477416, 0.1135527860028413, 0.11349450821796073, 0.11347653417575794, 0.1134594603342589, 0.11335469563000697, 0.11346465125889905, 0.11338760148097221, 0.11331035557488728, 0.11359918168545945, 0.11337572256475557, 0.11333637752294935, 0.11361136821824545, 0.1133845519594643, 0.11337692488045557, 0.11336881169629019, 0.1134668772237084, 0.11334435227972076, 0.11330991493532504, 0.11341536435243854, 0.11334657514762339, 0.11318655285667324, 0.11334411993968894, 0.11327478026263868, 0.11320679958690688, 0.11318294951221967, 0.11315246019872861, 0.11320006735377142, 0.11337130249543259, 0.11333894238677883, 0.11306057942355013, 0.1137610852543686, 0.11324223392219909, 0.11331623093581879, 0.11350965762658927, 0.11304075999910337, 0.11315613795935527, 0.1132252982391916, 0.11303511370605697, 0.11301907114820145, 0.11313860013974596, 0.11313066611057353, 0.11305740181926058, 0.11294771871089582, 0.1132017572017471, 0.11313415160421764, 0.11297424547901395, 0.11346420800362894, 0.11295043398357735, 0.11301786235015775, 0.11313058313248665, 0.11290871302138142, 0.11291150882889714, 0.11316161049590166, 0.11287722218413765, 0.11290855430042775, 0.11304551250736909, 0.11285865187321041, 0.11288909445254709, 0.11305515342001943, 0.11294250013051688, 0.11289027742222207, 0.11326523874754434, 0.11324958691123534, 0.1130018936048069, 0.11369353592220369, 0.11329355814203863, 0.11319933787037395, 0.11330126477977641, 0.11263042075111675, 0.11277481466246299, 0.1125666124407915, 0.11279494797171856, 0.11299848163189875, 0.11273237312230565, 0.11331244476455683, 0.11317663404901314, 0.11297236820307574, 0.11352529953883264, 0.11292443070461204, 0.11289698848478173, 0.11309678213144596, 0.11252038848776126, 0.11255864736156153, 0.1127443341014108, 0.11271973201356561, 0.11250686058150325, 0.11306997499843373, 0.11283712651458527, 0.11272842054409243, 0.1131698564011443, 0.11297015355015234, 0.11282108718495372, 0.11317574267503314, 0.11292047597504631, 0.11281675503067716, 0.11310811236288537, 0.1124711211814061, 0.11249820577435289, 0.11267161892841981, 0.11234785550052954, 0.1123396705636516, 0.11259298274678241, 0.1124734012640361, 0.1122872162065582, 0.11293233165726066, 0.11309774186390252, 0.11275894472837775, 0.11333777376902111, 0.11333494853748237, 0.11325195188081617, 0.1128818158951267, 0.1121755429380381, 0.11229943785932622, 0.11232152047346787, 0.11223928426807749, 0.11215839487865917, 0.11246832953880101, 0.11257099910006665, 0.11224116995880795, 0.1130341832538183, 0.11304430704490166, 0.11291950195186277, 0.11292210476709377, 0.11235836577913778, 0.11229692827988913, 0.11263439355932697, 0.11255332664345324, 0.11237725665098477, 0.1128973148764524, 0.11255025561232666, 0.11252739813019956, 0.11259298830347482, 0.11226296329800661, 0.11216668829656844, 0.11262373667331071, 0.11258658662599062, 0.11250277905973824, 0.11282111961237007, 0.1123160736244131, 0.11228933419847988, 0.1125926092080982, 0.1123422505253497, 0.11217459737436802, 0.1127129779882711, 0.11243160192494438, 0.11222706293710893, 0.11269454141362086, 0.112266361551687, 0.11217373913345373, 0.11247989187505433, 0.11204994932317663, 0.11208770076333906, 0.11216540022576482, 0.1118774612597138, 0.11168487876281485, 0.11195944084674402, 0.11202538230883476, 0.1116506474313379, 0.11224527270262243, 0.1126276860358701, 0.1122411373089436, 0.1130394165321492, 0.11329664932040694, 0.1133731701917684, 0.11217005135081769, 0.11154118700797035, 0.11194575581269245, 0.11151419008901226, 0.11177407524974652, 0.11171133455095066, 0.11146334915242657, 0.11201665538241601, 0.11216333275882526, 0.11179196449731382, 0.11294277656063169, 0.11399868680987192, 0.11425508384650368, 0.11177046140998131, 0.11288003387719377, 0.11530294848487864, 0.11651925890371366, 0.11157608761472351, 0.13278131939256632, 0.1449173270897336, 0.18441214796150937, 0.2086919943330444, 0.2092377076196432, 0.19081350150234302, 0.1659350482598036, 0.14470351952305913, 0.1333412022652314, 0.1325255048303748, 0.13961278177035127, 0.1502617614199415, 0.1582876677724438, 0.15972332295751784, 0.15463132762479725, 0.1460147359483922, 0.13777739335608793, 0.13268211582430584, 0.1313113084108344, 0.1331597579507313, 0.13672208100165897, 0.1400421080931335, 0.1418699558851283, 0.14141789260893803, 0.13922307206181841, 0.13623552163111574, 0.13340818767341425, 0.13167336305538974, 0.1312664467874872, 0.13175878652997694, 0.1327155784756032, 0.13347267579485517, 0.13399608794013146, 0.13389152998398515, 0.13321197126961085, 0.13230654929257868, 0.1313625497225368, 0.13046110580995765, 0.13000991371058043, 0.12994313632564353, 0.13000370520017626, 0.13011458999697267, 0.13008808512863698, 0.12975470853772672, 0.12910418728350184, 0.12817487787552712, 0.12715767139504133, 0.1260373519389257, 0.12508969586909166, 0.12393766778805912, 0.12261656160377621, 0.12180653514686698, 0.12225826723175928, 0.11944172438983904, 0.11776106676840445, 0.11738286906046475, 0.11685402163513622, 0.11522745649821844, 0.11328268023733204, 0.11491007792481156, 0.11246841286248827, 0.1137571105623003, 0.11295770127968704, 0.11198408110941087, 0.11356077914558917, 0.11300601258575523, 0.11444598053388252, 0.11230497551111586, 0.11533665731213358, 0.11299504057311434, 0.11497273693876499, 0.11278513111961579, 0.11524985456759725, 0.11282587166121781, 0.11430122083691674, 0.11210983660013928, 0.1148453148098468, 0.11287312607432916, 0.1144831393696279, 0.11201540743159293, 0.11403557636374938, 0.11192338280798596, 0.11345759269830863, 0.11212193957428808, 0.11250792167301293, 0.11171556867562965, 0.11220794088897824, 0.1123491186014624, 0.1115426778961405, 0.11251818585330522, 0.1117548958477192, 0.11241913452473389, 0.11174661866677628, 0.11196639875278253, 0.1116396055923648, 0.11207849588824823, 0.11200653453483743, 0.11151371576568474, 0.11203630471026728, 0.11156665077738279, 0.11201965513953871, 0.11123352347215235, 0.11202646010755107, 0.11125259813953625, 0.11195195342989489, 0.11124078204688854, 0.1121833004613911, 0.11121451656769525, 0.11181460460364728, 0.11115138300073699, 0.11180633443114502, 0.11122788244592323, 0.11161668689833587, 0.11102688034416365, 0.11179176130537528, 0.1111738755314617, 0.11151312358220465, 0.11097987313092114, 0.11184068238685713, 0.11131031433380696, 0.11138235459162303, 0.11107315048408237, 0.11152290619008585, 0.11140053978512059, 0.11138070312882839, 0.111348303412112, 0.11102584457342851, 0.111267125739273, 0.11106125404861299, 0.11128334517398093, 0.11081982213353105, 0.11097708818973405, 0.11078734728757246, 0.11086598623294043, 0.11085823303858972, 0.11078087680350679, 0.11081349637509548, 0.11093480554737849, 0.1108000240260189, 0.11081345353743349, 0.11080092567579584, 0.11087009245408877, 0.11065740501618179, 0.11112742566789567]