Model Setup for Atypical Patient 10:
ITERS=200
LEARNING_RATE=0.001
OPT_RESET=500
ATOL=1e-09
RTOL=1e-07
METHOD=dopri5
Input channels=2
Hidden channels=40
Output channels=2
Runtime=1380.493187904358Optimizer=Adam (
Parameter Group 0
    amsgrad: False
    betas: (0.9, 0.999)
    capturable: False
    differentiable: False
    eps: 1e-08
    foreach: None
    fused: None
    lr: 0.001
    maximize: False
    weight_decay: 0
)Loss over time=[305.7320426015033, 236.84251046194277, 178.60933024131336, 131.67654660741664, 95.61796962116021, 71.01985437000894, 57.2091253639981, 53.31442943436477, 55.480445314729735, 61.01817754863187, 67.57788320909123, 73.04312941102408, 76.07528523894884, 76.28711404271203, 74.03461317549313, 70.11257839832909, 65.44612725253629, 60.89762079373029, 57.13150879902287, 54.54992342699375, 53.30628781467483, 53.327235493793005, 54.30032762522516, 55.737516665476164, 57.14831207283411, 58.1722593857485, 58.62047197357572, 58.44173759257682, 57.742602078613025, 56.70963699324813, 55.560961881802854, 54.50656705983639, 53.7127048254395, 53.26817125032941, 53.175658648095435, 53.36244620401658, 53.711122943988286, 54.09552803230802, 54.408167333789756, 54.57599522726273, 54.56826689055538, 54.39833854308352, 54.11693892106486, 53.79548323756603, 53.503872325911516, 53.292391723923096, 53.18393204871095, 53.1754393890875, 53.244030929246165, 53.35399290422405, 53.465314297382335, 53.543683596593745, 53.56936029462275, 53.540150066680944, 53.46914037639901, 53.37689675174004, 53.28548586269681, 53.213505749249535, 53.17275976260821, 53.16577821121279, 53.185847423229795, 53.220180504441274, 53.25459369591454, 53.27820055052751, 53.28504924760672, 53.27453173662233, 53.25063816649912, 53.220664040054565, 53.1927004879797, 53.173087601739574, 53.16471940613524, 53.16674301275593, 53.17578685180297, 53.18738507372307, 53.19721568287107, 53.20192543477449, 53.20036345724909, 53.19356609405176, 53.18403467080507, 53.17457729980755, 53.167505256440535, 53.16403089023137, 53.164208664869115, 53.167242630047944, 53.171181467820034, 53.1744331807573, 53.17587788531198, 53.17521644644921, 53.17272124500193, 53.169546854663324, 53.16638644488748, 53.16412563552314, 53.16329359904155, 53.16360211019241, 53.164844539396924, 53.166022668145814, 53.16688368167872, 53.16710658153629, 53.1665810810208, 53.16545228913616, 53.16422451094693, 53.16323609485882, 53.16266627544594, 53.16258943359898, 53.16288030786756, 53.16331400191859, 53.16365218524053, 53.163756382840724, 53.16359673633219, 53.16318169829457, 53.162715715313055, 53.16226713178476, 53.16198476397833, 53.16189205859082, 53.1619421570406, 53.16204808367119, 53.162127758398626, 53.16212155525663, 53.1620091304572, 53.1618127415275, 53.1615841217503, 53.161378563840096, 53.161230640168924, 53.161145736718254, 53.16110392018979, 53.16106600639691, 53.16116007944071, 53.16102154759382, 53.16091903558706, 53.160718756380014, 53.160606643952065, 53.16043165448568, 53.160309069175604, 53.16018475823712, 53.16008963757992, 53.159996186378386, 53.1599011328348, 53.1598129366672, 53.15969721039439, 53.159564406881735, 53.159388768579966, 53.15924801377932, 53.158988993846414, 53.15885670648606, 53.15871560963932, 53.15867648801624, 53.15852022262649, 53.15829333000172, 53.15809941350935, 53.15775379781046, 53.15712088953508, 53.156660170614416, 53.15628032023869, 53.15575009055048, 53.155555292064165, 53.15535745121197, 53.15512856663093, 53.15470341565228, 53.15414971543237, 53.15357396565618, 53.153185033004824, 53.152607976680656, 53.15228325413456, 53.1516528801206, 53.15120720865102, 53.15058511637393, 53.14990443824279, 53.149133776969805, 53.14849005360861, 53.147556855156836, 53.14698954239756, 53.14619300722395, 53.145442683615286, 53.144654861813976, 53.143647593487685, 53.14271251796198, 53.141712891141054, 53.14066501496102, 53.13967524568245, 53.138558105904295, 53.13724186182685, 53.13589997466776, 53.13451449016179, 53.13299870129458, 53.13178360026224, 53.13007029586683, 53.128342971992986, 53.12662084914711, 53.12465483293543, 53.12258038677864, 53.11865193285247, 53.11155766142487, 53.10908482428226, 53.1070310849544, 53.10428926806955, 53.10080347149632, 53.09663464268705, 53.09253474595781, 53.08843054558908, 53.0837778431146]