Model Setup for Atypical Patient 1:
ITERS=1000
LEARNING_RATE=0.001
OPT_RESET=None
ATOL=1e-07
RTOL=1e-05
METHOD=dopri5
Input channels=2
Hidden channels=20
Output channels=2
Runtime=83.66117572784424
Optimizer=Adam (
Parameter Group 0
    amsgrad: False
    betas: (0.9, 0.999)
    capturable: False
    differentiable: False
    eps: 1e-08
    foreach: None
    fused: None
    lr: 0.001
    maximize: False
    weight_decay: 1e-06
)Loss over time=[186.48346593845625, 177.82763797924702, 169.31150122342956, 161.55121612986684, 153.99227183421388, 147.19732481250387, 140.4995503229898, 134.1024132908441, 127.8370112581627, 121.65415407154056, 116.21338906700363, 110.81252966244274, 105.68493748599029, 101.18858021183645, 96.20542023516009, 91.83093955188637, 87.68554275239333, 83.75804129873394, 80.03746591696579, 76.51314019407022, 73.17473906376473, 70.01231040617218, 67.01631285313347, 64.17761636932453, 61.487504804250506, 58.937697475699764, 56.52034176144891, 54.22798754149154, 52.05358561727412, 49.99047304317571, 48.03235664084611, 46.1732907072645, 44.40766604574366, 42.730196255392045, 41.135888517346594, 39.6200396402747, 38.17822349985797, 36.806274728853516, 35.5002695749945, 34.256514369460085, 33.071535017219794, 31.942063787943233, 30.865026932910837, 29.837533973225163, 28.856864404283275, 27.92045815445816, 27.025907226096447, 26.17094654036159, 25.353444801867525, 24.57139710104061, 23.82291644542421, 23.106225353358024, 22.41965165320764, 21.761621515607413, 21.130653134114965, 20.525351569851583, 19.94440336286834, 19.386571565356483, 18.850691151584524, 18.33566352311702, 17.840453296549775, 17.364084513573154, 16.905636960818107, 16.46424272607692, 16.039082975222325, 15.629384935299715, 15.234419070303856, 14.853496437667149, 14.485966295248238, 14.131213621270309, 13.78865703013801, 13.457746722210986, 13.137962416254094, 12.828811757940061, 12.529828708956268, 12.240571973664032, 11.96062321553611, 11.689585987729076, 11.427084467286619, 11.172762235387205, 10.926281135471188, 10.687320204055759, 10.455574669401962, 10.23075501352854, 10.012586093374956, 9.800806317210643, 9.595166872603631, 9.395431002611561, 9.201373326981473, 9.012779205413972, 8.829444140135818, 8.651173220765877, 8.477780647660797, 8.309089090523845, 8.14492927227185, 7.985139592382865, 7.829565714888673, 7.678060181093111, 7.530482045508086, 7.386696533506359, 7.246574719291228, 7.109993222878294, 6.976833924871688, 6.846983703516798, 6.720334175102431, 6.596781448532397, 6.476225909259003, 6.358572007415661, 6.243728057955375, 6.131606052069849, 6.0221214791883035, 5.915193158901588, 5.81074308220012, 5.708696261454683, 5.608980588606233, 5.511526701057142, 5.416267854833617, 5.323139804528182, 5.232080689997702, 5.143030935933127, 5.05593312529038, 4.970731916663377, 4.887373963592189, 4.805807808251598, 4.72598381313739, 4.6478540813220866, 4.5713723833656115, 4.496494086629932, 4.4231760879356266, 4.351376749560214, 4.2810558383900945, 4.212174468049311, 4.144695043839304, 4.078581210334774, 4.013797801487923, 3.9503107931048977, 3.888087257565702, 3.827095320666115, 3.7673041204677387, 3.7086837685358374, 3.6512053146514334, 3.594840704723099, 3.53956274969983, 3.485345093789652, 3.432162183303748, 3.379989236880037, 3.328802217015847, 3.278577802843354, 3.2292933640851555, 3.1809269361310935, 3.133457196180487, 3.0868634403972908, 3.0411255620283772, 2.9962240304382095, 2.9521398710153375, 2.9088546459089533, 2.8663504355558334, 2.8246098209598243, 2.783615866689054, 2.743352104556849, 2.7038025179568455, 2.664951527643731, 2.6267839761278706, 2.5892851120979894, 2.552440579255211, 2.516236403501045, 2.4806589805848973, 2.445695064223656, 2.4113317546725495, 2.3775564877277016, 2.3443570241410967, 2.3117214394302494, 2.2796381140654844, 2.2480957240186847, 2.217083231658069, 2.1865898769743657, 2.156605169124387, 2.1271188782789645, 2.0981210277633005, 2.069601886473987, 2.0415519615656352, 2.013961991394399, 1.9868229387081506, 1.9601259840731446, 1.9338625195278096, 1.9080241424546074, 1.8826026496612798, 1.8575900316627205, 1.832978467159048, 1.8087603181627794, 1.7849281240724089, 1.761474596573627, 1.738392615248191, 1.7156752229068324, 1.693315621074936, 1.6713071656251761, 1.6496433625516678, 1.6283178638802476, 1.607324463709935, 1.5866570943806104, 1.5663098227623857, 1.5462768466620924, 1.5265524913427582, 1.5071312061518292, 1.4880075612543784, 1.4691762444674223, 1.4506320581917571, 1.4323699164379329, 1.4143848419430074, 1.396671963376311, 1.3792265126247847, 1.3620438221651214, 1.3451193220525584, 1.3284485384303515, 1.3120270905973743, 1.2958506886782268, 1.2799151313617612, 1.2642163037057388, 1.248750175005393, 1.2335127967237673, 1.21850030048175, 1.2037088961058364, 1.189134869731763, 1.174774581962054, 1.1606244660758633, 1.1466810262893292, 1.132940836064791, 1.1194005364678683, 1.1060568345798076, 1.0929065018538509, 1.0799463726616052, 1.0671733428577765, 1.0545843683507445, 1.0421764637121849, 1.0299467008244745, 1.0178922075647001, 1.0060101665241568, 0.9942978137622269, 0.9827524375935546, 0.9713713774075646, 0.960152022519236, 0.9490918110502817, 0.9381882288397437, 0.9274388083831401, 0.9168411277993161, 0.9063928098241575, 0.8960915208303699, 0.8859349698725878, 0.8759209077522285, 0.8660471261158041, 0.8563114565713629, 0.8467117698271797, 0.8372459748523096, 0.8279120180583553, 0.8187078825017629, 0.8096315871041714, 0.8006811858955555, 0.7918547672757722, 0.7831504532933306, 0.7745663989419529, 0.7661007914686155, 0.7577518497087805, 0.7495178234349762, 0.7413969927191808, 0.7333876673106894, 0.7254881860290808, 0.7176969161717367, 0.7100122529356182, 0.7024326188528015, 0.6949564632449782, 0.6875822616711571, 0.6803085154109136, 0.6731337509520218, 0.6660565194887917, 0.6590753964326849, 0.65218898092969, 0.6453958954052005, 0.6386947851019975, 0.6320843176345187, 0.6255631825549001, 0.6191300909416085, 0.6127837749659686, 0.6065229874864426, 0.600346501651861, 0.5942531105135255, 0.5882416266460365, 0.5823108817904223, 0.5764597264742086, 0.5706870296458935, 0.5649916783412127, 0.5593725773465551, 0.5538286488708967, 0.5483588322165386, 0.5429620834618889, 0.5376373751511494, 0.5323836959907434, 0.5272000505524198, 0.5220854589767474, 0.5170389567020828, 0.5120595941788443, 0.5071464365971081, 0.5022985636199994, 0.4975150691227377, 0.49279506093719794, 0.4881376606018458, 0.4835420031169308, 0.47900723670480344, 0.4745325225752264, 0.4701170346955681, 0.4657599595657688, 0.4614604959979445, 0.45721785490604144, 0.45303125908471187, 0.44889994300588615, 0.44482315261650046, 0.4408001451396082, 0.43683018887954683, 0.43291256302746234, 0.4290465574718425, 0.425231472630138, 0.4214666192626849, 0.41775131830447804, 0.41408490068188203, 0.410466707143982, 0.40689608809720973, 0.40337240344318376, 0.3998950224024217, 0.39646332339454615, 0.39307669386640426, 0.38973453014213316, 0.38643623727612497, 0.38318122890884326, 0.3799689271284294, 0.3767987623282376, 0.3736701730708432, 0.3705826059546497, 0.36753551548304186, 0.3645283639360277, 0.3615606212443874, 0.35863176486629067, 0.3557412796660355, 0.3528886577950468, 0.3500733985751184, 0.34729500838382193, 0.34455300054206434, 0.3418468952037221, 0.33917621924732794, 0.3365405061697507, 0.3339392959818363, 0.33137213510596336, 0.3288385762754733, 0.3263381784359357, 0.32387050664820993, 0.32143513199690604, 0.319031631489982, 0.31665958797028043, 0.3143185900254069, 0.3120082318991637, 0.30972811340461953, 0.3074778398387496, 0.30525702189859644, 0.30306527559891633, 0.3009022221912892, 0.29876748808464015, 0.2966607047671758, 0.29458150872967515, 0.29252954139013293, 0.2905044490197082, 0.28850588265743693, 0.28653349806489975, 0.2845869556422459, 0.2826659203591508, 0.2807700616869578, 0.2788990535319878, 0.2770525741699856, 0.275230306181685, 0.27343193638947544, 0.2716571557951335, 0.2699056595186138, 0.2681771467378747, 0.26647132062970996, 0.26478788831157885, 0.2631265607844078, 0.261487052876347, 0.2598690831874621, 0.2582723740353465, 0.2566966514016336, 0.2551416448793896, 0.2536070876213763, 0.25209271628916247, 0.25059827100306864, 0.24912349529292957, 0.24766813604966068, 0.24623194347760943, 0.24481467104768087, 0.2434160754512173, 0.24203591655463014, 0.2406739573547483, 0.23932996393489656, 0.23800370542166788, 0.23669495394238685, 0.23540348458325389, 0.23412907534814947, 0.23287150711809268, 0.23163056361134024, 0.2304060313441142, 0.22919769959194392, 0.22800536035161906, 0.22682880830373223, 0.22566784077580906, 0.22452225770598025, 0.22339186160727698, 0.22227645753245373, 0.22117585303934983, 0.22008985815678228, 0.2190182853509658, 0.2179609494924413, 0.21691766782351832, 0.21588825992620528, 0.21487254769063321, 0.21387035528395482, 0.21288150911971868, 0.21190583782769823, 0.2109431722241836, 0.20999334528271324, 0.20905619210524742, 0.20813154989377142, 0.20721925792231885, 0.20631915750940555, 0.20543109199081241, 0.20455490669292675, 0.2036904489064189, 0.20283756786037463, 0.20199611469658685, 0.2011659424443523, 0.20034690599563218, 0.199538862080579, 0.1987416692434213, 0.19795518781859614, 0.19717927990741455, 0.1964138093550164, 0.19565864172761074, 0.19491364429005176, 0.19417868598373292, 0.19345363740480276, 0.19273837078268768, 0.19203275995891794, 0.19133668036624618, 0.19065000900799414, 0.18997262443752572, 0.1893044067385089, 0.18864523750534543, 0.18799499982372725, 0.187353578251772, 0.1867208588010146, 0.1860967289175225, 0.18548107746352815, 0.18487379469931134, 0.18427477226534777, 0.1836839031647034, 0.18310108174567324, 0.18252620368465972, 0.18195916596928427, 0.18139986688173387, 0.18084820598233062, 0.1803040840933291, 0.179767403282935, 0.17923806684953977, 0.17871597930616892, 0.1782010463651452, 0.1776931749229545, 0.1771922730453195, 0.1766982499524756, 0.1762110160046411, 0.17573048268768776, 0.17525656259900102, 0.17478916943352737, 0.17432821797001585, 0.17387362405743387, 0.17342530460157182, 0.17298317755181894, 0.17254716188812222, 0.17211717760811054, 0.17169314571439562, 0.17127498820203632, 0.1708626280461681, 0.17045598918980165, 0.17005499653177023, 0.16965957591484757, 0.16926965411401218, 0.16888515882486752, 0.16850601865221718, 0.1681321630987824, 0.16776352255407156, 0.1674000282833904, 0.16704161241699553, 0.1666882079393914, 0.16633974867876153, 0.16599616929653646, 0.16565740527709646, 0.16532339291761067, 0.16499406931799857, 0.16466937237102713, 0.16434924075253043, 0.1640336139117567, 0.1637224320618376, 0.16341563617037747, 0.1631131679501646, 0.16281496984999855, 0.1625209850456357, 0.16223115743084648, 0.1619454316085885, 0.1616637528822908, 0.16138606724724547, 0.16111232138211032, 0.16084246264051716, 0.16057643904278562, 0.16031419926774146, 0.16005569264463634, 0.15980086914516872, 0.15954967937560538, 0.15930207456899986, 0.1590580065775102, 0.15881742786480849, 0.15858029149858827, 0.15834655114316307, 0.15811616105215742, 0.15788907606128866, 0.1576652515812357, 0.15744464359059124, 0.15722720862890285, 0.15701290378982016, 0.15680168671430822, 0.1565935155839475, 0.15638834911431496, 0.15618614654844917, 0.15598686765038852, 0.15579047269879706, 0.15559692248066248, 0.15540617828507425, 0.15521820189707614, 0.15503295559159333, 0.15485040212743628, 0.15467050474137412, 0.15449322714228206, 0.15431853350538516, 0.15414638846652554, 0.15397675711651587, 0.1538096049955694, 0.15364489808778523, 0.15348260281571824, 0.15332268603500115, 0.15316511502903596, 0.15300985750373944, 0.1528568815823614, 0.1527061558003883, 0.1525576491004922, 0.15241133082752015, 0.1522671707235577, 0.1521251389230517, 0.15198520594799342, 0.1518473427031567, 0.15171152047139855, 0.1515777109090087, 0.15144588604110634, 0.15131601825711422, 0.15118808030628694, 0.15106204529328182, 0.15093788667378422, 0.15081557825018224, 0.15069509416730026, 0.1505764089081755, 0.1504594972898894, 0.15034433445944773, 0.1502308958897121, 0.1501191573753757, 0.15000909502899104, 0.14990068527704248, 0.1497939048560667, 0.14968873080882145, 0.1495851404804946, 0.14948311151496374, 0.1493826218511278, 0.1492836497192866, 0.14918617363745476, 0.14909017240779346, 0.14899562511308773, 0.14890251111326405, 0.1488108100419503, 0.14872050180307286, 0.14863156656750284, 0.1485439847697281, 0.1484577371045811, 0.14837280452399404, 0.14828916823380275, 0.1482068096905699, 0.1481257105984627, 0.14804585290615896, 0.14796721880379593, 0.14788979071995048, 0.14781355131865925, 0.1477384834964725, 0.14766457037950753, 0.14759179532060443, 0.14752014189648888, 0.14744959390496726, 0.14738013536214561, 0.14731175049968853, 0.14724442376211047, 0.147178139804095, 0.14711288348784832, 0.14704863988048764, 0.14698539425150842, 0.14692313207028032, 0.1468618390033999, 0.14680150091220046, 0.14674210385029327, 0.14668363406113197, 0.14662607797561336, 0.146569422209699, 0.14651365356207174, 0.14645875901181432, 0.14640472571612137, 0.14635154100803174, 0.146299192394195, 0.14624766755265897, 0.14619695433068464, 0.1461470407425916, 0.14609791496762153, 0.14604956534783572, 0.14600198038603007, 0.1459551487436781, 0.14590905923889874, 0.14586370084444716, 0.14581906268573244, 0.14577513403885417, 0.14573190432866887, 0.145689363126873, 0.1456475001501158, 0.14560630525812757, 0.14556576845187566, 0.14552587987174184, 0.14548662979571683, 0.1454480086376228, 0.1454100069453531, 0.14537261539913654, 0.14533582480981616, 0.14529962611715863, 0.14526401038817424, 0.14522896881546485, 0.14519449271558463, 0.14516057352742828, 0.145127202810631, 0.14509437224399507, 0.1450620736239294, 0.14503029886291186, 0.14499903998796893, 0.14496828913917287, 0.14493803856815876, 0.14490828063665828, 0.14487900781505403, 0.1448502126809452, 0.144821887917738, 0.1447940263132496, 0.14476662075832694, 0.14473966424548892, 0.14471314986757686, 0.1446870708164295, 0.14466142038156848, 0.14463619194890082, 0.14461137899944043, 0.1445869751080426, 0.14456297394215367, 0.14453936926057684, 0.14451615491225506, 0.14449332483506463, 0.14447087305462772, 0.14444879368313704, 0.1444270809181967, 0.144405729041675, 0.14438473241857333, 0.14436408549591, 0.14434378280161494, 0.14432381894343882, 0.14430418860787925, 0.14428488655911453, 0.1442659076379553, 0.14424724676080672, 0.1442288989186448, 0.14421085917600537, 0.14419312266998413, 0.14417568460925143, 0.1441585402730765, 0.14414168501036934, 0.1441251142387268, 0.144108823443496, 0.14409280817685063, 0.14407706405687146, 0.14406158676664813, 0.1440463720533856, 0.1440314157275215, 0.14401671366186117, 0.14400226179071482, 0.1439880561090528, 0.14397409267166816, 0.14396036759234804, 0.14394687704306205, 0.14393361725315268, 0.14392058450854217, 0.1439077751509466, 0.14389518557710101, 0.14388281223799573, 0.14387065163811982, 0.14385870033471543, 0.14384695493703975, 0.14383541210564005, 0.14382406855163793, 0.1438129210360185, 0.14380196636893186, 0.14379120140900079, 0.14378062306264375, 0.14377022828339694, 0.14376001407125283, 0.14374997747200477, 0.14374011557659935, 0.1437304255204982, 0.14372090448304717, 0.14371154968685407, 0.14370235839717435, 0.14369332792130649, 0.14368445560799234, 0.14367573884682872, 0.1436671750675458, 0.14365876173972122, 0.14365049637205782, 0.14364237651182568, 0.14363439974430917, 0.14362656369226146, 0.14361886601536517, 0.14361130440970246, 0.1436038766072292, 0.14359658037525447, 0.14358941351593038, 0.1435823738657497, 0.1435754592948011, 0.14356866770681662, 0.14356199703839376, 0.14355544525852176, 0.14354901036821982, 0.14354269039983059, 0.14353648341674372, 0.14353038751293326, 0.1435244008124581, 0.14351852146902744, 0.1435127476655672, 0.1435070776137923, 0.14350150955378727, 0.1434960417535878, 0.14349067250877134, 0.14348540014205072, 0.14348022300287286, 0.14347513946702709, 0.143470147936271, 0.14346524683792816, 0.14346043462450506, 0.14345570977332756, 0.14345107078615713, 0.14344651618883, 0.14344204453090195, 0.14343765438529307, 0.14343334434793922, 0.14342911303744726, 0.14342495909475736, 0.14342088118280621, 0.14341687798619865, 0.1434129482108812, 0.14340909058382031, 0.14340530385268527, 0.14340158678553536, 0.14339793817050978, 0.14339435681552387, 0.14339084154797074, 0.14338739121442481, 0.14338400468035079, 0.14338068082981734, 0.1433774185652107, 0.14337421680695994, 0.14337107449325678, 0.14336799057980096, 0.14336496403950416, 0.14336199386224066, 0.14335907905458697, 0.1433562186395632, 0.1433534116563805, 0.14335065716019307, 0.14334795422185104, 0.14334530192766023, 0.14334269937914315, 0.14334014569277687, 0.1433376399998143, 0.14333518144602886, 0.14333276919149543, 0.14333040241040967, 0.14332808029079433, 0.14332580203429376, 0.14332356685596237, 0.14332137398405942, 0.1433192226598371, 0.14331711213734402, 0.1433150416832196, 0.14331301057649953, 0.14331101810842048, 0.14330906358222614, 0.14330714631298058, 0.14330526562738113, 0.14330342086357242, 0.1433016113709679, 0.14329983651006892, 0.14329809565229054, 0.14329638817978652, 0.143294713485279, 0.14329307097189012, 0.14329146005297477, 0.14328988015195984, 0.1432883307021792, 0.14328681114671868, 0.14328532093825527, 0.14328385953890752, 0.14328242642008124, 0.14328102106243323, 0.14327964295548185, 0.14327829159760397, 0.14327696649588004, 0.14327566716594856, 0.1432743931318795, 0.14327314392602847, 0.14327191908889858, 0.1432707181690098, 0.1432695407227692, 0.14326838631434088, 0.1432672545155194, 0.1432661449056052, 0.14326505707128376, 0.14326399060650077, 0.14326294511234444, 0.14326192019693085, 0.14326091547528366, 0.14325993056922284, 0.1432589651072538, 0.1432580187244528, 0.1432570910623624, 0.14325618176888164, 0.14325529049816182, 0.1432544169105028, 0.1432535606722494, 0.14325272145569257, 0.1432518989389671, 0.14325109280595807, 0.14325030274619943, 0.14324952845478295, 0.14324876963226638, 0.14324802598458233, 0.1432472972229483, 0.14324658306377375, 0.14324588322857357, 0.14324519744388214, 0.14324452544116895, 0.14324386695675423, 0.1432432217317275, 0.14324258951186666, 0.1432419700475591, 0.14324136309372157, 0.14324076840972655, 0.1432401857593217, 0.14323961491056034, 0.14323905563572242, 0.14323850771124666, 0.14323797091765744, 0.14323744503949548, 0.14323692986524647, 0.14323642518727756, 0.14323593080176553, 0.14323544650863526, 0.14323497211149314, 0.14323450741756377, 0.1432340522376269, 0.1432336063859567, 0.14323316968026112, 0.14323274194162064, 0.14323232299443242, 0.14323191266634913, 0.14323151078822627, 0.14323111719406187, 0.1432307317209455, 0.14323035420900165, 0.14322998450133706, 0.1432296224439897, 0.14322926788587542, 0.1432289206787387, 0.1432285806771026, 0.14322824773821835, 0.14322792172201992, 0.14322760249107416, 0.1432272899105356, 0.14322698384810045, 0.14322668417395998, 0.14322639076075908, 0.14322610348354958, 0.14322582221975058, 0.14322554684910274, 0.14322527725362913, 0.14322501331759538, 0.14322475492746567, 0.14322450197186784, 0.14322425434155123, 0.1432240119293515, 0.1432237746301495, 0.14322354234083814, 0.14322331496028318, 0.14322309238928985, 0.1432228745305667, 0.14322266128869116, 0.14322245257007618, 0.14322224828293553, 0.14322204833725433, 0.1432218526447523, 0.14322166111885618, 0.14322147367466714, 0.14322129022892963, 0.1432211107000012, 0.14322093500782515, 0.14322076307390025, 0.14322059482124888, 0.143220430174396, 0.1432202690593378, 0.1432201114035128, 0.14321995713577684, 0.1432198061863771, 0.1432196584869275, 0.1432195139703808, 0.14321937257100636, 0.14321923422436428, 0.14321909886728185, 0.14321896643783097, 0.1432188368753029, 0.14321871012018708, 0.14321858611414903, 0.14321846480000786, 0.14321834612171325, 0.1432182300243274, 0.1432181164540012, 0.14321800535795615, 0.14321789668446255, 0.14321779038281984, 0.14321768640333932, 0.14321758469732274, 0.14321748521704383, 0.1432173879157312, 0.14321729274755005, 0.14321719966758317, 0.14321710863181505, 0.1432170195971132, 0.14321693252121415, 0.14321684736270174, 0.14321676408099734, 0.14321668263633866, 0.14321660298976757, 0.14321652510311267, 0.1432164489389758, 0.14321637446071478, 0.1432163016324319, 0.14321623041895817, 0.14321616078583863, 0.1432160926993193, 0.14321602612633463, 0.14321596103449233, 0.14321589739206195, 0.14321583516796127, 0.14321577433174337, 0.14321571485358572, 0.14321565670427627, 0.14321559985520274, 0.14321554427834118, 0.1432154899462437, 0.14321543683202723, 0.1432153849093632, 0.1432153341524657, 0.14321528453608331, 0.14321523603548367, 0.14321518862644944, 0.14321514228526303, 0.14321509698869966, 0.14321505271401788, 0.14321500943894708, 0.14321496714168128, 0.14321492580086864, 0.14321488539560306, 0.14321484590541428, 0.1432148073102596, 0.14321476959051674]