Model Setup for Atypical Patient 5:
ITERS=500
LEARNING_RATE=0.001
OPT_RESET=500
ATOL=1e-09
RTOL=1e-07
METHOD=dopri5
Input channels=2
Hidden channels=40
Output channels=2
Runtime=7830.186023712158Optimizer=Adam (
Parameter Group 0
    amsgrad: False
    betas: (0.9, 0.999)
    capturable: False
    differentiable: False
    eps: 1e-08
    foreach: None
    fused: None
    lr: 0.001
    maximize: False
    weight_decay: 0
)Loss over time=[137.6266483610794, 94.9101110656737, 60.54325981097761, 33.91252410960433, 15.43274025546451, 4.749528282270516, 1.003275433851172, 2.3475626804905976, 6.635043855684935, 11.654211055609391, 15.623673324529761, 17.630792385091844, 17.50189683997505, 15.636250993924925, 12.688615341302484, 9.341087297976031, 6.168839029938399, 3.5778330096791833, 1.7842480429692102, 0.8360526976694724, 0.6448479192859973, 1.0272199298291398, 1.7526747775139804, 2.585753210824408, 3.3274950844904447, 3.8346344843178524, 4.032390544683422, 3.913195547928473, 3.525109579378467, 2.9540418381680498, 2.3035213312809746, 1.6752500385053437, 1.1530696815336405, 0.7920595425550697, 0.6130438121914328, 0.6033882391411137, 0.7233489299638592, 0.9166501798506511, 1.1231133845494077, 1.290603247268654, 1.3838934484139753, 1.3889252567408517, 1.312154330598466, 1.1758066169624097, 1.0107047825511606, 0.848637642604884, 0.7158372720738377, 0.6286780332323559, 0.5920583367092873, 0.6003421582113854, 0.6402127985766437, 0.6945855501317002, 0.7466348866537408, 0.7831276632387055, 0.7965167445365015, 0.7855717771270622, 0.754616551472925, 0.7117468091442029, 0.6665088000033432, 0.6276034710307296, 0.6010949297463625, 0.5894490738015982, 0.5915104135025425, 0.6033036839966761, 0.6193737921583468, 0.6342702884394943, 0.6438335297101292, 0.6459490644532346, 0.6407157283358812, 0.630046472690926, 0.6168861895057585, 0.604334679077198, 0.5948422250192964, 0.5897392498675177, 0.5890878097649085, 0.5918867555767017, 0.5964944760109392, 0.6011381206175896, 0.6043709109934083, 0.6053744670117175, 0.6040567824354565, 0.600953662254177, 0.5969903025072186, 0.5931786679010663, 0.5903332943750398, 0.5888965729079887, 0.5888758662214176, 0.5899097164092096, 0.5914246551880815, 0.5928246614904037, 0.5936579512710216, 0.5937153917434668, 0.5930475322824643, 0.5919049123510434, 0.5906331787991068, 0.5895529371996598, 0.5888895526783161, 0.5887053041056497, 0.5889282480004172, 0.5893834504513241, 0.5898571179937202, 0.5901850253993814, 0.590275187670028, 0.5901082806971139, 0.5897683727441096, 0.5893574720055074, 0.5889888961315166, 0.5887477099442148, 0.5886767797919035, 0.5887418799105604, 0.5888905229700111, 0.5890503838393532, 0.5891594272266768, 0.5891831315634495, 0.5891203859869959, 0.5889979777115972, 0.588857269275936, 0.588738588295861, 0.5886686747757018, 0.5886546412490943, 0.5886852117111663, 0.5887375461221437, 0.5887864888466061, 0.5888128906375022, 0.5888085557681602, 0.5887768625322969, 0.5887296206804925, 0.5886817993832778, 0.5886461462333638, 0.5886294234532773, 0.5886307295536056, 0.5886453453891065, 0.5886612582359908, 0.5886744762380379, 0.5886764099698042, 0.5886671643002257, 0.5886504369165622, 0.5886307378054141, 0.5886158201093056, 0.5886057870896315, 0.5886032662617313, 0.5886057898410353, 0.5886101247908233, 0.588613174493117, 0.5886127771702376, 0.5886085004819311, 0.5886011290092859, 0.5885918612032272, 0.5885842753998591, 0.5885788844257516, 0.5885760242781679, 0.5885750922958919, 0.5885749193553598, 0.5885742809714195, 0.5885723440351671, 0.588568898875702, 0.5885643267790572, 0.5885593561164214, 0.5885547324650549, 0.5885512041716618, 0.5885481853715191, 0.5885458044036692, 0.5885436013737637, 0.5885412329711102, 0.5885381729660898, 0.5885347796579153, 0.5885315075128467, 0.5885277755232574, 0.5885238771257152, 0.5885198365837666, 0.5885159369485865, 0.5885127191136117, 0.5885099312907901, 0.5885069503530584, 0.5885036642963903, 0.5884994698840283, 0.5884956175934833, 0.5884921645127099, 0.588488072777159, 0.5884844562441265, 0.5884816282595928, 0.5884778264084722, 0.5884743809935695, 0.5884707017248539, 0.5884672613370532, 0.5884633194375898, 0.5884595222327564, 0.588455543717481, 0.5884515048044412, 0.5884476555678043, 0.5884451381647978, 0.5884420114616272, 0.5884373286702116, 0.5884340014884453, 0.5884307700811698, 0.588427872584396, 0.588424810158183, 0.5884215963717605, 0.5884175811669956, 0.5884132245890996, 0.588409298108573, 0.5884061680279568, 0.5884028340098567, 0.5883989597437325, 0.5883950540391568, 0.5883911218352018, 0.588387166230931, 0.5883831874390526, 0.5883791815374888, 0.5883751427237682, 0.5883710653098585, 0.5883669455955317, 0.5883627824723113, 0.5883585771739221, 0.5883543318535455, 0.5883500482819333, 0.5883457268879433, 0.5883413667547271, 0.5883369659145393, 0.5883325222993939, 0.5883280344653603, 0.5883235017848887, 0.5883189818967115, 0.588314452125049, 0.588309876898007, 0.5883074960315443, 0.5883029186647712, 0.5882988736786604, 0.5882946669772529, 0.5882917227234398, 0.5882837028878004, 0.5882789399538119, 0.5882746796311586, 0.5882701872992011, 0.5882656702221843, 0.5882609280227836, 0.5882559990624817, 0.5882509033840768, 0.5882456280108954, 0.5882401817535654, 0.5882346992608204, 0.5882291441885339, 0.5882234309206549, 0.588217676448268, 0.5882116287541107, 0.5882055013852238, 0.5881993528272249, 0.588193354020694, 0.5881875142723347, 0.5881813822004025, 0.5881751499007367, 0.5881686960800245, 0.5881618504016061, 0.5881539739841863, 0.5881461708561654, 0.5881362161759642, 0.5881353810455576, 0.588128439900609, 0.5881189053613991, 0.5881136011894316, 0.5881065481085085, 0.58809919877258, 0.5880917565013329, 0.5880841936105611, 0.5880764848272069, 0.5880686658229121, 0.5880607285222179, 0.5880526595331431, 0.5880444518773748, 0.588036119751376, 0.5880277577076392, 0.588019265406072, 0.5880107901196525, 0.5880024080778219, 0.5879939820014477, 0.5879853964734053, 0.5879780903324949, 0.5879694044833447, 0.5879602235674333, 0.5879498605101552, 0.5879394844242949, 0.5879316447139014, 0.5879207956497036, 0.5879058810572558, 0.5878996794419168, 0.5878917699895496, 0.5878813916508133, 0.5878705904937618, 0.587859079978229, 0.5878477596427338, 0.5878368957151336, 0.5878263894571601, 0.5878156278804204, 0.5878039712578808, 0.5877917660663526, 0.5877734647774739, 0.5877626769570234, 0.5877557323437814, 0.5877409710485832, 0.5877277810573418, 0.5877143989576367, 0.5877014991381853, 0.5876891876205304, 0.5876764364581043, 0.5876630262570199, 0.587648692368648, 0.5876332015371877, 0.5876183065864381, 0.5876033132811248, 0.5875900111421508, 0.5875670931176912, 0.5875556726131403, 0.5875409955017658, 0.5875209835128472, 0.5875048243072634, 0.5874929649672546, 0.5874772129621282, 0.5874606489089491, 0.5874438377772103, 0.587425981253168, 0.5874083745753079, 0.5873900583311032, 0.5873712522777208, 0.5873521045765538, 0.5873324657184446, 0.5873123690752892, 0.587292091246536, 0.5872706921704067, 0.5872491677739726, 0.5872274488507561, 0.5872046892126319, 0.587181171329018, 0.5871570022192614, 0.5871321252336016, 0.5871045185041017, 0.5870822920061474, 0.5870553209751033, 0.5870269640240874, 0.586997789689867, 0.58696978570154, 0.5869434327651328, 0.586916916800675, 0.5868900375162177, 0.586862568785698, 0.5868345101316778, 0.5868058764745949, 0.5867766198948212, 0.5867467242693067, 0.5867161801322706, 0.5866849547703377, 0.586653030268621, 0.5866203872245876, 0.5865861082647597, 0.5865516967545961, 0.586518278112946, 0.5864832391323115, 0.5864469896662101, 0.58641034452611, 0.5863760718547278, 0.5863361334135104, 0.5862961806380703, 0.5862538659349618, 0.5862117137439464, 0.5861699609722723, 0.5861269071196247, 0.5860818167817453, 0.5860362553152941, 0.5859877231418357, 0.5859438707802694, 0.585892155827173, 0.5858480185722278, 0.5858007338885548, 0.5857486917559405, 0.585692254400544, 0.5856428025968178, 0.5855898494222138, 0.5855367666012509, 0.5854770389724907, 0.5854128024234253, 0.5853516995518177, 0.5852915531364323, 0.5852301079896443, 0.5851667904316831, 0.5851025876281862, 0.5850482344664615, 0.5849823775050622, 0.5849072901081199, 0.5848455594810892, 0.5847737178289748, 0.5847005796728806, 0.5846232489584262, 0.5845450670938821, 0.5844606039923058, 0.5843819442381577, 0.5842983371477076, 0.5842113060063265, 0.5841230401600739, 0.5840328325542287, 0.5839400346198597, 0.5838410267875119, 0.5837501335022713, 0.5836508298341122, 0.5835403232970772, 0.583435347558308, 0.5833270914422602, 0.5832014237241596, 0.5830826651291773, 0.5829767572717875, 0.5828442763199455, 0.5827287669313277, 0.5825921112555191, 0.582458845324177, 0.5823187149345755, 0.5821619893043596, 0.5820113298821243, 0.5818611854790501, 0.5817108434519268, 0.5815353952756338, 0.5813602218514035, 0.5811504837786136, 0.5809046274844345, 0.5806214141543318, 0.5802704861969998, 0.5798546148192921, 0.5793793561865312, 0.5788666145670505, 0.5783231174520932, 0.5778087159193843, 0.5772669488754864, 0.5767240452263054, 0.5761730408238067, 0.5755764029554223, 0.5749618824583534, 0.5742951447694551, 0.5735627916886634, 0.5728136299456656, 0.5719854372848364, 0.5711221468962873, 0.5702124880644143, 0.5692358056089534, 0.5682613477121543, 0.5671989393726738, 0.5660633984677444, 0.5649128271795423, 0.5636566524718633, 0.5623392307233759, 0.5609585267056915, 0.559491339553453, 0.5579376705262608, 0.5562721081760866, 0.5545404660577501, 0.5526895475519954, 0.5507521160094294, 0.5487161213110707, 0.5465783414349004, 0.5443403937182716, 0.5420326104476726, 0.5396828562772658, 0.5372090474069857, 0.5346102958118886, 0.5319217798446039, 0.5291089058829878, 0.526190151087625, 0.5232188260153371, 0.5199531565720455, 0.5164291103885659, 0.5126756454945138, 0.5087150901671724, 0.5045087125089766, 0.49998326400097454, 0.4952385238785234, 0.4895723122076152, 0.4830154331055707, 0.475725507619007, 0.4678192301385874, 0.45944025345563066, 0.4507038303464938, 0.4419914395632267, 0.43419977011336375, 0.4259876591264317, 0.41744044812362013, 0.4093989340440657, 0.40710830638180845, 0.40868049655377087, 0.3870624066283857, 0.3959380395785992, 0.38733250178385376, 0.37755021828922286, 0.3823600023557636, 0.3635789348774706, 0.37098873317586273, 0.35732179623600663, 0.359949730897195, 0.357811250147319, 0.34786360596103033, 0.35295824867183645, 0.34314763122286396, 0.3428571342511638, 0.3411480172518415, 0.3350005395627688]