Model Setup for Atypical Patient 1:
ITERS=1000
LEARNING_RATE=0.001
OPT_RESET=None
ATOL=1e-05
RTOL=0.001
METHOD=dopri5
Input channels=2
Hidden channels=20
Output channels=2
Runtime=81.38740801811218
Optimizer=Adam (
Parameter Group 0
    amsgrad: False
    betas: (0.9, 0.999)
    capturable: False
    differentiable: False
    eps: 1e-08
    foreach: None
    fused: None
    lr: 0.001
    maximize: False
    weight_decay: 1e-06
)Loss over time=[80104.98131682425, 73830.6536596934, 68217.95876292385, 63026.279095154634, 58334.18099737817, 54031.087462957046, 50212.53852879709, 46766.63858468801, 43578.77468063033, 40717.6322841895, 37303.739666671885, 35545.24515554653, 33458.071783528285, 31440.397103611496, 29582.773167443345, 27895.58019684063, 26468.09171868882, 25040.767289856813, 23786.63780108157, 22490.547935020575, 21504.945340595856, 20387.90823933169, 19494.521166711, 18580.904904822797, 17763.77606123404, 17008.63606601318, 16303.004614853779, 15653.606853799847, 15047.676569625359, 14485.058037716022, 13948.936550874305, 13477.91571997767, 13024.16063369462, 12579.699648443418, 12167.644619960767, 11782.86980840197, 11423.140878607559, 11081.895976682614, 10750.134116571531, 10431.492524231087, 10119.721138742943, 9872.280282449152, 9607.80320280471, 9362.05037365828, 9116.961487603488, 8911.982666613818, 8712.830576931765, 8505.964401258107, 8310.325103982637, 8130.85397656172, 7962.43482210532, 7791.341520966917, 7651.360994808333, 7491.393457502407, 7349.909652814444, 7194.611529814868, 7062.209092063411, 6958.433076653088, 6828.368473860278, 6730.423603131391, 6625.222156158693, 6524.634733243741, 6423.964196042795, 6327.14936940359, 6241.384161400542, 6155.249715024825, 6072.6324783665, 5993.2926474993865, 5917.071414567061, 5848.175794473865, 5781.534304000307, 5715.685910678127, 5652.422649373286, 5591.7604199600355, 5533.424036881263, 5477.230651561143, 5423.076911046183, 5370.869639911033, 5318.5460900715525, 5260.521478963754, 5212.642075838343, 5169.158830642759, 5125.589344382995, 5082.850729866719, 5041.086045797983, 5000.3532151788295, 4960.7824631763815, 4924.299058414175, 4887.888316418071, 4851.876207212092, 4816.711174190431, 4783.515382610223, 4749.091518229461, 4721.603563189214, 4687.7157726076775, 4652.349463205342, 4618.170481846158, 4594.066025827721, 4562.960854306203, 4534.6519260233845, 4503.206657071875, 4473.776098367903, 4447.8764599903725, 4421.442428211731, 4395.5223080566775, 4369.198909454566, 4341.964356071363, 4316.610764679597, 4291.598104369549, 4266.762941534533, 4242.311503174249, 4218.2279248525365, 4194.510673943751, 4171.207147469978, 4148.218199407589, 4125.5748131269675, 4103.227950428971, 4081.087187299067, 4059.4747408632593, 4038.2778628463366, 4017.3525631874377, 3996.7698227912306, 3976.6093820735828, 3956.6968441536274, 3936.9184497305378, 3917.2567027049586, 3897.8200296381956, 3878.7169014666506, 3859.888591027679, 3841.320575008397, 3823.0053132841367, 3804.7905394060635, 3787.874420005512, 3769.1899794908586, 3751.2453676711116, 3733.5877318056987, 3716.2995618542163, 3699.325824082807, 3682.60578692383, 3666.098702206112, 3649.868597246917, 3634.44484743918, 3619.289493310494, 3604.5416152624875, 3590.584010830414, 3575.646797477323, 3558.6011404873175, 3546.2343122352004, 3532.431086285933, 3517.3428218178556, 3502.6475656401653, 3488.2349927492974, 3474.048387634738, 3460.05131053917, 3446.2615412423747, 3432.570719130471, 3418.9400024147017, 3405.4683077642917, 3392.143716319001, 3378.961112014088, 3365.9203675117665, 3353.0256916451804, 3340.279969822137, 3327.5989576025486, 3314.992617447468, 3302.4889255783314, 3290.0844593073753, 3277.776238525326, 3265.5693835000293, 3253.4530174187908, 3241.4171315485437, 3229.4594706878343, 3217.568047654352, 3205.750615617796, 3194.0031673341337, 3182.3375761487378, 3170.786406591721, 3159.3807328107405, 3148.0737489630146, 3136.83975832375, 3125.6771591746206, 3114.6044660289376, 3103.597901944922, 3092.6565895574618, 3081.7799702132147, 3070.9650597336954, 3060.207413257441, 3049.5201791572604, 3038.9149392702197, 3028.3903583270308, 3017.925886300094, 3007.5411853221317, 2997.225202964081, 2986.971294188079, 2976.783935299411, 2966.6811717249393, 2956.6472586846435, 2946.6702104236874, 2936.7991672891085, 2926.7989330394485, 2916.6861198891274, 2906.669708349358, 2896.7052259438556, 2886.7839775417815, 2876.9031962682825, 2867.0675511289805, 2857.270138131084, 2847.5098831602095, 2837.7872614911253, 2828.101535175474, 2818.452216619082, 2808.83907307421, 2799.2618473419043, 2789.7202010955184, 2780.213908666251, 2770.742694450993, 2761.3062264411724, 2751.9042019276076, 2742.5362819791485, 2733.2021116999554, 2723.8995686186536, 2714.629486181089, 2705.4173182655513, 2696.2942569268803, 2687.1611343907603, 2678.3432595571426, 2669.188348933131, 2660.1171043398217, 2651.223213422802, 2642.2605030147806, 2633.2893311239663, 2624.3351723204237, 2615.389509400468, 2606.4702601922254, 2598.0856126973613, 2589.2553228985325, 2580.4508003579217, 2571.6719022597986, 2562.9184888529753, 2554.190453941563, 2545.4873900699104, 2536.80883666474, 2528.1552813542335, 2519.5268118859194, 2510.923223177185, 2502.3429512249427, 2493.7873631118, 2485.2563665396387, 2476.7498235709286, 2468.2675767769133, 2459.809474005297, 2451.375368203162, 2443.007589160132, 2434.6725834186163, 2426.3473102344624, 2418.0144023299563, 2409.7021828171987, 2401.3899975707473, 2393.0759505468145, 2384.7846885395334, 2376.566717940268, 2368.373367768623, 2360.205794760931, 2352.0558206267992, 2343.930192415231, 2335.82668811978, 2327.7453708235244, 2319.6863406981556, 2311.649747995974, 2303.6358136225444, 2295.6480134859394, 2287.68179056563, 2279.7219221732084, 2271.783588259467, 2263.8666460303125, 2255.973003407675, 2248.100744785226, 2240.2495510544945, 2232.419614934795, 2224.6108892217176, 2216.823379746846, 2209.0570026877162, 2201.3114511867275, 2193.587011550435, 2185.883507641837, 2178.200961789182, 2170.5392970910634, 2162.8985212384887, 2155.2785924525724, 2147.6794694285873, 2140.101111319047, 2132.543480596682, 2125.00653440995, 2117.490233100983, 2109.994537636734, 2102.519409388547, 2095.064809949975, 2087.6307015197845, 2080.2170406627774, 2072.8237960282586, 2065.450931723983, 2058.09841133715, 2050.7661987099827, 2043.4542579914303, 2036.1625536410443, 2028.8910504178791, 2021.6397133720702, 2014.4085078337587, 2007.1973994045804, 2000.0063569671524, 1992.8353432698962, 1985.6843231106905, 1978.5533409139316, 1971.4423176961025, 1964.35118081498, 1957.279899372443, 1950.228441274508, 1943.1960457820608, 1936.183384125454, 1929.190500181089, 1922.2173596516013, 1915.2640366327707, 1908.330773466073, 1901.4171221335228, 1894.5230513407341, 1887.6485299400963, 1880.7935269283732, 1873.9580102488267, 1867.1419507188657, 1860.345317415405, 1853.568079841896, 1846.8102076158002, 1840.0716704625563, 1833.352438210921, 1826.6524807879964, 1819.9717682140674, 1813.3102705976708, 1806.667958131529, 1800.044801114621, 1793.4407698602895, 1786.85583478463, 1780.2899663693117, 1773.7431351573687, 1767.215311748952, 1760.7064667973268, 1754.2165540295807, 1747.74553903176, 1741.293417936885, 1734.860161377582, 1728.4457567328534, 1722.050164910534, 1715.673347743783, 1709.3152762175368, 1702.9759212389583, 1696.6552537513255, 1690.3532447413897, 1684.0698651828445, 1677.805086058884, 1671.5588783592111, 1665.3312130119077, 1659.122060918635, 1652.9313932622435, 1646.7591810259983, 1640.6053951860006, 1634.4700067085598, 1628.3529865476842, 1622.2543056425923, 1616.1739349153352, 1610.1118452684639, 1604.0680075827493, 1598.0423927150166, 1592.0349714959943, 1586.0457147282775, 1580.0745931843378, 1574.1215776044237, 1568.1866386948843, 1562.2697471255938, 1556.3708735302941, 1550.4899885026446, 1544.6270625954094, 1538.7820663191417, 1532.9549701401918, 1527.1457444793791, 1521.354359710597, 1515.5807861594456, 1509.8249941076588, 1504.086953796127, 1498.3666353729323, 1492.6640089580885, 1486.979044613887, 1481.3117123424709, 1475.6619821103304, 1470.0298238138575, 1464.4152072906654, 1458.8180928928643, 1453.238458037372, 1447.676275057096, 1442.1315134897523, 1436.6041428170504, 1431.0941324534201, 1425.6014517555996, 1420.1260700192115, 1414.6679564775554, 1409.2270803009715, 1403.8034105962638, 1398.3969164061264, 1393.0075667086771, 1387.6353304169768, 1382.2801763786126, 1376.9420733753018, 1371.620990122582, 1366.3168952694687, 1361.0297573982064, 1355.7595450240235, 1350.5062265949516, 1345.269770491652, 1340.0501450272739, 1334.8473184473971, 1329.661258929924, 1324.4919345850906, 1319.3393134553774, 1314.2033635156592, 1309.0840526732331, 1303.9813487678437, 1298.8952195718557, 1293.8256327903957, 1288.7725560614965, 1283.7359569563173, 1278.7158029793534, 1273.7120615687093, 1268.7247000963437, 1263.7536858683945, 1258.798986125477, 1253.8605680430496, 1248.9383987317624, 1244.032445237852, 1239.142674543561, 1234.2690535675504, 1229.411549165359, 1224.5701281298736, 1219.7447571918174, 1214.9354030202535, 1210.1420322231113, 1205.3646113477287, 1200.6031068814066, 1195.8574852520019, 1191.1277128284944, 1186.4137559216097, 1181.7155807844379, 1177.0331536130643, 1172.3664405472282, 1167.7154076709774, 1163.0800210133586, 1158.4602465490957, 1153.856050199286, 1149.2673974449337, 1144.6942537737502, 1140.1365857684445, 1135.5943591359392, 1131.0675395336182, 1126.5560925700966, 1122.0599838059497, 1117.5791789690848, 1113.113643472795, 1108.663342541556, 1104.228241554027, 1099.808305844603, 1095.4035007042382, 1091.0137913812757, 1086.6391430822746, 1082.2795208059554, 1077.934889847307, 1073.6052153063501, 1069.2904622297995, 1064.9905956268688, 1060.70558047017, 1056.4353816965797, 1052.1799642081116, 1047.9392928727802, 1043.7133325254965, 1039.5020479689344, 1035.3054039744172, 1031.123365282819, 1026.9558966054349, 1022.8029626248939, 1018.6645279960401, 1014.5405573468382, 1010.4310152792593, 1006.3358663702013, 1002.255075172372, 998.1886062151993, 994.1364240057293, 990.0984930295333, 986.07477775161, 982.0652426172875, 978.0698520531266, 974.0885704678232, 970.1213622531114, 966.1681917846637, 962.2290234229848, 958.3038215143235, 954.3925503915583, 950.4951743750971, 946.6116577737732, 942.7419648857372, 938.8860599993357, 935.0439073940222, 931.215471341219, 927.4007161052118, 923.5996059440262, 919.8121051103103, 916.0381778522055, 912.2777884142065, 908.5309010380571, 904.7974799635788, 901.0774894295624, 897.3708936746099, 893.6776569379919, 889.9977434604959, 886.3311174852722, 882.677743258679, 879.0375850311142, 875.4106070578626, 871.796773599901, 868.1960489247457, 864.6083973072564, 861.0337830304693, 857.4721703863851, 853.9235236767927, 850.3878072140684, 846.8649853219628, 843.3550223363982, 839.8578826062566, 836.3735304941551, 832.9019303772276, 829.443046647893, 825.9968437146177, 822.5632860026777, 819.1423379549157, 815.733964032483, 812.3381287155938, 808.9547965042547, 805.5839319189964, 802.225499501605, 798.8794638158433, 795.5457894481624, 792.2244410084145, 788.9153831305528, 785.6185804733319, 782.3339977210039, 779.0615995839985, 775.8013507996031, 772.5532161326429, 769.3171603761493, 766.0931483520147, 762.8811449116532, 759.6811149366594, 756.4930233394414, 753.316835063772, 750.1525150857021, 747.0000284139122, 743.8593400904109, 740.7304151911588, 737.6132188266769, 734.5077161426486, 731.4138723205183, 728.3316525780817, 725.2610221700627, 722.2019463887085, 719.1543905643442, 716.1183200659506, 713.0937003017207, 710.0804967196124, 707.0786748079007, 704.0882000957185, 701.1090381535946, 698.1411545939777, 695.1845150717705, 692.239085284842, 689.3048309745406, 686.3817179262047, 683.469711969659, 680.5687789797101, 677.678884876643, 674.79999562669, 671.9320772425235, 669.0750957837186, 666.2290173572212, 663.3938081178076, 660.5694342685413, 657.7558620612186, 654.9530577968152, 652.1609878259201, 649.3796185491694, 646.6089164176745, 643.8488479334334, 641.099379649761, 638.3604781716851, 635.6321101563555, 632.914242313448, 630.2068414055451, 627.5098742485347, 624.8233077119895, 622.1471087195409, 619.4812442492529, 616.8256813339885, 614.1803870617745, 611.545328576152, 608.9204730765231, 606.305787818505, 603.7012401142674, 601.1067973328707, 598.5224269005881, 595.948096301243, 593.3837730765179, 590.8294248262766, 588.2850192088695, 585.7505239414422, 583.2259068002364, 580.711135620882, 578.2061782986948, 575.7110027889536, 573.2255771071898, 570.7498693294583, 568.2838475926162, 565.8274800945802, 563.3807350946004, 560.9435809135107, 558.5159859339885, 556.0979186007988, 553.6893474210417, 551.2902409643922, 548.9005678633378, 546.520296813409, 544.1493965734063, 541.7878359656232, 539.4355838760683, 537.0926092546746, 534.7588811155152, 532.4343685370059, 530.1190406621124, 527.8128666985419, 525.515815918942, 523.2278576610929, 520.9489613280853, 518.6790963885137, 516.4182323766447, 514.1663388926016, 511.92338560252415, 509.6893422387477, 507.4641785999551, 505.24786455134546, 503.04037002478503, 500.8416650189583, 498.651719599523, 496.47050389924874, 494.2979881181593, 492.1341425236799, 489.9789374507554, 487.8323433019951, 485.69433054779523, 483.56486972646184, 481.4439314443356, 479.3314863759069, 477.22750526392866, 475.13195891953615, 473.04481822234, 470.96605412054356, 468.89563763104246, 466.8335398395155, 464.7797319005305, 462.7341850376258, 460.6968705434112, 458.66775977964426, 456.6468241773175, 454.6340352367446, 452.62936452762136, 450.63278368912, 448.6442644299504, 446.6637785284261, 444.69129783254044, 442.72679426002, 440.7702397983912, 438.82160650503744, 436.88086650725296, 434.9479920022935, 433.02295525743443, 431.10572861000765, 429.1962844674526, 427.29459530735875, 425.4006336775019, 423.5143721958837, 421.63578355076805, 419.76484050071264, 417.901515874594, 416.0457825716447, 414.1976135614692, 412.35698188407247, 410.52386064988144, 408.69822303976014, 406.8800423050256, 405.06929176746434, 403.2659448193461, 401.46997492342456, 399.68135561295554, 397.90006049169824, 396.126063233913, 394.3593375843729, 392.5998573583554, 390.8475964416404, 389.1025287905081, 387.36462843172836, 385.6338694625561, 383.9102260507205, 382.19367243440337, 380.48418292223903, 378.78173189328646, 377.08629379701483, 375.3978431532865, 373.71635455232877, 372.04180265471666, 370.3741621913416, 368.71340796338944, 367.059514842308, 365.412457769778, 363.77221175768176, 362.1387518880652, 360.5120533131081, 358.89209125508285, 357.27884100631644, 355.67227792914946, 354.0723774558974, 352.4791150888061, 350.89246639999993, 349.3124070314479, 347.7389126949043, 346.17195917186484, 344.61152231351576, 343.0575780406796, 341.5101023437625, 339.9690712826993, 338.43446098689634, 336.9062476551734, 335.38440755570724, 333.8689170259646, 332.3597524726505, 330.85689037163394, 329.3603072678927, 327.8699797754419, 326.38588457726695, 324.9079984252619, 323.43629814015287, 321.9707606114294, 320.5113627972758, 319.05808172449525, 317.61089448843546, 316.16977825291383, 314.73471025014555, 313.3056677806577, 311.88262821321894, 310.46556898475444, 309.05446760026666, 307.64930163275733, 306.25004872313565, 304.8566865801483, 303.4691929802806, 302.08754576767745, 300.7117228540587, 299.3417022186261, 297.9774619079795, 296.6189800360225, 295.2662347838753, 293.91920439978384, 292.5778671990225, 291.2422015638071, 289.9121859431962, 288.58779885299714, 287.26901887567243, 285.95582466024024, 284.6481949221771, 283.3461084433222, 282.0495440717743, 280.758480721795, 279.472897373705, 278.19277307378746, 276.91808693417903, 275.6488181327721, 274.38494591310786, 273.12644958427495, 271.87330852080044, 270.6255021625456, 269.38301001460246, 268.14581164717885, 266.9138866954973, 265.68721485968325, 264.46577590465864, 263.2495496600246, 262.0385160199601, 260.83265494310496, 259.6319464524488, 258.43637063522004, 257.24590764277116, 256.06053769046525, 254.88024105756224, 253.70499808710636, 252.53478918580333, 251.3695948239155, 250.20939553513347, 249.05417191646723, 247.90390462812684, 246.75857439340209, 245.61816199854684, 244.48264829265707, 243.35201418755267, 242.22624065765652, 241.10530873987756, 239.98919953348332, 238.87789419998478, 237.77137396300944, 236.66962010818142, 235.5726139829985, 234.48033699670907, 233.39277062018664, 232.30989638580834, 231.23169588732665, 230.1581507797505, 229.08924277921116, 228.0249536628464, 226.9652652686669, 225.91015949543268, 224.8596183025271, 223.81362370982788, 222.7721577975808, 221.73520270626986, 220.70274063649276, 219.67475384882874, 218.65122466371122, 217.63213546129901, 216.6174686813447, 215.6072068230683, 214.6013324450243, 213.59982816497404, 212.60267665974908, 211.60986066512825, 210.6213629757005, 209.63716644473755, 208.657253984057, 207.68160856389542, 206.7102132127733, 205.74305101736428, 204.7801051223587, 203.82135873033647, 202.8667951016284, 201.91639755418626, 200.97014946344714, 200.0280342622006, 199.09003544045515, 198.15613654530196, 197.22632118078255, 196.30057300775252, 195.37887574374935, 194.4612131628535, 193.54756909555582, 192.63792742862296, 191.73227210495918, 190.83058712347284, 189.93285653893898, 189.03906446186636, 188.14919505835826, 187.26323254997672, 186.38116121360733, 185.50296538132235, 184.62862944024397, 183.75813783240744, 182.89147505462458, 182.02862565834639, 181.16957424952633, 180.31430548848328, 179.4628040897638, 178.6150548220061, 177.77104250779962, 176.93075202355223, 176.09416829934727, 175.2612763188108, 174.4320611189698, 173.60650779011831, 172.7846014756756, 171.9663273720512, 171.1516707285064, 170.34061684701365, 169.53315108212357, 168.72925884082244, 167.92892558239376, 167.13213681828722, 166.33887811196863, 165.5491350787937, 164.76289338586136, 163.9801387518788, 163.2008569470231, 162.42503379280544, 161.65265516192525, 160.88370697814136, 160.11817521612636, 159.3560459013324, 158.59730510985094, 157.8419389682781, 157.0899336535685, 156.3412753929058, 155.59595046355955, 154.85394519274922, 154.11524595750382, 153.37983918452616, 152.64771135005296, 151.91884897971732, 151.19323864841115, 150.4708669801479, 149.75172064792125, 149.03578637357307, 148.32305092764963, 147.61350112926624, 146.9071238459729, 146.20390599360965, 145.50383453617542, 144.80689648568784, 144.11307890204418, 143.42236889288867, 142.73475361346982, 142.0502202665077, 141.36875610205345, 140.69034841735484, 140.01498455671768, 139.3426519113699, 138.67333791932435, 138.00703006524142, 137.34371588029583, 136.6833829420341, 136.02601887424586, 135.37161134681995, 134.72014807561374, 134.0716168223153, 133.4260053943075, 132.78330164453132, 132.14349347135257, 131.50656881842417, 130.87251567455058, 130.24132207355456, 129.61297609414126, 128.9874658597616, 128.36477953847972, 127.74490534283595, 127.12783152971447, 126.51354640020699, 125.90203829948054, 125.29329561663889, 124.68730678459566, 124.08406027993281, 123.48354462277194, 122.88574837663995, 122.29066014833319, 121.69826858778751, 121.10856238794196, 120.52153028460911, 119.9371610563396, 119.35544352428974, 118.77636655209207, 118.19991904571931, 117.62608995335405, 117.05486826525666, 116.4862430136337, 115.92020327250617, 115.35673815757809, 114.79583682610502, 114.23748847676394, 113.68168234952127, 113.128407725503, 112.57765392686369, 112.02941031665722, 111.4836662987048, 110.94041131746789, 110.39963485791546, 109.8613264453962, 109.32547564550974, 108.79207206397632, 108.2611053465075, 107.73256517867993, 107.20644128580408, 106.68272343279779, 106.16140142405706, 105.64246510332882, 105.12590435358388, 104.61170909688714, 104.099869294274, 103.5903749456193, 103.08321608951468, 102.57838280313767, 102.07586520212982, 101.57565344046793, 101.07773771033568, 100.58210824200457, 100.08875530370324]