Model Setup for Atypical Patient 10:
ITERS=500
LEARNING_RATE=0.001
OPT_RESET=500
ATOL=1e-09
RTOL=1e-07
METHOD=dopri5
Input channels=2
Hidden channels=40
Output channels=2
Runtime=26801.781319618225Optimizer=Adam (
Parameter Group 0
    amsgrad: False
    betas: (0.9, 0.999)
    capturable: False
    differentiable: False
    eps: 1e-08
    foreach: None
    fused: None
    lr: 0.001
    maximize: False
    weight_decay: 0
)Loss over time=[305.7320426015033, 236.84251046194277, 178.60933024131336, 131.67654660741664, 95.61796962116021, 71.01985437000894, 57.2091253639981, 53.31442943436477, 55.480445314729735, 61.01817754863187, 67.57788320909123, 73.04312941102408, 76.07528523894884, 76.28711404271203, 74.03461317549313, 70.11257839832909, 65.44612725253629, 60.89762079373029, 57.13150879902287, 54.54992342699375, 53.30628781467483, 53.327235493793005, 54.30032762522516, 55.737516665476164, 57.14831207283411, 58.1722593857485, 58.62047197357572, 58.44173759257682, 57.742602078613025, 56.70963699324813, 55.560961881802854, 54.50656705983639, 53.7127048254395, 53.26817125032941, 53.175658648095435, 53.36244620401658, 53.711122943988286, 54.09552803230802, 54.408167333789756, 54.57599522726273, 54.56826689055538, 54.39833854308352, 54.11693892106486, 53.79548323756603, 53.503872325911516, 53.292391723923096, 53.18393204871095, 53.1754393890875, 53.244030929246165, 53.35399290422405, 53.465314297382335, 53.543683596593745, 53.56936029462275, 53.540150066680944, 53.46914037639901, 53.37689675174004, 53.28548586269681, 53.213505749249535, 53.17275976260821, 53.16577821121279, 53.185847423229795, 53.220180504441274, 53.25459369591454, 53.27820055052751, 53.28504924760672, 53.27453173662233, 53.25063816649912, 53.220664040054565, 53.1927004879797, 53.173087601739574, 53.16471940613524, 53.16674301275593, 53.17578685180297, 53.18738507372307, 53.19721568287107, 53.20192543477449, 53.20036345724909, 53.19356609405176, 53.18403467080507, 53.17457729980755, 53.167505256440535, 53.16403089023137, 53.164208664869115, 53.167242630047944, 53.171181467820034, 53.1744331807573, 53.17587788531198, 53.17521644644921, 53.17272124500193, 53.169546854663324, 53.16638644488748, 53.16412563552314, 53.16329359904155, 53.16360211019241, 53.164844539396924, 53.166022668145814, 53.16688368167872, 53.16710658153629, 53.1665810810208, 53.16545228913616, 53.16422451094693, 53.16323609485882, 53.16266627544594, 53.16258943359898, 53.16288030786756, 53.16331400191859, 53.16365218524053, 53.163756382840724, 53.16359673633219, 53.16318169829457, 53.162715715313055, 53.16226713178476, 53.16198476397833, 53.16189205859082, 53.1619421570406, 53.16204808367119, 53.162127758398626, 53.16212155525663, 53.1620091304572, 53.1618127415275, 53.1615841217503, 53.161378563840096, 53.161230640168924, 53.161145736718254, 53.16110392018979, 53.16106600639691, 53.16116007944071, 53.16102154759382, 53.16091903558706, 53.160718756380014, 53.160606643952065, 53.16043165448568, 53.160309069175604, 53.16018475823712, 53.16008963757992, 53.159996186378386, 53.1599011328348, 53.1598129366672, 53.15969721039439, 53.159564406881735, 53.159388768579966, 53.15924801377932, 53.158988993846414, 53.15885670648606, 53.15871560963932, 53.15867648801624, 53.15852022262649, 53.15829333000172, 53.15809941350935, 53.15775379781046, 53.15712088953508, 53.156660170614416, 53.15628032023869, 53.15575009055048, 53.155555292064165, 53.15535745121197, 53.15512856663093, 53.15470341565228, 53.15414971543237, 53.15357396565618, 53.153185033004824, 53.152607976680656, 53.15228325413456, 53.1516528801206, 53.15120720865102, 53.15058511637393, 53.14990443824279, 53.149133776969805, 53.14849005360861, 53.147556855156836, 53.14698954239756, 53.14619300722395, 53.145442683615286, 53.144654861813976, 53.143647593487685, 53.14271251796198, 53.141712891141054, 53.14066501496102, 53.13967524568245, 53.138558105904295, 53.13724186182685, 53.13589997466776, 53.13451449016179, 53.13299870129458, 53.13178360026224, 53.13007029586683, 53.128342971992986, 53.12662084914711, 53.12465483293543, 53.12258038677864, 53.11865193285247, 53.11155766142487, 53.10908482428226, 53.1070310849544, 53.10428926806955, 53.10080347149632, 53.09663464268705, 53.09253474595781, 53.08843054558908, 53.0837778431146, 53.07902034060515, 53.07353997818668, 53.06793707641379, 53.06232639430534, 53.05596774186951, 53.04830341121616, 53.03917182535842, 53.0270892407272, 53.00998526114838, 52.99558157971776, 52.98031696005568, 52.962172797394345, 52.94420419765777, 52.921908068527664, 52.89834075056853, 52.87114957082169, 52.83883690626069, 52.804444950214624, 52.76244158062366, 52.71639622632256, 52.660506875232535, 52.59793947502687, 52.524474782124386, 52.43944153897635, 52.34094230372268, 52.22298346620509, 52.08016879745279, 51.90345426024403, 51.69888969648762, 51.481911623506306, 51.27161063095275, 51.01789115696667, 50.696842586722724, 50.32335626395893, 49.90734029616399, 49.47455192764396, 48.90747943885024, 48.22818024000914, 47.271496890187336, 46.13615744415588, 44.961925982427005, 46.10608434958282, 43.564445641762134, 41.19263942766213, 39.44883768412169, 39.49800441931109, 37.92410814706856, 35.56401287576814, 36.671392175125916, 35.39232811438292, 31.724239851675016, 36.31571370945476, 32.936783805106614, 30.83015442369119, 32.600860126816315, 25.721879686224664, 29.129308288907225, 24.60219896020418, 26.158902526440965, 26.957578619348325, 22.510523374764702, 27.933002287885024, 27.099334692968352, 22.440803415632853, 31.225650378980834, 26.071676232810457, 25.460378639764674, 25.762925904595104, 20.541375390857116, 24.626873031717135, 20.484285702233226, 25.397549970180048, 20.41461341164436, 22.774291105331905, 20.0668953224786, 21.07317763148989, 21.550342139509688, 19.487202679689542, 22.893307338770132, 20.149985618373115, 19.584008126427783, 22.333007929047024, 19.919883652895162, 18.71528167664012, 22.142934081662528, 21.517945739184857, 17.998667799442195, 23.474975159283833, 25.49459499739662, 18.47071588493966, 30.574633786813717, 29.89691407711739, 27.16652856811896, 26.05750344815727, 19.115364030494547, 23.854190550380746, 21.288072042096005, 21.311741100925737, 20.83152064624088, 20.463082004546727, 21.725121389379122, 18.74379925924954, 21.795530154253576, 18.578590258796027, 20.95303066538928, 18.760003018783372, 20.169610360895582, 18.760944470425592, 19.40255226809582, 19.008300108408523, 18.726385653790846, 18.87231980599184, 18.47728235509888, 18.73703192303646, 18.139361619005957, 18.45524278618408, 18.09409664904367, 18.151024798935907, 17.961017990787177, 17.732119146164916, 17.945252627373897, 17.43846840772701, 17.919971345543328, 17.266330765279505, 17.529750315960797, 17.34238032520021, 17.09086042232918, 17.361991019072487, 17.01763392532321, 17.00869138513982, 17.19573826976058, 16.921001701140437, 16.811996465673868, 16.993060716824367, 17.0196047985645, 16.863930731953914, 16.685149357926417, 16.64029979432257, 16.71722062464262, 16.87837486158412, 17.204270109609183, 17.824029711298458, 18.863431523662573, 19.861157063823143, 19.608460849557137, 16.92059779679581, 17.11452004645742, 18.62788355196569, 16.746125483512348, 17.27870583387432, 18.524312805256837, 16.652273507287045, 17.568600601565116, 18.696144778931465, 16.583520579280627, 18.06999727173606, 18.95643036702447, 16.543634512595027, 19.027907254668147, 19.26694639688828, 16.74511896732924, 20.357027426110818, 18.95670304264506, 17.494730626436628, 20.31887435367873, 17.12024143795887, 18.289321248322242, 17.61372620692661, 16.907614407658407, 17.90070550960496, 16.671661430615483, 18.018062430798217, 16.639336946471598, 17.419209286011103, 16.66190236784145, 17.08954623573277, 16.936823056598076, 16.807964609772743, 17.006977491232632, 16.50215314726057, 16.94646249395785, 16.44264095770741, 16.898927805284696, 16.500406237852157, 16.659235748025765, 16.550682809772816, 16.44370493980572, 16.59445436676812, 16.34699985763085, 16.575445228828634, 16.36196486389084, 16.39843620628547, 16.43088551531036, 16.25809864723706, 16.380634789726834, 16.269492535294468, 16.238250464234376, 16.303320972768166, 16.18197739899653, 16.206732205663442, 16.22684096830267, 16.123369842377194, 16.145485709276855, 16.165049845889065, 16.079158700058436, 16.05727173159749, 16.092349215093773, 16.06530204217395, 15.997343446815892, 15.976939241295167, 15.997932653626492, 16.008211795726183, 15.979450483306271, 15.930471082367982, 15.886949756314127, 15.862599785497839, 15.855100308410334, 15.856141118559668, 15.863162489183393, 15.884248668090997, 15.91740115672979, 15.949735699401206, 15.995670886423776, 15.963244710913003, 15.944320175919579, 15.833961404404645, 15.755498123589142, 15.665880626773273, 15.61443257890138, 15.602163297263358, 15.609713069228654, 15.61478655854348, 15.58466702257022, 15.547895273686844, 15.492798948605843, 15.447845532234327, 15.413410647216516, 15.3887407476065, 15.372709565577816, 15.356763943276366, 15.341393229825016, 15.309769770566906, 15.273204511524959, 15.224949387308357, 15.181862130771037, 15.152297949830778, 15.131651731009388, 15.106992612114013, 15.070388367385863, 15.029531380436895, 14.99251690660227, 14.963165832127958, 14.93573991897046, 14.90341648360494, 14.848752618637812, 14.763928142746357, 14.713794231666041, 14.670692383660242, 14.633512543204995, 14.700619547661976, 14.951088948313085, 15.470386546191193, 16.314227334018877, 16.142897476308043, 15.768492367291342, 14.486378267840795, 14.672033591418188, 15.540764219520836, 14.731638622605384, 14.320174500524207, 14.774267419331663, 14.698474006456273, 14.28212545157818, 14.298489436846129, 14.53281829729799, 14.411704538505004, 14.136798364132671, 14.234569722757195, 14.346993842571953, 14.118649887069674, 14.041886141217654, 14.161337480659885, 14.071910022510131, 13.92049900639165, 13.935397441543767, 13.99729865951566, 13.953610255997365, 13.799321248532667, 13.7365695897759, 13.763346378739849, 13.743917741273467, 13.660890986807873, 13.573581483590116, 13.545398800644408, 13.547507780200002, 13.528122091255101, 13.484589339899598, 13.411725441588175, 13.351886817439482, 13.319591111129771]