Model Setup for Atypical Patient 6:
ITERS=200
LEARNING_RATE=0.001
OPT_RESET=500
ATOL=1e-09
RTOL=1e-07
METHOD=dopri5
Input channels=2
Hidden channels=40
Output channels=2
Runtime=1897.2717080116272Optimizer=Adam (
Parameter Group 0
    amsgrad: False
    betas: (0.9, 0.999)
    capturable: False
    differentiable: False
    eps: 1e-08
    foreach: None
    fused: None
    lr: 0.001
    maximize: False
    weight_decay: 0
)Loss over time=[1028.7768569096368, 899.5857285858638, 781.6675239359777, 674.5491677443003, 577.3465988927022, 489.4976235371121, 410.2509145223295, 339.0709691122987, 275.81496506153667, 221.3719545035364, 174.07653936061178, 133.41336550237958, 99.35321106544941, 71.28682848523647, 48.784860005852515, 31.387699753278163, 18.654380542216572, 10.214585578291148, 5.474845728267048, 4.019677795644075, 5.1568446530322225, 8.04330583656632, 11.961058470254983, 16.41617476733801, 20.640142375972594, 24.007048751789018, 26.12223397266781, 26.858952464718495, 26.31925788654023, 24.754152616249016, 22.486896347461126, 19.839384427458945, 17.08472853866096, 14.423560063303833, 11.981454134925341, 9.81739778147451, 7.945358893889126, 6.35948871113824, 5.048280230571854, 4.002722938941495, 3.220037844374197, 2.699422290102082, 2.434582242729015, 2.406641556982932, 2.5791773998731213, 2.897676777391086, 3.2941511874644442, 3.6858756688569967, 4.004822093921854, 4.2298023744916184, 4.343095227668644, 4.345026220870865, 4.250118165925577, 4.081547539685908, 3.865393628893528, 3.6260118435838433, 3.383058339450015, 3.1504587120194403, 2.9368935243511274, 2.747122160630411, 2.583753107404468, 2.448506373280244, 2.3427723614940597, 2.2675377503949163, 2.2227648857276243, 2.2066883882007895, 2.215432637341706, 2.243011464379428, 2.2819837531736966, 2.324495598522929, 2.3633872624667727, 2.3932341213349955, 2.410929205076339, 2.415730114400486, 2.4088961807450526, 2.3929755297823854, 2.37096439624491, 2.345807642267356, 2.319830266525465, 2.2946380071014123, 2.271282868857119, 2.2504587088077446, 2.2326353818025866, 2.218243911717739, 2.207642239744531, 2.2010295296695626, 2.1983143858668437, 2.199046806026247, 2.2024185944331034, 2.2073716366339236, 2.2127740319670592, 2.217616767929722, 2.2211699562829206, 2.223061704434249, 2.2232765810185984, 2.222052030326767, 2.219774782151759, 2.216856344917717, 2.213646711824574, 2.2104051077133846, 2.2073135322143074, 2.2044881992591914, 2.2020220015442646, 2.200003915660662, 2.198518296865755, 2.1976092690674216, 2.197272613792265, 2.1974341162325968, 2.1979605506570254, 2.1986774016940003, 2.1994237628340203, 2.2000456710257987, 2.200450341426993, 2.2006152315333294, 2.2005366904307815, 2.200290646798299, 2.1998943728481577, 2.199477808391528, 2.199013694618533, 2.1985662168808555, 2.198147127252701, 2.197774473550198, 2.1974656388257316, 2.197236020601073, 2.1971083641426357, 2.197052824751569, 2.1970827415629754, 2.1971655987965266, 2.1972829900438335, 2.1973867185288736, 2.1974699768990953, 2.1975093359153406, 2.1975180936478744, 2.197489322553682, 2.1974325216140973, 2.197366965330061, 2.1972910377239283, 2.1972169141604, 2.197142412955186, 2.1970748900519443, 2.1970103899356244, 2.1969731773641743, 2.1969262646836847, 2.196926981868837, 2.1969186468157447, 2.196931579189338, 2.1969422515358756, 2.1969520345454137, 2.1969597430971244, 2.1969578369994247, 2.196951451099999, 2.19693951109161, 2.1969243981506676, 2.1968985020904714, 2.196886338071645, 2.1968664052710474, 2.1968480149263123, 2.1968324445905694, 2.196813140763385, 2.196791841370293, 2.196789865846341, 2.196765291290173, 2.196843821318639, 2.1968415255193405, 2.196743695947293, 2.1967496657635226, 2.1967484070614134, 2.1967393454085355, 2.1967275997992393, 2.1967166271538745, 2.1967090132157816, 2.1966967315561186, 2.196770884790921, 2.196727055008449, 2.196716956771287, 2.196646548004993, 2.1966359836707556, 2.196632031387256, 2.196619497860907, 2.1966077784320976, 2.1965933929176793, 2.196569779827962, 2.1965752218960213, 2.196569389659476, 2.1965587160374755, 2.196530088988697, 2.196533030947294, 2.196514453820222, 2.1965068315468366, 2.1965038028708666, 2.196489028372161, 2.1964765753026696, 2.196459841723488, 2.196447469422818, 2.196441904877903, 2.196422758100158, 2.196407844454928, 2.1964036816898873, 2.1963861440367567, 2.196384073305949]